42 57 59 61 65 73 77
42 57 59 61 65 73 75 76
42 57 59 61 65 71 72 77
42 57 59 61 65 71 72 75 76
42 57 59 61 63 64 73 77
42 57 59 61 63 64 73 75 76
42 57 59 61 63 64 71 72 77
42 57 59 61 63 64 71 72 75 76
42 57 59 60 61 65 73 77
42 57 59 60 61 65 73 75 76
42 57 59 60 61 65 71 72 77
42 57 59 60 61 65 71 72 75 76
42 57 59 60 61 63 64 73 77
42 57 59 60 61 63 64 73 75 76
42 57 59 60 61 63 64 71 72 77
42 57 59 60 61 63 64 71 72 75 76
42 50 57 59 61 65 73
42 50 57 59 61 65 71 72
42 50 57 59 61 63 64 73
42 50 57 59 61 63 64 71 72
42 50 57 59 60 61 65 73
42 50 57 59 60 61 65 71 72
42 50 57 59 60 61 63 64 73
42 50 57 59 60 61 63 64 71 72
42 46 57 59 61 65 77
42 46 57 59 61 65 75 76
42 46 57 59 61 63 64 77
42 46 57 59 61 63 64 75 76
42 46 57 59 60 61 65 77
42 46 57 59 60 61 65 75 76
42 46 57 59 60 61 63 64 77
42 46 57 59 60 61 63 64 75 76
42 46 50 57 59 61 65
42 46 50 57 59 61 63 64
42 46 50 57 59 60 61 65
42 46 50 57 59 60 61 63 64
40 41 57 59 61 65 73 77
40 41 57 59 61 65 73 75 76
40 41 57 59 61 65 71 72 77
40 41 57 59 61 65 71 72 75 76
40 41 57 59 61 63 64 73 77
40 41 57 59 61 63 64 73 75 76
40 41 57 59 61 63 64 71 72 77
40 41 57 59 61 63 64 71 72 75 76
40 41 57 59 60 61 65 73 77
40 41 57 59 60 61 65 73 75 76
40 41 57 59 60 61 65 71 72 77
40 41 57 59 60 61 65 71 72 75 76
40 41 57 59 60 61 63 64 73 77
40 41 57 59 60 61 63 64 73 75 76
40 41 57 59 60 61 63 64 71 72 77
40 41 57 59 60 61 63 64 71 72 75 76
40 41 50 57 59 61 65 73
40 41 50 57 59 61 65 71 72
40 41 50 57 59 61 63 64 73
40 41 50 57 59 61 63 64 71 72
40 41 50 57 59 60 61 65 73
40 41 50 57 59 60 61 65 71 72
40 41 50 57 59 60 61 63 64 73
40 41 50 57 59 60 61 63 64 71 72
40 41 46 57 59 61 65 77
40 41 46 57 59 61 65 75 76
40 41 46 57 59 61 63 64 77
40 41 46 57 59 61 63 64 75 76
40 41 46 57 59 60 61 65 77
40 41 46 57 59 60 61 65 75 76
40 41 46 57 59 60 61 63 64 77
40 41 46 57 59 60 61 63 64 75 76
40 41 46 50 57 59 61 65
40 41 46 50 57 59 61 63 64
40 41 46 50 57 59 60 61 65
40 41 46 50 57 59 60 61 63 64
38 42 57 59 61 73 77
38 42 57 59 61 73 75 76
38 42 57 59 61 71 72 77
38 42 57 59 61 71 72 75 76
38 42 57 59 60 61 73 77
38 42 57 59 60 61 73 75 76
38 42 57 59 60 61 71 72 77
38 42 57 59 60 61 71 72 75 76
38 42 50 57 59 61 73
38 42 50 57 59 61 71 72
38 42 50 57 59 60 61 73
38 42 50 57 59 60 61 71 72
38 42 46 57 59 61 77
38 42 46 57 59 61 75 76
38 42 46 57 59 60 61 77
38 42 46 57 59 60 61 75 76
38 42 46 50 57 59 61
38 42 46 50 57 59 60 61
38 40 41 57 59 61 73 77
38 40 41 57 59 61 73 75 76
38 40 41 57 59 61 71 72 77
38 40 41 57 59 61 71 72 75 76
38 40 41 57 59 60 61 73 77
38 40 41 57 59 60 61 73 75 76
38 40 41 57 59 60 61 71 72 77
38 40 41 57 59 60 61 71 72 75 76
38 40 41 50 57 59 61 73
38 40 41 50 57 59 61 71 72
38 40 41 50 57 59 60 61 73
38 40 41 50 57 59 60 61 71 72
38 40 41 46 57 59 61 77
38 40 41 46 57 59 61 75 76
38 40 41 46 57 59 60 61 77
38 40 41 46 57 59 60 61 75 76
38 40 41 46 50 57 59 61
38 40 41 46 50 57 59 60 61
34 42 57 59 61 65 73 77
34 42 57 59 61 65 73 75 76
34 42 57 59 61 65 71 72 77
34 42 57 59 61 65 71 72 75 76
34 42 57 59 61 63 64 73 77
34 42 57 59 61 63 64 73 75 76
34 42 57 59 61 63 64 71 72 77
34 42 57 59 61 63 64 71 72 75 76
34 42 50 57 59 61 65 73
34 42 50 57 59 61 65 71 72
34 42 50 57 59 61 63 64 73
34 42 50 57 59 61 63 64 71 72
34 42 46 57 59 61 65 77
34 42 46 57 59 61 65 75 76
34 42 46 57 59 61 63 64 77
34 42 46 57 59 61 63 64 75 76
34 42 46 50 57 59 61 65
34 42 46 50 57 59 61 63 64
34 40 41 57 59 61 65 73 77
34 40 41 57 59 61 65 73 75 76
34 40 41 57 59 61 65 71 72 77
34 40 41 57 59 61 65 71 72 75 76
34 40 41 57 59 61 63 64 73 77
34 40 41 57 59 61 63 64 73 75 76
34 40 41 57 59 61 63 64 71 72 77
34 40 41 57 59 61 63 64 71 72 75 76
34 40 41 50 57 59 61 65 73
34 40 41 50 57 59 61 65 71 72
34 40 41 50 57 59 61 63 64 73
34 40 41 50 57 59 61 63 64 71 72
34 40 41 46 57 59 61 65 77
34 40 41 46 57 59 61 65 75 76
34 40 41 46 57 59 61 63 64 77
34 40 41 46 57 59 61 63 64 75 76
34 40 41 46 50 57 59 61 65
34 40 41 46 50 57 59 61 63 64
34 38 42 57 59 61 73 77
34 38 42 57 59 61 73 75 76
34 38 42 57 59 61 71 72 77
34 38 42 57 59 61 71 72 75 76
34 38 42 50 57 59 61 73
34 38 42 50 57 59 61 71 72
34 38 42 46 57 59 61 77
34 38 42 46 57 59 61 75 76
34 38 42 46 50 57 59 61
34 38 40 41 57 59 61 73 77
34 38 40 41 57 59 61 73 75 76
34 38 40 41 57 59 61 71 72 77
34 38 40 41 57 59 61 71 72 75 76
34 38 40 41 50 57 59 61 73
34 38 40 41 50 57 59 61 71 72
34 38 40 41 46 57 59 61 77
34 38 40 41 46 57 59 61 75 76
34 38 40 41 46 50 57 59 61
15 57 59 61 65 73 77
15 57 59 61 65 73 75 76
15 57 59 61 65 71 72 77
15 57 59 61 65 71 72 75 76
15 57 59 61 63 64 73 77
15 57 59 61 63 64 73 75 76
15 57 59 61 63 64 71 72 77
15 57 59 61 63 64 71 72 75 76
15 57 59 60 61 65 73 77
15 57 59 60 61 65 73 75 76
15 57 59 60 61 65 71 72 77
15 57 59 60 61 65 71 72 75 76
15 57 59 60 61 63 64 73 77
15 57 59 60 61 63 64 73 75 76
15 57 59 60 61 63 64 71 72 77
15 57 59 60 61 63 64 71 72 75 76
15 50 57 59 61 65 73
15 50 57 59 61 65 71 72
15 50 57 59 61 63 64 73
15 50 57 59 61 63 64 71 72
15 50 57 59 60 61 65 73
15 50 57 59 60 61 65 71 72
15 50 57 59 60 61 63 64 73
15 50 57 59 60 61 63 64 71 72
15 46 57 59 61 65 77
15 46 57 59 61 65 75 76
15 46 57 59 61 63 64 77
15 46 57 59 61 63 64 75 76
15 46 57 59 60 61 65 77
15 46 57 59 60 61 65 75 76
15 46 57 59 60 61 63 64 77
15 46 57 59 60 61 63 64 75 76
15 46 50 57 59 61 65
15 46 50 57 59 61 63 64
15 46 50 57 59 60 61 65
15 46 50 57 59 60 61 63 64
15 38 57 59 61 73 77
15 38 57 59 61 73 75 76
15 38 57 59 61 71 72 77
15 38 57 59 61 71 72 75 76
15 38 57 59 60 61 73 77
15 38 57 59 60 61 73 75 76
15 38 57 59 60 61 71 72 77
15 38 57 59 60 61 71 72 75 76
15 38 50 57 59 61 73
15 38 50 57 59 61 71 72
15 38 50 57 59 60 61 73
15 38 50 57 59 60 61 71 72
15 38 46 57 59 61 77
15 38 46 57 59 61 75 76
15 38 46 57 59 60 61 77
15 38 46 57 59 60 61 75 76
15 38 46 50 57 59 61
15 38 46 50 57 59 60 61
15 34 57 59 61 65 73 77
15 34 57 59 61 65 73 75 76
15 34 57 59 61 65 71 72 77
15 34 57 59 61 65 71 72 75 76
15 34 57 59 61 63 64 73 77
15 34 57 59 61 63 64 73 75 76
15 34 57 59 61 63 64 71 72 77
15 34 57 59 61 63 64 71 72 75 76
15 34 50 57 59 61 65 73
15 34 50 57 59 61 65 71 72
15 34 50 57 59 61 63 64 73
15 34 50 57 59 61 63 64 71 72
15 34 46 57 59 61 65 77
15 34 46 57 59 61 65 75 76
15 34 46 57 59 61 63 64 77
15 34 46 57 59 61 63 64 75 76
15 34 46 50 57 59 61 65
15 34 46 50 57 59 61 63 64
15 34 38 57 59 61 73 77
15 34 38 57 59 61 73 75 76
15 34 38 57 59 61 71 72 77
15 34 38 57 59 61 71 72 75 76
15 34 38 50 57 59 61 73
15 34 38 50 57 59 61 71 72
15 34 38 46 57 59 61 77
15 34 38 46 57 59 61 75 76
15 34 38 46 50 57 59 61
68 71
68 69 70
59 68
44 68
34 78 79
34 68
34 59 68
34 53
32 68 71
32 68 69 70
32 59 68
32 44 68
59 61 65 73
59 61 65 71 72
59 61 63 64 73
59 61 63 64 71 72
46 59 61 65
46 59 61 63 64
42 59 61 78 79
42 59 61 77 78
42 59 61 76 77
42 59 61 75 76 78
42 59 61 75 76 77
42 53 59 61
42 51 59 61 77
42 51 59 61 75 76
42 50 59 61 78
42 50 59 61 76 77
42 50 51 59 61
40 41 59 61 78 79
40 41 59 61 77 78
40 41 59 61 76 77
40 41 59 61 75 76 78
40 41 59 61 75 76 77
40 41 53 59 61
40 41 51 59 61 77
40 41 51 59 61 75 76
40 41 50 59 61 78
40 41 50 59 61 76 77
40 41 50 51 59 61
38 59 61 73
38 59 61 71 72
38 46 59 61
15 59 61 78 79
15 59 61 77 78
15 59 61 76 77
15 59 61 75 76 78
15 59 61 75 76 77
15 53 59 61
15 51 59 61 77
15 51 59 61 75 76
15 50 59 61 78
15 50 59 61 76 77
15 50 51 59 61
42 57 59 61 65 73 78
42 57 59 61 65 73 76 77
42 57 59 61 65 71 72 78
42 57 59 61 65 71 72 76 77
42 57 59 61 63 64 73 78
42 57 59 61 63 64 73 76 77
42 57 59 61 63 64 71 72 78
42 57 59 61 63 64 71 72 76 77
42 51 57 59 61 65 73
42 51 57 59 61 65 71 72
42 51 57 59 61 63 64 73
42 51 57 59 61 63 64 71 72
42 46 57 59 61 65 78
42 46 57 59 61 65 76 77
42 46 57 59 61 63 64 78
42 46 57 59 61 63 64 76 77
42 46 51 57 59 61 65
42 46 51 57 59 61 63 64
40 41 57 59 61 65 73 78
40 41 57 59 61 65 73 76 77
40 41 57 59 61 65 71 72 78
40 41 57 59 61 65 71 72 76 77
40 41 57 59 61 63 64 73 78
40 41 57 59 61 63 64 73 76 77
40 41 57 59 61 63 64 71 72 78
40 41 57 59 61 63 64 71 72 76 77
40 41 51 57 59 61 65 73
40 41 51 57 59 61 65 71 72
40 41 51 57 59 61 63 64 73
40 41 51 57 59 61 63 64 71 72
40 41 46 57 59 61 65 78
40 41 46 57 59 61 65 76 77
40 41 46 57 59 61 63 64 78
40 41 46 57 59 61 63 64 76 77
40 41 46 51 57 59 61 65
40 41 46 51 57 59 61 63 64
38 42 57 59 61 73 78
38 42 57 59 61 73 76 77
38 42 57 59 61 71 72 78
38 42 57 59 61 71 72 76 77
38 42 51 57 59 61 73
38 42 51 57 59 61 71 72
38 42 46 57 59 61 78
38 42 46 57 59 61 76 77
38 42 46 51 57 59 61
38 40 41 57 59 61 73 78
38 40 41 57 59 61 73 76 77
38 40 41 57 59 61 71 72 78
38 40 41 57 59 61 71 72 76 77
38 40 41 51 57 59 61 73
38 40 41 51 57 59 61 71 72
38 40 41 46 57 59 61 78
38 40 41 46 57 59 61 76 77
38 40 41 46 51 57 59 61
15 57 59 61 65 73 78
15 57 59 61 65 73 76 77
15 57 59 61 65 71 72 78
15 57 59 61 65 71 72 76 77
15 57 59 61 63 64 73 78
15 57 59 61 63 64 73 76 77
15 57 59 61 63 64 71 72 78
15 57 59 61 63 64 71 72 76 77
15 51 57 59 61 65 73
15 51 57 59 61 65 71 72
15 51 57 59 61 63 64 73
15 51 57 59 61 63 64 71 72
15 46 57 59 61 65 78
15 46 57 59 61 65 76 77
15 46 57 59 61 63 64 78
15 46 57 59 61 63 64 76 77
15 46 51 57 59 61 65
15 46 51 57 59 61 63 64
15 38 57 59 61 73 78
15 38 57 59 61 73 76 77
15 38 57 59 61 71 72 78
15 38 57 59 61 71 72 76 77
15 38 51 57 59 61 73
15 38 51 57 59 61 71 72
15 38 46 57 59 61 78
15 38 46 57 59 61 76 77
15 38 46 51 57 59 61
42 59 61
40 41 59 61
15 59 61
42 59 73
42 59 71 72
42 46 59
40 41 59 73
40 41 59 71 72
40 41 46 59
15 59 73
15 59 71 72
15 46 59
44 57 59 61 73 77
44 57 59 61 73 75 76
44 57 59 61 71 72 77
44 57 59 61 71 72 75 76
44 57 59 60 73 77
44 57 59 60 73 75 76
44 57 59 60 71 72 77
44 57 59 60 71 72 75 76
44 50 57 59 61 73
44 50 57 59 61 71 72
44 50 57 59 60 73
44 50 57 59 60 71 72
44 46 57 59 61 77
44 46 57 59 61 75 76
44 46 57 59 60 77
44 46 57 59 60 75 76
44 46 50 57 59 61
44 46 50 57 59 60
42 43 57 59 61 73 77
42 43 57 59 61 73 75 76
42 43 57 59 61 71 72 77
42 43 57 59 61 71 72 75 76
42 43 57 59 60 73 77
42 43 57 59 60 73 75 76
42 43 57 59 60 71 72 77
42 43 57 59 60 71 72 75 76
42 43 50 57 59 61 73
42 43 50 57 59 61 71 72
42 43 50 57 59 60 73
42 43 50 57 59 60 71 72
42 43 46 57 59 61 77
42 43 46 57 59 61 75 76
42 43 46 57 59 60 77
42 43 46 57 59 60 75 76
42 43 46 50 57 59 61
42 43 46 50 57 59 60
34 44 57 59 73 77
34 44 57 59 73 75 76
34 44 57 59 71 72 77
34 44 57 59 71 72 75 76
34 44 50 57 59 73
34 44 50 57 59 71 72
34 44 46 57 59 77
34 44 46 57 59 75 76
34 44 46 50 57 59
34 42 43 57 59 73 77
34 42 43 57 59 73 75 76
34 42 43 57 59 71 72 77
34 42 43 57 59 71 72 75 76
34 42 43 50 57 59 73
34 42 43 50 57 59 71 72
34 42 43 46 57 59 77
34 42 43 46 57 59 75 76
34 42 43 46 50 57 59
17 57 59 61 73 77
17 57 59 61 73 75 76
17 57 59 61 71 72 77
17 57 59 61 71 72 75 76
17 57 59 60 73 77
17 57 59 60 73 75 76
17 57 59 60 71 72 77
17 57 59 60 71 72 75 76
17 50 57 59 61 73
17 50 57 59 61 71 72
17 50 57 59 60 73
17 50 57 59 60 71 72
17 46 57 59 61 77
17 46 57 59 61 75 76
17 46 57 59 60 77
17 46 57 59 60 75 76
17 46 50 57 59 61
17 46 50 57 59 60
17 34 57 59 73 77
17 34 57 59 73 75 76
17 34 57 59 71 72 77
17 34 57 59 71 72 75 76
17 34 50 57 59 73
17 34 50 57 59 71 72
17 34 46 57 59 77
17 34 46 57 59 75 76
17 34 46 50 57 59
70
69 79
69 77 78
69 73
69 71 72
68
68 69
67
67 68 79
67 68 77 78
67 68 73
67 68 71 72
66 67 69
66 67 68
65 69
65 67 68
65 66
61 71
61 69 79
61 69 77 78
61 69 70
61 67 68 79
61 67 68 77 78
61 65 69
61 65 67 68
59 69
59 67 68
55
54 61 68
53 54
52 69
52 67 68
52 61
52 61 69
52 61 67 68
51 69
51 67 68
49 50 69
49 50 67 68
46 69
46 67 68
44 61
43
43 61
42 79
42 77 78
42 73
42 71 72
42 66 67
42 65
42 61 79
42 61 77 78
42 61 65
42 59
42 52
42 52 61
42 51
42 49 50
42 46
41 69
41 67 68
41 42
40
38
36 69
36 67 68
36 61 71
36 61 69 70
36 44 61
36 42
35
35 69
35 67 68
35 42
28
24 69
24 67 68
24 42
21 69
21 67 68
21 61 69
21 61 67 68
21 42
21 42 61
20 61 69
20 61 67 68
20 42 61
10
10 69
10 67 68
10 61
10 42
8 9 61
7
1
1 61
1 35 69
1 35 67 68
1 35 42
1 20 69
1 20 67 68
1 20 42
0 61 68
42 57 59 73
42 57 59 71 72
42 46 57 59
40 41 57 59 73
40 41 57 59 71 72
40 41 46 57 59
15 57 59 73
15 57 59 71 72
15 46 57 59
44 59 63 73 78
44 59 63 73 76 77
44 59 63 71 72 78
44 59 63 71 72 76 77
44 59 61 73 78
44 59 61 73 76 77
44 59 61 71 72 78
44 59 61 71 72 76 77
44 51 59 63 73
44 51 59 63 71 72
44 51 59 61 73
44 51 59 61 71 72
44 46 59 63 78
44 46 59 63 76 77
44 46 59 61 78
44 46 59 61 76 77
44 46 51 59 63
44 46 51 59 61
42 43 59 63 73 78
42 43 59 63 73 76 77
42 43 59 63 71 72 78
42 43 59 63 71 72 76 77
42 43 59 61 73 78
42 43 59 61 73 76 77
42 43 59 61 71 72 78
42 43 59 61 71 72 76 77
42 43 51 59 63 73
42 43 51 59 63 71 72
42 43 51 59 61 73
42 43 51 59 61 71 72
42 43 46 59 63 78
42 43 46 59 63 76 77
42 43 46 59 61 78
42 43 46 59 61 76 77
42 43 46 51 59 63
42 43 46 51 59 61
17 59 63 73 78
17 59 63 73 76 77
17 59 63 71 72 78
17 59 63 71 72 76 77
17 59 61 73 78
17 59 61 73 76 77
17 59 61 71 72 78
17 59 61 71 72 76 77
17 51 59 63 73
17 51 59 63 71 72
17 51 59 61 73
17 51 59 61 71 72
17 46 59 63 78
17 46 59 63 76 77
17 46 59 61 78
17 46 59 61 76 77
17 46 51 59 63
17 46 51 59 61
57 59 61 73 77
57 59 61 73 75 76
57 59 61 71 72 77
57 59 61 71 72 75 76
57 59 60 73 77
57 59 60 73 75 76
57 59 60 71 72 77
57 59 60 71 72 75 76
50 57 59 61 73
50 57 59 61 71 72
50 57 59 60 73
50 57 59 60 71 72
46 57 59 61 77
46 57 59 61 75 76
46 57 59 60 77
46 57 59 60 75 76
46 50 57 59 61
46 50 57 59 60
34 57 59 73 77
34 57 59 73 75 76
34 57 59 71 72 77
34 57 59 71 72 75 76
34 50 57 59 73
34 50 57 59 71 72
34 46 57 59 77
34 46 57 59 75 76
34 46 50 57 59
69 71
69 70
67 68 71
67 68 69 70
44 69
44 67 68
42 71
42 69 70
42 44
36
36 71
36 69 70
36 44
34 73
34 71 72
34 69
34 69 78 79
34 68 73
34 68 71 72
34 68 69 73
34 68 69 71 72
34 67 68
34 67 68 78 79
34 67 68 73
34 67 68 71 72
34 53 69
34 53 67 68
34 46
34 46 68
34 46 68 69
34 46 67 68
34 42
34 42 78 79
34 42 68 73
34 42 68 71 72
34 42 53
34 42 46 68
25 34
22 61
20 69
20 67 68
20 42
20 36 61
20 34
10 34
1 69
1 67
1 67 68
1 65 66
1 42
1 40
1 34
42 57 59 65 73
42 57 59 65 71 72
42 57 59 63 64 73
42 57 59 63 64 71 72
42 46 57 59 65
42 46 57 59 63 64
40 41 57 59 65 73
40 41 57 59 65 71 72
40 41 57 59 63 64 73
40 41 57 59 63 64 71 72
40 41 46 57 59 65
40 41 46 57 59 63 64
38 42 57 59 73
38 42 57 59 71 72
38 42 46 57 59
38 40 41 57 59 73
38 40 41 57 59 71 72
38 40 41 46 57 59
15 57 59 65 73
15 57 59 65 71 72
15 57 59 63 64 73
15 57 59 63 64 71 72
15 46 57 59 65
15 46 57 59 63 64
15 38 57 59 73
15 38 57 59 71 72
15 38 46 57 59
42 57 59 61 73
42 57 59 61 71 72
42 57 59 60 61 73
42 57 59 60 61 71 72
42 46 57 59 61
42 46 57 59 60 61
40 41 57 59 61 73
40 41 57 59 61 71 72
40 41 57 59 60 61 73
40 41 57 59 60 61 71 72
40 41 46 57 59 61
40 41 46 57 59 60 61
34 42 57 59 61 73
34 42 57 59 61 71 72
34 42 46 57 59 61
34 40 41 57 59 61 73
34 40 41 57 59 61 71 72
34 40 41 46 57 59 61
15 57 59 61 73
15 57 59 61 71 72
15 57 59 60 61 73
15 57 59 60 61 71 72
15 46 57 59 61
15 46 57 59 60 61
15 34 57 59 61 73
15 34 57 59 61 71 72
15 34 46 57 59 61
42 61 73
42 61 71 72
42 60 61 73
42 60 61 71 72
42 59 63 73
42 59 63 71 72
42 46 61
42 46 60 61
42 46 59 63
40 41 61 73
40 41 61 71 72
40 41 60 61 73
40 41 60 61 71 72
40 41 59 63 73
40 41 59 63 71 72
40 41 46 61
40 41 46 60 61
40 41 46 59 63
18 42 61 73
18 42 61 71 72
18 42 46 61
18 40 41 61 73
18 40 41 61 71 72
18 40 41 46 61
16 17 42 61 73
16 17 42 61 71 72
16 17 42 46 61
16 17 40 41 61 73
16 17 40 41 61 71 72
16 17 40 41 46 61
15 61 73
15 61 71 72
15 60 61 73
15 60 61 71 72
15 59 63 73
15 59 63 71 72
15 46 61
15 46 60 61
15 46 59 63
15 18 61 73
15 18 61 71 72
15 18 46 61
15 16 17 61 73
15 16 17 61 71 72
15 16 17 46 61
