61 69
61 67 68
42 61
59 69 73
59 69 71 72
59 67 68 73
59 67 68 71 72
59 63 69 73
59 63 69 71 72
59 63 67 68 73
59 63 67 68 71 72
46 59 69
46 59 67 68
46 59 63 69
46 59 63 67 68
42 59 73
42 59 71 72
42 59 63 73
42 59 63 71 72
42 46 59
42 46 59 63
4 59 69 73
4 59 69 71 72
4 59 67 68 73
4 59 67 68 71 72
4 46 59 69
4 46 59 67 68
4 42 59 73
4 42 59 71 72
4 42 46 59
69
69 78 79
68
68 69
67 68
67 68 78 79
65 66 68
61
53 69
53 67 68
42
42 78 79
42 68
42 53
40 68
36 78 79
36 69
36 67 68
36 53
36 42
10
1
1 78 79
1 53
