69 78 79
69 71
69 70
68
68 71
68 69
68 69 78 79
68 69 70
67 68 71
67 68 69 70
66 67
65 66 68
63 69
63 67 68
61
61 67
61 65 66
61 62 69
61 62 67 68
59
59 78 79
59 69 78 79
59 69 71
59 69 70
59 68 69 78 79
59 67
59 67 78 79
59 67 68 71
59 67 68 69 70
59 65 66
59 65 66 78 79
59 61 69
59 61 67
59 61 67 68
59 61 65 66
56
55
55 68
55 68 69
55 67 68
55 61
55 61 69
55 61 67 68
55 59 69
55 59 67 68
54 69
54 67 68
54 55
54 55 68
54 55 68 69
54 55 67 68
53
53 69
53 68 69
53 59
53 59 69
53 59 68 69
53 59 67
53 59 65 66
53 54 59 69
53 54 59 67 68
52 55
52 55 69
52 55 67 68
52 53 69
52 53 67 68
51 52
47
44
44 69
44 68
44 67 68
44 59 69
44 59 67 68
43 55
43 55 69
43 55 67 68
42 78 79
42 71
42 69 70
42 68
42 68 78 79
42 63
42 61 62
42 59 78 79
42 59 71
42 59 69 70
42 59 68 78 79
42 59 61
42 57 59
42 55 68
42 55 61
42 55 59
42 54
42 54 55 68
42 53
42 53 68
42 53 59
42 53 59 68
42 53 54 59
42 52 55
42 52 53
42 48 57 59
42 46 47 57 59
42 44
42 44 59
42 43
42 43 55
41
40 68
40 61
40 59
40 59 78 79
40 59 61
40 53 59
40 41 57 59
40 41 48 57 59
40 41 46 47 57 59
38
38 61 69
38 61 67 68
38 42 61
36
36 78 79
36 71
36 69
36 69 78 79
36 69 70
36 68 78 79
36 68 69 78 79
36 67 78 79
36 67 68
36 65 66 78 79
36 61
36 59
36 59 69 78 79
36 59 67 78 79
36 59 67 68 78 79
36 59 65 66 78 79
36 55 78 79
36 55 69 78 79
36 55 67 68 78 79
36 53
36 53 69
36 53 68
36 53 68 69
36 53 67
36 53 65 66
36 53 59 69
36 53 59 67
36 53 59 67 68
36 53 59 65 66
36 53 55
36 53 55 69
36 53 55 67 68
36 44
36 42
36 42 78 79
36 42 68 78 79
36 42 59 78 79
36 42 55 78 79
36 42 53
36 42 53 68
36 42 53 59
36 42 53 55
36 40 78 79
36 40 59 78 79
36 40 53
36 40 53 59
34 69
34 69 73
34 69 71 72
34 68 73
34 68 71 72
34 67 78 79
34 67 68
34 67 68 73
34 67 68 71 72
34 65 66 78 79
34 55 68 69
34 55 67 68
34 53 67
34 53 65 66
34 46 69
34 46 68
34 46 67 68
34 42
34 42 73
34 42 71 72
34 42 55 68
34 42 46
34 40 78 79
34 40 53
28 59 69
28 59 67 68
28 42 59
27 69
27 67 68
27 42
25 69
25 67 68
25 42
22
22 69
22 68
22 67
22 67 68
22 65 66
22 42
22 40
22 36 69
22 36 67 68
22 36 42
21 42 57 59
21 40 41 57 59
20 68 71
20 68 69
20 68 69 70
20 67
20 67 68
20 65 66
20 61
20 44 68
20 42 68
20 40
20 36
20 36 69
20 36 67 68
20 36 42
20 34 69
20 34 67 68
20 34 42
17
15 57 59
15 48 57 59
15 46 47 57 59
15 21 57 59
10
10 69
10 67 68
10 59 69
10 59 69 71
10 59 69 70
10 59 67 68
10 59 67 68 71
10 59 67 68 69 70
10 55
10 55 69
10 55 67 68
10 44 59 69
10 44 59 67 68
10 42
10 42 59
10 42 59 71
10 42 59 69 70
10 42 55
10 42 44 59
9 55
8
8 78 79
8 53
8 36 78 79
8 36 53
8 9 55
8 9 55 69
8 9 55 67 68
8 9 42 55
1 78 79
1 69 78 79
1 67
1 67 68 78 79
1 65 66
1 61
1 55
1 55 69
1 55 67 68
1 55 59 69
1 55 59 67 68
1 54 68 69
1 54 67 68
1 53
1 53 69
1 53 67 68
1 52 69
1 52 67 68
1 43 69
1 43 67 68
1 42 78 79
1 42 55
1 42 55 59
1 42 54 68
1 42 53
1 42 52
1 42 43
1 40
1 20
1 10 69
1 10 67 68
1 10 42
1 8 9 69
1 8 9 67 68
1 8 9 42
0 55 68
0 55 68 69
0 55 67 68
0 42 55 68
0 1 68 69
0 1 67 68
0 1 42 68
