42 57 73
42 57 71 72
42 57 59 73
42 57 59 73 78
42 57 59 73 76 77
42 57 59 71 72
42 57 59 71 72 78
42 57 59 71 72 76 77
42 57 59 60 73 78
42 57 59 60 73 76 77
42 57 59 60 71 72 78
42 57 59 60 71 72 76 77
42 57 58 59 73 78
42 57 58 59 73 76 77
42 57 58 59 71 72 78
42 57 58 59 71 72 76 77
42 51 57 59 73
42 51 57 59 71 72
42 51 57 59 60 73
42 51 57 59 60 71 72
42 51 57 58 59 73
42 51 57 58 59 71 72
42 46 57
42 46 57 59
42 46 57 59 78
42 46 57 59 76 77
42 46 57 59 60 78
42 46 57 59 60 76 77
42 46 57 58 59 78
42 46 57 58 59 76 77
42 46 51 57 59
42 46 51 57 59 60
42 46 51 57 58 59
40 41 57 73
40 41 57 71 72
40 41 57 59 73
40 41 57 59 73 78
40 41 57 59 73 76 77
40 41 57 59 71 72
40 41 57 59 71 72 78
40 41 57 59 71 72 76 77
40 41 57 59 60 73 78
40 41 57 59 60 73 76 77
40 41 57 59 60 71 72 78
40 41 57 59 60 71 72 76 77
40 41 57 58 59 73 78
40 41 57 58 59 73 76 77
40 41 57 58 59 71 72 78
40 41 57 58 59 71 72 76 77
40 41 51 57 59 73
40 41 51 57 59 71 72
40 41 51 57 59 60 73
40 41 51 57 59 60 71 72
40 41 51 57 58 59 73
40 41 51 57 58 59 71 72
40 41 46 57
40 41 46 57 59
40 41 46 57 59 78
40 41 46 57 59 76 77
40 41 46 57 59 60 78
40 41 46 57 59 60 76 77
40 41 46 57 58 59 78
40 41 46 57 58 59 76 77
40 41 46 51 57 59
40 41 46 51 57 59 60
40 41 46 51 57 58 59
33 42 57 59 73 78
33 42 57 59 73 76 77
33 42 57 59 71 72 78
33 42 57 59 71 72 76 77
33 42 51 57 59 73
33 42 51 57 59 71 72
33 42 46 57 59 78
33 42 46 57 59 76 77
33 42 46 51 57 59
33 40 41 57 59 73 78
33 40 41 57 59 73 76 77
33 40 41 57 59 71 72 78
33 40 41 57 59 71 72 76 77
33 40 41 51 57 59 73
33 40 41 51 57 59 71 72
33 40 41 46 57 59 78
33 40 41 46 57 59 76 77
33 40 41 46 51 57 59
15 57 73
15 57 71 72
15 57 59 73
15 57 59 73 78
15 57 59 73 76 77
15 57 59 71 72
15 57 59 71 72 78
15 57 59 71 72 76 77
15 57 59 60 73 78
15 57 59 60 73 76 77
15 57 59 60 71 72 78
15 57 59 60 71 72 76 77
15 57 58 59 73 78
15 57 58 59 73 76 77
15 57 58 59 71 72 78
15 57 58 59 71 72 76 77
15 51 57 59 73
15 51 57 59 71 72
15 51 57 59 60 73
15 51 57 59 60 71 72
15 51 57 58 59 73
15 51 57 58 59 71 72
15 46 57
15 46 57 59
15 46 57 59 78
15 46 57 59 76 77
15 46 57 59 60 78
15 46 57 59 60 76 77
15 46 57 58 59 78
15 46 57 58 59 76 77
15 46 51 57 59
15 46 51 57 59 60
15 46 51 57 58 59
15 33 57 59 73 78
15 33 57 59 73 76 77
15 33 57 59 71 72 78
15 33 57 59 71 72 76 77
15 33 51 57 59 73
15 33 51 57 59 71 72
15 33 46 57 59 78
15 33 46 57 59 76 77
15 33 46 51 57 59
69
67 68
61 69
61 69 79
61 69 77 78
61 67 68
61 67 68 79
61 67 68 77 78
61 65 69
61 65 67 68
59 69
59 67 68
53 54 61 69
53 54 61 67 68
52 61 69
52 61 67 68
46 61 69
46 61 67 68
44 45 61 69
44 45 61 67 68
42
42 61
42 61 79
42 61 77 78
42 61 65
42 59
42 53 54 61
42 52 61
42 46 61
42 44 45 61
37 61 69
37 61 67 68
37 42 61
36
36 69
36 67 68
36 61 69
36 61 67 68
36 42
36 42 61
35 36 61 69
35 36 61 67 68
35 36 42 61
28 61 69
28 61 67 68
28 42 61
19 61 69
19 61 67 68
19 42 61
10 61 69
10 61 67 68
10 42 61
7 61 69
7 61 67 68
7 42 61
1 61 69
1 61 67 68
1 42 61
68 71
68 69 70
57
55 56
44 68
34
34 69 78 79
34 68
34 67
34 67 68 78 79
34 65 66
34 53 69
34 53 67 68
34 42 78 79
34 42 53
34 40
30
1 69
1 67
1 67 68
1 65 66
1 42
1 40
42 59 73
42 59 71 72
42 46 59
40 41 59 73
40 41 59 71 72
40 41 46 59
15 59 73
15 59 71 72
15 46 59
53
53 67
53 65 66
51 52
51 52 67
51 52 65 66
44
44 67
44 65 66
42 43
42 43 67
42 43 65 66
40 53
40 51 52
40 44
40 42 43
26
26 67
26 65 66
26 40
20 53
20 53 69
20 53 67 68
20 51 52
20 51 52 69
20 51 52 67 68
20 44
20 44 69
20 44 67 68
20 42 53
20 42 51 52
20 42 44
20 42 43 69
20 42 43 67 68
20 26
20 26 69
20 26 67 68
20 26 42
17
17 67
17 65 66
17 40
17 20
17 20 69
17 20 67 68
17 20 42
