78 79
73 78 79
71 72 78 79
69
69 73 78 79
69 71 72 78 79
68 78 79
68 69
68 69 73 78 79
68 69 71 72 78 79
67 71 78 79
67 69
67 69 70 78 79
66 67
65
65 78 79
65 69 78 79
65 68 69 78 79
65 66 71 78 79
65 66 69
65 66 69 70 78 79
65 66 68
65 66 67
65 66 67 68
63
63 64 68 69 78 79
63 64 67 68 78 79
61 69 78 79
61 68
61 68 78 79
61 68 73 78 79
61 68 71 78 79
61 68 71 72 78 79
61 68 69
61 67
61 67 73
61 67 71 72
61 67 68
61 67 68 70 78 79
61 67 68 69 78 79
61 65 66
61 65 66 73
61 65 66 71 72
61 62
59 73 77 78
59 73 76 77
59 73 75 78
59 73 75 76 78
59 73 74 78
59 73 74 76 77
59 71 72 77 78
59 71 72 76 77
59 71 72 75 78
59 71 72 75 76 78
59 71 72 73 74 78
59 71 72 73 74 76 77
59 69 78 79
59 69 71
59 69 70
59 67 68 78 79
59 67 68 71
59 67 68 69 70
59 61
57 59 73
57 59 73 78 79
57 59 73 75
57 59 73 75 78
57 59 73 75 78 79
57 59 73 75 76 77
57 59 73 74
57 59 73 74 78
57 59 73 74 78 79
57 59 73 74 76 77
57 59 71 72
57 59 71 72 78 79
57 59 71 72 75
57 59 71 72 75 78
57 59 71 72 75 78 79
57 59 71 72 75 76 77
57 59 71 72 73 74
57 59 71 72 73 74 78
57 59 71 72 73 74 78 79
57 59 71 72 73 74 76 77
57 58 78 79
57 58 69 78 79
57 58 67 68 78 79
56 68 69 78 79
56 67 68 78 79
56 57 59 73 78
56 57 59 73 76 77
56 57 59 71 72 78
56 57 59 71 72 76 77
55
55 73 78 79
55 71 72 78 79
55 59 69
55 59 67 68
54 68
54 68 69 78 79
54 67 68
54 67 68 78 79
54 65 66 68
54 61 68 78 79
54 55 68 69 78 79
54 55 67 68 78 79
54 55 61 68 78 79
53
53 73
53 71 72
53 69 73
53 69 71 72
53 68
53 68 69 73
53 68 69 71 72
53 67 71
53 67 69 70
53 65
53 65 69
53 65 68 69
53 65 66 71
53 65 66 69 70
53 63 64 68 69
53 63 64 67 68
53 61 69
53 61 68
53 61 68 73
53 61 68 71
53 61 68 71 72
53 61 67 68 70
53 61 67 68 69
53 59 69
53 59 67 68
53 57 59 73
53 57 59 73 75
53 57 59 73 74
53 57 59 71 72
53 57 59 71 72 75
53 57 59 71 72 73 74
53 57 58
53 57 58 69
53 57 58 67 68
53 56 68 69
53 56 67 68
53 55 73
53 55 71 72
53 54 69
53 54 68 69
53 54 67
53 54 67 78 79
53 54 65 66
53 54 65 66 78 79
53 54 61 68
53 54 59 69
53 54 59 67 68
53 54 55 68 69
53 54 55 67 68
53 54 55 61 68
52
52 69 78 79
52 67
52 67 68 78 79
52 65 66
52 61 78 79
52 59
52 53 69
52 53 67 68
52 53 61
51 59 73 77
51 59 73 75
51 59 73 75 76
51 59 73 74
51 59 71 72 77
51 59 71 72 75
51 59 71 72 75 76
51 59 71 72 73 74
51 57 59 73 75
51 57 59 73 74
51 57 59 71 72 75
51 57 59 71 72 73 74
51 56 57 59 73
51 56 57 59 71 72
50 59 73 78
50 59 73 76 77
50 59 71 72 78
50 59 71 72 76 77
50 51 59 73
50 51 59 71 72
48 59 73 78
48 59 73 76 77
48 59 71 72 78
48 59 71 72 76 77
48 57 59 73
48 57 59 73 78
48 57 59 73 76 77
48 57 59 73 75 78
48 57 59 73 75 78 79
48 57 59 73 75 76 77
48 57 59 73 74 78
48 57 59 73 74 78 79
48 57 59 73 74 76 77
48 57 59 71 72
48 57 59 71 72 78
48 57 59 71 72 76 77
48 57 59 71 72 75 78
48 57 59 71 72 75 78 79
48 57 59 71 72 75 76 77
48 57 59 71 72 73 74 78
48 57 59 71 72 73 74 78 79
48 57 59 71 72 73 74 76 77
48 53 57 59 73 75
48 53 57 59 73 74
48 53 57 59 71 72 75
48 53 57 59 71 72 73 74
48 51 59 73
48 51 59 71 72
48 51 57 59 73
48 51 57 59 73 75
48 51 57 59 73 74
48 51 57 59 71 72
48 51 57 59 71 72 75
48 51 57 59 71 72 73 74
46 78 79
46 69 78 79
46 68 69 78 79
46 67 78 79
46 65 66 78 79
46 61 68 78 79
46 61 67
46 61 65 66
46 59 77 78
46 59 76 77
46 59 75 78
46 59 75 76 78
46 59 73 74 78
46 59 73 74 76 77
46 57 59
46 57 59 78 79
46 57 59 75
46 57 59 75 78
46 57 59 75 78 79
46 57 59 75 76 77
46 57 59 73 74
46 57 59 73 74 78
46 57 59 73 74 78 79
46 57 59 73 74 76 77
46 56 57 59 78
46 56 57 59 76 77
46 55 78 79
46 53
46 53 69
46 53 68 69
46 53 67
46 53 65 66
46 53 61 68
46 53 57 59
46 53 57 59 75
46 53 57 59 73 74
46 53 55
46 51 59 77
46 51 59 75
46 51 59 75 76
46 51 59 73 74
46 51 57 59 75
46 51 57 59 73 74
46 51 56 57 59
46 50 59 78
46 50 59 76 77
46 50 51 59
46 48 59 78
46 48 59 76 77
46 48 57 59
46 48 57 59 78
46 48 57 59 76 77
46 48 57 59 75 78
46 48 57 59 75 78 79
46 48 57 59 75 76 77
46 48 57 59 73 74 78
46 48 57 59 73 74 78 79
46 48 57 59 73 74 76 77
46 48 53 57 59 75
46 48 53 57 59 73 74
46 48 51 59
46 48 51 57 59
46 48 51 57 59 75
46 48 51 57 59 73 74
46 47 57 59 78
46 47 57 59 76 77
46 47 57 59 75 78
46 47 57 59 75 78 79
46 47 57 59 75 76 77
46 47 57 59 73 78
46 47 57 59 73 76 77
46 47 57 59 73 75 78
46 47 57 59 73 75 78 79
46 47 57 59 73 75 76 77
46 47 57 59 71 72 78
46 47 57 59 71 72 76 77
46 47 57 59 71 72 75 78
46 47 57 59 71 72 75 78 79
46 47 57 59 71 72 75 76 77
46 47 57 59 71 72 73 74 78
46 47 57 59 71 72 73 74 78 79
46 47 57 59 71 72 73 74 76 77
46 47 53 57 59 75
46 47 53 57 59 73 75
46 47 53 57 59 71 72 75
46 47 53 57 59 71 72 73 74
46 47 51 57 59
46 47 51 57 59 75
46 47 51 57 59 73
46 47 51 57 59 73 75
46 47 51 57 59 71 72
46 47 51 57 59 71 72 75
46 47 51 57 59 71 72 73 74
46 47 48 57 59 78
46 47 48 57 59 78 79
46 47 48 57 59 76 77
46 47 48 57 59 73 78
46 47 48 57 59 73 78 79
46 47 48 57 59 73 76 77
46 47 48 57 59 71 72 78
46 47 48 57 59 71 72 78 79
46 47 48 57 59 71 72 76 77
46 47 48 53 57 59
46 47 48 53 57 59 73
46 47 48 53 57 59 71 72
46 47 48 51 57 59
46 47 48 51 57 59 73
46 47 48 51 57 59 71 72
44 67 78 79
44 65 66 78 79
44 61 68 78 79
44 59 73 78
44 59 73 76 77
44 59 71 72 78
44 59 71 72 76 77
44 59 69
44 59 67 68
44 59 61 73 77
44 59 61 73 75 76
44 59 61 71 72 77
44 59 61 71 72 75 76
44 57 59 73
44 57 59 71 72
44 57 59 60 73
44 57 59 60 71 72
44 57 58 59 73
44 57 58 59 71 72
44 53 67
44 53 65 66
44 53 61 68
44 51 59 73
44 51 59 71 72
44 50 59 61 73
44 50 59 61 71 72
44 48 57 59 73
44 48 57 59 71 72
44 46 59 78
44 46 59 76 77
44 46 59 61 77
44 46 59 61 75 76
44 46 57 59
44 46 57 59 60
44 46 57 58 59
44 46 51 59
44 46 50 59 61
44 46 48 57 59
44 46 47 57 59
44 46 47 57 59 73
44 46 47 57 59 71 72
44 45 69
44 45 67 78 79
44 45 67 68
44 45 65 66 78 79
44 45 53 67
44 45 53 65 66
43
43 69 78 79
43 67
43 67 68 78 79
43 65 66
43 61 78 79
43 61 68 69 78 79
43 61 67 68 78 79
43 59
43 53 69
43 53 67 68
43 53 61
43 53 61 68 69
43 53 61 67 68
42
42 73 78 79
42 71 72 78 79
42 68
42 68 73 78 79
42 68 71 72 78 79
42 67
42 65 78 79
42 65 68 78 79
42 65 66
42 63 64 68 78 79
42 61 78 79
42 61 68
42 61 68 78 79
42 61 68 70 78 79
42 61 68 69 78 79
42 59 78 79
42 59 73 78
42 59 73 77 78
42 59 73 75 76 78
42 59 73 75 76 77
42 59 71
42 59 71 72 78
42 59 71 72 77 78
42 59 71 72 75 76 78
42 59 71 72 75 76 77
42 59 69 70
42 59 61 73
42 59 61 71 72
42 57 61 73
42 57 61 71 72
42 57 59 73
42 57 59 73 78
42 57 59 73 76 77
42 57 59 71 72
42 57 59 71 72 78
42 57 59 71 72 76 77
42 57 58 78 79
42 56 68 78 79
42 55 59
42 54 68 78 79
42 54 55 68 78 79
42 53 73
42 53 71 72
42 53 68 73
42 53 68 71 72
42 53 65
42 53 65 68
42 53 63 64 68
42 53 61
42 53 61 68
42 53 61 68 70
42 53 61 68 69
42 53 59
42 53 57 58
42 53 56 68
42 53 54
42 53 54 68
42 53 54 59
42 53 54 55 68
42 52 78 79
42 52 53
42 51 59 73
42 51 59 73 77
42 51 59 73 75 76
42 51 59 71 72
42 51 59 71 72 77
42 51 59 71 72 75 76
42 51 57 59 73
42 51 57 59 71 72
42 50 59 73 78
42 50 59 73 76 77
42 50 59 71 72 78
42 50 59 71 72 76 77
42 50 51 59 73
42 50 51 59 71 72
42 48 57 59 73 78
42 48 57 59 73 76 77
42 48 57 59 73 75 78
42 48 57 59 73 75 76 77
42 48 57 59 73 74 78
42 48 57 59 73 74 76 77
42 48 57 59 71 72 78
42 48 57 59 71 72 76 77
42 48 57 59 71 72 75 78
42 48 57 59 71 72 75 76 77
42 48 57 59 71 72 73 74 78
42 48 57 59 71 72 73 74 76 77
42 48 51 57 59 73
42 48 51 57 59 73 75
42 48 51 57 59 73 74
42 48 51 57 59 71 72
42 48 51 57 59 71 72 75
42 48 51 57 59 71 72 73 74
42 46 78 79
42 46 68 78 79
42 46 59 78
42 46 59 77 78
42 46 59 75 76 78
42 46 59 75 76 77
42 46 59 61
42 46 57 61
42 46 57 59
42 46 57 59 78
42 46 57 59 76 77
42 46 53
42 46 53 68
42 46 51 59
42 46 51 59 77
42 46 51 59 75 76
42 46 51 57 59
42 46 50 59 78
42 46 50 59 76 77
42 46 50 51 59
42 46 48 57 59 78
42 46 48 57 59 76 77
42 46 48 57 59 75 78
42 46 48 57 59 75 76 77
42 46 48 57 59 73 74 78
42 46 48 57 59 73 74 76 77
42 46 48 51 57 59
42 46 48 51 57 59 75
42 46 48 51 57 59 73 74
42 46 47 57 59 75 78
42 46 47 57 59 75 76 77
42 46 47 57 59 73 75 78
42 46 47 57 59 73 75 76 77
42 46 47 57 59 71 72 75 78
42 46 47 57 59 71 72 75 76 77
42 46 47 57 59 71 72 73 74 78
42 46 47 57 59 71 72 73 74 76 77
42 46 47 51 57 59 75
42 46 47 51 57 59 73 75
42 46 47 51 57 59 71 72 75
42 46 47 51 57 59 71 72 73 74
42 46 47 48 57 59 78
42 46 47 48 57 59 76 77
42 46 47 48 57 59 73 78
42 46 47 48 57 59 73 76 77
42 46 47 48 57 59 71 72 78
42 46 47 48 57 59 71 72 76 77
42 46 47 48 51 57 59
42 46 47 48 51 57 59 73
42 46 47 48 51 57 59 71 72
42 44 59
42 44 45
42 43 78 79
42 43 61 68 78 79
42 43 59 73 78
42 43 59 73 76 77
42 43 59 71 72 78
42 43 59 71 72 76 77
42 43 59 61 73 77
42 43 59 61 73 75 76
42 43 59 61 71 72 77
42 43 59 61 71 72 75 76
42 43 57 59 73
42 43 57 59 71 72
42 43 57 59 60 73
42 43 57 59 60 71 72
42 43 57 58 59 73
42 43 57 58 59 71 72
42 43 53
42 43 53 61 68
42 43 51 59 73
42 43 51 59 71 72
42 43 50 59 61 73
42 43 50 59 61 71 72
42 43 48 57 59 73
42 43 48 57 59 71 72
42 43 46 59 78
42 43 46 59 76 77
42 43 46 59 61 77
42 43 46 59 61 75 76
42 43 46 57 59
42 43 46 57 59 60
42 43 46 57 58 59
42 43 46 51 59
42 43 46 50 59 61
42 43 46 48 57 59
42 43 46 47 57 59
42 43 46 47 57 59 73
42 43 46 47 57 59 71 72
41 67
41 65 66
41 42 48 57 59 73 75 78
41 42 48 57 59 73 75 76 77
41 42 48 57 59 73 74 78
41 42 48 57 59 73 74 76 77
41 42 48 57 59 71 72 75 78
41 42 48 57 59 71 72 75 76 77
41 42 48 57 59 71 72 73 74 78
41 42 48 57 59 71 72 73 74 76 77
41 42 48 51 57 59 73 75
41 42 48 51 57 59 73 74
41 42 48 51 57 59 71 72 75
41 42 48 51 57 59 71 72 73 74
41 42 46 48 57 59 75 78
41 42 46 48 57 59 75 76 77
41 42 46 48 57 59 73 74 78
41 42 46 48 57 59 73 74 76 77
41 42 46 48 51 57 59 75
41 42 46 48 51 57 59 73 74
41 42 46 47 57 59 78
41 42 46 47 57 59 76 77
41 42 46 47 57 59 75 78
41 42 46 47 57 59 75 76 77
41 42 46 47 57 59 73 78
41 42 46 47 57 59 73 76 77
41 42 46 47 57 59 73 75 78
41 42 46 47 57 59 73 75 76 77
41 42 46 47 57 59 71 72 78
41 42 46 47 57 59 71 72 76 77
41 42 46 47 57 59 71 72 75 78
41 42 46 47 57 59 71 72 75 76 77
41 42 46 47 57 59 71 72 73 74 78
41 42 46 47 57 59 71 72 73 74 76 77
41 42 46 47 51 57 59
41 42 46 47 51 57 59 75
41 42 46 47 51 57 59 73
41 42 46 47 51 57 59 73 75
41 42 46 47 51 57 59 71 72
41 42 46 47 51 57 59 71 72 75
41 42 46 47 51 57 59 71 72 73 74
41 42 46 47 48 57 59 78
41 42 46 47 48 57 59 76 77
41 42 46 47 48 57 59 73 78
41 42 46 47 48 57 59 73 76 77
41 42 46 47 48 57 59 71 72 78
41 42 46 47 48 57 59 71 72 76 77
41 42 46 47 48 51 57 59
41 42 46 47 48 51 57 59 73
41 42 46 47 48 51 57 59 71 72
40 71 78 79
40 69
40 69 70 78 79
40 68
40 67 68
40 66 67
40 61
40 61 73
40 61 71 72
40 54 68
40 53 71
40 53 69 70
40 53 54
40 53 54 78 79
40 52
40 46 78 79
40 46 61
40 46 53
40 44 78 79
40 44 53
40 44 45 78 79
40 44 45 53
40 43
40 42
40 41
40 41 59 73 78
40 41 59 73 77 78
40 41 59 73 75 76 78
40 41 59 73 75 76 77
40 41 59 71 72 78
40 41 59 71 72 77 78
40 41 59 71 72 75 76 78
40 41 59 71 72 75 76 77
40 41 59 61 73
40 41 59 61 71 72
40 41 57 61 73
40 41 57 61 71 72
40 41 57 59 73
40 41 57 59 73 78
40 41 57 59 73 76 77
40 41 57 59 71 72
40 41 57 59 71 72 78
40 41 57 59 71 72 76 77
40 41 51 59 73
40 41 51 59 73 77
40 41 51 59 73 75 76
40 41 51 59 71 72
40 41 51 59 71 72 77
40 41 51 59 71 72 75 76
40 41 51 57 59 73
40 41 51 57 59 71 72
40 41 50 59 73 78
40 41 50 59 73 76 77
40 41 50 59 71 72 78
40 41 50 59 71 72 76 77
40 41 50 51 59 73
40 41 50 51 59 71 72
40 41 48 57 59 73 78
40 41 48 57 59 73 76 77
40 41 48 57 59 71 72 78
40 41 48 57 59 71 72 76 77
40 41 48 51 57 59 73
40 41 48 51 57 59 71 72
40 41 46 59 78
40 41 46 59 77 78
40 41 46 59 75 76 78
40 41 46 59 75 76 77
40 41 46 59 61
40 41 46 57 61
40 41 46 57 59
40 41 46 57 59 78
40 41 46 57 59 76 77
40 41 46 51 59
40 41 46 51 59 77
40 41 46 51 59 75 76
40 41 46 51 57 59
40 41 46 50 59 78
40 41 46 50 59 76 77
40 41 46 50 51 59
40 41 46 48 57 59 78
40 41 46 48 57 59 76 77
40 41 46 48 51 57 59
40 41 46 47 57 59 78
40 41 46 47 57 59 76 77
40 41 46 47 57 59 73 78
40 41 46 47 57 59 73 76 77
40 41 46 47 57 59 71 72 78
40 41 46 47 57 59 71 72 76 77
40 41 46 47 51 57 59
40 41 46 47 51 57 59 73
40 41 46 47 51 57 59 71 72
39 40 42 48 57 59 73 75 78
39 40 42 48 57 59 73 75 76 77
39 40 42 48 57 59 73 74 78
39 40 42 48 57 59 73 74 76 77
39 40 42 48 57 59 71 72 75 78
39 40 42 48 57 59 71 72 75 76 77
39 40 42 48 57 59 71 72 73 74 78
39 40 42 48 57 59 71 72 73 74 76 77
39 40 42 48 51 57 59 73 75
39 40 42 48 51 57 59 73 74
39 40 42 48 51 57 59 71 72 75
39 40 42 48 51 57 59 71 72 73 74
39 40 42 46 48 57 59 75 78
39 40 42 46 48 57 59 75 76 77
39 40 42 46 48 57 59 73 74 78
39 40 42 46 48 57 59 73 74 76 77
39 40 42 46 48 51 57 59 75
39 40 42 46 48 51 57 59 73 74
39 40 42 46 47 57 59 78
39 40 42 46 47 57 59 76 77
39 40 42 46 47 57 59 75 78
39 40 42 46 47 57 59 75 76 77
39 40 42 46 47 57 59 73 78
39 40 42 46 47 57 59 73 76 77
39 40 42 46 47 57 59 73 75 78
39 40 42 46 47 57 59 73 75 76 77
39 40 42 46 47 57 59 71 72 78
39 40 42 46 47 57 59 71 72 76 77
39 40 42 46 47 57 59 71 72 75 78
39 40 42 46 47 57 59 71 72 75 76 77
39 40 42 46 47 57 59 71 72 73 74 78
39 40 42 46 47 57 59 71 72 73 74 76 77
39 40 42 46 47 51 57 59
39 40 42 46 47 51 57 59 75
39 40 42 46 47 51 57 59 73
39 40 42 46 47 51 57 59 73 75
39 40 42 46 47 51 57 59 71 72
39 40 42 46 47 51 57 59 71 72 75
39 40 42 46 47 51 57 59 71 72 73 74
39 40 42 46 47 48 57 59 78
39 40 42 46 47 48 57 59 76 77
39 40 42 46 47 48 57 59 73 78
39 40 42 46 47 48 57 59 73 76 77
39 40 42 46 47 48 57 59 71 72 78
39 40 42 46 47 48 57 59 71 72 76 77
39 40 42 46 47 48 51 57 59
39 40 42 46 47 48 51 57 59 73
39 40 42 46 47 48 51 57 59 71 72
39 40 41 48 57 59 73 75 78
39 40 41 48 57 59 73 75 76 77
39 40 41 48 57 59 73 74 78
39 40 41 48 57 59 73 74 76 77
39 40 41 48 57 59 71 72 75 78
39 40 41 48 57 59 71 72 75 76 77
39 40 41 48 57 59 71 72 73 74 78
39 40 41 48 57 59 71 72 73 74 76 77
39 40 41 48 51 57 59 73 75
39 40 41 48 51 57 59 73 74
39 40 41 48 51 57 59 71 72 75
39 40 41 48 51 57 59 71 72 73 74
39 40 41 46 48 57 59 75 78
39 40 41 46 48 57 59 75 76 77
39 40 41 46 48 57 59 73 74 78
39 40 41 46 48 57 59 73 74 76 77
39 40 41 46 48 51 57 59 75
39 40 41 46 48 51 57 59 73 74
39 40 41 46 47 57 59 78
39 40 41 46 47 57 59 76 77
39 40 41 46 47 57 59 75 78
39 40 41 46 47 57 59 75 76 77
39 40 41 46 47 57 59 73 78
39 40 41 46 47 57 59 73 76 77
39 40 41 46 47 57 59 73 75 78
39 40 41 46 47 57 59 73 75 76 77
39 40 41 46 47 57 59 71 72 78
39 40 41 46 47 57 59 71 72 76 77
39 40 41 46 47 57 59 71 72 75 78
39 40 41 46 47 57 59 71 72 75 76 77
39 40 41 46 47 57 59 71 72 73 74 78
39 40 41 46 47 57 59 71 72 73 74 76 77
39 40 41 46 47 51 57 59
39 40 41 46 47 51 57 59 75
39 40 41 46 47 51 57 59 73
39 40 41 46 47 51 57 59 73 75
39 40 41 46 47 51 57 59 71 72
39 40 41 46 47 51 57 59 71 72 75
39 40 41 46 47 51 57 59 71 72 73 74
39 40 41 46 47 48 57 59 78
39 40 41 46 47 48 57 59 76 77
39 40 41 46 47 48 57 59 73 78
39 40 41 46 47 48 57 59 73 76 77
39 40 41 46 47 48 57 59 71 72 78
39 40 41 46 47 48 57 59 71 72 76 77
39 40 41 46 47 48 51 57 59
39 40 41 46 47 48 51 57 59 73
39 40 41 46 47 48 51 57 59 71 72
38 68 78 79
38 68 69 78 79
38 67 78 79
38 67 68 78 79
38 65 66 78 79
38 53 68
38 53 68 69
38 53 67
38 53 67 68
38 53 65 66
38 42 68 78 79
38 42 53 68
38 40 78 79
38 40 53
37 69
37 67 78 79
37 67 68
37 65 66 78 79
37 53 67
37 53 65 66
37 42
37 40 78 79
37 40 53
36 69
36 68 69
36 68 69 73 78 79
36 68 69 71 72 78 79
36 67
36 67 68 73 78 79
36 67 68 71 72 78 79
36 65 66
36 61 68 73 78 79
36 61 68 71 72 78 79
36 53 68 69 73
36 53 68 69 71 72
36 53 67 68 73
36 53 67 68 71 72
36 53 61 68 73
36 53 61 68 71 72
36 46 68 69 78 79
36 46 67 68 78 79
36 46 61 68 78 79
36 46 53 68 69
36 46 53 67 68
36 46 53 61 68
36 42
36 42 68
36 42 68 73 78 79
36 42 68 71 72 78 79
36 42 53 68 73
36 42 53 68 71 72
36 42 46 68 78 79
36 42 46 53 68
36 40
35
35 69
35 67 78 79
35 67 68
35 65 66 78 79
35 53 67
35 53 65 66
35 42
35 40 78 79
35 40 53
35 36 69
35 36 67 78 79
35 36 67 68
35 36 65 66 78 79
35 36 53 67
35 36 53 65 66
35 36 42
35 36 40 78 79
35 36 40 53
33 44 57 59 73
33 44 57 59 71 72
33 44 46 57 59
33 42 43 57 59 73
33 42 43 57 59 71 72
33 42 43 46 57 59
32 78 79
32 69 78 79
32 67 68 78 79
32 53
32 53 69
32 53 67 68
32 42 78 79
32 42 53
31 48 57 59 73 78
31 48 57 59 73 76 77
31 48 57 59 71 72 78
31 48 57 59 71 72 76 77
31 48 51 57 59 73
31 48 51 57 59 71 72
31 46 48 57 59 78
31 46 48 57 59 76 77
31 46 48 51 57 59
31 46 47 57 59 78
31 46 47 57 59 76 77
31 46 47 57 59 73 78
31 46 47 57 59 73 76 77
31 46 47 57 59 71 72 78
31 46 47 57 59 71 72 76 77
31 46 47 51 57 59
31 46 47 51 57 59 73
31 46 47 51 57 59 71 72
29 68 69 78 79
29 67 68 78 79
29 61 68 78 79
29 59 73 78
29 59 73 76 77
29 59 71 72 78
29 59 71 72 76 77
29 53 68 69
29 53 67 68
29 53 61 68
29 51 59 73
29 51 59 71 72
29 48 57 59 73 75 78
29 48 57 59 73 75 76 77
29 48 57 59 73 74 78
29 48 57 59 73 74 76 77
29 48 57 59 71 72 75 78
29 48 57 59 71 72 75 76 77
29 48 57 59 71 72 73 74 78
29 48 57 59 71 72 73 74 76 77
29 48 51 57 59 73 75
29 48 51 57 59 73 74
29 48 51 57 59 71 72 75
29 48 51 57 59 71 72 73 74
29 46 59 78
29 46 59 76 77
29 46 51 59
29 46 48 57 59 75 78
29 46 48 57 59 75 76 77
29 46 48 57 59 73 74 78
29 46 48 57 59 73 74 76 77
29 46 48 51 57 59 75
29 46 48 51 57 59 73 74
29 46 47 57 59 78
29 46 47 57 59 76 77
29 46 47 57 59 75 78
29 46 47 57 59 75 76 77
29 46 47 57 59 73 78
29 46 47 57 59 73 76 77
29 46 47 57 59 73 75 78
29 46 47 57 59 73 75 76 77
29 46 47 57 59 71 72 78
29 46 47 57 59 71 72 76 77
29 46 47 57 59 71 72 75 78
29 46 47 57 59 71 72 75 76 77
29 46 47 57 59 71 72 73 74 78
29 46 47 57 59 71 72 73 74 76 77
29 46 47 51 57 59
29 46 47 51 57 59 75
29 46 47 51 57 59 73
29 46 47 51 57 59 73 75
29 46 47 51 57 59 71 72
29 46 47 51 57 59 71 72 75
29 46 47 51 57 59 71 72 73 74
29 46 47 48 57 59 78
29 46 47 48 57 59 76 77
29 46 47 48 57 59 73 78
29 46 47 48 57 59 73 76 77
29 46 47 48 57 59 71 72 78
29 46 47 48 57 59 71 72 76 77
29 46 47 48 51 57 59
29 46 47 48 51 57 59 73
29 46 47 48 51 57 59 71 72
29 42 68 78 79
29 42 53 68
29 30 48 57 59 73 78
29 30 48 57 59 73 76 77
29 30 48 57 59 71 72 78
29 30 48 57 59 71 72 76 77
29 30 48 51 57 59 73
29 30 48 51 57 59 71 72
29 30 46 48 57 59 78
29 30 46 48 57 59 76 77
29 30 46 48 51 57 59
29 30 46 47 57 59 78
29 30 46 47 57 59 76 77
29 30 46 47 57 59 73 78
29 30 46 47 57 59 73 76 77
29 30 46 47 57 59 71 72 78
29 30 46 47 57 59 71 72 76 77
29 30 46 47 51 57 59
29 30 46 47 51 57 59 73
29 30 46 47 51 57 59 71 72
28 69
28 67 78 79
28 67 68
28 65 66 78 79
28 59 69
28 59 67 68
28 53 67
28 53 65 66
28 42
28 42 59
28 42 48 57 59 73 75 78
28 42 48 57 59 73 75 76 77
28 42 48 57 59 73 74 78
28 42 48 57 59 73 74 76 77
28 42 48 57 59 71 72 75 78
28 42 48 57 59 71 72 75 76 77
28 42 48 57 59 71 72 73 74 78
28 42 48 57 59 71 72 73 74 76 77
28 42 48 51 57 59 73 75
28 42 48 51 57 59 73 74
28 42 48 51 57 59 71 72 75
28 42 48 51 57 59 71 72 73 74
28 42 46 48 57 59 75 78
28 42 46 48 57 59 75 76 77
28 42 46 48 57 59 73 74 78
28 42 46 48 57 59 73 74 76 77
28 42 46 48 51 57 59 75
28 42 46 48 51 57 59 73 74
28 42 46 47 57 59 78
28 42 46 47 57 59 76 77
28 42 46 47 57 59 75 78
28 42 46 47 57 59 75 76 77
28 42 46 47 57 59 73 78
28 42 46 47 57 59 73 76 77
28 42 46 47 57 59 73 75 78
28 42 46 47 57 59 73 75 76 77
28 42 46 47 57 59 71 72 78
28 42 46 47 57 59 71 72 76 77
28 42 46 47 57 59 71 72 75 78
28 42 46 47 57 59 71 72 75 76 77
28 42 46 47 57 59 71 72 73 74 78
28 42 46 47 57 59 71 72 73 74 76 77
28 42 46 47 51 57 59
28 42 46 47 51 57 59 75
28 42 46 47 51 57 59 73
28 42 46 47 51 57 59 73 75
28 42 46 47 51 57 59 71 72
28 42 46 47 51 57 59 71 72 75
28 42 46 47 51 57 59 71 72 73 74
28 42 46 47 48 57 59 78
28 42 46 47 48 57 59 76 77
28 42 46 47 48 57 59 73 78
28 42 46 47 48 57 59 73 76 77
28 42 46 47 48 57 59 71 72 78
28 42 46 47 48 57 59 71 72 76 77
28 42 46 47 48 51 57 59
28 42 46 47 48 51 57 59 73
28 42 46 47 48 51 57 59 71 72
28 40 78 79
28 40 53
28 40 41 48 57 59 73 75 78
28 40 41 48 57 59 73 75 76 77
28 40 41 48 57 59 73 74 78
28 40 41 48 57 59 73 74 76 77
28 40 41 48 57 59 71 72 75 78
28 40 41 48 57 59 71 72 75 76 77
28 40 41 48 57 59 71 72 73 74 78
28 40 41 48 57 59 71 72 73 74 76 77
28 40 41 48 51 57 59 73 75
28 40 41 48 51 57 59 73 74
28 40 41 48 51 57 59 71 72 75
28 40 41 48 51 57 59 71 72 73 74
28 40 41 46 48 57 59 75 78
28 40 41 46 48 57 59 75 76 77
28 40 41 46 48 57 59 73 74 78
28 40 41 46 48 57 59 73 74 76 77
28 40 41 46 48 51 57 59 75
28 40 41 46 48 51 57 59 73 74
28 40 41 46 47 57 59 78
28 40 41 46 47 57 59 76 77
28 40 41 46 47 57 59 75 78
28 40 41 46 47 57 59 75 76 77
28 40 41 46 47 57 59 73 78
28 40 41 46 47 57 59 73 76 77
28 40 41 46 47 57 59 73 75 78
28 40 41 46 47 57 59 73 75 76 77
28 40 41 46 47 57 59 71 72 78
28 40 41 46 47 57 59 71 72 76 77
28 40 41 46 47 57 59 71 72 75 78
28 40 41 46 47 57 59 71 72 75 76 77
28 40 41 46 47 57 59 71 72 73 74 78
28 40 41 46 47 57 59 71 72 73 74 76 77
28 40 41 46 47 51 57 59
28 40 41 46 47 51 57 59 75
28 40 41 46 47 51 57 59 73
28 40 41 46 47 51 57 59 73 75
28 40 41 46 47 51 57 59 71 72
28 40 41 46 47 51 57 59 71 72 75
28 40 41 46 47 51 57 59 71 72 73 74
28 40 41 46 47 48 57 59 78
28 40 41 46 47 48 57 59 76 77
28 40 41 46 47 48 57 59 73 78
28 40 41 46 47 48 57 59 73 76 77
28 40 41 46 47 48 57 59 71 72 78
28 40 41 46 47 48 57 59 71 72 76 77
28 40 41 46 47 48 51 57 59
28 40 41 46 47 48 51 57 59 73
28 40 41 46 47 48 51 57 59 71 72
27 69 78 79
27 67 68 78 79
27 53 69
27 53 67 68
27 42 78 79
27 42 53
27 28 59 73 78
27 28 59 73 76 77
27 28 59 71 72 78
27 28 59 71 72 76 77
27 28 51 59 73
27 28 51 59 71 72
27 28 48 57 59 73 75 78
27 28 48 57 59 73 75 76 77
27 28 48 57 59 73 74 78
27 28 48 57 59 73 74 76 77
27 28 48 57 59 71 72 75 78
27 28 48 57 59 71 72 75 76 77
27 28 48 57 59 71 72 73 74 78
27 28 48 57 59 71 72 73 74 76 77
27 28 48 51 57 59 73 75
27 28 48 51 57 59 73 74
27 28 48 51 57 59 71 72 75
27 28 48 51 57 59 71 72 73 74
27 28 46 59 78
27 28 46 59 76 77
27 28 46 51 59
27 28 46 48 57 59 75 78
27 28 46 48 57 59 75 76 77
27 28 46 48 57 59 73 74 78
27 28 46 48 57 59 73 74 76 77
27 28 46 48 51 57 59 75
27 28 46 48 51 57 59 73 74
27 28 46 47 57 59 78
27 28 46 47 57 59 76 77
27 28 46 47 57 59 75 78
27 28 46 47 57 59 75 76 77
27 28 46 47 57 59 73 78
27 28 46 47 57 59 73 76 77
27 28 46 47 57 59 73 75 78
27 28 46 47 57 59 73 75 76 77
27 28 46 47 57 59 71 72 78
27 28 46 47 57 59 71 72 76 77
27 28 46 47 57 59 71 72 75 78
27 28 46 47 57 59 71 72 75 76 77
27 28 46 47 57 59 71 72 73 74 78
27 28 46 47 57 59 71 72 73 74 76 77
27 28 46 47 51 57 59
27 28 46 47 51 57 59 75
27 28 46 47 51 57 59 73
27 28 46 47 51 57 59 73 75
27 28 46 47 51 57 59 71 72
27 28 46 47 51 57 59 71 72 75
27 28 46 47 51 57 59 71 72 73 74
27 28 46 47 48 57 59 78
27 28 46 47 48 57 59 76 77
27 28 46 47 48 57 59 73 78
27 28 46 47 48 57 59 73 76 77
27 28 46 47 48 57 59 71 72 78
27 28 46 47 48 57 59 71 72 76 77
27 28 46 47 48 51 57 59
27 28 46 47 48 51 57 59 73
27 28 46 47 48 51 57 59 71 72
26 57 59 73 78
26 57 59 73 76 77
26 57 59 71 72 78
26 57 59 71 72 76 77
26 51 57 59 73
26 51 57 59 71 72
26 46 57 59 78
26 46 57 59 76 77
26 46 51 57 59
26 27 42 48 57 59 73 75 78
26 27 42 48 57 59 73 75 76 77
26 27 42 48 57 59 73 74 78
26 27 42 48 57 59 73 74 76 77
26 27 42 48 57 59 71 72 75 78
26 27 42 48 57 59 71 72 75 76 77
26 27 42 48 57 59 71 72 73 74 78
26 27 42 48 57 59 71 72 73 74 76 77
26 27 42 48 51 57 59 73 75
26 27 42 48 51 57 59 73 74
26 27 42 48 51 57 59 71 72 75
26 27 42 48 51 57 59 71 72 73 74
26 27 42 46 48 57 59 75 78
26 27 42 46 48 57 59 75 76 77
26 27 42 46 48 57 59 73 74 78
26 27 42 46 48 57 59 73 74 76 77
26 27 42 46 48 51 57 59 75
26 27 42 46 48 51 57 59 73 74
26 27 42 46 47 57 59 78
26 27 42 46 47 57 59 76 77
26 27 42 46 47 57 59 75 78
26 27 42 46 47 57 59 75 76 77
26 27 42 46 47 57 59 73 78
26 27 42 46 47 57 59 73 76 77
26 27 42 46 47 57 59 73 75 78
26 27 42 46 47 57 59 73 75 76 77
26 27 42 46 47 57 59 71 72 78
26 27 42 46 47 57 59 71 72 76 77
26 27 42 46 47 57 59 71 72 75 78
26 27 42 46 47 57 59 71 72 75 76 77
26 27 42 46 47 57 59 71 72 73 74 78
26 27 42 46 47 57 59 71 72 73 74 76 77
26 27 42 46 47 51 57 59
26 27 42 46 47 51 57 59 75
26 27 42 46 47 51 57 59 73
26 27 42 46 47 51 57 59 73 75
26 27 42 46 47 51 57 59 71 72
26 27 42 46 47 51 57 59 71 72 75
26 27 42 46 47 51 57 59 71 72 73 74
26 27 42 46 47 48 57 59 78
26 27 42 46 47 48 57 59 76 77
26 27 42 46 47 48 57 59 73 78
26 27 42 46 47 48 57 59 73 76 77
26 27 42 46 47 48 57 59 71 72 78
26 27 42 46 47 48 57 59 71 72 76 77
26 27 42 46 47 48 51 57 59
26 27 42 46 47 48 51 57 59 73
26 27 42 46 47 48 51 57 59 71 72
26 27 40 41 48 57 59 73 75 78
26 27 40 41 48 57 59 73 75 76 77
26 27 40 41 48 57 59 73 74 78
26 27 40 41 48 57 59 73 74 76 77
26 27 40 41 48 57 59 71 72 75 78
26 27 40 41 48 57 59 71 72 75 76 77
26 27 40 41 48 57 59 71 72 73 74 78
26 27 40 41 48 57 59 71 72 73 74 76 77
26 27 40 41 48 51 57 59 73 75
26 27 40 41 48 51 57 59 73 74
26 27 40 41 48 51 57 59 71 72 75
26 27 40 41 48 51 57 59 71 72 73 74
26 27 40 41 46 48 57 59 75 78
26 27 40 41 46 48 57 59 75 76 77
26 27 40 41 46 48 57 59 73 74 78
26 27 40 41 46 48 57 59 73 74 76 77
26 27 40 41 46 48 51 57 59 75
26 27 40 41 46 48 51 57 59 73 74
26 27 40 41 46 47 57 59 78
26 27 40 41 46 47 57 59 76 77
26 27 40 41 46 47 57 59 75 78
26 27 40 41 46 47 57 59 75 76 77
26 27 40 41 46 47 57 59 73 78
26 27 40 41 46 47 57 59 73 76 77
26 27 40 41 46 47 57 59 73 75 78
26 27 40 41 46 47 57 59 73 75 76 77
26 27 40 41 46 47 57 59 71 72 78
26 27 40 41 46 47 57 59 71 72 76 77
26 27 40 41 46 47 57 59 71 72 75 78
26 27 40 41 46 47 57 59 71 72 75 76 77
26 27 40 41 46 47 57 59 71 72 73 74 78
26 27 40 41 46 47 57 59 71 72 73 74 76 77
26 27 40 41 46 47 51 57 59
26 27 40 41 46 47 51 57 59 75
26 27 40 41 46 47 51 57 59 73
26 27 40 41 46 47 51 57 59 73 75
26 27 40 41 46 47 51 57 59 71 72
26 27 40 41 46 47 51 57 59 71 72 75
26 27 40 41 46 47 51 57 59 71 72 73 74
26 27 40 41 46 47 48 57 59 78
26 27 40 41 46 47 48 57 59 76 77
26 27 40 41 46 47 48 57 59 73 78
26 27 40 41 46 47 48 57 59 73 76 77
26 27 40 41 46 47 48 57 59 71 72 78
26 27 40 41 46 47 48 57 59 71 72 76 77
26 27 40 41 46 47 48 51 57 59
26 27 40 41 46 47 48 51 57 59 73
26 27 40 41 46 47 48 51 57 59 71 72
25
25 69
25 67 68
25 59
25 42
24
22
22 68
21 57 59 73 78
21 57 59 73 76 77
21 57 59 73 75 78
21 57 59 73 75 78 79
21 57 59 73 75 76 77
21 57 59 73 74 78
21 57 59 73 74 78 79
21 57 59 73 74 76 77
21 57 59 71 72 78
21 57 59 71 72 76 77
21 57 59 71 72 75 78
21 57 59 71 72 75 78 79
21 57 59 71 72 75 76 77
21 57 59 71 72 73 74 78
21 57 59 71 72 73 74 78 79
21 57 59 71 72 73 74 76 77
21 53 57 59 73 75
21 53 57 59 73 74
21 53 57 59 71 72 75
21 53 57 59 71 72 73 74
21 51 57 59 73
21 51 57 59 73 75
21 51 57 59 73 74
21 51 57 59 71 72
21 51 57 59 71 72 75
21 51 57 59 71 72 73 74
21 48 57 59 73 78
21 48 57 59 73 78 79
21 48 57 59 73 76 77
21 48 57 59 71 72 78
21 48 57 59 71 72 78 79
21 48 57 59 71 72 76 77
21 48 53 57 59 73
21 48 53 57 59 71 72
21 48 51 57 59 73
21 48 51 57 59 71 72
21 46 57 59 78
21 46 57 59 76 77
21 46 57 59 75 78
21 46 57 59 75 78 79
21 46 57 59 75 76 77
21 46 57 59 73 74 78
21 46 57 59 73 74 78 79
21 46 57 59 73 74 76 77
21 46 53 57 59 75
21 46 53 57 59 73 74
21 46 51 57 59
21 46 51 57 59 75
21 46 51 57 59 73 74
21 46 48 57 59 78
21 46 48 57 59 78 79
21 46 48 57 59 76 77
21 46 48 53 57 59
21 46 48 51 57 59
21 44 57 59 73
21 44 57 59 71 72
21 44 46 57 59
21 42 57 59 73 75 78
21 42 57 59 73 75 76 77
21 42 57 59 73 74 78
21 42 57 59 73 74 76 77
21 42 57 59 71 72 75 78
21 42 57 59 71 72 75 76 77
21 42 57 59 71 72 73 74 78
21 42 57 59 71 72 73 74 76 77
21 42 51 57 59 73 75
21 42 51 57 59 73 74
21 42 51 57 59 71 72 75
21 42 51 57 59 71 72 73 74
21 42 48 57 59 73 78
21 42 48 57 59 73 76 77
21 42 48 57 59 71 72 78
21 42 48 57 59 71 72 76 77
21 42 48 51 57 59 73
21 42 48 51 57 59 71 72
21 42 46 57 59 75 78
21 42 46 57 59 75 76 77
21 42 46 57 59 73 74 78
21 42 46 57 59 73 74 76 77
21 42 46 51 57 59 75
21 42 46 51 57 59 73 74
21 42 46 48 57 59 78
21 42 46 48 57 59 76 77
21 42 46 48 51 57 59
21 42 43 57 59 73
21 42 43 57 59 71 72
21 42 43 46 57 59
21 41 42 57 59 73 78
21 41 42 57 59 73 76 77
21 41 42 57 59 73 75 78
21 41 42 57 59 73 75 76 77
21 41 42 57 59 73 74 78
21 41 42 57 59 73 74 76 77
21 41 42 57 59 71 72 78
21 41 42 57 59 71 72 76 77
21 41 42 57 59 71 72 75 78
21 41 42 57 59 71 72 75 76 77
21 41 42 57 59 71 72 73 74 78
21 41 42 57 59 71 72 73 74 76 77
21 41 42 51 57 59 73
21 41 42 51 57 59 73 75
21 41 42 51 57 59 73 74
21 41 42 51 57 59 71 72
21 41 42 51 57 59 71 72 75
21 41 42 51 57 59 71 72 73 74
21 41 42 48 57 59 73 78
21 41 42 48 57 59 73 76 77
21 41 42 48 57 59 71 72 78
21 41 42 48 57 59 71 72 76 77
21 41 42 48 51 57 59 73
21 41 42 48 51 57 59 71 72
21 41 42 46 57 59 78
21 41 42 46 57 59 76 77
21 41 42 46 57 59 75 78
21 41 42 46 57 59 75 76 77
21 41 42 46 57 59 73 74 78
21 41 42 46 57 59 73 74 76 77
21 41 42 46 51 57 59
21 41 42 46 51 57 59 75
21 41 42 46 51 57 59 73 74
21 41 42 46 48 57 59 78
21 41 42 46 48 57 59 76 77
21 41 42 46 48 51 57 59
21 40 41 57 59 73 78
21 40 41 57 59 73 76 77
21 40 41 57 59 71 72 78
21 40 41 57 59 71 72 76 77
21 40 41 51 57 59 73
21 40 41 51 57 59 71 72
21 40 41 46 57 59 78
21 40 41 46 57 59 76 77
21 40 41 46 51 57 59
21 39 40 42 57 59 73 78
21 39 40 42 57 59 73 76 77
21 39 40 42 57 59 73 75 78
21 39 40 42 57 59 73 75 76 77
21 39 40 42 57 59 73 74 78
21 39 40 42 57 59 73 74 76 77
21 39 40 42 57 59 71 72 78
21 39 40 42 57 59 71 72 76 77
21 39 40 42 57 59 71 72 75 78
21 39 40 42 57 59 71 72 75 76 77
21 39 40 42 57 59 71 72 73 74 78
21 39 40 42 57 59 71 72 73 74 76 77
21 39 40 42 51 57 59 73
21 39 40 42 51 57 59 73 75
21 39 40 42 51 57 59 73 74
21 39 40 42 51 57 59 71 72
21 39 40 42 51 57 59 71 72 75
21 39 40 42 51 57 59 71 72 73 74
21 39 40 42 48 57 59 73 78
21 39 40 42 48 57 59 73 76 77
21 39 40 42 48 57 59 71 72 78
21 39 40 42 48 57 59 71 72 76 77
21 39 40 42 48 51 57 59 73
21 39 40 42 48 51 57 59 71 72
21 39 40 42 46 57 59 78
21 39 40 42 46 57 59 76 77
21 39 40 42 46 57 59 75 78
21 39 40 42 46 57 59 75 76 77
21 39 40 42 46 57 59 73 74 78
21 39 40 42 46 57 59 73 74 76 77
21 39 40 42 46 51 57 59
21 39 40 42 46 51 57 59 75
21 39 40 42 46 51 57 59 73 74
21 39 40 42 46 48 57 59 78
21 39 40 42 46 48 57 59 76 77
21 39 40 42 46 48 51 57 59
21 39 40 41 57 59 73 78
21 39 40 41 57 59 73 76 77
21 39 40 41 57 59 73 75 78
21 39 40 41 57 59 73 75 76 77
21 39 40 41 57 59 73 74 78
21 39 40 41 57 59 73 74 76 77
21 39 40 41 57 59 71 72 78
21 39 40 41 57 59 71 72 76 77
21 39 40 41 57 59 71 72 75 78
21 39 40 41 57 59 71 72 75 76 77
21 39 40 41 57 59 71 72 73 74 78
21 39 40 41 57 59 71 72 73 74 76 77
21 39 40 41 51 57 59 73
21 39 40 41 51 57 59 73 75
21 39 40 41 51 57 59 73 74
21 39 40 41 51 57 59 71 72
21 39 40 41 51 57 59 71 72 75
21 39 40 41 51 57 59 71 72 73 74
21 39 40 41 48 57 59 73 78
21 39 40 41 48 57 59 73 76 77
21 39 40 41 48 57 59 71 72 78
21 39 40 41 48 57 59 71 72 76 77
21 39 40 41 48 51 57 59 73
21 39 40 41 48 51 57 59 71 72
21 39 40 41 46 57 59 78
21 39 40 41 46 57 59 76 77
21 39 40 41 46 57 59 75 78
21 39 40 41 46 57 59 75 76 77
21 39 40 41 46 57 59 73 74 78
21 39 40 41 46 57 59 73 74 76 77
21 39 40 41 46 51 57 59
21 39 40 41 46 51 57 59 75
21 39 40 41 46 51 57 59 73 74
21 39 40 41 46 48 57 59 78
21 39 40 41 46 48 57 59 76 77
21 39 40 41 46 48 51 57 59
21 31 57 59 73 78
21 31 57 59 73 76 77
21 31 57 59 71 72 78
21 31 57 59 71 72 76 77
21 31 51 57 59 73
21 31 51 57 59 71 72
21 31 46 57 59 78
21 31 46 57 59 76 77
21 31 46 51 57 59
21 29 57 59 73 78
21 29 57 59 73 76 77
21 29 57 59 73 75 78
21 29 57 59 73 75 76 77
21 29 57 59 73 74 78
21 29 57 59 73 74 76 77
21 29 57 59 71 72 78
21 29 57 59 71 72 76 77
21 29 57 59 71 72 75 78
21 29 57 59 71 72 75 76 77
21 29 57 59 71 72 73 74 78
21 29 57 59 71 72 73 74 76 77
21 29 51 57 59 73
21 29 51 57 59 73 75
21 29 51 57 59 73 74
21 29 51 57 59 71 72
21 29 51 57 59 71 72 75
21 29 51 57 59 71 72 73 74
21 29 48 57 59 73 78
21 29 48 57 59 73 76 77
21 29 48 57 59 71 72 78
21 29 48 57 59 71 72 76 77
21 29 48 51 57 59 73
21 29 48 51 57 59 71 72
21 29 46 57 59 78
21 29 46 57 59 76 77
21 29 46 57 59 75 78
21 29 46 57 59 75 76 77
21 29 46 57 59 73 74 78
21 29 46 57 59 73 74 76 77
21 29 46 51 57 59
21 29 46 51 57 59 75
21 29 46 51 57 59 73 74
21 29 46 48 57 59 78
21 29 46 48 57 59 76 77
21 29 46 48 51 57 59
21 29 30 57 59 73 78
21 29 30 57 59 73 76 77
21 29 30 57 59 71 72 78
21 29 30 57 59 71 72 76 77
21 29 30 51 57 59 73
21 29 30 51 57 59 71 72
21 29 30 46 57 59 78
21 29 30 46 57 59 76 77
21 29 30 46 51 57 59
21 28 42 57 59 73 78
21 28 42 57 59 73 76 77
21 28 42 57 59 73 75 78
21 28 42 57 59 73 75 76 77
21 28 42 57 59 73 74 78
21 28 42 57 59 73 74 76 77
21 28 42 57 59 71 72 78
21 28 42 57 59 71 72 76 77
21 28 42 57 59 71 72 75 78
21 28 42 57 59 71 72 75 76 77
21 28 42 57 59 71 72 73 74 78
21 28 42 57 59 71 72 73 74 76 77
21 28 42 51 57 59 73
21 28 42 51 57 59 73 75
21 28 42 51 57 59 73 74
21 28 42 51 57 59 71 72
21 28 42 51 57 59 71 72 75
21 28 42 51 57 59 71 72 73 74
21 28 42 48 57 59 73 78
21 28 42 48 57 59 73 76 77
21 28 42 48 57 59 71 72 78
21 28 42 48 57 59 71 72 76 77
21 28 42 48 51 57 59 73
21 28 42 48 51 57 59 71 72
21 28 42 46 57 59 78
21 28 42 46 57 59 76 77
21 28 42 46 57 59 75 78
21 28 42 46 57 59 75 76 77
21 28 42 46 57 59 73 74 78
21 28 42 46 57 59 73 74 76 77
21 28 42 46 51 57 59
21 28 42 46 51 57 59 75
21 28 42 46 51 57 59 73 74
21 28 42 46 48 57 59 78
21 28 42 46 48 57 59 76 77
21 28 42 46 48 51 57 59
21 28 40 41 57 59 73 78
21 28 40 41 57 59 73 76 77
21 28 40 41 57 59 73 75 78
21 28 40 41 57 59 73 75 76 77
21 28 40 41 57 59 73 74 78
21 28 40 41 57 59 73 74 76 77
21 28 40 41 57 59 71 72 78
21 28 40 41 57 59 71 72 76 77
21 28 40 41 57 59 71 72 75 78
21 28 40 41 57 59 71 72 75 76 77
21 28 40 41 57 59 71 72 73 74 78
21 28 40 41 57 59 71 72 73 74 76 77
21 28 40 41 51 57 59 73
21 28 40 41 51 57 59 73 75
21 28 40 41 51 57 59 73 74
21 28 40 41 51 57 59 71 72
21 28 40 41 51 57 59 71 72 75
21 28 40 41 51 57 59 71 72 73 74
21 28 40 41 48 57 59 73 78
21 28 40 41 48 57 59 73 76 77
21 28 40 41 48 57 59 71 72 78
21 28 40 41 48 57 59 71 72 76 77
21 28 40 41 48 51 57 59 73
21 28 40 41 48 51 57 59 71 72
21 28 40 41 46 57 59 78
21 28 40 41 46 57 59 76 77
21 28 40 41 46 57 59 75 78
21 28 40 41 46 57 59 75 76 77
21 28 40 41 46 57 59 73 74 78
21 28 40 41 46 57 59 73 74 76 77
21 28 40 41 46 51 57 59
21 28 40 41 46 51 57 59 75
21 28 40 41 46 51 57 59 73 74
21 28 40 41 46 48 57 59 78
21 28 40 41 46 48 57 59 76 77
21 28 40 41 46 48 51 57 59
21 27 28 57 59 73 78
21 27 28 57 59 73 76 77
21 27 28 57 59 73 75 78
21 27 28 57 59 73 75 76 77
21 27 28 57 59 73 74 78
21 27 28 57 59 73 74 76 77
21 27 28 57 59 71 72 78
21 27 28 57 59 71 72 76 77
21 27 28 57 59 71 72 75 78
21 27 28 57 59 71 72 75 76 77
21 27 28 57 59 71 72 73 74 78
21 27 28 57 59 71 72 73 74 76 77
21 27 28 51 57 59 73
21 27 28 51 57 59 73 75
21 27 28 51 57 59 73 74
21 27 28 51 57 59 71 72
21 27 28 51 57 59 71 72 75
21 27 28 51 57 59 71 72 73 74
21 27 28 48 57 59 73 78
21 27 28 48 57 59 73 76 77
21 27 28 48 57 59 71 72 78
21 27 28 48 57 59 71 72 76 77
21 27 28 48 51 57 59 73
21 27 28 48 51 57 59 71 72
21 27 28 46 57 59 78
21 27 28 46 57 59 76 77
21 27 28 46 57 59 75 78
21 27 28 46 57 59 75 76 77
21 27 28 46 57 59 73 74 78
21 27 28 46 57 59 73 74 76 77
21 27 28 46 51 57 59
21 27 28 46 51 57 59 75
21 27 28 46 51 57 59 73 74
21 27 28 46 48 57 59 78
21 27 28 46 48 57 59 76 77
21 27 28 46 48 51 57 59
21 26 27 42 57 59 73 78
21 26 27 42 57 59 73 76 77
21 26 27 42 57 59 73 75 78
21 26 27 42 57 59 73 75 76 77
21 26 27 42 57 59 73 74 78
21 26 27 42 57 59 73 74 76 77
21 26 27 42 57 59 71 72 78
21 26 27 42 57 59 71 72 76 77
21 26 27 42 57 59 71 72 75 78
21 26 27 42 57 59 71 72 75 76 77
21 26 27 42 57 59 71 72 73 74 78
21 26 27 42 57 59 71 72 73 74 76 77
21 26 27 42 51 57 59 73
21 26 27 42 51 57 59 73 75
21 26 27 42 51 57 59 73 74
21 26 27 42 51 57 59 71 72
21 26 27 42 51 57 59 71 72 75
21 26 27 42 51 57 59 71 72 73 74
21 26 27 42 48 57 59 73 78
21 26 27 42 48 57 59 73 76 77
21 26 27 42 48 57 59 71 72 78
21 26 27 42 48 57 59 71 72 76 77
21 26 27 42 48 51 57 59 73
21 26 27 42 48 51 57 59 71 72
21 26 27 42 46 57 59 78
21 26 27 42 46 57 59 76 77
21 26 27 42 46 57 59 75 78
21 26 27 42 46 57 59 75 76 77
21 26 27 42 46 57 59 73 74 78
21 26 27 42 46 57 59 73 74 76 77
21 26 27 42 46 51 57 59
21 26 27 42 46 51 57 59 75
21 26 27 42 46 51 57 59 73 74
21 26 27 42 46 48 57 59 78
21 26 27 42 46 48 57 59 76 77
21 26 27 42 46 48 51 57 59
21 26 27 40 41 57 59 73 78
21 26 27 40 41 57 59 73 76 77
21 26 27 40 41 57 59 73 75 78
21 26 27 40 41 57 59 73 75 76 77
21 26 27 40 41 57 59 73 74 78
21 26 27 40 41 57 59 73 74 76 77
21 26 27 40 41 57 59 71 72 78
21 26 27 40 41 57 59 71 72 76 77
21 26 27 40 41 57 59 71 72 75 78
21 26 27 40 41 57 59 71 72 75 76 77
21 26 27 40 41 57 59 71 72 73 74 78
21 26 27 40 41 57 59 71 72 73 74 76 77
21 26 27 40 41 51 57 59 73
21 26 27 40 41 51 57 59 73 75
21 26 27 40 41 51 57 59 73 74
21 26 27 40 41 51 57 59 71 72
21 26 27 40 41 51 57 59 71 72 75
21 26 27 40 41 51 57 59 71 72 73 74
21 26 27 40 41 48 57 59 73 78
21 26 27 40 41 48 57 59 73 76 77
21 26 27 40 41 48 57 59 71 72 78
21 26 27 40 41 48 57 59 71 72 76 77
21 26 27 40 41 48 51 57 59 73
21 26 27 40 41 48 51 57 59 71 72
21 26 27 40 41 46 57 59 78
21 26 27 40 41 46 57 59 76 77
21 26 27 40 41 46 57 59 75 78
21 26 27 40 41 46 57 59 75 76 77
21 26 27 40 41 46 57 59 73 74 78
21 26 27 40 41 46 57 59 73 74 76 77
21 26 27 40 41 46 51 57 59
21 26 27 40 41 46 51 57 59 75
21 26 27 40 41 46 51 57 59 73 74
21 26 27 40 41 46 48 57 59 78
21 26 27 40 41 46 48 57 59 76 77
21 26 27 40 41 46 48 51 57 59
20
20 68 69
20 67 68
20 61
20 61 69
20 61 67 68
20 52
20 43
20 42 68
20 42 61
20 25
20 25 69
20 25 67 68
20 25 42
19 69
19 67 78 79
19 67 68
19 65 66 78 79
19 53 67
19 53 65 66
19 42
19 40 78 79
19 40 53
17 59 73 78
17 59 73 76 77
17 59 71 72 78
17 59 71 72 76 77
17 59 61 73 77
17 59 61 73 75 76
17 59 61 71 72 77
17 59 61 71 72 75 76
17 57 59 73
17 57 59 71 72
17 57 59 60 73
17 57 59 60 71 72
17 57 58 59 73
17 57 58 59 71 72
17 51 59 73
17 51 59 71 72
17 50 59 61 73
17 50 59 61 71 72
17 48 57 59 73
17 48 57 59 71 72
17 46 59 78
17 46 59 76 77
17 46 59 61 77
17 46 59 61 75 76
17 46 57 59
17 46 57 59 60
17 46 57 58 59
17 46 51 59
17 46 50 59 61
17 46 48 57 59
17 46 47 57 59
17 46 47 57 59 73
17 46 47 57 59 71 72
17 33 57 59 73
17 33 57 59 71 72
17 33 46 57 59
17 21 57 59 73
17 21 57 59 71 72
17 21 46 57 59
15 59 73 78
15 59 73 77 78
15 59 73 75 76 78
15 59 73 75 76 77
15 59 71 72 78
15 59 71 72 77 78
15 59 71 72 75 76 78
15 59 71 72 75 76 77
15 59 61 73
15 59 61 71 72
15 57 61 73
15 57 61 71 72
15 57 59 73
15 57 59 73 78
15 57 59 73 76 77
15 57 59 71 72
15 57 59 71 72 78
15 57 59 71 72 76 77
15 51 59 73
15 51 59 73 77
15 51 59 73 75 76
15 51 59 71 72
15 51 59 71 72 77
15 51 59 71 72 75 76
15 51 57 59 73
15 51 57 59 71 72
15 50 59 73 78
15 50 59 73 76 77
15 50 59 71 72 78
15 50 59 71 72 76 77
15 50 51 59 73
15 50 51 59 71 72
15 48 57 59 73 78
15 48 57 59 73 76 77
15 48 57 59 73 75 78
15 48 57 59 73 75 76 77
15 48 57 59 73 74 78
15 48 57 59 73 74 76 77
15 48 57 59 71 72 78
15 48 57 59 71 72 76 77
15 48 57 59 71 72 75 78
15 48 57 59 71 72 75 76 77
15 48 57 59 71 72 73 74 78
15 48 57 59 71 72 73 74 76 77
15 48 51 57 59 73
15 48 51 57 59 73 75
15 48 51 57 59 73 74
15 48 51 57 59 71 72
15 48 51 57 59 71 72 75
15 48 51 57 59 71 72 73 74
15 46 59 78
15 46 59 77 78
15 46 59 75 76 78
15 46 59 75 76 77
15 46 59 61
15 46 57 61
15 46 57 59
15 46 57 59 78
15 46 57 59 76 77
15 46 51 59
15 46 51 59 77
15 46 51 59 75 76
15 46 51 57 59
15 46 50 59 78
15 46 50 59 76 77
15 46 50 51 59
15 46 48 57 59 78
15 46 48 57 59 76 77
15 46 48 57 59 75 78
15 46 48 57 59 75 76 77
15 46 48 57 59 73 74 78
15 46 48 57 59 73 74 76 77
15 46 48 51 57 59
15 46 48 51 57 59 75
15 46 48 51 57 59 73 74
15 46 47 57 59 75 78
15 46 47 57 59 75 76 77
15 46 47 57 59 73 75 78
15 46 47 57 59 73 75 76 77
15 46 47 57 59 71 72 75 78
15 46 47 57 59 71 72 75 76 77
15 46 47 57 59 71 72 73 74 78
15 46 47 57 59 71 72 73 74 76 77
15 46 47 51 57 59 75
15 46 47 51 57 59 73 75
15 46 47 51 57 59 71 72 75
15 46 47 51 57 59 71 72 73 74
15 46 47 48 57 59 78
15 46 47 48 57 59 76 77
15 46 47 48 57 59 73 78
15 46 47 48 57 59 73 76 77
15 46 47 48 57 59 71 72 78
15 46 47 48 57 59 71 72 76 77
15 46 47 48 51 57 59
15 46 47 48 51 57 59 73
15 46 47 48 51 57 59 71 72
15 41 48 57 59 73 75 78
15 41 48 57 59 73 75 76 77
15 41 48 57 59 73 74 78
15 41 48 57 59 73 74 76 77
15 41 48 57 59 71 72 75 78
15 41 48 57 59 71 72 75 76 77
15 41 48 57 59 71 72 73 74 78
15 41 48 57 59 71 72 73 74 76 77
15 41 48 51 57 59 73 75
15 41 48 51 57 59 73 74
15 41 48 51 57 59 71 72 75
15 41 48 51 57 59 71 72 73 74
15 41 46 48 57 59 75 78
15 41 46 48 57 59 75 76 77
15 41 46 48 57 59 73 74 78
15 41 46 48 57 59 73 74 76 77
15 41 46 48 51 57 59 75
15 41 46 48 51 57 59 73 74
15 41 46 47 57 59 78
15 41 46 47 57 59 76 77
15 41 46 47 57 59 75 78
15 41 46 47 57 59 75 76 77
15 41 46 47 57 59 73 78
15 41 46 47 57 59 73 76 77
15 41 46 47 57 59 73 75 78
15 41 46 47 57 59 73 75 76 77
15 41 46 47 57 59 71 72 78
15 41 46 47 57 59 71 72 76 77
15 41 46 47 57 59 71 72 75 78
15 41 46 47 57 59 71 72 75 76 77
15 41 46 47 57 59 71 72 73 74 78
15 41 46 47 57 59 71 72 73 74 76 77
15 41 46 47 51 57 59
15 41 46 47 51 57 59 75
15 41 46 47 51 57 59 73
15 41 46 47 51 57 59 73 75
15 41 46 47 51 57 59 71 72
15 41 46 47 51 57 59 71 72 75
15 41 46 47 51 57 59 71 72 73 74
15 41 46 47 48 57 59 78
15 41 46 47 48 57 59 76 77
15 41 46 47 48 57 59 73 78
15 41 46 47 48 57 59 73 76 77
15 41 46 47 48 57 59 71 72 78
15 41 46 47 48 57 59 71 72 76 77
15 41 46 47 48 51 57 59
15 41 46 47 48 51 57 59 73
15 41 46 47 48 51 57 59 71 72
15 39 40 48 57 59 73 75 78
15 39 40 48 57 59 73 75 76 77
15 39 40 48 57 59 73 74 78
15 39 40 48 57 59 73 74 76 77
15 39 40 48 57 59 71 72 75 78
15 39 40 48 57 59 71 72 75 76 77
15 39 40 48 57 59 71 72 73 74 78
15 39 40 48 57 59 71 72 73 74 76 77
15 39 40 48 51 57 59 73 75
15 39 40 48 51 57 59 73 74
15 39 40 48 51 57 59 71 72 75
15 39 40 48 51 57 59 71 72 73 74
15 39 40 46 48 57 59 75 78
15 39 40 46 48 57 59 75 76 77
15 39 40 46 48 57 59 73 74 78
15 39 40 46 48 57 59 73 74 76 77
15 39 40 46 48 51 57 59 75
15 39 40 46 48 51 57 59 73 74
15 39 40 46 47 57 59 78
15 39 40 46 47 57 59 76 77
15 39 40 46 47 57 59 75 78
15 39 40 46 47 57 59 75 76 77
15 39 40 46 47 57 59 73 78
15 39 40 46 47 57 59 73 76 77
15 39 40 46 47 57 59 73 75 78
15 39 40 46 47 57 59 73 75 76 77
15 39 40 46 47 57 59 71 72 78
15 39 40 46 47 57 59 71 72 76 77
15 39 40 46 47 57 59 71 72 75 78
15 39 40 46 47 57 59 71 72 75 76 77
15 39 40 46 47 57 59 71 72 73 74 78
15 39 40 46 47 57 59 71 72 73 74 76 77
15 39 40 46 47 51 57 59
15 39 40 46 47 51 57 59 75
15 39 40 46 47 51 57 59 73
15 39 40 46 47 51 57 59 73 75
15 39 40 46 47 51 57 59 71 72
15 39 40 46 47 51 57 59 71 72 75
15 39 40 46 47 51 57 59 71 72 73 74
15 39 40 46 47 48 57 59 78
15 39 40 46 47 48 57 59 76 77
15 39 40 46 47 48 57 59 73 78
15 39 40 46 47 48 57 59 73 76 77
15 39 40 46 47 48 57 59 71 72 78
15 39 40 46 47 48 57 59 71 72 76 77
15 39 40 46 47 48 51 57 59
15 39 40 46 47 48 51 57 59 73
15 39 40 46 47 48 51 57 59 71 72
15 28 48 57 59 73 75 78
15 28 48 57 59 73 75 76 77
15 28 48 57 59 73 74 78
15 28 48 57 59 73 74 76 77
15 28 48 57 59 71 72 75 78
15 28 48 57 59 71 72 75 76 77
15 28 48 57 59 71 72 73 74 78
15 28 48 57 59 71 72 73 74 76 77
15 28 48 51 57 59 73 75
15 28 48 51 57 59 73 74
15 28 48 51 57 59 71 72 75
15 28 48 51 57 59 71 72 73 74
15 28 46 48 57 59 75 78
15 28 46 48 57 59 75 76 77
15 28 46 48 57 59 73 74 78
15 28 46 48 57 59 73 74 76 77
15 28 46 48 51 57 59 75
15 28 46 48 51 57 59 73 74
15 28 46 47 57 59 78
15 28 46 47 57 59 76 77
15 28 46 47 57 59 75 78
15 28 46 47 57 59 75 76 77
15 28 46 47 57 59 73 78
15 28 46 47 57 59 73 76 77
15 28 46 47 57 59 73 75 78
15 28 46 47 57 59 73 75 76 77
15 28 46 47 57 59 71 72 78
15 28 46 47 57 59 71 72 76 77
15 28 46 47 57 59 71 72 75 78
15 28 46 47 57 59 71 72 75 76 77
15 28 46 47 57 59 71 72 73 74 78
15 28 46 47 57 59 71 72 73 74 76 77
15 28 46 47 51 57 59
15 28 46 47 51 57 59 75
15 28 46 47 51 57 59 73
15 28 46 47 51 57 59 73 75
15 28 46 47 51 57 59 71 72
15 28 46 47 51 57 59 71 72 75
15 28 46 47 51 57 59 71 72 73 74
15 28 46 47 48 57 59 78
15 28 46 47 48 57 59 76 77
15 28 46 47 48 57 59 73 78
15 28 46 47 48 57 59 73 76 77
15 28 46 47 48 57 59 71 72 78
15 28 46 47 48 57 59 71 72 76 77
15 28 46 47 48 51 57 59
15 28 46 47 48 51 57 59 73
15 28 46 47 48 51 57 59 71 72
15 26 27 48 57 59 73 75 78
15 26 27 48 57 59 73 75 76 77
15 26 27 48 57 59 73 74 78
15 26 27 48 57 59 73 74 76 77
15 26 27 48 57 59 71 72 75 78
15 26 27 48 57 59 71 72 75 76 77
15 26 27 48 57 59 71 72 73 74 78
15 26 27 48 57 59 71 72 73 74 76 77
15 26 27 48 51 57 59 73 75
15 26 27 48 51 57 59 73 74
15 26 27 48 51 57 59 71 72 75
15 26 27 48 51 57 59 71 72 73 74
15 26 27 46 48 57 59 75 78
15 26 27 46 48 57 59 75 76 77
15 26 27 46 48 57 59 73 74 78
15 26 27 46 48 57 59 73 74 76 77
15 26 27 46 48 51 57 59 75
15 26 27 46 48 51 57 59 73 74
15 26 27 46 47 57 59 78
15 26 27 46 47 57 59 76 77
15 26 27 46 47 57 59 75 78
15 26 27 46 47 57 59 75 76 77
15 26 27 46 47 57 59 73 78
15 26 27 46 47 57 59 73 76 77
15 26 27 46 47 57 59 73 75 78
15 26 27 46 47 57 59 73 75 76 77
15 26 27 46 47 57 59 71 72 78
15 26 27 46 47 57 59 71 72 76 77
15 26 27 46 47 57 59 71 72 75 78
15 26 27 46 47 57 59 71 72 75 76 77
15 26 27 46 47 57 59 71 72 73 74 78
15 26 27 46 47 57 59 71 72 73 74 76 77
15 26 27 46 47 51 57 59
15 26 27 46 47 51 57 59 75
15 26 27 46 47 51 57 59 73
15 26 27 46 47 51 57 59 73 75
15 26 27 46 47 51 57 59 71 72
15 26 27 46 47 51 57 59 71 72 75
15 26 27 46 47 51 57 59 71 72 73 74
15 26 27 46 47 48 57 59 78
15 26 27 46 47 48 57 59 76 77
15 26 27 46 47 48 57 59 73 78
15 26 27 46 47 48 57 59 73 76 77
15 26 27 46 47 48 57 59 71 72 78
15 26 27 46 47 48 57 59 71 72 76 77
15 26 27 46 47 48 51 57 59
15 26 27 46 47 48 51 57 59 73
15 26 27 46 47 48 51 57 59 71 72
15 21 57 59 73 75 78
15 21 57 59 73 75 76 77
15 21 57 59 73 74 78
15 21 57 59 73 74 76 77
15 21 57 59 71 72 75 78
15 21 57 59 71 72 75 76 77
15 21 57 59 71 72 73 74 78
15 21 57 59 71 72 73 74 76 77
15 21 51 57 59 73 75
15 21 51 57 59 73 74
15 21 51 57 59 71 72 75
15 21 51 57 59 71 72 73 74
15 21 48 57 59 73 78
15 21 48 57 59 73 76 77
15 21 48 57 59 71 72 78
15 21 48 57 59 71 72 76 77
15 21 48 51 57 59 73
15 21 48 51 57 59 71 72
15 21 46 57 59 75 78
15 21 46 57 59 75 76 77
15 21 46 57 59 73 74 78
15 21 46 57 59 73 74 76 77
15 21 46 51 57 59 75
15 21 46 51 57 59 73 74
15 21 46 48 57 59 78
15 21 46 48 57 59 76 77
15 21 46 48 51 57 59
15 21 41 57 59 73 78
15 21 41 57 59 73 76 77
15 21 41 57 59 73 75 78
15 21 41 57 59 73 75 76 77
15 21 41 57 59 73 74 78
15 21 41 57 59 73 74 76 77
15 21 41 57 59 71 72 78
15 21 41 57 59 71 72 76 77
15 21 41 57 59 71 72 75 78
15 21 41 57 59 71 72 75 76 77
15 21 41 57 59 71 72 73 74 78
15 21 41 57 59 71 72 73 74 76 77
15 21 41 51 57 59 73
15 21 41 51 57 59 73 75
15 21 41 51 57 59 73 74
15 21 41 51 57 59 71 72
15 21 41 51 57 59 71 72 75
15 21 41 51 57 59 71 72 73 74
15 21 41 48 57 59 73 78
15 21 41 48 57 59 73 76 77
15 21 41 48 57 59 71 72 78
15 21 41 48 57 59 71 72 76 77
15 21 41 48 51 57 59 73
15 21 41 48 51 57 59 71 72
15 21 41 46 57 59 78
15 21 41 46 57 59 76 77
15 21 41 46 57 59 75 78
15 21 41 46 57 59 75 76 77
15 21 41 46 57 59 73 74 78
15 21 41 46 57 59 73 74 76 77
15 21 41 46 51 57 59
15 21 41 46 51 57 59 75
15 21 41 46 51 57 59 73 74
15 21 41 46 48 57 59 78
15 21 41 46 48 57 59 76 77
15 21 41 46 48 51 57 59
15 21 39 40 57 59 73 78
15 21 39 40 57 59 73 76 77
15 21 39 40 57 59 73 75 78
15 21 39 40 57 59 73 75 76 77
15 21 39 40 57 59 73 74 78
15 21 39 40 57 59 73 74 76 77
15 21 39 40 57 59 71 72 78
15 21 39 40 57 59 71 72 76 77
15 21 39 40 57 59 71 72 75 78
15 21 39 40 57 59 71 72 75 76 77
15 21 39 40 57 59 71 72 73 74 78
15 21 39 40 57 59 71 72 73 74 76 77
15 21 39 40 51 57 59 73
15 21 39 40 51 57 59 73 75
15 21 39 40 51 57 59 73 74
15 21 39 40 51 57 59 71 72
15 21 39 40 51 57 59 71 72 75
15 21 39 40 51 57 59 71 72 73 74
15 21 39 40 48 57 59 73 78
15 21 39 40 48 57 59 73 76 77
15 21 39 40 48 57 59 71 72 78
15 21 39 40 48 57 59 71 72 76 77
15 21 39 40 48 51 57 59 73
15 21 39 40 48 51 57 59 71 72
15 21 39 40 46 57 59 78
15 21 39 40 46 57 59 76 77
15 21 39 40 46 57 59 75 78
15 21 39 40 46 57 59 75 76 77
15 21 39 40 46 57 59 73 74 78
15 21 39 40 46 57 59 73 74 76 77
15 21 39 40 46 51 57 59
15 21 39 40 46 51 57 59 75
15 21 39 40 46 51 57 59 73 74
15 21 39 40 46 48 57 59 78
15 21 39 40 46 48 57 59 76 77
15 21 39 40 46 48 51 57 59
15 21 28 57 59 73 78
15 21 28 57 59 73 76 77
15 21 28 57 59 73 75 78
15 21 28 57 59 73 75 76 77
15 21 28 57 59 73 74 78
15 21 28 57 59 73 74 76 77
15 21 28 57 59 71 72 78
15 21 28 57 59 71 72 76 77
15 21 28 57 59 71 72 75 78
15 21 28 57 59 71 72 75 76 77
15 21 28 57 59 71 72 73 74 78
15 21 28 57 59 71 72 73 74 76 77
15 21 28 51 57 59 73
15 21 28 51 57 59 73 75
15 21 28 51 57 59 73 74
15 21 28 51 57 59 71 72
15 21 28 51 57 59 71 72 75
15 21 28 51 57 59 71 72 73 74
15 21 28 48 57 59 73 78
15 21 28 48 57 59 73 76 77
15 21 28 48 57 59 71 72 78
15 21 28 48 57 59 71 72 76 77
15 21 28 48 51 57 59 73
15 21 28 48 51 57 59 71 72
15 21 28 46 57 59 78
15 21 28 46 57 59 76 77
15 21 28 46 57 59 75 78
15 21 28 46 57 59 75 76 77
15 21 28 46 57 59 73 74 78
15 21 28 46 57 59 73 74 76 77
15 21 28 46 51 57 59
15 21 28 46 51 57 59 75
15 21 28 46 51 57 59 73 74
15 21 28 46 48 57 59 78
15 21 28 46 48 57 59 76 77
15 21 28 46 48 51 57 59
15 21 26 27 57 59 73 78
15 21 26 27 57 59 73 76 77
15 21 26 27 57 59 73 75 78
15 21 26 27 57 59 73 75 76 77
15 21 26 27 57 59 73 74 78
15 21 26 27 57 59 73 74 76 77
15 21 26 27 57 59 71 72 78
15 21 26 27 57 59 71 72 76 77
15 21 26 27 57 59 71 72 75 78
15 21 26 27 57 59 71 72 75 76 77
15 21 26 27 57 59 71 72 73 74 78
15 21 26 27 57 59 71 72 73 74 76 77
15 21 26 27 51 57 59 73
15 21 26 27 51 57 59 73 75
15 21 26 27 51 57 59 73 74
15 21 26 27 51 57 59 71 72
15 21 26 27 51 57 59 71 72 75
15 21 26 27 51 57 59 71 72 73 74
15 21 26 27 48 57 59 73 78
15 21 26 27 48 57 59 73 76 77
15 21 26 27 48 57 59 71 72 78
15 21 26 27 48 57 59 71 72 76 77
15 21 26 27 48 51 57 59 73
15 21 26 27 48 51 57 59 71 72
15 21 26 27 46 57 59 78
15 21 26 27 46 57 59 76 77
15 21 26 27 46 57 59 75 78
15 21 26 27 46 57 59 75 76 77
15 21 26 27 46 57 59 73 74 78
15 21 26 27 46 57 59 73 74 76 77
15 21 26 27 46 51 57 59
15 21 26 27 46 51 57 59 75
15 21 26 27 46 51 57 59 73 74
15 21 26 27 46 48 57 59 78
15 21 26 27 46 48 57 59 76 77
15 21 26 27 46 48 51 57 59
14 42 48 57 59 73 75 78
14 42 48 57 59 73 75 76 77
14 42 48 57 59 73 74 78
14 42 48 57 59 73 74 76 77
14 42 48 57 59 71 72 75 78
14 42 48 57 59 71 72 75 76 77
14 42 48 57 59 71 72 73 74 78
14 42 48 57 59 71 72 73 74 76 77
14 42 48 51 57 59 73 75
14 42 48 51 57 59 73 74
14 42 48 51 57 59 71 72 75
14 42 48 51 57 59 71 72 73 74
14 42 46 48 57 59 75 78
14 42 46 48 57 59 75 76 77
14 42 46 48 57 59 73 74 78
14 42 46 48 57 59 73 74 76 77
14 42 46 48 51 57 59 75
14 42 46 48 51 57 59 73 74
14 42 46 47 57 59 78
14 42 46 47 57 59 76 77
14 42 46 47 57 59 75 78
14 42 46 47 57 59 75 76 77
14 42 46 47 57 59 73 78
14 42 46 47 57 59 73 76 77
14 42 46 47 57 59 73 75 78
14 42 46 47 57 59 73 75 76 77
14 42 46 47 57 59 71 72 78
14 42 46 47 57 59 71 72 76 77
14 42 46 47 57 59 71 72 75 78
14 42 46 47 57 59 71 72 75 76 77
14 42 46 47 57 59 71 72 73 74 78
14 42 46 47 57 59 71 72 73 74 76 77
14 42 46 47 51 57 59
14 42 46 47 51 57 59 75
14 42 46 47 51 57 59 73
14 42 46 47 51 57 59 73 75
14 42 46 47 51 57 59 71 72
14 42 46 47 51 57 59 71 72 75
14 42 46 47 51 57 59 71 72 73 74
14 42 46 47 48 57 59 78
14 42 46 47 48 57 59 76 77
14 42 46 47 48 57 59 73 78
14 42 46 47 48 57 59 73 76 77
14 42 46 47 48 57 59 71 72 78
14 42 46 47 48 57 59 71 72 76 77
14 42 46 47 48 51 57 59
14 42 46 47 48 51 57 59 73
14 42 46 47 48 51 57 59 71 72
14 40 41 48 57 59 73 75 78
14 40 41 48 57 59 73 75 76 77
14 40 41 48 57 59 73 74 78
14 40 41 48 57 59 73 74 76 77
14 40 41 48 57 59 71 72 75 78
14 40 41 48 57 59 71 72 75 76 77
14 40 41 48 57 59 71 72 73 74 78
14 40 41 48 57 59 71 72 73 74 76 77
14 40 41 48 51 57 59 73 75
14 40 41 48 51 57 59 73 74
14 40 41 48 51 57 59 71 72 75
14 40 41 48 51 57 59 71 72 73 74
14 40 41 46 48 57 59 75 78
14 40 41 46 48 57 59 75 76 77
14 40 41 46 48 57 59 73 74 78
14 40 41 46 48 57 59 73 74 76 77
14 40 41 46 48 51 57 59 75
14 40 41 46 48 51 57 59 73 74
14 40 41 46 47 57 59 78
14 40 41 46 47 57 59 76 77
14 40 41 46 47 57 59 75 78
14 40 41 46 47 57 59 75 76 77
14 40 41 46 47 57 59 73 78
14 40 41 46 47 57 59 73 76 77
14 40 41 46 47 57 59 73 75 78
14 40 41 46 47 57 59 73 75 76 77
14 40 41 46 47 57 59 71 72 78
14 40 41 46 47 57 59 71 72 76 77
14 40 41 46 47 57 59 71 72 75 78
14 40 41 46 47 57 59 71 72 75 76 77
14 40 41 46 47 57 59 71 72 73 74 78
14 40 41 46 47 57 59 71 72 73 74 76 77
14 40 41 46 47 51 57 59
14 40 41 46 47 51 57 59 75
14 40 41 46 47 51 57 59 73
14 40 41 46 47 51 57 59 73 75
14 40 41 46 47 51 57 59 71 72
14 40 41 46 47 51 57 59 71 72 75
14 40 41 46 47 51 57 59 71 72 73 74
14 40 41 46 47 48 57 59 78
14 40 41 46 47 48 57 59 76 77
14 40 41 46 47 48 57 59 73 78
14 40 41 46 47 48 57 59 73 76 77
14 40 41 46 47 48 57 59 71 72 78
14 40 41 46 47 48 57 59 71 72 76 77
14 40 41 46 47 48 51 57 59
14 40 41 46 47 48 51 57 59 73
14 40 41 46 47 48 51 57 59 71 72
14 21 42 57 59 73 78
14 21 42 57 59 73 76 77
14 21 42 57 59 73 75 78
14 21 42 57 59 73 75 76 77
14 21 42 57 59 73 74 78
14 21 42 57 59 73 74 76 77
14 21 42 57 59 71 72 78
14 21 42 57 59 71 72 76 77
14 21 42 57 59 71 72 75 78
14 21 42 57 59 71 72 75 76 77
14 21 42 57 59 71 72 73 74 78
14 21 42 57 59 71 72 73 74 76 77
14 21 42 51 57 59 73
14 21 42 51 57 59 73 75
14 21 42 51 57 59 73 74
14 21 42 51 57 59 71 72
14 21 42 51 57 59 71 72 75
14 21 42 51 57 59 71 72 73 74
14 21 42 48 57 59 73 78
14 21 42 48 57 59 73 76 77
14 21 42 48 57 59 71 72 78
14 21 42 48 57 59 71 72 76 77
14 21 42 48 51 57 59 73
14 21 42 48 51 57 59 71 72
14 21 42 46 57 59 78
14 21 42 46 57 59 76 77
14 21 42 46 57 59 75 78
14 21 42 46 57 59 75 76 77
14 21 42 46 57 59 73 74 78
14 21 42 46 57 59 73 74 76 77
14 21 42 46 51 57 59
14 21 42 46 51 57 59 75
14 21 42 46 51 57 59 73 74
14 21 42 46 48 57 59 78
14 21 42 46 48 57 59 76 77
14 21 42 46 48 51 57 59
14 21 40 41 57 59 73 78
14 21 40 41 57 59 73 76 77
14 21 40 41 57 59 73 75 78
14 21 40 41 57 59 73 75 76 77
14 21 40 41 57 59 73 74 78
14 21 40 41 57 59 73 74 76 77
14 21 40 41 57 59 71 72 78
14 21 40 41 57 59 71 72 76 77
14 21 40 41 57 59 71 72 75 78
14 21 40 41 57 59 71 72 75 76 77
14 21 40 41 57 59 71 72 73 74 78
14 21 40 41 57 59 71 72 73 74 76 77
14 21 40 41 51 57 59 73
14 21 40 41 51 57 59 73 75
14 21 40 41 51 57 59 73 74
14 21 40 41 51 57 59 71 72
14 21 40 41 51 57 59 71 72 75
14 21 40 41 51 57 59 71 72 73 74
14 21 40 41 48 57 59 73 78
14 21 40 41 48 57 59 73 76 77
14 21 40 41 48 57 59 71 72 78
14 21 40 41 48 57 59 71 72 76 77
14 21 40 41 48 51 57 59 73
14 21 40 41 48 51 57 59 71 72
14 21 40 41 46 57 59 78
14 21 40 41 46 57 59 76 77
14 21 40 41 46 57 59 75 78
14 21 40 41 46 57 59 75 76 77
14 21 40 41 46 57 59 73 74 78
14 21 40 41 46 57 59 73 74 76 77
14 21 40 41 46 51 57 59
14 21 40 41 46 51 57 59 75
14 21 40 41 46 51 57 59 73 74
14 21 40 41 46 48 57 59 78
14 21 40 41 46 48 57 59 76 77
14 21 40 41 46 48 51 57 59
14 15 48 57 59 73 75 78
14 15 48 57 59 73 75 76 77
14 15 48 57 59 73 74 78
14 15 48 57 59 73 74 76 77
14 15 48 57 59 71 72 75 78
14 15 48 57 59 71 72 75 76 77
14 15 48 57 59 71 72 73 74 78
14 15 48 57 59 71 72 73 74 76 77
14 15 48 51 57 59 73 75
14 15 48 51 57 59 73 74
14 15 48 51 57 59 71 72 75
14 15 48 51 57 59 71 72 73 74
14 15 46 48 57 59 75 78
14 15 46 48 57 59 75 76 77
14 15 46 48 57 59 73 74 78
14 15 46 48 57 59 73 74 76 77
14 15 46 48 51 57 59 75
14 15 46 48 51 57 59 73 74
14 15 46 47 57 59 78
14 15 46 47 57 59 76 77
14 15 46 47 57 59 75 78
14 15 46 47 57 59 75 76 77
14 15 46 47 57 59 73 78
14 15 46 47 57 59 73 76 77
14 15 46 47 57 59 73 75 78
14 15 46 47 57 59 73 75 76 77
14 15 46 47 57 59 71 72 78
14 15 46 47 57 59 71 72 76 77
14 15 46 47 57 59 71 72 75 78
14 15 46 47 57 59 71 72 75 76 77
14 15 46 47 57 59 71 72 73 74 78
14 15 46 47 57 59 71 72 73 74 76 77
14 15 46 47 51 57 59
14 15 46 47 51 57 59 75
14 15 46 47 51 57 59 73
14 15 46 47 51 57 59 73 75
14 15 46 47 51 57 59 71 72
14 15 46 47 51 57 59 71 72 75
14 15 46 47 51 57 59 71 72 73 74
14 15 46 47 48 57 59 78
14 15 46 47 48 57 59 76 77
14 15 46 47 48 57 59 73 78
14 15 46 47 48 57 59 73 76 77
14 15 46 47 48 57 59 71 72 78
14 15 46 47 48 57 59 71 72 76 77
14 15 46 47 48 51 57 59
14 15 46 47 48 51 57 59 73
14 15 46 47 48 51 57 59 71 72
14 15 21 57 59 73 78
14 15 21 57 59 73 76 77
14 15 21 57 59 73 75 78
14 15 21 57 59 73 75 76 77
14 15 21 57 59 73 74 78
14 15 21 57 59 73 74 76 77
14 15 21 57 59 71 72 78
14 15 21 57 59 71 72 76 77
14 15 21 57 59 71 72 75 78
14 15 21 57 59 71 72 75 76 77
14 15 21 57 59 71 72 73 74 78
14 15 21 57 59 71 72 73 74 76 77
14 15 21 51 57 59 73
14 15 21 51 57 59 73 75
14 15 21 51 57 59 73 74
14 15 21 51 57 59 71 72
14 15 21 51 57 59 71 72 75
14 15 21 51 57 59 71 72 73 74
14 15 21 48 57 59 73 78
14 15 21 48 57 59 73 76 77
14 15 21 48 57 59 71 72 78
14 15 21 48 57 59 71 72 76 77
14 15 21 48 51 57 59 73
14 15 21 48 51 57 59 71 72
14 15 21 46 57 59 78
14 15 21 46 57 59 76 77
14 15 21 46 57 59 75 78
14 15 21 46 57 59 75 76 77
14 15 21 46 57 59 73 74 78
14 15 21 46 57 59 73 74 76 77
14 15 21 46 51 57 59
14 15 21 46 51 57 59 75
14 15 21 46 51 57 59 73 74
14 15 21 46 48 57 59 78
14 15 21 46 48 57 59 76 77
14 15 21 46 48 51 57 59
12
11 61 68 78 79
11 53 61 68
10
10 69
10 69 78 79
10 67
10 67 78 79
10 67 68
10 67 68 78 79
10 65 66
10 65 66 78 79
10 61 78 79
10 53 69
10 53 67
10 53 67 68
10 53 65 66
10 53 61
10 42
10 42 78 79
10 42 53
10 40
10 40 78 79
10 40 53
9
9 59 68
9 20 68
8
8 69
8 67 68
8 42
8 9
8 9 69 78 79
8 9 67
8 9 67 68 78 79
8 9 65 66
8 9 61 78 79
8 9 59
8 9 53 69
8 9 53 67 68
8 9 53 61
8 9 42 78 79
8 9 42 53
8 9 40
8 9 20
4 48 57 59 73 78
4 48 57 59 73 76 77
4 48 57 59 71 72 78
4 48 57 59 71 72 76 77
4 48 51 57 59 73
4 48 51 57 59 71 72
4 46 48 57 59 78
4 46 48 57 59 76 77
4 46 48 51 57 59
4 46 47 57 59 78
4 46 47 57 59 76 77
4 46 47 57 59 73 78
4 46 47 57 59 73 76 77
4 46 47 57 59 71 72 78
4 46 47 57 59 71 72 76 77
4 46 47 51 57 59
4 46 47 51 57 59 73
4 46 47 51 57 59 71 72
4 21 57 59 73 78
4 21 57 59 73 76 77
4 21 57 59 71 72 78
4 21 57 59 71 72 76 77
4 21 51 57 59 73
4 21 51 57 59 71 72
4 21 46 57 59 78
4 21 46 57 59 76 77
4 21 46 51 57 59
2 59 73 78
2 59 73 76 77
2 59 71 72 78
2 59 71 72 76 77
2 51 59 73
2 51 59 71 72
2 48 57 59 73 75 78
2 48 57 59 73 75 76 77
2 48 57 59 73 74 78
2 48 57 59 73 74 76 77
2 48 57 59 71 72 75 78
2 48 57 59 71 72 75 76 77
2 48 57 59 71 72 73 74 78
2 48 57 59 71 72 73 74 76 77
2 48 51 57 59 73 75
2 48 51 57 59 73 74
2 48 51 57 59 71 72 75
2 48 51 57 59 71 72 73 74
2 46 59 78
2 46 59 76 77
2 46 51 59
2 46 48 57 59 75 78
2 46 48 57 59 75 76 77
2 46 48 57 59 73 74 78
2 46 48 57 59 73 74 76 77
2 46 48 51 57 59 75
2 46 48 51 57 59 73 74
2 46 47 57 59 78
2 46 47 57 59 76 77
2 46 47 57 59 75 78
2 46 47 57 59 75 76 77
2 46 47 57 59 73 78
2 46 47 57 59 73 76 77
2 46 47 57 59 73 75 78
2 46 47 57 59 73 75 76 77
2 46 47 57 59 71 72 78
2 46 47 57 59 71 72 76 77
2 46 47 57 59 71 72 75 78
2 46 47 57 59 71 72 75 76 77
2 46 47 57 59 71 72 73 74 78
2 46 47 57 59 71 72 73 74 76 77
2 46 47 51 57 59
2 46 47 51 57 59 75
2 46 47 51 57 59 73
2 46 47 51 57 59 73 75
2 46 47 51 57 59 71 72
2 46 47 51 57 59 71 72 75
2 46 47 51 57 59 71 72 73 74
2 46 47 48 57 59 78
2 46 47 48 57 59 76 77
2 46 47 48 57 59 73 78
2 46 47 48 57 59 73 76 77
2 46 47 48 57 59 71 72 78
2 46 47 48 57 59 71 72 76 77
2 46 47 48 51 57 59
2 46 47 48 51 57 59 73
2 46 47 48 51 57 59 71 72
2 21 57 59 73 78
2 21 57 59 73 76 77
2 21 57 59 73 75 78
2 21 57 59 73 75 76 77
2 21 57 59 73 74 78
2 21 57 59 73 74 76 77
2 21 57 59 71 72 78
2 21 57 59 71 72 76 77
2 21 57 59 71 72 75 78
2 21 57 59 71 72 75 76 77
2 21 57 59 71 72 73 74 78
2 21 57 59 71 72 73 74 76 77
2 21 51 57 59 73
2 21 51 57 59 73 75
2 21 51 57 59 73 74
2 21 51 57 59 71 72
2 21 51 57 59 71 72 75
2 21 51 57 59 71 72 73 74
2 21 48 57 59 73 78
2 21 48 57 59 73 76 77
2 21 48 57 59 71 72 78
2 21 48 57 59 71 72 76 77
2 21 48 51 57 59 73
2 21 48 51 57 59 71 72
2 21 46 57 59 78
2 21 46 57 59 76 77
2 21 46 57 59 75 78
2 21 46 57 59 75 76 77
2 21 46 57 59 73 74 78
2 21 46 57 59 73 74 76 77
2 21 46 51 57 59
2 21 46 51 57 59 75
2 21 46 51 57 59 73 74
2 21 46 48 57 59 78
2 21 46 48 57 59 76 77
2 21 46 48 51 57 59
1 78 79
1 73
1 71 72
1 69
1 68
1 67
1 67 78 79
1 65 66
1 65 66 78 79
1 61
1 61 78 79
1 61 67 78 79
1 61 65 78 79
1 61 65 66 78 79
1 59 69 78 79
1 59 67 68 78 79
1 57 58 69 78 79
1 57 58 67 68 78 79
1 55 69
1 55 67 68
1 53
1 53 67
1 53 65 66
1 53 61
1 53 61 67
1 53 61 65
1 53 61 65 66
1 53 59 69
1 53 59 67 68
1 53 57 58 69
1 53 57 58 67 68
1 46
1 42
1 42 59 78 79
1 42 57 58 78 79
1 42 55
1 42 53 59
1 42 53 57 58
1 42 48 57 59 73 75 78
1 42 48 57 59 73 75 76 77
1 42 48 57 59 73 74 78
1 42 48 57 59 73 74 76 77
1 42 48 57 59 71 72 75 78
1 42 48 57 59 71 72 75 76 77
1 42 48 57 59 71 72 73 74 78
1 42 48 57 59 71 72 73 74 76 77
1 42 48 51 57 59 73 75
1 42 48 51 57 59 73 74
1 42 48 51 57 59 71 72 75
1 42 48 51 57 59 71 72 73 74
1 42 46 48 57 59 75 78
1 42 46 48 57 59 75 76 77
1 42 46 48 57 59 73 74 78
1 42 46 48 57 59 73 74 76 77
1 42 46 48 51 57 59 75
1 42 46 48 51 57 59 73 74
1 42 46 47 57 59 78
1 42 46 47 57 59 76 77
1 42 46 47 57 59 75 78
1 42 46 47 57 59 75 76 77
1 42 46 47 57 59 73 78
1 42 46 47 57 59 73 76 77
1 42 46 47 57 59 73 75 78
1 42 46 47 57 59 73 75 76 77
1 42 46 47 57 59 71 72 78
1 42 46 47 57 59 71 72 76 77
1 42 46 47 57 59 71 72 75 78
1 42 46 47 57 59 71 72 75 76 77
1 42 46 47 57 59 71 72 73 74 78
1 42 46 47 57 59 71 72 73 74 76 77
1 42 46 47 51 57 59
1 42 46 47 51 57 59 75
1 42 46 47 51 57 59 73
1 42 46 47 51 57 59 73 75
1 42 46 47 51 57 59 71 72
1 42 46 47 51 57 59 71 72 75
1 42 46 47 51 57 59 71 72 73 74
1 42 46 47 48 57 59 78
1 42 46 47 48 57 59 76 77
1 42 46 47 48 57 59 73 78
1 42 46 47 48 57 59 73 76 77
1 42 46 47 48 57 59 71 72 78
1 42 46 47 48 57 59 71 72 76 77
1 42 46 47 48 51 57 59
1 42 46 47 48 51 57 59 73
1 42 46 47 48 51 57 59 71 72
1 40
1 40 78 79
1 40 61 78 79
1 40 53
1 40 53 61
1 40 41 48 57 59 73 75 78
1 40 41 48 57 59 73 75 76 77
1 40 41 48 57 59 73 74 78
1 40 41 48 57 59 73 74 76 77
1 40 41 48 57 59 71 72 75 78
1 40 41 48 57 59 71 72 75 76 77
1 40 41 48 57 59 71 72 73 74 78
1 40 41 48 57 59 71 72 73 74 76 77
1 40 41 48 51 57 59 73 75
1 40 41 48 51 57 59 73 74
1 40 41 48 51 57 59 71 72 75
1 40 41 48 51 57 59 71 72 73 74
1 40 41 46 48 57 59 75 78
1 40 41 46 48 57 59 75 76 77
1 40 41 46 48 57 59 73 74 78
1 40 41 46 48 57 59 73 74 76 77
1 40 41 46 48 51 57 59 75
1 40 41 46 48 51 57 59 73 74
1 40 41 46 47 57 59 78
1 40 41 46 47 57 59 76 77
1 40 41 46 47 57 59 75 78
1 40 41 46 47 57 59 75 76 77
1 40 41 46 47 57 59 73 78
1 40 41 46 47 57 59 73 76 77
1 40 41 46 47 57 59 73 75 78
1 40 41 46 47 57 59 73 75 76 77
1 40 41 46 47 57 59 71 72 78
1 40 41 46 47 57 59 71 72 76 77
1 40 41 46 47 57 59 71 72 75 78
1 40 41 46 47 57 59 71 72 75 76 77
1 40 41 46 47 57 59 71 72 73 74 78
1 40 41 46 47 57 59 71 72 73 74 76 77
1 40 41 46 47 51 57 59
1 40 41 46 47 51 57 59 75
1 40 41 46 47 51 57 59 73
1 40 41 46 47 51 57 59 73 75
1 40 41 46 47 51 57 59 71 72
1 40 41 46 47 51 57 59 71 72 75
1 40 41 46 47 51 57 59 71 72 73 74
1 40 41 46 47 48 57 59 78
1 40 41 46 47 48 57 59 76 77
1 40 41 46 47 48 57 59 73 78
1 40 41 46 47 48 57 59 73 76 77
1 40 41 46 47 48 57 59 71 72 78
1 40 41 46 47 48 57 59 71 72 76 77
1 40 41 46 47 48 51 57 59
1 40 41 46 47 48 51 57 59 73
1 40 41 46 47 48 51 57 59 71 72
1 38 68 69
1 38 67 68
1 38 61 67 78 79
1 38 61 65 66 78 79
1 38 53 61 67
1 38 53 61 65 66
1 38 42 68
1 38 40 61 78 79
1 38 40 53 61
1 34 78 79
1 34 68
1 34 53
1 32 69 78 79
1 32 67 68 78 79
1 32 53 69
1 32 53 67 68
1 32 42 78 79
1 32 42 53
1 25 69
1 25 68
1 25 67 68
1 25 42
1 23 24 68
1 21 42 57 59 73 78
1 21 42 57 59 73 76 77
1 21 42 57 59 73 75 78
1 21 42 57 59 73 75 76 77
1 21 42 57 59 73 74 78
1 21 42 57 59 73 74 76 77
1 21 42 57 59 71 72 78
1 21 42 57 59 71 72 76 77
1 21 42 57 59 71 72 75 78
1 21 42 57 59 71 72 75 76 77
1 21 42 57 59 71 72 73 74 78
1 21 42 57 59 71 72 73 74 76 77
1 21 42 51 57 59 73
1 21 42 51 57 59 73 75
1 21 42 51 57 59 73 74
1 21 42 51 57 59 71 72
1 21 42 51 57 59 71 72 75
1 21 42 51 57 59 71 72 73 74
1 21 42 48 57 59 73 78
1 21 42 48 57 59 73 76 77
1 21 42 48 57 59 71 72 78
1 21 42 48 57 59 71 72 76 77
1 21 42 48 51 57 59 73
1 21 42 48 51 57 59 71 72
1 21 42 46 57 59 78
1 21 42 46 57 59 76 77
1 21 42 46 57 59 75 78
1 21 42 46 57 59 75 76 77
1 21 42 46 57 59 73 74 78
1 21 42 46 57 59 73 74 76 77
1 21 42 46 51 57 59
1 21 42 46 51 57 59 75
1 21 42 46 51 57 59 73 74
1 21 42 46 48 57 59 78
1 21 42 46 48 57 59 76 77
1 21 42 46 48 51 57 59
1 21 40 41 57 59 73 78
1 21 40 41 57 59 73 76 77
1 21 40 41 57 59 73 75 78
1 21 40 41 57 59 73 75 76 77
1 21 40 41 57 59 73 74 78
1 21 40 41 57 59 73 74 76 77
1 21 40 41 57 59 71 72 78
1 21 40 41 57 59 71 72 76 77
1 21 40 41 57 59 71 72 75 78
1 21 40 41 57 59 71 72 75 76 77
1 21 40 41 57 59 71 72 73 74 78
1 21 40 41 57 59 71 72 73 74 76 77
1 21 40 41 51 57 59 73
1 21 40 41 51 57 59 73 75
1 21 40 41 51 57 59 73 74
1 21 40 41 51 57 59 71 72
1 21 40 41 51 57 59 71 72 75
1 21 40 41 51 57 59 71 72 73 74
1 21 40 41 48 57 59 73 78
1 21 40 41 48 57 59 73 76 77
1 21 40 41 48 57 59 71 72 78
1 21 40 41 48 57 59 71 72 76 77
1 21 40 41 48 51 57 59 73
1 21 40 41 48 51 57 59 71 72
1 21 40 41 46 57 59 78
1 21 40 41 46 57 59 76 77
1 21 40 41 46 57 59 75 78
1 21 40 41 46 57 59 75 76 77
1 21 40 41 46 57 59 73 74 78
1 21 40 41 46 57 59 73 74 76 77
1 21 40 41 46 51 57 59
1 21 40 41 46 51 57 59 75
1 21 40 41 46 51 57 59 73 74
1 21 40 41 46 48 57 59 78
1 21 40 41 46 48 57 59 76 77
1 21 40 41 46 48 51 57 59
1 15 48 57 59 73 75 78
1 15 48 57 59 73 75 76 77
1 15 48 57 59 73 74 78
1 15 48 57 59 73 74 76 77
1 15 48 57 59 71 72 75 78
1 15 48 57 59 71 72 75 76 77
1 15 48 57 59 71 72 73 74 78
1 15 48 57 59 71 72 73 74 76 77
1 15 48 51 57 59 73 75
1 15 48 51 57 59 73 74
1 15 48 51 57 59 71 72 75
1 15 48 51 57 59 71 72 73 74
1 15 46 48 57 59 75 78
1 15 46 48 57 59 75 76 77
1 15 46 48 57 59 73 74 78
1 15 46 48 57 59 73 74 76 77
1 15 46 48 51 57 59 75
1 15 46 48 51 57 59 73 74
1 15 46 47 57 59 78
1 15 46 47 57 59 76 77
1 15 46 47 57 59 75 78
1 15 46 47 57 59 75 76 77
1 15 46 47 57 59 73 78
1 15 46 47 57 59 73 76 77
1 15 46 47 57 59 73 75 78
1 15 46 47 57 59 73 75 76 77
1 15 46 47 57 59 71 72 78
1 15 46 47 57 59 71 72 76 77
1 15 46 47 57 59 71 72 75 78
1 15 46 47 57 59 71 72 75 76 77
1 15 46 47 57 59 71 72 73 74 78
1 15 46 47 57 59 71 72 73 74 76 77
1 15 46 47 51 57 59
1 15 46 47 51 57 59 75
1 15 46 47 51 57 59 73
1 15 46 47 51 57 59 73 75
1 15 46 47 51 57 59 71 72
1 15 46 47 51 57 59 71 72 75
1 15 46 47 51 57 59 71 72 73 74
1 15 46 47 48 57 59 78
1 15 46 47 48 57 59 76 77
1 15 46 47 48 57 59 73 78
1 15 46 47 48 57 59 73 76 77
1 15 46 47 48 57 59 71 72 78
1 15 46 47 48 57 59 71 72 76 77
1 15 46 47 48 51 57 59
1 15 46 47 48 51 57 59 73
1 15 46 47 48 51 57 59 71 72
1 15 21 57 59 73 78
1 15 21 57 59 73 76 77
1 15 21 57 59 73 75 78
1 15 21 57 59 73 75 76 77
1 15 21 57 59 73 74 78
1 15 21 57 59 73 74 76 77
1 15 21 57 59 71 72 78
1 15 21 57 59 71 72 76 77
1 15 21 57 59 71 72 75 78
1 15 21 57 59 71 72 75 76 77
1 15 21 57 59 71 72 73 74 78
1 15 21 57 59 71 72 73 74 76 77
1 15 21 51 57 59 73
1 15 21 51 57 59 73 75
1 15 21 51 57 59 73 74
1 15 21 51 57 59 71 72
1 15 21 51 57 59 71 72 75
1 15 21 51 57 59 71 72 73 74
1 15 21 48 57 59 73 78
1 15 21 48 57 59 73 76 77
1 15 21 48 57 59 71 72 78
1 15 21 48 57 59 71 72 76 77
1 15 21 48 51 57 59 73
1 15 21 48 51 57 59 71 72
1 15 21 46 57 59 78
1 15 21 46 57 59 76 77
1 15 21 46 57 59 75 78
1 15 21 46 57 59 75 76 77
1 15 21 46 57 59 73 74 78
1 15 21 46 57 59 73 74 76 77
1 15 21 46 51 57 59
1 15 21 46 51 57 59 75
1 15 21 46 51 57 59 73 74
1 15 21 46 48 57 59 78
1 15 21 46 48 57 59 76 77
1 15 21 46 48 51 57 59
0 68
0 68 69 78 79
0 67 68
0 67 68 78 79
0 65 66 68
0 61 68 78 79
0 59 68
0 53 68 69
0 53 67 68
0 53 61 68
0 42 68 78 79
0 42 53 68
0 40 68
0 20 68
