59 61 65 73 77
59 61 65 73 75 76
59 61 65 71 72 77
59 61 65 71 72 75 76
59 61 63 64 73 77
59 61 63 64 73 75 76
59 61 63 64 71 72 77
59 61 63 64 71 72 75 76
59 60 61 65 73 77
59 60 61 65 73 75 76
59 60 61 65 71 72 77
59 60 61 65 71 72 75 76
59 60 61 63 64 73 77
59 60 61 63 64 73 75 76
59 60 61 63 64 71 72 77
59 60 61 63 64 71 72 75 76
50 59 61 65 73
50 59 61 65 71 72
50 59 61 63 64 73
50 59 61 63 64 71 72
50 59 60 61 65 73
50 59 60 61 65 71 72
50 59 60 61 63 64 73
50 59 60 61 63 64 71 72
46 59 61 65 77
46 59 61 65 75 76
46 59 61 63 64 77
46 59 61 63 64 75 76
46 59 60 61 65 77
46 59 60 61 65 75 76
46 59 60 61 63 64 77
46 59 60 61 63 64 75 76
46 50 59 61 65
46 50 59 61 63 64
46 50 59 60 61 65
46 50 59 60 61 63 64
38 59 61 73 77
38 59 61 73 75 76
38 59 61 71 72 77
38 59 61 71 72 75 76
38 59 60 61 73 77
38 59 60 61 73 75 76
38 59 60 61 71 72 77
38 59 60 61 71 72 75 76
38 50 59 61 73
38 50 59 61 71 72
38 50 59 60 61 73
38 50 59 60 61 71 72
38 46 59 61 77
38 46 59 61 75 76
38 46 59 60 61 77
38 46 59 60 61 75 76
38 46 50 59 61
38 46 50 59 60 61
34 59 61 65 73 77
34 59 61 65 73 75 76
34 59 61 65 71 72 77
34 59 61 65 71 72 75 76
34 59 61 63 64 73 77
34 59 61 63 64 73 75 76
34 59 61 63 64 71 72 77
34 59 61 63 64 71 72 75 76
34 50 59 61 65 73
34 50 59 61 65 71 72
34 50 59 61 63 64 73
34 50 59 61 63 64 71 72
34 46 59 61 65 77
34 46 59 61 65 75 76
34 46 59 61 63 64 77
34 46 59 61 63 64 75 76
34 46 50 59 61 65
34 46 50 59 61 63 64
34 38 59 61 73 77
34 38 59 61 73 75 76
34 38 59 61 71 72 77
34 38 59 61 71 72 75 76
34 38 50 59 61 73
34 38 50 59 61 71 72
34 38 46 59 61 77
34 38 46 59 61 75 76
34 38 46 50 59 61
42 57 59 61 65 73 77
42 57 59 61 65 73 75 76
42 57 59 61 65 71 72 77
42 57 59 61 65 71 72 75 76
42 57 59 61 63 64 73 77
42 57 59 61 63 64 73 75 76
42 57 59 61 63 64 71 72 77
42 57 59 61 63 64 71 72 75 76
42 57 59 60 61 65 73 77
42 57 59 60 61 65 73 75 76
42 57 59 60 61 65 71 72 77
42 57 59 60 61 65 71 72 75 76
42 57 59 60 61 63 64 73 77
42 57 59 60 61 63 64 73 75 76
42 57 59 60 61 63 64 71 72 77
42 57 59 60 61 63 64 71 72 75 76
42 50 57 59 61 65 73
42 50 57 59 61 65 71 72
42 50 57 59 61 63 64 73
42 50 57 59 61 63 64 71 72
42 50 57 59 60 61 65 73
42 50 57 59 60 61 65 71 72
42 50 57 59 60 61 63 64 73
42 50 57 59 60 61 63 64 71 72
42 46 57 59 61 65 77
42 46 57 59 61 65 75 76
42 46 57 59 61 63 64 77
42 46 57 59 61 63 64 75 76
42 46 57 59 60 61 65 77
42 46 57 59 60 61 65 75 76
42 46 57 59 60 61 63 64 77
42 46 57 59 60 61 63 64 75 76
42 46 50 57 59 61 65
42 46 50 57 59 61 63 64
42 46 50 57 59 60 61 65
42 46 50 57 59 60 61 63 64
40 41 57 59 61 65 73 77
40 41 57 59 61 65 73 75 76
40 41 57 59 61 65 71 72 77
40 41 57 59 61 65 71 72 75 76
40 41 57 59 61 63 64 73 77
40 41 57 59 61 63 64 73 75 76
40 41 57 59 61 63 64 71 72 77
40 41 57 59 61 63 64 71 72 75 76
40 41 57 59 60 61 65 73 77
40 41 57 59 60 61 65 73 75 76
40 41 57 59 60 61 65 71 72 77
40 41 57 59 60 61 65 71 72 75 76
40 41 57 59 60 61 63 64 73 77
40 41 57 59 60 61 63 64 73 75 76
40 41 57 59 60 61 63 64 71 72 77
40 41 57 59 60 61 63 64 71 72 75 76
40 41 50 57 59 61 65 73
40 41 50 57 59 61 65 71 72
40 41 50 57 59 61 63 64 73
40 41 50 57 59 61 63 64 71 72
40 41 50 57 59 60 61 65 73
40 41 50 57 59 60 61 65 71 72
40 41 50 57 59 60 61 63 64 73
40 41 50 57 59 60 61 63 64 71 72
40 41 46 57 59 61 65 77
40 41 46 57 59 61 65 75 76
40 41 46 57 59 61 63 64 77
40 41 46 57 59 61 63 64 75 76
40 41 46 57 59 60 61 65 77
40 41 46 57 59 60 61 65 75 76
40 41 46 57 59 60 61 63 64 77
40 41 46 57 59 60 61 63 64 75 76
40 41 46 50 57 59 61 65
40 41 46 50 57 59 61 63 64
40 41 46 50 57 59 60 61 65
40 41 46 50 57 59 60 61 63 64
38 42 57 59 61 73 77
38 42 57 59 61 73 75 76
38 42 57 59 61 71 72 77
38 42 57 59 61 71 72 75 76
38 42 57 59 60 61 73 77
38 42 57 59 60 61 73 75 76
38 42 57 59 60 61 71 72 77
38 42 57 59 60 61 71 72 75 76
38 42 50 57 59 61 73
38 42 50 57 59 61 71 72
38 42 50 57 59 60 61 73
38 42 50 57 59 60 61 71 72
38 42 46 57 59 61 77
38 42 46 57 59 61 75 76
38 42 46 57 59 60 61 77
38 42 46 57 59 60 61 75 76
38 42 46 50 57 59 61
38 42 46 50 57 59 60 61
38 40 41 57 59 61 73 77
38 40 41 57 59 61 73 75 76
38 40 41 57 59 61 71 72 77
38 40 41 57 59 61 71 72 75 76
38 40 41 57 59 60 61 73 77
38 40 41 57 59 60 61 73 75 76
38 40 41 57 59 60 61 71 72 77
38 40 41 57 59 60 61 71 72 75 76
38 40 41 50 57 59 61 73
38 40 41 50 57 59 61 71 72
38 40 41 50 57 59 60 61 73
38 40 41 50 57 59 60 61 71 72
38 40 41 46 57 59 61 77
38 40 41 46 57 59 61 75 76
38 40 41 46 57 59 60 61 77
38 40 41 46 57 59 60 61 75 76
38 40 41 46 50 57 59 61
38 40 41 46 50 57 59 60 61
34 42 57 59 61 65 73 77
34 42 57 59 61 65 73 75 76
34 42 57 59 61 65 71 72 77
34 42 57 59 61 65 71 72 75 76
34 42 57 59 61 63 64 73 77
34 42 57 59 61 63 64 73 75 76
34 42 57 59 61 63 64 71 72 77
34 42 57 59 61 63 64 71 72 75 76
34 42 50 57 59 61 65 73
34 42 50 57 59 61 65 71 72
34 42 50 57 59 61 63 64 73
34 42 50 57 59 61 63 64 71 72
34 42 46 57 59 61 65 77
34 42 46 57 59 61 65 75 76
34 42 46 57 59 61 63 64 77
34 42 46 57 59 61 63 64 75 76
34 42 46 50 57 59 61 65
34 42 46 50 57 59 61 63 64
34 40 41 57 59 61 65 73 77
34 40 41 57 59 61 65 73 75 76
34 40 41 57 59 61 65 71 72 77
34 40 41 57 59 61 65 71 72 75 76
34 40 41 57 59 61 63 64 73 77
34 40 41 57 59 61 63 64 73 75 76
34 40 41 57 59 61 63 64 71 72 77
34 40 41 57 59 61 63 64 71 72 75 76
34 40 41 50 57 59 61 65 73
34 40 41 50 57 59 61 65 71 72
34 40 41 50 57 59 61 63 64 73
34 40 41 50 57 59 61 63 64 71 72
34 40 41 46 57 59 61 65 77
34 40 41 46 57 59 61 65 75 76
34 40 41 46 57 59 61 63 64 77
34 40 41 46 57 59 61 63 64 75 76
34 40 41 46 50 57 59 61 65
34 40 41 46 50 57 59 61 63 64
34 38 42 57 59 61 73 77
34 38 42 57 59 61 73 75 76
34 38 42 57 59 61 71 72 77
34 38 42 57 59 61 71 72 75 76
34 38 42 50 57 59 61 73
34 38 42 50 57 59 61 71 72
34 38 42 46 57 59 61 77
34 38 42 46 57 59 61 75 76
34 38 42 46 50 57 59 61
34 38 40 41 57 59 61 73 77
34 38 40 41 57 59 61 73 75 76
34 38 40 41 57 59 61 71 72 77
34 38 40 41 57 59 61 71 72 75 76
34 38 40 41 50 57 59 61 73
34 38 40 41 50 57 59 61 71 72
34 38 40 41 46 57 59 61 77
34 38 40 41 46 57 59 61 75 76
34 38 40 41 46 50 57 59 61
15 57 59 61 65 73 77
15 57 59 61 65 73 75 76
15 57 59 61 65 71 72 77
15 57 59 61 65 71 72 75 76
15 57 59 61 63 64 73 77
15 57 59 61 63 64 73 75 76
15 57 59 61 63 64 71 72 77
15 57 59 61 63 64 71 72 75 76
15 57 59 60 61 65 73 77
15 57 59 60 61 65 73 75 76
15 57 59 60 61 65 71 72 77
15 57 59 60 61 65 71 72 75 76
15 57 59 60 61 63 64 73 77
15 57 59 60 61 63 64 73 75 76
15 57 59 60 61 63 64 71 72 77
15 57 59 60 61 63 64 71 72 75 76
15 50 57 59 61 65 73
15 50 57 59 61 65 71 72
15 50 57 59 61 63 64 73
15 50 57 59 61 63 64 71 72
15 50 57 59 60 61 65 73
15 50 57 59 60 61 65 71 72
15 50 57 59 60 61 63 64 73
15 50 57 59 60 61 63 64 71 72
15 46 57 59 61 65 77
15 46 57 59 61 65 75 76
15 46 57 59 61 63 64 77
15 46 57 59 61 63 64 75 76
15 46 57 59 60 61 65 77
15 46 57 59 60 61 65 75 76
15 46 57 59 60 61 63 64 77
15 46 57 59 60 61 63 64 75 76
15 46 50 57 59 61 65
15 46 50 57 59 61 63 64
15 46 50 57 59 60 61 65
15 46 50 57 59 60 61 63 64
15 38 57 59 61 73 77
15 38 57 59 61 73 75 76
15 38 57 59 61 71 72 77
15 38 57 59 61 71 72 75 76
15 38 57 59 60 61 73 77
15 38 57 59 60 61 73 75 76
15 38 57 59 60 61 71 72 77
15 38 57 59 60 61 71 72 75 76
15 38 50 57 59 61 73
15 38 50 57 59 61 71 72
15 38 50 57 59 60 61 73
15 38 50 57 59 60 61 71 72
15 38 46 57 59 61 77
15 38 46 57 59 61 75 76
15 38 46 57 59 60 61 77
15 38 46 57 59 60 61 75 76
15 38 46 50 57 59 61
15 38 46 50 57 59 60 61
15 34 57 59 61 65 73 77
15 34 57 59 61 65 73 75 76
15 34 57 59 61 65 71 72 77
15 34 57 59 61 65 71 72 75 76
15 34 57 59 61 63 64 73 77
15 34 57 59 61 63 64 73 75 76
15 34 57 59 61 63 64 71 72 77
15 34 57 59 61 63 64 71 72 75 76
15 34 50 57 59 61 65 73
15 34 50 57 59 61 65 71 72
15 34 50 57 59 61 63 64 73
15 34 50 57 59 61 63 64 71 72
15 34 46 57 59 61 65 77
15 34 46 57 59 61 65 75 76
15 34 46 57 59 61 63 64 77
15 34 46 57 59 61 63 64 75 76
15 34 46 50 57 59 61 65
15 34 46 50 57 59 61 63 64
15 34 38 57 59 61 73 77
15 34 38 57 59 61 73 75 76
15 34 38 57 59 61 71 72 77
15 34 38 57 59 61 71 72 75 76
15 34 38 50 57 59 61 73
15 34 38 50 57 59 61 71 72
15 34 38 46 57 59 61 77
15 34 38 46 57 59 61 75 76
15 34 38 46 50 57 59 61
55 59 69 70
53 54 59 69 70
28 59 69 70
3 42 57 59 61 65 73 77
3 42 57 59 61 65 73 75 76
3 42 57 59 61 65 71 72 77
3 42 57 59 61 65 71 72 75 76
3 42 57 59 61 63 64 73 77
3 42 57 59 61 63 64 73 75 76
3 42 57 59 61 63 64 71 72 77
3 42 57 59 61 63 64 71 72 75 76
3 42 57 59 60 61 65 73 77
3 42 57 59 60 61 65 73 75 76
3 42 57 59 60 61 65 71 72 77
3 42 57 59 60 61 65 71 72 75 76
3 42 57 59 60 61 63 64 73 77
3 42 57 59 60 61 63 64 73 75 76
3 42 57 59 60 61 63 64 71 72 77
3 42 57 59 60 61 63 64 71 72 75 76
3 42 50 57 59 61 65 73
3 42 50 57 59 61 65 71 72
3 42 50 57 59 61 63 64 73
3 42 50 57 59 61 63 64 71 72
3 42 50 57 59 60 61 65 73
3 42 50 57 59 60 61 65 71 72
3 42 50 57 59 60 61 63 64 73
3 42 50 57 59 60 61 63 64 71 72
3 42 46 57 59 61 65 77
3 42 46 57 59 61 65 75 76
3 42 46 57 59 61 63 64 77
3 42 46 57 59 61 63 64 75 76
3 42 46 57 59 60 61 65 77
3 42 46 57 59 60 61 65 75 76
3 42 46 57 59 60 61 63 64 77
3 42 46 57 59 60 61 63 64 75 76
3 42 46 50 57 59 61 65
3 42 46 50 57 59 61 63 64
3 42 46 50 57 59 60 61 65
3 42 46 50 57 59 60 61 63 64
3 40 41 57 59 61 65 73 77
3 40 41 57 59 61 65 73 75 76
3 40 41 57 59 61 65 71 72 77
3 40 41 57 59 61 65 71 72 75 76
3 40 41 57 59 61 63 64 73 77
3 40 41 57 59 61 63 64 73 75 76
3 40 41 57 59 61 63 64 71 72 77
3 40 41 57 59 61 63 64 71 72 75 76
3 40 41 57 59 60 61 65 73 77
3 40 41 57 59 60 61 65 73 75 76
3 40 41 57 59 60 61 65 71 72 77
3 40 41 57 59 60 61 65 71 72 75 76
3 40 41 57 59 60 61 63 64 73 77
3 40 41 57 59 60 61 63 64 73 75 76
3 40 41 57 59 60 61 63 64 71 72 77
3 40 41 57 59 60 61 63 64 71 72 75 76
3 40 41 50 57 59 61 65 73
3 40 41 50 57 59 61 65 71 72
3 40 41 50 57 59 61 63 64 73
3 40 41 50 57 59 61 63 64 71 72
3 40 41 50 57 59 60 61 65 73
3 40 41 50 57 59 60 61 65 71 72
3 40 41 50 57 59 60 61 63 64 73
3 40 41 50 57 59 60 61 63 64 71 72
3 40 41 46 57 59 61 65 77
3 40 41 46 57 59 61 65 75 76
3 40 41 46 57 59 61 63 64 77
3 40 41 46 57 59 61 63 64 75 76
3 40 41 46 57 59 60 61 65 77
3 40 41 46 57 59 60 61 65 75 76
3 40 41 46 57 59 60 61 63 64 77
3 40 41 46 57 59 60 61 63 64 75 76
3 40 41 46 50 57 59 61 65
3 40 41 46 50 57 59 61 63 64
3 40 41 46 50 57 59 60 61 65
3 40 41 46 50 57 59 60 61 63 64
3 38 42 57 59 61 73 77
3 38 42 57 59 61 73 75 76
3 38 42 57 59 61 71 72 77
3 38 42 57 59 61 71 72 75 76
3 38 42 57 59 60 61 73 77
3 38 42 57 59 60 61 73 75 76
3 38 42 57 59 60 61 71 72 77
3 38 42 57 59 60 61 71 72 75 76
3 38 42 50 57 59 61 73
3 38 42 50 57 59 61 71 72
3 38 42 50 57 59 60 61 73
3 38 42 50 57 59 60 61 71 72
3 38 42 46 57 59 61 77
3 38 42 46 57 59 61 75 76
3 38 42 46 57 59 60 61 77
3 38 42 46 57 59 60 61 75 76
3 38 42 46 50 57 59 61
3 38 42 46 50 57 59 60 61
3 38 40 41 57 59 61 73 77
3 38 40 41 57 59 61 73 75 76
3 38 40 41 57 59 61 71 72 77
3 38 40 41 57 59 61 71 72 75 76
3 38 40 41 57 59 60 61 73 77
3 38 40 41 57 59 60 61 73 75 76
3 38 40 41 57 59 60 61 71 72 77
3 38 40 41 57 59 60 61 71 72 75 76
3 38 40 41 50 57 59 61 73
3 38 40 41 50 57 59 61 71 72
3 38 40 41 50 57 59 60 61 73
3 38 40 41 50 57 59 60 61 71 72
3 38 40 41 46 57 59 61 77
3 38 40 41 46 57 59 61 75 76
3 38 40 41 46 57 59 60 61 77
3 38 40 41 46 57 59 60 61 75 76
3 38 40 41 46 50 57 59 61
3 38 40 41 46 50 57 59 60 61
3 34 42 57 59 61 65 73 77
3 34 42 57 59 61 65 73 75 76
3 34 42 57 59 61 65 71 72 77
3 34 42 57 59 61 65 71 72 75 76
3 34 42 57 59 61 63 64 73 77
3 34 42 57 59 61 63 64 73 75 76
3 34 42 57 59 61 63 64 71 72 77
3 34 42 57 59 61 63 64 71 72 75 76
3 34 42 50 57 59 61 65 73
3 34 42 50 57 59 61 65 71 72
3 34 42 50 57 59 61 63 64 73
3 34 42 50 57 59 61 63 64 71 72
3 34 42 46 57 59 61 65 77
3 34 42 46 57 59 61 65 75 76
3 34 42 46 57 59 61 63 64 77
3 34 42 46 57 59 61 63 64 75 76
3 34 42 46 50 57 59 61 65
3 34 42 46 50 57 59 61 63 64
3 34 40 41 57 59 61 65 73 77
3 34 40 41 57 59 61 65 73 75 76
3 34 40 41 57 59 61 65 71 72 77
3 34 40 41 57 59 61 65 71 72 75 76
3 34 40 41 57 59 61 63 64 73 77
3 34 40 41 57 59 61 63 64 73 75 76
3 34 40 41 57 59 61 63 64 71 72 77
3 34 40 41 57 59 61 63 64 71 72 75 76
3 34 40 41 50 57 59 61 65 73
3 34 40 41 50 57 59 61 65 71 72
3 34 40 41 50 57 59 61 63 64 73
3 34 40 41 50 57 59 61 63 64 71 72
3 34 40 41 46 57 59 61 65 77
3 34 40 41 46 57 59 61 65 75 76
3 34 40 41 46 57 59 61 63 64 77
3 34 40 41 46 57 59 61 63 64 75 76
3 34 40 41 46 50 57 59 61 65
3 34 40 41 46 50 57 59 61 63 64
3 34 38 42 57 59 61 73 77
3 34 38 42 57 59 61 73 75 76
3 34 38 42 57 59 61 71 72 77
3 34 38 42 57 59 61 71 72 75 76
3 34 38 42 50 57 59 61 73
3 34 38 42 50 57 59 61 71 72
3 34 38 42 46 57 59 61 77
3 34 38 42 46 57 59 61 75 76
3 34 38 42 46 50 57 59 61
3 34 38 40 41 57 59 61 73 77
3 34 38 40 41 57 59 61 73 75 76
3 34 38 40 41 57 59 61 71 72 77
3 34 38 40 41 57 59 61 71 72 75 76
3 34 38 40 41 50 57 59 61 73
3 34 38 40 41 50 57 59 61 71 72
3 34 38 40 41 46 57 59 61 77
3 34 38 40 41 46 57 59 61 75 76
3 34 38 40 41 46 50 57 59 61
3 15 57 59 61 65 73 77
3 15 57 59 61 65 73 75 76
3 15 57 59 61 65 71 72 77
3 15 57 59 61 65 71 72 75 76
3 15 57 59 61 63 64 73 77
3 15 57 59 61 63 64 73 75 76
3 15 57 59 61 63 64 71 72 77
3 15 57 59 61 63 64 71 72 75 76
3 15 57 59 60 61 65 73 77
3 15 57 59 60 61 65 73 75 76
3 15 57 59 60 61 65 71 72 77
3 15 57 59 60 61 65 71 72 75 76
3 15 57 59 60 61 63 64 73 77
3 15 57 59 60 61 63 64 73 75 76
3 15 57 59 60 61 63 64 71 72 77
3 15 57 59 60 61 63 64 71 72 75 76
3 15 50 57 59 61 65 73
3 15 50 57 59 61 65 71 72
3 15 50 57 59 61 63 64 73
3 15 50 57 59 61 63 64 71 72
3 15 50 57 59 60 61 65 73
3 15 50 57 59 60 61 65 71 72
3 15 50 57 59 60 61 63 64 73
3 15 50 57 59 60 61 63 64 71 72
3 15 46 57 59 61 65 77
3 15 46 57 59 61 65 75 76
3 15 46 57 59 61 63 64 77
3 15 46 57 59 61 63 64 75 76
3 15 46 57 59 60 61 65 77
3 15 46 57 59 60 61 65 75 76
3 15 46 57 59 60 61 63 64 77
3 15 46 57 59 60 61 63 64 75 76
3 15 46 50 57 59 61 65
3 15 46 50 57 59 61 63 64
3 15 46 50 57 59 60 61 65
3 15 46 50 57 59 60 61 63 64
3 15 38 57 59 61 73 77
3 15 38 57 59 61 73 75 76
3 15 38 57 59 61 71 72 77
3 15 38 57 59 61 71 72 75 76
3 15 38 57 59 60 61 73 77
3 15 38 57 59 60 61 73 75 76
3 15 38 57 59 60 61 71 72 77
3 15 38 57 59 60 61 71 72 75 76
3 15 38 50 57 59 61 73
3 15 38 50 57 59 61 71 72
3 15 38 50 57 59 60 61 73
3 15 38 50 57 59 60 61 71 72
3 15 38 46 57 59 61 77
3 15 38 46 57 59 61 75 76
3 15 38 46 57 59 60 61 77
3 15 38 46 57 59 60 61 75 76
3 15 38 46 50 57 59 61
3 15 38 46 50 57 59 60 61
3 15 34 57 59 61 65 73 77
3 15 34 57 59 61 65 73 75 76
3 15 34 57 59 61 65 71 72 77
3 15 34 57 59 61 65 71 72 75 76
3 15 34 57 59 61 63 64 73 77
3 15 34 57 59 61 63 64 73 75 76
3 15 34 57 59 61 63 64 71 72 77
3 15 34 57 59 61 63 64 71 72 75 76
3 15 34 50 57 59 61 65 73
3 15 34 50 57 59 61 65 71 72
3 15 34 50 57 59 61 63 64 73
3 15 34 50 57 59 61 63 64 71 72
3 15 34 46 57 59 61 65 77
3 15 34 46 57 59 61 65 75 76
3 15 34 46 57 59 61 63 64 77
3 15 34 46 57 59 61 63 64 75 76
3 15 34 46 50 57 59 61 65
3 15 34 46 50 57 59 61 63 64
3 15 34 38 57 59 61 73 77
3 15 34 38 57 59 61 73 75 76
3 15 34 38 57 59 61 71 72 77
3 15 34 38 57 59 61 71 72 75 76
3 15 34 38 50 57 59 61 73
3 15 34 38 50 57 59 61 71 72
3 15 34 38 46 57 59 61 77
3 15 34 38 46 57 59 61 75 76
3 15 34 38 46 50 57 59 61
55 61 69
55 61 67 68
53 54 61 69
53 54 61 67 68
42 55 61
42 53 54 61
28 61 69
28 61 67 68
28 42 61
53 54 61
28 61
42 43
34 78 79
34 55
34 53
17
30 42 57 59 61 65 73 77
30 42 57 59 61 65 73 75 76
30 42 57 59 61 65 71 72 77
30 42 57 59 61 65 71 72 75 76
30 42 57 59 61 63 64 73 77
30 42 57 59 61 63 64 73 75 76
30 42 57 59 61 63 64 71 72 77
30 42 57 59 61 63 64 71 72 75 76
30 42 57 59 60 61 65 73 77
30 42 57 59 60 61 65 73 75 76
30 42 57 59 60 61 65 71 72 77
30 42 57 59 60 61 65 71 72 75 76
30 42 57 59 60 61 63 64 73 77
30 42 57 59 60 61 63 64 73 75 76
30 42 57 59 60 61 63 64 71 72 77
30 42 57 59 60 61 63 64 71 72 75 76
30 42 50 57 59 61 65 73
30 42 50 57 59 61 65 71 72
30 42 50 57 59 61 63 64 73
30 42 50 57 59 61 63 64 71 72
30 42 50 57 59 60 61 65 73
30 42 50 57 59 60 61 65 71 72
30 42 50 57 59 60 61 63 64 73
30 42 50 57 59 60 61 63 64 71 72
30 42 46 57 59 61 65 77
30 42 46 57 59 61 65 75 76
30 42 46 57 59 61 63 64 77
30 42 46 57 59 61 63 64 75 76
30 42 46 57 59 60 61 65 77
30 42 46 57 59 60 61 65 75 76
30 42 46 57 59 60 61 63 64 77
30 42 46 57 59 60 61 63 64 75 76
30 42 46 50 57 59 61 65
30 42 46 50 57 59 61 63 64
30 42 46 50 57 59 60 61 65
30 42 46 50 57 59 60 61 63 64
30 40 41 57 59 61 65 73 77
30 40 41 57 59 61 65 73 75 76
30 40 41 57 59 61 65 71 72 77
30 40 41 57 59 61 65 71 72 75 76
30 40 41 57 59 61 63 64 73 77
30 40 41 57 59 61 63 64 73 75 76
30 40 41 57 59 61 63 64 71 72 77
30 40 41 57 59 61 63 64 71 72 75 76
30 40 41 57 59 60 61 65 73 77
30 40 41 57 59 60 61 65 73 75 76
30 40 41 57 59 60 61 65 71 72 77
30 40 41 57 59 60 61 65 71 72 75 76
30 40 41 57 59 60 61 63 64 73 77
30 40 41 57 59 60 61 63 64 73 75 76
30 40 41 57 59 60 61 63 64 71 72 77
30 40 41 57 59 60 61 63 64 71 72 75 76
30 40 41 50 57 59 61 65 73
30 40 41 50 57 59 61 65 71 72
30 40 41 50 57 59 61 63 64 73
30 40 41 50 57 59 61 63 64 71 72
30 40 41 50 57 59 60 61 65 73
30 40 41 50 57 59 60 61 65 71 72
30 40 41 50 57 59 60 61 63 64 73
30 40 41 50 57 59 60 61 63 64 71 72
30 40 41 46 57 59 61 65 77
30 40 41 46 57 59 61 65 75 76
30 40 41 46 57 59 61 63 64 77
30 40 41 46 57 59 61 63 64 75 76
30 40 41 46 57 59 60 61 65 77
30 40 41 46 57 59 60 61 65 75 76
30 40 41 46 57 59 60 61 63 64 77
30 40 41 46 57 59 60 61 63 64 75 76
30 40 41 46 50 57 59 61 65
30 40 41 46 50 57 59 61 63 64
30 40 41 46 50 57 59 60 61 65
30 40 41 46 50 57 59 60 61 63 64
30 38 42 57 59 61 73 77
30 38 42 57 59 61 73 75 76
30 38 42 57 59 61 71 72 77
30 38 42 57 59 61 71 72 75 76
30 38 42 57 59 60 61 73 77
30 38 42 57 59 60 61 73 75 76
30 38 42 57 59 60 61 71 72 77
30 38 42 57 59 60 61 71 72 75 76
30 38 42 50 57 59 61 73
30 38 42 50 57 59 61 71 72
30 38 42 50 57 59 60 61 73
30 38 42 50 57 59 60 61 71 72
30 38 42 46 57 59 61 77
30 38 42 46 57 59 61 75 76
30 38 42 46 57 59 60 61 77
30 38 42 46 57 59 60 61 75 76
30 38 42 46 50 57 59 61
30 38 42 46 50 57 59 60 61
30 38 40 41 57 59 61 73 77
30 38 40 41 57 59 61 73 75 76
30 38 40 41 57 59 61 71 72 77
30 38 40 41 57 59 61 71 72 75 76
30 38 40 41 57 59 60 61 73 77
30 38 40 41 57 59 60 61 73 75 76
30 38 40 41 57 59 60 61 71 72 77
30 38 40 41 57 59 60 61 71 72 75 76
30 38 40 41 50 57 59 61 73
30 38 40 41 50 57 59 61 71 72
30 38 40 41 50 57 59 60 61 73
30 38 40 41 50 57 59 60 61 71 72
30 38 40 41 46 57 59 61 77
30 38 40 41 46 57 59 61 75 76
30 38 40 41 46 57 59 60 61 77
30 38 40 41 46 57 59 60 61 75 76
30 38 40 41 46 50 57 59 61
30 38 40 41 46 50 57 59 60 61
30 34 42 57 59 61 65 73 77
30 34 42 57 59 61 65 73 75 76
30 34 42 57 59 61 65 71 72 77
30 34 42 57 59 61 65 71 72 75 76
30 34 42 57 59 61 63 64 73 77
30 34 42 57 59 61 63 64 73 75 76
30 34 42 57 59 61 63 64 71 72 77
30 34 42 57 59 61 63 64 71 72 75 76
30 34 42 50 57 59 61 65 73
30 34 42 50 57 59 61 65 71 72
30 34 42 50 57 59 61 63 64 73
30 34 42 50 57 59 61 63 64 71 72
30 34 42 46 57 59 61 65 77
30 34 42 46 57 59 61 65 75 76
30 34 42 46 57 59 61 63 64 77
30 34 42 46 57 59 61 63 64 75 76
30 34 42 46 50 57 59 61 65
30 34 42 46 50 57 59 61 63 64
30 34 40 41 57 59 61 65 73 77
30 34 40 41 57 59 61 65 73 75 76
30 34 40 41 57 59 61 65 71 72 77
30 34 40 41 57 59 61 65 71 72 75 76
30 34 40 41 57 59 61 63 64 73 77
30 34 40 41 57 59 61 63 64 73 75 76
30 34 40 41 57 59 61 63 64 71 72 77
30 34 40 41 57 59 61 63 64 71 72 75 76
30 34 40 41 50 57 59 61 65 73
30 34 40 41 50 57 59 61 65 71 72
30 34 40 41 50 57 59 61 63 64 73
30 34 40 41 50 57 59 61 63 64 71 72
30 34 40 41 46 57 59 61 65 77
30 34 40 41 46 57 59 61 65 75 76
30 34 40 41 46 57 59 61 63 64 77
30 34 40 41 46 57 59 61 63 64 75 76
30 34 40 41 46 50 57 59 61 65
30 34 40 41 46 50 57 59 61 63 64
30 34 38 42 57 59 61 73 77
30 34 38 42 57 59 61 73 75 76
30 34 38 42 57 59 61 71 72 77
30 34 38 42 57 59 61 71 72 75 76
30 34 38 42 50 57 59 61 73
30 34 38 42 50 57 59 61 71 72
30 34 38 42 46 57 59 61 77
30 34 38 42 46 57 59 61 75 76
30 34 38 42 46 50 57 59 61
30 34 38 40 41 57 59 61 73 77
30 34 38 40 41 57 59 61 73 75 76
30 34 38 40 41 57 59 61 71 72 77
30 34 38 40 41 57 59 61 71 72 75 76
30 34 38 40 41 50 57 59 61 73
30 34 38 40 41 50 57 59 61 71 72
30 34 38 40 41 46 57 59 61 77
30 34 38 40 41 46 57 59 61 75 76
30 34 38 40 41 46 50 57 59 61
15 30 57 59 61 65 73 77
15 30 57 59 61 65 73 75 76
15 30 57 59 61 65 71 72 77
15 30 57 59 61 65 71 72 75 76
15 30 57 59 61 63 64 73 77
15 30 57 59 61 63 64 73 75 76
15 30 57 59 61 63 64 71 72 77
15 30 57 59 61 63 64 71 72 75 76
15 30 57 59 60 61 65 73 77
15 30 57 59 60 61 65 73 75 76
15 30 57 59 60 61 65 71 72 77
15 30 57 59 60 61 65 71 72 75 76
15 30 57 59 60 61 63 64 73 77
15 30 57 59 60 61 63 64 73 75 76
15 30 57 59 60 61 63 64 71 72 77
15 30 57 59 60 61 63 64 71 72 75 76
15 30 50 57 59 61 65 73
15 30 50 57 59 61 65 71 72
15 30 50 57 59 61 63 64 73
15 30 50 57 59 61 63 64 71 72
15 30 50 57 59 60 61 65 73
15 30 50 57 59 60 61 65 71 72
15 30 50 57 59 60 61 63 64 73
15 30 50 57 59 60 61 63 64 71 72
15 30 46 57 59 61 65 77
15 30 46 57 59 61 65 75 76
15 30 46 57 59 61 63 64 77
15 30 46 57 59 61 63 64 75 76
15 30 46 57 59 60 61 65 77
15 30 46 57 59 60 61 65 75 76
15 30 46 57 59 60 61 63 64 77
15 30 46 57 59 60 61 63 64 75 76
15 30 46 50 57 59 61 65
15 30 46 50 57 59 61 63 64
15 30 46 50 57 59 60 61 65
15 30 46 50 57 59 60 61 63 64
15 30 38 57 59 61 73 77
15 30 38 57 59 61 73 75 76
15 30 38 57 59 61 71 72 77
15 30 38 57 59 61 71 72 75 76
15 30 38 57 59 60 61 73 77
15 30 38 57 59 60 61 73 75 76
15 30 38 57 59 60 61 71 72 77
15 30 38 57 59 60 61 71 72 75 76
15 30 38 50 57 59 61 73
15 30 38 50 57 59 61 71 72
15 30 38 50 57 59 60 61 73
15 30 38 50 57 59 60 61 71 72
15 30 38 46 57 59 61 77
15 30 38 46 57 59 61 75 76
15 30 38 46 57 59 60 61 77
15 30 38 46 57 59 60 61 75 76
15 30 38 46 50 57 59 61
15 30 38 46 50 57 59 60 61
15 30 34 57 59 61 65 73 77
15 30 34 57 59 61 65 73 75 76
15 30 34 57 59 61 65 71 72 77
15 30 34 57 59 61 65 71 72 75 76
15 30 34 57 59 61 63 64 73 77
15 30 34 57 59 61 63 64 73 75 76
15 30 34 57 59 61 63 64 71 72 77
15 30 34 57 59 61 63 64 71 72 75 76
15 30 34 50 57 59 61 65 73
15 30 34 50 57 59 61 65 71 72
15 30 34 50 57 59 61 63 64 73
15 30 34 50 57 59 61 63 64 71 72
15 30 34 46 57 59 61 65 77
15 30 34 46 57 59 61 65 75 76
15 30 34 46 57 59 61 63 64 77
15 30 34 46 57 59 61 63 64 75 76
15 30 34 46 50 57 59 61 65
15 30 34 46 50 57 59 61 63 64
15 30 34 38 57 59 61 73 77
15 30 34 38 57 59 61 73 75 76
15 30 34 38 57 59 61 71 72 77
15 30 34 38 57 59 61 71 72 75 76
15 30 34 38 50 57 59 61 73
15 30 34 38 50 57 59 61 71 72
15 30 34 38 46 57 59 61 77
15 30 34 38 46 57 59 61 75 76
15 30 34 38 46 50 57 59 61
59 69
59 67 68
42 59
69 78 79
68 71
63 69 78 79
61 69 78 79
61 67 68 78 79
61 62 69 78 79
54 69 78 79
53 69
53 63 69
53 61 69
53 61 67 68
53 61 62 69
53 54 69 78 79
53 54 67 68 78 79
52 53 69
52 53 69 78 79
46 69 78 79
46 67 68 78 79
46 53 69
46 53 67 68
44 68
44 45 69 78 79
44 45 67 68 78 79
44 45 53 69
44 45 53 67 68
42 78 79
42 63 78 79
42 61 78 79
42 61 62 78 79
42 54 78 79
42 53
42 53 63
42 53 61
42 53 61 62
42 53 54 78 79
42 52 53
42 52 53 78 79
42 46 78 79
42 46 53
42 44 45 78 79
42 44 45 53
37 69 78 79
37 67 68 78 79
37 53 69
37 53 67 68
37 42 78 79
37 42 53
36 69 77 78 79
36 68 78 79
36 67 78 79
36 67 68 77 78 79
36 66 69
36 66 67 68
36 65 66 78 79
36 64 65 69
36 64 65 67 68
36 63 69
36 63 67 68
36 61 78 79
36 61 69 78 79
36 61 67 68 78 79
36 59 78 79
36 55 69 78 79
36 55 67 68 78 79
36 54 69
36 54 67 68
36 53 69
36 53 69 79
36 53 69 77 78
36 53 68
36 53 67
36 53 67 68 79
36 53 67 68 77 78
36 53 65 66
36 53 61
36 53 61 69
36 53 61 67 68
36 53 59
36 53 55 69
36 53 55 67 68
36 52 69 78 79
36 52 67 68 78 79
36 52 53 69
36 52 53 67 68
36 42 77 78 79
36 42 66
36 42 64 65
36 42 63
36 42 61 78 79
36 42 55 78 79
36 42 54
36 42 53
36 42 53 79
36 42 53 77 78
36 42 53 61
36 42 53 55
36 42 52 78 79
36 42 52 53
36 40 78 79
36 40 53
36 39 69
36 39 67 68
36 39 42
35 69 78 79
35 67 68 78 79
35 53 69
35 53 67 68
35 42 78 79
35 42 53
35 36 69 78 79
35 36 67 68 78 79
35 36 53 69
35 36 53 67 68
35 36 42 78 79
35 36 42 53
34
34 61 68
28 69 78 79
28 67 68 78 79
28 53 69
28 53 67 68
28 42 78 79
28 42 53
27 69 78 79
27 53 69
27 42 78 79
27 42 53
25 68 71
25 68 69 70
25 44 68
23 24 68 71
23 24 68 69 70
23 24 44 68
20 36 69
20 36 69 78 79
20 36 67 68
20 36 67 68 78 79
20 36 53 69
20 36 53 67 68
20 36 42
20 36 42 78 79
20 36 42 53
19 69 78 79
19 67 68 78 79
19 53 69
19 53 67 68
19 42 78 79
19 42 53
12 36 69
12 36 67 68
12 36 42
10 69 78 79
10 67 68 78 79
10 53 69
10 53 67 68
10 42 78 79
10 42 53
10 11 36 69
10 11 36 67 68
10 11 36 42
7 36 69 78 79
7 36 67 68 78 79
7 36 53 69
7 36 53 67 68
7 36 42 78 79
7 36 42 53
3 36 69
3 36 67 68
3 36 42
1 68
1 67 68
1 63
1 61 62
1 54
1 52 53
1 36
1 36 71 78 79
1 36 70
1 36 69
1 36 69 78 79
1 36 69 70 78 79
1 36 68
1 36 67 68 78 79
1 36 66 67 69
1 36 66 67 68
1 36 61
1 36 55
1 36 54 68
1 36 53 71
1 36 53 69
1 36 53 69 70
1 36 53 67 68
1 36 53 54
1 36 52
1 36 44 78 79
1 36 44 53
1 36 42
1 36 42 78 79
1 36 42 68
1 36 42 66 67
1 36 42 53
1 36 41 69
1 36 41 67 68
1 36 41 42
1 34
1 34 36
1 28 36
1 27
1 20 36
1 11 36 69
1 11 36 67 68
1 11 36 42
1 10 36
1 8 36
1 8 9 36
1 7 36
1 2 36 69
1 2 36 67 68
1 2 36 42
0 1 36 68
59 69 71
59 69 70
59 67 68 71
59 67 68 69 70
55 59 69 71
55 59 67 68 71
55 59 67 68 69 70
55 59 61 69
55 59 61 67 68
53 54 59 69 71
53 54 59 67 68 71
53 54 59 67 68 69 70
53 54 59 61 69
53 54 59 61 67 68
44 59 69
44 59 67 68
44 55 59 69
44 55 59 67 68
44 53 54 59 69
44 53 54 59 67 68
42 59 71
42 59 69 70
42 55 59 71
42 55 59 69 70
42 55 59 61
42 53 54 59 71
42 53 54 59 69 70
42 53 54 59 61
42 44 59
42 44 55 59
42 44 53 54 59
28 59 69 71
28 59 67 68 71
28 59 67 68 69 70
28 59 61 69
28 59 61 67 68
28 44 59 69
28 44 59 67 68
28 42 59 71
28 42 59 69 70
28 42 59 61
28 42 44 59
10 55 59 69
10 55 59 67 68
10 53 54 59 69
10 53 54 59 67 68
10 42 55 59
10 42 53 54 59
10 28 59 69
10 28 59 67 68
10 28 42 59
73
71 72
69 71
69 70
61 68 69
60 61
59 61 69
59 61 67 68
44 69
42 71
42 69 70
42 61 68
42 59 61
42 44
36 69
36 67 68
36 59 69
36 59 67 68
36 59 61 69
36 59 61 67 68
36 42
36 42 59
36 42 59 61
26 68
25
24 25
24 25 68
18 61
16 17 61
10 36 69
10 36 67 68
10 36 42
8
1 71
1 69 71
1 68 69
1 67 68 71
1 67 68 69 70
1 59 69
1 59 67 68
1 55
1 53 54
1 46
1 44
1 44 69
1 44 67 68
1 44 45
1 42 71
1 42 69 70
1 42 68
1 42 59
1 42 44
1 38 69
1 38 67 68
1 38 42
1 37
1 36 69 71
1 36 69 70
1 36 67 68 71
1 36 67 68 69 70
1 36 44 69
1 36 44 67 68
1 36 42 71
1 36 42 69 70
1 36 42 44
1 35
1 35 36
1 28
1 19
1 10
42 59 61 73 75
42 59 61 73 74
42 59 61 71 72 75
42 59 61 71 72 73 74
42 59 60 61 73 75
42 59 60 61 73 74
42 59 60 61 71 72 75
42 59 60 61 71 72 73 74
42 48 59 61 73
42 48 59 61 71 72
42 48 59 60 61 73
42 48 59 60 61 71 72
42 46 59 61 75
42 46 59 61 73 74
42 46 59 60 61 75
42 46 59 60 61 73 74
42 46 48 59 61
42 46 48 59 60 61
40 41 59 61 73 75
40 41 59 61 73 74
40 41 59 61 71 72 75
40 41 59 61 71 72 73 74
40 41 59 60 61 73 75
40 41 59 60 61 73 74
40 41 59 60 61 71 72 75
40 41 59 60 61 71 72 73 74
40 41 48 59 61 73
40 41 48 59 61 71 72
40 41 48 59 60 61 73
40 41 48 59 60 61 71 72
40 41 46 59 61 75
40 41 46 59 61 73 74
40 41 46 59 60 61 75
40 41 46 59 60 61 73 74
40 41 46 48 59 61
40 41 46 48 59 60 61
34 42 59 61 73 75
34 42 59 61 73 74
34 42 59 61 71 72 75
34 42 59 61 71 72 73 74
34 42 48 59 61 73
34 42 48 59 61 71 72
34 42 46 59 61 75
34 42 46 59 61 73 74
34 42 46 48 59 61
34 40 41 59 61 73 75
34 40 41 59 61 73 74
34 40 41 59 61 71 72 75
34 40 41 59 61 71 72 73 74
34 40 41 48 59 61 73
34 40 41 48 59 61 71 72
34 40 41 46 59 61 75
34 40 41 46 59 61 73 74
34 40 41 46 48 59 61
15 59 61 73 75
15 59 61 73 74
15 59 61 71 72 75
15 59 61 71 72 73 74
15 59 60 61 73 75
15 59 60 61 73 74
15 59 60 61 71 72 75
15 59 60 61 71 72 73 74
15 48 59 61 73
15 48 59 61 71 72
15 48 59 60 61 73
15 48 59 60 61 71 72
15 46 59 61 75
15 46 59 61 73 74
15 46 59 60 61 75
15 46 59 60 61 73 74
15 46 48 59 61
15 46 48 59 60 61
15 34 59 61 73 75
15 34 59 61 73 74
15 34 59 61 71 72 75
15 34 59 61 71 72 73 74
15 34 48 59 61 73
15 34 48 59 61 71 72
15 34 46 59 61 75
15 34 46 59 61 73 74
15 34 46 48 59 61
59 60 61 65 73
59 60 61 65 71 72
59 60 61 63 64 73
59 60 61 63 64 71 72
58 59 61 65 73
58 59 61 65 71 72
58 59 61 63 64 73
58 59 61 63 64 71 72
46 59 60 61 65
46 59 60 61 63 64
46 58 59 61 65
46 58 59 61 63 64
38 59 60 61 73
38 59 60 61 71 72
38 58 59 61 73
38 58 59 61 71 72
38 46 59 60 61
38 46 58 59 61
33 59 61 65 73
33 59 61 65 71 72
33 59 61 63 64 73
33 59 61 63 64 71 72
33 46 59 61 65
33 46 59 61 63 64
33 38 59 61 73
33 38 59 61 71 72
33 38 46 59 61
73 78 79
71 78 79
71 72 78 79
69 70 78 79
67 68 78 79
63 68 69 78 79
61 62 68 69 78 79
54 68 69 78 79
53 73
53 71
53 71 72
53 69 70
53 67 68
53 63 68 69
53 61 62 68 69
53 54 68 69
53 54 67 68
52 53 68 69
52 53 68 69 78 79
46 78 79
46 53
44 78 79
44 53
42 63 68 78 79
42 61 62 68 78 79
42 54 68 78 79
42 53 63 68
42 53 61 62 68
42 53 54 68
42 52 53 68
42 52 53 68 78 79
36 71 78 79
36 69 70 78 79
36 53 71
36 53 69 70
36 44 78 79
36 44 53
34 71
34 69 70
34 68
34 44
27 68 69 78 79
27 53 68 69
27 42 68 78 79
27 42 53 68
1 78 79
1 53
42 57 59 73
42 57 59 71 72
42 46 57 59
40 41 57 59 73
40 41 57 59 71 72
40 41 46 57 59
15 57 59 73
15 57 59 71 72
15 46 57 59
20 61
34 61 69 78 79
34 61 67 68 78 79
34 59 69 71 78 79
34 59 69 70 78 79
34 59 67 68 71 78 79
34 59 67 68 69 70 78 79
34 53 61 69
34 53 61 67 68
34 53 59 69 71
34 53 59 69 70
34 53 59 67 68 71
34 53 59 67 68 69 70
34 44 59 69 78 79
34 44 59 67 68 78 79
34 44 53 59 69
34 44 53 59 67 68
34 42 61 78 79
34 42 59 71 78 79
34 42 59 69 70 78 79
34 42 53 61
34 42 53 59 71
34 42 53 59 69 70
34 42 44 59 78 79
34 42 44 53 59
51 69
51 67 68
49 50 69
49 50 67 68
42 51
42 49 50
24 69
24 67 68
24 42
28 29 42 57 59 61 65 73 77
28 29 42 57 59 61 65 73 75 76
28 29 42 57 59 61 65 71 72 77
28 29 42 57 59 61 65 71 72 75 76
28 29 42 57 59 61 63 64 73 77
28 29 42 57 59 61 63 64 73 75 76
28 29 42 57 59 61 63 64 71 72 77
28 29 42 57 59 61 63 64 71 72 75 76
28 29 42 57 59 60 61 65 73 77
28 29 42 57 59 60 61 65 73 75 76
28 29 42 57 59 60 61 65 71 72 77
28 29 42 57 59 60 61 65 71 72 75 76
28 29 42 57 59 60 61 63 64 73 77
28 29 42 57 59 60 61 63 64 73 75 76
28 29 42 57 59 60 61 63 64 71 72 77
28 29 42 57 59 60 61 63 64 71 72 75 76
28 29 42 50 57 59 61 65 73
28 29 42 50 57 59 61 65 71 72
28 29 42 50 57 59 61 63 64 73
28 29 42 50 57 59 61 63 64 71 72
28 29 42 50 57 59 60 61 65 73
28 29 42 50 57 59 60 61 65 71 72
28 29 42 50 57 59 60 61 63 64 73
28 29 42 50 57 59 60 61 63 64 71 72
28 29 42 46 57 59 61 65 77
28 29 42 46 57 59 61 65 75 76
28 29 42 46 57 59 61 63 64 77
28 29 42 46 57 59 61 63 64 75 76
28 29 42 46 57 59 60 61 65 77
28 29 42 46 57 59 60 61 65 75 76
28 29 42 46 57 59 60 61 63 64 77
28 29 42 46 57 59 60 61 63 64 75 76
28 29 42 46 50 57 59 61 65
28 29 42 46 50 57 59 61 63 64
28 29 42 46 50 57 59 60 61 65
28 29 42 46 50 57 59 60 61 63 64
28 29 40 41 57 59 61 65 73 77
28 29 40 41 57 59 61 65 73 75 76
28 29 40 41 57 59 61 65 71 72 77
28 29 40 41 57 59 61 65 71 72 75 76
28 29 40 41 57 59 61 63 64 73 77
28 29 40 41 57 59 61 63 64 73 75 76
28 29 40 41 57 59 61 63 64 71 72 77
28 29 40 41 57 59 61 63 64 71 72 75 76
28 29 40 41 57 59 60 61 65 73 77
28 29 40 41 57 59 60 61 65 73 75 76
28 29 40 41 57 59 60 61 65 71 72 77
28 29 40 41 57 59 60 61 65 71 72 75 76
28 29 40 41 57 59 60 61 63 64 73 77
28 29 40 41 57 59 60 61 63 64 73 75 76
28 29 40 41 57 59 60 61 63 64 71 72 77
28 29 40 41 57 59 60 61 63 64 71 72 75 76
28 29 40 41 50 57 59 61 65 73
28 29 40 41 50 57 59 61 65 71 72
28 29 40 41 50 57 59 61 63 64 73
28 29 40 41 50 57 59 61 63 64 71 72
28 29 40 41 50 57 59 60 61 65 73
28 29 40 41 50 57 59 60 61 65 71 72
28 29 40 41 50 57 59 60 61 63 64 73
28 29 40 41 50 57 59 60 61 63 64 71 72
28 29 40 41 46 57 59 61 65 77
28 29 40 41 46 57 59 61 65 75 76
28 29 40 41 46 57 59 61 63 64 77
28 29 40 41 46 57 59 61 63 64 75 76
28 29 40 41 46 57 59 60 61 65 77
28 29 40 41 46 57 59 60 61 65 75 76
28 29 40 41 46 57 59 60 61 63 64 77
28 29 40 41 46 57 59 60 61 63 64 75 76
28 29 40 41 46 50 57 59 61 65
28 29 40 41 46 50 57 59 61 63 64
28 29 40 41 46 50 57 59 60 61 65
28 29 40 41 46 50 57 59 60 61 63 64
28 29 38 42 57 59 61 73 77
28 29 38 42 57 59 61 73 75 76
28 29 38 42 57 59 61 71 72 77
28 29 38 42 57 59 61 71 72 75 76
28 29 38 42 57 59 60 61 73 77
28 29 38 42 57 59 60 61 73 75 76
28 29 38 42 57 59 60 61 71 72 77
28 29 38 42 57 59 60 61 71 72 75 76
28 29 38 42 50 57 59 61 73
28 29 38 42 50 57 59 61 71 72
28 29 38 42 50 57 59 60 61 73
28 29 38 42 50 57 59 60 61 71 72
28 29 38 42 46 57 59 61 77
28 29 38 42 46 57 59 61 75 76
28 29 38 42 46 57 59 60 61 77
28 29 38 42 46 57 59 60 61 75 76
28 29 38 42 46 50 57 59 61
28 29 38 42 46 50 57 59 60 61
28 29 38 40 41 57 59 61 73 77
28 29 38 40 41 57 59 61 73 75 76
28 29 38 40 41 57 59 61 71 72 77
28 29 38 40 41 57 59 61 71 72 75 76
28 29 38 40 41 57 59 60 61 73 77
28 29 38 40 41 57 59 60 61 73 75 76
28 29 38 40 41 57 59 60 61 71 72 77
28 29 38 40 41 57 59 60 61 71 72 75 76
28 29 38 40 41 50 57 59 61 73
28 29 38 40 41 50 57 59 61 71 72
28 29 38 40 41 50 57 59 60 61 73
28 29 38 40 41 50 57 59 60 61 71 72
28 29 38 40 41 46 57 59 61 77
28 29 38 40 41 46 57 59 61 75 76
28 29 38 40 41 46 57 59 60 61 77
28 29 38 40 41 46 57 59 60 61 75 76
28 29 38 40 41 46 50 57 59 61
28 29 38 40 41 46 50 57 59 60 61
28 29 34 42 57 59 61 65 73 77
28 29 34 42 57 59 61 65 73 75 76
28 29 34 42 57 59 61 65 71 72 77
28 29 34 42 57 59 61 65 71 72 75 76
28 29 34 42 57 59 61 63 64 73 77
28 29 34 42 57 59 61 63 64 73 75 76
28 29 34 42 57 59 61 63 64 71 72 77
28 29 34 42 57 59 61 63 64 71 72 75 76
28 29 34 42 50 57 59 61 65 73
28 29 34 42 50 57 59 61 65 71 72
28 29 34 42 50 57 59 61 63 64 73
28 29 34 42 50 57 59 61 63 64 71 72
28 29 34 42 46 57 59 61 65 77
28 29 34 42 46 57 59 61 65 75 76
28 29 34 42 46 57 59 61 63 64 77
28 29 34 42 46 57 59 61 63 64 75 76
28 29 34 42 46 50 57 59 61 65
28 29 34 42 46 50 57 59 61 63 64
28 29 34 40 41 57 59 61 65 73 77
28 29 34 40 41 57 59 61 65 73 75 76
28 29 34 40 41 57 59 61 65 71 72 77
28 29 34 40 41 57 59 61 65 71 72 75 76
28 29 34 40 41 57 59 61 63 64 73 77
28 29 34 40 41 57 59 61 63 64 73 75 76
28 29 34 40 41 57 59 61 63 64 71 72 77
28 29 34 40 41 57 59 61 63 64 71 72 75 76
28 29 34 40 41 50 57 59 61 65 73
28 29 34 40 41 50 57 59 61 65 71 72
28 29 34 40 41 50 57 59 61 63 64 73
28 29 34 40 41 50 57 59 61 63 64 71 72
28 29 34 40 41 46 57 59 61 65 77
28 29 34 40 41 46 57 59 61 65 75 76
28 29 34 40 41 46 57 59 61 63 64 77
28 29 34 40 41 46 57 59 61 63 64 75 76
28 29 34 40 41 46 50 57 59 61 65
28 29 34 40 41 46 50 57 59 61 63 64
28 29 34 38 42 57 59 61 73 77
28 29 34 38 42 57 59 61 73 75 76
28 29 34 38 42 57 59 61 71 72 77
28 29 34 38 42 57 59 61 71 72 75 76
28 29 34 38 42 50 57 59 61 73
28 29 34 38 42 50 57 59 61 71 72
28 29 34 38 42 46 57 59 61 77
28 29 34 38 42 46 57 59 61 75 76
28 29 34 38 42 46 50 57 59 61
28 29 34 38 40 41 57 59 61 73 77
28 29 34 38 40 41 57 59 61 73 75 76
28 29 34 38 40 41 57 59 61 71 72 77
28 29 34 38 40 41 57 59 61 71 72 75 76
28 29 34 38 40 41 50 57 59 61 73
28 29 34 38 40 41 50 57 59 61 71 72
28 29 34 38 40 41 46 57 59 61 77
28 29 34 38 40 41 46 57 59 61 75 76
28 29 34 38 40 41 46 50 57 59 61
15 28 29 57 59 61 65 73 77
15 28 29 57 59 61 65 73 75 76
15 28 29 57 59 61 65 71 72 77
15 28 29 57 59 61 65 71 72 75 76
15 28 29 57 59 61 63 64 73 77
15 28 29 57 59 61 63 64 73 75 76
15 28 29 57 59 61 63 64 71 72 77
15 28 29 57 59 61 63 64 71 72 75 76
15 28 29 57 59 60 61 65 73 77
15 28 29 57 59 60 61 65 73 75 76
15 28 29 57 59 60 61 65 71 72 77
15 28 29 57 59 60 61 65 71 72 75 76
15 28 29 57 59 60 61 63 64 73 77
15 28 29 57 59 60 61 63 64 73 75 76
15 28 29 57 59 60 61 63 64 71 72 77
15 28 29 57 59 60 61 63 64 71 72 75 76
15 28 29 50 57 59 61 65 73
15 28 29 50 57 59 61 65 71 72
15 28 29 50 57 59 61 63 64 73
15 28 29 50 57 59 61 63 64 71 72
15 28 29 50 57 59 60 61 65 73
15 28 29 50 57 59 60 61 65 71 72
15 28 29 50 57 59 60 61 63 64 73
15 28 29 50 57 59 60 61 63 64 71 72
15 28 29 46 57 59 61 65 77
15 28 29 46 57 59 61 65 75 76
15 28 29 46 57 59 61 63 64 77
15 28 29 46 57 59 61 63 64 75 76
15 28 29 46 57 59 60 61 65 77
15 28 29 46 57 59 60 61 65 75 76
15 28 29 46 57 59 60 61 63 64 77
15 28 29 46 57 59 60 61 63 64 75 76
15 28 29 46 50 57 59 61 65
15 28 29 46 50 57 59 61 63 64
15 28 29 46 50 57 59 60 61 65
15 28 29 46 50 57 59 60 61 63 64
15 28 29 38 57 59 61 73 77
15 28 29 38 57 59 61 73 75 76
15 28 29 38 57 59 61 71 72 77
15 28 29 38 57 59 61 71 72 75 76
15 28 29 38 57 59 60 61 73 77
15 28 29 38 57 59 60 61 73 75 76
15 28 29 38 57 59 60 61 71 72 77
15 28 29 38 57 59 60 61 71 72 75 76
15 28 29 38 50 57 59 61 73
15 28 29 38 50 57 59 61 71 72
15 28 29 38 50 57 59 60 61 73
15 28 29 38 50 57 59 60 61 71 72
15 28 29 38 46 57 59 61 77
15 28 29 38 46 57 59 61 75 76
15 28 29 38 46 57 59 60 61 77
15 28 29 38 46 57 59 60 61 75 76
15 28 29 38 46 50 57 59 61
15 28 29 38 46 50 57 59 60 61
15 28 29 34 57 59 61 65 73 77
15 28 29 34 57 59 61 65 73 75 76
15 28 29 34 57 59 61 65 71 72 77
15 28 29 34 57 59 61 65 71 72 75 76
15 28 29 34 57 59 61 63 64 73 77
15 28 29 34 57 59 61 63 64 73 75 76
15 28 29 34 57 59 61 63 64 71 72 77
15 28 29 34 57 59 61 63 64 71 72 75 76
15 28 29 34 50 57 59 61 65 73
15 28 29 34 50 57 59 61 65 71 72
15 28 29 34 50 57 59 61 63 64 73
15 28 29 34 50 57 59 61 63 64 71 72
15 28 29 34 46 57 59 61 65 77
15 28 29 34 46 57 59 61 65 75 76
15 28 29 34 46 57 59 61 63 64 77
15 28 29 34 46 57 59 61 63 64 75 76
15 28 29 34 46 50 57 59 61 65
15 28 29 34 46 50 57 59 61 63 64
15 28 29 34 38 57 59 61 73 77
15 28 29 34 38 57 59 61 73 75 76
15 28 29 34 38 57 59 61 71 72 77
15 28 29 34 38 57 59 61 71 72 75 76
15 28 29 34 38 50 57 59 61 73
15 28 29 34 38 50 57 59 61 71 72
15 28 29 34 38 46 57 59 61 77
15 28 29 34 38 46 57 59 61 75 76
15 28 29 34 38 46 50 57 59 61
68 73
68 71 72
68 69 70
67 73
67 71 72
65 66 73
65 66 71 72
63
61 62
52 53
46 68
46 67
46 65 66
40 73
40 71 72
40 46
36 53 67 68
34 68 73
34 68 71 72
34 63
34 61 62
34 55 69
34 55 67 68
34 55 61
34 55 61 68
34 54
34 52 53
34 46 68
34 42 55
27
27 34
25 34
25 34 63
25 34 61 62
25 34 54
25 34 52 53
25 27 34
20 34
10 34
10 34 63
10 34 61 62
10 34 54
10 34 52 53
10 27 34
1 36 67
1 36 65 66
1 36 40
1 34 63
1 34 61 62
1 34 54
1 34 52 53
1 27 34
71
69
68 69
67 68
67 68 70
67 68 69
65 78 79
61 78 79
61 69
55 68
54 78 79
54 55
53 65
53 61
53 54
53 54 68
52 69
52 67 68
42
42 70
42 68 69
42 61
42 52
41
39 40
32
30 31
29
28 68
21
14
10 69
10 67 68
10 42
9
9 78 79
9 68 69
9 67 68
9 53
9 42 68
8 9 69
8 9 67 68
8 9 42
5
0 68 69
0 67 68
0 42 68
59 60 61
65 68
55 69
55 67 68
42 55
36 55 69
36 55 67 68
36 42 55
