42 57 59 61 73 78 79
42 57 59 61 71 72 78 79
42 57 59 60 73 78 79
42 57 59 60 71 72 78 79
42 53 57 59 61 73
42 53 57 59 61 71 72
42 53 57 59 60 73
42 53 57 59 60 71 72
42 46 57 59 61 78 79
42 46 57 59 60 78 79
42 46 53 57 59 61
42 46 53 57 59 60
40 41 57 59 61 73 78 79
40 41 57 59 61 71 72 78 79
40 41 57 59 60 73 78 79
40 41 57 59 60 71 72 78 79
40 41 53 57 59 61 73
40 41 53 57 59 61 71 72
40 41 53 57 59 60 73
40 41 53 57 59 60 71 72
40 41 46 57 59 61 78 79
40 41 46 57 59 60 78 79
40 41 46 53 57 59 61
40 41 46 53 57 59 60
34 42 57 59 73 78 79
34 42 57 59 71 72 78 79
34 42 53 57 59 73
34 42 53 57 59 71 72
34 42 46 57 59 78 79
34 42 46 53 57 59
34 40 41 57 59 73 78 79
34 40 41 57 59 71 72 78 79
34 40 41 53 57 59 73
34 40 41 53 57 59 71 72
34 40 41 46 57 59 78 79
34 40 41 46 53 57 59
15 57 59 61 73 78 79
15 57 59 61 71 72 78 79
15 57 59 60 73 78 79
15 57 59 60 71 72 78 79
15 53 57 59 61 73
15 53 57 59 61 71 72
15 53 57 59 60 73
15 53 57 59 60 71 72
15 46 57 59 61 78 79
15 46 57 59 60 78 79
15 46 53 57 59 61
15 46 53 57 59 60
15 34 57 59 73 78 79
15 34 57 59 71 72 78 79
15 34 53 57 59 73
15 34 53 57 59 71 72
15 34 46 57 59 78 79
15 34 46 53 57 59
48 57 59 73
48 57 59 71 72
46 48 57 59
46 47 57 59
46 47 57 59 73
46 47 57 59 71 72
21 57 59 73
21 57 59 71 72
21 46 57 59
42 57 61 63 73
42 57 61 63 71 72
42 57 61 62 73
42 57 61 62 71 72
42 57 59 61 73
42 57 59 61 71 72
42 57 59 60 61 73
42 57 59 60 61 71 72
42 57 58 59 61 73
42 57 58 59 61 71 72
42 57 58 59 60 73
42 57 58 59 60 71 72
42 46 57 61 63
42 46 57 61 62
42 46 57 59 61
42 46 57 59 60 61
42 46 57 58 59 61
42 46 57 58 59 60
40 41 57 61 63 73
40 41 57 61 63 71 72
40 41 57 61 62 73
40 41 57 61 62 71 72
40 41 57 59 61 73
40 41 57 59 61 71 72
40 41 57 59 60 61 73
40 41 57 59 60 61 71 72
40 41 57 58 59 61 73
40 41 57 58 59 61 71 72
40 41 57 58 59 60 73
40 41 57 58 59 60 71 72
40 41 46 57 61 63
40 41 46 57 61 62
40 41 46 57 59 61
40 41 46 57 59 60 61
40 41 46 57 58 59 61
40 41 46 57 58 59 60
36 42 57 61 73
36 42 57 61 71 72
36 42 46 57 61
36 40 41 57 61 73
36 40 41 57 61 71 72
36 40 41 46 57 61
34 42 57 59 73
34 42 57 59 71 72
34 42 57 59 60 73
34 42 57 59 60 71 72
34 42 57 58 59 73
34 42 57 58 59 71 72
34 42 46 57 59
34 42 46 57 59 60
34 42 46 57 58 59
34 40 41 57 59 73
34 40 41 57 59 71 72
34 40 41 57 59 60 73
34 40 41 57 59 60 71 72
34 40 41 57 58 59 73
34 40 41 57 58 59 71 72
34 40 41 46 57 59
34 40 41 46 57 59 60
34 40 41 46 57 58 59
33 42 57 59 61 73
33 42 57 59 61 71 72
33 42 57 59 60 73
33 42 57 59 60 71 72
33 42 46 57 59 61
33 42 46 57 59 60
33 40 41 57 59 61 73
33 40 41 57 59 61 71 72
33 40 41 57 59 60 73
33 40 41 57 59 60 71 72
33 40 41 46 57 59 61
33 40 41 46 57 59 60
33 34 42 57 59 73
33 34 42 57 59 71 72
33 34 42 46 57 59
33 34 40 41 57 59 73
33 34 40 41 57 59 71 72
33 34 40 41 46 57 59
15 57 61 63 73
15 57 61 63 71 72
15 57 61 62 73
15 57 61 62 71 72
15 57 59 61 73
15 57 59 61 71 72
15 57 59 60 61 73
15 57 59 60 61 71 72
15 57 58 59 61 73
15 57 58 59 61 71 72
15 57 58 59 60 73
15 57 58 59 60 71 72
15 46 57 61 63
15 46 57 61 62
15 46 57 59 61
15 46 57 59 60 61
15 46 57 58 59 61
15 46 57 58 59 60
15 36 57 61 73
15 36 57 61 71 72
15 36 46 57 61
15 34 57 59 73
15 34 57 59 71 72
15 34 57 59 60 73
15 34 57 59 60 71 72
15 34 57 58 59 73
15 34 57 58 59 71 72
15 34 46 57 59
15 34 46 57 59 60
15 34 46 57 58 59
15 33 57 59 61 73
15 33 57 59 61 71 72
15 33 57 59 60 73
15 33 57 59 60 71 72
15 33 46 57 59 61
15 33 46 57 59 60
15 33 34 57 59 73
15 33 34 57 59 71 72
15 33 34 46 57 59
69
68 69 78 79
67 78 79
65 66 78 79
59 67 78 79
59 65 66 78 79
53 68 69
53 67
53 65 66
53 59 67
53 59 65 66
42
42 68 78 79
42 53 68
40 78 79
40 59 78 79
40 53
40 53 59
36 78 79
36 68 69 78 79
36 53
36 53 68 69
36 42 68 78 79
36 42 53 68
34 67 78 79
34 65 66 78 79
34 53 67
34 53 65 66
34 40 78 79
34 40 53
42 59 65 73 78
42 59 65 73 76 77
42 59 65 71 72 78
42 59 65 71 72 76 77
42 59 63 64 73 78
42 59 63 64 73 76 77
42 59 63 64 71 72 78
42 59 63 64 71 72 76 77
42 51 59 65 73
42 51 59 65 71 72
42 51 59 63 64 73
42 51 59 63 64 71 72
42 49 59 65 73 78
42 49 59 65 73 76 77
42 49 59 65 71 72 78
42 49 59 65 71 72 76 77
42 49 59 63 64 73 78
42 49 59 63 64 73 76 77
42 49 59 63 64 71 72 78
42 49 59 63 64 71 72 76 77
42 49 51 59 65 73
42 49 51 59 65 71 72
42 49 51 59 63 64 73
42 49 51 59 63 64 71 72
42 47 48 59 65 73 78
42 47 48 59 65 73 76 77
42 47 48 59 65 71 72 78
42 47 48 59 65 71 72 76 77
42 47 48 59 63 64 73 78
42 47 48 59 63 64 73 76 77
42 47 48 59 63 64 71 72 78
42 47 48 59 63 64 71 72 76 77
42 47 48 51 59 65 73
42 47 48 51 59 65 71 72
42 47 48 51 59 63 64 73
42 47 48 51 59 63 64 71 72
42 46 59 65 78
42 46 59 65 76 77
42 46 59 63 64 78
42 46 59 63 64 76 77
42 46 51 59 65
42 46 51 59 63 64
42 46 49 59 65 78
42 46 49 59 65 76 77
42 46 49 59 63 64 78
42 46 49 59 63 64 76 77
42 46 49 51 59 65
42 46 49 51 59 63 64
42 46 47 48 59 65 78
42 46 47 48 59 65 76 77
42 46 47 48 59 63 64 78
42 46 47 48 59 63 64 76 77
42 46 47 48 51 59 65
42 46 47 48 51 59 63 64
40 41 59 65 73 78
40 41 59 65 73 76 77
40 41 59 65 71 72 78
40 41 59 65 71 72 76 77
40 41 59 63 64 73 78
40 41 59 63 64 73 76 77
40 41 59 63 64 71 72 78
40 41 59 63 64 71 72 76 77
40 41 51 59 65 73
40 41 51 59 65 71 72
40 41 51 59 63 64 73
40 41 51 59 63 64 71 72
40 41 49 59 65 73 78
40 41 49 59 65 73 76 77
40 41 49 59 65 71 72 78
40 41 49 59 65 71 72 76 77
40 41 49 59 63 64 73 78
40 41 49 59 63 64 73 76 77
40 41 49 59 63 64 71 72 78
40 41 49 59 63 64 71 72 76 77
40 41 49 51 59 65 73
40 41 49 51 59 65 71 72
40 41 49 51 59 63 64 73
40 41 49 51 59 63 64 71 72
40 41 47 48 59 65 73 78
40 41 47 48 59 65 73 76 77
40 41 47 48 59 65 71 72 78
40 41 47 48 59 65 71 72 76 77
40 41 47 48 59 63 64 73 78
40 41 47 48 59 63 64 73 76 77
40 41 47 48 59 63 64 71 72 78
40 41 47 48 59 63 64 71 72 76 77
40 41 47 48 51 59 65 73
40 41 47 48 51 59 65 71 72
40 41 47 48 51 59 63 64 73
40 41 47 48 51 59 63 64 71 72
40 41 46 59 65 78
40 41 46 59 65 76 77
40 41 46 59 63 64 78
40 41 46 59 63 64 76 77
40 41 46 51 59 65
40 41 46 51 59 63 64
40 41 46 49 59 65 78
40 41 46 49 59 65 76 77
40 41 46 49 59 63 64 78
40 41 46 49 59 63 64 76 77
40 41 46 49 51 59 65
40 41 46 49 51 59 63 64
40 41 46 47 48 59 65 78
40 41 46 47 48 59 65 76 77
40 41 46 47 48 59 63 64 78
40 41 46 47 48 59 63 64 76 77
40 41 46 47 48 51 59 65
40 41 46 47 48 51 59 63 64
38 42 59 73 78
38 42 59 73 76 77
38 42 59 71 72 78
38 42 59 71 72 76 77
38 42 51 59 73
38 42 51 59 71 72
38 42 49 59 73 78
38 42 49 59 73 76 77
38 42 49 59 71 72 78
38 42 49 59 71 72 76 77
38 42 49 51 59 73
38 42 49 51 59 71 72
38 42 47 48 59 73 78
38 42 47 48 59 73 76 77
38 42 47 48 59 71 72 78
38 42 47 48 59 71 72 76 77
38 42 47 48 51 59 73
38 42 47 48 51 59 71 72
38 42 46 59 78
38 42 46 59 76 77
38 42 46 51 59
38 42 46 49 59 78
38 42 46 49 59 76 77
38 42 46 49 51 59
38 42 46 47 48 59 78
38 42 46 47 48 59 76 77
38 42 46 47 48 51 59
38 40 41 59 73 78
38 40 41 59 73 76 77
38 40 41 59 71 72 78
38 40 41 59 71 72 76 77
38 40 41 51 59 73
38 40 41 51 59 71 72
38 40 41 49 59 73 78
38 40 41 49 59 73 76 77
38 40 41 49 59 71 72 78
38 40 41 49 59 71 72 76 77
38 40 41 49 51 59 73
38 40 41 49 51 59 71 72
38 40 41 47 48 59 73 78
38 40 41 47 48 59 73 76 77
38 40 41 47 48 59 71 72 78
38 40 41 47 48 59 71 72 76 77
38 40 41 47 48 51 59 73
38 40 41 47 48 51 59 71 72
38 40 41 46 59 78
38 40 41 46 59 76 77
38 40 41 46 51 59
38 40 41 46 49 59 78
38 40 41 46 49 59 76 77
38 40 41 46 49 51 59
38 40 41 46 47 48 59 78
38 40 41 46 47 48 59 76 77
38 40 41 46 47 48 51 59
22 42 59 65 73 78
22 42 59 65 73 76 77
22 42 59 65 71 72 78
22 42 59 65 71 72 76 77
22 42 59 63 64 73 78
22 42 59 63 64 73 76 77
22 42 59 63 64 71 72 78
22 42 59 63 64 71 72 76 77
22 42 51 59 65 73
22 42 51 59 65 71 72
22 42 51 59 63 64 73
22 42 51 59 63 64 71 72
22 42 46 59 65 78
22 42 46 59 65 76 77
22 42 46 59 63 64 78
22 42 46 59 63 64 76 77
22 42 46 51 59 65
22 42 46 51 59 63 64
22 40 41 59 65 73 78
22 40 41 59 65 73 76 77
22 40 41 59 65 71 72 78
22 40 41 59 65 71 72 76 77
22 40 41 59 63 64 73 78
22 40 41 59 63 64 73 76 77
22 40 41 59 63 64 71 72 78
22 40 41 59 63 64 71 72 76 77
22 40 41 51 59 65 73
22 40 41 51 59 65 71 72
22 40 41 51 59 63 64 73
22 40 41 51 59 63 64 71 72
22 40 41 46 59 65 78
22 40 41 46 59 65 76 77
22 40 41 46 59 63 64 78
22 40 41 46 59 63 64 76 77
22 40 41 46 51 59 65
22 40 41 46 51 59 63 64
22 38 42 59 73 78
22 38 42 59 73 76 77
22 38 42 59 71 72 78
22 38 42 59 71 72 76 77
22 38 42 51 59 73
22 38 42 51 59 71 72
22 38 42 46 59 78
22 38 42 46 59 76 77
22 38 42 46 51 59
22 38 40 41 59 73 78
22 38 40 41 59 73 76 77
22 38 40 41 59 71 72 78
22 38 40 41 59 71 72 76 77
22 38 40 41 51 59 73
22 38 40 41 51 59 71 72
22 38 40 41 46 59 78
22 38 40 41 46 59 76 77
22 38 40 41 46 51 59
15 59 65 73 78
15 59 65 73 76 77
15 59 65 71 72 78
15 59 65 71 72 76 77
15 59 63 64 73 78
15 59 63 64 73 76 77
15 59 63 64 71 72 78
15 59 63 64 71 72 76 77
15 51 59 65 73
15 51 59 65 71 72
15 51 59 63 64 73
15 51 59 63 64 71 72
15 49 59 65 73 78
15 49 59 65 73 76 77
15 49 59 65 71 72 78
15 49 59 65 71 72 76 77
15 49 59 63 64 73 78
15 49 59 63 64 73 76 77
15 49 59 63 64 71 72 78
15 49 59 63 64 71 72 76 77
15 49 51 59 65 73
15 49 51 59 65 71 72
15 49 51 59 63 64 73
15 49 51 59 63 64 71 72
15 47 48 59 65 73 78
15 47 48 59 65 73 76 77
15 47 48 59 65 71 72 78
15 47 48 59 65 71 72 76 77
15 47 48 59 63 64 73 78
15 47 48 59 63 64 73 76 77
15 47 48 59 63 64 71 72 78
15 47 48 59 63 64 71 72 76 77
15 47 48 51 59 65 73
15 47 48 51 59 65 71 72
15 47 48 51 59 63 64 73
15 47 48 51 59 63 64 71 72
15 46 59 65 78
15 46 59 65 76 77
15 46 59 63 64 78
15 46 59 63 64 76 77
15 46 51 59 65
15 46 51 59 63 64
15 46 49 59 65 78
15 46 49 59 65 76 77
15 46 49 59 63 64 78
15 46 49 59 63 64 76 77
15 46 49 51 59 65
15 46 49 51 59 63 64
15 46 47 48 59 65 78
15 46 47 48 59 65 76 77
15 46 47 48 59 63 64 78
15 46 47 48 59 63 64 76 77
15 46 47 48 51 59 65
15 46 47 48 51 59 63 64
15 38 59 73 78
15 38 59 73 76 77
15 38 59 71 72 78
15 38 59 71 72 76 77
15 38 51 59 73
15 38 51 59 71 72
15 38 49 59 73 78
15 38 49 59 73 76 77
15 38 49 59 71 72 78
15 38 49 59 71 72 76 77
15 38 49 51 59 73
15 38 49 51 59 71 72
15 38 47 48 59 73 78
15 38 47 48 59 73 76 77
15 38 47 48 59 71 72 78
15 38 47 48 59 71 72 76 77
15 38 47 48 51 59 73
15 38 47 48 51 59 71 72
15 38 46 59 78
15 38 46 59 76 77
15 38 46 51 59
15 38 46 49 59 78
15 38 46 49 59 76 77
15 38 46 49 51 59
15 38 46 47 48 59 78
15 38 46 47 48 59 76 77
15 38 46 47 48 51 59
15 22 59 65 73 78
15 22 59 65 73 76 77
15 22 59 65 71 72 78
15 22 59 65 71 72 76 77
15 22 59 63 64 73 78
15 22 59 63 64 73 76 77
15 22 59 63 64 71 72 78
15 22 59 63 64 71 72 76 77
15 22 51 59 65 73
15 22 51 59 65 71 72
15 22 51 59 63 64 73
15 22 51 59 63 64 71 72
15 22 46 59 65 78
15 22 46 59 65 76 77
15 22 46 59 63 64 78
15 22 46 59 63 64 76 77
15 22 46 51 59 65
15 22 46 51 59 63 64
15 22 38 59 73 78
15 22 38 59 73 76 77
15 22 38 59 71 72 78
15 22 38 59 71 72 76 77
15 22 38 51 59 73
15 22 38 51 59 71 72
15 22 38 46 59 78
15 22 38 46 59 76 77
15 22 38 46 51 59
68 69
61 69
59 69
59 67 68
42 68
42 61
42 59
38 61 69
38 61 67 68
38 42 61
36 69
36 67 68
36 42
67 68 78 79
61 78 79
59
59 69 78 79
59 68 69 78 79
55
55 78 79
54
54 78 79
53 67 68
53 61
53 59 69
53 59 68 69
53 55
53 54
42 59 78 79
42 59 68 78 79
42 53 59
42 53 59 68
36 69 78 79
36 59 69 78 79
36 59 67 68 78 79
36 53 69
36 53 59 69
36 53 59 67 68
36 42 78 79
36 42 59 78 79
36 42 53
36 42 53 59
22
20
20 36
9
9 78 79
9 53
8 78 79
8 53
1
1 78 79
1 53
59 61 69
59 61 67
59 61 67 68
59 61 65 66
42 59 61
40 59 61
10 61 69
10 61 67 68
10 42 61
42 59 73 77
42 59 73 75 76
42 59 71 72 77
42 59 71 72 75 76
42 50 59 73
42 50 59 71 72
42 46 59 77
42 46 59 75 76
42 46 50 59
40 41 59 73 77
40 41 59 73 75 76
40 41 59 71 72 77
40 41 59 71 72 75 76
40 41 50 59 73
40 41 50 59 71 72
40 41 46 59 77
40 41 46 59 75 76
40 41 46 50 59
15 59 73 77
15 59 73 75 76
15 59 71 72 77
15 59 71 72 75 76
15 50 59 73
15 50 59 71 72
15 46 59 77
15 46 59 75 76
15 46 50 59
73
71 72
68 78 79
65 78 79
53 68
53 65
46
36 68 78 79
36 59 78 79
36 53 68
36 53 59
34
34 73
34 71 72
34 61
34 61 63
34 61 62
34 54 61
34 52 53 61
34 46
27 34 61
26
20 68
20 68 69
20 67
20 67 68
20 65 66
20 42 68
20 40
10
42 59 73
42 59 71 72
42 46 59
40 41 59 73
40 41 59 71 72
40 41 46 59
15 59 73
15 59 71 72
15 46 59
57 59 61 73
57 59 61 71 72
57 59 60 73
57 59 60 71 72
46 57 59 61
46 57 59 60
34 57 59 73
34 57 59 71 72
34 46 57 59
61 67 68
42 59 61 73
42 59 61 71 72
42 46 59 61
40 41 59 61 73
40 41 59 61 71 72
40 41 46 59 61
15 59 61 73
15 59 61 71 72
15 46 59 61
