78 79
68 71
68 69
68 69 70
67
67 79
67 78 79
67 77 78
67 77 78 79
67 73
67 72
67 71
67 71 78 79
67 71 72
67 70 71
67 69 78 79
67 69 70
67 69 70 78 79
67 68
67 68 78 79
66 67
65
65 67 79
65 67 77 78
65 66 78 79
65 66 77 78 79
65 66 73
65 66 72
65 66 71
65 66 71 78 79
65 66 71 72
65 66 70 71
65 66 69 78 79
65 66 69 70
65 66 69 70 78 79
65 66 67
65 66 67 68 78 79
64 67
64 65 67
64 65 67 79
64 65 67 77 78
64 65 66 79
64 65 66 77 78
63
63 67
63 65 66
63 64
63 64 66
62 67
62 65 66
61
61 67
61 65
61 65 66
59
59 78 79
59 69
59 67
59 67 78
59 67 77
59 67 76 77
59 67 75 76
59 67 68
59 66 67
59 65
59 65 66
59 65 66 78
59 65 66 77
59 65 66 76 77
59 65 66 75 76
59 65 66 68
59 65 66 67
59 65 66 67 68
59 63 67
59 63 65 66
59 63 64
59 63 64 67
59 63 64 65 66
57 68 69
57 67
57 67 68
57 65 67
57 65 66
57 63 64 67
57 63 64 66
57 63 64 65 66
57 62 67
57 62 65 66
57 59
57 59 67
57 59 65
57 59 65 66
57 59 63 64
55 67
55 65 66
54 67
54 65 66
54 59 67
54 59 65 66
53
53 67 79
53 67 77 78
53 67 71
53 67 69
53 67 69 70
53 67 68
53 65
53 65 66 79
53 65 66 77 78
53 65 66 71
53 65 66 69
53 65 66 69 70
53 65 66 67 68
53 63 64
53 59
53 57 65
53 57 63 64
52 68 69
52 67
52 67 78 79
52 67 68
52 65 67
52 65 66 78 79
52 64 65 67
52 64 65 66
52 57 67
52 57 65 66
52 53 59 67
52 53 59 65 66
51 67
51 65 66
51 52 65
51 52 63 64
51 52 59 67
51 52 59 65 66
51 52 57 65
51 52 57 63 64
50 67
50 65
50 65 66
50 63 64
50 59
50 57 65
50 57 63 64
50 51 68 69
50 51 67
50 51 67 68
50 51 65 66
50 51 57 67
50 51 57 65 66
48 67
48 65 66
48 49 59
46 67
46 65 66
46 47 67
46 47 65 66
44 68
44 67 78 79
44 65 66 78 79
44 53 67
44 53 65 66
43 68 69
43 67
43 67 68
43 65 66
42 68
42 67
42 67 78 79
42 65 66
42 65 66 78 79
42 59
42 59 67
42 59 65 66
42 57 68
42 53 67
42 53 65 66
42 52 68
42 50 51 68
42 43 68
41 59 67
41 59 65 66
41 42 68
41 42 68 69
41 42 67
41 42 67 68
41 42 65 66
40 79
40 78 79
40 77 78
40 77 78 79
40 73
40 72
40 71
40 71 78 79
40 71 72
40 70 71
40 69 78 79
40 69 70
40 69 70 78 79
40 67
40 67 68 78 79
40 66
40 65 79
40 65 77 78
40 64
40 64 65
40 64 65 79
40 64 65 77 78
40 63
40 62
40 61
40 59
40 59 78
40 59 77
40 59 76 77
40 59 75 76
40 59 68
40 59 67 68
40 59 66 67
40 59 63
40 59 63 64
40 57
40 57 65
40 57 63 64
40 57 62
40 57 59
40 55
40 54
40 54 59
40 53 79
40 53 77 78
40 53 71
40 53 69
40 53 69 70
40 53 67 68
40 52
40 52 78 79
40 52 65
40 52 64 65
40 52 57
40 52 53 59
40 51
40 51 52 59
40 50
40 50 51
40 50 51 57
40 48
40 46
40 46 47
40 44 78 79
40 44 53
40 43
40 42
40 42 78 79
40 42 59
40 42 53
40 41
40 41 67
40 41 65 66
40 41 59
40 41 42
39 67
39 65 66
39 59 67
39 59 65 66
39 40
39 40 59
38
38 66
38 59
38 57 67
38 57 66
38 57 65 66
38 57 59
38 53
38 53 57
38 51 52
38 51 52 57
38 50
38 50 57
38 40 57
35 67
35 65 66
35 40
34 68 69
34 67
34 67 68
34 65 66
34 42 68
34 40
33 68 69
33 67
33 67 78 79
33 67 71
33 67 71 78 79
33 67 69
33 67 69 78 79
33 67 69 70
33 67 69 70 78 79
33 67 68 78 79
33 65 66
33 65 66 78 79
33 65 66 71
33 65 66 71 78 79
33 65 66 69
33 65 66 69 78 79
33 65 66 69 70
33 65 66 69 70 78 79
33 65 66 67 68
33 65 66 67 68 78 79
33 57 68 69
33 57 67 68
33 53 67
33 53 67 71
33 53 67 69
33 53 67 69 70
33 53 67 68
33 53 65 66
33 53 65 66 71
33 53 65 66 69
33 53 65 66 69 70
33 53 65 66 67 68
33 44 67
33 44 67 78 79
33 44 65 66
33 44 65 66 78 79
33 44 53 67
33 44 53 65 66
33 42 68
33 42 67
33 42 67 78 79
33 42 65 66
33 42 65 66 78 79
33 42 57 68
33 42 53 67
33 42 53 65 66
33 40
33 40 78 79
33 40 71
33 40 71 78 79
33 40 69
33 40 69 78 79
33 40 69 70
33 40 69 70 78 79
33 40 67 68
33 40 67 68 78 79
33 40 53
33 40 53 71
33 40 53 69
33 40 53 69 70
33 40 53 67 68
33 40 44
33 40 44 78 79
33 40 44 53
33 40 42
33 40 42 78 79
33 40 42 53
32 68 69
32 67 68
32 42 68
32 33 68 69
32 33 67
32 33 67 68
32 33 65 66
32 33 42 68
32 33 40
31 52 54 59 67
31 52 54 59 65 66
31 52 54 57 67
31 52 54 57 65 66
31 52 53 59 67
31 52 53 59 65 66
31 52 53 57 67
31 52 53 57 65 66
31 50 51 54 59 67
31 50 51 54 59 65 66
31 50 51 54 57 67
31 50 51 54 57 65 66
31 50 51 52 53 59 67
31 50 51 52 53 59 65 66
31 50 51 52 53 57 67
31 50 51 52 53 57 65 66
31 43 54 59 67
31 43 54 59 65 66
31 43 54 57 67
31 43 54 57 65 66
31 43 52 53 59 67
31 43 52 53 59 65 66
31 43 52 53 57 67
31 43 52 53 57 65 66
31 41 42 54 59 67
31 41 42 54 59 65 66
31 41 42 54 57 67
31 41 42 54 57 65 66
31 41 42 52 53 59 67
31 41 42 52 53 59 65 66
31 41 42 52 53 57 67
31 41 42 52 53 57 65 66
31 40 52 54 59
31 40 52 54 57
31 40 52 53 59
31 40 52 53 57
31 40 50 51 54 59
31 40 50 51 54 57
31 40 50 51 52 53 59
31 40 50 51 52 53 57
31 40 43 54 59
31 40 43 54 57
31 40 43 52 53 59
31 40 43 52 53 57
31 40 41 42 54 59
31 40 41 42 54 57
31 40 41 42 52 53 59
31 40 41 42 52 53 57
31 32 67
31 32 65 66
31 32 40
28 67
28 65 66
28 40
27 59 67
27 59 65 66
27 40 59
27 31 52 59 67
27 31 52 59 65 66
27 31 52 57 67
27 31 52 57 65 66
27 31 50 51 59 67
27 31 50 51 59 65 66
27 31 50 51 57 67
27 31 50 51 57 65 66
27 31 43 59 67
27 31 43 59 65 66
27 31 43 57 67
27 31 43 57 65 66
27 31 41 42 59 67
27 31 41 42 59 65 66
27 31 41 42 57 67
27 31 41 42 57 65 66
27 31 40 52 59
27 31 40 52 57
27 31 40 50 51 59
27 31 40 50 51 57
27 31 40 43 59
27 31 40 43 57
27 31 40 41 42 59
27 31 40 41 42 57
26 65
26 63 64
26 59 67
26 59 65 66
26 57 65
26 57 63 64
26 40 59
26 38
26 38 57
26 27 67
26 27 65 66
26 27 40
25 68 69
25 67 68
25 57 67
25 57 65 66
25 42 68
25 40 57
25 31 54 59 67
25 31 54 59 65 66
25 31 54 57 67
25 31 54 57 65 66
25 31 52 53 59 67
25 31 52 53 59 65 66
25 31 52 53 57 67
25 31 52 53 57 65 66
25 31 40 54 59
25 31 40 54 57
25 31 40 52 53 59
25 31 40 52 53 57
25 27 31 59 67
25 27 31 59 65 66
25 27 31 57 67
25 27 31 57 65 66
25 27 31 40 59
25 27 31 40 57
25 26 67
25 26 65 66
25 26 40
24
24 67
24 65 66
24 40
23 67 79
23 67 78 79
23 67 77
23 67 77 78
23 67 77 78 79
23 67 75 76
23 67 69 78 79
23 67 68 78 79
23 66
23 65
23 65 67
23 65 66
23 65 66 79
23 65 66 78 79
23 65 66 77
23 65 66 77 78
23 65 66 77 78 79
23 65 66 75 76
23 65 66 69 78 79
23 65 66 68
23 65 66 67 68
23 65 66 67 68 78 79
23 64 67
23 64 65 66
23 63 67
23 63 65 66
23 63 64
23 63 64 67
23 63 64 65 66
23 61
23 60 67
23 60 65 66
23 59
23 59 65
23 58 67
23 58 65 66
23 53
23 53 67 79
23 53 67 77 78
23 53 67 69
23 53 67 68
23 53 65 66 79
23 53 65 66 77 78
23 53 65 66 69
23 53 65 66 67 68
23 52 67
23 52 67 78 79
23 52 65 66
23 52 65 66 78 79
23 52 53 67
23 52 53 65 66
23 51 52
23 50
23 47 48 67
23 47 48 65 66
23 47 48 50 67
23 47 48 50 65 66
23 47 48 49 67
23 47 48 49 65 66
23 46 47 67
23 46 47 65 66
23 45 67
23 45 65 66
23 45 46 48 67
23 45 46 48 65 66
23 45 46 47 67
23 45 46 47 65 66
23 42 67
23 42 67 78 79
23 42 65 66
23 42 65 66 78 79
23 42 53 67
23 42 53 65 66
23 40 79
23 40 78 79
23 40 77
23 40 77 78
23 40 77 78 79
23 40 75 76
23 40 69 78 79
23 40 68
23 40 67 68
23 40 67 68 78 79
23 40 65
23 40 64
23 40 63
23 40 63 64
23 40 60
23 40 58
23 40 53 79
23 40 53 77 78
23 40 53 69
23 40 53 67 68
23 40 52
23 40 52 78 79
23 40 52 53
23 40 47 48
23 40 47 48 50
23 40 47 48 49
23 40 46 47
23 40 45
23 40 45 46 48
23 40 45 46 47
23 40 42
23 40 42 78 79
23 40 42 53
23 38
23 36 67
23 36 65 66
23 36 40
23 34 67
23 34 65 66
23 34 40
23 34 35 67
23 34 35 65 66
23 34 35 40
23 33 67 69 78 79
23 33 67 68 78 79
23 33 65 66 69 78 79
23 33 65 66 67 68 78 79
23 33 53 67 69
23 33 53 67 68
23 33 53 65 66 69
23 33 53 65 66 67 68
23 33 42 67 78 79
23 33 42 65 66 78 79
23 33 42 53 67
23 33 42 53 65 66
23 33 40 69 78 79
23 33 40 67 68 78 79
23 33 40 53 69
23 33 40 53 67 68
23 33 40 42 78 79
23 33 40 42 53
23 32 33 67
23 32 33 65 66
23 32 33 40
23 26
22 23 50 67
22 23 50 65 66
22 23 48 49 67
22 23 48 49 65 66
22 23 40 50
22 23 40 48 49
21 23 67
21 23 65 66
21 23 47 67
21 23 47 65 66
21 23 45 46 67
21 23 45 46 65 66
21 23 40
21 23 40 47
21 23 40 45 46
21 22 61
21 22 23 59
20 59 67
20 59 65 66
20 57 67
20 57 65 66
20 40 59
20 40 57
20 23 67
20 23 65 66
20 23 48 67
20 23 48 65 66
20 23 46 47 67
20 23 46 47 65 66
20 23 40
20 23 40 48
20 23 40 46 47
20 21 23 67
20 21 23 65 66
20 21 23 40
18 67
18 65 66
18 40
17 18 67
17 18 65 66
17 18 40
16 68 69
16 67
16 67 68
16 65 66
16 42 68
16 40
16 31 54 59 67
16 31 54 59 65 66
16 31 54 57 67
16 31 54 57 65 66
16 31 52 53 59 67
16 31 52 53 59 65 66
16 31 52 53 57 67
16 31 52 53 57 65 66
16 31 40 54 59
16 31 40 54 57
16 31 40 52 53 59
16 31 40 52 53 57
16 27 31 59 67
16 27 31 59 65 66
16 27 31 57 67
16 27 31 57 65 66
16 27 31 40 59
16 27 31 40 57
16 17 67
16 17 65 66
16 17 40
15 67
15 65 66
15 40
15 23 67
15 23 65 66
15 23 40
13 23 67
13 23 65 66
13 23 40
9
8 65
8 63 64
8 59
8 59 67
8 59 65 66
8 57 65
8 57 63 64
8 40 59
8 38
8 38 57
8 23
7 68 69
7 67
7 67 71
7 67 69 70
7 65 66
7 65 66 71
7 65 66 69 70
7 65 66 68
7 44 67
7 44 65 66
7 42 68
7 40
7 40 71
7 40 69 70
7 40 68
7 40 44
7 23 67
7 23 65 66
7 23 40
7 8 59 67
7 8 59 65 66
7 8 40 59
7 8 23 67
7 8 23 65 66
7 8 23 40
6 67
6 65 66
6 40
6 7 67
6 7 65
6 7 65 66
6 7 63 64
6 7 59 67
6 7 59 65 66
6 7 57 65
6 7 57 63 64
6 7 40
6 7 40 59
6 7 38
6 7 38 57
6 7 23
1 67
1 65 66
1 40
0 67
0 65 66
0 59 67
0 59 65 66
0 40
0 40 59
0 23 67
0 23 65 66
0 23 40
