79
78 79
77
77 78
75 76
69
69 78 79
68
68 78 79
68 71
68 69
68 69 70
67
67 79
67 78
67 78 79
67 77 78
67 77 78 79
67 76 77
67 75 76 78 79
67 74
67 72 73
67 68 78 79
66 67
65 77
65 75 76
65 66 79
65 66 78
65 66 78 79
65 66 77 78
65 66 77 78 79
65 66 76 77
65 66 75 76 78 79
65 66 74
65 66 72 73
65 66 67
64
64 67
64 65 77
64 65 75 76
64 65 67
63 67
63 65 66
63 64 67
63 64 66
63 64 65 66
62 67
62 65 66
62 63
61
61 68
61 67
61 66
61 66 67
61 65 66 68
61 65 66 67 68
61 64 65 67
61 64 65 66
61 63 67
61 63 65 66
59
59 63 64
59 61
57 67
57 65 66
57 61 67
57 61 65 66
56 57 59 69 71 73
56 57 59 69 71 72
56 57 59 69 70 73
56 57 59 69 70 71 72
56 57 59 67 68 71 73
56 57 59 67 68 71 72
56 57 59 67 68 69 70 73
56 57 59 67 68 69 70 71 72
56 57 58 59 69 71
56 57 58 59 69 71 75
56 57 58 59 69 71 73 74
56 57 58 59 69 70
56 57 58 59 69 70 75
56 57 58 59 69 70 73 74
56 57 58 59 67 68 71
56 57 58 59 67 68 71 75
56 57 58 59 67 68 71 73 74
56 57 58 59 67 68 69 70
56 57 58 59 67 68 69 70 75
56 57 58 59 67 68 69 70 73 74
55 59 73 75
55 59 73 74
55 59 71 75
55 59 71 73 74
55 59 71 72 75
55 59 71 72 73 74
55 59 69 70 75
55 59 69 70 73 74
55 58 59 71 75
55 58 59 71 73 75
55 58 59 71 72 75
55 58 59 71 72 73 74
55 58 59 69 70 75
55 58 59 69 70 73 75
55 58 59 69 70 71 72 75
55 58 59 69 70 71 72 73 74
55 56 57 59 71 75
55 56 57 59 71 73 75
55 56 57 59 71 72 75
55 56 57 59 71 72 73 74
55 56 57 59 69 70 75
55 56 57 59 69 70 73 75
55 56 57 59 69 70 71 72 75
55 56 57 59 69 70 71 72 73 74
54 55 57 59 69 71
54 55 57 59 69 71 75
54 55 57 59 69 71 73
54 55 57 59 69 71 73 74
54 55 57 59 69 71 72
54 55 57 59 69 70
54 55 57 59 69 70 75
54 55 57 59 69 70 73
54 55 57 59 69 70 73 74
54 55 57 59 69 70 71 72
54 55 57 59 67 68 71
54 55 57 59 67 68 71 75
54 55 57 59 67 68 71 73
54 55 57 59 67 68 71 73 74
54 55 57 59 67 68 71 72
54 55 57 59 67 68 69 70
54 55 57 59 67 68 69 70 75
54 55 57 59 67 68 69 70 73
54 55 57 59 67 68 69 70 73 74
54 55 57 59 67 68 69 70 71 72
54 55 57 58 59 69 71
54 55 57 58 59 69 71 75
54 55 57 58 59 69 71 73 74
54 55 57 58 59 69 70
54 55 57 58 59 69 70 75
54 55 57 58 59 69 70 73 74
54 55 57 58 59 67 68 71
54 55 57 58 59 67 68 71 75
54 55 57 58 59 67 68 71 73 74
54 55 57 58 59 67 68 69 70
54 55 57 58 59 67 68 69 70 75
54 55 57 58 59 67 68 69 70 73 74
54 55 56 57 59 69 71
54 55 56 57 59 69 71 75
54 55 56 57 59 69 71 73 74
54 55 56 57 59 69 70
54 55 56 57 59 69 70 75
54 55 56 57 59 69 70 73 74
54 55 56 57 59 67 68 71
54 55 56 57 59 67 68 71 75
54 55 56 57 59 67 68 71 73 74
54 55 56 57 59 67 68 69 70
54 55 56 57 59 67 68 69 70 75
54 55 56 57 59 67 68 69 70 73 74
53
53 69
53 68
53 67 77
53 67 75 76
53 67 68
53 65
53 65 66 77
53 65 66 75 76
53 63 64
53 61
52 68
51 67
51 65 66
51 61 67
51 61 65 66
51 52 65
51 52 63 64
51 52 61
50 67
50 67 78 79
50 65 66
50 65 66 78 79
50 64 65
50 63 64
50 61
50 53 67
50 53 65 66
50 51 68
50 51 67
50 51 65 66
48 56 57 58 59 69 71
48 56 57 58 59 69 70
48 56 57 58 59 67 68 71
48 56 57 58 59 67 68 69 70
48 55 59 73
48 55 59 71
48 55 59 71 72
48 55 59 69 70
48 55 58 59 71
48 55 58 59 71 73
48 55 58 59 71 72
48 55 58 59 69 70
48 55 58 59 69 70 73
48 55 58 59 69 70 71 72
48 55 56 57 59 71
48 55 56 57 59 71 73
48 55 56 57 59 71 72
48 55 56 57 59 69 70
48 55 56 57 59 69 70 73
48 55 56 57 59 69 70 71 72
48 54 55 57 59 69 71
48 54 55 57 59 69 70
48 54 55 57 59 67 68 71
48 54 55 57 59 67 68 69 70
48 54 55 57 58 59 69 71
48 54 55 57 58 59 69 70
48 54 55 57 58 59 67 68 71
48 54 55 57 58 59 67 68 69 70
48 54 55 56 57 59 69 71
48 54 55 56 57 59 69 70
48 54 55 56 57 59 67 68 71
48 54 55 56 57 59 67 68 69 70
48 49
47 67
47 65 66
46 57 59 60 69 71 75
46 57 59 60 69 71 73 74
46 57 59 60 69 70 75
46 57 59 60 69 70 73 74
46 57 59 60 67 68 71 75
46 57 59 60 67 68 71 73 74
46 57 59 60 67 68 69 70 75
46 57 59 60 67 68 69 70 73 74
46 57 58 59 69 71 75
46 57 58 59 69 71 73 74
46 57 58 59 69 70 75
46 57 58 59 69 70 73 74
46 57 58 59 67 68 71 75
46 57 58 59 67 68 71 73 74
46 57 58 59 67 68 69 70 75
46 57 58 59 67 68 69 70 73 74
46 56 57 59 69 71
46 56 57 59 69 70
46 56 57 59 67 68 71
46 56 57 59 67 68 69 70
46 55 59 75
46 55 59 73 74
46 55 58 59 71 75
46 55 58 59 71 73 74
46 55 58 59 69 70 75
46 55 58 59 69 70 73 74
46 55 56 57 59 71 75
46 55 56 57 59 71 73 74
46 55 56 57 59 69 70 75
46 55 56 57 59 69 70 73 74
46 54 55 57 59 69 71
46 54 55 57 59 69 70
46 54 55 57 59 67 68 71
46 54 55 57 59 67 68 69 70
46 48 57 59 60 69 71
46 48 57 59 60 69 70
46 48 57 59 60 67 68 71
46 48 57 59 60 67 68 69 70
46 48 57 58 59 69 71
46 48 57 58 59 69 70
46 48 57 58 59 67 68 71
46 48 57 58 59 67 68 69 70
46 48 55 59
46 48 55 58 59 71
46 48 55 58 59 69 70
46 48 55 56 57 59 71
46 48 55 56 57 59 69 70
44 68
44 56 57 59 69 73
44 56 57 59 69 71 72
44 56 57 59 67 68 73
44 56 57 59 67 68 71 72
44 56 57 58 59 69
44 56 57 58 59 69 75
44 56 57 58 59 69 73 74
44 56 57 58 59 67 68
44 56 57 58 59 67 68 75
44 56 57 58 59 67 68 73 74
44 55 59 75
44 55 59 73 74
44 55 58 59 75
44 55 58 59 73 75
44 55 58 59 71 72 75
44 55 58 59 71 72 73 74
44 55 56 57 59 75
44 55 56 57 59 73 75
44 55 56 57 59 71 72 75
44 55 56 57 59 71 72 73 74
44 54 55 57 59 69
44 54 55 57 59 69 75
44 54 55 57 59 69 73
44 54 55 57 59 69 73 74
44 54 55 57 59 69 71 72
44 54 55 57 59 67 68
44 54 55 57 59 67 68 75
44 54 55 57 59 67 68 73
44 54 55 57 59 67 68 73 74
44 54 55 57 59 67 68 71 72
44 54 55 57 58 59 69
44 54 55 57 58 59 69 75
44 54 55 57 58 59 69 73 74
44 54 55 57 58 59 67 68
44 54 55 57 58 59 67 68 75
44 54 55 57 58 59 67 68 73 74
44 54 55 56 57 59 69
44 54 55 56 57 59 69 75
44 54 55 56 57 59 69 73 74
44 54 55 56 57 59 67 68
44 54 55 56 57 59 67 68 75
44 54 55 56 57 59 67 68 73 74
44 48 56 57 58 59 69
44 48 56 57 58 59 67 68
44 48 55 59
44 48 55 58 59
44 48 55 58 59 73
44 48 55 58 59 71 72
44 48 55 56 57 59
44 48 55 56 57 59 73
44 48 55 56 57 59 71 72
44 48 54 55 57 59 69
44 48 54 55 57 59 67 68
44 48 54 55 57 58 59 69
44 48 54 55 57 58 59 67 68
44 48 54 55 56 57 59 69
44 48 54 55 56 57 59 67 68
44 46 57 59 60 69 75
44 46 57 59 60 69 73 74
44 46 57 59 60 67 68 75
44 46 57 59 60 67 68 73 74
44 46 57 58 59 69 75
44 46 57 58 59 69 73 74
44 46 57 58 59 67 68 75
44 46 57 58 59 67 68 73 74
44 46 56 57 59 69
44 46 56 57 59 67 68
44 46 55 58 59 75
44 46 55 58 59 73 74
44 46 55 56 57 59 75
44 46 55 56 57 59 73 74
44 46 54 55 57 59 69
44 46 54 55 57 59 67 68
44 46 48 57 59 60 69
44 46 48 57 59 60 67 68
44 46 48 57 58 59 69
44 46 48 57 58 59 67 68
44 46 48 55 58 59
44 46 48 55 56 57 59
44 45 57 59 60 69 75
44 45 57 59 60 69 73 74
44 45 57 59 60 69 71 75
44 45 57 59 60 69 71 73 74
44 45 57 59 60 69 70 75
44 45 57 59 60 69 70 73 74
44 45 57 59 60 67 68 75
44 45 57 59 60 67 68 73 74
44 45 57 59 60 67 68 71 75
44 45 57 59 60 67 68 71 73 74
44 45 57 59 60 67 68 69 70 75
44 45 57 59 60 67 68 69 70 73 74
44 45 57 58 59 69 75
44 45 57 58 59 69 73 74
44 45 57 58 59 69 71 75
44 45 57 58 59 69 71 73 74
44 45 57 58 59 69 70 75
44 45 57 58 59 69 70 73 74
44 45 57 58 59 67 68 75
44 45 57 58 59 67 68 73 74
44 45 57 58 59 67 68 71 75
44 45 57 58 59 67 68 71 73 74
44 45 57 58 59 67 68 69 70 75
44 45 57 58 59 67 68 69 70 73 74
44 45 48 57 59 60 69
44 45 48 57 59 60 69 71
44 45 48 57 59 60 69 70
44 45 48 57 59 60 67 68
44 45 48 57 59 60 67 68 71
44 45 48 57 59 60 67 68 69 70
44 45 48 57 58 59 69
44 45 48 57 58 59 69 71
44 45 48 57 58 59 69 70
44 45 48 57 58 59 67 68
44 45 48 57 58 59 67 68 71
44 45 48 57 58 59 67 68 69 70
43 67
43 65 66
43 52 68
43 50 51 68
42
42 78 79
42 68
42 61 67
42 61 65 66
42 56 57 59 71 73
42 56 57 59 71 72
42 56 57 59 69 70 73
42 56 57 59 69 70 71 72
42 56 57 58 59 71
42 56 57 58 59 71 75
42 56 57 58 59 71 73 74
42 56 57 58 59 69 70
42 56 57 58 59 69 70 75
42 56 57 58 59 69 70 73 74
42 54 55 57 59 71
42 54 55 57 59 71 75
42 54 55 57 59 71 73
42 54 55 57 59 71 73 74
42 54 55 57 59 71 72
42 54 55 57 59 69 70
42 54 55 57 59 69 70 75
42 54 55 57 59 69 70 73
42 54 55 57 59 69 70 73 74
42 54 55 57 59 69 70 71 72
42 54 55 57 58 59 71
42 54 55 57 58 59 71 75
42 54 55 57 58 59 71 73 74
42 54 55 57 58 59 69 70
42 54 55 57 58 59 69 70 75
42 54 55 57 58 59 69 70 73 74
42 54 55 56 57 59 71
42 54 55 56 57 59 71 75
42 54 55 56 57 59 71 73 74
42 54 55 56 57 59 69 70
42 54 55 56 57 59 69 70 75
42 54 55 56 57 59 69 70 73 74
42 53
42 48 56 57 58 59 71
42 48 56 57 58 59 69 70
42 48 54 55 57 59 71
42 48 54 55 57 59 69 70
42 48 54 55 57 58 59 71
42 48 54 55 57 58 59 69 70
42 48 54 55 56 57 59 71
42 48 54 55 56 57 59 69 70
42 46 57 59 60 71 75
42 46 57 59 60 71 73 74
42 46 57 59 60 69 70 75
42 46 57 59 60 69 70 73 74
42 46 57 58 59 71 75
42 46 57 58 59 71 73 74
42 46 57 58 59 69 70 75
42 46 57 58 59 69 70 73 74
42 46 56 57 59 71
42 46 56 57 59 69 70
42 46 54 55 57 59 71
42 46 54 55 57 59 69 70
42 46 48 57 59 60 71
42 46 48 57 59 60 69 70
42 46 48 57 58 59 71
42 46 48 57 58 59 69 70
42 44 56 57 59 73
42 44 56 57 59 71 72
42 44 56 57 58 59
42 44 56 57 58 59 75
42 44 56 57 58 59 73 74
42 44 54 55 57 59
42 44 54 55 57 59 75
42 44 54 55 57 59 73
42 44 54 55 57 59 73 74
42 44 54 55 57 59 71 72
42 44 54 55 57 58 59
42 44 54 55 57 58 59 75
42 44 54 55 57 58 59 73 74
42 44 54 55 56 57 59
42 44 54 55 56 57 59 75
42 44 54 55 56 57 59 73 74
42 44 48 56 57 58 59
42 44 48 54 55 57 59
42 44 48 54 55 57 58 59
42 44 48 54 55 56 57 59
42 44 46 57 59 60 75
42 44 46 57 59 60 73 74
42 44 46 57 58 59 75
42 44 46 57 58 59 73 74
42 44 46 56 57 59
42 44 46 54 55 57 59
42 44 46 48 57 59 60
42 44 46 48 57 58 59
42 44 45 57 59 60 75
42 44 45 57 59 60 73 74
42 44 45 57 59 60 71 75
42 44 45 57 59 60 71 73 74
42 44 45 57 59 60 69 70 75
42 44 45 57 59 60 69 70 73 74
42 44 45 57 58 59 75
42 44 45 57 58 59 73 74
42 44 45 57 58 59 71 75
42 44 45 57 58 59 71 73 74
42 44 45 57 58 59 69 70 75
42 44 45 57 58 59 69 70 73 74
42 44 45 48 57 59 60
42 44 45 48 57 59 60 71
42 44 45 48 57 59 60 69 70
42 44 45 48 57 58 59
42 44 45 48 57 58 59 71
42 44 45 48 57 58 59 69 70
41 42 67
41 42 65 66
41 42 52 68
41 42 50 51 68
40 79
40 78
40 78 79
40 77 78
40 77 78 79
40 76 77
40 75 76 78 79
40 74
40 72 73
40 67
40 66
40 64
40 64 65
40 63
40 63 64
40 62
40 61
40 61 68
40 61 67 68
40 61 66
40 61 64 65
40 61 63
40 57
40 57 61
40 53 77
40 53 75 76
40 51
40 51 61
40 50
40 50 78 79
40 50 53
40 50 51
40 47
40 43
40 42 61
40 41 42
39 61 67
39 61 65 66
39 57 59 69 71 73
39 57 59 69 71 72
39 57 59 69 70 73
39 57 59 69 70 71 72
39 57 59 67 68 71 73
39 57 59 67 68 71 72
39 57 59 67 68 69 70 73
39 57 59 67 68 69 70 71 72
39 57 59 60 69 71 75
39 57 59 60 69 71 73 74
39 57 59 60 69 70 75
39 57 59 60 69 70 73 74
39 57 59 60 67 68 71 75
39 57 59 60 67 68 71 73 74
39 57 59 60 67 68 69 70 75
39 57 59 60 67 68 69 70 73 74
39 57 58 59 69 71 75
39 57 58 59 69 71 73 74
39 57 58 59 69 70 75
39 57 58 59 69 70 73 74
39 57 58 59 67 68 71 75
39 57 58 59 67 68 71 73 74
39 57 58 59 67 68 69 70 75
39 57 58 59 67 68 69 70 73 74
39 48 57 59 60 69 71
39 48 57 59 60 69 70
39 48 57 59 60 67 68 71
39 48 57 59 60 67 68 69 70
39 48 57 58 59 69 71
39 48 57 58 59 69 70
39 48 57 58 59 67 68 71
39 48 57 58 59 67 68 69 70
39 46 57 59 69 71
39 46 57 59 69 70
39 46 57 59 67 68 71
39 46 57 59 67 68 69 70
39 46 57 59 60 69 71 75
39 46 57 59 60 69 71 73 74
39 46 57 59 60 69 70 75
39 46 57 59 60 69 70 73 74
39 46 57 59 60 67 68 71 75
39 46 57 59 60 67 68 71 73 74
39 46 57 59 60 67 68 69 70 75
39 46 57 59 60 67 68 69 70 73 74
39 46 57 58 59 69 71 75
39 46 57 58 59 69 71 73 74
39 46 57 58 59 69 70 75
39 46 57 58 59 69 70 73 74
39 46 57 58 59 67 68 71 75
39 46 57 58 59 67 68 71 73 74
39 46 57 58 59 67 68 69 70 75
39 46 57 58 59 67 68 69 70 73 74
39 46 48 57 59 60 69 71
39 46 48 57 59 60 69 70
39 46 48 57 59 60 67 68 71
39 46 48 57 59 60 67 68 69 70
39 46 48 57 58 59 69 71
39 46 48 57 58 59 69 70
39 46 48 57 58 59 67 68 71
39 46 48 57 58 59 67 68 69 70
39 44 57 59 69 73
39 44 57 59 69 71 72
39 44 57 59 67 68 73
39 44 57 59 67 68 71 72
39 44 57 59 60 69 75
39 44 57 59 60 69 73 74
39 44 57 59 60 67 68 75
39 44 57 59 60 67 68 73 74
39 44 57 58 59 69 75
39 44 57 58 59 69 73 74
39 44 57 58 59 67 68 75
39 44 57 58 59 67 68 73 74
39 44 48 57 59 60 69
39 44 48 57 59 60 67 68
39 44 48 57 58 59 69
39 44 48 57 58 59 67 68
39 44 46 57 59 69
39 44 46 57 59 67 68
39 44 46 57 59 60 69 75
39 44 46 57 59 60 69 73 74
39 44 46 57 59 60 67 68 75
39 44 46 57 59 60 67 68 73 74
39 44 46 57 58 59 69 75
39 44 46 57 58 59 69 73 74
39 44 46 57 58 59 67 68 75
39 44 46 57 58 59 67 68 73 74
39 44 46 48 57 59 60 69
39 44 46 48 57 59 60 67 68
39 44 46 48 57 58 59 69
39 44 46 48 57 58 59 67 68
39 44 45 57 59 60 69 75
39 44 45 57 59 60 69 73 74
39 44 45 57 59 60 69 71 75
39 44 45 57 59 60 69 71 73 74
39 44 45 57 59 60 69 70 75
39 44 45 57 59 60 69 70 73 74
39 44 45 57 59 60 67 68 75
39 44 45 57 59 60 67 68 73 74
39 44 45 57 59 60 67 68 71 75
39 44 45 57 59 60 67 68 71 73 74
39 44 45 57 59 60 67 68 69 70 75
39 44 45 57 59 60 67 68 69 70 73 74
39 44 45 57 58 59 69 75
39 44 45 57 58 59 69 73 74
39 44 45 57 58 59 69 71 75
39 44 45 57 58 59 69 71 73 74
39 44 45 57 58 59 69 70 75
39 44 45 57 58 59 69 70 73 74
39 44 45 57 58 59 67 68 75
39 44 45 57 58 59 67 68 73 74
39 44 45 57 58 59 67 68 71 75
39 44 45 57 58 59 67 68 71 73 74
39 44 45 57 58 59 67 68 69 70 75
39 44 45 57 58 59 67 68 69 70 73 74
39 44 45 48 57 59 60 69
39 44 45 48 57 59 60 69 71
39 44 45 48 57 59 60 69 70
39 44 45 48 57 59 60 67 68
39 44 45 48 57 59 60 67 68 71
39 44 45 48 57 59 60 67 68 69 70
39 44 45 48 57 58 59 69
39 44 45 48 57 58 59 69 71
39 44 45 48 57 58 59 69 70
39 44 45 48 57 58 59 67 68
39 44 45 48 57 58 59 67 68 71
39 44 45 48 57 58 59 67 68 69 70
39 42 57 59 71 73
39 42 57 59 71 72
39 42 57 59 69 70 73
39 42 57 59 69 70 71 72
39 42 57 59 60 71 75
39 42 57 59 60 71 73 74
39 42 57 59 60 69 70 75
39 42 57 59 60 69 70 73 74
39 42 57 58 59 71 75
39 42 57 58 59 71 73 74
39 42 57 58 59 69 70 75
39 42 57 58 59 69 70 73 74
39 42 48 57 59 60 71
39 42 48 57 59 60 69 70
39 42 48 57 58 59 71
39 42 48 57 58 59 69 70
39 42 46 57 59 71
39 42 46 57 59 69 70
39 42 46 57 59 60 71 75
39 42 46 57 59 60 71 73 74
39 42 46 57 59 60 69 70 75
39 42 46 57 59 60 69 70 73 74
39 42 46 57 58 59 71 75
39 42 46 57 58 59 71 73 74
39 42 46 57 58 59 69 70 75
39 42 46 57 58 59 69 70 73 74
39 42 46 48 57 59 60 71
39 42 46 48 57 59 60 69 70
39 42 46 48 57 58 59 71
39 42 46 48 57 58 59 69 70
39 42 44 57 59 73
39 42 44 57 59 71 72
39 42 44 57 59 60 75
39 42 44 57 59 60 73 74
39 42 44 57 58 59 75
39 42 44 57 58 59 73 74
39 42 44 48 57 59 60
39 42 44 48 57 58 59
39 42 44 46 57 59
39 42 44 46 57 59 60 75
39 42 44 46 57 59 60 73 74
39 42 44 46 57 58 59 75
39 42 44 46 57 58 59 73 74
39 42 44 46 48 57 59 60
39 42 44 46 48 57 58 59
39 42 44 45 57 59 60 75
39 42 44 45 57 59 60 73 74
39 42 44 45 57 59 60 71 75
39 42 44 45 57 59 60 71 73 74
39 42 44 45 57 59 60 69 70 75
39 42 44 45 57 59 60 69 70 73 74
39 42 44 45 57 58 59 75
39 42 44 45 57 58 59 73 74
39 42 44 45 57 58 59 71 75
39 42 44 45 57 58 59 71 73 74
39 42 44 45 57 58 59 69 70 75
39 42 44 45 57 58 59 69 70 73 74
39 42 44 45 48 57 59 60
39 42 44 45 48 57 59 60 71
39 42 44 45 48 57 59 60 69 70
39 42 44 45 48 57 58 59
39 42 44 45 48 57 58 59 71
39 42 44 45 48 57 58 59 69 70
39 40 61
38 67
38 66
38 65 66
38 59
38 53
38 51 52
38 50
38 40
37
37 38 57 59 69 71 73
37 38 57 59 69 71 72
37 38 57 59 69 70 73
37 38 57 59 69 70 71 72
37 38 57 59 67 68 71 73
37 38 57 59 67 68 71 72
37 38 57 59 67 68 69 70 73
37 38 57 59 67 68 69 70 71 72
37 38 57 59 60 69 71 75
37 38 57 59 60 69 71 73 74
37 38 57 59 60 69 70 75
37 38 57 59 60 69 70 73 74
37 38 57 59 60 67 68 71 75
37 38 57 59 60 67 68 71 73 74
37 38 57 59 60 67 68 69 70 75
37 38 57 59 60 67 68 69 70 73 74
37 38 57 58 59 69 71 75
37 38 57 58 59 69 71 73 74
37 38 57 58 59 69 70 75
37 38 57 58 59 69 70 73 74
37 38 57 58 59 67 68 71 75
37 38 57 58 59 67 68 71 73 74
37 38 57 58 59 67 68 69 70 75
37 38 57 58 59 67 68 69 70 73 74
37 38 48 57 59 60 69 71
37 38 48 57 59 60 69 70
37 38 48 57 59 60 67 68 71
37 38 48 57 59 60 67 68 69 70
37 38 48 57 58 59 69 71
37 38 48 57 58 59 69 70
37 38 48 57 58 59 67 68 71
37 38 48 57 58 59 67 68 69 70
37 38 46 57 59 69 71
37 38 46 57 59 69 70
37 38 46 57 59 67 68 71
37 38 46 57 59 67 68 69 70
37 38 46 57 59 60 69 71 75
37 38 46 57 59 60 69 71 73 74
37 38 46 57 59 60 69 70 75
37 38 46 57 59 60 69 70 73 74
37 38 46 57 59 60 67 68 71 75
37 38 46 57 59 60 67 68 71 73 74
37 38 46 57 59 60 67 68 69 70 75
37 38 46 57 59 60 67 68 69 70 73 74
37 38 46 57 58 59 69 71 75
37 38 46 57 58 59 69 71 73 74
37 38 46 57 58 59 69 70 75
37 38 46 57 58 59 69 70 73 74
37 38 46 57 58 59 67 68 71 75
37 38 46 57 58 59 67 68 71 73 74
37 38 46 57 58 59 67 68 69 70 75
37 38 46 57 58 59 67 68 69 70 73 74
37 38 46 48 57 59 60 69 71
37 38 46 48 57 59 60 69 70
37 38 46 48 57 59 60 67 68 71
37 38 46 48 57 59 60 67 68 69 70
37 38 46 48 57 58 59 69 71
37 38 46 48 57 58 59 69 70
37 38 46 48 57 58 59 67 68 71
37 38 46 48 57 58 59 67 68 69 70
37 38 44 57 59 69 73
37 38 44 57 59 69 71 72
37 38 44 57 59 67 68 73
37 38 44 57 59 67 68 71 72
37 38 44 57 59 60 69 75
37 38 44 57 59 60 69 73 74
37 38 44 57 59 60 67 68 75
37 38 44 57 59 60 67 68 73 74
37 38 44 57 58 59 69 75
37 38 44 57 58 59 69 73 74
37 38 44 57 58 59 67 68 75
37 38 44 57 58 59 67 68 73 74
37 38 44 48 57 59 60 69
37 38 44 48 57 59 60 67 68
37 38 44 48 57 58 59 69
37 38 44 48 57 58 59 67 68
37 38 44 46 57 59 69
37 38 44 46 57 59 67 68
37 38 44 46 57 59 60 69 75
37 38 44 46 57 59 60 69 73 74
37 38 44 46 57 59 60 67 68 75
37 38 44 46 57 59 60 67 68 73 74
37 38 44 46 57 58 59 69 75
37 38 44 46 57 58 59 69 73 74
37 38 44 46 57 58 59 67 68 75
37 38 44 46 57 58 59 67 68 73 74
37 38 44 46 48 57 59 60 69
37 38 44 46 48 57 59 60 67 68
37 38 44 46 48 57 58 59 69
37 38 44 46 48 57 58 59 67 68
37 38 44 45 57 59 60 69 75
37 38 44 45 57 59 60 69 73 74
37 38 44 45 57 59 60 69 71 75
37 38 44 45 57 59 60 69 71 73 74
37 38 44 45 57 59 60 69 70 75
37 38 44 45 57 59 60 69 70 73 74
37 38 44 45 57 59 60 67 68 75
37 38 44 45 57 59 60 67 68 73 74
37 38 44 45 57 59 60 67 68 71 75
37 38 44 45 57 59 60 67 68 71 73 74
37 38 44 45 57 59 60 67 68 69 70 75
37 38 44 45 57 59 60 67 68 69 70 73 74
37 38 44 45 57 58 59 69 75
37 38 44 45 57 58 59 69 73 74
37 38 44 45 57 58 59 69 71 75
37 38 44 45 57 58 59 69 71 73 74
37 38 44 45 57 58 59 69 70 75
37 38 44 45 57 58 59 69 70 73 74
37 38 44 45 57 58 59 67 68 75
37 38 44 45 57 58 59 67 68 73 74
37 38 44 45 57 58 59 67 68 71 75
37 38 44 45 57 58 59 67 68 71 73 74
37 38 44 45 57 58 59 67 68 69 70 75
37 38 44 45 57 58 59 67 68 69 70 73 74
37 38 44 45 48 57 59 60 69
37 38 44 45 48 57 59 60 69 71
37 38 44 45 48 57 59 60 69 70
37 38 44 45 48 57 59 60 67 68
37 38 44 45 48 57 59 60 67 68 71
37 38 44 45 48 57 59 60 67 68 69 70
37 38 44 45 48 57 58 59 69
37 38 44 45 48 57 58 59 69 71
37 38 44 45 48 57 58 59 69 70
37 38 44 45 48 57 58 59 67 68
37 38 44 45 48 57 58 59 67 68 71
37 38 44 45 48 57 58 59 67 68 69 70
37 38 42 57 59 71 73
37 38 42 57 59 71 72
37 38 42 57 59 69 70 73
37 38 42 57 59 69 70 71 72
37 38 42 57 59 60 71 75
37 38 42 57 59 60 71 73 74
37 38 42 57 59 60 69 70 75
37 38 42 57 59 60 69 70 73 74
37 38 42 57 58 59 71 75
37 38 42 57 58 59 71 73 74
37 38 42 57 58 59 69 70 75
37 38 42 57 58 59 69 70 73 74
37 38 42 48 57 59 60 71
37 38 42 48 57 59 60 69 70
37 38 42 48 57 58 59 71
37 38 42 48 57 58 59 69 70
37 38 42 46 57 59 71
37 38 42 46 57 59 69 70
37 38 42 46 57 59 60 71 75
37 38 42 46 57 59 60 71 73 74
37 38 42 46 57 59 60 69 70 75
37 38 42 46 57 59 60 69 70 73 74
37 38 42 46 57 58 59 71 75
37 38 42 46 57 58 59 71 73 74
37 38 42 46 57 58 59 69 70 75
37 38 42 46 57 58 59 69 70 73 74
37 38 42 46 48 57 59 60 71
37 38 42 46 48 57 59 60 69 70
37 38 42 46 48 57 58 59 71
37 38 42 46 48 57 58 59 69 70
37 38 42 44 57 59 73
37 38 42 44 57 59 71 72
37 38 42 44 57 59 60 75
37 38 42 44 57 59 60 73 74
37 38 42 44 57 58 59 75
37 38 42 44 57 58 59 73 74
37 38 42 44 48 57 59 60
37 38 42 44 48 57 58 59
37 38 42 44 46 57 59
37 38 42 44 46 57 59 60 75
37 38 42 44 46 57 59 60 73 74
37 38 42 44 46 57 58 59 75
37 38 42 44 46 57 58 59 73 74
37 38 42 44 46 48 57 59 60
37 38 42 44 46 48 57 58 59
37 38 42 44 45 57 59 60 75
37 38 42 44 45 57 59 60 73 74
37 38 42 44 45 57 59 60 71 75
37 38 42 44 45 57 59 60 71 73 74
37 38 42 44 45 57 59 60 69 70 75
37 38 42 44 45 57 59 60 69 70 73 74
37 38 42 44 45 57 58 59 75
37 38 42 44 45 57 58 59 73 74
37 38 42 44 45 57 58 59 71 75
37 38 42 44 45 57 58 59 71 73 74
37 38 42 44 45 57 58 59 69 70 75
37 38 42 44 45 57 58 59 69 70 73 74
37 38 42 44 45 48 57 59 60
37 38 42 44 45 48 57 59 60 71
37 38 42 44 45 48 57 59 60 69 70
37 38 42 44 45 48 57 58 59
37 38 42 44 45 48 57 58 59 71
37 38 42 44 45 48 57 58 59 69 70
34 67
34 65 66
34 52 68
34 50 51 68
34 40
33 68 78 79
33 68 69
33 67 68
33 61 67
33 61 65 66
33 53 68
33 46 57 59 69 71 75
33 46 57 59 69 71 73 74
33 46 57 59 69 70 75
33 46 57 59 69 70 73 74
33 46 57 59 67 68 71 75
33 46 57 59 67 68 71 73 74
33 46 57 59 67 68 69 70 75
33 46 57 59 67 68 69 70 73 74
33 46 48 57 59 69 71
33 46 48 57 59 69 70
33 46 48 57 59 67 68 71
33 46 48 57 59 67 68 69 70
33 44 46 57 59 69 75
33 44 46 57 59 69 73 74
33 44 46 57 59 67 68 75
33 44 46 57 59 67 68 73 74
33 44 46 48 57 59 69
33 44 46 48 57 59 67 68
33 44 45 57 59 69 75
33 44 45 57 59 69 73 74
33 44 45 57 59 69 71 75
33 44 45 57 59 69 71 73 74
33 44 45 57 59 69 70 75
33 44 45 57 59 69 70 73 74
33 44 45 57 59 67 68 75
33 44 45 57 59 67 68 73 74
33 44 45 57 59 67 68 71 75
33 44 45 57 59 67 68 71 73 74
33 44 45 57 59 67 68 69 70 75
33 44 45 57 59 67 68 69 70 73 74
33 44 45 48 57 59 69
33 44 45 48 57 59 69 71
33 44 45 48 57 59 69 70
33 44 45 48 57 59 67 68
33 44 45 48 57 59 67 68 71
33 44 45 48 57 59 67 68 69 70
33 42 68
33 42 46 57 59 71 75
33 42 46 57 59 71 73 74
33 42 46 57 59 69 70 75
33 42 46 57 59 69 70 73 74
33 42 46 48 57 59 71
33 42 46 48 57 59 69 70
33 42 44 46 57 59 75
33 42 44 46 57 59 73 74
33 42 44 46 48 57 59
33 42 44 45 57 59 75
33 42 44 45 57 59 73 74
33 42 44 45 57 59 71 75
33 42 44 45 57 59 71 73 74
33 42 44 45 57 59 69 70 75
33 42 44 45 57 59 69 70 73 74
33 42 44 45 48 57 59
33 42 44 45 48 57 59 71
33 42 44 45 48 57 59 69 70
33 40 61
33 39 57 59 69 71 75
33 39 57 59 69 71 73 74
33 39 57 59 69 70 75
33 39 57 59 69 70 73 74
33 39 57 59 67 68 71 75
33 39 57 59 67 68 71 73 74
33 39 57 59 67 68 69 70 75
33 39 57 59 67 68 69 70 73 74
33 39 48 57 59 69 71
33 39 48 57 59 69 70
33 39 48 57 59 67 68 71
33 39 48 57 59 67 68 69 70
33 39 46 57 59 69 71 75
33 39 46 57 59 69 71 73 74
33 39 46 57 59 69 70 75
33 39 46 57 59 69 70 73 74
33 39 46 57 59 67 68 71 75
33 39 46 57 59 67 68 71 73 74
33 39 46 57 59 67 68 69 70 75
33 39 46 57 59 67 68 69 70 73 74
33 39 46 48 57 59 69 71
33 39 46 48 57 59 69 70
33 39 46 48 57 59 67 68 71
33 39 46 48 57 59 67 68 69 70
33 39 44 57 59 69 75
33 39 44 57 59 69 73 74
33 39 44 57 59 67 68 75
33 39 44 57 59 67 68 73 74
33 39 44 48 57 59 69
33 39 44 48 57 59 67 68
33 39 44 46 57 59 69 75
33 39 44 46 57 59 69 73 74
33 39 44 46 57 59 67 68 75
33 39 44 46 57 59 67 68 73 74
33 39 44 46 48 57 59 69
33 39 44 46 48 57 59 67 68
33 39 44 45 57 59 69 75
33 39 44 45 57 59 69 73 74
33 39 44 45 57 59 69 71 75
33 39 44 45 57 59 69 71 73 74
33 39 44 45 57 59 69 70 75
33 39 44 45 57 59 69 70 73 74
33 39 44 45 57 59 67 68 75
33 39 44 45 57 59 67 68 73 74
33 39 44 45 57 59 67 68 71 75
33 39 44 45 57 59 67 68 71 73 74
33 39 44 45 57 59 67 68 69 70 75
33 39 44 45 57 59 67 68 69 70 73 74
33 39 44 45 48 57 59 69
33 39 44 45 48 57 59 69 71
33 39 44 45 48 57 59 69 70
33 39 44 45 48 57 59 67 68
33 39 44 45 48 57 59 67 68 71
33 39 44 45 48 57 59 67 68 69 70
33 39 42 57 59 71 75
33 39 42 57 59 71 73 74
33 39 42 57 59 69 70 75
33 39 42 57 59 69 70 73 74
33 39 42 48 57 59 71
33 39 42 48 57 59 69 70
33 39 42 46 57 59 71 75
33 39 42 46 57 59 71 73 74
33 39 42 46 57 59 69 70 75
33 39 42 46 57 59 69 70 73 74
33 39 42 46 48 57 59 71
33 39 42 46 48 57 59 69 70
33 39 42 44 57 59 75
33 39 42 44 57 59 73 74
33 39 42 44 48 57 59
33 39 42 44 46 57 59 75
33 39 42 44 46 57 59 73 74
33 39 42 44 46 48 57 59
33 39 42 44 45 57 59 75
33 39 42 44 45 57 59 73 74
33 39 42 44 45 57 59 71 75
33 39 42 44 45 57 59 71 73 74
33 39 42 44 45 57 59 69 70 75
33 39 42 44 45 57 59 69 70 73 74
33 39 42 44 45 48 57 59
33 39 42 44 45 48 57 59 71
33 39 42 44 45 48 57 59 69 70
33 37 38 57 59 69 71 75
33 37 38 57 59 69 71 73 74
33 37 38 57 59 69 70 75
33 37 38 57 59 69 70 73 74
33 37 38 57 59 67 68 71 75
33 37 38 57 59 67 68 71 73 74
33 37 38 57 59 67 68 69 70 75
33 37 38 57 59 67 68 69 70 73 74
33 37 38 48 57 59 69 71
33 37 38 48 57 59 69 70
33 37 38 48 57 59 67 68 71
33 37 38 48 57 59 67 68 69 70
33 37 38 46 57 59 69 71 75
33 37 38 46 57 59 69 71 73 74
33 37 38 46 57 59 69 70 75
33 37 38 46 57 59 69 70 73 74
33 37 38 46 57 59 67 68 71 75
33 37 38 46 57 59 67 68 71 73 74
33 37 38 46 57 59 67 68 69 70 75
33 37 38 46 57 59 67 68 69 70 73 74
33 37 38 46 48 57 59 69 71
33 37 38 46 48 57 59 69 70
33 37 38 46 48 57 59 67 68 71
33 37 38 46 48 57 59 67 68 69 70
33 37 38 44 57 59 69 75
33 37 38 44 57 59 69 73 74
33 37 38 44 57 59 67 68 75
33 37 38 44 57 59 67 68 73 74
33 37 38 44 48 57 59 69
33 37 38 44 48 57 59 67 68
33 37 38 44 46 57 59 69 75
33 37 38 44 46 57 59 69 73 74
33 37 38 44 46 57 59 67 68 75
33 37 38 44 46 57 59 67 68 73 74
33 37 38 44 46 48 57 59 69
33 37 38 44 46 48 57 59 67 68
33 37 38 44 45 57 59 69 75
33 37 38 44 45 57 59 69 73 74
33 37 38 44 45 57 59 69 71 75
33 37 38 44 45 57 59 69 71 73 74
33 37 38 44 45 57 59 69 70 75
33 37 38 44 45 57 59 69 70 73 74
33 37 38 44 45 57 59 67 68 75
33 37 38 44 45 57 59 67 68 73 74
33 37 38 44 45 57 59 67 68 71 75
33 37 38 44 45 57 59 67 68 71 73 74
33 37 38 44 45 57 59 67 68 69 70 75
33 37 38 44 45 57 59 67 68 69 70 73 74
33 37 38 44 45 48 57 59 69
33 37 38 44 45 48 57 59 69 71
33 37 38 44 45 48 57 59 69 70
33 37 38 44 45 48 57 59 67 68
33 37 38 44 45 48 57 59 67 68 71
33 37 38 44 45 48 57 59 67 68 69 70
33 37 38 42 57 59 71 75
33 37 38 42 57 59 71 73 74
33 37 38 42 57 59 69 70 75
33 37 38 42 57 59 69 70 73 74
33 37 38 42 48 57 59 71
33 37 38 42 48 57 59 69 70
33 37 38 42 46 57 59 71 75
33 37 38 42 46 57 59 71 73 74
33 37 38 42 46 57 59 69 70 75
33 37 38 42 46 57 59 69 70 73 74
33 37 38 42 46 48 57 59 71
33 37 38 42 46 48 57 59 69 70
33 37 38 42 44 57 59 75
33 37 38 42 44 57 59 73 74
33 37 38 42 44 48 57 59
33 37 38 42 44 46 57 59 75
33 37 38 42 44 46 57 59 73 74
33 37 38 42 44 46 48 57 59
33 37 38 42 44 45 57 59 75
33 37 38 42 44 45 57 59 73 74
33 37 38 42 44 45 57 59 71 75
33 37 38 42 44 45 57 59 71 73 74
33 37 38 42 44 45 57 59 69 70 75
33 37 38 42 44 45 57 59 69 70 73 74
33 37 38 42 44 45 48 57 59
33 37 38 42 44 45 48 57 59 71
33 37 38 42 44 45 48 57 59 69 70
32 33 67
32 33 65 66
32 33 52 68
32 33 50 51 68
32 33 40
31 69
31 67 69
31 67 69 77
31 67 69 75 76
31 67 68 77
31 67 68 75 76
31 65 66 69
31 65 66 69 77
31 65 66 69 75 76
31 65 66 67 68
31 65 66 67 68 77
31 65 66 67 68 75 76
31 56 57 59 69 71
31 56 57 59 69 71 75
31 56 57 59 69 71 73 74
31 56 57 59 69 70
31 56 57 59 69 70 75
31 56 57 59 69 70 73 74
31 56 57 59 67 68 71
31 56 57 59 67 68 71 75
31 56 57 59 67 68 71 73 74
31 56 57 59 67 68 69 70
31 56 57 59 67 68 69 70 75
31 56 57 59 67 68 69 70 73 74
31 55 59 71 75
31 55 59 71 73 75
31 55 59 71 72 75
31 55 59 71 72 73 74
31 55 59 69 70 75
31 55 59 69 70 73 75
31 55 59 69 70 71 72 75
31 55 59 69 70 71 72 73 74
31 54 55 57 59 69 71
31 54 55 57 59 69 71 75
31 54 55 57 59 69 71 73 74
31 54 55 57 59 69 70
31 54 55 57 59 69 70 75
31 54 55 57 59 69 70 73 74
31 54 55 57 59 67 68 71
31 54 55 57 59 67 68 71 75
31 54 55 57 59 67 68 71 73 74
31 54 55 57 59 67 68 69 70
31 54 55 57 59 67 68 69 70 75
31 54 55 57 59 67 68 69 70 73 74
31 52 59 67
31 52 59 65 66
31 50 67 69
31 50 67 68
31 50 65 66 69
31 50 65 66 67 68
31 50 51 59 67
31 50 51 59 65 66
31 48 56 57 59 69 71
31 48 56 57 59 69 70
31 48 56 57 59 67 68 71
31 48 56 57 59 67 68 69 70
31 48 55 59 71
31 48 55 59 71 73
31 48 55 59 71 72
31 48 55 59 69 70
31 48 55 59 69 70 73
31 48 55 59 69 70 71 72
31 48 54 55 57 59 69 71
31 48 54 55 57 59 69 70
31 48 54 55 57 59 67 68 71
31 48 54 55 57 59 67 68 69 70
31 46 55 59 71 75
31 46 55 59 71 73 74
31 46 55 59 69 70 75
31 46 55 59 69 70 73 74
31 46 48 55 59 71
31 46 48 55 59 69 70
31 44 56 57 59 69
31 44 56 57 59 69 75
31 44 56 57 59 69 73 74
31 44 56 57 59 67 68
31 44 56 57 59 67 68 75
31 44 56 57 59 67 68 73 74
31 44 55 59 75
31 44 55 59 73 75
31 44 55 59 71 72 75
31 44 55 59 71 72 73 74
31 44 54 55 57 59 69
31 44 54 55 57 59 69 75
31 44 54 55 57 59 69 73 74
31 44 54 55 57 59 67 68
31 44 54 55 57 59 67 68 75
31 44 54 55 57 59 67 68 73 74
31 44 48 56 57 59 69
31 44 48 56 57 59 67 68
31 44 48 55 59
31 44 48 55 59 73
31 44 48 55 59 71 72
31 44 48 54 55 57 59 69
31 44 48 54 55 57 59 67 68
31 44 46 55 59 75
31 44 46 55 59 73 74
31 44 46 48 55 59
31 43 59 67
31 43 59 65 66
31 42
31 42 67
31 42 67 77
31 42 67 75 76
31 42 65 66
31 42 65 66 77
31 42 65 66 75 76
31 42 56 57 59 71
31 42 56 57 59 71 75
31 42 56 57 59 71 73 74
31 42 56 57 59 69 70
31 42 56 57 59 69 70 75
31 42 56 57 59 69 70 73 74
31 42 54 55 57 59 71
31 42 54 55 57 59 71 75
31 42 54 55 57 59 71 73 74
31 42 54 55 57 59 69 70
31 42 54 55 57 59 69 70 75
31 42 54 55 57 59 69 70 73 74
31 42 50 67
31 42 50 65 66
31 42 48 56 57 59 71
31 42 48 56 57 59 69 70
31 42 48 54 55 57 59 71
31 42 48 54 55 57 59 69 70
31 42 44 56 57 59
31 42 44 56 57 59 75
31 42 44 56 57 59 73 74
31 42 44 54 55 57 59
31 42 44 54 55 57 59 75
31 42 44 54 55 57 59 73 74
31 42 44 48 56 57 59
31 42 44 48 54 55 57 59
31 41 42 59 67
31 41 42 59 65 66
31 40 69
31 40 69 77
31 40 69 75 76
31 40 67 68
31 40 67 68 77
31 40 67 68 75 76
31 40 52 59
31 40 50 69
31 40 50 67 68
31 40 50 51 59
31 40 43 59
31 40 42
31 40 42 77
31 40 42 75 76
31 40 42 50
31 40 41 42 59
29 67
29 65 66
29 57 59 69 71
29 57 59 69 71 75
29 57 59 69 71 73
29 57 59 69 71 73 74
29 57 59 69 71 72
29 57 59 69 70
29 57 59 69 70 75
29 57 59 69 70 73
29 57 59 69 70 73 74
29 57 59 69 70 71 72
29 57 59 67 68 71
29 57 59 67 68 71 75
29 57 59 67 68 71 73
29 57 59 67 68 71 73 74
29 57 59 67 68 71 72
29 57 59 67 68 69 70
29 57 59 67 68 69 70 75
29 57 59 67 68 69 70 73
29 57 59 67 68 69 70 73 74
29 57 59 67 68 69 70 71 72
29 57 58 59 69 71
29 57 58 59 69 71 75
29 57 58 59 69 71 73 74
29 57 58 59 69 70
29 57 58 59 69 70 75
29 57 58 59 69 70 73 74
29 57 58 59 67 68 71
29 57 58 59 67 68 71 75
29 57 58 59 67 68 71 73 74
29 57 58 59 67 68 69 70
29 57 58 59 67 68 69 70 75
29 57 58 59 67 68 69 70 73 74
29 56 57 59 69 71
29 56 57 59 69 71 75
29 56 57 59 69 71 73 74
29 56 57 59 69 70
29 56 57 59 69 70 75
29 56 57 59 69 70 73 74
29 56 57 59 67 68 71
29 56 57 59 67 68 71 75
29 56 57 59 67 68 71 73 74
29 56 57 59 67 68 69 70
29 56 57 59 67 68 69 70 75
29 56 57 59 67 68 69 70 73 74
29 48 57 59 69 71
29 48 57 59 69 70
29 48 57 59 67 68 71
29 48 57 59 67 68 69 70
29 48 57 58 59 69 71
29 48 57 58 59 69 70
29 48 57 58 59 67 68 71
29 48 57 58 59 67 68 69 70
29 48 56 57 59 69 71
29 48 56 57 59 69 70
29 48 56 57 59 67 68 71
29 48 56 57 59 67 68 69 70
29 46 57 59 69 71
29 46 57 59 69 70
29 46 57 59 67 68 71
29 46 57 59 67 68 69 70
29 44 57 59 69
29 44 57 59 69 75
29 44 57 59 69 73
29 44 57 59 69 73 74
29 44 57 59 69 71 72
29 44 57 59 67 68
29 44 57 59 67 68 75
29 44 57 59 67 68 73
29 44 57 59 67 68 73 74
29 44 57 59 67 68 71 72
29 44 57 58 59 69
29 44 57 58 59 69 75
29 44 57 58 59 69 73 74
29 44 57 58 59 67 68
29 44 57 58 59 67 68 75
29 44 57 58 59 67 68 73 74
29 44 56 57 59 69
29 44 56 57 59 69 75
29 44 56 57 59 69 73 74
29 44 56 57 59 67 68
29 44 56 57 59 67 68 75
29 44 56 57 59 67 68 73 74
29 44 48 57 59 69
29 44 48 57 59 67 68
29 44 48 57 58 59 69
29 44 48 57 58 59 67 68
29 44 48 56 57 59 69
29 44 48 56 57 59 67 68
29 44 46 57 59 69
29 44 46 57 59 67 68
29 42 57 59 71
29 42 57 59 71 75
29 42 57 59 71 73
29 42 57 59 71 73 74
29 42 57 59 71 72
29 42 57 59 69 70
29 42 57 59 69 70 75
29 42 57 59 69 70 73
29 42 57 59 69 70 73 74
29 42 57 59 69 70 71 72
29 42 57 58 59 71
29 42 57 58 59 71 75
29 42 57 58 59 71 73 74
29 42 57 58 59 69 70
29 42 57 58 59 69 70 75
29 42 57 58 59 69 70 73 74
29 42 56 57 59 71
29 42 56 57 59 71 75
29 42 56 57 59 71 73 74
29 42 56 57 59 69 70
29 42 56 57 59 69 70 75
29 42 56 57 59 69 70 73 74
29 42 48 57 59 71
29 42 48 57 59 69 70
29 42 48 57 58 59 71
29 42 48 57 58 59 69 70
29 42 48 56 57 59 71
29 42 48 56 57 59 69 70
29 42 46 57 59 71
29 42 46 57 59 69 70
29 42 44 57 59
29 42 44 57 59 75
29 42 44 57 59 73
29 42 44 57 59 73 74
29 42 44 57 59 71 72
29 42 44 57 58 59
29 42 44 57 58 59 75
29 42 44 57 58 59 73 74
29 42 44 56 57 59
29 42 44 56 57 59 75
29 42 44 56 57 59 73 74
29 42 44 48 57 59
29 42 44 48 57 58 59
29 42 44 48 56 57 59
29 42 44 46 57 59
29 40
29 31 57 59 69 71
29 31 57 59 69 71 75
29 31 57 59 69 71 73 74
29 31 57 59 69 70
29 31 57 59 69 70 75
29 31 57 59 69 70 73 74
29 31 57 59 67 68 71
29 31 57 59 67 68 71 75
29 31 57 59 67 68 71 73 74
29 31 57 59 67 68 69 70
29 31 57 59 67 68 69 70 75
29 31 57 59 67 68 69 70 73 74
29 31 48 57 59 69 71
29 31 48 57 59 69 70
29 31 48 57 59 67 68 71
29 31 48 57 59 67 68 69 70
29 31 44 57 59 69
29 31 44 57 59 69 75
29 31 44 57 59 69 73 74
29 31 44 57 59 67 68
29 31 44 57 59 67 68 75
29 31 44 57 59 67 68 73 74
29 31 44 48 57 59 69
29 31 44 48 57 59 67 68
29 31 42 57 59 71
29 31 42 57 59 71 75
29 31 42 57 59 71 73 74
29 31 42 57 59 69 70
29 31 42 57 59 69 70 75
29 31 42 57 59 69 70 73 74
29 31 42 48 57 59 71
29 31 42 48 57 59 69 70
29 31 42 44 57 59
29 31 42 44 57 59 75
29 31 42 44 57 59 73 74
29 31 42 44 48 57 59
27 28 67
27 28 65 66
27 28 40
26 65
26 63 64
26 61
26 38
25 68
25 43 68
25 41 42 68
25 34 68
25 32 33 68
25 31 59 67
25 31 59 65 66
25 31 40 59
24 68
24 61 67
24 61 65 66
24 40 61
23
23 69
23 69 78 79
23 68
23 67
23 67 77 78 79
23 67 75 76 78 79
23 67 68 78 79
23 65 66 77 78 79
23 65 66 75 76 78 79
23 65 66 68
23 63 64 66
23 62 67
23 62 65 66
23 61 67
23 61 65 66
23 59
23 59 67
23 59 65
23 59 65 66
23 59 63 64
23 58 67
23 58 65 66
23 55 59 73 75
23 55 59 73 74
23 55 59 71 75
23 55 59 71 73 74
23 55 59 71 72 75
23 55 59 71 72 73 74
23 55 59 69 70 75
23 55 59 69 70 73 74
23 55 58 59 71 75
23 55 58 59 71 73 75
23 55 58 59 71 72 75
23 55 58 59 71 72 73 74
23 55 58 59 69 70 75
23 55 58 59 69 70 73 75
23 55 58 59 69 70 71 72 75
23 55 58 59 69 70 71 72 73 74
23 55 56 57 59 71 75
23 55 56 57 59 71 73 75
23 55 56 57 59 71 72 75
23 55 56 57 59 71 72 73 74
23 55 56 57 59 69 70 75
23 55 56 57 59 69 70 73 75
23 55 56 57 59 69 70 71 72 75
23 55 56 57 59 69 70 71 72 73 74
23 53 69
23 53 67 77
23 53 67 75 76
23 53 67 68
23 53 65
23 53 65 66 77
23 53 65 66 75 76
23 53 63 64
23 52 67
23 52 65 66
23 51 52 65
23 51 52 63 64
23 50 67 78 79
23 50 65
23 50 65 66 78 79
23 50 63 64
23 50 53 67
23 50 53 65 66
23 50 51 67
23 50 51 65 66
23 48 55 59 73
23 48 55 59 71
23 48 55 59 71 72
23 48 55 59 69 70
23 48 55 58 59 71
23 48 55 58 59 71 73
23 48 55 58 59 71 72
23 48 55 58 59 69 70
23 48 55 58 59 69 70 73
23 48 55 58 59 69 70 71 72
23 48 55 56 57 59 71
23 48 55 56 57 59 71 73
23 48 55 56 57 59 71 72
23 48 55 56 57 59 69 70
23 48 55 56 57 59 69 70 73
23 48 55 56 57 59 69 70 71 72
23 46 55 59 75
23 46 55 59 73 74
23 46 55 58 59 71 75
23 46 55 58 59 71 73 74
23 46 55 58 59 69 70 75
23 46 55 58 59 69 70 73 74
23 46 55 56 57 59 71 75
23 46 55 56 57 59 71 73 74
23 46 55 56 57 59 69 70 75
23 46 55 56 57 59 69 70 73 74
23 46 48 55 59
23 46 48 55 58 59 71
23 46 48 55 58 59 69 70
23 46 48 55 56 57 59 71
23 46 48 55 56 57 59 69 70
23 44 55 59 75
23 44 55 59 73 74
23 44 55 58 59 75
23 44 55 58 59 73 75
23 44 55 58 59 71 72 75
23 44 55 58 59 71 72 73 74
23 44 55 56 57 59 75
23 44 55 56 57 59 73 75
23 44 55 56 57 59 71 72 75
23 44 55 56 57 59 71 72 73 74
23 44 48 55 59
23 44 48 55 58 59
23 44 48 55 58 59 73
23 44 48 55 58 59 71 72
23 44 48 55 56 57 59
23 44 48 55 56 57 59 73
23 44 48 55 56 57 59 71 72
23 44 46 55 58 59 75
23 44 46 55 58 59 73 74
23 44 46 55 56 57 59 75
23 44 46 55 56 57 59 73 74
23 44 46 48 55 58 59
23 44 46 48 55 56 57 59
23 43 52 68
23 43 50 51 68
23 42
23 42 78 79
23 42 53
23 41 42 52 68
23 41 42 50 51 68
23 40
23 40 77 78 79
23 40 75 76 78 79
23 40 68
23 40 62
23 40 61
23 40 59
23 40 58
23 40 53 77
23 40 53 75 76
23 40 52
23 40 50 78 79
23 40 50 53
23 40 50 51
23 38 67
23 38 66
23 38 65 66
23 38 59
23 38 53
23 38 51 52
23 38 50
23 38 40
23 34 52 68
23 34 50 51 68
23 33 67
23 33 67 69
23 33 67 68
23 33 65 66
23 33 65 66 69
23 33 65 66 67 68
23 33 42 67
23 33 42 65 66
23 33 40
23 33 40 69
23 33 40 67 68
23 33 40 42
23 32 67
23 32 65 66
23 32 40
23 32 33 52 68
23 32 33 50 51 68
23 31 55 59 71 75
23 31 55 59 71 73 75
23 31 55 59 71 72 75
23 31 55 59 71 72 73 74
23 31 55 59 69 70 75
23 31 55 59 69 70 73 75
23 31 55 59 69 70 71 72 75
23 31 55 59 69 70 71 72 73 74
23 31 48 55 59 71
23 31 48 55 59 71 73
23 31 48 55 59 71 72
23 31 48 55 59 69 70
23 31 48 55 59 69 70 73
23 31 48 55 59 69 70 71 72
23 31 46 55 59 71 75
23 31 46 55 59 71 73 74
23 31 46 55 59 69 70 75
23 31 46 55 59 69 70 73 74
23 31 46 48 55 59 71
23 31 46 48 55 59 69 70
23 31 44 55 59 75
23 31 44 55 59 73 75
23 31 44 55 59 71 72 75
23 31 44 55 59 71 72 73 74
23 31 44 48 55 59
23 31 44 48 55 59 73
23 31 44 48 55 59 71 72
23 31 44 46 55 59 75
23 31 44 46 55 59 73 74
23 31 44 46 48 55 59
23 26 65
23 26 63 64
23 26 38
23 25 67
23 25 65 66
23 25 43 68
23 25 41 42 68
23 25 40
23 25 34 68
23 25 32 33 68
23 24 67
23 24 65 66
23 24 40
21 22 59
20 67
20 65 66
20 40
19 57 59 60 69 71 75
19 57 59 60 69 71 73 74
19 57 59 60 69 70 75
19 57 59 60 69 70 73 74
19 57 59 60 67 68 71 75
19 57 59 60 67 68 71 73 74
19 57 59 60 67 68 69 70 75
19 57 59 60 67 68 69 70 73 74
19 57 58 59 69 71 75
19 57 58 59 69 71 73 74
19 57 58 59 69 70 75
19 57 58 59 69 70 73 74
19 57 58 59 67 68 71 75
19 57 58 59 67 68 71 73 74
19 57 58 59 67 68 69 70 75
19 57 58 59 67 68 69 70 73 74
19 48 57 59 60 69 71
19 48 57 59 60 69 70
19 48 57 59 60 67 68 71
19 48 57 59 60 67 68 69 70
19 48 57 58 59 69 71
19 48 57 58 59 69 70
19 48 57 58 59 67 68 71
19 48 57 58 59 67 68 69 70
19 44 57 59 60 69 75
19 44 57 59 60 69 73 74
19 44 57 59 60 67 68 75
19 44 57 59 60 67 68 73 74
19 44 57 58 59 69 75
19 44 57 58 59 69 73 74
19 44 57 58 59 67 68 75
19 44 57 58 59 67 68 73 74
19 44 48 57 59 60 69
19 44 48 57 59 60 67 68
19 44 48 57 58 59 69
19 44 48 57 58 59 67 68
19 42 57 59 60 71 75
19 42 57 59 60 71 73 74
19 42 57 59 60 69 70 75
19 42 57 59 60 69 70 73 74
19 42 57 58 59 71 75
19 42 57 58 59 71 73 74
19 42 57 58 59 69 70 75
19 42 57 58 59 69 70 73 74
19 42 48 57 59 60 71
19 42 48 57 59 60 69 70
19 42 48 57 58 59 71
19 42 48 57 58 59 69 70
19 42 44 57 59 60 75
19 42 44 57 59 60 73 74
19 42 44 57 58 59 75
19 42 44 57 58 59 73 74
19 42 44 48 57 59 60
19 42 44 48 57 58 59
19 39 57 59 60 69 71 75
19 39 57 59 60 69 71 73 74
19 39 57 59 60 69 70 75
19 39 57 59 60 69 70 73 74
19 39 57 59 60 67 68 71 75
19 39 57 59 60 67 68 71 73 74
19 39 57 59 60 67 68 69 70 75
19 39 57 59 60 67 68 69 70 73 74
19 39 57 58 59 69 71 75
19 39 57 58 59 69 71 73 74
19 39 57 58 59 69 70 75
19 39 57 58 59 69 70 73 74
19 39 57 58 59 67 68 71 75
19 39 57 58 59 67 68 71 73 74
19 39 57 58 59 67 68 69 70 75
19 39 57 58 59 67 68 69 70 73 74
19 39 48 57 59 60 69 71
19 39 48 57 59 60 69 70
19 39 48 57 59 60 67 68 71
19 39 48 57 59 60 67 68 69 70
19 39 48 57 58 59 69 71
19 39 48 57 58 59 69 70
19 39 48 57 58 59 67 68 71
19 39 48 57 58 59 67 68 69 70
19 39 44 57 59 60 69 75
19 39 44 57 59 60 69 73 74
19 39 44 57 59 60 67 68 75
19 39 44 57 59 60 67 68 73 74
19 39 44 57 58 59 69 75
19 39 44 57 58 59 69 73 74
19 39 44 57 58 59 67 68 75
19 39 44 57 58 59 67 68 73 74
19 39 44 48 57 59 60 69
19 39 44 48 57 59 60 67 68
19 39 44 48 57 58 59 69
19 39 44 48 57 58 59 67 68
19 39 42 57 59 60 71 75
19 39 42 57 59 60 71 73 74
19 39 42 57 59 60 69 70 75
19 39 42 57 59 60 69 70 73 74
19 39 42 57 58 59 71 75
19 39 42 57 58 59 71 73 74
19 39 42 57 58 59 69 70 75
19 39 42 57 58 59 69 70 73 74
19 39 42 48 57 59 60 71
19 39 42 48 57 59 60 69 70
19 39 42 48 57 58 59 71
19 39 42 48 57 58 59 69 70
19 39 42 44 57 59 60 75
19 39 42 44 57 59 60 73 74
19 39 42 44 57 58 59 75
19 39 42 44 57 58 59 73 74
19 39 42 44 48 57 59 60
19 39 42 44 48 57 58 59
19 37 38 57 59 60 69 71 75
19 37 38 57 59 60 69 71 73 74
19 37 38 57 59 60 69 70 75
19 37 38 57 59 60 69 70 73 74
19 37 38 57 59 60 67 68 71 75
19 37 38 57 59 60 67 68 71 73 74
19 37 38 57 59 60 67 68 69 70 75
19 37 38 57 59 60 67 68 69 70 73 74
19 37 38 57 58 59 69 71 75
19 37 38 57 58 59 69 71 73 74
19 37 38 57 58 59 69 70 75
19 37 38 57 58 59 69 70 73 74
19 37 38 57 58 59 67 68 71 75
19 37 38 57 58 59 67 68 71 73 74
19 37 38 57 58 59 67 68 69 70 75
19 37 38 57 58 59 67 68 69 70 73 74
19 37 38 48 57 59 60 69 71
19 37 38 48 57 59 60 69 70
19 37 38 48 57 59 60 67 68 71
19 37 38 48 57 59 60 67 68 69 70
19 37 38 48 57 58 59 69 71
19 37 38 48 57 58 59 69 70
19 37 38 48 57 58 59 67 68 71
19 37 38 48 57 58 59 67 68 69 70
19 37 38 44 57 59 60 69 75
19 37 38 44 57 59 60 69 73 74
19 37 38 44 57 59 60 67 68 75
19 37 38 44 57 59 60 67 68 73 74
19 37 38 44 57 58 59 69 75
19 37 38 44 57 58 59 69 73 74
19 37 38 44 57 58 59 67 68 75
19 37 38 44 57 58 59 67 68 73 74
19 37 38 44 48 57 59 60 69
19 37 38 44 48 57 59 60 67 68
19 37 38 44 48 57 58 59 69
19 37 38 44 48 57 58 59 67 68
19 37 38 42 57 59 60 71 75
19 37 38 42 57 59 60 71 73 74
19 37 38 42 57 59 60 69 70 75
19 37 38 42 57 59 60 69 70 73 74
19 37 38 42 57 58 59 71 75
19 37 38 42 57 58 59 71 73 74
19 37 38 42 57 58 59 69 70 75
19 37 38 42 57 58 59 69 70 73 74
19 37 38 42 48 57 59 60 71
19 37 38 42 48 57 59 60 69 70
19 37 38 42 48 57 58 59 71
19 37 38 42 48 57 58 59 69 70
19 37 38 42 44 57 59 60 75
19 37 38 42 44 57 59 60 73 74
19 37 38 42 44 57 58 59 75
19 37 38 42 44 57 58 59 73 74
19 37 38 42 44 48 57 59 60
19 37 38 42 44 48 57 58 59
19 33 57 59 69 71 75
19 33 57 59 69 71 73 74
19 33 57 59 69 70 75
19 33 57 59 69 70 73 74
19 33 57 59 67 68 71 75
19 33 57 59 67 68 71 73 74
19 33 57 59 67 68 69 70 75
19 33 57 59 67 68 69 70 73 74
19 33 48 57 59 69 71
19 33 48 57 59 69 70
19 33 48 57 59 67 68 71
19 33 48 57 59 67 68 69 70
19 33 44 57 59 69 75
19 33 44 57 59 69 73 74
19 33 44 57 59 67 68 75
19 33 44 57 59 67 68 73 74
19 33 44 48 57 59 69
19 33 44 48 57 59 67 68
19 33 42 57 59 71 75
19 33 42 57 59 71 73 74
19 33 42 57 59 69 70 75
19 33 42 57 59 69 70 73 74
19 33 42 48 57 59 71
19 33 42 48 57 59 69 70
19 33 42 44 57 59 75
19 33 42 44 57 59 73 74
19 33 42 44 48 57 59
19 33 39 57 59 69 71 75
19 33 39 57 59 69 71 73 74
19 33 39 57 59 69 70 75
19 33 39 57 59 69 70 73 74
19 33 39 57 59 67 68 71 75
19 33 39 57 59 67 68 71 73 74
19 33 39 57 59 67 68 69 70 75
19 33 39 57 59 67 68 69 70 73 74
19 33 39 48 57 59 69 71
19 33 39 48 57 59 69 70
19 33 39 48 57 59 67 68 71
19 33 39 48 57 59 67 68 69 70
19 33 39 44 57 59 69 75
19 33 39 44 57 59 69 73 74
19 33 39 44 57 59 67 68 75
19 33 39 44 57 59 67 68 73 74
19 33 39 44 48 57 59 69
19 33 39 44 48 57 59 67 68
19 33 39 42 57 59 71 75
19 33 39 42 57 59 71 73 74
19 33 39 42 57 59 69 70 75
19 33 39 42 57 59 69 70 73 74
19 33 39 42 48 57 59 71
19 33 39 42 48 57 59 69 70
19 33 39 42 44 57 59 75
19 33 39 42 44 57 59 73 74
19 33 39 42 44 48 57 59
19 33 37 38 57 59 69 71 75
19 33 37 38 57 59 69 71 73 74
19 33 37 38 57 59 69 70 75
19 33 37 38 57 59 69 70 73 74
19 33 37 38 57 59 67 68 71 75
19 33 37 38 57 59 67 68 71 73 74
19 33 37 38 57 59 67 68 69 70 75
19 33 37 38 57 59 67 68 69 70 73 74
19 33 37 38 48 57 59 69 71
19 33 37 38 48 57 59 69 70
19 33 37 38 48 57 59 67 68 71
19 33 37 38 48 57 59 67 68 69 70
19 33 37 38 44 57 59 69 75
19 33 37 38 44 57 59 69 73 74
19 33 37 38 44 57 59 67 68 75
19 33 37 38 44 57 59 67 68 73 74
19 33 37 38 44 48 57 59 69
19 33 37 38 44 48 57 59 67 68
19 33 37 38 42 57 59 71 75
19 33 37 38 42 57 59 71 73 74
19 33 37 38 42 57 59 69 70 75
19 33 37 38 42 57 59 69 70 73 74
19 33 37 38 42 48 57 59 71
19 33 37 38 42 48 57 59 69 70
19 33 37 38 42 44 57 59 75
19 33 37 38 42 44 57 59 73 74
19 33 37 38 42 44 48 57 59
18 19 67
18 19 65 66
18 19 40
17 57 58 59 69 71 73
17 57 58 59 69 71 72
17 57 58 59 69 70 73
17 57 58 59 69 70 71 72
17 57 58 59 67 68 71 73
17 57 58 59 67 68 71 72
17 57 58 59 67 68 69 70 73
17 57 58 59 67 68 69 70 71 72
17 56 57 59 69 71 73
17 56 57 59 69 71 72
17 56 57 59 69 70 73
17 56 57 59 69 70 71 72
17 56 57 59 67 68 71 73
17 56 57 59 67 68 71 72
17 56 57 59 67 68 69 70 73
17 56 57 59 67 68 69 70 71 72
17 46 57 58 59 69 71
17 46 57 58 59 69 70
17 46 57 58 59 67 68 71
17 46 57 58 59 67 68 69 70
17 46 56 57 59 69 71
17 46 56 57 59 69 70
17 46 56 57 59 67 68 71
17 46 56 57 59 67 68 69 70
17 44 57 58 59 69 73
17 44 57 58 59 69 71 72
17 44 57 58 59 67 68 73
17 44 57 58 59 67 68 71 72
17 44 56 57 59 69 73
17 44 56 57 59 69 71 72
17 44 56 57 59 67 68 73
17 44 56 57 59 67 68 71 72
17 44 46 57 58 59 69
17 44 46 57 58 59 67 68
17 44 46 56 57 59 69
17 44 46 56 57 59 67 68
17 42 57 58 59 71 73
17 42 57 58 59 71 72
17 42 57 58 59 69 70 73
17 42 57 58 59 69 70 71 72
17 42 56 57 59 71 73
17 42 56 57 59 71 72
17 42 56 57 59 69 70 73
17 42 56 57 59 69 70 71 72
17 42 46 57 58 59 71
17 42 46 57 58 59 69 70
17 42 46 56 57 59 71
17 42 46 56 57 59 69 70
17 42 44 57 58 59 73
17 42 44 57 58 59 71 72
17 42 44 56 57 59 73
17 42 44 56 57 59 71 72
17 42 44 46 57 58 59
17 42 44 46 56 57 59
17 39 57 58 59 69 71 73
17 39 57 58 59 69 71 72
17 39 57 58 59 69 70 73
17 39 57 58 59 69 70 71 72
17 39 57 58 59 67 68 71 73
17 39 57 58 59 67 68 71 72
17 39 57 58 59 67 68 69 70 73
17 39 57 58 59 67 68 69 70 71 72
17 39 56 57 59 69 71 73
17 39 56 57 59 69 71 72
17 39 56 57 59 69 70 73
17 39 56 57 59 69 70 71 72
17 39 56 57 59 67 68 71 73
17 39 56 57 59 67 68 71 72
17 39 56 57 59 67 68 69 70 73
17 39 56 57 59 67 68 69 70 71 72
17 39 46 57 58 59 69 71
17 39 46 57 58 59 69 70
17 39 46 57 58 59 67 68 71
17 39 46 57 58 59 67 68 69 70
17 39 46 56 57 59 69 71
17 39 46 56 57 59 69 70
17 39 46 56 57 59 67 68 71
17 39 46 56 57 59 67 68 69 70
17 39 44 57 58 59 69 73
17 39 44 57 58 59 69 71 72
17 39 44 57 58 59 67 68 73
17 39 44 57 58 59 67 68 71 72
17 39 44 56 57 59 69 73
17 39 44 56 57 59 69 71 72
17 39 44 56 57 59 67 68 73
17 39 44 56 57 59 67 68 71 72
17 39 44 46 57 58 59 69
17 39 44 46 57 58 59 67 68
17 39 44 46 56 57 59 69
17 39 44 46 56 57 59 67 68
17 39 42 57 58 59 71 73
17 39 42 57 58 59 71 72
17 39 42 57 58 59 69 70 73
17 39 42 57 58 59 69 70 71 72
17 39 42 56 57 59 71 73
17 39 42 56 57 59 71 72
17 39 42 56 57 59 69 70 73
17 39 42 56 57 59 69 70 71 72
17 39 42 46 57 58 59 71
17 39 42 46 57 58 59 69 70
17 39 42 46 56 57 59 71
17 39 42 46 56 57 59 69 70
17 39 42 44 57 58 59 73
17 39 42 44 57 58 59 71 72
17 39 42 44 56 57 59 73
17 39 42 44 56 57 59 71 72
17 39 42 44 46 57 58 59
17 39 42 44 46 56 57 59
17 37 38 57 58 59 69 71 73
17 37 38 57 58 59 69 71 72
17 37 38 57 58 59 69 70 73
17 37 38 57 58 59 69 70 71 72
17 37 38 57 58 59 67 68 71 73
17 37 38 57 58 59 67 68 71 72
17 37 38 57 58 59 67 68 69 70 73
17 37 38 57 58 59 67 68 69 70 71 72
17 37 38 56 57 59 69 71 73
17 37 38 56 57 59 69 71 72
17 37 38 56 57 59 69 70 73
17 37 38 56 57 59 69 70 71 72
17 37 38 56 57 59 67 68 71 73
17 37 38 56 57 59 67 68 71 72
17 37 38 56 57 59 67 68 69 70 73
17 37 38 56 57 59 67 68 69 70 71 72
17 37 38 46 57 58 59 69 71
17 37 38 46 57 58 59 69 70
17 37 38 46 57 58 59 67 68 71
17 37 38 46 57 58 59 67 68 69 70
17 37 38 46 56 57 59 69 71
17 37 38 46 56 57 59 69 70
17 37 38 46 56 57 59 67 68 71
17 37 38 46 56 57 59 67 68 69 70
17 37 38 44 57 58 59 69 73
17 37 38 44 57 58 59 69 71 72
17 37 38 44 57 58 59 67 68 73
17 37 38 44 57 58 59 67 68 71 72
17 37 38 44 56 57 59 69 73
17 37 38 44 56 57 59 69 71 72
17 37 38 44 56 57 59 67 68 73
17 37 38 44 56 57 59 67 68 71 72
17 37 38 44 46 57 58 59 69
17 37 38 44 46 57 58 59 67 68
17 37 38 44 46 56 57 59 69
17 37 38 44 46 56 57 59 67 68
17 37 38 42 57 58 59 71 73
17 37 38 42 57 58 59 71 72
17 37 38 42 57 58 59 69 70 73
17 37 38 42 57 58 59 69 70 71 72
17 37 38 42 56 57 59 71 73
17 37 38 42 56 57 59 71 72
17 37 38 42 56 57 59 69 70 73
17 37 38 42 56 57 59 69 70 71 72
17 37 38 42 46 57 58 59 71
17 37 38 42 46 57 58 59 69 70
17 37 38 42 46 56 57 59 71
17 37 38 42 46 56 57 59 69 70
17 37 38 42 44 57 58 59 73
17 37 38 42 44 57 58 59 71 72
17 37 38 42 44 56 57 59 73
17 37 38 42 44 56 57 59 71 72
17 37 38 42 44 46 57 58 59
17 37 38 42 44 46 56 57 59
17 31 57 59 69 71 73
17 31 57 59 69 71 72
17 31 57 59 69 70 73
17 31 57 59 69 70 71 72
17 31 57 59 67 68 71 73
17 31 57 59 67 68 71 72
17 31 57 59 67 68 69 70 73
17 31 57 59 67 68 69 70 71 72
17 31 46 57 59 69 71
17 31 46 57 59 69 70
17 31 46 57 59 67 68 71
17 31 46 57 59 67 68 69 70
17 31 44 57 59 69 73
17 31 44 57 59 69 71 72
17 31 44 57 59 67 68 73
17 31 44 57 59 67 68 71 72
17 31 44 46 57 59 69
17 31 44 46 57 59 67 68
17 31 42 57 59 71 73
17 31 42 57 59 71 72
17 31 42 57 59 69 70 73
17 31 42 57 59 69 70 71 72
17 31 42 46 57 59 71
17 31 42 46 57 59 69 70
17 31 42 44 57 59 73
17 31 42 44 57 59 71 72
17 31 42 44 46 57 59
17 31 39 57 59 69 71 73
17 31 39 57 59 69 71 72
17 31 39 57 59 69 70 73
17 31 39 57 59 69 70 71 72
17 31 39 57 59 67 68 71 73
17 31 39 57 59 67 68 71 72
17 31 39 57 59 67 68 69 70 73
17 31 39 57 59 67 68 69 70 71 72
17 31 39 46 57 59 69 71
17 31 39 46 57 59 69 70
17 31 39 46 57 59 67 68 71
17 31 39 46 57 59 67 68 69 70
17 31 39 44 57 59 69 73
17 31 39 44 57 59 69 71 72
17 31 39 44 57 59 67 68 73
17 31 39 44 57 59 67 68 71 72
17 31 39 44 46 57 59 69
17 31 39 44 46 57 59 67 68
17 31 39 42 57 59 71 73
17 31 39 42 57 59 71 72
17 31 39 42 57 59 69 70 73
17 31 39 42 57 59 69 70 71 72
17 31 39 42 46 57 59 71
17 31 39 42 46 57 59 69 70
17 31 39 42 44 57 59 73
17 31 39 42 44 57 59 71 72
17 31 39 42 44 46 57 59
17 31 37 38 57 59 69 71 73
17 31 37 38 57 59 69 71 72
17 31 37 38 57 59 69 70 73
17 31 37 38 57 59 69 70 71 72
17 31 37 38 57 59 67 68 71 73
17 31 37 38 57 59 67 68 71 72
17 31 37 38 57 59 67 68 69 70 73
17 31 37 38 57 59 67 68 69 70 71 72
17 31 37 38 46 57 59 69 71
17 31 37 38 46 57 59 69 70
17 31 37 38 46 57 59 67 68 71
17 31 37 38 46 57 59 67 68 69 70
17 31 37 38 44 57 59 69 73
17 31 37 38 44 57 59 69 71 72
17 31 37 38 44 57 59 67 68 73
17 31 37 38 44 57 59 67 68 71 72
17 31 37 38 44 46 57 59 69
17 31 37 38 44 46 57 59 67 68
17 31 37 38 42 57 59 71 73
17 31 37 38 42 57 59 71 72
17 31 37 38 42 57 59 69 70 73
17 31 37 38 42 57 59 69 70 71 72
17 31 37 38 42 46 57 59 71
17 31 37 38 42 46 57 59 69 70
17 31 37 38 42 44 57 59 73
17 31 37 38 42 44 57 59 71 72
17 31 37 38 42 44 46 57 59
16 67
16 65 66
16 52 68
16 50 51 68
16 40
16 31 59 67
16 31 59 65 66
16 31 40 59
16 25 68
16 23 52 68
16 23 50 51 68
16 23 25 68
15 16 57 58 59 69 71 73
15 16 57 58 59 69 71 72
15 16 57 58 59 69 70 73
15 16 57 58 59 69 70 71 72
15 16 57 58 59 67 68 71 73
15 16 57 58 59 67 68 71 72
15 16 57 58 59 67 68 69 70 73
15 16 57 58 59 67 68 69 70 71 72
15 16 56 57 59 69 71 73
15 16 56 57 59 69 71 72
15 16 56 57 59 69 70 73
15 16 56 57 59 69 70 71 72
15 16 56 57 59 67 68 71 73
15 16 56 57 59 67 68 71 72
15 16 56 57 59 67 68 69 70 73
15 16 56 57 59 67 68 69 70 71 72
15 16 46 57 58 59 69 71
15 16 46 57 58 59 69 70
15 16 46 57 58 59 67 68 71
15 16 46 57 58 59 67 68 69 70
15 16 46 56 57 59 69 71
15 16 46 56 57 59 69 70
15 16 46 56 57 59 67 68 71
15 16 46 56 57 59 67 68 69 70
15 16 44 57 58 59 69 73
15 16 44 57 58 59 69 71 72
15 16 44 57 58 59 67 68 73
15 16 44 57 58 59 67 68 71 72
15 16 44 56 57 59 69 73
15 16 44 56 57 59 69 71 72
15 16 44 56 57 59 67 68 73
15 16 44 56 57 59 67 68 71 72
15 16 44 46 57 58 59 69
15 16 44 46 57 58 59 67 68
15 16 44 46 56 57 59 69
15 16 44 46 56 57 59 67 68
15 16 42 57 58 59 71 73
15 16 42 57 58 59 71 72
15 16 42 57 58 59 69 70 73
15 16 42 57 58 59 69 70 71 72
15 16 42 56 57 59 71 73
15 16 42 56 57 59 71 72
15 16 42 56 57 59 69 70 73
15 16 42 56 57 59 69 70 71 72
15 16 42 46 57 58 59 71
15 16 42 46 57 58 59 69 70
15 16 42 46 56 57 59 71
15 16 42 46 56 57 59 69 70
15 16 42 44 57 58 59 73
15 16 42 44 57 58 59 71 72
15 16 42 44 56 57 59 73
15 16 42 44 56 57 59 71 72
15 16 42 44 46 57 58 59
15 16 42 44 46 56 57 59
15 16 39 57 58 59 69 71 73
15 16 39 57 58 59 69 71 72
15 16 39 57 58 59 69 70 73
15 16 39 57 58 59 69 70 71 72
15 16 39 57 58 59 67 68 71 73
15 16 39 57 58 59 67 68 71 72
15 16 39 57 58 59 67 68 69 70 73
15 16 39 57 58 59 67 68 69 70 71 72
15 16 39 56 57 59 69 71 73
15 16 39 56 57 59 69 71 72
15 16 39 56 57 59 69 70 73
15 16 39 56 57 59 69 70 71 72
15 16 39 56 57 59 67 68 71 73
15 16 39 56 57 59 67 68 71 72
15 16 39 56 57 59 67 68 69 70 73
15 16 39 56 57 59 67 68 69 70 71 72
15 16 39 46 57 58 59 69 71
15 16 39 46 57 58 59 69 70
15 16 39 46 57 58 59 67 68 71
15 16 39 46 57 58 59 67 68 69 70
15 16 39 46 56 57 59 69 71
15 16 39 46 56 57 59 69 70
15 16 39 46 56 57 59 67 68 71
15 16 39 46 56 57 59 67 68 69 70
15 16 39 44 57 58 59 69 73
15 16 39 44 57 58 59 69 71 72
15 16 39 44 57 58 59 67 68 73
15 16 39 44 57 58 59 67 68 71 72
15 16 39 44 56 57 59 69 73
15 16 39 44 56 57 59 69 71 72
15 16 39 44 56 57 59 67 68 73
15 16 39 44 56 57 59 67 68 71 72
15 16 39 44 46 57 58 59 69
15 16 39 44 46 57 58 59 67 68
15 16 39 44 46 56 57 59 69
15 16 39 44 46 56 57 59 67 68
15 16 39 42 57 58 59 71 73
15 16 39 42 57 58 59 71 72
15 16 39 42 57 58 59 69 70 73
15 16 39 42 57 58 59 69 70 71 72
15 16 39 42 56 57 59 71 73
15 16 39 42 56 57 59 71 72
15 16 39 42 56 57 59 69 70 73
15 16 39 42 56 57 59 69 70 71 72
15 16 39 42 46 57 58 59 71
15 16 39 42 46 57 58 59 69 70
15 16 39 42 46 56 57 59 71
15 16 39 42 46 56 57 59 69 70
15 16 39 42 44 57 58 59 73
15 16 39 42 44 57 58 59 71 72
15 16 39 42 44 56 57 59 73
15 16 39 42 44 56 57 59 71 72
15 16 39 42 44 46 57 58 59
15 16 39 42 44 46 56 57 59
15 16 37 38 57 58 59 69 71 73
15 16 37 38 57 58 59 69 71 72
15 16 37 38 57 58 59 69 70 73
15 16 37 38 57 58 59 69 70 71 72
15 16 37 38 57 58 59 67 68 71 73
15 16 37 38 57 58 59 67 68 71 72
15 16 37 38 57 58 59 67 68 69 70 73
15 16 37 38 57 58 59 67 68 69 70 71 72
15 16 37 38 56 57 59 69 71 73
15 16 37 38 56 57 59 69 71 72
15 16 37 38 56 57 59 69 70 73
15 16 37 38 56 57 59 69 70 71 72
15 16 37 38 56 57 59 67 68 71 73
15 16 37 38 56 57 59 67 68 71 72
15 16 37 38 56 57 59 67 68 69 70 73
15 16 37 38 56 57 59 67 68 69 70 71 72
15 16 37 38 46 57 58 59 69 71
15 16 37 38 46 57 58 59 69 70
15 16 37 38 46 57 58 59 67 68 71
15 16 37 38 46 57 58 59 67 68 69 70
15 16 37 38 46 56 57 59 69 71
15 16 37 38 46 56 57 59 69 70
15 16 37 38 46 56 57 59 67 68 71
15 16 37 38 46 56 57 59 67 68 69 70
15 16 37 38 44 57 58 59 69 73
15 16 37 38 44 57 58 59 69 71 72
15 16 37 38 44 57 58 59 67 68 73
15 16 37 38 44 57 58 59 67 68 71 72
15 16 37 38 44 56 57 59 69 73
15 16 37 38 44 56 57 59 69 71 72
15 16 37 38 44 56 57 59 67 68 73
15 16 37 38 44 56 57 59 67 68 71 72
15 16 37 38 44 46 57 58 59 69
15 16 37 38 44 46 57 58 59 67 68
15 16 37 38 44 46 56 57 59 69
15 16 37 38 44 46 56 57 59 67 68
15 16 37 38 42 57 58 59 71 73
15 16 37 38 42 57 58 59 71 72
15 16 37 38 42 57 58 59 69 70 73
15 16 37 38 42 57 58 59 69 70 71 72
15 16 37 38 42 56 57 59 71 73
15 16 37 38 42 56 57 59 71 72
15 16 37 38 42 56 57 59 69 70 73
15 16 37 38 42 56 57 59 69 70 71 72
15 16 37 38 42 46 57 58 59 71
15 16 37 38 42 46 57 58 59 69 70
15 16 37 38 42 46 56 57 59 71
15 16 37 38 42 46 56 57 59 69 70
15 16 37 38 42 44 57 58 59 73
15 16 37 38 42 44 57 58 59 71 72
15 16 37 38 42 44 56 57 59 73
15 16 37 38 42 44 56 57 59 71 72
15 16 37 38 42 44 46 57 58 59
15 16 37 38 42 44 46 56 57 59
15 16 31 57 59 69 71 73
15 16 31 57 59 69 71 72
15 16 31 57 59 69 70 73
15 16 31 57 59 69 70 71 72
15 16 31 57 59 67 68 71 73
15 16 31 57 59 67 68 71 72
15 16 31 57 59 67 68 69 70 73
15 16 31 57 59 67 68 69 70 71 72
15 16 31 46 57 59 69 71
15 16 31 46 57 59 69 70
15 16 31 46 57 59 67 68 71
15 16 31 46 57 59 67 68 69 70
15 16 31 44 57 59 69 73
15 16 31 44 57 59 69 71 72
15 16 31 44 57 59 67 68 73
15 16 31 44 57 59 67 68 71 72
15 16 31 44 46 57 59 69
15 16 31 44 46 57 59 67 68
15 16 31 42 57 59 71 73
15 16 31 42 57 59 71 72
15 16 31 42 57 59 69 70 73
15 16 31 42 57 59 69 70 71 72
15 16 31 42 46 57 59 71
15 16 31 42 46 57 59 69 70
15 16 31 42 44 57 59 73
15 16 31 42 44 57 59 71 72
15 16 31 42 44 46 57 59
15 16 31 39 57 59 69 71 73
15 16 31 39 57 59 69 71 72
15 16 31 39 57 59 69 70 73
15 16 31 39 57 59 69 70 71 72
15 16 31 39 57 59 67 68 71 73
15 16 31 39 57 59 67 68 71 72
15 16 31 39 57 59 67 68 69 70 73
15 16 31 39 57 59 67 68 69 70 71 72
15 16 31 39 46 57 59 69 71
15 16 31 39 46 57 59 69 70
15 16 31 39 46 57 59 67 68 71
15 16 31 39 46 57 59 67 68 69 70
15 16 31 39 44 57 59 69 73
15 16 31 39 44 57 59 69 71 72
15 16 31 39 44 57 59 67 68 73
15 16 31 39 44 57 59 67 68 71 72
15 16 31 39 44 46 57 59 69
15 16 31 39 44 46 57 59 67 68
15 16 31 39 42 57 59 71 73
15 16 31 39 42 57 59 71 72
15 16 31 39 42 57 59 69 70 73
15 16 31 39 42 57 59 69 70 71 72
15 16 31 39 42 46 57 59 71
15 16 31 39 42 46 57 59 69 70
15 16 31 39 42 44 57 59 73
15 16 31 39 42 44 57 59 71 72
15 16 31 39 42 44 46 57 59
15 16 31 37 38 57 59 69 71 73
15 16 31 37 38 57 59 69 71 72
15 16 31 37 38 57 59 69 70 73
15 16 31 37 38 57 59 69 70 71 72
15 16 31 37 38 57 59 67 68 71 73
15 16 31 37 38 57 59 67 68 71 72
15 16 31 37 38 57 59 67 68 69 70 73
15 16 31 37 38 57 59 67 68 69 70 71 72
15 16 31 37 38 46 57 59 69 71
15 16 31 37 38 46 57 59 69 70
15 16 31 37 38 46 57 59 67 68 71
15 16 31 37 38 46 57 59 67 68 69 70
15 16 31 37 38 44 57 59 69 73
15 16 31 37 38 44 57 59 69 71 72
15 16 31 37 38 44 57 59 67 68 73
15 16 31 37 38 44 57 59 67 68 71 72
15 16 31 37 38 44 46 57 59 69
15 16 31 37 38 44 46 57 59 67 68
15 16 31 37 38 42 57 59 71 73
15 16 31 37 38 42 57 59 71 72
15 16 31 37 38 42 57 59 69 70 73
15 16 31 37 38 42 57 59 69 70 71 72
15 16 31 37 38 42 46 57 59 71
15 16 31 37 38 42 46 57 59 69 70
15 16 31 37 38 42 44 57 59 73
15 16 31 37 38 42 44 57 59 71 72
15 16 31 37 38 42 44 46 57 59
12 57 59 69 71 73
12 57 59 69 71 72
12 57 59 69 70 73
12 57 59 69 70 71 72
12 57 59 67 68 71 73
12 57 59 67 68 71 72
12 57 59 67 68 69 70 73
12 57 59 67 68 69 70 71 72
12 57 59 60 69 71 75
12 57 59 60 69 71 73 74
12 57 59 60 69 70 75
12 57 59 60 69 70 73 74
12 57 59 60 67 68 71 75
12 57 59 60 67 68 71 73 74
12 57 59 60 67 68 69 70 75
12 57 59 60 67 68 69 70 73 74
12 57 58 59 69 71 75
12 57 58 59 69 71 73 74
12 57 58 59 69 70 75
12 57 58 59 69 70 73 74
12 57 58 59 67 68 71 75
12 57 58 59 67 68 71 73 74
12 57 58 59 67 68 69 70 75
12 57 58 59 67 68 69 70 73 74
12 48 57 59 60 69 71
12 48 57 59 60 69 70
12 48 57 59 60 67 68 71
12 48 57 59 60 67 68 69 70
12 48 57 58 59 69 71
12 48 57 58 59 69 70
12 48 57 58 59 67 68 71
12 48 57 58 59 67 68 69 70
12 46 57 59 69 71
12 46 57 59 69 70
12 46 57 59 67 68 71
12 46 57 59 67 68 69 70
12 46 57 59 60 69 71 75
12 46 57 59 60 69 71 73 74
12 46 57 59 60 69 70 75
12 46 57 59 60 69 70 73 74
12 46 57 59 60 67 68 71 75
12 46 57 59 60 67 68 71 73 74
12 46 57 59 60 67 68 69 70 75
12 46 57 59 60 67 68 69 70 73 74
12 46 57 58 59 69 71 75
12 46 57 58 59 69 71 73 74
12 46 57 58 59 69 70 75
12 46 57 58 59 69 70 73 74
12 46 57 58 59 67 68 71 75
12 46 57 58 59 67 68 71 73 74
12 46 57 58 59 67 68 69 70 75
12 46 57 58 59 67 68 69 70 73 74
12 46 48 57 59 60 69 71
12 46 48 57 59 60 69 70
12 46 48 57 59 60 67 68 71
12 46 48 57 59 60 67 68 69 70
12 46 48 57 58 59 69 71
12 46 48 57 58 59 69 70
12 46 48 57 58 59 67 68 71
12 46 48 57 58 59 67 68 69 70
12 44 57 59 69 73
12 44 57 59 69 71 72
12 44 57 59 67 68 73
12 44 57 59 67 68 71 72
12 44 57 59 60 69 75
12 44 57 59 60 69 73 74
12 44 57 59 60 67 68 75
12 44 57 59 60 67 68 73 74
12 44 57 58 59 69 75
12 44 57 58 59 69 73 74
12 44 57 58 59 67 68 75
12 44 57 58 59 67 68 73 74
12 44 48 57 59 60 69
12 44 48 57 59 60 67 68
12 44 48 57 58 59 69
12 44 48 57 58 59 67 68
12 44 46 57 59 69
12 44 46 57 59 67 68
12 44 46 57 59 60 69 75
12 44 46 57 59 60 69 73 74
12 44 46 57 59 60 67 68 75
12 44 46 57 59 60 67 68 73 74
12 44 46 57 58 59 69 75
12 44 46 57 58 59 69 73 74
12 44 46 57 58 59 67 68 75
12 44 46 57 58 59 67 68 73 74
12 44 46 48 57 59 60 69
12 44 46 48 57 59 60 67 68
12 44 46 48 57 58 59 69
12 44 46 48 57 58 59 67 68
12 44 45 57 59 60 69 75
12 44 45 57 59 60 69 73 74
12 44 45 57 59 60 69 71 75
12 44 45 57 59 60 69 71 73 74
12 44 45 57 59 60 69 70 75
12 44 45 57 59 60 69 70 73 74
12 44 45 57 59 60 67 68 75
12 44 45 57 59 60 67 68 73 74
12 44 45 57 59 60 67 68 71 75
12 44 45 57 59 60 67 68 71 73 74
12 44 45 57 59 60 67 68 69 70 75
12 44 45 57 59 60 67 68 69 70 73 74
12 44 45 57 58 59 69 75
12 44 45 57 58 59 69 73 74
12 44 45 57 58 59 69 71 75
12 44 45 57 58 59 69 71 73 74
12 44 45 57 58 59 69 70 75
12 44 45 57 58 59 69 70 73 74
12 44 45 57 58 59 67 68 75
12 44 45 57 58 59 67 68 73 74
12 44 45 57 58 59 67 68 71 75
12 44 45 57 58 59 67 68 71 73 74
12 44 45 57 58 59 67 68 69 70 75
12 44 45 57 58 59 67 68 69 70 73 74
12 44 45 48 57 59 60 69
12 44 45 48 57 59 60 69 71
12 44 45 48 57 59 60 69 70
12 44 45 48 57 59 60 67 68
12 44 45 48 57 59 60 67 68 71
12 44 45 48 57 59 60 67 68 69 70
12 44 45 48 57 58 59 69
12 44 45 48 57 58 59 69 71
12 44 45 48 57 58 59 69 70
12 44 45 48 57 58 59 67 68
12 44 45 48 57 58 59 67 68 71
12 44 45 48 57 58 59 67 68 69 70
12 42 57 59 71 73
12 42 57 59 71 72
12 42 57 59 69 70 73
12 42 57 59 69 70 71 72
12 42 57 59 60 71 75
12 42 57 59 60 71 73 74
12 42 57 59 60 69 70 75
12 42 57 59 60 69 70 73 74
12 42 57 58 59 71 75
12 42 57 58 59 71 73 74
12 42 57 58 59 69 70 75
12 42 57 58 59 69 70 73 74
12 42 48 57 59 60 71
12 42 48 57 59 60 69 70
12 42 48 57 58 59 71
12 42 48 57 58 59 69 70
12 42 46 57 59 71
12 42 46 57 59 69 70
12 42 46 57 59 60 71 75
12 42 46 57 59 60 71 73 74
12 42 46 57 59 60 69 70 75
12 42 46 57 59 60 69 70 73 74
12 42 46 57 58 59 71 75
12 42 46 57 58 59 71 73 74
12 42 46 57 58 59 69 70 75
12 42 46 57 58 59 69 70 73 74
12 42 46 48 57 59 60 71
12 42 46 48 57 59 60 69 70
12 42 46 48 57 58 59 71
12 42 46 48 57 58 59 69 70
12 42 44 57 59 73
12 42 44 57 59 71 72
12 42 44 57 59 60 75
12 42 44 57 59 60 73 74
12 42 44 57 58 59 75
12 42 44 57 58 59 73 74
12 42 44 48 57 59 60
12 42 44 48 57 58 59
12 42 44 46 57 59
12 42 44 46 57 59 60 75
12 42 44 46 57 59 60 73 74
12 42 44 46 57 58 59 75
12 42 44 46 57 58 59 73 74
12 42 44 46 48 57 59 60
12 42 44 46 48 57 58 59
12 42 44 45 57 59 60 75
12 42 44 45 57 59 60 73 74
12 42 44 45 57 59 60 71 75
12 42 44 45 57 59 60 71 73 74
12 42 44 45 57 59 60 69 70 75
12 42 44 45 57 59 60 69 70 73 74
12 42 44 45 57 58 59 75
12 42 44 45 57 58 59 73 74
12 42 44 45 57 58 59 71 75
12 42 44 45 57 58 59 71 73 74
12 42 44 45 57 58 59 69 70 75
12 42 44 45 57 58 59 69 70 73 74
12 42 44 45 48 57 59 60
12 42 44 45 48 57 59 60 71
12 42 44 45 48 57 59 60 69 70
12 42 44 45 48 57 58 59
12 42 44 45 48 57 58 59 71
12 42 44 45 48 57 58 59 69 70
12 33 57 59 69 71 75
12 33 57 59 69 71 73 74
12 33 57 59 69 70 75
12 33 57 59 69 70 73 74
12 33 57 59 67 68 71 75
12 33 57 59 67 68 71 73 74
12 33 57 59 67 68 69 70 75
12 33 57 59 67 68 69 70 73 74
12 33 48 57 59 69 71
12 33 48 57 59 69 70
12 33 48 57 59 67 68 71
12 33 48 57 59 67 68 69 70
12 33 46 57 59 69 71 75
12 33 46 57 59 69 71 73 74
12 33 46 57 59 69 70 75
12 33 46 57 59 69 70 73 74
12 33 46 57 59 67 68 71 75
12 33 46 57 59 67 68 71 73 74
12 33 46 57 59 67 68 69 70 75
12 33 46 57 59 67 68 69 70 73 74
12 33 46 48 57 59 69 71
12 33 46 48 57 59 69 70
12 33 46 48 57 59 67 68 71
12 33 46 48 57 59 67 68 69 70
12 33 44 57 59 69 75
12 33 44 57 59 69 73 74
12 33 44 57 59 67 68 75
12 33 44 57 59 67 68 73 74
12 33 44 48 57 59 69
12 33 44 48 57 59 67 68
12 33 44 46 57 59 69 75
12 33 44 46 57 59 69 73 74
12 33 44 46 57 59 67 68 75
12 33 44 46 57 59 67 68 73 74
12 33 44 46 48 57 59 69
12 33 44 46 48 57 59 67 68
12 33 44 45 57 59 69 75
12 33 44 45 57 59 69 73 74
12 33 44 45 57 59 69 71 75
12 33 44 45 57 59 69 71 73 74
12 33 44 45 57 59 69 70 75
12 33 44 45 57 59 69 70 73 74
12 33 44 45 57 59 67 68 75
12 33 44 45 57 59 67 68 73 74
12 33 44 45 57 59 67 68 71 75
12 33 44 45 57 59 67 68 71 73 74
12 33 44 45 57 59 67 68 69 70 75
12 33 44 45 57 59 67 68 69 70 73 74
12 33 44 45 48 57 59 69
12 33 44 45 48 57 59 69 71
12 33 44 45 48 57 59 69 70
12 33 44 45 48 57 59 67 68
12 33 44 45 48 57 59 67 68 71
12 33 44 45 48 57 59 67 68 69 70
12 33 42 57 59 71 75
12 33 42 57 59 71 73 74
12 33 42 57 59 69 70 75
12 33 42 57 59 69 70 73 74
12 33 42 48 57 59 71
12 33 42 48 57 59 69 70
12 33 42 46 57 59 71 75
12 33 42 46 57 59 71 73 74
12 33 42 46 57 59 69 70 75
12 33 42 46 57 59 69 70 73 74
12 33 42 46 48 57 59 71
12 33 42 46 48 57 59 69 70
12 33 42 44 57 59 75
12 33 42 44 57 59 73 74
12 33 42 44 48 57 59
12 33 42 44 46 57 59 75
12 33 42 44 46 57 59 73 74
12 33 42 44 46 48 57 59
12 33 42 44 45 57 59 75
12 33 42 44 45 57 59 73 74
12 33 42 44 45 57 59 71 75
12 33 42 44 45 57 59 71 73 74
12 33 42 44 45 57 59 69 70 75
12 33 42 44 45 57 59 69 70 73 74
12 33 42 44 45 48 57 59
12 33 42 44 45 48 57 59 71
12 33 42 44 45 48 57 59 69 70
12 19 57 59 60 69 71 75
12 19 57 59 60 69 71 73 74
12 19 57 59 60 69 70 75
12 19 57 59 60 69 70 73 74
12 19 57 59 60 67 68 71 75
12 19 57 59 60 67 68 71 73 74
12 19 57 59 60 67 68 69 70 75
12 19 57 59 60 67 68 69 70 73 74
12 19 57 58 59 69 71 75
12 19 57 58 59 69 71 73 74
12 19 57 58 59 69 70 75
12 19 57 58 59 69 70 73 74
12 19 57 58 59 67 68 71 75
12 19 57 58 59 67 68 71 73 74
12 19 57 58 59 67 68 69 70 75
12 19 57 58 59 67 68 69 70 73 74
12 19 48 57 59 60 69 71
12 19 48 57 59 60 69 70
12 19 48 57 59 60 67 68 71
12 19 48 57 59 60 67 68 69 70
12 19 48 57 58 59 69 71
12 19 48 57 58 59 69 70
12 19 48 57 58 59 67 68 71
12 19 48 57 58 59 67 68 69 70
12 19 44 57 59 60 69 75
12 19 44 57 59 60 69 73 74
12 19 44 57 59 60 67 68 75
12 19 44 57 59 60 67 68 73 74
12 19 44 57 58 59 69 75
12 19 44 57 58 59 69 73 74
12 19 44 57 58 59 67 68 75
12 19 44 57 58 59 67 68 73 74
12 19 44 48 57 59 60 69
12 19 44 48 57 59 60 67 68
12 19 44 48 57 58 59 69
12 19 44 48 57 58 59 67 68
12 19 42 57 59 60 71 75
12 19 42 57 59 60 71 73 74
12 19 42 57 59 60 69 70 75
12 19 42 57 59 60 69 70 73 74
12 19 42 57 58 59 71 75
12 19 42 57 58 59 71 73 74
12 19 42 57 58 59 69 70 75
12 19 42 57 58 59 69 70 73 74
12 19 42 48 57 59 60 71
12 19 42 48 57 59 60 69 70
12 19 42 48 57 58 59 71
12 19 42 48 57 58 59 69 70
12 19 42 44 57 59 60 75
12 19 42 44 57 59 60 73 74
12 19 42 44 57 58 59 75
12 19 42 44 57 58 59 73 74
12 19 42 44 48 57 59 60
12 19 42 44 48 57 58 59
12 19 33 57 59 69 71 75
12 19 33 57 59 69 71 73 74
12 19 33 57 59 69 70 75
12 19 33 57 59 69 70 73 74
12 19 33 57 59 67 68 71 75
12 19 33 57 59 67 68 71 73 74
12 19 33 57 59 67 68 69 70 75
12 19 33 57 59 67 68 69 70 73 74
12 19 33 48 57 59 69 71
12 19 33 48 57 59 69 70
12 19 33 48 57 59 67 68 71
12 19 33 48 57 59 67 68 69 70
12 19 33 44 57 59 69 75
12 19 33 44 57 59 69 73 74
12 19 33 44 57 59 67 68 75
12 19 33 44 57 59 67 68 73 74
12 19 33 44 48 57 59 69
12 19 33 44 48 57 59 67 68
12 19 33 42 57 59 71 75
12 19 33 42 57 59 71 73 74
12 19 33 42 57 59 69 70 75
12 19 33 42 57 59 69 70 73 74
12 19 33 42 48 57 59 71
12 19 33 42 48 57 59 69 70
12 19 33 42 44 57 59 75
12 19 33 42 44 57 59 73 74
12 19 33 42 44 48 57 59
12 17 57 58 59 69 71 73
12 17 57 58 59 69 71 72
12 17 57 58 59 69 70 73
12 17 57 58 59 69 70 71 72
12 17 57 58 59 67 68 71 73
12 17 57 58 59 67 68 71 72
12 17 57 58 59 67 68 69 70 73
12 17 57 58 59 67 68 69 70 71 72
12 17 56 57 59 69 71 73
12 17 56 57 59 69 71 72
12 17 56 57 59 69 70 73
12 17 56 57 59 69 70 71 72
12 17 56 57 59 67 68 71 73
12 17 56 57 59 67 68 71 72
12 17 56 57 59 67 68 69 70 73
12 17 56 57 59 67 68 69 70 71 72
12 17 46 57 58 59 69 71
12 17 46 57 58 59 69 70
12 17 46 57 58 59 67 68 71
12 17 46 57 58 59 67 68 69 70
12 17 46 56 57 59 69 71
12 17 46 56 57 59 69 70
12 17 46 56 57 59 67 68 71
12 17 46 56 57 59 67 68 69 70
12 17 44 57 58 59 69 73
12 17 44 57 58 59 69 71 72
12 17 44 57 58 59 67 68 73
12 17 44 57 58 59 67 68 71 72
12 17 44 56 57 59 69 73
12 17 44 56 57 59 69 71 72
12 17 44 56 57 59 67 68 73
12 17 44 56 57 59 67 68 71 72
12 17 44 46 57 58 59 69
12 17 44 46 57 58 59 67 68
12 17 44 46 56 57 59 69
12 17 44 46 56 57 59 67 68
12 17 42 57 58 59 71 73
12 17 42 57 58 59 71 72
12 17 42 57 58 59 69 70 73
12 17 42 57 58 59 69 70 71 72
12 17 42 56 57 59 71 73
12 17 42 56 57 59 71 72
12 17 42 56 57 59 69 70 73
12 17 42 56 57 59 69 70 71 72
12 17 42 46 57 58 59 71
12 17 42 46 57 58 59 69 70
12 17 42 46 56 57 59 71
12 17 42 46 56 57 59 69 70
12 17 42 44 57 58 59 73
12 17 42 44 57 58 59 71 72
12 17 42 44 56 57 59 73
12 17 42 44 56 57 59 71 72
12 17 42 44 46 57 58 59
12 17 42 44 46 56 57 59
12 17 31 57 59 69 71 73
12 17 31 57 59 69 71 72
12 17 31 57 59 69 70 73
12 17 31 57 59 69 70 71 72
12 17 31 57 59 67 68 71 73
12 17 31 57 59 67 68 71 72
12 17 31 57 59 67 68 69 70 73
12 17 31 57 59 67 68 69 70 71 72
12 17 31 46 57 59 69 71
12 17 31 46 57 59 69 70
12 17 31 46 57 59 67 68 71
12 17 31 46 57 59 67 68 69 70
12 17 31 44 57 59 69 73
12 17 31 44 57 59 69 71 72
12 17 31 44 57 59 67 68 73
12 17 31 44 57 59 67 68 71 72
12 17 31 44 46 57 59 69
12 17 31 44 46 57 59 67 68
12 17 31 42 57 59 71 73
12 17 31 42 57 59 71 72
12 17 31 42 57 59 69 70 73
12 17 31 42 57 59 69 70 71 72
12 17 31 42 46 57 59 71
12 17 31 42 46 57 59 69 70
12 17 31 42 44 57 59 73
12 17 31 42 44 57 59 71 72
12 17 31 42 44 46 57 59
12 15 16 57 58 59 69 71 73
12 15 16 57 58 59 69 71 72
12 15 16 57 58 59 69 70 73
12 15 16 57 58 59 69 70 71 72
12 15 16 57 58 59 67 68 71 73
12 15 16 57 58 59 67 68 71 72
12 15 16 57 58 59 67 68 69 70 73
12 15 16 57 58 59 67 68 69 70 71 72
12 15 16 56 57 59 69 71 73
12 15 16 56 57 59 69 71 72
12 15 16 56 57 59 69 70 73
12 15 16 56 57 59 69 70 71 72
12 15 16 56 57 59 67 68 71 73
12 15 16 56 57 59 67 68 71 72
12 15 16 56 57 59 67 68 69 70 73
12 15 16 56 57 59 67 68 69 70 71 72
12 15 16 46 57 58 59 69 71
12 15 16 46 57 58 59 69 70
12 15 16 46 57 58 59 67 68 71
12 15 16 46 57 58 59 67 68 69 70
12 15 16 46 56 57 59 69 71
12 15 16 46 56 57 59 69 70
12 15 16 46 56 57 59 67 68 71
12 15 16 46 56 57 59 67 68 69 70
12 15 16 44 57 58 59 69 73
12 15 16 44 57 58 59 69 71 72
12 15 16 44 57 58 59 67 68 73
12 15 16 44 57 58 59 67 68 71 72
12 15 16 44 56 57 59 69 73
12 15 16 44 56 57 59 69 71 72
12 15 16 44 56 57 59 67 68 73
12 15 16 44 56 57 59 67 68 71 72
12 15 16 44 46 57 58 59 69
12 15 16 44 46 57 58 59 67 68
12 15 16 44 46 56 57 59 69
12 15 16 44 46 56 57 59 67 68
12 15 16 42 57 58 59 71 73
12 15 16 42 57 58 59 71 72
12 15 16 42 57 58 59 69 70 73
12 15 16 42 57 58 59 69 70 71 72
12 15 16 42 56 57 59 71 73
12 15 16 42 56 57 59 71 72
12 15 16 42 56 57 59 69 70 73
12 15 16 42 56 57 59 69 70 71 72
12 15 16 42 46 57 58 59 71
12 15 16 42 46 57 58 59 69 70
12 15 16 42 46 56 57 59 71
12 15 16 42 46 56 57 59 69 70
12 15 16 42 44 57 58 59 73
12 15 16 42 44 57 58 59 71 72
12 15 16 42 44 56 57 59 73
12 15 16 42 44 56 57 59 71 72
12 15 16 42 44 46 57 58 59
12 15 16 42 44 46 56 57 59
12 15 16 31 57 59 69 71 73
12 15 16 31 57 59 69 71 72
12 15 16 31 57 59 69 70 73
12 15 16 31 57 59 69 70 71 72
12 15 16 31 57 59 67 68 71 73
12 15 16 31 57 59 67 68 71 72
12 15 16 31 57 59 67 68 69 70 73
12 15 16 31 57 59 67 68 69 70 71 72
12 15 16 31 46 57 59 69 71
12 15 16 31 46 57 59 69 70
12 15 16 31 46 57 59 67 68 71
12 15 16 31 46 57 59 67 68 69 70
12 15 16 31 44 57 59 69 73
12 15 16 31 44 57 59 69 71 72
12 15 16 31 44 57 59 67 68 73
12 15 16 31 44 57 59 67 68 71 72
12 15 16 31 44 46 57 59 69
12 15 16 31 44 46 57 59 67 68
12 15 16 31 42 57 59 71 73
12 15 16 31 42 57 59 71 72
12 15 16 31 42 57 59 69 70 73
12 15 16 31 42 57 59 69 70 71 72
12 15 16 31 42 46 57 59 71
12 15 16 31 42 46 57 59 69 70
12 15 16 31 42 44 57 59 73
12 15 16 31 42 44 57 59 71 72
12 15 16 31 42 44 46 57 59
11 67
11 65 66
11 40
10
10 67
10 65 66
10 63 67
10 63 65 66
10 57 67
10 57 65 66
10 40
10 40 63
10 40 57
10 24 67
10 24 65 66
10 24 40
10 23 67
10 23 65 66
10 23 40
9 61 67
9 61 65 66
9 40 61
9 23 67
9 23 65 66
9 23 40
9 10 67
9 10 65 66
9 10 40
8 67
8 65
8 65 66
8 63 64
8 61
8 40
8 38
8 23 65
8 23 63 64
8 23 38
8 9
7 68
7 68 71
7 68 69 70
7 67
7 65 66
7 52 68
7 50 51 68
7 44 68
7 40
7 25 68
7 23 52 68
7 23 50 51 68
7 23 25 68
7 8 61 67
7 8 61 65 66
7 8 40 61
6 7 67
6 7 65
6 7 65 66
6 7 63 64
6 7 61
6 7 40
6 7 38
6 7 23 65
6 7 23 63 64
6 7 23 38
2 67
2 65 66
2 40
1
0 68
0 61 67
0 61 65 66
0 40 61
