67 
65 66 
57 58 71 73 79 
57 58 71 73 77 78 
57 58 71 73 75 
57 58 71 73 74 
57 58 71 72 79 
57 58 71 72 77 78 
57 58 71 72 75 
57 58 71 72 73 74 
57 58 69 70 73 79 
57 58 69 70 73 77 78 
57 58 69 70 73 75 
57 58 69 70 73 74 
57 58 69 70 71 72 79 
57 58 69 70 71 72 77 78 
57 58 69 70 71 72 75 
57 58 69 70 71 72 73 74 
57 58 65 71 73 
57 58 65 71 73 75 
57 58 65 71 73 74 
57 58 65 71 72 
57 58 65 71 72 75 
57 58 65 71 72 73 74 
57 58 65 69 70 73 
57 58 65 69 70 73 75 
57 58 65 69 70 73 74 
57 58 65 69 70 71 72 
57 58 65 69 70 71 72 75 
57 58 65 69 70 71 72 73 74 
57 58 63 71 
57 58 63 69 70 
57 58 59 71 75 
57 58 59 71 73 74 
57 58 59 69 71 75 
57 58 59 69 71 73 74 
57 58 59 67 68 71 75 
57 58 59 67 68 71 73 74 
57 58 59 67 68 69 70 75 
57 58 59 67 68 69 70 73 74 
57 58 59 63 69 71 
57 58 59 63 69 70 
57 58 59 63 67 68 71 
57 58 59 63 67 68 69 70 
56 57 71 73 
56 57 71 73 79 
56 57 71 73 77 78 
56 57 71 72 
56 57 71 72 79 
56 57 71 72 77 78 
56 57 69 70 73 
56 57 69 70 73 79 
56 57 69 70 73 77 78 
56 57 69 70 71 72 
56 57 69 70 71 72 79 
56 57 69 70 71 72 77 78 
56 57 65 71 73 
56 57 65 71 73 75 
56 57 65 71 73 74 
56 57 65 71 72 
56 57 65 71 72 75 
56 57 65 71 72 73 74 
56 57 65 69 70 73 
56 57 65 69 70 73 75 
56 57 65 69 70 73 74 
56 57 65 69 70 71 72 
56 57 65 69 70 71 72 75 
56 57 65 69 70 71 72 73 74 
56 57 63 71 
56 57 63 69 70 
56 57 59 71 75 
56 57 59 71 73 74 
56 57 59 69 71 75 
56 57 59 69 71 73 74 
56 57 59 67 68 71 75 
56 57 59 67 68 71 73 74 
56 57 59 67 68 69 70 75 
56 57 59 67 68 69 70 73 74 
56 57 59 63 69 71 
56 57 59 63 69 70 
56 57 59 63 67 68 71 
56 57 59 63 67 68 69 70 
56 57 58 71 73 
56 57 58 71 73 75 
56 57 58 71 73 74 
56 57 58 71 72 
56 57 58 71 72 75 
56 57 58 71 72 73 74 
56 57 58 69 70 73 
56 57 58 69 70 73 75 
56 57 58 69 70 73 74 
56 57 58 69 70 71 72 
56 57 58 69 70 71 72 75 
56 57 58 69 70 71 72 73 74 
55 59 71 73 
55 59 71 72 
55 59 69 70 73 
55 59 69 70 71 72 
55 58 71 73 
55 58 71 72 
55 58 69 70 73 
55 58 69 70 71 72 
55 58 59 71 
55 58 59 69 75 
55 58 59 69 73 74 
55 58 59 69 71 73 
55 58 59 69 71 72 
55 58 59 69 70 
55 58 59 69 70 73 
55 58 59 69 70 71 72 
55 58 59 67 68 75 
55 58 59 67 68 73 74 
55 58 59 67 68 71 73 
55 58 59 67 68 71 72 
55 58 59 67 68 69 70 73 
55 58 59 67 68 69 70 71 72 
55 57 71 73 
55 57 71 72 
55 57 69 70 73 
55 57 69 70 71 72 
55 57 58 71 75 
55 57 58 71 73 79 
55 57 58 71 73 77 78 
55 57 58 71 73 75 79 
55 57 58 71 73 75 77 78 
55 57 58 71 73 74 
55 57 58 71 73 74 79 
55 57 58 71 73 74 77 78 
55 57 58 71 72 79 
55 57 58 71 72 77 78 
55 57 58 71 72 75 79 
55 57 58 71 72 75 77 78 
55 57 58 71 72 73 74 79 
55 57 58 71 72 73 74 77 78 
55 57 58 69 70 75 
55 57 58 69 70 73 79 
55 57 58 69 70 73 77 78 
55 57 58 69 70 73 75 79 
55 57 58 69 70 73 75 77 78 
55 57 58 69 70 73 74 
55 57 58 69 70 73 74 79 
55 57 58 69 70 73 74 77 78 
55 57 58 69 70 71 72 79 
55 57 58 69 70 71 72 77 78 
55 57 58 69 70 71 72 75 79 
55 57 58 69 70 71 72 75 77 78 
55 57 58 69 70 71 72 73 74 79 
55 57 58 69 70 71 72 73 74 77 78 
55 57 58 59 71 
55 57 58 59 69 70 
55 56 59 73 
55 56 59 71 72 
55 56 59 60 73 75 
55 56 59 60 73 74 
55 56 59 60 71 72 75 
55 56 59 60 71 72 73 74 
55 56 57 71 75 
55 56 57 71 73 
55 56 57 71 73 79 
55 56 57 71 73 77 78 
55 56 57 71 73 75 79 
55 56 57 71 73 75 77 78 
55 56 57 71 73 74 
55 56 57 71 73 74 79 
55 56 57 71 73 74 77 78 
55 56 57 71 72 
55 56 57 71 72 79 
55 56 57 71 72 77 78 
55 56 57 71 72 75 79 
55 56 57 71 72 75 77 78 
55 56 57 71 72 73 74 79 
55 56 57 71 72 73 74 77 78 
55 56 57 69 70 75 
55 56 57 69 70 73 
55 56 57 69 70 73 79 
55 56 57 69 70 73 77 78 
55 56 57 69 70 73 75 79 
55 56 57 69 70 73 75 77 78 
55 56 57 69 70 73 74 
55 56 57 69 70 73 74 79 
55 56 57 69 70 73 74 77 78 
55 56 57 69 70 71 72 
55 56 57 69 70 71 72 79 
55 56 57 69 70 71 72 77 78 
55 56 57 69 70 71 72 75 79 
55 56 57 69 70 71 72 75 77 78 
55 56 57 69 70 71 72 73 74 79 
55 56 57 69 70 71 72 73 74 77 78 
55 56 57 59 73 75 
55 56 57 59 73 74 
55 56 57 59 71 72 75 
55 56 57 59 71 72 73 74 
55 56 57 59 69 75 
55 56 57 59 69 73 74 
55 56 57 59 69 71 73 
55 56 57 59 69 71 72 
55 56 57 59 69 70 73 
55 56 57 59 69 70 71 72 
55 56 57 59 67 68 75 
55 56 57 59 67 68 73 74 
55 56 57 59 67 68 71 73 
55 56 57 59 67 68 71 72 
55 56 57 59 67 68 69 70 73 
55 56 57 59 67 68 69 70 71 72 
54 55 59 73 
54 55 59 71 72 
54 55 59 60 73 75 
54 55 59 60 73 74 
54 55 59 60 71 72 75 
54 55 59 60 71 72 73 74 
54 55 56 57 59 73 75 
54 55 56 57 59 73 74 
54 55 56 57 59 71 72 75 
54 55 56 57 59 71 72 73 74 
52 57 58 71 73 
52 57 58 71 72 
52 57 58 69 70 73 
52 57 58 69 70 71 72 
52 56 57 71 73 
52 56 57 71 72 
52 56 57 69 70 73 
52 56 57 69 70 71 72 
52 55 57 58 71 73 
52 55 57 58 71 73 75 
52 55 57 58 71 73 74 
52 55 57 58 71 72 
52 55 57 58 71 72 75 
52 55 57 58 71 72 73 74 
52 55 57 58 69 70 73 
52 55 57 58 69 70 73 75 
52 55 57 58 69 70 73 74 
52 55 57 58 69 70 71 72 
52 55 57 58 69 70 71 72 75 
52 55 57 58 69 70 71 72 73 74 
52 55 56 57 71 73 
52 55 56 57 71 73 75 
52 55 56 57 71 73 74 
52 55 56 57 71 72 
52 55 56 57 71 72 75 
52 55 56 57 71 72 73 74 
52 55 56 57 69 70 73 
52 55 56 57 69 70 73 75 
52 55 56 57 69 70 73 74 
52 55 56 57 69 70 71 72 
52 55 56 57 69 70 71 72 75 
52 55 56 57 69 70 71 72 73 74 
48 57 58 71 73 
48 57 58 71 72 
48 57 58 69 70 73 
48 57 58 69 70 71 72 
48 57 58 65 71 73 
48 57 58 65 71 72 
48 57 58 65 69 70 73 
48 57 58 65 69 70 71 72 
48 57 58 59 71 
48 57 58 59 69 71 
48 57 58 59 67 68 71 
48 57 58 59 67 68 69 70 
48 56 57 65 71 73 
48 56 57 65 71 72 
48 56 57 65 69 70 73 
48 56 57 65 69 70 71 72 
48 56 57 59 71 
48 56 57 59 69 71 
48 56 57 59 67 68 71 
48 56 57 59 67 68 69 70 
48 56 57 58 71 73 
48 56 57 58 71 72 
48 56 57 58 69 70 73 
48 56 57 58 69 70 71 72 
48 55 58 59 69 
48 55 58 59 67 68 
48 55 57 58 71 
48 55 57 58 71 73 79 
48 55 57 58 71 73 77 78 
48 55 57 58 71 72 79 
48 55 57 58 71 72 77 78 
48 55 57 58 69 70 
48 55 57 58 69 70 73 79 
48 55 57 58 69 70 73 77 78 
48 55 57 58 69 70 71 72 79 
48 55 57 58 69 70 71 72 77 78 
48 55 56 59 60 73 
48 55 56 59 60 71 72 
48 55 56 57 71 
48 55 56 57 71 73 79 
48 55 56 57 71 73 77 78 
48 55 56 57 71 72 79 
48 55 56 57 71 72 77 78 
48 55 56 57 69 70 
48 55 56 57 69 70 73 79 
48 55 56 57 69 70 73 77 78 
48 55 56 57 69 70 71 72 79 
48 55 56 57 69 70 71 72 77 78 
48 55 56 57 59 73 
48 55 56 57 59 71 72 
48 55 56 57 59 69 
48 55 56 57 59 67 68 
48 54 55 59 60 73 
48 54 55 59 60 71 72 
48 54 55 56 57 59 73 
48 54 55 56 57 59 71 72 
48 52 55 57 58 71 73 
48 52 55 57 58 71 72 
48 52 55 57 58 69 70 73 
48 52 55 57 58 69 70 71 72 
48 52 55 56 57 71 73 
48 52 55 56 57 71 72 
48 52 55 56 57 69 70 73 
48 52 55 56 57 69 70 71 72 
46 57 58 71 79 
46 57 58 71 77 78 
46 57 58 71 75 
46 57 58 71 73 74 
46 57 58 69 70 79 
46 57 58 69 70 77 78 
46 57 58 69 70 75 
46 57 58 69 70 73 74 
46 57 58 65 71 
46 57 58 65 71 75 
46 57 58 65 71 73 74 
46 57 58 65 69 70 
46 57 58 65 69 70 75 
46 57 58 65 69 70 73 74 
46 56 57 71 
46 56 57 71 79 
46 56 57 71 77 78 
46 56 57 69 70 
46 56 57 69 70 79 
46 56 57 69 70 77 78 
46 56 57 65 71 
46 56 57 65 71 75 
46 56 57 65 71 73 74 
46 56 57 65 69 70 
46 56 57 65 69 70 75 
46 56 57 65 69 70 73 74 
46 56 57 58 71 
46 56 57 58 71 75 
46 56 57 58 71 73 74 
46 56 57 58 69 70 
46 56 57 58 69 70 75 
46 56 57 58 69 70 73 74 
46 55 59 71 
46 55 59 69 70 
46 55 58 71 
46 55 58 69 70 
46 55 58 59 69 71 
46 55 58 59 69 70 
46 55 58 59 67 68 71 
46 55 58 59 67 68 69 70 
46 55 57 71 
46 55 57 69 70 
46 55 57 58 71 79 
46 55 57 58 71 77 78 
46 55 57 58 71 75 79 
46 55 57 58 71 75 77 78 
46 55 57 58 71 73 74 79 
46 55 57 58 71 73 74 77 78 
46 55 57 58 69 70 79 
46 55 57 58 69 70 77 78 
46 55 57 58 69 70 75 79 
46 55 57 58 69 70 75 77 78 
46 55 57 58 69 70 73 74 79 
46 55 57 58 69 70 73 74 77 78 
46 55 56 59 
46 55 56 59 60 75 
46 55 56 59 60 73 74 
46 55 56 57 71 
46 55 56 57 71 79 
46 55 56 57 71 77 78 
46 55 56 57 71 75 79 
46 55 56 57 71 75 77 78 
46 55 56 57 71 73 74 79 
46 55 56 57 71 73 74 77 78 
46 55 56 57 69 70 
46 55 56 57 69 70 79 
46 55 56 57 69 70 77 78 
46 55 56 57 69 70 75 79 
46 55 56 57 69 70 75 77 78 
46 55 56 57 69 70 73 74 79 
46 55 56 57 69 70 73 74 77 78 
46 55 56 57 59 75 
46 55 56 57 59 73 74 
46 55 56 57 59 69 71 
46 55 56 57 59 69 70 
46 55 56 57 59 67 68 71 
46 55 56 57 59 67 68 69 70 
46 54 55 59 
46 54 55 59 60 75 
46 54 55 59 60 73 74 
46 54 55 56 57 59 75 
46 54 55 56 57 59 73 74 
46 52 57 58 71 
46 52 57 58 69 70 
46 52 56 57 71 
46 52 56 57 69 70 
46 52 55 57 58 71 
46 52 55 57 58 71 75 
46 52 55 57 58 71 73 74 
46 52 55 57 58 69 70 
46 52 55 57 58 69 70 75 
46 52 55 57 58 69 70 73 74 
46 52 55 56 57 71 
46 52 55 56 57 71 75 
46 52 55 56 57 71 73 74 
46 52 55 56 57 69 70 
46 52 55 56 57 69 70 75 
46 52 55 56 57 69 70 73 74 
46 48 57 58 71 
46 48 57 58 69 70 
46 48 57 58 65 71 
46 48 57 58 65 69 70 
46 48 56 57 65 71 
46 48 56 57 65 69 70 
46 48 56 57 58 71 
46 48 56 57 58 69 70 
46 48 55 57 58 71 79 
46 48 55 57 58 71 77 78 
46 48 55 57 58 69 70 79 
46 48 55 57 58 69 70 77 78 
46 48 55 56 59 60 
46 48 55 56 57 71 79 
46 48 55 56 57 71 77 78 
46 48 55 56 57 69 70 79 
46 48 55 56 57 69 70 77 78 
46 48 55 56 57 59 
46 48 54 55 59 60 
46 48 54 55 56 57 59 
46 48 52 55 57 58 71 
46 48 52 55 57 58 69 70 
46 48 52 55 56 57 71 
46 48 52 55 56 57 69 70 
44 57 58 73 79 
44 57 58 73 77 78 
44 57 58 73 75 
44 57 58 73 74 
44 57 58 71 72 79 
44 57 58 71 72 77 78 
44 57 58 71 72 75 
44 57 58 71 72 73 74 
44 57 58 65 73 
44 57 58 65 73 75 
44 57 58 65 73 74 
44 57 58 65 71 72 
44 57 58 65 71 72 75 
44 57 58 65 71 72 73 74 
44 57 58 63 
44 57 58 59 75 
44 57 58 59 73 74 
44 57 58 59 69 75 
44 57 58 59 69 73 74 
44 57 58 59 67 68 75 
44 57 58 59 67 68 73 74 
44 57 58 59 63 69 
44 57 58 59 63 67 68 
44 56 57 73 
44 56 57 73 79 
44 56 57 73 77 78 
44 56 57 71 72 
44 56 57 71 72 79 
44 56 57 71 72 77 78 
44 56 57 65 73 
44 56 57 65 73 75 
44 56 57 65 73 74 
44 56 57 65 71 72 
44 56 57 65 71 72 75 
44 56 57 65 71 72 73 74 
44 56 57 63 
44 56 57 59 75 
44 56 57 59 73 74 
44 56 57 59 69 75 
44 56 57 59 69 73 74 
44 56 57 59 67 68 75 
44 56 57 59 67 68 73 74 
44 56 57 59 63 69 
44 56 57 59 63 67 68 
44 56 57 58 73 
44 56 57 58 73 75 
44 56 57 58 73 74 
44 56 57 58 71 72 
44 56 57 58 71 72 75 
44 56 57 58 71 72 73 74 
44 55 59 73 
44 55 59 71 72 
44 55 58 73 
44 55 58 71 72 
44 55 58 59 
44 55 58 59 69 73 
44 55 58 59 69 71 72 
44 55 58 59 67 68 73 
44 55 58 59 67 68 71 72 
44 55 57 73 
44 55 57 71 72 
44 55 57 58 75 
44 55 57 58 73 79 
44 55 57 58 73 77 78 
44 55 57 58 73 75 79 
44 55 57 58 73 75 77 78 
44 55 57 58 73 74 
44 55 57 58 73 74 79 
44 55 57 58 73 74 77 78 
44 55 57 58 71 72 79 
44 55 57 58 71 72 77 78 
44 55 57 58 71 72 75 79 
44 55 57 58 71 72 75 77 78 
44 55 57 58 71 72 73 74 79 
44 55 57 58 71 72 73 74 77 78 
44 55 57 58 59 
44 55 56 57 75 
44 55 56 57 73 
44 55 56 57 73 79 
44 55 56 57 73 77 78 
44 55 56 57 73 75 79 
44 55 56 57 73 75 77 78 
44 55 56 57 73 74 
44 55 56 57 73 74 79 
44 55 56 57 73 74 77 78 
44 55 56 57 71 72 
44 55 56 57 71 72 79 
44 55 56 57 71 72 77 78 
44 55 56 57 71 72 75 79 
44 55 56 57 71 72 75 77 78 
44 55 56 57 71 72 73 74 79 
44 55 56 57 71 72 73 74 77 78 
44 55 56 57 59 69 73 
44 55 56 57 59 69 71 72 
44 55 56 57 59 67 68 73 
44 55 56 57 59 67 68 71 72 
44 52 57 58 73 
44 52 57 58 71 72 
44 52 56 57 73 
44 52 56 57 71 72 
44 52 55 57 58 73 
44 52 55 57 58 73 75 
44 52 55 57 58 73 74 
44 52 55 57 58 71 72 
44 52 55 57 58 71 72 75 
44 52 55 57 58 71 72 73 74 
44 52 55 56 57 73 
44 52 55 56 57 73 75 
44 52 55 56 57 73 74 
44 52 55 56 57 71 72 
44 52 55 56 57 71 72 75 
44 52 55 56 57 71 72 73 74 
44 48 57 58 73 
44 48 57 58 71 72 
44 48 57 58 65 73 
44 48 57 58 65 71 72 
44 48 57 58 59 
44 48 57 58 59 69 
44 48 57 58 59 67 68 
44 48 56 57 65 73 
44 48 56 57 65 71 72 
44 48 56 57 59 
44 48 56 57 59 69 
44 48 56 57 59 67 68 
44 48 56 57 58 73 
44 48 56 57 58 71 72 
44 48 55 57 58 
44 48 55 57 58 73 79 
44 48 55 57 58 73 77 78 
44 48 55 57 58 71 72 79 
44 48 55 57 58 71 72 77 78 
44 48 55 56 57 
44 48 55 56 57 73 79 
44 48 55 56 57 73 77 78 
44 48 55 56 57 71 72 79 
44 48 55 56 57 71 72 77 78 
44 48 52 55 57 58 73 
44 48 52 55 57 58 71 72 
44 48 52 55 56 57 73 
44 48 52 55 56 57 71 72 
44 46 57 58 79 
44 46 57 58 77 78 
44 46 57 58 75 
44 46 57 58 73 74 
44 46 57 58 65 
44 46 57 58 65 75 
44 46 57 58 65 73 74 
44 46 56 57 
44 46 56 57 79 
44 46 56 57 77 78 
44 46 56 57 65 
44 46 56 57 65 75 
44 46 56 57 65 73 74 
44 46 56 57 58 
44 46 56 57 58 75 
44 46 56 57 58 73 74 
44 46 55 59 
44 46 55 58 
44 46 55 58 59 69 
44 46 55 58 59 67 68 
44 46 55 57 
44 46 55 57 58 79 
44 46 55 57 58 77 78 
44 46 55 57 58 75 79 
44 46 55 57 58 75 77 78 
44 46 55 57 58 73 74 79 
44 46 55 57 58 73 74 77 78 
44 46 55 56 57 
44 46 55 56 57 79 
44 46 55 56 57 77 78 
44 46 55 56 57 75 79 
44 46 55 56 57 75 77 78 
44 46 55 56 57 73 74 79 
44 46 55 56 57 73 74 77 78 
44 46 55 56 57 59 69 
44 46 55 56 57 59 67 68 
44 46 52 57 58 
44 46 52 56 57 
44 46 52 55 57 58 
44 46 52 55 57 58 75 
44 46 52 55 57 58 73 74 
44 46 52 55 56 57 
44 46 52 55 56 57 75 
44 46 52 55 56 57 73 74 
44 46 48 57 58 
44 46 48 57 58 65 
44 46 48 56 57 65 
44 46 48 56 57 58 
44 46 48 55 57 58 79 
44 46 48 55 57 58 77 78 
44 46 48 55 56 57 79 
44 46 48 55 56 57 77 78 
44 46 48 52 55 57 58 
44 46 48 52 55 56 57 
42 57 58 59 71 75 
42 57 58 59 71 73 74 
42 57 58 59 69 70 75 
42 57 58 59 69 70 73 74 
42 57 58 59 63 71 
42 57 58 59 63 69 70 
42 56 57 59 71 75 
42 56 57 59 71 73 74 
42 56 57 59 69 70 75 
42 56 57 59 69 70 73 74 
42 56 57 59 63 71 
42 56 57 59 63 69 70 
42 55 58 59 75 
42 55 58 59 73 74 
42 55 58 59 71 73 
42 55 58 59 71 72 
42 55 58 59 69 70 73 
42 55 58 59 69 70 71 72 
42 55 56 57 59 75 
42 55 56 57 59 73 74 
42 55 56 57 59 71 73 
42 55 56 57 59 71 72 
42 55 56 57 59 69 70 73 
42 55 56 57 59 69 70 71 72 
42 48 57 58 59 71 
42 48 57 58 59 69 70 
42 48 56 57 59 71 
42 48 56 57 59 69 70 
42 48 55 58 59 
42 48 55 56 57 59 
42 46 55 58 59 71 
42 46 55 58 59 69 70 
42 46 55 56 57 59 71 
42 46 55 56 57 59 69 70 
42 44 57 58 59 75 
42 44 57 58 59 73 74 
42 44 57 58 59 63 
42 44 56 57 59 75 
42 44 56 57 59 73 74 
42 44 56 57 59 63 
42 44 55 58 59 73 
42 44 55 58 59 71 72 
42 44 55 56 57 59 73 
42 44 55 56 57 59 71 72 
42 44 48 57 58 59 
42 44 48 56 57 59 
42 44 46 55 58 59 
42 44 46 55 56 57 59 
40 
33 55 56 59 73 75 
33 55 56 59 73 74 
33 55 56 59 71 72 75 
33 55 56 59 71 72 73 74 
33 54 55 59 73 75 
33 54 55 59 73 74 
33 54 55 59 71 72 75 
33 54 55 59 71 72 73 74 
33 48 55 56 59 73 
33 48 55 56 59 71 72 
33 48 54 55 59 73 
33 48 54 55 59 71 72 
33 46 55 56 59 75 
33 46 55 56 59 73 74 
33 46 54 55 59 75 
33 46 54 55 59 73 74 
33 46 48 55 56 59 
33 46 48 54 55 59 
31 57 71 73 79 
31 57 71 73 77 78 
31 57 71 73 75 
31 57 71 73 74 
31 57 71 72 79 
31 57 71 72 77 78 
31 57 71 72 75 
31 57 71 72 73 74 
31 57 69 70 73 79 
31 57 69 70 73 77 78 
31 57 69 70 73 75 
31 57 69 70 73 74 
31 57 69 70 71 72 79 
31 57 69 70 71 72 77 78 
31 57 69 70 71 72 75 
31 57 69 70 71 72 73 74 
31 57 65 71 73 
31 57 65 71 73 75 
31 57 65 71 73 74 
31 57 65 71 72 
31 57 65 71 72 75 
31 57 65 71 72 73 74 
31 57 65 69 70 73 
31 57 65 69 70 73 75 
31 57 65 69 70 73 74 
31 57 65 69 70 71 72 
31 57 65 69 70 71 72 75 
31 57 65 69 70 71 72 73 74 
31 57 63 71 
31 57 63 69 70 
31 57 59 71 75 
31 57 59 71 73 74 
31 57 59 69 71 75 
31 57 59 69 71 73 74 
31 57 59 67 68 71 75 
31 57 59 67 68 71 73 74 
31 57 59 67 68 69 70 75 
31 57 59 67 68 69 70 73 74 
31 57 59 63 69 71 
31 57 59 63 69 70 
31 57 59 63 67 68 71 
31 57 59 63 67 68 69 70 
31 56 57 71 73 
31 56 57 71 73 75 
31 56 57 71 73 74 
31 56 57 71 72 
31 56 57 71 72 75 
31 56 57 71 72 73 74 
31 56 57 69 70 73 
31 56 57 69 70 73 75 
31 56 57 69 70 73 74 
31 56 57 69 70 71 72 
31 56 57 69 70 71 72 75 
31 56 57 69 70 71 72 73 74 
31 55 71 73 
31 55 71 72 
31 55 69 70 73 
31 55 69 70 71 72 
31 55 59 71 
31 55 59 69 75 
31 55 59 69 73 74 
31 55 59 69 71 73 
31 55 59 69 71 72 
31 55 59 69 70 
31 55 59 69 70 73 
31 55 59 69 70 71 72 
31 55 59 67 68 75 
31 55 59 67 68 73 74 
31 55 59 67 68 71 73 
31 55 59 67 68 71 72 
31 55 59 67 68 69 70 73 
31 55 59 67 68 69 70 71 72 
31 55 57 71 75 
31 55 57 71 73 79 
31 55 57 71 73 77 78 
31 55 57 71 73 75 79 
31 55 57 71 73 75 77 78 
31 55 57 71 73 74 
31 55 57 71 73 74 79 
31 55 57 71 73 74 77 78 
31 55 57 71 72 79 
31 55 57 71 72 77 78 
31 55 57 71 72 75 79 
31 55 57 71 72 75 77 78 
31 55 57 71 72 73 74 79 
31 55 57 71 72 73 74 77 78 
31 55 57 69 70 75 
31 55 57 69 70 73 79 
31 55 57 69 70 73 77 78 
31 55 57 69 70 73 75 79 
31 55 57 69 70 73 75 77 78 
31 55 57 69 70 73 74 
31 55 57 69 70 73 74 79 
31 55 57 69 70 73 74 77 78 
31 55 57 69 70 71 72 79 
31 55 57 69 70 71 72 77 78 
31 55 57 69 70 71 72 75 79 
31 55 57 69 70 71 72 75 77 78 
31 55 57 69 70 71 72 73 74 79 
31 55 57 69 70 71 72 73 74 77 78 
31 55 57 59 71 
31 55 57 59 69 70 
31 55 56 59 73 75 
31 55 56 59 73 74 
31 55 56 59 71 72 75 
31 55 56 59 71 72 73 74 
31 54 55 59 73 75 
31 54 55 59 73 74 
31 54 55 59 71 72 75 
31 54 55 59 71 72 73 74 
31 52 57 71 73 
31 52 57 71 72 
31 52 57 69 70 73 
31 52 57 69 70 71 72 
31 52 55 57 71 73 
31 52 55 57 71 73 75 
31 52 55 57 71 73 74 
31 52 55 57 71 72 
31 52 55 57 71 72 75 
31 52 55 57 71 72 73 74 
31 52 55 57 69 70 73 
31 52 55 57 69 70 73 75 
31 52 55 57 69 70 73 74 
31 52 55 57 69 70 71 72 
31 52 55 57 69 70 71 72 75 
31 52 55 57 69 70 71 72 73 74 
31 48 57 71 73 
31 48 57 71 72 
31 48 57 69 70 73 
31 48 57 69 70 71 72 
31 48 57 65 71 73 
31 48 57 65 71 72 
31 48 57 65 69 70 73 
31 48 57 65 69 70 71 72 
31 48 57 59 71 
31 48 57 59 69 71 
31 48 57 59 67 68 71 
31 48 57 59 67 68 69 70 
31 48 56 57 71 73 
31 48 56 57 71 72 
31 48 56 57 69 70 73 
31 48 56 57 69 70 71 72 
31 48 55 59 69 
31 48 55 59 67 68 
31 48 55 57 71 
31 48 55 57 71 73 79 
31 48 55 57 71 73 77 78 
31 48 55 57 71 72 79 
31 48 55 57 71 72 77 78 
31 48 55 57 69 70 
31 48 55 57 69 70 73 79 
31 48 55 57 69 70 73 77 78 
31 48 55 57 69 70 71 72 79 
31 48 55 57 69 70 71 72 77 78 
31 48 55 56 59 73 
31 48 55 56 59 71 72 
31 48 54 55 59 73 
31 48 54 55 59 71 72 
31 48 52 55 57 71 73 
31 48 52 55 57 71 72 
31 48 52 55 57 69 70 73 
31 48 52 55 57 69 70 71 72 
31 46 57 71 79 
31 46 57 71 77 78 
31 46 57 71 75 
31 46 57 71 73 74 
31 46 57 69 70 79 
31 46 57 69 70 77 78 
31 46 57 69 70 75 
31 46 57 69 70 73 74 
31 46 57 65 71 
31 46 57 65 71 75 
31 46 57 65 71 73 74 
31 46 57 65 69 70 
31 46 57 65 69 70 75 
31 46 57 65 69 70 73 74 
31 46 56 57 71 
31 46 56 57 71 75 
31 46 56 57 71 73 74 
31 46 56 57 69 70 
31 46 56 57 69 70 75 
31 46 56 57 69 70 73 74 
31 46 55 71 
31 46 55 69 70 
31 46 55 59 69 71 
31 46 55 59 69 70 
31 46 55 59 67 68 71 
31 46 55 59 67 68 69 70 
31 46 55 57 71 79 
31 46 55 57 71 77 78 
31 46 55 57 71 75 79 
31 46 55 57 71 75 77 78 
31 46 55 57 71 73 74 79 
31 46 55 57 71 73 74 77 78 
31 46 55 57 69 70 79 
31 46 55 57 69 70 77 78 
31 46 55 57 69 70 75 79 
31 46 55 57 69 70 75 77 78 
31 46 55 57 69 70 73 74 79 
31 46 55 57 69 70 73 74 77 78 
31 46 55 56 59 75 
31 46 55 56 59 73 74 
31 46 54 55 59 75 
31 46 54 55 59 73 74 
31 46 52 57 71 
31 46 52 57 69 70 
31 46 52 55 57 71 
31 46 52 55 57 71 75 
31 46 52 55 57 71 73 74 
31 46 52 55 57 69 70 
31 46 52 55 57 69 70 75 
31 46 52 55 57 69 70 73 74 
31 46 48 57 71 
31 46 48 57 69 70 
31 46 48 57 65 71 
31 46 48 57 65 69 70 
31 46 48 56 57 71 
31 46 48 56 57 69 70 
31 46 48 55 57 71 79 
31 46 48 55 57 71 77 78 
31 46 48 55 57 69 70 79 
31 46 48 55 57 69 70 77 78 
31 46 48 55 56 59 
31 46 48 54 55 59 
31 46 48 52 55 57 71 
31 46 48 52 55 57 69 70 
31 44 57 73 79 
31 44 57 73 77 78 
31 44 57 73 75 
31 44 57 73 74 
31 44 57 71 72 79 
31 44 57 71 72 77 78 
31 44 57 71 72 75 
31 44 57 71 72 73 74 
31 44 57 65 73 
31 44 57 65 73 75 
31 44 57 65 73 74 
31 44 57 65 71 72 
31 44 57 65 71 72 75 
31 44 57 65 71 72 73 74 
31 44 57 63 
31 44 57 59 75 
31 44 57 59 73 74 
31 44 57 59 69 75 
31 44 57 59 69 73 74 
31 44 57 59 67 68 75 
31 44 57 59 67 68 73 74 
31 44 57 59 63 69 
31 44 57 59 63 67 68 
31 44 56 57 73 
31 44 56 57 73 75 
31 44 56 57 73 74 
31 44 56 57 71 72 
31 44 56 57 71 72 75 
31 44 56 57 71 72 73 74 
31 44 55 73 
31 44 55 71 72 
31 44 55 59 
31 44 55 59 69 73 
31 44 55 59 69 71 72 
31 44 55 59 67 68 73 
31 44 55 59 67 68 71 72 
31 44 55 57 75 
31 44 55 57 73 79 
31 44 55 57 73 77 78 
31 44 55 57 73 75 79 
31 44 55 57 73 75 77 78 
31 44 55 57 73 74 
31 44 55 57 73 74 79 
31 44 55 57 73 74 77 78 
31 44 55 57 71 72 79 
31 44 55 57 71 72 77 78 
31 44 55 57 71 72 75 79 
31 44 55 57 71 72 75 77 78 
31 44 55 57 71 72 73 74 79 
31 44 55 57 71 72 73 74 77 78 
31 44 55 57 59 
31 44 52 57 73 
31 44 52 57 71 72 
31 44 52 55 57 73 
31 44 52 55 57 73 75 
31 44 52 55 57 73 74 
31 44 52 55 57 71 72 
31 44 52 55 57 71 72 75 
31 44 52 55 57 71 72 73 74 
31 44 48 57 73 
31 44 48 57 71 72 
31 44 48 57 65 73 
31 44 48 57 65 71 72 
31 44 48 57 59 
31 44 48 57 59 69 
31 44 48 57 59 67 68 
31 44 48 56 57 73 
31 44 48 56 57 71 72 
31 44 48 55 57 
31 44 48 55 57 73 79 
31 44 48 55 57 73 77 78 
31 44 48 55 57 71 72 79 
31 44 48 55 57 71 72 77 78 
31 44 48 52 55 57 73 
31 44 48 52 55 57 71 72 
31 44 46 57 79 
31 44 46 57 77 78 
31 44 46 57 75 
31 44 46 57 73 74 
31 44 46 57 65 
31 44 46 57 65 75 
31 44 46 57 65 73 74 
31 44 46 56 57 
31 44 46 56 57 75 
31 44 46 56 57 73 74 
31 44 46 55 
31 44 46 55 59 69 
31 44 46 55 59 67 68 
31 44 46 55 57 79 
31 44 46 55 57 77 78 
31 44 46 55 57 75 79 
31 44 46 55 57 75 77 78 
31 44 46 55 57 73 74 79 
31 44 46 55 57 73 74 77 78 
31 44 46 52 57 
31 44 46 52 55 57 
31 44 46 52 55 57 75 
31 44 46 52 55 57 73 74 
31 44 46 48 57 
31 44 46 48 57 65 
31 44 46 48 56 57 
31 44 46 48 55 57 79 
31 44 46 48 55 57 77 78 
31 44 46 48 52 55 57 
31 42 57 59 71 75 
31 42 57 59 71 73 74 
31 42 57 59 69 70 75 
31 42 57 59 69 70 73 74 
31 42 57 59 63 71 
31 42 57 59 63 69 70 
31 42 55 59 75 
31 42 55 59 73 74 
31 42 55 59 71 73 
31 42 55 59 71 72 
31 42 55 59 69 70 73 
31 42 55 59 69 70 71 72 
31 42 48 57 59 71 
31 42 48 57 59 69 70 
31 42 48 55 59 
31 42 46 55 59 71 
31 42 46 55 59 69 70 
31 42 44 57 59 75 
31 42 44 57 59 73 74 
31 42 44 57 59 63 
31 42 44 55 59 73 
31 42 44 55 59 71 72 
31 42 44 48 57 59 
31 42 44 46 55 59 
29 55 59 73 
29 55 59 71 72 
29 55 59 60 73 75 
29 55 59 60 73 74 
29 55 59 60 71 72 75 
29 55 59 60 71 72 73 74 
29 55 56 57 59 73 75 
29 55 56 57 59 73 74 
29 55 56 57 59 71 72 75 
29 55 56 57 59 71 72 73 74 
29 48 55 59 60 73 
29 48 55 59 60 71 72 
29 48 55 56 57 59 73 
29 48 55 56 57 59 71 72 
29 46 55 59 
29 46 55 59 60 75 
29 46 55 59 60 73 74 
29 46 55 56 57 59 75 
29 46 55 56 57 59 73 74 
29 46 48 55 59 60 
29 46 48 55 56 57 59 
29 33 55 59 73 75 
29 33 55 59 73 74 
29 33 55 59 71 72 75 
29 33 55 59 71 72 73 74 
29 33 48 55 59 73 
29 33 48 55 59 71 72 
29 33 46 55 59 75 
29 33 46 55 59 73 74 
29 33 46 48 55 59 
29 31 55 59 73 75 
29 31 55 59 73 74 
29 31 55 59 71 72 75 
29 31 55 59 71 72 73 74 
29 31 48 55 59 73 
29 31 48 55 59 71 72 
29 31 46 55 59 75 
29 31 46 55 59 73 74 
29 31 46 48 55 59 
23 57 58 71 75 
23 57 58 71 73 
23 57 58 71 73 75 
23 57 58 71 72 
23 57 58 71 72 75 
23 57 58 71 72 73 74 
23 57 58 69 70 75 
23 57 58 69 70 73 
23 57 58 69 70 73 75 
23 57 58 69 70 71 72 
23 57 58 69 70 71 72 75 
23 57 58 69 70 71 72 73 74 
23 57 58 63 71 
23 57 58 63 69 70 
23 57 58 59 71 75 
23 57 58 59 71 73 74 
23 57 58 59 69 70 75 
23 57 58 59 69 70 73 74 
23 56 57 73 75 
23 56 57 73 74 
23 56 57 71 73 
23 56 57 71 73 75 
23 56 57 71 73 74 
23 56 57 71 72 
23 56 57 69 70 73 
23 56 57 69 70 73 75 
23 56 57 69 70 73 74 
23 56 57 69 70 71 72 
23 56 57 69 70 71 72 75 
23 56 57 69 70 71 72 73 74 
23 56 57 63 71 
23 56 57 63 69 70 
23 56 57 59 71 75 
23 56 57 59 71 73 74 
23 56 57 59 69 70 75 
23 56 57 59 69 70 73 74 
23 56 57 58 73 75 
23 56 57 58 73 74 
23 56 57 58 71 75 
23 56 57 58 71 73 74 
23 56 57 58 71 72 75 
23 56 57 58 71 72 73 74 
23 56 57 58 69 70 75 
23 56 57 58 69 70 73 74 
23 55 59 71 73 
23 55 59 71 72 
23 55 59 69 70 73 
23 55 59 69 70 71 72 
23 55 58 71 73 
23 55 58 71 72 
23 55 58 69 70 73 
23 55 58 69 70 71 72 
23 55 58 59 71 73 
23 55 58 59 71 72 
23 55 58 59 69 70 73 
23 55 58 59 69 70 71 72 
23 55 57 71 73 
23 55 57 71 72 
23 55 57 69 70 73 
23 55 57 69 70 71 72 
23 55 57 58 71 73 
23 55 57 58 71 72 
23 55 57 58 69 70 73 
23 55 57 58 69 70 71 72 
23 55 56 58 65 71 73 75 
23 55 56 58 65 71 73 74 
23 55 56 58 65 71 72 75 
23 55 56 58 65 71 72 73 74 
23 55 56 58 65 69 70 73 75 
23 55 56 58 65 69 70 73 74 
23 55 56 58 65 69 70 71 72 75 
23 55 56 58 65 69 70 71 72 73 74 
23 55 56 57 65 71 73 75 
23 55 56 57 65 71 73 74 
23 55 56 57 65 71 72 75 
23 55 56 57 65 71 72 73 74 
23 55 56 57 65 69 70 73 75 
23 55 56 57 65 69 70 73 74 
23 55 56 57 65 69 70 71 72 75 
23 55 56 57 65 69 70 71 72 73 74 
23 55 56 57 59 71 73 
23 55 56 57 59 71 72 
23 55 56 57 59 69 70 73 
23 55 56 57 59 69 70 71 72 
23 54 55 58 65 71 73 75 
23 54 55 58 65 71 73 74 
23 54 55 58 65 71 72 75 
23 54 55 58 65 71 72 73 74 
23 54 55 58 65 69 70 73 75 
23 54 55 58 65 69 70 73 74 
23 54 55 58 65 69 70 71 72 75 
23 54 55 58 65 69 70 71 72 73 74 
23 54 55 57 58 73 75 
23 54 55 57 58 73 74 
23 54 55 57 58 71 75 
23 54 55 57 58 71 73 74 
23 54 55 57 58 71 72 75 
23 54 55 57 58 71 72 73 74 
23 54 55 57 58 69 70 75 
23 54 55 57 58 69 70 73 74 
23 54 55 56 57 73 75 
23 54 55 56 57 73 74 
23 54 55 56 57 71 75 
23 54 55 56 57 71 73 74 
23 54 55 56 57 71 72 75 
23 54 55 56 57 71 72 73 74 
23 54 55 56 57 69 70 75 
23 54 55 56 57 69 70 73 74 
23 54 55 56 57 65 71 73 75 
23 54 55 56 57 65 71 73 74 
23 54 55 56 57 65 71 72 75 
23 54 55 56 57 65 71 72 73 74 
23 54 55 56 57 65 69 70 73 75 
23 54 55 56 57 65 69 70 73 74 
23 54 55 56 57 65 69 70 71 72 75 
23 54 55 56 57 65 69 70 71 72 73 74 
23 48 57 58 71 
23 48 57 58 71 73 
23 48 57 58 71 72 
23 48 57 58 69 70 
23 48 57 58 69 70 73 
23 48 57 58 69 70 71 72 
23 48 57 58 59 71 
23 48 57 58 59 69 70 
23 48 56 57 73 
23 48 56 57 71 73 
23 48 56 57 69 70 73 
23 48 56 57 69 70 71 72 
23 48 56 57 59 71 
23 48 56 57 59 69 70 
23 48 56 57 58 73 
23 48 56 57 58 71 
23 48 56 57 58 71 72 
23 48 56 57 58 69 70 
23 48 55 56 58 65 71 73 
23 48 55 56 58 65 71 72 
23 48 55 56 58 65 69 70 73 
23 48 55 56 58 65 69 70 71 72 
23 48 55 56 57 65 71 73 
23 48 55 56 57 65 71 72 
23 48 55 56 57 65 69 70 73 
23 48 55 56 57 65 69 70 71 72 
23 48 54 55 58 65 71 73 
23 48 54 55 58 65 71 72 
23 48 54 55 58 65 69 70 73 
23 48 54 55 58 65 69 70 71 72 
23 48 54 55 57 58 73 
23 48 54 55 57 58 71 
23 48 54 55 57 58 71 72 
23 48 54 55 57 58 69 70 
23 48 54 55 56 57 73 
23 48 54 55 56 57 71 
23 48 54 55 56 57 71 72 
23 48 54 55 56 57 69 70 
23 48 54 55 56 57 65 71 73 
23 48 54 55 56 57 65 71 72 
23 48 54 55 56 57 65 69 70 73 
23 48 54 55 56 57 65 69 70 71 72 
23 46 57 58 71 
23 46 57 58 71 75 
23 46 57 58 71 73 74 
23 46 57 58 69 70 
23 46 57 58 69 70 75 
23 46 57 58 69 70 73 74 
23 46 56 57 75 
23 46 56 57 73 74 
23 46 56 57 71 
23 46 56 57 71 75 
23 46 56 57 71 73 74 
23 46 56 57 69 70 
23 46 56 57 69 70 75 
23 46 56 57 69 70 73 74 
23 46 56 57 58 75 
23 46 56 57 58 73 74 
23 46 55 59 71 
23 46 55 59 69 70 
23 46 55 58 71 
23 46 55 58 69 70 
23 46 55 58 59 71 
23 46 55 58 59 69 70 
23 46 55 57 71 
23 46 55 57 69 70 
23 46 55 57 58 71 
23 46 55 57 58 69 70 
23 46 55 56 58 65 71 75 
23 46 55 56 58 65 71 73 74 
23 46 55 56 58 65 69 70 75 
23 46 55 56 58 65 69 70 73 74 
23 46 55 56 57 65 71 75 
23 46 55 56 57 65 71 73 74 
23 46 55 56 57 65 69 70 75 
23 46 55 56 57 65 69 70 73 74 
23 46 55 56 57 59 71 
23 46 55 56 57 59 69 70 
23 46 54 55 58 65 71 75 
23 46 54 55 58 65 71 73 74 
23 46 54 55 58 65 69 70 75 
23 46 54 55 58 65 69 70 73 74 
23 46 54 55 57 58 75 
23 46 54 55 57 58 73 74 
23 46 54 55 56 57 75 
23 46 54 55 56 57 73 74 
23 46 54 55 56 57 65 71 75 
23 46 54 55 56 57 65 71 73 74 
23 46 54 55 56 57 65 69 70 75 
23 46 54 55 56 57 65 69 70 73 74 
23 46 48 57 58 71 
23 46 48 57 58 69 70 
23 46 48 56 57 
23 46 48 56 57 71 
23 46 48 56 57 69 70 
23 46 48 56 57 58 
23 46 48 55 56 58 65 71 
23 46 48 55 56 58 65 69 70 
23 46 48 55 56 57 65 71 
23 46 48 55 56 57 65 69 70 
23 46 48 54 55 58 65 71 
23 46 48 54 55 58 65 69 70 
23 46 48 54 55 57 58 
23 46 48 54 55 56 57 
23 46 48 54 55 56 57 65 71 
23 46 48 54 55 56 57 65 69 70 
23 44 57 58 75 
23 44 57 58 73 
23 44 57 58 73 75 
23 44 57 58 71 72 
23 44 57 58 71 72 75 
23 44 57 58 71 72 73 74 
23 44 57 58 63 
23 44 57 58 59 75 
23 44 57 58 59 73 74 
23 44 56 57 73 
23 44 56 57 73 75 
23 44 56 57 73 74 
23 44 56 57 71 72 
23 44 56 57 71 72 75 
23 44 56 57 71 72 73 74 
23 44 56 57 63 
23 44 56 57 59 75 
23 44 56 57 59 73 74 
23 44 56 57 58 75 
23 44 56 57 58 73 74 
23 44 55 59 73 
23 44 55 59 71 72 
23 44 55 58 73 
23 44 55 58 71 72 
23 44 55 58 59 73 
23 44 55 58 59 71 72 
23 44 55 57 73 
23 44 55 57 71 72 
23 44 55 57 58 73 
23 44 55 57 58 71 72 
23 44 55 56 58 65 73 75 
23 44 55 56 58 65 73 74 
23 44 55 56 58 65 71 72 75 
23 44 55 56 58 65 71 72 73 74 
23 44 55 56 57 65 73 75 
23 44 55 56 57 65 73 74 
23 44 55 56 57 65 71 72 75 
23 44 55 56 57 65 71 72 73 74 
23 44 55 56 57 59 73 
23 44 55 56 57 59 71 72 
23 44 54 55 58 65 73 75 
23 44 54 55 58 65 73 74 
23 44 54 55 58 65 71 72 75 
23 44 54 55 58 65 71 72 73 74 
23 44 54 55 57 58 75 
23 44 54 55 57 58 73 74 
23 44 54 55 56 57 75 
23 44 54 55 56 57 73 74 
23 44 54 55 56 57 65 73 75 
23 44 54 55 56 57 65 73 74 
23 44 54 55 56 57 65 71 72 75 
23 44 54 55 56 57 65 71 72 73 74 
23 44 48 57 58 
23 44 48 57 58 73 
23 44 48 57 58 71 72 
23 44 48 57 58 59 
23 44 48 56 57 73 
23 44 48 56 57 71 72 
23 44 48 56 57 59 
23 44 48 56 57 58 
23 44 48 55 56 58 65 73 
23 44 48 55 56 58 65 71 72 
23 44 48 55 56 57 65 73 
23 44 48 55 56 57 65 71 72 
23 44 48 54 55 58 65 73 
23 44 48 54 55 58 65 71 72 
23 44 48 54 55 57 58 
23 44 48 54 55 56 57 
23 44 48 54 55 56 57 65 73 
23 44 48 54 55 56 57 65 71 72 
23 44 46 57 58 
23 44 46 57 58 75 
23 44 46 57 58 73 74 
23 44 46 56 57 
23 44 46 56 57 75 
23 44 46 56 57 73 74 
23 44 46 55 59 
23 44 46 55 58 
23 44 46 55 58 59 
23 44 46 55 57 
23 44 46 55 57 58 
23 44 46 55 56 58 65 75 
23 44 46 55 56 58 65 73 74 
23 44 46 55 56 57 65 75 
23 44 46 55 56 57 65 73 74 
23 44 46 55 56 57 59 
23 44 46 54 55 58 65 75 
23 44 46 54 55 58 65 73 74 
23 44 46 54 55 56 57 65 75 
23 44 46 54 55 56 57 65 73 74 
23 44 46 48 57 58 
23 44 46 48 56 57 
23 44 46 48 55 56 58 65 
23 44 46 48 55 56 57 65 
23 44 46 48 54 55 58 65 
23 44 46 48 54 55 56 57 65 
23 31 57 71 75 
23 31 57 71 73 
23 31 57 71 73 75 
23 31 57 71 72 
23 31 57 71 72 75 
23 31 57 71 72 73 74 
23 31 57 69 70 75 
23 31 57 69 70 73 
23 31 57 69 70 73 75 
23 31 57 69 70 71 72 
23 31 57 69 70 71 72 75 
23 31 57 69 70 71 72 73 74 
23 31 57 63 71 
23 31 57 63 69 70 
23 31 57 59 71 75 
23 31 57 59 71 73 74 
23 31 57 59 69 70 75 
23 31 57 59 69 70 73 74 
23 31 56 57 73 75 
23 31 56 57 73 74 
23 31 56 57 71 75 
23 31 56 57 71 73 74 
23 31 56 57 71 72 75 
23 31 56 57 71 72 73 74 
23 31 56 57 69 70 75 
23 31 56 57 69 70 73 74 
23 31 55 71 73 
23 31 55 71 72 
23 31 55 69 70 73 
23 31 55 69 70 71 72 
23 31 55 59 71 73 
23 31 55 59 71 72 
23 31 55 59 69 70 73 
23 31 55 59 69 70 71 72 
23 31 55 57 71 73 
23 31 55 57 71 72 
23 31 55 57 69 70 73 
23 31 55 57 69 70 71 72 
23 31 55 56 65 71 73 75 
23 31 55 56 65 71 73 74 
23 31 55 56 65 71 72 75 
23 31 55 56 65 71 72 73 74 
23 31 55 56 65 69 70 73 75 
23 31 55 56 65 69 70 73 74 
23 31 55 56 65 69 70 71 72 75 
23 31 55 56 65 69 70 71 72 73 74 
23 31 54 55 65 71 73 75 
23 31 54 55 65 71 73 74 
23 31 54 55 65 71 72 75 
23 31 54 55 65 71 72 73 74 
23 31 54 55 65 69 70 73 75 
23 31 54 55 65 69 70 73 74 
23 31 54 55 65 69 70 71 72 75 
23 31 54 55 65 69 70 71 72 73 74 
23 31 54 55 57 73 75 
23 31 54 55 57 73 74 
23 31 54 55 57 71 75 
23 31 54 55 57 71 73 74 
23 31 54 55 57 71 72 75 
23 31 54 55 57 71 72 73 74 
23 31 54 55 57 69 70 75 
23 31 54 55 57 69 70 73 74 
23 31 48 57 71 
23 31 48 57 71 73 
23 31 48 57 71 72 
23 31 48 57 69 70 
23 31 48 57 69 70 73 
23 31 48 57 69 70 71 72 
23 31 48 57 59 71 
23 31 48 57 59 69 70 
23 31 48 56 57 73 
23 31 48 56 57 71 
23 31 48 56 57 71 72 
23 31 48 56 57 69 70 
23 31 48 55 56 65 71 73 
23 31 48 55 56 65 71 72 
23 31 48 55 56 65 69 70 73 
23 31 48 55 56 65 69 70 71 72 
23 31 48 54 55 65 71 73 
23 31 48 54 55 65 71 72 
23 31 48 54 55 65 69 70 73 
23 31 48 54 55 65 69 70 71 72 
23 31 48 54 55 57 73 
23 31 48 54 55 57 71 
23 31 48 54 55 57 71 72 
23 31 48 54 55 57 69 70 
23 31 46 57 71 
23 31 46 57 71 75 
23 31 46 57 71 73 74 
23 31 46 57 69 70 
23 31 46 57 69 70 75 
23 31 46 57 69 70 73 74 
23 31 46 56 57 75 
23 31 46 56 57 73 74 
23 31 46 55 71 
23 31 46 55 69 70 
23 31 46 55 59 71 
23 31 46 55 59 69 70 
23 31 46 55 57 71 
23 31 46 55 57 69 70 
23 31 46 55 56 65 71 75 
23 31 46 55 56 65 71 73 74 
23 31 46 55 56 65 69 70 75 
23 31 46 55 56 65 69 70 73 74 
23 31 46 54 55 65 71 75 
23 31 46 54 55 65 71 73 74 
23 31 46 54 55 65 69 70 75 
23 31 46 54 55 65 69 70 73 74 
23 31 46 54 55 57 75 
23 31 46 54 55 57 73 74 
23 31 46 48 57 71 
23 31 46 48 57 69 70 
23 31 46 48 56 57 
23 31 46 48 55 56 65 71 
23 31 46 48 55 56 65 69 70 
23 31 46 48 54 55 65 71 
23 31 46 48 54 55 65 69 70 
23 31 46 48 54 55 57 
23 31 44 57 75 
23 31 44 57 73 
23 31 44 57 73 75 
23 31 44 57 71 72 
23 31 44 57 71 72 75 
23 31 44 57 71 72 73 74 
23 31 44 57 63 
23 31 44 57 59 75 
23 31 44 57 59 73 74 
23 31 44 56 57 75 
23 31 44 56 57 73 74 
23 31 44 55 73 
23 31 44 55 71 72 
23 31 44 55 59 73 
23 31 44 55 59 71 72 
23 31 44 55 57 73 
23 31 44 55 57 71 72 
23 31 44 55 56 65 73 75 
23 31 44 55 56 65 73 74 
23 31 44 55 56 65 71 72 75 
23 31 44 55 56 65 71 72 73 74 
23 31 44 54 55 65 73 75 
23 31 44 54 55 65 73 74 
23 31 44 54 55 65 71 72 75 
23 31 44 54 55 65 71 72 73 74 
23 31 44 54 55 57 75 
23 31 44 54 55 57 73 74 
23 31 44 48 57 
23 31 44 48 57 73 
23 31 44 48 57 71 72 
23 31 44 48 57 59 
23 31 44 48 56 57 
23 31 44 48 55 56 65 73 
23 31 44 48 55 56 65 71 72 
23 31 44 48 54 55 65 73 
23 31 44 48 54 55 65 71 72 
23 31 44 48 54 55 57 
23 31 44 46 57 
23 31 44 46 57 75 
23 31 44 46 57 73 74 
23 31 44 46 55 
23 31 44 46 55 59 
23 31 44 46 55 57 
23 31 44 46 55 56 65 75 
23 31 44 46 55 56 65 73 74 
23 31 44 46 54 55 65 75 
23 31 44 46 54 55 65 73 74 
23 31 44 46 48 57 
23 31 44 46 48 55 56 65 
23 31 44 46 48 54 55 65 
23 29 57 58 73 75 
23 29 57 58 73 74 
23 29 57 58 71 75 
23 29 57 58 71 73 74 
23 29 57 58 71 72 75 
23 29 57 58 71 72 73 74 
23 29 57 58 69 70 75 
23 29 57 58 69 70 73 74 
23 29 56 57 73 75 
23 29 56 57 73 74 
23 29 56 57 71 75 
23 29 56 57 71 73 74 
23 29 56 57 71 72 75 
23 29 56 57 71 72 73 74 
23 29 56 57 69 70 75 
23 29 56 57 69 70 73 74 
23 29 55 58 65 71 73 75 
23 29 55 58 65 71 73 74 
23 29 55 58 65 71 72 75 
23 29 55 58 65 71 72 73 74 
23 29 55 58 65 69 70 73 75 
23 29 55 58 65 69 70 73 74 
23 29 55 58 65 69 70 71 72 75 
23 29 55 58 65 69 70 71 72 73 74 
23 29 55 56 57 65 71 73 75 
23 29 55 56 57 65 71 73 74 
23 29 55 56 57 65 71 72 75 
23 29 55 56 57 65 71 72 73 74 
23 29 55 56 57 65 69 70 73 75 
23 29 55 56 57 65 69 70 73 74 
23 29 55 56 57 65 69 70 71 72 75 
23 29 55 56 57 65 69 70 71 72 73 74 
23 29 48 57 58 73 
23 29 48 57 58 71 
23 29 48 57 58 71 72 
23 29 48 57 58 69 70 
23 29 48 56 57 73 
23 29 48 56 57 71 
23 29 48 56 57 71 72 
23 29 48 56 57 69 70 
23 29 48 55 58 65 71 73 
23 29 48 55 58 65 71 72 
23 29 48 55 58 65 69 70 73 
23 29 48 55 58 65 69 70 71 72 
23 29 48 55 56 57 65 71 73 
23 29 48 55 56 57 65 71 72 
23 29 48 55 56 57 65 69 70 73 
23 29 48 55 56 57 65 69 70 71 72 
23 29 46 57 58 75 
23 29 46 57 58 73 74 
23 29 46 56 57 75 
23 29 46 56 57 73 74 
23 29 46 55 58 65 71 75 
23 29 46 55 58 65 71 73 74 
23 29 46 55 58 65 69 70 75 
23 29 46 55 58 65 69 70 73 74 
23 29 46 55 56 57 65 71 75 
23 29 46 55 56 57 65 71 73 74 
23 29 46 55 56 57 65 69 70 75 
23 29 46 55 56 57 65 69 70 73 74 
23 29 46 48 57 58 
23 29 46 48 56 57 
23 29 46 48 55 58 65 71 
23 29 46 48 55 58 65 69 70 
23 29 46 48 55 56 57 65 71 
23 29 46 48 55 56 57 65 69 70 
23 29 44 57 58 75 
23 29 44 57 58 73 74 
23 29 44 56 57 75 
23 29 44 56 57 73 74 
23 29 44 55 58 65 73 75 
23 29 44 55 58 65 73 74 
23 29 44 55 58 65 71 72 75 
23 29 44 55 58 65 71 72 73 74 
23 29 44 55 56 57 65 73 75 
23 29 44 55 56 57 65 73 74 
23 29 44 55 56 57 65 71 72 75 
23 29 44 55 56 57 65 71 72 73 74 
23 29 44 48 57 58 
23 29 44 48 56 57 
23 29 44 48 55 58 65 73 
23 29 44 48 55 58 65 71 72 
23 29 44 48 55 56 57 65 73 
23 29 44 48 55 56 57 65 71 72 
23 29 44 46 55 58 65 75 
23 29 44 46 55 58 65 73 74 
23 29 44 46 55 56 57 65 75 
23 29 44 46 55 56 57 65 73 74 
23 29 44 46 48 55 58 65 
23 29 44 46 48 55 56 57 65 
23 29 31 57 73 75 
23 29 31 57 73 74 
23 29 31 57 71 75 
23 29 31 57 71 73 74 
23 29 31 57 71 72 75 
23 29 31 57 71 72 73 74 
23 29 31 57 69 70 75 
23 29 31 57 69 70 73 74 
23 29 31 55 65 71 73 75 
23 29 31 55 65 71 73 74 
23 29 31 55 65 71 72 75 
23 29 31 55 65 71 72 73 74 
23 29 31 55 65 69 70 73 75 
23 29 31 55 65 69 70 73 74 
23 29 31 55 65 69 70 71 72 75 
23 29 31 55 65 69 70 71 72 73 74 
23 29 31 48 57 73 
23 29 31 48 57 71 
23 29 31 48 57 71 72 
23 29 31 48 57 69 70 
23 29 31 48 55 65 71 73 
23 29 31 48 55 65 71 72 
23 29 31 48 55 65 69 70 73 
23 29 31 48 55 65 69 70 71 72 
23 29 31 46 57 75 
23 29 31 46 57 73 74 
23 29 31 46 55 65 71 75 
23 29 31 46 55 65 71 73 74 
23 29 31 46 55 65 69 70 75 
23 29 31 46 55 65 69 70 73 74 
23 29 31 46 48 57 
23 29 31 46 48 55 65 71 
23 29 31 46 48 55 65 69 70 
23 29 31 44 57 75 
23 29 31 44 57 73 74 
23 29 31 44 55 65 73 75 
23 29 31 44 55 65 73 74 
23 29 31 44 55 65 71 72 75 
23 29 31 44 55 65 71 72 73 74 
23 29 31 44 48 57 
23 29 31 44 48 55 65 73 
23 29 31 44 48 55 65 71 72 
23 29 31 44 46 55 65 75 
23 29 31 44 46 55 65 73 74 
23 29 31 44 46 48 55 65 
14 57 58 71 73 
14 57 58 71 73 75 
14 57 58 71 73 74 
14 57 58 71 72 
14 57 58 71 72 75 
14 57 58 71 72 73 74 
14 57 58 69 70 73 
14 57 58 69 70 73 75 
14 57 58 69 70 73 74 
14 57 58 69 70 71 72 
14 57 58 69 70 71 72 75 
14 57 58 69 70 71 72 73 74 
14 56 57 71 73 
14 56 57 71 73 75 
14 56 57 71 73 74 
14 56 57 71 72 
14 56 57 71 72 75 
14 56 57 71 72 73 74 
14 56 57 69 70 73 
14 56 57 69 70 73 75 
14 56 57 69 70 73 74 
14 56 57 69 70 71 72 
14 56 57 69 70 71 72 75 
14 56 57 69 70 71 72 73 74 
14 48 57 58 71 73 
14 48 57 58 71 72 
14 48 57 58 69 70 73 
14 48 57 58 69 70 71 72 
14 48 56 57 71 73 
14 48 56 57 71 72 
14 48 56 57 69 70 73 
14 48 56 57 69 70 71 72 
14 46 57 58 71 
14 46 57 58 71 75 
14 46 57 58 71 73 74 
14 46 57 58 69 70 
14 46 57 58 69 70 75 
14 46 57 58 69 70 73 74 
14 46 56 57 71 
14 46 56 57 71 75 
14 46 56 57 71 73 74 
14 46 56 57 69 70 
14 46 56 57 69 70 75 
14 46 56 57 69 70 73 74 
14 46 48 57 58 71 
14 46 48 57 58 69 70 
14 46 48 56 57 71 
14 46 48 56 57 69 70 
14 44 57 58 73 
14 44 57 58 73 75 
14 44 57 58 73 74 
14 44 57 58 71 72 
14 44 57 58 71 72 75 
14 44 57 58 71 72 73 74 
14 44 56 57 73 
14 44 56 57 73 75 
14 44 56 57 73 74 
14 44 56 57 71 72 
14 44 56 57 71 72 75 
14 44 56 57 71 72 73 74 
14 44 48 57 58 73 
14 44 48 57 58 71 72 
14 44 48 56 57 73 
14 44 48 56 57 71 72 
14 44 46 57 58 
14 44 46 57 58 75 
14 44 46 57 58 73 74 
14 44 46 56 57 
14 44 46 56 57 75 
14 44 46 56 57 73 74 
14 44 46 48 57 58 
14 44 46 48 56 57 
14 31 57 71 73 
14 31 57 71 73 75 
14 31 57 71 73 74 
14 31 57 71 72 
14 31 57 71 72 75 
14 31 57 71 72 73 74 
14 31 57 69 70 73 
14 31 57 69 70 73 75 
14 31 57 69 70 73 74 
14 31 57 69 70 71 72 
14 31 57 69 70 71 72 75 
14 31 57 69 70 71 72 73 74 
14 31 48 57 71 73 
14 31 48 57 71 72 
14 31 48 57 69 70 73 
14 31 48 57 69 70 71 72 
14 31 46 57 71 
14 31 46 57 71 75 
14 31 46 57 71 73 74 
14 31 46 57 69 70 
14 31 46 57 69 70 75 
14 31 46 57 69 70 73 74 
14 31 46 48 57 71 
14 31 46 48 57 69 70 
14 31 44 57 73 
14 31 44 57 73 75 
14 31 44 57 73 74 
14 31 44 57 71 72 
14 31 44 57 71 72 75 
14 31 44 57 71 72 73 74 
14 31 44 48 57 73 
14 31 44 48 57 71 72 
14 31 44 46 57 
14 31 44 46 57 75 
14 31 44 46 57 73 74 
14 31 44 46 48 57 
12 13 57 58 71 73 
12 13 57 58 71 73 75 
12 13 57 58 71 73 74 
12 13 57 58 71 72 
12 13 57 58 71 72 75 
12 13 57 58 71 72 73 74 
12 13 57 58 69 70 73 
12 13 57 58 69 70 73 75 
12 13 57 58 69 70 73 74 
12 13 57 58 69 70 71 72 
12 13 57 58 69 70 71 72 75 
12 13 57 58 69 70 71 72 73 74 
12 13 56 57 71 73 
12 13 56 57 71 73 75 
12 13 56 57 71 73 74 
12 13 56 57 71 72 
12 13 56 57 71 72 75 
12 13 56 57 71 72 73 74 
12 13 56 57 69 70 73 
12 13 56 57 69 70 73 75 
12 13 56 57 69 70 73 74 
12 13 56 57 69 70 71 72 
12 13 56 57 69 70 71 72 75 
12 13 56 57 69 70 71 72 73 74 
12 13 48 57 58 71 73 
12 13 48 57 58 71 72 
12 13 48 57 58 69 70 73 
12 13 48 57 58 69 70 71 72 
12 13 48 56 57 71 73 
12 13 48 56 57 71 72 
12 13 48 56 57 69 70 73 
12 13 48 56 57 69 70 71 72 
12 13 46 57 58 71 
12 13 46 57 58 71 75 
12 13 46 57 58 71 73 74 
12 13 46 57 58 69 70 
12 13 46 57 58 69 70 75 
12 13 46 57 58 69 70 73 74 
12 13 46 56 57 71 
12 13 46 56 57 71 75 
12 13 46 56 57 71 73 74 
12 13 46 56 57 69 70 
12 13 46 56 57 69 70 75 
12 13 46 56 57 69 70 73 74 
12 13 46 48 57 58 71 
12 13 46 48 57 58 69 70 
12 13 46 48 56 57 71 
12 13 46 48 56 57 69 70 
12 13 44 57 58 73 
12 13 44 57 58 73 75 
12 13 44 57 58 73 74 
12 13 44 57 58 71 72 
12 13 44 57 58 71 72 75 
12 13 44 57 58 71 72 73 74 
12 13 44 56 57 73 
12 13 44 56 57 73 75 
12 13 44 56 57 73 74 
12 13 44 56 57 71 72 
12 13 44 56 57 71 72 75 
12 13 44 56 57 71 72 73 74 
12 13 44 48 57 58 73 
12 13 44 48 57 58 71 72 
12 13 44 48 56 57 73 
12 13 44 48 56 57 71 72 
12 13 44 46 57 58 
12 13 44 46 57 58 75 
12 13 44 46 57 58 73 74 
12 13 44 46 56 57 
12 13 44 46 56 57 75 
12 13 44 46 56 57 73 74 
12 13 44 46 48 57 58 
12 13 44 46 48 56 57 
12 13 31 57 71 73 
12 13 31 57 71 73 75 
12 13 31 57 71 73 74 
12 13 31 57 71 72 
12 13 31 57 71 72 75 
12 13 31 57 71 72 73 74 
12 13 31 57 69 70 73 
12 13 31 57 69 70 73 75 
12 13 31 57 69 70 73 74 
12 13 31 57 69 70 71 72 
12 13 31 57 69 70 71 72 75 
12 13 31 57 69 70 71 72 73 74 
12 13 31 48 57 71 73 
12 13 31 48 57 71 72 
12 13 31 48 57 69 70 73 
12 13 31 48 57 69 70 71 72 
12 13 31 46 57 71 
12 13 31 46 57 71 75 
12 13 31 46 57 71 73 74 
12 13 31 46 57 69 70 
12 13 31 46 57 69 70 75 
12 13 31 46 57 69 70 73 74 
12 13 31 46 48 57 71 
12 13 31 46 48 57 69 70 
12 13 31 44 57 73 
12 13 31 44 57 73 75 
12 13 31 44 57 73 74 
12 13 31 44 57 71 72 
12 13 31 44 57 71 72 75 
12 13 31 44 57 71 72 73 74 
12 13 31 44 48 57 73 
12 13 31 44 48 57 71 72 
12 13 31 44 46 57 
12 13 31 44 46 57 75 
12 13 31 44 46 57 73 74 
12 13 31 44 46 48 57 
