77 78 79 
65 78 79 
62 78 79 
60 67 78 79 
60 65 66 78 79 
60 61 78 79 
59 67 78 79 
59 67 69 79 
59 67 69 77 78 
59 67 68 79 
59 67 68 77 78 
59 65 66 78 79 
59 65 66 69 79 
59 65 66 69 77 78 
59 65 66 67 68 79 
59 65 66 67 68 77 78 
58 59 67 78 79 
58 59 65 66 78 79 
57 67 69 78 79 
57 67 68 78 79 
57 65 79 
57 65 77 78 
57 65 66 69 78 79 
57 65 66 67 68 78 79 
57 59 65 69 79 
57 59 65 69 77 78 
57 59 65 67 68 79 
57 59 65 67 68 77 78 
57 59 63 64 69 79 
57 59 63 64 69 77 78 
57 59 63 64 67 68 79 
57 59 63 64 67 68 77 78 
55 
54 57 59 65 79 
54 57 59 65 77 78 
54 57 59 63 64 79 
54 57 59 63 64 77 78 
53 79 
53 78 79 
53 77 78 
53 65 
53 62 
53 60 67 
53 60 65 66 
53 60 61 
53 59 67 
53 59 65 66 
53 58 59 67 
53 58 59 65 66 
53 57 67 69 
53 57 67 68 
53 57 65 66 69 
53 57 65 66 67 68 
52 78 79 
52 59 67 69 
52 59 67 68 
52 59 65 66 69 
52 59 65 66 67 68 
52 57 65 
52 57 59 65 69 
52 57 59 65 67 68 
52 57 59 63 64 69 
52 57 59 63 64 67 68 
52 54 57 59 65 
52 54 57 59 63 64 
52 53 
52 53 57 59 65 
52 53 57 59 65 79 
52 53 57 59 65 77 78 
52 53 57 59 63 64 
52 53 57 59 63 64 79 
52 53 57 59 63 64 77 78 
51 67 78 79 
51 65 66 78 79 
51 53 67 
51 53 65 66 
51 52 78 79 
51 52 53 
49 50 67 78 79 
49 50 65 66 78 79 
49 50 53 67 
49 50 53 65 66 
42 59 67 79 
42 59 67 77 78 
42 59 65 66 79 
42 59 65 66 77 78 
42 57 67 78 79 
42 57 65 66 78 79 
42 57 59 65 79 
42 57 59 65 77 78 
42 57 59 63 64 79 
42 57 59 63 64 77 78 
42 53 57 67 
42 53 57 65 66 
42 52 59 67 
42 52 59 65 66 
42 52 57 59 65 
42 52 57 59 63 64 
40 60 78 79 
40 59 78 79 
40 59 69 79 
40 59 69 77 78 
40 59 67 68 79 
40 59 67 68 77 78 
40 58 59 78 79 
40 57 69 78 79 
40 57 67 68 78 79 
40 53 60 
40 53 59 
40 53 58 59 
40 53 57 69 
40 53 57 67 68 
40 52 59 69 
40 52 59 67 68 
40 51 78 79 
40 51 53 
40 49 50 78 79 
40 49 50 53 
40 42 59 79 
40 42 59 77 78 
40 42 57 78 79 
40 42 53 57 
40 42 52 59 
38 57 59 69 79 
38 57 59 69 77 78 
38 57 59 67 68 79 
38 57 59 67 68 77 78 
38 54 57 59 79 
38 54 57 59 77 78 
38 52 57 59 69 
38 52 57 59 67 68 
38 52 54 57 59 
38 52 53 57 59 
38 52 53 57 59 79 
38 52 53 57 59 77 78 
38 42 57 59 79 
38 42 57 59 77 78 
38 42 52 57 59 
33 77 78 79 
33 67 78 79 
33 65 78 79 
33 65 66 78 79 
33 53 
33 53 79 
33 53 77 78 
33 53 67 
33 53 65 
33 53 65 66 
33 52 78 79 
33 52 53 
33 40 78 79 
33 40 53 
27 57 59 65 79 
27 57 59 65 77 78 
27 57 59 63 64 79 
27 57 59 63 64 77 78 
27 52 57 59 65 
27 52 57 59 63 64 
27 38 57 59 79 
27 38 57 59 77 78 
27 38 52 57 59 
26 78 79 
26 53 
24 67 78 79 
24 65 66 78 79 
24 53 67 
24 53 65 66 
24 40 78 79 
24 40 53 
