68 
57 58 71 75 
57 58 71 73 74 
57 58 69 70 75 
57 58 69 70 73 74 
56 57 71 75 
56 57 71 73 74 
56 57 69 70 75 
56 57 69 70 73 74 
48 57 58 71 
48 57 58 69 70 
48 56 57 71 
48 56 57 69 70 
44 57 58 75 
44 57 58 73 74 
44 56 57 75 
44 56 57 73 74 
44 48 57 58 
44 48 56 57 
41 57 58 71 73 
41 57 58 71 72 
41 57 58 69 70 73 
41 57 58 69 70 71 72 
41 56 57 71 73 
41 56 57 71 72 
41 56 57 69 70 73 
41 56 57 69 70 71 72 
41 46 57 58 71 
41 46 57 58 69 70 
41 46 56 57 71 
41 46 56 57 69 70 
41 44 57 58 73 
41 44 57 58 71 72 
41 44 56 57 73 
41 44 56 57 71 72 
41 44 46 57 58 
41 44 46 56 57 
39 40 57 58 71 73 
39 40 57 58 71 72 
39 40 57 58 69 70 73 
39 40 57 58 69 70 71 72 
39 40 56 57 71 73 
39 40 56 57 71 72 
39 40 56 57 69 70 73 
39 40 56 57 69 70 71 72 
39 40 46 57 58 71 
39 40 46 57 58 69 70 
39 40 46 56 57 71 
39 40 46 56 57 69 70 
39 40 44 57 58 73 
39 40 44 57 58 71 72 
39 40 44 56 57 73 
39 40 44 56 57 71 72 
39 40 44 46 57 58 
39 40 44 46 56 57 
31 57 71 75 
31 57 71 73 74 
31 57 69 70 75 
31 57 69 70 73 74 
31 48 57 71 
31 48 57 69 70 
31 44 57 75 
31 44 57 73 74 
31 44 48 57 
31 41 57 71 73 
31 41 57 71 72 
31 41 57 69 70 73 
31 41 57 69 70 71 72 
31 41 46 57 71 
31 41 46 57 69 70 
31 41 44 57 73 
31 41 44 57 71 72 
31 41 44 46 57 
31 39 40 57 71 73 
31 39 40 57 71 72 
31 39 40 57 69 70 73 
31 39 40 57 69 70 71 72 
31 39 40 46 57 71 
31 39 40 46 57 69 70 
31 39 40 44 57 73 
31 39 40 44 57 71 72 
31 39 40 44 46 57 
14 57 58 71 73 
14 57 58 71 72 
14 57 58 69 70 73 
14 57 58 69 70 71 72 
14 56 57 71 73 
14 56 57 71 72 
14 56 57 69 70 73 
14 56 57 69 70 71 72 
14 46 57 58 71 
14 46 57 58 69 70 
14 46 56 57 71 
14 46 56 57 69 70 
14 44 57 58 73 
14 44 57 58 71 72 
14 44 56 57 73 
14 44 56 57 71 72 
14 44 46 57 58 
14 44 46 56 57 
14 31 57 71 73 
14 31 57 71 72 
14 31 57 69 70 73 
14 31 57 69 70 71 72 
14 31 46 57 71 
14 31 46 57 69 70 
14 31 44 57 73 
14 31 44 57 71 72 
14 31 44 46 57 
