71
69
69 70
68
67
67 71 79
67 71 77 78
67 69 78 79
67 69 77 78 79
67 69 70 79
67 69 70 77 78
67 68 78 79
67 68 77 78 79
66
66 67 69
66 67 68
65
65 79
65 77 78
65 67 71
65 67 69 70
65 66
65 66 71
65 66 71 79
65 66 71 77 78
65 66 69
65 66 69 78 79
65 66 69 77 78 79
65 66 69 70
65 66 69 70 79
65 66 69 70 77 78
65 66 67 68
65 66 67 68 78 79
65 66 67 68 77 78 79
64 65 67 69
64 65 67 68
64 65 66 69
64 65 66 67 68
63 64 79
63 64 77 78
63 64 65
62 67
62 65 66
60 67
60 65 66
60 61 67
60 61 65 66
59 67
59 65
59 65 66
59 64
59 63
59 63 64
59 62 67
59 62 65 66
59 60 61 67
59 60 61 65 66
58 59 67
58 59 65 66
57 78 79
57 67
57 65 66
57 63
54
54 67 69
54 67 68
54 65 66 69
54 65 66 67 68
53 67
53 67 69 79
53 67 69 77 78
53 67 68 79
53 67 68 77 78
53 65 66
53 65 66 69 79
53 65 66 69 77 78
53 65 66 67 68 79
53 65 66 67 68 77 78
53 59 67
53 59 65 66
53 57
52 67 71
52 67 69
52 67 69 78 79
52 67 69 70
52 67 68
52 67 68 78 79
52 65
52 65 66 71
52 65 66 69
52 65 66 69 78 79
52 65 66 69 70
52 65 66 67 68
52 65 66 67 68 78 79
52 63 64
52 53 67 69
52 53 67 68
52 53 65 66 69
52 53 65 66 67 68
51
51 67
51 65 66
51 52 67
51 52 65 66
51 52 59 67
51 52 59 65 66
50 51 67 69
50 51 67 68
50 51 65 66 69
50 51 65 66 67 68
49 50 67
49 50 65 66
45 67 69
45 67 68
45 65 66 69
45 65 66 67 68
44
44 67 79
44 67 77 78
44 65 67
44 65 66
44 65 66 79
44 65 66 77 78
44 52 67
44 52 65 66
43 67 69
43 67 68
43 65 66 69
43 65 66 67 68
42
42 67 78 79
42 67 77 78 79
42 66 67
42 65 66
42 65 66 78 79
42 65 66 77 78 79
42 64 65 67
42 64 65 66
42 54 67
42 54 65 66
42 53 67 79
42 53 67 77 78
42 53 65 66 79
42 53 65 66 77 78
42 52 67
42 52 67 78 79
42 52 65 66
42 52 65 66 78 79
42 52 53 67
42 52 53 65 66
42 50 51 67
42 50 51 65 66
42 45 67
42 45 65 66
42 43 67
42 43 65 66
41 42 67
41 42 67 69
41 42 67 68
41 42 65 66
41 42 65 66 69
41 42 65 66 67 68
40
40 71 79
40 71 77 78
40 69 78 79
40 69 77 78 79
40 69 70 79
40 69 70 77 78
40 67 68 78 79
40 67 68 77 78 79
40 66 69
40 66 67 68
40 65 71
40 65 69 70
40 64 65 69
40 64 65 67 68
40 62
40 60
40 60 61
40 59
40 59 62
40 59 60 61
40 58 59
40 57
40 54 69
40 54 67 68
40 53
40 53 69 79
40 53 69 77 78
40 53 67 68 79
40 53 67 68 77 78
40 53 59
40 52 71
40 52 69
40 52 69 78 79
40 52 69 70
40 52 67 68
40 52 67 68 78 79
40 52 53 69
40 52 53 67 68
40 51
40 51 52
40 51 52 59
40 50 51 69
40 50 51 67 68
40 49 50
40 45 69
40 45 67 68
40 44 79
40 44 77 78
40 44 65
40 44 52
40 43 69
40 43 67 68
40 42 78 79
40 42 77 78 79
40 42 66
40 42 64 65
40 42 54
40 42 53 79
40 42 53 77 78
40 42 52
40 42 52 78 79
40 42 52 53
40 42 50 51
40 42 45
40 42 43
40 41
40 41 42
40 41 42 69
40 41 42 67 68
39 67 69
39 67 68
39 65 66 69
39 65 66 67 68
39 42 67
39 42 65 66
39 40 69
39 40 67 68
39 40 42
38 79
38 77 78
38 65
38 52
35 59 68
35 59 67
35 59 65 66
35 40 59
33
33 71
33 69 70
33 67
33 67 71
33 67 71 79
33 67 71 77 78
33 67 69 70
33 67 69 70 79
33 67 69 70 77 78
33 65 67 71
33 65 67 69 70
33 65 66
33 65 66 71 79
33 65 66 71 77 78
33 65 66 69 70 79
33 65 66 69 70 77 78
33 52 67 71
33 52 67 69 70
33 52 65 66 71
33 52 65 66 69 70
33 44
33 44 67
33 44 67 79
33 44 67 77 78
33 44 65 67
33 44 65 66 79
33 44 65 66 77 78
33 44 52 67
33 44 52 65 66
33 40
33 40 71
33 40 71 79
33 40 71 77 78
33 40 69 70
33 40 69 70 79
33 40 69 70 77 78
33 40 65 71
33 40 65 69 70
33 40 52 71
33 40 52 69 70
33 40 44
33 40 44 79
33 40 44 77 78
33 40 44 65
33 40 44 52
32 67 69
32 67 68
32 65 66 69
32 65 66 67 68
32 42 67
32 42 65 66
32 40 69
32 40 67 68
32 40 42
31 57
31 57 67
31 57 65 66 67
31 57 63 65 66
31 57 63 65 66 67
31 54 57
31 54 57 79
31 54 57 77 78
31 54 57 67
31 54 57 65
31 54 57 65 66
31 52 54 57
31 52 54 57 67 77
31 52 54 57 67 75 76
31 52 54 57 65
31 52 54 57 65 79
31 52 54 57 65 77 78
31 52 54 57 65 67
31 52 54 57 65 66
31 52 54 57 65 66 77
31 52 54 57 65 66 75 76
31 52 54 57 64 67
31 52 54 57 64 65 66
31 52 54 57 63 67
31 52 54 57 63 65 66
31 52 54 57 63 64 79
31 52 54 57 63 64 77 78
31 52 54 57 63 64 67
31 52 54 57 63 64 65
31 52 54 57 63 64 65 66
31 52 53 57 79
31 52 53 57 77 78
31 52 53 57 67
31 52 53 57 67 77
31 52 53 57 67 75 76
31 52 53 57 65 79
31 52 53 57 65 77 78
31 52 53 57 65 67
31 52 53 57 65 66 77
31 52 53 57 65 66 75 76
31 52 53 57 64 67
31 52 53 57 64 65 66
31 52 53 57 63 67
31 52 53 57 63 65 66
31 52 53 57 63 64 79
31 52 53 57 63 64 77 78
31 52 53 57 63 64 67
31 52 53 57 63 64 65
31 52 53 57 63 64 65 66
31 50 52 54 57 67
31 50 52 54 57 65 66
31 50 52 53 57 67
31 50 52 53 57 65 66
31 50 51 54 57 67
31 50 51 54 57 67 77
31 50 51 54 57 67 75 76
31 50 51 54 57 65 79
31 50 51 54 57 65 77 78
31 50 51 54 57 65 67
31 50 51 54 57 65 66 77
31 50 51 54 57 65 66 75 76
31 50 51 54 57 64 67
31 50 51 54 57 64 65 66
31 50 51 54 57 63 67
31 50 51 54 57 63 65 66
31 50 51 54 57 63 64
31 50 51 54 57 63 64 79
31 50 51 54 57 63 64 77 78
31 50 51 54 57 63 64 67
31 50 51 54 57 63 64 65
31 50 51 54 57 63 64 65 66
31 50 51 52 54 57 65
31 50 51 52 54 57 63 64
31 50 51 52 53 57 67
31 50 51 52 53 57 67 77
31 50 51 52 53 57 67 75 76
31 50 51 52 53 57 65
31 50 51 52 53 57 65 79
31 50 51 52 53 57 65 77 78
31 50 51 52 53 57 65 67
31 50 51 52 53 57 65 66 77
31 50 51 52 53 57 65 66 75 76
31 50 51 52 53 57 64 67
31 50 51 52 53 57 64 65 66
31 50 51 52 53 57 63 67
31 50 51 52 53 57 63 65 66
31 50 51 52 53 57 63 64 79
31 50 51 52 53 57 63 64 77 78
31 50 51 52 53 57 63 64 67
31 50 51 52 53 57 63 64 65
31 50 51 52 53 57 63 64 65 66
31 43 54 57 67 77
31 43 54 57 67 75 76
31 43 54 57 65 79
31 43 54 57 65 77 78
31 43 54 57 65 67
31 43 54 57 65 66
31 43 54 57 65 66 77
31 43 54 57 65 66 75 76
31 43 54 57 64 67
31 43 54 57 64 65 66
31 43 54 57 63 67
31 43 54 57 63 65 66
31 43 54 57 63 64
31 43 54 57 63 64 79
31 43 54 57 63 64 77 78
31 43 54 57 63 64 67
31 43 54 57 63 64 65
31 43 54 57 63 64 65 66
31 43 52 54 57 65
31 43 52 54 57 63 64
31 43 52 53 57 67 77
31 43 52 53 57 67 75 76
31 43 52 53 57 65
31 43 52 53 57 65 79
31 43 52 53 57 65 77 78
31 43 52 53 57 65 67
31 43 52 53 57 65 66
31 43 52 53 57 65 66 77
31 43 52 53 57 65 66 75 76
31 43 52 53 57 64 67
31 43 52 53 57 64 65 66
31 43 52 53 57 63 67
31 43 52 53 57 63 65 66
31 43 52 53 57 63 64 79
31 43 52 53 57 63 64 77 78
31 43 52 53 57 63 64 67
31 43 52 53 57 63 64 65
31 43 52 53 57 63 64 65 66
31 43 50 54 57 67
31 43 50 54 57 65 66
31 43 50 52 53 57 67
31 43 50 52 53 57 65 66
31 41 42 54 57 67 77
31 41 42 54 57 67 75 76
31 41 42 54 57 65 79
31 41 42 54 57 65 77 78
31 41 42 54 57 65 67
31 41 42 54 57 65 66
31 41 42 54 57 65 66 77
31 41 42 54 57 65 66 75 76
31 41 42 54 57 64 67
31 41 42 54 57 64 65 66
31 41 42 54 57 63 67
31 41 42 54 57 63 65 66
31 41 42 54 57 63 64
31 41 42 54 57 63 64 79
31 41 42 54 57 63 64 77 78
31 41 42 54 57 63 64 67
31 41 42 54 57 63 64 65
31 41 42 54 57 63 64 65 66
31 41 42 52 54 57 65
31 41 42 52 54 57 63 64
31 41 42 52 53 57 67 77
31 41 42 52 53 57 67 75 76
31 41 42 52 53 57 65
31 41 42 52 53 57 65 79
31 41 42 52 53 57 65 77 78
31 41 42 52 53 57 65 67
31 41 42 52 53 57 65 66
31 41 42 52 53 57 65 66 77
31 41 42 52 53 57 65 66 75 76
31 41 42 52 53 57 64 67
31 41 42 52 53 57 64 65 66
31 41 42 52 53 57 63 67
31 41 42 52 53 57 63 65 66
31 41 42 52 53 57 63 64 79
31 41 42 52 53 57 63 64 77 78
31 41 42 52 53 57 63 64 67
31 41 42 52 53 57 63 64 65
31 41 42 52 53 57 63 64 65 66
31 41 42 50 54 57 67
31 41 42 50 54 57 65 66
31 41 42 50 52 53 57 67
31 41 42 50 52 53 57 65 66
31 40 57 67
31 40 57 63
31 40 57 63 67
31 40 54 57
31 40 52 54 57 77
31 40 52 54 57 75 76
31 40 52 54 57 65
31 40 52 54 57 64
31 40 52 54 57 63
31 40 52 54 57 63 64
31 40 52 53 57
31 40 52 53 57 77
31 40 52 53 57 75 76
31 40 52 53 57 65
31 40 52 53 57 64
31 40 52 53 57 63
31 40 52 53 57 63 64
31 40 50 52 54 57
31 40 50 52 53 57
31 40 50 51 54 57
31 40 50 51 54 57 77
31 40 50 51 54 57 75 76
31 40 50 51 54 57 65
31 40 50 51 54 57 64
31 40 50 51 54 57 63
31 40 50 51 54 57 63 64
31 40 50 51 52 53 57
31 40 50 51 52 53 57 77
31 40 50 51 52 53 57 75 76
31 40 50 51 52 53 57 65
31 40 50 51 52 53 57 64
31 40 50 51 52 53 57 63
31 40 50 51 52 53 57 63 64
31 40 43 54 57 77
31 40 43 54 57 75 76
31 40 43 54 57 65
31 40 43 54 57 64
31 40 43 54 57 63
31 40 43 54 57 63 64
31 40 43 52 53 57 77
31 40 43 52 53 57 75 76
31 40 43 52 53 57 65
31 40 43 52 53 57 64
31 40 43 52 53 57 63
31 40 43 52 53 57 63 64
31 40 43 50 54 57
31 40 43 50 52 53 57
31 40 41 42 54 57 77
31 40 41 42 54 57 75 76
31 40 41 42 54 57 65
31 40 41 42 54 57 64
31 40 41 42 54 57 63
31 40 41 42 54 57 63 64
31 40 41 42 52 53 57 77
31 40 41 42 52 53 57 75 76
31 40 41 42 52 53 57 65
31 40 41 42 52 53 57 64
31 40 41 42 52 53 57 63
31 40 41 42 52 53 57 63 64
31 40 41 42 50 54 57
31 40 41 42 50 52 53 57
31 38 52 54 57 79
31 38 52 54 57 77 78
31 38 52 54 57 65
31 38 52 53 57 79
31 38 52 53 57 77 78
31 38 52 53 57 65
31 38 50 51 54 57
31 38 50 51 54 57 79
31 38 50 51 54 57 77 78
31 38 50 51 54 57 65
31 38 50 51 52 54 57
31 38 50 51 52 53 57 79
31 38 50 51 52 53 57 77 78
31 38 50 51 52 53 57 65
31 38 43 54 57
31 38 43 54 57 79
31 38 43 54 57 77 78
31 38 43 54 57 65
31 38 43 52 54 57
31 38 43 52 53 57 79
31 38 43 52 53 57 77 78
31 38 43 52 53 57 65
31 38 41 42 54 57
31 38 41 42 54 57 79
31 38 41 42 54 57 77 78
31 38 41 42 54 57 65
31 38 41 42 52 54 57
31 38 41 42 52 53 57 79
31 38 41 42 52 53 57 77 78
31 38 41 42 52 53 57 65
31 32
27 31 57
27 31 57 79
27 31 57 77 78
27 31 57 67
27 31 57 65
27 31 57 65 66
27 31 52 57
27 31 52 57 67 77
27 31 52 57 67 75 76
27 31 52 57 65
27 31 52 57 65 79
27 31 52 57 65 77 78
27 31 52 57 65 67
27 31 52 57 65 66
27 31 52 57 65 66 77
27 31 52 57 65 66 75 76
27 31 52 57 64 67
27 31 52 57 64 65 66
27 31 52 57 63 67
27 31 52 57 63 65 66
27 31 52 57 63 64 79
27 31 52 57 63 64 77 78
27 31 52 57 63 64 67
27 31 52 57 63 64 65
27 31 52 57 63 64 65 66
27 31 50 52 57 67
27 31 50 52 57 65 66
27 31 50 51 57 67
27 31 50 51 57 67 77
27 31 50 51 57 67 75 76
27 31 50 51 57 65 79
27 31 50 51 57 65 77 78
27 31 50 51 57 65 67
27 31 50 51 57 65 66 77
27 31 50 51 57 65 66 75 76
27 31 50 51 57 64 67
27 31 50 51 57 64 65 66
27 31 50 51 57 63 67
27 31 50 51 57 63 65 66
27 31 50 51 57 63 64
27 31 50 51 57 63 64 79
27 31 50 51 57 63 64 77 78
27 31 50 51 57 63 64 67
27 31 50 51 57 63 64 65
27 31 50 51 57 63 64 65 66
27 31 50 51 52 57 65
27 31 50 51 52 57 63 64
27 31 43 57 67 77
27 31 43 57 67 75 76
27 31 43 57 65 79
27 31 43 57 65 77 78
27 31 43 57 65 67
27 31 43 57 65 66
27 31 43 57 65 66 77
27 31 43 57 65 66 75 76
27 31 43 57 64 67
27 31 43 57 64 65 66
27 31 43 57 63 67
27 31 43 57 63 65 66
27 31 43 57 63 64
27 31 43 57 63 64 79
27 31 43 57 63 64 77 78
27 31 43 57 63 64 67
27 31 43 57 63 64 65
27 31 43 57 63 64 65 66
27 31 43 52 57 65
27 31 43 52 57 63 64
27 31 43 50 57 67
27 31 43 50 57 65 66
27 31 41 42 57 67 77
27 31 41 42 57 67 75 76
27 31 41 42 57 65 79
27 31 41 42 57 65 77 78
27 31 41 42 57 65 67
27 31 41 42 57 65 66
27 31 41 42 57 65 66 77
27 31 41 42 57 65 66 75 76
27 31 41 42 57 64 67
27 31 41 42 57 64 65 66
27 31 41 42 57 63 67
27 31 41 42 57 63 65 66
27 31 41 42 57 63 64
27 31 41 42 57 63 64 79
27 31 41 42 57 63 64 77 78
27 31 41 42 57 63 64 67
27 31 41 42 57 63 64 65
27 31 41 42 57 63 64 65 66
27 31 41 42 52 57 65
27 31 41 42 52 57 63 64
27 31 41 42 50 57 67
27 31 41 42 50 57 65 66
27 31 40 57
27 31 40 52 57 77
27 31 40 52 57 75 76
27 31 40 52 57 65
27 31 40 52 57 64
27 31 40 52 57 63
27 31 40 52 57 63 64
27 31 40 50 52 57
27 31 40 50 51 57
27 31 40 50 51 57 77
27 31 40 50 51 57 75 76
27 31 40 50 51 57 65
27 31 40 50 51 57 64
27 31 40 50 51 57 63
27 31 40 50 51 57 63 64
27 31 40 43 57 77
27 31 40 43 57 75 76
27 31 40 43 57 65
27 31 40 43 57 64
27 31 40 43 57 63
27 31 40 43 57 63 64
27 31 40 43 50 57
27 31 40 41 42 57 77
27 31 40 41 42 57 75 76
27 31 40 41 42 57 65
27 31 40 41 42 57 64
27 31 40 41 42 57 63
27 31 40 41 42 57 63 64
27 31 40 41 42 50 57
27 31 38 52 57 79
27 31 38 52 57 77 78
27 31 38 52 57 65
27 31 38 50 51 57
27 31 38 50 51 57 79
27 31 38 50 51 57 77 78
27 31 38 50 51 57 65
27 31 38 50 51 52 57
27 31 38 43 57
27 31 38 43 57 79
27 31 38 43 57 77 78
27 31 38 43 57 65
27 31 38 43 52 57
27 31 38 41 42 57
27 31 38 41 42 57 79
27 31 38 41 42 57 77 78
27 31 38 41 42 57 65
27 31 38 41 42 52 57
26 67
26 65 66
26 59 67
26 59 65 66
26 40
26 40 59
25 33 67 69
25 33 67 68
25 33 65 66 69
25 33 65 66 67 68
25 33 42 67
25 33 42 65 66
25 33 40 69
25 33 40 67 68
25 33 40 42
25 31 54 57 67 77
25 31 54 57 67 75 76
25 31 54 57 65 79
25 31 54 57 65 77 78
25 31 54 57 65 67
25 31 54 57 65 66
25 31 54 57 65 66 77
25 31 54 57 65 66 75 76
25 31 54 57 64 67
25 31 54 57 64 65 66
25 31 54 57 63 67
25 31 54 57 63 65 66
25 31 54 57 63 64
25 31 54 57 63 64 79
25 31 54 57 63 64 77 78
25 31 54 57 63 64 67
25 31 54 57 63 64 65
25 31 54 57 63 64 65 66
25 31 52 54 57 65
25 31 52 54 57 63 64
25 31 52 53 57 67 77
25 31 52 53 57 67 75 76
25 31 52 53 57 65
25 31 52 53 57 65 79
25 31 52 53 57 65 77 78
25 31 52 53 57 65 67
25 31 52 53 57 65 66
25 31 52 53 57 65 66 77
25 31 52 53 57 65 66 75 76
25 31 52 53 57 64 67
25 31 52 53 57 64 65 66
25 31 52 53 57 63 67
25 31 52 53 57 63 65 66
25 31 52 53 57 63 64 79
25 31 52 53 57 63 64 77 78
25 31 52 53 57 63 64 67
25 31 52 53 57 63 64 65
25 31 52 53 57 63 64 65 66
25 31 50 54 57 67
25 31 50 54 57 65 66
25 31 50 52 53 57 67
25 31 50 52 53 57 65 66
25 31 40 54 57 77
25 31 40 54 57 75 76
25 31 40 54 57 65
25 31 40 54 57 64
25 31 40 54 57 63
25 31 40 54 57 63 64
25 31 40 52 53 57 77
25 31 40 52 53 57 75 76
25 31 40 52 53 57 65
25 31 40 52 53 57 64
25 31 40 52 53 57 63
25 31 40 52 53 57 63 64
25 31 40 50 54 57
25 31 40 50 52 53 57
25 31 38 54 57
25 31 38 54 57 79
25 31 38 54 57 77 78
25 31 38 54 57 65
25 31 38 52 54 57
25 31 38 52 53 57 79
25 31 38 52 53 57 77 78
25 31 38 52 53 57 65
25 27 31 57 67 77
25 27 31 57 67 75 76
25 27 31 57 65 79
25 27 31 57 65 77 78
25 27 31 57 65 67
25 27 31 57 65 66
25 27 31 57 65 66 77
25 27 31 57 65 66 75 76
25 27 31 57 64 67
25 27 31 57 64 65 66
25 27 31 57 63 67
25 27 31 57 63 65 66
25 27 31 57 63 64
25 27 31 57 63 64 79
25 27 31 57 63 64 77 78
25 27 31 57 63 64 67
25 27 31 57 63 64 65
25 27 31 57 63 64 65 66
25 27 31 52 57 65
25 27 31 52 57 63 64
25 27 31 50 57 67
25 27 31 50 57 65 66
25 27 31 40 57 77
25 27 31 40 57 75 76
25 27 31 40 57 65
25 27 31 40 57 64
25 27 31 40 57 63
25 27 31 40 57 63 64
25 27 31 40 50 57
25 27 31 38 57
25 27 31 38 57 79
25 27 31 38 57 77 78
25 27 31 38 57 65
25 27 31 38 52 57
24
24 67
24 65 66
24 40
23 79
23 77
23 77 78
23 75 76
23 67
23 65 66
23 64
23 63
23 63 64
23 59 67
23 59 65 66
23 58
23 57
23 57 65
23 57 64
23 57 63
23 57 63 64
23 56 57
23 52
23 50
23 40
23 40 59
23 33 67
23 33 65 66
23 33 40
23 31
21 67 69
21 67 68
21 65 66 69
21 65 66 67 68
21 42 67
21 42 65 66
21 40 69
21 40 67 68
21 40 42
20 67 69
20 67 68
20 65 66 69
20 65 66 67 68
20 42 67
20 42 65 66
20 40 69
20 40 67 68
20 40 42
18 52 57 65 66
18 52 57 65 66 67
18 52 57 63 65 66
18 52 57 63 65 66 67
18 50 51 57 65 66
18 50 51 57 65 66 67
18 50 51 57 63 65 66
18 50 51 57 63 65 66 67
18 43 57 65 66
18 43 57 65 66 67
18 43 57 63 65 66
18 43 57 63 65 66 67
18 41 42 57 65 66
18 41 42 57 65 66 67
18 41 42 57 63 65 66
18 41 42 57 63 65 66 67
18 40 52 57
18 40 52 57 67
18 40 52 57 63
18 40 52 57 63 67
18 40 50 51 57
18 40 50 51 57 67
18 40 50 51 57 63
18 40 50 51 57 63 67
18 40 43 57
18 40 43 57 67
18 40 43 57 63
18 40 43 57 63 67
18 40 41 42 57
18 40 41 42 57 67
18 40 41 42 57 63
18 40 41 42 57 63 67
18 33 52 57 65 66
18 33 52 57 65 66 67
18 33 52 57 63 65 66
18 33 52 57 63 65 66 67
18 33 50 51 57 65 66
18 33 50 51 57 65 66 67
18 33 50 51 57 63 65 66
18 33 50 51 57 63 65 66 67
18 33 43 57 65 66
18 33 43 57 65 66 67
18 33 43 57 63 65 66
18 33 43 57 63 65 66 67
18 33 41 42 57 65 66
18 33 41 42 57 65 66 67
18 33 41 42 57 63 65 66
18 33 41 42 57 63 65 66 67
18 33 40 52 57
18 33 40 52 57 67
18 33 40 52 57 63
18 33 40 52 57 63 67
18 33 40 50 51 57
18 33 40 50 51 57 67
18 33 40 50 51 57 63
18 33 40 50 51 57 63 67
18 33 40 43 57
18 33 40 43 57 67
18 33 40 43 57 63
18 33 40 43 57 63 67
18 33 40 41 42 57
18 33 40 41 42 57 67
18 33 40 41 42 57 63
18 33 40 41 42 57 63 67
18 25 57 65 66
18 25 57 65 66 67
18 25 57 63 65 66
18 25 57 63 65 66 67
18 25 40 57
18 25 40 57 67
18 25 40 57 63
18 25 40 57 63 67
18 25 33 57 65 66
18 25 33 57 65 66 67
18 25 33 57 63 65 66
18 25 33 57 63 65 66 67
18 25 33 40 57
18 25 33 40 57 67
18 25 33 40 57 63
18 25 33 40 57 63 67
16 67 69
16 67 68
16 65 66 69
16 65 66 67 68
16 42 67
16 42 65 66
16 40 69
16 40 67 68
16 40 42
16 31 54 57 67 77
16 31 54 57 67 75 76
16 31 54 57 65 79
16 31 54 57 65 77 78
16 31 54 57 65 67
16 31 54 57 65 66
16 31 54 57 65 66 77
16 31 54 57 65 66 75 76
16 31 54 57 64 67
16 31 54 57 64 65 66
16 31 54 57 63 67
16 31 54 57 63 65 66
16 31 54 57 63 64
16 31 54 57 63 64 79
16 31 54 57 63 64 77 78
16 31 54 57 63 64 67
16 31 54 57 63 64 65
16 31 54 57 63 64 65 66
16 31 52 54 57 65
16 31 52 54 57 63 64
16 31 52 53 57 67 77
16 31 52 53 57 67 75 76
16 31 52 53 57 65
16 31 52 53 57 65 79
16 31 52 53 57 65 77 78
16 31 52 53 57 65 67
16 31 52 53 57 65 66
16 31 52 53 57 65 66 77
16 31 52 53 57 65 66 75 76
16 31 52 53 57 64 67
16 31 52 53 57 64 65 66
16 31 52 53 57 63 67
16 31 52 53 57 63 65 66
16 31 52 53 57 63 64 79
16 31 52 53 57 63 64 77 78
16 31 52 53 57 63 64 67
16 31 52 53 57 63 64 65
16 31 52 53 57 63 64 65 66
16 31 50 54 57 67
16 31 50 54 57 65 66
16 31 50 52 53 57 67
16 31 50 52 53 57 65 66
16 31 40 54 57 77
16 31 40 54 57 75 76
16 31 40 54 57 65
16 31 40 54 57 64
16 31 40 54 57 63
16 31 40 54 57 63 64
16 31 40 52 53 57 77
16 31 40 52 53 57 75 76
16 31 40 52 53 57 65
16 31 40 52 53 57 64
16 31 40 52 53 57 63
16 31 40 52 53 57 63 64
16 31 40 50 54 57
16 31 40 50 52 53 57
16 31 38 54 57
16 31 38 54 57 79
16 31 38 54 57 77 78
16 31 38 54 57 65
16 31 38 52 54 57
16 31 38 52 53 57 79
16 31 38 52 53 57 77 78
16 31 38 52 53 57 65
16 27 31 57 67 77
16 27 31 57 67 75 76
16 27 31 57 65 79
16 27 31 57 65 77 78
16 27 31 57 65 67
16 27 31 57 65 66
16 27 31 57 65 66 77
16 27 31 57 65 66 75 76
16 27 31 57 64 67
16 27 31 57 64 65 66
16 27 31 57 63 67
16 27 31 57 63 65 66
16 27 31 57 63 64
16 27 31 57 63 64 79
16 27 31 57 63 64 77 78
16 27 31 57 63 64 67
16 27 31 57 63 64 65
16 27 31 57 63 64 65 66
16 27 31 52 57 65
16 27 31 52 57 63 64
16 27 31 50 57 67
16 27 31 50 57 65 66
16 27 31 40 57 77
16 27 31 40 57 75 76
16 27 31 40 57 65
16 27 31 40 57 64
16 27 31 40 57 63
16 27 31 40 57 63 64
16 27 31 40 50 57
16 27 31 38 57
16 27 31 38 57 79
16 27 31 38 57 77 78
16 27 31 38 57 65
16 27 31 38 52 57
16 18 57 65 66
16 18 57 65 66 67
16 18 57 63 65 66
16 18 57 63 65 66 67
16 18 40 57
16 18 40 57 67
16 18 40 57 63
16 18 40 57 63 67
16 18 33 57 65 66
16 18 33 57 65 66 67
16 18 33 57 63 65 66
16 18 33 57 63 65 66 67
16 18 33 40 57
16 18 33 40 57 67
16 18 33 40 57 63
16 18 33 40 57 63 67
15
10
9 67 69
9 67 68
9 65 66 69
9 65 66 67 68
9 42 67
9 42 65 66
9 40 69
9 40 67 68
9 40 42
8
8 59
7 67 69
7 67 68
7 65 66 69
7 65 66 67 68
7 42 67
7 42 65 66
7 40 69
7 40 67 68
7 40 42
7 31 54 57 67
7 31 54 57 67 79
7 31 54 57 67 77 78
7 31 54 57 65 67
7 31 54 57 65 66 79
7 31 54 57 65 66 77 78
7 31 52 54 57 67
7 31 52 54 57 65 66
7 31 52 53 57 67 79
7 31 52 53 57 67 77 78
7 31 52 53 57 65 67
7 31 52 53 57 65 66
7 31 52 53 57 65 66 79
7 31 52 53 57 65 66 77 78
7 31 40 54 57
7 31 40 54 57 79
7 31 40 54 57 77 78
7 31 40 54 57 65
7 31 40 52 54 57
7 31 40 52 53 57 79
7 31 40 52 53 57 77 78
7 31 40 52 53 57 65
7 27 31 57 67
7 27 31 57 67 79
7 27 31 57 67 77 78
7 27 31 57 65 67
7 27 31 57 65 66 79
7 27 31 57 65 66 77 78
7 27 31 52 57 67
7 27 31 52 57 65 66
7 27 31 40 57
7 27 31 40 57 79
7 27 31 40 57 77 78
7 27 31 40 57 65
7 27 31 40 52 57
7 23
7 8
6
5 31 54 57 67
5 31 54 57 67 79
5 31 54 57 67 77 78
5 31 54 57 65 67
5 31 54 57 65 66 79
5 31 54 57 65 66 77 78
5 31 52 54 57 67
5 31 52 54 57 65 66
5 31 52 53 57 67 79
5 31 52 53 57 67 77 78
5 31 52 53 57 65 67
5 31 52 53 57 65 66
5 31 52 53 57 65 66 79
5 31 52 53 57 65 66 77 78
5 31 40 54 57
5 31 40 54 57 79
5 31 40 54 57 77 78
5 31 40 54 57 65
5 31 40 52 54 57
5 31 40 52 53 57 79
5 31 40 52 53 57 77 78
5 31 40 52 53 57 65
5 27 31 57 67
5 27 31 57 67 79
5 27 31 57 67 77 78
5 27 31 57 65 67
5 27 31 57 65 66 79
5 27 31 57 65 66 77 78
5 27 31 52 57 67
5 27 31 52 57 65 66
5 27 31 40 57
5 27 31 40 57 79
5 27 31 40 57 77 78
5 27 31 40 57 65
5 27 31 40 52 57
0
