67
67 79
67 77 78
67 69
67 68
65
65 67
65 66 79
65 66 77 78
65 66 69
65 66 67 68
64
63
63 64
56 67 69
56 67 68
56 65 66 69
56 65 66 67 68
52 67
52 65 66
42 67
42 65 66
42 56 67
42 56 65 66
40
40 79
40 77 78
40 69
40 67 68
40 65
40 56 69
40 56 67 68
40 52
40 42
40 42 56
33
33 67
33 67 79
33 67 77 78
33 65 67
33 65 66 79
33 65 66 77 78
33 52 67
33 52 65 66
33 40
33 40 79
33 40 77 78
33 40 65
33 40 52
31 67 69
31 67 68
31 65 66 69
31 65 66 67 68
31 42 67
31 42 65 66
31 40 69
31 40 67 68
31 40 42
25 67
25 65 66
25 40
25 33 67
25 33 65 66
25 33 40
8
