79
77 78
68
67 71
67 69 78
67 69 76 77
67 69 70
67 68
67 68 78
67 68 76 77
66
65
65 79
65 77 78
65 67 69
65 67 68
65 66 71
65 66 69
65 66 69 78
65 66 69 76 77
65 66 69 70
65 66 67 68
65 66 67 68 78
65 66 67 68 76 77
64 65 67 69
64 65 67 68
64 65 66 69
64 65 66 67 68
63
63 64
63 64 79
63 64 77 78
63 64 65
60 67
60 65 66
59 68
59 60 69 71 75
59 60 69 71 73 75
59 60 69 71 72 75
59 60 69 71 72 73 74
59 60 69 70 75
59 60 69 70 73 75
59 60 69 70 71 72 75
59 60 69 70 71 72 73 74
59 60 67 68 71 75
59 60 67 68 71 73 75
59 60 67 68 71 72 75
59 60 67 68 71 72 73 74
59 60 67 68 69 70 75
59 60 67 68 69 70 73 75
59 60 67 68 69 70 71 72 75
59 60 67 68 69 70 71 72 73 74
58 59 69 71
58 59 69 71 75
58 59 69 71 73 75
58 59 69 71 72 75
58 59 69 71 72 73 74
58 59 69 70
58 59 69 70 75
58 59 69 70 73 75
58 59 69 70 71 72 75
58 59 69 70 71 72 73 74
58 59 67
58 59 67 68 71
58 59 67 68 71 75
58 59 67 68 71 73 75
58 59 67 68 71 72 75
58 59 67 68 71 72 73 74
58 59 67 68 69 70
58 59 67 68 69 70 75
58 59 67 68 69 70 73 75
58 59 67 68 69 70 71 72 75
58 59 67 68 69 70 71 72 73 74
58 59 65 66
58 59 60 69 71
58 59 60 69 70
58 59 60 67 68 71
58 59 60 67 68 69 70
57 67 69
57 67 68
57 65 66 69
57 65 66 67 68
57 61 69 71
57 61 69 70
57 61 67 68 71
57 61 67 68 69 70
57 60 69 71 75
57 60 69 71 73
57 60 69 71 73 74
57 60 69 71 72
57 60 69 70 75
57 60 69 70 73
57 60 69 70 73 74
57 60 69 70 71 72
57 60 67 68 71 75
57 60 67 68 71 73
57 60 67 68 71 73 74
57 60 67 68 71 72
57 60 67 68 69 70 75
57 60 67 68 69 70 73
57 60 67 68 69 70 73 74
57 60 67 68 69 70 71 72
57 59 60 69 71
57 59 60 69 71 75
57 59 60 69 71 73 75
57 59 60 69 71 72 75
57 59 60 69 71 72 73 74
57 59 60 69 70
57 59 60 69 70 75
57 59 60 69 70 73 75
57 59 60 69 70 71 72 75
57 59 60 69 70 71 72 73 74
57 59 60 67 68 71
57 59 60 67 68 71 75
57 59 60 67 68 71 73 75
57 59 60 67 68 71 72 75
57 59 60 67 68 71 72 73 74
57 59 60 67 68 69 70
57 59 60 67 68 69 70 75
57 59 60 67 68 69 70 73 75
57 59 60 67 68 69 70 71 72 75
57 59 60 67 68 69 70 71 72 73 74
57 58 59 69 71
57 58 59 69 71 73
57 58 59 69 71 73 75
57 58 59 69 71 73 74
57 58 59 69 71 72
57 58 59 69 71 72 75
57 58 59 69 71 72 73 74
57 58 59 69 70
57 58 59 69 70 73
57 58 59 69 70 73 75
57 58 59 69 70 73 74
57 58 59 69 70 71 72
57 58 59 69 70 71 72 75
57 58 59 69 70 71 72 73 74
57 58 59 67 68 71
57 58 59 67 68 71 73
57 58 59 67 68 71 73 75
57 58 59 67 68 71 73 74
57 58 59 67 68 71 72
57 58 59 67 68 71 72 75
57 58 59 67 68 71 72 73 74
57 58 59 67 68 69 70
57 58 59 67 68 69 70 73
57 58 59 67 68 69 70 73 75
57 58 59 67 68 69 70 73 74
57 58 59 67 68 69 70 71 72
57 58 59 67 68 69 70 71 72 75
57 58 59 67 68 69 70 71 72 73 74
56 57 59 60 69 71
56 57 59 60 69 70
56 57 59 60 67 68 71
56 57 59 60 67 68 69 70
56 57 58 59 69 71
56 57 58 59 69 70
56 57 58 59 67 68 71
56 57 58 59 67 68 69 70
54
52
52 67 69
52 67 68
52 65
52 65 66 69
52 65 66 67 68
52 63 64
51
51 67
51 67 69
51 67 68
51 65 66
51 65 66 69
51 65 66 67 68
50 51 67 69
50 51 67 68
50 51 65 66 69
50 51 65 66 67 68
49 50 67
49 50 65 66
48 59 60 69 71
48 59 60 69 71 73
48 59 60 69 71 72
48 59 60 69 70
48 59 60 69 70 73
48 59 60 69 70 71 72
48 59 60 67 68 71
48 59 60 67 68 71 73
48 59 60 67 68 71 72
48 59 60 67 68 69 70
48 59 60 67 68 69 70 73
48 59 60 67 68 69 70 71 72
48 58 59 69 71
48 58 59 69 71 73
48 58 59 69 71 72
48 58 59 69 70
48 58 59 69 70 73
48 58 59 69 70 71 72
48 58 59 67 68 71
48 58 59 67 68 71 73
48 58 59 67 68 71 72
48 58 59 67 68 69 70
48 58 59 67 68 69 70 73
48 58 59 67 68 69 70 71 72
48 57 60 69 71
48 57 60 69 70
48 57 60 67 68 71
48 57 60 67 68 69 70
48 57 59 60 69 71
48 57 59 60 69 71 73
48 57 59 60 69 71 72
48 57 59 60 69 70
48 57 59 60 69 70 73
48 57 59 60 69 70 71 72
48 57 59 60 67 68 71
48 57 59 60 67 68 71 73
48 57 59 60 67 68 71 72
48 57 59 60 67 68 69 70
48 57 59 60 67 68 69 70 73
48 57 59 60 67 68 69 70 71 72
48 57 58 59 69 71 73
48 57 58 59 69 71 72
48 57 58 59 69 70 73
48 57 58 59 69 70 71 72
48 57 58 59 67 68 71 73
48 57 58 59 67 68 71 72
48 57 58 59 67 68 69 70 73
48 57 58 59 67 68 69 70 71 72
46 59 60 69 71 75
46 59 60 69 71 73 74
46 59 60 69 70 75
46 59 60 69 70 73 74
46 59 60 67 68 71 75
46 59 60 67 68 71 73 74
46 59 60 67 68 69 70 75
46 59 60 67 68 69 70 73 74
46 58 59 69 71 75
46 58 59 69 71 73 74
46 58 59 69 70 75
46 58 59 69 70 73 74
46 58 59 67 68 71 75
46 58 59 67 68 71 73 74
46 58 59 67 68 69 70 75
46 58 59 67 68 69 70 73 74
46 57 60 69 71
46 57 60 69 70
46 57 60 67 68 71
46 57 60 67 68 69 70
46 57 59 60 69 71 75
46 57 59 60 69 71 73 74
46 57 59 60 69 70 75
46 57 59 60 69 70 73 74
46 57 59 60 67 68 71 75
46 57 59 60 67 68 71 73 74
46 57 59 60 67 68 69 70 75
46 57 59 60 67 68 69 70 73 74
46 57 58 59 69 71
46 57 58 59 69 71 75
46 57 58 59 69 71 73 74
46 57 58 59 69 70
46 57 58 59 69 70 75
46 57 58 59 69 70 73 74
46 57 58 59 67 68 71
46 57 58 59 67 68 71 75
46 57 58 59 67 68 71 73 74
46 57 58 59 67 68 69 70
46 57 58 59 67 68 69 70 75
46 57 58 59 67 68 69 70 73 74
46 48 59 60 69 71
46 48 59 60 69 70
46 48 59 60 67 68 71
46 48 59 60 67 68 69 70
46 48 58 59 69 71
46 48 58 59 69 70
46 48 58 59 67 68 71
46 48 58 59 67 68 69 70
46 48 57 59 60 69 71
46 48 57 59 60 69 70
46 48 57 59 60 67 68 71
46 48 57 59 60 67 68 69 70
46 48 57 58 59 69 71
46 48 57 58 59 69 70
46 48 57 58 59 67 68 71
46 48 57 58 59 67 68 69 70
44 67
44 65 66
44 59 60 69 75
44 59 60 69 73 75
44 59 60 69 71 72 75
44 59 60 69 71 72 73 74
44 59 60 67 68 75
44 59 60 67 68 73 75
44 59 60 67 68 71 72 75
44 59 60 67 68 71 72 73 74
44 58 59 69
44 58 59 69 75
44 58 59 69 73 75
44 58 59 69 71 72 75
44 58 59 69 71 72 73 74
44 58 59 67 68
44 58 59 67 68 75
44 58 59 67 68 73 75
44 58 59 67 68 71 72 75
44 58 59 67 68 71 72 73 74
44 58 59 60 69
44 58 59 60 67 68
44 57 61 69
44 57 61 67 68
44 57 60 69 75
44 57 60 69 73
44 57 60 69 73 74
44 57 60 69 71 72
44 57 60 67 68 75
44 57 60 67 68 73
44 57 60 67 68 73 74
44 57 60 67 68 71 72
44 57 59 60 69
44 57 59 60 69 75
44 57 59 60 69 73 75
44 57 59 60 69 71 72 75
44 57 59 60 69 71 72 73 74
44 57 59 60 67 68
44 57 59 60 67 68 75
44 57 59 60 67 68 73 75
44 57 59 60 67 68 71 72 75
44 57 59 60 67 68 71 72 73 74
44 57 58 59 69
44 57 58 59 69 73
44 57 58 59 69 73 75
44 57 58 59 69 73 74
44 57 58 59 69 71 72
44 57 58 59 69 71 72 75
44 57 58 59 69 71 72 73 74
44 57 58 59 67 68
44 57 58 59 67 68 73
44 57 58 59 67 68 73 75
44 57 58 59 67 68 73 74
44 57 58 59 67 68 71 72
44 57 58 59 67 68 71 72 75
44 57 58 59 67 68 71 72 73 74
44 56 57 59 60 69
44 56 57 59 60 67 68
44 56 57 58 59 69
44 56 57 58 59 67 68
44 48 59 60 69
44 48 59 60 69 73
44 48 59 60 69 71 72
44 48 59 60 67 68
44 48 59 60 67 68 73
44 48 59 60 67 68 71 72
44 48 58 59 69
44 48 58 59 69 73
44 48 58 59 69 71 72
44 48 58 59 67 68
44 48 58 59 67 68 73
44 48 58 59 67 68 71 72
44 48 57 60 69
44 48 57 60 67 68
44 48 57 59 60 69
44 48 57 59 60 69 73
44 48 57 59 60 69 71 72
44 48 57 59 60 67 68
44 48 57 59 60 67 68 73
44 48 57 59 60 67 68 71 72
44 48 57 58 59 69 73
44 48 57 58 59 69 71 72
44 48 57 58 59 67 68 73
44 48 57 58 59 67 68 71 72
44 46 59 60 69 75
44 46 59 60 69 73 74
44 46 59 60 67 68 75
44 46 59 60 67 68 73 74
44 46 58 59 69 75
44 46 58 59 69 73 74
44 46 58 59 67 68 75
44 46 58 59 67 68 73 74
44 46 57 60 69
44 46 57 60 67 68
44 46 57 59 60 69 75
44 46 57 59 60 69 73 74
44 46 57 59 60 67 68 75
44 46 57 59 60 67 68 73 74
44 46 57 58 59 69
44 46 57 58 59 69 75
44 46 57 58 59 69 73 74
44 46 57 58 59 67 68
44 46 57 58 59 67 68 75
44 46 57 58 59 67 68 73 74
44 46 48 59 60 69
44 46 48 59 60 67 68
44 46 48 58 59 69
44 46 48 58 59 67 68
44 46 48 57 59 60 69
44 46 48 57 59 60 67 68
44 46 48 57 58 59 69
44 46 48 57 58 59 67 68
43 67 69
43 67 68
43 65 66 69
43 65 66 67 68
43 56 59 69 77
43 56 59 69 75 76
43 56 59 69 73 77
43 56 59 69 73 75 76
43 56 59 69 71 72 77
43 56 59 69 71 72 75 76
43 56 59 67 68 77
43 56 59 67 68 75 76
43 56 59 67 68 73 77
43 56 59 67 68 73 75 76
43 56 59 67 68 71 72 77
43 56 59 67 68 71 72 75 76
43 54 55 59 69 77
43 54 55 59 69 75 76
43 54 55 59 69 73 77
43 54 55 59 69 73 75 76
43 54 55 59 69 71 72 77
43 54 55 59 69 71 72 75 76
43 54 55 59 67 68 77
43 54 55 59 67 68 75 76
43 54 55 59 67 68 73 77
43 54 55 59 67 68 73 75 76
43 54 55 59 67 68 71 72 77
43 54 55 59 67 68 71 72 75 76
43 50 56 59 69
43 50 56 59 69 73
43 50 56 59 69 71 72
43 50 56 59 67 68
43 50 56 59 67 68 73
43 50 56 59 67 68 71 72
43 50 54 55 59 69
43 50 54 55 59 69 73
43 50 54 55 59 69 71 72
43 50 54 55 59 67 68
43 50 54 55 59 67 68 73
43 50 54 55 59 67 68 71 72
43 46 56 59 69 77
43 46 56 59 69 75 76
43 46 56 59 67 68 77
43 46 56 59 67 68 75 76
43 46 54 55 59 69 77
43 46 54 55 59 69 75 76
43 46 54 55 59 67 68 77
43 46 54 55 59 67 68 75 76
43 46 50 56 59 69
43 46 50 56 59 67 68
43 46 50 54 55 59 69
43 46 50 54 55 59 67 68
42 67 78
42 67 76 77
42 65 67
42 65 66
42 65 66 78
42 65 66 76 77
42 64 65 67
42 64 65 66
42 59 60 71 75
42 59 60 71 73 75
42 59 60 71 72 75
42 59 60 71 72 73 74
42 59 60 69 70 75
42 59 60 69 70 73 75
42 59 60 69 70 71 72 75
42 59 60 69 70 71 72 73 74
42 58 59 71
42 58 59 71 75
42 58 59 71 73 75
42 58 59 71 72 75
42 58 59 71 72 73 74
42 58 59 69 70
42 58 59 69 70 75
42 58 59 69 70 73 75
42 58 59 69 70 71 72 75
42 58 59 69 70 71 72 73 74
42 58 59 60 71
42 58 59 60 69 70
42 57 67
42 57 65 66
42 57 61 71
42 57 61 69 70
42 57 60 71 75
42 57 60 71 73
42 57 60 71 73 74
42 57 60 71 72
42 57 60 69 70 75
42 57 60 69 70 73
42 57 60 69 70 73 74
42 57 60 69 70 71 72
42 57 59 60 71
42 57 59 60 71 75
42 57 59 60 71 73 75
42 57 59 60 71 72 75
42 57 59 60 71 72 73 74
42 57 59 60 69 70
42 57 59 60 69 70 75
42 57 59 60 69 70 73 75
42 57 59 60 69 70 71 72 75
42 57 59 60 69 70 71 72 73 74
42 57 58 59 71
42 57 58 59 71 73
42 57 58 59 71 73 75
42 57 58 59 71 73 74
42 57 58 59 71 72
42 57 58 59 71 72 75
42 57 58 59 71 72 73 74
42 57 58 59 69 70
42 57 58 59 69 70 73
42 57 58 59 69 70 73 75
42 57 58 59 69 70 73 74
42 57 58 59 69 70 71 72
42 57 58 59 69 70 71 72 75
42 57 58 59 69 70 71 72 73 74
42 56 57 59 60 71
42 56 57 59 60 69 70
42 56 57 58 59 71
42 56 57 58 59 69 70
42 52 67
42 52 65 66
42 51 67
42 51 65 66
42 50 51 67
42 50 51 65 66
42 48 59 60 71
42 48 59 60 71 73
42 48 59 60 71 72
42 48 59 60 69 70
42 48 59 60 69 70 73
42 48 59 60 69 70 71 72
42 48 58 59 71
42 48 58 59 71 73
42 48 58 59 71 72
42 48 58 59 69 70
42 48 58 59 69 70 73
42 48 58 59 69 70 71 72
42 48 57 60 71
42 48 57 60 69 70
42 48 57 59 60 71
42 48 57 59 60 71 73
42 48 57 59 60 71 72
42 48 57 59 60 69 70
42 48 57 59 60 69 70 73
42 48 57 59 60 69 70 71 72
42 48 57 58 59 71 73
42 48 57 58 59 71 72
42 48 57 58 59 69 70 73
42 48 57 58 59 69 70 71 72
42 46 59 60 71 75
42 46 59 60 71 73 74
42 46 59 60 69 70 75
42 46 59 60 69 70 73 74
42 46 58 59 71 75
42 46 58 59 71 73 74
42 46 58 59 69 70 75
42 46 58 59 69 70 73 74
42 46 57 60 71
42 46 57 60 69 70
42 46 57 59 60 71 75
42 46 57 59 60 71 73 74
42 46 57 59 60 69 70 75
42 46 57 59 60 69 70 73 74
42 46 57 58 59 71
42 46 57 58 59 71 75
42 46 57 58 59 71 73 74
42 46 57 58 59 69 70
42 46 57 58 59 69 70 75
42 46 57 58 59 69 70 73 74
42 46 48 59 60 71
42 46 48 59 60 69 70
42 46 48 58 59 71
42 46 48 58 59 69 70
42 46 48 57 59 60 71
42 46 48 57 59 60 69 70
42 46 48 57 58 59 71
42 46 48 57 58 59 69 70
42 44 59 60 75
42 44 59 60 73 75
42 44 59 60 71 72 75
42 44 59 60 71 72 73 74
42 44 58 59
42 44 58 59 75
42 44 58 59 73 75
42 44 58 59 71 72 75
42 44 58 59 71 72 73 74
42 44 58 59 60
42 44 57 61
42 44 57 60 75
42 44 57 60 73
42 44 57 60 73 74
42 44 57 60 71 72
42 44 57 59 60
42 44 57 59 60 75
42 44 57 59 60 73 75
42 44 57 59 60 71 72 75
42 44 57 59 60 71 72 73 74
42 44 57 58 59
42 44 57 58 59 73
42 44 57 58 59 73 75
42 44 57 58 59 73 74
42 44 57 58 59 71 72
42 44 57 58 59 71 72 75
42 44 57 58 59 71 72 73 74
42 44 56 57 59 60
42 44 56 57 58 59
42 44 48 59 60
42 44 48 59 60 73
42 44 48 59 60 71 72
42 44 48 58 59
42 44 48 58 59 73
42 44 48 58 59 71 72
42 44 48 57 60
42 44 48 57 59 60
42 44 48 57 59 60 73
42 44 48 57 59 60 71 72
42 44 48 57 58 59 73
42 44 48 57 58 59 71 72
42 44 46 59 60 75
42 44 46 59 60 73 74
42 44 46 58 59 75
42 44 46 58 59 73 74
42 44 46 57 60
42 44 46 57 59 60 75
42 44 46 57 59 60 73 74
42 44 46 57 58 59
42 44 46 57 58 59 75
42 44 46 57 58 59 73 74
42 44 46 48 59 60
42 44 46 48 58 59
42 44 46 48 57 59 60
42 44 46 48 57 58 59
42 43 67
42 43 65 66
42 43 56 59 77
42 43 56 59 75 76
42 43 56 59 73 77
42 43 56 59 73 75 76
42 43 56 59 71 72 77
42 43 56 59 71 72 75 76
42 43 54 55 59 77
42 43 54 55 59 75 76
42 43 54 55 59 73 77
42 43 54 55 59 73 75 76
42 43 54 55 59 71 72 77
42 43 54 55 59 71 72 75 76
42 43 50 56 59
42 43 50 56 59 73
42 43 50 56 59 71 72
42 43 50 54 55 59
42 43 50 54 55 59 73
42 43 50 54 55 59 71 72
42 43 46 56 59 77
42 43 46 56 59 75 76
42 43 46 54 55 59 77
42 43 46 54 55 59 75 76
42 43 46 50 56 59
42 43 46 50 54 55 59
41 42 67
41 42 67 69
41 42 67 68
41 42 65 66
41 42 65 66 69
41 42 65 66 67 68
41 42 56 59 77
41 42 56 59 75 76
41 42 56 59 73 77
41 42 56 59 73 75 76
41 42 56 59 71 72 77
41 42 56 59 71 72 75 76
41 42 56 59 69 77
41 42 56 59 69 75 76
41 42 56 59 69 73 77
41 42 56 59 69 73 75 76
41 42 56 59 69 71 72 77
41 42 56 59 69 71 72 75 76
41 42 56 59 67 68 77
41 42 56 59 67 68 75 76
41 42 56 59 67 68 73 77
41 42 56 59 67 68 73 75 76
41 42 56 59 67 68 71 72 77
41 42 56 59 67 68 71 72 75 76
41 42 54 55 59 77
41 42 54 55 59 75 76
41 42 54 55 59 73 77
41 42 54 55 59 73 75 76
41 42 54 55 59 71 72 77
41 42 54 55 59 71 72 75 76
41 42 54 55 59 69 77
41 42 54 55 59 69 75 76
41 42 54 55 59 69 73 77
41 42 54 55 59 69 73 75 76
41 42 54 55 59 69 71 72 77
41 42 54 55 59 69 71 72 75 76
41 42 54 55 59 67 68 77
41 42 54 55 59 67 68 75 76
41 42 54 55 59 67 68 73 77
41 42 54 55 59 67 68 73 75 76
41 42 54 55 59 67 68 71 72 77
41 42 54 55 59 67 68 71 72 75 76
41 42 50 56 59
41 42 50 56 59 73
41 42 50 56 59 71 72
41 42 50 56 59 69
41 42 50 56 59 69 73
41 42 50 56 59 69 71 72
41 42 50 56 59 67 68
41 42 50 56 59 67 68 73
41 42 50 56 59 67 68 71 72
41 42 50 54 55 59
41 42 50 54 55 59 73
41 42 50 54 55 59 71 72
41 42 50 54 55 59 69
41 42 50 54 55 59 69 73
41 42 50 54 55 59 69 71 72
41 42 50 54 55 59 67 68
41 42 50 54 55 59 67 68 73
41 42 50 54 55 59 67 68 71 72
41 42 46 56 59 77
41 42 46 56 59 75 76
41 42 46 56 59 69 77
41 42 46 56 59 69 75 76
41 42 46 56 59 67 68 77
41 42 46 56 59 67 68 75 76
41 42 46 54 55 59 77
41 42 46 54 55 59 75 76
41 42 46 54 55 59 69 77
41 42 46 54 55 59 69 75 76
41 42 46 54 55 59 67 68 77
41 42 46 54 55 59 67 68 75 76
41 42 46 50 56 59
41 42 46 50 56 59 69
41 42 46 50 56 59 67 68
41 42 46 50 54 55 59
41 42 46 50 54 55 59 69
41 42 46 50 54 55 59 67 68
40 71
40 69 78
40 69 76 77
40 69 70
40 67 68 78
40 67 68 76 77
40 65 69
40 65 67 68
40 64 65 69
40 64 65 67 68
40 60
40 58 59
40 57 69
40 57 67 68
40 52 69
40 52 67 68
40 51
40 51 69
40 51 67 68
40 50 51 69
40 50 51 67 68
40 49 50
40 44
40 43 69
40 43 67 68
40 42 78
40 42 76 77
40 42 65
40 42 64 65
40 42 57
40 42 52
40 42 51
40 42 50 51
40 42 43
40 41
40 41 42
40 41 42 69
40 41 42 67 68
39 57 69 71 75
39 57 69 71 73 74
39 57 69 70 75
39 57 69 70 73 74
39 57 67 68 71 75
39 57 67 68 71 73 74
39 57 67 68 69 70 75
39 57 67 68 69 70 73 74
39 48 57 69 71
39 48 57 69 70
39 48 57 67 68 71
39 48 57 67 68 69 70
39 44 57 69 75
39 44 57 69 73 74
39 44 57 67 68 75
39 44 57 67 68 73 74
39 44 48 57 69
39 44 48 57 67 68
39 42 57 71 75
39 42 57 71 73 74
39 42 57 69 70 75
39 42 57 69 70 73 74
39 42 48 57 71
39 42 48 57 69 70
39 42 44 57 75
39 42 44 57 73 74
39 42 44 48 57
38
38 79
38 77 78
38 65
38 52
37 38 57 69 71 75
37 38 57 69 71 73 74
37 38 57 69 70 75
37 38 57 69 70 73 74
37 38 57 67 68 71 75
37 38 57 67 68 71 73 74
37 38 57 67 68 69 70 75
37 38 57 67 68 69 70 73 74
37 38 48 57 69 71
37 38 48 57 69 70
37 38 48 57 67 68 71
37 38 48 57 67 68 69 70
37 38 44 57 69 75
37 38 44 57 69 73 74
37 38 44 57 67 68 75
37 38 44 57 67 68 73 74
37 38 44 48 57 69
37 38 44 48 57 67 68
37 38 42 57 71 75
37 38 42 57 71 73 74
37 38 42 57 69 70 75
37 38 42 57 69 70 73 74
37 38 42 48 57 71
37 38 42 48 57 69 70
37 38 42 44 57 75
37 38 42 44 57 73 74
37 38 42 44 48 57
33
33 67
33 67 69
33 67 68
33 65 66
33 65 66 69
33 65 66 67 68
33 59 69 71 75
33 59 69 71 73 75
33 59 69 71 72 75
33 59 69 71 72 73 74
33 59 69 70 75
33 59 69 70 73 75
33 59 69 70 71 72 75
33 59 69 70 71 72 73 74
33 59 67 68 71 75
33 59 67 68 71 73 75
33 59 67 68 71 72 75
33 59 67 68 71 72 73 74
33 59 67 68 69 70 75
33 59 67 68 69 70 73 75
33 59 67 68 69 70 71 72 75
33 59 67 68 69 70 71 72 73 74
33 58 59 69 71
33 58 59 69 70
33 58 59 67 68 71
33 58 59 67 68 69 70
33 57 69 71 75
33 57 69 71 73
33 57 69 71 73 74
33 57 69 71 72
33 57 69 70 75
33 57 69 70 73
33 57 69 70 73 74
33 57 69 70 71 72
33 57 67 68 71 75
33 57 67 68 71 73
33 57 67 68 71 73 74
33 57 67 68 71 72
33 57 67 68 69 70 75
33 57 67 68 69 70 73
33 57 67 68 69 70 73 74
33 57 67 68 69 70 71 72
33 57 59 69 71
33 57 59 69 71 75
33 57 59 69 71 73 75
33 57 59 69 71 72 75
33 57 59 69 71 72 73 74
33 57 59 69 70
33 57 59 69 70 75
33 57 59 69 70 73 75
33 57 59 69 70 71 72 75
33 57 59 69 70 71 72 73 74
33 57 59 67 68 71
33 57 59 67 68 71 75
33 57 59 67 68 71 73 75
33 57 59 67 68 71 72 75
33 57 59 67 68 71 72 73 74
33 57 59 67 68 69 70
33 57 59 67 68 69 70 75
33 57 59 67 68 69 70 73 75
33 57 59 67 68 69 70 71 72 75
33 57 59 67 68 69 70 71 72 73 74
33 56 57 59 69 71
33 56 57 59 69 70
33 56 57 59 67 68 71
33 56 57 59 67 68 69 70
33 48 59 69 71
33 48 59 69 71 73
33 48 59 69 71 72
33 48 59 69 70
33 48 59 69 70 73
33 48 59 69 70 71 72
33 48 59 67 68 71
33 48 59 67 68 71 73
33 48 59 67 68 71 72
33 48 59 67 68 69 70
33 48 59 67 68 69 70 73
33 48 59 67 68 69 70 71 72
33 48 57 69 71
33 48 57 69 70
33 48 57 67 68 71
33 48 57 67 68 69 70
33 48 57 59 69 71
33 48 57 59 69 71 73
33 48 57 59 69 71 72
33 48 57 59 69 70
33 48 57 59 69 70 73
33 48 57 59 69 70 71 72
33 48 57 59 67 68 71
33 48 57 59 67 68 71 73
33 48 57 59 67 68 71 72
33 48 57 59 67 68 69 70
33 48 57 59 67 68 69 70 73
33 48 57 59 67 68 69 70 71 72
33 46 59 69 71 75
33 46 59 69 71 73 74
33 46 59 69 70 75
33 46 59 69 70 73 74
33 46 59 67 68 71 75
33 46 59 67 68 71 73 74
33 46 59 67 68 69 70 75
33 46 59 67 68 69 70 73 74
33 46 57 69 71
33 46 57 69 70
33 46 57 67 68 71
33 46 57 67 68 69 70
33 46 57 59 69 71 75
33 46 57 59 69 71 73 74
33 46 57 59 69 70 75
33 46 57 59 69 70 73 74
33 46 57 59 67 68 71 75
33 46 57 59 67 68 71 73 74
33 46 57 59 67 68 69 70 75
33 46 57 59 67 68 69 70 73 74
33 46 48 59 69 71
33 46 48 59 69 70
33 46 48 59 67 68 71
33 46 48 59 67 68 69 70
33 46 48 57 59 69 71
33 46 48 57 59 69 70
33 46 48 57 59 67 68 71
33 46 48 57 59 67 68 69 70
33 44 59 69 75
33 44 59 69 73 75
33 44 59 69 71 72 75
33 44 59 69 71 72 73 74
33 44 59 67 68 75
33 44 59 67 68 73 75
33 44 59 67 68 71 72 75
33 44 59 67 68 71 72 73 74
33 44 58 59 69
33 44 58 59 67 68
33 44 57 69 75
33 44 57 69 73
33 44 57 69 73 74
33 44 57 69 71 72
33 44 57 67 68 75
33 44 57 67 68 73
33 44 57 67 68 73 74
33 44 57 67 68 71 72
33 44 57 59 69
33 44 57 59 69 75
33 44 57 59 69 73 75
33 44 57 59 69 71 72 75
33 44 57 59 69 71 72 73 74
33 44 57 59 67 68
33 44 57 59 67 68 75
33 44 57 59 67 68 73 75
33 44 57 59 67 68 71 72 75
33 44 57 59 67 68 71 72 73 74
33 44 56 57 59 69
33 44 56 57 59 67 68
33 44 48 59 69
33 44 48 59 69 73
33 44 48 59 69 71 72
33 44 48 59 67 68
33 44 48 59 67 68 73
33 44 48 59 67 68 71 72
33 44 48 57 69
33 44 48 57 67 68
33 44 48 57 59 69
33 44 48 57 59 69 73
33 44 48 57 59 69 71 72
33 44 48 57 59 67 68
33 44 48 57 59 67 68 73
33 44 48 57 59 67 68 71 72
33 44 46 59 69 75
33 44 46 59 69 73 74
33 44 46 59 67 68 75
33 44 46 59 67 68 73 74
33 44 46 57 69
33 44 46 57 67 68
33 44 46 57 59 69 75
33 44 46 57 59 69 73 74
33 44 46 57 59 67 68 75
33 44 46 57 59 67 68 73 74
33 44 46 48 59 69
33 44 46 48 59 67 68
33 44 46 48 57 59 69
33 44 46 48 57 59 67 68
33 42 67
33 42 65 66
33 42 59 71 75
33 42 59 71 73 75
33 42 59 71 72 75
33 42 59 71 72 73 74
33 42 59 69 70 75
33 42 59 69 70 73 75
33 42 59 69 70 71 72 75
33 42 59 69 70 71 72 73 74
33 42 58 59 71
33 42 58 59 69 70
33 42 57 71 75
33 42 57 71 73
33 42 57 71 73 74
33 42 57 71 72
33 42 57 69 70 75
33 42 57 69 70 73
33 42 57 69 70 73 74
33 42 57 69 70 71 72
33 42 57 59 71
33 42 57 59 71 75
33 42 57 59 71 73 75
33 42 57 59 71 72 75
33 42 57 59 71 72 73 74
33 42 57 59 69 70
33 42 57 59 69 70 75
33 42 57 59 69 70 73 75
33 42 57 59 69 70 71 72 75
33 42 57 59 69 70 71 72 73 74
33 42 56 57 59 71
33 42 56 57 59 69 70
33 42 48 59 71
33 42 48 59 71 73
33 42 48 59 71 72
33 42 48 59 69 70
33 42 48 59 69 70 73
33 42 48 59 69 70 71 72
33 42 48 57 71
33 42 48 57 69 70
33 42 48 57 59 71
33 42 48 57 59 71 73
33 42 48 57 59 71 72
33 42 48 57 59 69 70
33 42 48 57 59 69 70 73
33 42 48 57 59 69 70 71 72
33 42 46 59 71 75
33 42 46 59 71 73 74
33 42 46 59 69 70 75
33 42 46 59 69 70 73 74
33 42 46 57 71
33 42 46 57 69 70
33 42 46 57 59 71 75
33 42 46 57 59 71 73 74
33 42 46 57 59 69 70 75
33 42 46 57 59 69 70 73 74
33 42 46 48 59 71
33 42 46 48 59 69 70
33 42 46 48 57 59 71
33 42 46 48 57 59 69 70
33 42 44 59 75
33 42 44 59 73 75
33 42 44 59 71 72 75
33 42 44 59 71 72 73 74
33 42 44 58 59
33 42 44 57 75
33 42 44 57 73
33 42 44 57 73 74
33 42 44 57 71 72
33 42 44 57 59
33 42 44 57 59 75
33 42 44 57 59 73 75
33 42 44 57 59 71 72 75
33 42 44 57 59 71 72 73 74
33 42 44 56 57 59
33 42 44 48 59
33 42 44 48 59 73
33 42 44 48 59 71 72
33 42 44 48 57
33 42 44 48 57 59
33 42 44 48 57 59 73
33 42 44 48 57 59 71 72
33 42 44 46 59 75
33 42 44 46 59 73 74
33 42 44 46 57
33 42 44 46 57 59 75
33 42 44 46 57 59 73 74
33 42 44 46 48 59
33 42 44 46 48 57 59
33 40
33 40 69
33 40 67 68
33 40 42
32 67 69
32 67 68
32 65 66 69
32 65 66 67 68
32 42 67
32 42 65 66
32 40 69
32 40 67 68
32 40 42
31 67 71
31 67 69 70
31 65 66 71
31 65 66 69 70
31 59 60 69 71
31 59 60 69 70
31 59 60 67 68 71
31 59 60 67 68 69 70
31 58 59 69 71
31 58 59 69 70
31 58 59 67 68 71
31 58 59 67 68 69 70
31 54 57 67
31 54 57 65 67 79
31 54 57 65 67 77 78
31 54 57 65 66
31 54 57 65 66 79
31 54 57 65 66 77 78
31 54 57 63 64 67
31 54 57 63 64 67 79
31 54 57 63 64 67 77 78
31 54 57 63 64 65 67
31 54 57 63 64 65 66 79
31 54 57 63 64 65 66 77 78
31 52 54 57 65 67
31 52 54 57 65 66
31 52 54 57 63 64 67
31 52 54 57 63 64 65 66
31 52 53 57 67
31 52 53 57 65 67
31 52 53 57 65 67 79
31 52 53 57 65 67 77 78
31 52 53 57 65 66 79
31 52 53 57 65 66 77 78
31 52 53 57 63 64 67 79
31 52 53 57 63 64 67 77 78
31 52 53 57 63 64 65 67
31 52 53 57 63 64 65 66
31 52 53 57 63 64 65 66 79
31 52 53 57 63 64 65 66 77 78
31 44 67
31 44 65 66
31 44 59 60 69
31 44 59 60 67 68
31 44 58 59 69
31 44 58 59 67 68
31 42 59 60 71
31 42 59 60 69 70
31 42 58 59 71
31 42 58 59 69 70
31 42 44 59 60
31 42 44 58 59
31 40 71
31 40 69 70
31 40 54 57
31 40 54 57 65 79
31 40 54 57 65 77 78
31 40 54 57 63 64
31 40 54 57 63 64 79
31 40 54 57 63 64 77 78
31 40 54 57 63 64 65
31 40 52 54 57 65
31 40 52 54 57 63 64
31 40 52 53 57
31 40 52 53 57 65
31 40 52 53 57 65 79
31 40 52 53 57 65 77 78
31 40 52 53 57 63 64 79
31 40 52 53 57 63 64 77 78
31 40 52 53 57 63 64 65
31 40 44
31 38 54 57 67
31 38 54 57 67 79
31 38 54 57 67 77 78
31 38 54 57 65 67
31 38 54 57 65 66 79
31 38 54 57 65 66 77 78
31 38 52 54 57 67
31 38 52 54 57 65 66
31 38 52 53 57 67 79
31 38 52 53 57 67 77 78
31 38 52 53 57 65 67
31 38 52 53 57 65 66
31 38 52 53 57 65 66 79
31 38 52 53 57 65 66 77 78
31 38 40 54 57
31 38 40 54 57 79
31 38 40 54 57 77 78
31 38 40 54 57 65
31 38 40 52 54 57
31 38 40 52 53 57 79
31 38 40 52 53 57 77 78
31 38 40 52 53 57 65
31 33 59 69 71
31 33 59 69 70
31 33 59 67 68 71
31 33 59 67 68 69 70
31 33 44 59 69
31 33 44 59 67 68
31 33 42 59 71
31 33 42 59 69 70
31 33 42 44 59
31 32
29 43 59 69 77
29 43 59 69 75 76
29 43 59 69 73 77
29 43 59 69 73 75 76
29 43 59 69 71 72 77
29 43 59 69 71 72 75 76
29 43 59 67 68 77
29 43 59 67 68 75 76
29 43 59 67 68 73 77
29 43 59 67 68 73 75 76
29 43 59 67 68 71 72 77
29 43 59 67 68 71 72 75 76
29 43 50 59 69
29 43 50 59 69 73
29 43 50 59 69 71 72
29 43 50 59 67 68
29 43 50 59 67 68 73
29 43 50 59 67 68 71 72
29 43 46 59 69 77
29 43 46 59 69 75 76
29 43 46 59 67 68 77
29 43 46 59 67 68 75 76
29 43 46 50 59 69
29 43 46 50 59 67 68
29 42 43 59 77
29 42 43 59 75 76
29 42 43 59 73 77
29 42 43 59 73 75 76
29 42 43 59 71 72 77
29 42 43 59 71 72 75 76
29 42 43 50 59
29 42 43 50 59 73
29 42 43 50 59 71 72
29 42 43 46 59 77
29 42 43 46 59 75 76
29 42 43 46 50 59
29 41 42 59 77
29 41 42 59 75 76
29 41 42 59 73 77
29 41 42 59 73 75 76
29 41 42 59 71 72 77
29 41 42 59 71 72 75 76
29 41 42 59 69 77
29 41 42 59 69 75 76
29 41 42 59 69 73 77
29 41 42 59 69 73 75 76
29 41 42 59 69 71 72 77
29 41 42 59 69 71 72 75 76
29 41 42 59 67 68 77
29 41 42 59 67 68 75 76
29 41 42 59 67 68 73 77
29 41 42 59 67 68 73 75 76
29 41 42 59 67 68 71 72 77
29 41 42 59 67 68 71 72 75 76
29 41 42 50 59
29 41 42 50 59 73
29 41 42 50 59 71 72
29 41 42 50 59 69
29 41 42 50 59 69 73
29 41 42 50 59 69 71 72
29 41 42 50 59 67 68
29 41 42 50 59 67 68 73
29 41 42 50 59 67 68 71 72
29 41 42 46 59 77
29 41 42 46 59 75 76
29 41 42 46 59 69 77
29 41 42 46 59 69 75 76
29 41 42 46 59 67 68 77
29 41 42 46 59 67 68 75 76
29 41 42 46 50 59
29 41 42 46 50 59 69
29 41 42 46 50 59 67 68
28 57 60 69 71 73
28 57 60 69 71 72
28 57 60 69 70 73
28 57 60 69 70 71 72
28 57 60 67 68 71 73
28 57 60 67 68 71 72
28 57 60 67 68 69 70 73
28 57 60 67 68 69 70 71 72
28 57 58 59 69 71 73
28 57 58 59 69 71 72
28 57 58 59 69 70 73
28 57 58 59 69 70 71 72
28 57 58 59 67 68 71 73
28 57 58 59 67 68 71 72
28 57 58 59 67 68 69 70 73
28 57 58 59 67 68 69 70 71 72
28 46 57 60 69 71
28 46 57 60 69 70
28 46 57 60 67 68 71
28 46 57 60 67 68 69 70
28 46 57 58 59 69 71
28 46 57 58 59 69 70
28 46 57 58 59 67 68 71
28 46 57 58 59 67 68 69 70
28 44 57 60 69 73
28 44 57 60 69 71 72
28 44 57 60 67 68 73
28 44 57 60 67 68 71 72
28 44 57 58 59 69 73
28 44 57 58 59 69 71 72
28 44 57 58 59 67 68 73
28 44 57 58 59 67 68 71 72
28 44 46 57 60 69
28 44 46 57 60 67 68
28 44 46 57 58 59 69
28 44 46 57 58 59 67 68
28 43 56 59 69 77
28 43 56 59 69 75 76
28 43 56 59 67 68 77
28 43 56 59 67 68 75 76
28 43 54 55 59 69 77
28 43 54 55 59 69 75 76
28 43 54 55 59 67 68 77
28 43 54 55 59 67 68 75 76
28 43 50 56 59 69
28 43 50 56 59 67 68
28 43 50 54 55 59 69
28 43 50 54 55 59 67 68
28 42 57 60 71 73
28 42 57 60 71 72
28 42 57 60 69 70 73
28 42 57 60 69 70 71 72
28 42 57 58 59 71 73
28 42 57 58 59 71 72
28 42 57 58 59 69 70 73
28 42 57 58 59 69 70 71 72
28 42 46 57 60 71
28 42 46 57 60 69 70
28 42 46 57 58 59 71
28 42 46 57 58 59 69 70
28 42 44 57 60 73
28 42 44 57 60 71 72
28 42 44 57 58 59 73
28 42 44 57 58 59 71 72
28 42 44 46 57 60
28 42 44 46 57 58 59
28 42 43 56 59 77
28 42 43 56 59 75 76
28 42 43 54 55 59 77
28 42 43 54 55 59 75 76
28 42 43 50 56 59
28 42 43 50 54 55 59
28 41 42 56 59 77
28 41 42 56 59 75 76
28 41 42 56 59 69 77
28 41 42 56 59 69 75 76
28 41 42 56 59 67 68 77
28 41 42 56 59 67 68 75 76
28 41 42 54 55 59 77
28 41 42 54 55 59 75 76
28 41 42 54 55 59 69 77
28 41 42 54 55 59 69 75 76
28 41 42 54 55 59 67 68 77
28 41 42 54 55 59 67 68 75 76
28 41 42 50 56 59
28 41 42 50 56 59 69
28 41 42 50 56 59 67 68
28 41 42 50 54 55 59
28 41 42 50 54 55 59 69
28 41 42 50 54 55 59 67 68
28 33 57 69 71 73
28 33 57 69 71 72
28 33 57 69 70 73
28 33 57 69 70 71 72
28 33 57 67 68 71 73
28 33 57 67 68 71 72
28 33 57 67 68 69 70 73
28 33 57 67 68 69 70 71 72
28 33 46 57 69 71
28 33 46 57 69 70
28 33 46 57 67 68 71
28 33 46 57 67 68 69 70
28 33 44 57 69 73
28 33 44 57 69 71 72
28 33 44 57 67 68 73
28 33 44 57 67 68 71 72
28 33 44 46 57 69
28 33 44 46 57 67 68
28 33 42 57 71 73
28 33 42 57 71 72
28 33 42 57 69 70 73
28 33 42 57 69 70 71 72
28 33 42 46 57 71
28 33 42 46 57 69 70
28 33 42 44 57 73
28 33 42 44 57 71 72
28 33 42 44 46 57
28 29 43 59 69 77
28 29 43 59 69 75 76
28 29 43 59 67 68 77
28 29 43 59 67 68 75 76
28 29 43 50 59 69
28 29 43 50 59 67 68
28 29 42 43 59 77
28 29 42 43 59 75 76
28 29 42 43 50 59
28 29 41 42 59 77
28 29 41 42 59 75 76
28 29 41 42 59 69 77
28 29 41 42 59 69 75 76
28 29 41 42 59 67 68 77
28 29 41 42 59 67 68 75 76
28 29 41 42 50 59
28 29 41 42 50 59 69
28 29 41 42 50 59 67 68
27 31 57 67
27 31 57 65 67 79
27 31 57 65 67 77 78
27 31 57 65 66
27 31 57 65 66 79
27 31 57 65 66 77 78
27 31 57 63 64 67
27 31 57 63 64 67 79
27 31 57 63 64 67 77 78
27 31 57 63 64 65 67
27 31 57 63 64 65 66 79
27 31 57 63 64 65 66 77 78
27 31 52 57 65 67
27 31 52 57 65 66
27 31 52 57 63 64 67
27 31 52 57 63 64 65 66
27 31 40 57
27 31 40 57 65 79
27 31 40 57 65 77 78
27 31 40 57 63 64
27 31 40 57 63 64 79
27 31 40 57 63 64 77 78
27 31 40 57 63 64 65
27 31 40 52 57 65
27 31 40 52 57 63 64
27 31 38 57 67
27 31 38 57 67 79
27 31 38 57 67 77 78
27 31 38 57 65 67
27 31 38 57 65 66 79
27 31 38 57 65 66 77 78
27 31 38 52 57 67
27 31 38 52 57 65 66
27 31 38 40 57
27 31 38 40 57 79
27 31 38 40 57 77 78
27 31 38 40 57 65
27 31 38 40 52 57
26 27 57 60 69 71 73
26 27 57 60 69 71 72
26 27 57 60 69 70 73
26 27 57 60 69 70 71 72
26 27 57 60 67 68 71 73
26 27 57 60 67 68 71 72
26 27 57 60 67 68 69 70 73
26 27 57 60 67 68 69 70 71 72
26 27 57 58 59 69 71 73
26 27 57 58 59 69 71 72
26 27 57 58 59 69 70 73
26 27 57 58 59 69 70 71 72
26 27 57 58 59 67 68 71 73
26 27 57 58 59 67 68 71 72
26 27 57 58 59 67 68 69 70 73
26 27 57 58 59 67 68 69 70 71 72
26 27 46 57 60 69 71
26 27 46 57 60 69 70
26 27 46 57 60 67 68 71
26 27 46 57 60 67 68 69 70
26 27 46 57 58 59 69 71
26 27 46 57 58 59 69 70
26 27 46 57 58 59 67 68 71
26 27 46 57 58 59 67 68 69 70
26 27 44 57 60 69 73
26 27 44 57 60 69 71 72
26 27 44 57 60 67 68 73
26 27 44 57 60 67 68 71 72
26 27 44 57 58 59 69 73
26 27 44 57 58 59 69 71 72
26 27 44 57 58 59 67 68 73
26 27 44 57 58 59 67 68 71 72
26 27 44 46 57 60 69
26 27 44 46 57 60 67 68
26 27 44 46 57 58 59 69
26 27 44 46 57 58 59 67 68
26 27 43 56 59 69 77
26 27 43 56 59 69 75 76
26 27 43 56 59 67 68 77
26 27 43 56 59 67 68 75 76
26 27 43 54 55 59 69 77
26 27 43 54 55 59 69 75 76
26 27 43 54 55 59 67 68 77
26 27 43 54 55 59 67 68 75 76
26 27 43 50 56 59 69
26 27 43 50 56 59 67 68
26 27 43 50 54 55 59 69
26 27 43 50 54 55 59 67 68
26 27 42 57 60 71 73
26 27 42 57 60 71 72
26 27 42 57 60 69 70 73
26 27 42 57 60 69 70 71 72
26 27 42 57 58 59 71 73
26 27 42 57 58 59 71 72
26 27 42 57 58 59 69 70 73
26 27 42 57 58 59 69 70 71 72
26 27 42 46 57 60 71
26 27 42 46 57 60 69 70
26 27 42 46 57 58 59 71
26 27 42 46 57 58 59 69 70
26 27 42 44 57 60 73
26 27 42 44 57 60 71 72
26 27 42 44 57 58 59 73
26 27 42 44 57 58 59 71 72
26 27 42 44 46 57 60
26 27 42 44 46 57 58 59
26 27 42 43 56 59 77
26 27 42 43 56 59 75 76
26 27 42 43 54 55 59 77
26 27 42 43 54 55 59 75 76
26 27 42 43 50 56 59
26 27 42 43 50 54 55 59
26 27 41 42 56 59 77
26 27 41 42 56 59 75 76
26 27 41 42 56 59 69 77
26 27 41 42 56 59 69 75 76
26 27 41 42 56 59 67 68 77
26 27 41 42 56 59 67 68 75 76
26 27 41 42 54 55 59 77
26 27 41 42 54 55 59 75 76
26 27 41 42 54 55 59 69 77
26 27 41 42 54 55 59 69 75 76
26 27 41 42 54 55 59 67 68 77
26 27 41 42 54 55 59 67 68 75 76
26 27 41 42 50 56 59
26 27 41 42 50 56 59 69
26 27 41 42 50 56 59 67 68
26 27 41 42 50 54 55 59
26 27 41 42 50 54 55 59 69
26 27 41 42 50 54 55 59 67 68
26 27 33 57 69 71 73
26 27 33 57 69 71 72
26 27 33 57 69 70 73
26 27 33 57 69 70 71 72
26 27 33 57 67 68 71 73
26 27 33 57 67 68 71 72
26 27 33 57 67 68 69 70 73
26 27 33 57 67 68 69 70 71 72
26 27 33 46 57 69 71
26 27 33 46 57 69 70
26 27 33 46 57 67 68 71
26 27 33 46 57 67 68 69 70
26 27 33 44 57 69 73
26 27 33 44 57 69 71 72
26 27 33 44 57 67 68 73
26 27 33 44 57 67 68 71 72
26 27 33 44 46 57 69
26 27 33 44 46 57 67 68
26 27 33 42 57 71 73
26 27 33 42 57 71 72
26 27 33 42 57 69 70 73
26 27 33 42 57 69 70 71 72
26 27 33 42 46 57 71
26 27 33 42 46 57 69 70
26 27 33 42 44 57 73
26 27 33 42 44 57 71 72
26 27 33 42 44 46 57
26 27 29 43 59 69 77
26 27 29 43 59 69 75 76
26 27 29 43 59 67 68 77
26 27 29 43 59 67 68 75 76
26 27 29 43 50 59 69
26 27 29 43 50 59 67 68
26 27 29 42 43 59 77
26 27 29 42 43 59 75 76
26 27 29 42 43 50 59
26 27 29 41 42 59 77
26 27 29 41 42 59 75 76
26 27 29 41 42 59 69 77
26 27 29 41 42 59 69 75 76
26 27 29 41 42 59 67 68 77
26 27 29 41 42 59 67 68 75 76
26 27 29 41 42 50 59
26 27 29 41 42 50 59 69
26 27 29 41 42 50 59 67 68
25 67 69
25 67 68
25 65 66 69
25 65 66 67 68
25 42 67
25 42 65 66
25 40 69
25 40 67 68
25 40 42
24
24 67
24 65 66
24 40
23 55 59 60 71 73
23 55 59 60 71 72
23 55 59 60 69 70 73
23 55 59 60 69 70 71 72
23 55 58 59 71 73
23 55 58 59 71 72
23 55 58 59 69 70 73
23 55 58 59 69 70 71 72
23 55 57 60 71 73
23 55 57 60 71 72
23 55 57 60 69 70 73
23 55 57 60 69 70 71 72
23 55 57 58 59 71 73
23 55 57 58 59 71 72
23 55 57 58 59 69 70 73
23 55 57 58 59 69 70 71 72
23 49 55 59 60 71 73
23 49 55 59 60 71 72
23 49 55 59 60 69 70 73
23 49 55 59 60 69 70 71 72
23 49 55 58 59 71 73
23 49 55 58 59 71 72
23 49 55 58 59 69 70 73
23 49 55 58 59 69 70 71 72
23 49 55 57 60 71 73
23 49 55 57 60 71 72
23 49 55 57 60 69 70 73
23 49 55 57 60 69 70 71 72
23 49 55 57 58 59 71 73
23 49 55 57 58 59 71 72
23 49 55 57 58 59 69 70 73
23 49 55 57 58 59 69 70 71 72
23 48 55 59 60 71 73
23 48 55 59 60 71 72
23 48 55 59 60 69 70 73
23 48 55 59 60 69 70 71 72
23 48 55 58 59 71 73
23 48 55 58 59 71 72
23 48 55 58 59 69 70 73
23 48 55 58 59 69 70 71 72
23 48 55 57 60 71 73
23 48 55 57 60 71 72
23 48 55 57 60 69 70 73
23 48 55 57 60 69 70 71 72
23 48 55 57 58 59 71 73
23 48 55 57 58 59 71 72
23 48 55 57 58 59 69 70 73
23 48 55 57 58 59 69 70 71 72
23 47 48 55 59 60 71 73
23 47 48 55 59 60 71 72
23 47 48 55 59 60 69 70 73
23 47 48 55 59 60 69 70 71 72
23 47 48 55 58 59 71 73
23 47 48 55 58 59 71 72
23 47 48 55 58 59 69 70 73
23 47 48 55 58 59 69 70 71 72
23 47 48 55 57 60 71 73
23 47 48 55 57 60 71 72
23 47 48 55 57 60 69 70 73
23 47 48 55 57 60 69 70 71 72
23 47 48 55 57 58 59 71 73
23 47 48 55 57 58 59 71 72
23 47 48 55 57 58 59 69 70 73
23 47 48 55 57 58 59 69 70 71 72
23 46 55 59 60 71
23 46 55 59 60 69 70
23 46 55 58 59 71
23 46 55 58 59 69 70
23 46 55 57 60 71
23 46 55 57 60 69 70
23 46 55 57 58 59 71
23 46 55 57 58 59 69 70
23 46 49 55 59 60 71
23 46 49 55 59 60 69 70
23 46 49 55 58 59 71
23 46 49 55 58 59 69 70
23 46 49 55 57 60 71
23 46 49 55 57 60 69 70
23 46 49 55 57 58 59 71
23 46 49 55 57 58 59 69 70
23 46 48 55 59 60 71
23 46 48 55 59 60 69 70
23 46 48 55 58 59 71
23 46 48 55 58 59 69 70
23 46 48 55 57 60 71
23 46 48 55 57 60 69 70
23 46 48 55 57 58 59 71
23 46 48 55 57 58 59 69 70
23 46 47 55 59 60 71
23 46 47 55 59 60 71 73
23 46 47 55 59 60 71 72
23 46 47 55 59 60 69 70
23 46 47 55 59 60 69 70 73
23 46 47 55 59 60 69 70 71 72
23 46 47 55 58 59 71
23 46 47 55 58 59 71 73
23 46 47 55 58 59 71 72
23 46 47 55 58 59 69 70
23 46 47 55 58 59 69 70 73
23 46 47 55 58 59 69 70 71 72
23 46 47 55 57 60 71
23 46 47 55 57 60 71 73
23 46 47 55 57 60 71 72
23 46 47 55 57 60 69 70
23 46 47 55 57 60 69 70 73
23 46 47 55 57 60 69 70 71 72
23 46 47 55 57 58 59 71
23 46 47 55 57 58 59 71 73
23 46 47 55 57 58 59 71 72
23 46 47 55 57 58 59 69 70
23 46 47 55 57 58 59 69 70 73
23 46 47 55 57 58 59 69 70 71 72
23 46 47 48 55 59 60 71
23 46 47 48 55 59 60 69 70
23 46 47 48 55 58 59 71
23 46 47 48 55 58 59 69 70
23 46 47 48 55 57 60 71
23 46 47 48 55 57 60 69 70
23 46 47 48 55 57 58 59 71
23 46 47 48 55 57 58 59 69 70
23 44 55 59 60 73
23 44 55 59 60 71 72
23 44 55 58 59 73
23 44 55 58 59 71 72
23 44 55 57 60 73
23 44 55 57 60 71 72
23 44 55 57 58 59 73
23 44 55 57 58 59 71 72
23 44 49 55 59 60 73
23 44 49 55 59 60 71 72
23 44 49 55 58 59 73
23 44 49 55 58 59 71 72
23 44 49 55 57 60 73
23 44 49 55 57 60 71 72
23 44 49 55 57 58 59 73
23 44 49 55 57 58 59 71 72
23 44 48 55 59 60 73
23 44 48 55 59 60 71 72
23 44 48 55 58 59 73
23 44 48 55 58 59 71 72
23 44 48 55 57 60 73
23 44 48 55 57 60 71 72
23 44 48 55 57 58 59 73
23 44 48 55 57 58 59 71 72
23 44 47 48 55 59 60 73
23 44 47 48 55 59 60 71 72
23 44 47 48 55 58 59 73
23 44 47 48 55 58 59 71 72
23 44 47 48 55 57 60 73
23 44 47 48 55 57 60 71 72
23 44 47 48 55 57 58 59 73
23 44 47 48 55 57 58 59 71 72
23 44 46 55 59 60
23 44 46 55 58 59
23 44 46 55 57 60
23 44 46 55 57 58 59
23 44 46 49 55 59 60
23 44 46 49 55 58 59
23 44 46 49 55 57 60
23 44 46 49 55 57 58 59
23 44 46 48 55 59 60
23 44 46 48 55 58 59
23 44 46 48 55 57 60
23 44 46 48 55 57 58 59
23 44 46 47 55 59 60
23 44 46 47 55 59 60 73
23 44 46 47 55 59 60 71 72
23 44 46 47 55 58 59
23 44 46 47 55 58 59 73
23 44 46 47 55 58 59 71 72
23 44 46 47 55 57 60
23 44 46 47 55 57 60 73
23 44 46 47 55 57 60 71 72
23 44 46 47 55 57 58 59
23 44 46 47 55 57 58 59 73
23 44 46 47 55 57 58 59 71 72
23 44 46 47 48 55 59 60
23 44 46 47 48 55 58 59
23 44 46 47 48 55 57 60
23 44 46 47 48 55 57 58 59
23 34 55 59 60 71 73
23 34 55 59 60 71 72
23 34 55 59 60 69 70 73
23 34 55 59 60 69 70 71 72
23 34 55 58 59 71 73
23 34 55 58 59 71 72
23 34 55 58 59 69 70 73
23 34 55 58 59 69 70 71 72
23 34 55 57 60 71 73
23 34 55 57 60 71 72
23 34 55 57 60 69 70 73
23 34 55 57 60 69 70 71 72
23 34 55 57 58 59 71 73
23 34 55 57 58 59 71 72
23 34 55 57 58 59 69 70 73
23 34 55 57 58 59 69 70 71 72
23 34 46 55 59 60 71
23 34 46 55 59 60 69 70
23 34 46 55 58 59 71
23 34 46 55 58 59 69 70
23 34 46 55 57 60 71
23 34 46 55 57 60 69 70
23 34 46 55 57 58 59 71
23 34 46 55 57 58 59 69 70
23 34 44 55 59 60 73
23 34 44 55 59 60 71 72
23 34 44 55 58 59 73
23 34 44 55 58 59 71 72
23 34 44 55 57 60 73
23 34 44 55 57 60 71 72
23 34 44 55 57 58 59 73
23 34 44 55 57 58 59 71 72
23 34 44 46 55 59 60
23 34 44 46 55 58 59
23 34 44 46 55 57 60
23 34 44 46 55 57 58 59
23 33 55 59 71 73
23 33 55 59 71 72
23 33 55 59 69 70 73
23 33 55 59 69 70 71 72
23 33 55 57 71 73
23 33 55 57 71 72
23 33 55 57 69 70 73
23 33 55 57 69 70 71 72
23 33 49 55 59 71 73
23 33 49 55 59 71 72
23 33 49 55 59 69 70 73
23 33 49 55 59 69 70 71 72
23 33 49 55 57 71 73
23 33 49 55 57 71 72
23 33 49 55 57 69 70 73
23 33 49 55 57 69 70 71 72
23 33 48 55 59 71 73
23 33 48 55 59 71 72
23 33 48 55 59 69 70 73
23 33 48 55 59 69 70 71 72
23 33 48 55 57 71 73
23 33 48 55 57 71 72
23 33 48 55 57 69 70 73
23 33 48 55 57 69 70 71 72
23 33 47 48 55 59 71 73
23 33 47 48 55 59 71 72
23 33 47 48 55 59 69 70 73
23 33 47 48 55 59 69 70 71 72
23 33 47 48 55 57 71 73
23 33 47 48 55 57 71 72
23 33 47 48 55 57 69 70 73
23 33 47 48 55 57 69 70 71 72
23 33 46 55 59 71
23 33 46 55 59 69 70
23 33 46 55 57 71
23 33 46 55 57 69 70
23 33 46 49 55 59 71
23 33 46 49 55 59 69 70
23 33 46 49 55 57 71
23 33 46 49 55 57 69 70
23 33 46 48 55 59 71
23 33 46 48 55 59 69 70
23 33 46 48 55 57 71
23 33 46 48 55 57 69 70
23 33 46 47 55 59 71
23 33 46 47 55 59 71 73
23 33 46 47 55 59 71 72
23 33 46 47 55 59 69 70
23 33 46 47 55 59 69 70 73
23 33 46 47 55 59 69 70 71 72
23 33 46 47 55 57 71
23 33 46 47 55 57 71 73
23 33 46 47 55 57 71 72
23 33 46 47 55 57 69 70
23 33 46 47 55 57 69 70 73
23 33 46 47 55 57 69 70 71 72
23 33 46 47 48 55 59 71
23 33 46 47 48 55 59 69 70
23 33 46 47 48 55 57 71
23 33 46 47 48 55 57 69 70
23 33 44 55 59 73
23 33 44 55 59 71 72
23 33 44 55 57 73
23 33 44 55 57 71 72
23 33 44 49 55 59 73
23 33 44 49 55 59 71 72
23 33 44 49 55 57 73
23 33 44 49 55 57 71 72
23 33 44 48 55 59 73
23 33 44 48 55 59 71 72
23 33 44 48 55 57 73
23 33 44 48 55 57 71 72
23 33 44 47 48 55 59 73
23 33 44 47 48 55 59 71 72
23 33 44 47 48 55 57 73
23 33 44 47 48 55 57 71 72
23 33 44 46 55 59
23 33 44 46 55 57
23 33 44 46 49 55 59
23 33 44 46 49 55 57
23 33 44 46 48 55 59
23 33 44 46 48 55 57
23 33 44 46 47 55 59
23 33 44 46 47 55 59 73
23 33 44 46 47 55 59 71 72
23 33 44 46 47 55 57
23 33 44 46 47 55 57 73
23 33 44 46 47 55 57 71 72
23 33 44 46 47 48 55 59
23 33 44 46 47 48 55 57
23 33 34 55 59 71 73
23 33 34 55 59 71 72
23 33 34 55 59 69 70 73
23 33 34 55 59 69 70 71 72
23 33 34 55 57 71 73
23 33 34 55 57 71 72
23 33 34 55 57 69 70 73
23 33 34 55 57 69 70 71 72
23 33 34 46 55 59 71
23 33 34 46 55 59 69 70
23 33 34 46 55 57 71
23 33 34 46 55 57 69 70
23 33 34 44 55 59 73
23 33 34 44 55 59 71 72
23 33 34 44 55 57 73
23 33 34 44 55 57 71 72
23 33 34 44 46 55 59
23 33 34 44 46 55 57
23 32 33 55 59 71 73
23 32 33 55 59 71 72
23 32 33 55 59 69 70 73
23 32 33 55 59 69 70 71 72
23 32 33 55 59 60 71 73
23 32 33 55 59 60 71 72
23 32 33 55 59 60 69 70 73
23 32 33 55 59 60 69 70 71 72
23 32 33 55 58 59 71 73
23 32 33 55 58 59 71 72
23 32 33 55 58 59 69 70 73
23 32 33 55 58 59 69 70 71 72
23 32 33 55 57 71 73
23 32 33 55 57 71 72
23 32 33 55 57 69 70 73
23 32 33 55 57 69 70 71 72
23 32 33 55 57 60 71 73
23 32 33 55 57 60 71 72
23 32 33 55 57 60 69 70 73
23 32 33 55 57 60 69 70 71 72
23 32 33 55 57 58 59 71 73
23 32 33 55 57 58 59 71 72
23 32 33 55 57 58 59 69 70 73
23 32 33 55 57 58 59 69 70 71 72
23 32 33 46 55 59 71
23 32 33 46 55 59 69 70
23 32 33 46 55 59 60 71
23 32 33 46 55 59 60 69 70
23 32 33 46 55 58 59 71
23 32 33 46 55 58 59 69 70
23 32 33 46 55 57 71
23 32 33 46 55 57 69 70
23 32 33 46 55 57 60 71
23 32 33 46 55 57 60 69 70
23 32 33 46 55 57 58 59 71
23 32 33 46 55 57 58 59 69 70
23 32 33 44 55 59 73
23 32 33 44 55 59 71 72
23 32 33 44 55 59 60 73
23 32 33 44 55 59 60 71 72
23 32 33 44 55 58 59 73
23 32 33 44 55 58 59 71 72
23 32 33 44 55 57 73
23 32 33 44 55 57 71 72
23 32 33 44 55 57 60 73
23 32 33 44 55 57 60 71 72
23 32 33 44 55 57 58 59 73
23 32 33 44 55 57 58 59 71 72
23 32 33 44 46 55 59
23 32 33 44 46 55 59 60
23 32 33 44 46 55 58 59
23 32 33 44 46 55 57
23 32 33 44 46 55 57 60
23 32 33 44 46 55 57 58 59
22 23 55 59 60 71 73
22 23 55 59 60 71 72
22 23 55 59 60 69 70 73
22 23 55 59 60 69 70 71 72
22 23 55 58 59 71 73
22 23 55 58 59 71 72
22 23 55 58 59 69 70 73
22 23 55 58 59 69 70 71 72
22 23 55 57 60 71 73
22 23 55 57 60 71 72
22 23 55 57 60 69 70 73
22 23 55 57 60 69 70 71 72
22 23 55 57 58 59 71 73
22 23 55 57 58 59 71 72
22 23 55 57 58 59 69 70 73
22 23 55 57 58 59 69 70 71 72
22 23 46 55 59 60 71
22 23 46 55 59 60 69 70
22 23 46 55 58 59 71
22 23 46 55 58 59 69 70
22 23 46 55 57 60 71
22 23 46 55 57 60 69 70
22 23 46 55 57 58 59 71
22 23 46 55 57 58 59 69 70
22 23 44 55 59 60 73
22 23 44 55 59 60 71 72
22 23 44 55 58 59 73
22 23 44 55 58 59 71 72
22 23 44 55 57 60 73
22 23 44 55 57 60 71 72
22 23 44 55 57 58 59 73
22 23 44 55 57 58 59 71 72
22 23 44 46 55 59 60
22 23 44 46 55 58 59
22 23 44 46 55 57 60
22 23 44 46 55 57 58 59
22 23 33 55 59 71 73
22 23 33 55 59 71 72
22 23 33 55 59 69 70 73
22 23 33 55 59 69 70 71 72
22 23 33 55 57 71 73
22 23 33 55 57 71 72
22 23 33 55 57 69 70 73
22 23 33 55 57 69 70 71 72
22 23 33 46 55 59 71
22 23 33 46 55 59 69 70
22 23 33 46 55 57 71
22 23 33 46 55 57 69 70
22 23 33 44 55 59 73
22 23 33 44 55 59 71 72
22 23 33 44 55 57 73
22 23 33 44 55 57 71 72
22 23 33 44 46 55 59
22 23 33 44 46 55 57
21 23 55 59 60 71 73
21 23 55 59 60 71 72
21 23 55 59 60 69 70 73
21 23 55 59 60 69 70 71 72
21 23 55 58 59 71 73
21 23 55 58 59 71 72
21 23 55 58 59 69 70 73
21 23 55 58 59 69 70 71 72
21 23 55 57 60 71 73
21 23 55 57 60 71 72
21 23 55 57 60 69 70 73
21 23 55 57 60 69 70 71 72
21 23 55 57 58 59 71 73
21 23 55 57 58 59 71 72
21 23 55 57 58 59 69 70 73
21 23 55 57 58 59 69 70 71 72
21 23 46 55 59 60 71
21 23 46 55 59 60 69 70
21 23 46 55 58 59 71
21 23 46 55 58 59 69 70
21 23 46 55 57 60 71
21 23 46 55 57 60 69 70
21 23 46 55 57 58 59 71
21 23 46 55 57 58 59 69 70
21 23 44 55 59 60 73
21 23 44 55 59 60 71 72
21 23 44 55 58 59 73
21 23 44 55 58 59 71 72
21 23 44 55 57 60 73
21 23 44 55 57 60 71 72
21 23 44 55 57 58 59 73
21 23 44 55 57 58 59 71 72
21 23 44 46 55 59 60
21 23 44 46 55 58 59
21 23 44 46 55 57 60
21 23 44 46 55 57 58 59
21 23 33 55 59 71 73
21 23 33 55 59 71 72
21 23 33 55 59 69 70 73
21 23 33 55 59 69 70 71 72
21 23 33 55 57 71 73
21 23 33 55 57 71 72
21 23 33 55 57 69 70 73
21 23 33 55 57 69 70 71 72
21 23 33 46 55 59 71
21 23 33 46 55 59 69 70
21 23 33 46 55 57 71
21 23 33 46 55 57 69 70
21 23 33 44 55 59 73
21 23 33 44 55 59 71 72
21 23 33 44 55 57 73
21 23 33 44 55 57 71 72
21 23 33 44 46 55 59
21 23 33 44 46 55 57
16 67 69
16 67 68
16 65 66 69
16 65 66 67 68
16 56 59 69 77
16 56 59 69 75 76
16 56 59 69 73 77
16 56 59 69 73 75 76
16 56 59 69 71 72 77
16 56 59 69 71 72 75 76
16 56 59 67 68 77
16 56 59 67 68 75 76
16 56 59 67 68 73 77
16 56 59 67 68 73 75 76
16 56 59 67 68 71 72 77
16 56 59 67 68 71 72 75 76
16 54 55 59 69 77
16 54 55 59 69 75 76
16 54 55 59 69 73 77
16 54 55 59 69 73 75 76
16 54 55 59 69 71 72 77
16 54 55 59 69 71 72 75 76
16 54 55 59 67 68 77
16 54 55 59 67 68 75 76
16 54 55 59 67 68 73 77
16 54 55 59 67 68 73 75 76
16 54 55 59 67 68 71 72 77
16 54 55 59 67 68 71 72 75 76
16 50 56 59 69
16 50 56 59 69 73
16 50 56 59 69 71 72
16 50 56 59 67 68
16 50 56 59 67 68 73
16 50 56 59 67 68 71 72
16 50 54 55 59 69
16 50 54 55 59 69 73
16 50 54 55 59 69 71 72
16 50 54 55 59 67 68
16 50 54 55 59 67 68 73
16 50 54 55 59 67 68 71 72
16 46 56 59 69 77
16 46 56 59 69 75 76
16 46 56 59 67 68 77
16 46 56 59 67 68 75 76
16 46 54 55 59 69 77
16 46 54 55 59 69 75 76
16 46 54 55 59 67 68 77
16 46 54 55 59 67 68 75 76
16 46 50 56 59 69
16 46 50 56 59 67 68
16 46 50 54 55 59 69
16 46 50 54 55 59 67 68
16 42 67
16 42 65 66
16 42 56 59 77
16 42 56 59 75 76
16 42 56 59 73 77
16 42 56 59 73 75 76
16 42 56 59 71 72 77
16 42 56 59 71 72 75 76
16 42 54 55 59 77
16 42 54 55 59 75 76
16 42 54 55 59 73 77
16 42 54 55 59 73 75 76
16 42 54 55 59 71 72 77
16 42 54 55 59 71 72 75 76
16 42 50 56 59
16 42 50 56 59 73
16 42 50 56 59 71 72
16 42 50 54 55 59
16 42 50 54 55 59 73
16 42 50 54 55 59 71 72
16 42 46 56 59 77
16 42 46 56 59 75 76
16 42 46 54 55 59 77
16 42 46 54 55 59 75 76
16 42 46 50 56 59
16 42 46 50 54 55 59
16 40 69
16 40 67 68
16 40 42
16 29 59 69 77
16 29 59 69 75 76
16 29 59 69 73 77
16 29 59 69 73 75 76
16 29 59 69 71 72 77
16 29 59 69 71 72 75 76
16 29 59 67 68 77
16 29 59 67 68 75 76
16 29 59 67 68 73 77
16 29 59 67 68 73 75 76
16 29 59 67 68 71 72 77
16 29 59 67 68 71 72 75 76
16 29 50 59 69
16 29 50 59 69 73
16 29 50 59 69 71 72
16 29 50 59 67 68
16 29 50 59 67 68 73
16 29 50 59 67 68 71 72
16 29 46 59 69 77
16 29 46 59 69 75 76
16 29 46 59 67 68 77
16 29 46 59 67 68 75 76
16 29 46 50 59 69
16 29 46 50 59 67 68
16 29 42 59 77
16 29 42 59 75 76
16 29 42 59 73 77
16 29 42 59 73 75 76
16 29 42 59 71 72 77
16 29 42 59 71 72 75 76
16 29 42 50 59
16 29 42 50 59 73
16 29 42 50 59 71 72
16 29 42 46 59 77
16 29 42 46 59 75 76
16 29 42 46 50 59
16 28 56 59 69 77
16 28 56 59 69 75 76
16 28 56 59 67 68 77
16 28 56 59 67 68 75 76
16 28 54 55 59 69 77
16 28 54 55 59 69 75 76
16 28 54 55 59 67 68 77
16 28 54 55 59 67 68 75 76
16 28 50 56 59 69
16 28 50 56 59 67 68
16 28 50 54 55 59 69
16 28 50 54 55 59 67 68
16 28 42 56 59 77
16 28 42 56 59 75 76
16 28 42 54 55 59 77
16 28 42 54 55 59 75 76
16 28 42 50 56 59
16 28 42 50 54 55 59
16 28 29 59 69 77
16 28 29 59 69 75 76
16 28 29 59 67 68 77
16 28 29 59 67 68 75 76
16 28 29 50 59 69
16 28 29 50 59 67 68
16 28 29 42 59 77
16 28 29 42 59 75 76
16 28 29 42 50 59
16 26 27 56 59 69 77
16 26 27 56 59 69 75 76
16 26 27 56 59 67 68 77
16 26 27 56 59 67 68 75 76
16 26 27 54 55 59 69 77
16 26 27 54 55 59 69 75 76
16 26 27 54 55 59 67 68 77
16 26 27 54 55 59 67 68 75 76
16 26 27 50 56 59 69
16 26 27 50 56 59 67 68
16 26 27 50 54 55 59 69
16 26 27 50 54 55 59 67 68
16 26 27 42 56 59 77
16 26 27 42 56 59 75 76
16 26 27 42 54 55 59 77
16 26 27 42 54 55 59 75 76
16 26 27 42 50 56 59
16 26 27 42 50 54 55 59
16 26 27 29 59 69 77
16 26 27 29 59 69 75 76
16 26 27 29 59 67 68 77
16 26 27 29 59 67 68 75 76
16 26 27 29 50 59 69
16 26 27 29 50 59 67 68
16 26 27 29 42 59 77
16 26 27 29 42 59 75 76
16 26 27 29 42 50 59
15
12 57 69 71 75
12 57 69 71 73 74
12 57 69 70 75
12 57 69 70 73 74
12 57 67 68 71 75
12 57 67 68 71 73 74
12 57 67 68 69 70 75
12 57 67 68 69 70 73 74
12 48 57 69 71
12 48 57 69 70
12 48 57 67 68 71
12 48 57 67 68 69 70
12 44 57 69 75
12 44 57 69 73 74
12 44 57 67 68 75
12 44 57 67 68 73 74
12 44 48 57 69
12 44 48 57 67 68
12 42 57 71 75
12 42 57 71 73 74
12 42 57 69 70 75
12 42 57 69 70 73 74
12 42 48 57 71
12 42 48 57 69 70
12 42 44 57 75
12 42 44 57 73 74
12 42 44 48 57
10
8
8 59
7 67 69
7 67 68
7 65 66 69
7 65 66 67 68
7 42 67
7 42 65 66
7 40 69
7 40 67 68
7 40 42
7 23 55 59 60 71 73
7 23 55 59 60 71 72
7 23 55 59 60 69 70 73
7 23 55 59 60 69 70 71 72
7 23 55 58 59 71 73
7 23 55 58 59 71 72
7 23 55 58 59 69 70 73
7 23 55 58 59 69 70 71 72
7 23 55 57 60 71 73
7 23 55 57 60 71 72
7 23 55 57 60 69 70 73
7 23 55 57 60 69 70 71 72
7 23 55 57 58 59 71 73
7 23 55 57 58 59 71 72
7 23 55 57 58 59 69 70 73
7 23 55 57 58 59 69 70 71 72
7 23 46 55 59 60 71
7 23 46 55 59 60 69 70
7 23 46 55 58 59 71
7 23 46 55 58 59 69 70
7 23 46 55 57 60 71
7 23 46 55 57 60 69 70
7 23 46 55 57 58 59 71
7 23 46 55 57 58 59 69 70
7 23 44 55 59 60 73
7 23 44 55 59 60 71 72
7 23 44 55 58 59 73
7 23 44 55 58 59 71 72
7 23 44 55 57 60 73
7 23 44 55 57 60 71 72
7 23 44 55 57 58 59 73
7 23 44 55 57 58 59 71 72
7 23 44 46 55 59 60
7 23 44 46 55 58 59
7 23 44 46 55 57 60
7 23 44 46 55 57 58 59
7 23 33 55 59 71 73
7 23 33 55 59 71 72
7 23 33 55 59 69 70 73
7 23 33 55 59 69 70 71 72
7 23 33 55 57 71 73
7 23 33 55 57 71 72
7 23 33 55 57 69 70 73
7 23 33 55 57 69 70 71 72
7 23 33 46 55 59 71
7 23 33 46 55 59 69 70
7 23 33 46 55 57 71
7 23 33 46 55 57 69 70
7 23 33 44 55 59 73
7 23 33 44 55 59 71 72
7 23 33 44 55 57 73
7 23 33 44 55 57 71 72
7 23 33 44 46 55 59
7 23 33 44 46 55 57
7 8
6
1 57 60 69 71 73
1 57 60 69 71 72
1 57 60 69 70 73
1 57 60 69 70 71 72
1 57 60 67 68 71 73
1 57 60 67 68 71 72
1 57 60 67 68 69 70 73
1 57 60 67 68 69 70 71 72
1 57 58 59 69 71 73
1 57 58 59 69 71 72
1 57 58 59 69 70 73
1 57 58 59 69 70 71 72
1 57 58 59 67 68 71 73
1 57 58 59 67 68 71 72
1 57 58 59 67 68 69 70 73
1 57 58 59 67 68 69 70 71 72
1 46 57 60 69 71
1 46 57 60 69 70
1 46 57 60 67 68 71
1 46 57 60 67 68 69 70
1 46 57 58 59 69 71
1 46 57 58 59 69 70
1 46 57 58 59 67 68 71
1 46 57 58 59 67 68 69 70
1 44 57 60 69 73
1 44 57 60 69 71 72
1 44 57 60 67 68 73
1 44 57 60 67 68 71 72
1 44 57 58 59 69 73
1 44 57 58 59 69 71 72
1 44 57 58 59 67 68 73
1 44 57 58 59 67 68 71 72
1 44 46 57 60 69
1 44 46 57 60 67 68
1 44 46 57 58 59 69
1 44 46 57 58 59 67 68
1 43 56 59 69 77
1 43 56 59 69 75 76
1 43 56 59 67 68 77
1 43 56 59 67 68 75 76
1 43 54 55 59 69 77
1 43 54 55 59 69 75 76
1 43 54 55 59 67 68 77
1 43 54 55 59 67 68 75 76
1 43 50 56 59 69
1 43 50 56 59 67 68
1 43 50 54 55 59 69
1 43 50 54 55 59 67 68
1 42 57 60 71 73
1 42 57 60 71 72
1 42 57 60 69 70 73
1 42 57 60 69 70 71 72
1 42 57 58 59 71 73
1 42 57 58 59 71 72
1 42 57 58 59 69 70 73
1 42 57 58 59 69 70 71 72
1 42 46 57 60 71
1 42 46 57 60 69 70
1 42 46 57 58 59 71
1 42 46 57 58 59 69 70
1 42 44 57 60 73
1 42 44 57 60 71 72
1 42 44 57 58 59 73
1 42 44 57 58 59 71 72
1 42 44 46 57 60
1 42 44 46 57 58 59
1 42 43 56 59 77
1 42 43 56 59 75 76
1 42 43 54 55 59 77
1 42 43 54 55 59 75 76
1 42 43 50 56 59
1 42 43 50 54 55 59
1 41 42 56 59 77
1 41 42 56 59 75 76
1 41 42 56 59 69 77
1 41 42 56 59 69 75 76
1 41 42 56 59 67 68 77
1 41 42 56 59 67 68 75 76
1 41 42 54 55 59 77
1 41 42 54 55 59 75 76
1 41 42 54 55 59 69 77
1 41 42 54 55 59 69 75 76
1 41 42 54 55 59 67 68 77
1 41 42 54 55 59 67 68 75 76
1 41 42 50 56 59
1 41 42 50 56 59 69
1 41 42 50 56 59 67 68
1 41 42 50 54 55 59
1 41 42 50 54 55 59 69
1 41 42 50 54 55 59 67 68
1 33 57 69 71 73
1 33 57 69 71 72
1 33 57 69 70 73
1 33 57 69 70 71 72
1 33 57 67 68 71 73
1 33 57 67 68 71 72
1 33 57 67 68 69 70 73
1 33 57 67 68 69 70 71 72
1 33 46 57 69 71
1 33 46 57 69 70
1 33 46 57 67 68 71
1 33 46 57 67 68 69 70
1 33 44 57 69 73
1 33 44 57 69 71 72
1 33 44 57 67 68 73
1 33 44 57 67 68 71 72
1 33 44 46 57 69
1 33 44 46 57 67 68
1 33 42 57 71 73
1 33 42 57 71 72
1 33 42 57 69 70 73
1 33 42 57 69 70 71 72
1 33 42 46 57 71
1 33 42 46 57 69 70
1 33 42 44 57 73
1 33 42 44 57 71 72
1 33 42 44 46 57
1 29 43 59 69 77
1 29 43 59 69 75 76
1 29 43 59 67 68 77
1 29 43 59 67 68 75 76
1 29 43 50 59 69
1 29 43 50 59 67 68
1 29 42 43 59 77
1 29 42 43 59 75 76
1 29 42 43 50 59
1 29 41 42 59 77
1 29 41 42 59 75 76
1 29 41 42 59 69 77
1 29 41 42 59 69 75 76
1 29 41 42 59 67 68 77
1 29 41 42 59 67 68 75 76
1 29 41 42 50 59
1 29 41 42 50 59 69
1 29 41 42 50 59 67 68
1 16 56 59 69 77
1 16 56 59 69 75 76
1 16 56 59 67 68 77
1 16 56 59 67 68 75 76
1 16 54 55 59 69 77
1 16 54 55 59 69 75 76
1 16 54 55 59 67 68 77
1 16 54 55 59 67 68 75 76
1 16 50 56 59 69
1 16 50 56 59 67 68
1 16 50 54 55 59 69
1 16 50 54 55 59 67 68
1 16 42 56 59 77
1 16 42 56 59 75 76
1 16 42 54 55 59 77
1 16 42 54 55 59 75 76
1 16 42 50 56 59
1 16 42 50 54 55 59
1 16 29 59 69 77
1 16 29 59 69 75 76
1 16 29 59 67 68 77
1 16 29 59 67 68 75 76
1 16 29 50 59 69
1 16 29 50 59 67 68
1 16 29 42 59 77
1 16 29 42 59 75 76
1 16 29 42 50 59
0
