68 71 
68 69 
68 69 70 
67 79 
67 78 79 
67 77 78 
67 71 
67 69 
67 69 70 
67 68 79 
67 68 77 78 
65 67 
65 66 79 
65 66 78 79 
65 66 77 78 
65 66 71 
65 66 69 
65 66 69 70 
65 66 68 79 
65 66 68 77 78 
65 66 67 68 
64 
63 
63 64 
59 67 79 
59 67 77 
59 67 77 78 
59 67 75 76 
59 65 79 
59 65 77 78 
59 65 67 
59 65 66 
59 65 66 79 
59 65 66 77 
59 65 66 77 78 
59 65 66 75 76 
59 64 67 
59 64 65 66 
59 63 67 
59 63 65 66 
59 63 64 67 
59 63 64 65 79 
59 63 64 65 77 78 
59 63 64 65 66 
57 71 75 
57 71 72 74 
57 69 77 
57 69 75 76 
57 69 73 77 
57 69 73 75 76 
57 69 71 77 
57 69 71 75 77 
57 69 71 72 77 
57 69 71 72 75 76 
57 69 71 72 74 77 
57 69 71 72 74 75 76 
57 69 70 77 
57 69 70 75 
57 69 70 75 77 
57 69 70 72 73 
57 69 70 72 73 77 
57 69 70 72 73 75 76 
57 69 70 71 72 74 
57 69 70 71 72 74 77 
57 69 70 71 72 74 75 76 
57 69 70 71 72 73 
57 69 70 71 72 73 77 
57 69 70 71 72 73 75 76 
57 67 
57 67 68 77 
57 67 68 75 76 
57 67 68 73 77 
57 67 68 73 75 76 
57 67 68 71 77 
57 67 68 71 75 77 
57 67 68 71 72 77 
57 67 68 71 72 75 76 
57 67 68 71 72 74 77 
57 67 68 71 72 74 75 76 
57 67 68 69 70 77 
57 67 68 69 70 75 77 
57 67 68 69 70 72 73 77 
57 67 68 69 70 72 73 75 76 
57 67 68 69 70 71 72 74 77 
57 67 68 69 70 71 72 74 75 76 
57 67 68 69 70 71 72 73 77 
57 67 68 69 70 71 72 73 75 76 
57 65 66 
57 64 69 71 75 
57 64 69 71 73 74 
57 64 69 70 75 
57 64 69 70 73 74 
57 64 67 68 71 75 
57 64 67 68 71 73 74 
57 64 67 68 69 70 75 
57 64 67 68 69 70 73 74 
57 62 71 75 
57 62 71 73 74 
57 62 69 70 75 
57 62 69 70 73 74 
57 62 63 69 71 75 
57 62 63 69 71 73 74 
57 62 63 69 70 75 
57 62 63 69 70 73 74 
57 62 63 67 68 71 75 
57 62 63 67 68 71 73 74 
57 62 63 67 68 69 70 75 
57 62 63 67 68 69 70 73 74 
57 60 71 
57 60 69 73 77 
57 60 69 73 75 76 
57 60 69 71 72 77 
57 60 69 71 72 75 76 
57 60 69 70 
57 60 67 68 73 77 
57 60 67 68 73 75 76 
57 60 67 68 71 72 77 
57 60 67 68 71 72 75 76 
57 60 61 71 75 
57 60 61 71 73 74 
57 60 61 69 70 75 
57 60 61 69 70 73 74 
57 59 69 73 77 
57 59 69 73 75 76 
57 59 69 71 77 
57 59 69 71 75 76 
57 59 69 71 72 77 
57 59 69 71 72 75 76 
57 59 69 70 77 
57 59 69 70 75 76 
57 59 67 68 73 77 
57 59 67 68 73 75 76 
57 59 67 68 71 77 
57 59 67 68 71 75 76 
57 59 67 68 71 72 77 
57 59 67 68 71 72 75 76 
57 59 67 68 69 70 77 
57 59 67 68 69 70 75 76 
57 59 64 69 71 75 
57 59 64 69 71 73 74 
57 59 64 69 70 75 
57 59 64 69 70 73 74 
57 59 64 67 68 71 75 
57 59 64 67 68 71 73 74 
57 59 64 67 68 69 70 75 
57 59 64 67 68 69 70 73 74 
57 59 62 63 69 71 75 
57 59 62 63 69 71 73 74 
57 59 62 63 69 70 75 
57 59 62 63 69 70 73 74 
57 59 62 63 67 68 71 75 
57 59 62 63 67 68 71 73 74 
57 59 62 63 67 68 69 70 75 
57 59 62 63 67 68 69 70 73 74 
57 59 60 69 77 
57 59 60 69 75 76 
57 59 60 67 68 77 
57 59 60 67 68 75 76 
57 58 71 77 
57 58 71 75 76 
57 58 69 73 77 
57 58 69 73 75 76 
57 58 69 71 77 
57 58 69 71 75 76 
57 58 69 71 72 77 
57 58 69 71 72 75 76 
57 58 67 68 73 77 
57 58 67 68 73 75 76 
57 58 67 68 71 77 
57 58 67 68 71 75 76 
57 58 67 68 71 72 77 
57 58 67 68 71 72 75 76 
57 58 67 68 69 70 77 
57 58 67 68 69 70 75 76 
57 58 59 71 
57 58 59 69 71 77 
57 58 59 69 71 75 76 
57 58 59 69 70 
57 58 59 69 70 77 
57 58 59 69 70 75 76 
57 58 59 67 68 71 77 
57 58 59 67 68 71 75 76 
57 58 59 67 68 69 70 77 
57 58 59 67 68 69 70 75 76 
56 
56 57 71 77 
56 57 71 75 
56 57 71 75 76 
56 57 71 72 74 
56 57 69 73 77 
56 57 69 73 75 76 
56 57 69 71 77 
56 57 69 71 75 76 
56 57 69 71 72 77 
56 57 69 71 72 75 76 
56 57 69 70 75 
56 57 69 70 72 73 
56 57 69 70 71 72 74 
56 57 69 70 71 72 73 
56 57 67 68 73 77 
56 57 67 68 73 75 76 
56 57 67 68 71 77 
56 57 67 68 71 75 76 
56 57 67 68 71 72 77 
56 57 67 68 71 72 75 76 
56 57 67 68 69 70 77 
56 57 67 68 69 70 75 76 
56 57 59 69 77 
56 57 59 69 75 76 
56 57 59 69 73 77 
56 57 59 69 73 75 76 
56 57 59 69 71 77 
56 57 59 69 71 75 76 
56 57 59 69 71 72 77 
56 57 59 69 71 72 75 76 
56 57 59 69 70 77 
56 57 59 69 70 75 76 
56 57 59 67 68 77 
56 57 59 67 68 75 76 
56 57 59 67 68 73 77 
56 57 59 67 68 73 75 76 
56 57 59 67 68 71 77 
56 57 59 67 68 71 75 76 
56 57 59 67 68 71 72 77 
56 57 59 67 68 71 72 75 76 
56 57 59 67 68 69 70 77 
56 57 59 67 68 69 70 75 76 
56 57 58 69 73 77 
56 57 58 69 73 75 76 
56 57 58 69 71 77 
56 57 58 69 71 75 76 
56 57 58 69 71 72 77 
56 57 58 69 71 72 75 76 
56 57 58 69 70 77 
56 57 58 69 70 75 76 
56 57 58 67 68 73 77 
56 57 58 67 68 73 75 76 
56 57 58 67 68 71 77 
56 57 58 67 68 71 75 76 
56 57 58 67 68 71 72 77 
56 57 58 67 68 71 72 75 76 
56 57 58 67 68 69 70 77 
56 57 58 67 68 69 70 75 76 
56 57 58 59 69 77 
56 57 58 59 69 75 76 
56 57 58 59 67 68 77 
56 57 58 59 67 68 75 76 
55 57 71 77 
55 57 71 75 77 
55 57 71 72 74 77 
55 57 71 72 74 75 76 
55 57 69 70 77 
55 57 69 70 75 77 
55 57 69 70 72 73 77 
55 57 69 70 72 73 75 76 
55 57 69 70 71 72 74 77 
55 57 69 70 71 72 74 75 76 
55 57 69 70 71 72 73 77 
55 57 69 70 71 72 73 75 76 
55 57 59 71 77 
55 57 59 71 75 76 
55 57 59 69 70 77 
55 57 59 69 70 75 76 
55 57 58 71 77 
55 57 58 71 75 76 
55 57 58 69 70 77 
55 57 58 69 70 75 76 
55 57 58 60 71 77 
55 57 58 60 71 75 76 
55 57 58 60 69 70 77 
55 57 58 60 69 70 75 76 
55 56 59 60 71 
55 56 59 60 69 70 
55 56 59 60 65 71 
55 56 59 60 65 69 70 
55 56 58 59 71 
55 56 58 59 69 70 
55 56 58 59 65 71 
55 56 58 59 65 69 70 
55 56 57 71 77 
55 56 57 71 75 76 
55 56 57 69 70 77 
55 56 57 69 70 75 76 
55 56 57 60 71 77 
55 56 57 60 71 75 76 
55 56 57 60 69 70 77 
55 56 57 60 69 70 75 76 
55 56 57 60 65 71 
55 56 57 60 65 69 70 
55 56 57 59 71 77 
55 56 57 59 71 75 76 
55 56 57 59 69 70 77 
55 56 57 59 69 70 75 76 
55 56 57 59 60 65 71 
55 56 57 59 60 65 69 70 
55 56 57 58 71 77 
55 56 57 58 71 75 76 
55 56 57 58 69 70 77 
55 56 57 58 69 70 75 76 
55 56 57 58 59 71 77 
55 56 57 58 59 71 75 76 
55 56 57 58 59 69 70 77 
55 56 57 58 59 69 70 75 76 
54 55 
54 55 59 60 65 71 
54 55 59 60 65 69 70 
54 55 58 59 65 71 
54 55 58 59 65 69 70 
54 55 57 71 75 
54 55 57 71 72 74 
54 55 57 69 70 75 
54 55 57 69 70 72 73 
54 55 57 69 70 71 72 74 
54 55 57 69 70 71 72 73 
54 55 57 60 71 
54 55 57 60 69 70 
54 55 57 60 65 71 
54 55 57 60 65 69 70 
54 55 57 59 60 71 
54 55 57 59 60 69 70 
54 55 57 59 60 65 71 
54 55 57 59 60 65 69 70 
54 55 56 59 60 71 
54 55 56 59 60 69 70 
54 55 56 58 59 71 
54 55 56 58 59 69 70 
54 55 56 57 60 71 
54 55 56 57 60 69 70 
54 55 56 57 59 60 71 
54 55 56 57 59 60 69 70 
53 67 
53 65 66 
52 67 
52 67 68 
52 65 66 
52 65 66 68 
52 59 67 
52 59 65 
52 59 65 66 
52 59 63 64 65 
50 59 67 
50 59 65 66 
50 57 69 
50 57 69 73 
50 57 69 71 
50 57 69 71 75 
50 57 69 71 72 
50 57 69 71 72 74 
50 57 69 70 
50 57 69 70 75 
50 57 69 70 72 73 
50 57 69 70 71 72 74 
50 57 69 70 71 72 73 
50 57 67 68 
50 57 67 68 73 
50 57 67 68 71 
50 57 67 68 71 75 
50 57 67 68 71 72 
50 57 67 68 71 72 74 
50 57 67 68 69 70 
50 57 67 68 69 70 75 
50 57 67 68 69 70 72 73 
50 57 67 68 69 70 71 72 74 
50 57 67 68 69 70 71 72 73 
50 57 60 69 73 
50 57 60 69 71 72 
50 57 60 67 68 73 
50 57 60 67 68 71 72 
50 57 59 69 73 
50 57 59 69 71 
50 57 59 69 71 72 
50 57 59 69 70 
50 57 59 67 68 73 
50 57 59 67 68 71 
50 57 59 67 68 71 72 
50 57 59 67 68 69 70 
50 57 59 60 69 
50 57 59 60 67 68 
50 57 58 71 
50 57 58 69 73 
50 57 58 69 71 
50 57 58 69 71 72 
50 57 58 67 68 73 
50 57 58 67 68 71 
50 57 58 67 68 71 72 
50 57 58 67 68 69 70 
50 57 58 59 69 71 
50 57 58 59 69 70 
50 57 58 59 67 68 71 
50 57 58 59 67 68 69 70 
50 56 57 71 
50 56 57 69 73 
50 56 57 69 71 
50 56 57 69 71 72 
50 56 57 67 68 73 
50 56 57 67 68 71 
50 56 57 67 68 71 72 
50 56 57 67 68 69 70 
50 56 57 59 69 
50 56 57 59 69 73 
50 56 57 59 69 71 
50 56 57 59 69 71 72 
50 56 57 59 69 70 
50 56 57 59 67 68 
50 56 57 59 67 68 73 
50 56 57 59 67 68 71 
50 56 57 59 67 68 71 72 
50 56 57 59 67 68 69 70 
50 56 57 58 69 73 
50 56 57 58 69 71 
50 56 57 58 69 71 72 
50 56 57 58 69 70 
50 56 57 58 67 68 73 
50 56 57 58 67 68 71 
50 56 57 58 67 68 71 72 
50 56 57 58 67 68 69 70 
50 56 57 58 59 69 
50 56 57 58 59 67 68 
50 55 57 71 
50 55 57 71 75 
50 55 57 71 72 74 
50 55 57 69 70 
50 55 57 69 70 75 
50 55 57 69 70 72 73 
50 55 57 69 70 71 72 74 
50 55 57 69 70 71 72 73 
50 55 57 59 71 
50 55 57 59 69 70 
50 55 57 58 71 
50 55 57 58 69 70 
50 55 57 58 60 71 
50 55 57 58 60 69 70 
50 55 56 57 71 
50 55 56 57 69 70 
50 55 56 57 60 71 
50 55 56 57 60 69 70 
50 55 56 57 59 71 
50 55 56 57 59 69 70 
50 55 56 57 58 71 
50 55 56 57 58 69 70 
50 55 56 57 58 59 71 
50 55 56 57 58 59 69 70 
49 
48 57 71 
48 57 69 71 77 
48 57 69 71 75 76 
48 57 69 70 
48 57 69 70 77 
48 57 69 70 75 76 
48 57 67 68 71 77 
48 57 67 68 71 75 76 
48 57 67 68 69 70 77 
48 57 67 68 69 70 75 76 
48 57 64 69 71 
48 57 64 69 70 
48 57 64 67 68 71 
48 57 64 67 68 69 70 
48 57 62 71 
48 57 62 69 70 
48 57 62 63 69 71 
48 57 62 63 69 70 
48 57 62 63 67 68 71 
48 57 62 63 67 68 69 70 
48 57 60 61 71 
48 57 60 61 69 70 
48 57 59 64 69 71 
48 57 59 64 69 70 
48 57 59 64 67 68 71 
48 57 59 64 67 68 69 70 
48 57 59 62 63 69 71 
48 57 59 62 63 69 70 
48 57 59 62 63 67 68 71 
48 57 59 62 63 67 68 69 70 
48 56 57 71 
48 56 57 69 70 
48 55 57 71 77 
48 55 57 71 75 76 
48 55 57 69 70 77 
48 55 57 69 70 75 76 
48 54 55 57 71 
48 54 55 57 69 70 
48 50 57 69 71 
48 50 57 69 70 
48 50 57 67 68 71 
48 50 57 67 68 69 70 
48 50 55 57 71 
48 50 55 57 69 70 
47 57 71 73 
47 57 71 72 
47 57 69 71 73 77 
47 57 69 71 73 75 76 
47 57 69 71 72 77 
47 57 69 71 72 75 76 
47 57 69 70 73 
47 57 69 70 73 77 
47 57 69 70 73 75 76 
47 57 69 70 71 72 
47 57 69 70 71 72 77 
47 57 69 70 71 72 75 76 
47 57 67 68 71 73 77 
47 57 67 68 71 73 75 76 
47 57 67 68 71 72 77 
47 57 67 68 71 72 75 76 
47 57 67 68 69 70 73 77 
47 57 67 68 69 70 73 75 76 
47 57 67 68 69 70 71 72 77 
47 57 67 68 69 70 71 72 75 76 
47 56 57 71 73 
47 56 57 71 72 
47 56 57 69 70 73 
47 56 57 69 70 71 72 
47 55 57 71 73 77 
47 55 57 71 73 75 76 
47 55 57 71 72 77 
47 55 57 71 72 75 76 
47 55 57 69 70 73 77 
47 55 57 69 70 73 75 76 
47 55 57 69 70 71 72 77 
47 55 57 69 70 71 72 75 76 
47 54 55 57 71 73 
47 54 55 57 71 72 
47 54 55 57 69 70 73 
47 54 55 57 69 70 71 72 
47 50 57 69 71 73 
47 50 57 69 71 72 
47 50 57 69 70 73 
47 50 57 69 70 71 72 
47 50 57 67 68 71 73 
47 50 57 67 68 71 72 
47 50 57 67 68 69 70 73 
47 50 57 67 68 69 70 71 72 
47 50 55 57 71 73 
47 50 55 57 71 72 
47 50 55 57 69 70 73 
47 50 55 57 69 70 71 72 
47 48 
46 57 71 74 
46 57 71 72 73 
46 57 69 77 
46 57 69 75 76 
46 57 69 71 74 77 
46 57 69 71 74 75 76 
46 57 69 71 72 73 77 
46 57 69 71 72 73 75 76 
46 57 69 70 74 
46 57 69 70 74 77 
46 57 69 70 74 75 76 
46 57 69 70 72 73 
46 57 69 70 72 73 77 
46 57 69 70 72 73 75 76 
46 57 67 68 77 
46 57 67 68 75 76 
46 57 67 68 71 74 77 
46 57 67 68 71 74 75 76 
46 57 67 68 71 72 73 77 
46 57 67 68 71 72 73 75 76 
46 57 67 68 69 70 74 77 
46 57 67 68 69 70 74 75 76 
46 57 67 68 69 70 72 73 77 
46 57 67 68 69 70 72 73 75 76 
46 57 60 69 77 
46 57 60 69 75 76 
46 57 60 67 68 77 
46 57 60 67 68 75 76 
46 57 59 69 77 
46 57 59 69 75 76 
46 57 59 67 68 77 
46 57 59 67 68 75 76 
46 57 58 69 77 
46 57 58 69 75 76 
46 57 58 67 68 77 
46 57 58 67 68 75 76 
46 56 57 71 74 
46 56 57 71 72 73 
46 56 57 69 77 
46 56 57 69 75 76 
46 56 57 69 70 74 
46 56 57 69 70 72 73 
46 56 57 67 68 77 
46 56 57 67 68 75 76 
46 56 57 59 69 77 
46 56 57 59 69 75 76 
46 56 57 59 67 68 77 
46 56 57 59 67 68 75 76 
46 56 57 58 69 77 
46 56 57 58 69 75 76 
46 56 57 58 67 68 77 
46 56 57 58 67 68 75 76 
46 55 57 71 74 77 
46 55 57 71 74 75 76 
46 55 57 71 72 73 77 
46 55 57 71 72 73 75 76 
46 55 57 69 70 74 77 
46 55 57 69 70 74 75 76 
46 55 57 69 70 72 73 77 
46 55 57 69 70 72 73 75 76 
46 54 55 57 71 74 
46 54 55 57 71 72 73 
46 54 55 57 69 70 74 
46 54 55 57 69 70 72 73 
46 50 57 69 
46 50 57 69 71 74 
46 50 57 69 71 72 73 
46 50 57 69 70 74 
46 50 57 69 70 72 73 
46 50 57 67 68 
46 50 57 67 68 71 74 
46 50 57 67 68 71 72 73 
46 50 57 67 68 69 70 74 
46 50 57 67 68 69 70 72 73 
46 50 57 60 69 
46 50 57 60 67 68 
46 50 57 59 69 
46 50 57 59 67 68 
46 50 57 58 69 
46 50 57 58 67 68 
46 50 56 57 69 
46 50 56 57 67 68 
46 50 56 57 59 69 
46 50 56 57 59 67 68 
46 50 56 57 58 69 
46 50 56 57 58 67 68 
46 50 55 57 71 74 
46 50 55 57 71 72 73 
46 50 55 57 69 70 74 
46 50 55 57 69 70 72 73 
46 47 57 71 
46 47 57 69 71 77 
46 47 57 69 71 75 76 
46 47 57 69 70 
46 47 57 69 70 77 
46 47 57 69 70 75 76 
46 47 57 67 68 71 77 
46 47 57 67 68 71 75 76 
46 47 57 67 68 69 70 77 
46 47 57 67 68 69 70 75 76 
46 47 56 57 71 
46 47 56 57 69 70 
46 47 55 57 71 77 
46 47 55 57 71 75 76 
46 47 55 57 69 70 77 
46 47 55 57 69 70 75 76 
46 47 54 55 57 71 
46 47 54 55 57 69 70 
46 47 50 57 69 71 
46 47 50 57 69 70 
46 47 50 57 67 68 71 
46 47 50 57 67 68 69 70 
46 47 50 55 57 71 
46 47 50 55 57 69 70 
45 57 69 73 77 
45 57 69 73 75 76 
45 57 69 71 77 
45 57 69 71 75 76 
45 57 69 71 72 77 
45 57 69 71 72 75 76 
45 57 69 70 77 
45 57 69 70 75 76 
45 57 67 68 73 77 
45 57 67 68 73 75 76 
45 57 67 68 71 77 
45 57 67 68 71 75 76 
45 57 67 68 71 72 77 
45 57 67 68 71 72 75 76 
45 57 67 68 69 70 77 
45 57 67 68 69 70 75 76 
45 57 59 69 77 
45 57 59 69 75 76 
45 57 59 67 68 77 
45 57 59 67 68 75 76 
45 57 58 59 69 77 
45 57 58 59 69 75 76 
45 57 58 59 67 68 77 
45 57 58 59 67 68 75 76 
45 56 57 59 69 77 
45 56 57 59 69 75 76 
45 56 57 59 67 68 77 
45 56 57 59 67 68 75 76 
45 55 57 71 77 
45 55 57 71 75 76 
45 55 57 69 70 77 
45 55 57 69 70 75 76 
45 50 57 69 73 
45 50 57 69 71 
45 50 57 69 71 72 
45 50 57 69 70 
45 50 57 67 68 73 
45 50 57 67 68 71 
45 50 57 67 68 71 72 
45 50 57 67 68 69 70 
45 50 57 59 69 
45 50 57 59 67 68 
45 50 57 58 59 69 
45 50 57 58 59 67 68 
45 50 56 57 59 69 
45 50 56 57 59 67 68 
45 50 55 57 71 
45 50 55 57 69 70 
45 46 57 69 77 
45 46 57 69 75 76 
45 46 57 67 68 77 
45 46 57 67 68 75 76 
45 46 50 57 69 
45 46 50 57 67 68 
44 68 
44 67 
44 65 66 
44 57 75 
44 57 72 73 
44 57 71 72 74 
44 57 71 72 73 
44 57 69 77 
44 57 69 75 77 
44 57 69 72 73 77 
44 57 69 72 73 75 76 
44 57 69 71 72 74 77 
44 57 69 71 72 74 75 76 
44 57 69 71 72 73 77 
44 57 69 71 72 73 75 76 
44 57 67 68 77 
44 57 67 68 75 77 
44 57 67 68 72 73 77 
44 57 67 68 72 73 75 76 
44 57 67 68 71 72 74 77 
44 57 67 68 71 72 74 75 76 
44 57 67 68 71 72 73 77 
44 57 67 68 71 72 73 75 76 
44 57 64 69 75 
44 57 64 69 73 74 
44 57 64 67 68 75 
44 57 64 67 68 73 74 
44 57 62 75 
44 57 62 73 74 
44 57 62 63 69 75 
44 57 62 63 69 73 74 
44 57 62 63 67 68 75 
44 57 62 63 67 68 73 74 
44 57 60 
44 57 60 61 75 
44 57 60 61 73 74 
44 57 59 69 77 
44 57 59 69 75 76 
44 57 59 67 68 77 
44 57 59 67 68 75 76 
44 57 59 64 69 75 
44 57 59 64 69 73 74 
44 57 59 64 67 68 75 
44 57 59 64 67 68 73 74 
44 57 59 62 63 69 75 
44 57 59 62 63 69 73 74 
44 57 59 62 63 67 68 75 
44 57 59 62 63 67 68 73 74 
44 57 58 77 
44 57 58 75 76 
44 57 58 69 77 
44 57 58 69 75 76 
44 57 58 67 68 77 
44 57 58 67 68 75 76 
44 57 58 59 
44 57 58 59 69 77 
44 57 58 59 69 75 76 
44 57 58 59 67 68 77 
44 57 58 59 67 68 75 76 
44 56 57 77 
44 56 57 75 
44 56 57 75 76 
44 56 57 72 73 
44 56 57 71 72 74 
44 56 57 71 72 73 
44 56 57 69 77 
44 56 57 69 75 76 
44 56 57 67 68 77 
44 56 57 67 68 75 76 
44 56 57 59 69 77 
44 56 57 59 69 75 76 
44 56 57 59 67 68 77 
44 56 57 59 67 68 75 76 
44 56 57 58 69 77 
44 56 57 58 69 75 76 
44 56 57 58 67 68 77 
44 56 57 58 67 68 75 76 
44 55 57 77 
44 55 57 75 77 
44 55 57 72 73 77 
44 55 57 72 73 75 76 
44 55 57 71 72 74 77 
44 55 57 71 72 74 75 76 
44 55 57 71 72 73 77 
44 55 57 71 72 73 75 76 
44 55 57 59 77 
44 55 57 59 75 76 
44 55 57 58 77 
44 55 57 58 75 76 
44 55 57 58 60 77 
44 55 57 58 60 75 76 
44 55 56 59 60 
44 55 56 59 60 65 
44 55 56 58 59 
44 55 56 58 59 65 
44 55 56 57 77 
44 55 56 57 75 76 
44 55 56 57 60 77 
44 55 56 57 60 75 76 
44 55 56 57 60 65 
44 55 56 57 59 77 
44 55 56 57 59 75 76 
44 55 56 57 59 60 65 
44 55 56 57 58 77 
44 55 56 57 58 75 76 
44 55 56 57 58 59 77 
44 55 56 57 58 59 75 76 
44 54 55 59 60 65 
44 54 55 58 59 65 
44 54 55 57 75 
44 54 55 57 72 73 
44 54 55 57 71 72 74 
44 54 55 57 71 72 73 
44 54 55 57 60 
44 54 55 57 60 65 
44 54 55 57 59 60 
44 54 55 57 59 60 65 
44 54 55 56 59 60 
44 54 55 56 58 59 
44 54 55 56 57 60 
44 54 55 56 57 59 60 
44 50 57 69 
44 50 57 69 75 
44 50 57 69 72 73 
44 50 57 69 71 72 74 
44 50 57 69 71 72 73 
44 50 57 67 68 
44 50 57 67 68 75 
44 50 57 67 68 72 73 
44 50 57 67 68 71 72 74 
44 50 57 67 68 71 72 73 
44 50 57 59 69 
44 50 57 59 67 68 
44 50 57 58 
44 50 57 58 69 
44 50 57 58 67 68 
44 50 57 58 59 69 
44 50 57 58 59 67 68 
44 50 56 57 
44 50 56 57 69 
44 50 56 57 67 68 
44 50 56 57 59 69 
44 50 56 57 59 67 68 
44 50 56 57 58 69 
44 50 56 57 58 67 68 
44 50 55 57 
44 50 55 57 75 
44 50 55 57 72 73 
44 50 55 57 71 72 74 
44 50 55 57 71 72 73 
44 50 55 57 59 
44 50 55 57 58 
44 50 55 57 58 60 
44 50 55 56 57 
44 50 55 56 57 60 
44 50 55 56 57 59 
44 50 55 56 57 58 
44 50 55 56 57 58 59 
44 48 57 
44 48 57 69 77 
44 48 57 69 75 76 
44 48 57 67 68 77 
44 48 57 67 68 75 76 
44 48 57 64 69 
44 48 57 64 67 68 
44 48 57 62 
44 48 57 62 63 69 
44 48 57 62 63 67 68 
44 48 57 60 61 
44 48 57 59 64 69 
44 48 57 59 64 67 68 
44 48 57 59 62 63 69 
44 48 57 59 62 63 67 68 
44 48 56 57 
44 48 55 57 77 
44 48 55 57 75 76 
44 48 54 55 57 
44 48 50 57 69 
44 48 50 57 67 68 
44 48 50 55 57 
44 47 57 73 
44 47 57 71 72 
44 47 57 69 73 77 
44 47 57 69 73 75 76 
44 47 57 69 71 72 77 
44 47 57 69 71 72 75 76 
44 47 57 67 68 73 77 
44 47 57 67 68 73 75 76 
44 47 57 67 68 71 72 77 
44 47 57 67 68 71 72 75 76 
44 47 56 57 73 
44 47 56 57 71 72 
44 47 55 57 73 77 
44 47 55 57 73 75 76 
44 47 55 57 71 72 77 
44 47 55 57 71 72 75 76 
44 47 54 55 57 73 
44 47 54 55 57 71 72 
44 47 50 57 69 73 
44 47 50 57 69 71 72 
44 47 50 57 67 68 73 
44 47 50 57 67 68 71 72 
44 47 50 55 57 73 
44 47 50 55 57 71 72 
44 46 57 74 
44 46 57 72 73 
44 46 57 69 74 77 
44 46 57 69 74 75 76 
44 46 57 69 72 73 77 
44 46 57 69 72 73 75 76 
44 46 57 67 68 74 77 
44 46 57 67 68 74 75 76 
44 46 57 67 68 72 73 77 
44 46 57 67 68 72 73 75 76 
44 46 56 57 74 
44 46 56 57 72 73 
44 46 55 57 74 77 
44 46 55 57 74 75 76 
44 46 55 57 72 73 77 
44 46 55 57 72 73 75 76 
44 46 54 55 57 74 
44 46 54 55 57 72 73 
44 46 50 57 69 74 
44 46 50 57 69 72 73 
44 46 50 57 67 68 74 
44 46 50 57 67 68 72 73 
44 46 50 55 57 74 
44 46 50 55 57 72 73 
44 46 47 57 
44 46 47 57 69 77 
44 46 47 57 69 75 76 
44 46 47 57 67 68 77 
44 46 47 57 67 68 75 76 
44 46 47 56 57 
44 46 47 55 57 77 
44 46 47 55 57 75 76 
44 46 47 54 55 57 
44 46 47 50 57 69 
44 46 47 50 57 67 68 
44 46 47 50 55 57 
44 45 57 69 77 
44 45 57 69 75 76 
44 45 57 67 68 77 
44 45 57 67 68 75 76 
44 45 55 57 77 
44 45 55 57 75 76 
44 45 50 57 69 
44 45 50 57 67 68 
44 45 50 55 57 
43 44 57 69 77 
43 44 57 69 75 76 
43 44 57 69 73 77 
43 44 57 69 73 75 76 
43 44 57 69 71 77 
43 44 57 69 71 75 76 
43 44 57 69 71 72 77 
43 44 57 69 71 72 75 76 
43 44 57 69 70 77 
43 44 57 69 70 75 76 
43 44 57 67 68 77 
43 44 57 67 68 75 76 
43 44 57 67 68 73 77 
43 44 57 67 68 73 75 76 
43 44 57 67 68 71 77 
43 44 57 67 68 71 75 76 
43 44 57 67 68 71 72 77 
43 44 57 67 68 71 72 75 76 
43 44 57 67 68 69 70 77 
43 44 57 67 68 69 70 75 76 
43 44 57 59 69 77 
43 44 57 59 69 75 76 
43 44 57 59 67 68 77 
43 44 57 59 67 68 75 76 
43 44 57 58 59 69 77 
43 44 57 58 59 69 75 76 
43 44 57 58 59 67 68 77 
43 44 57 58 59 67 68 75 76 
43 44 56 57 59 69 77 
43 44 56 57 59 69 75 76 
43 44 56 57 59 67 68 77 
43 44 56 57 59 67 68 75 76 
43 44 55 57 77 
43 44 55 57 75 76 
43 44 55 57 71 77 
43 44 55 57 71 75 76 
43 44 55 57 69 70 77 
43 44 55 57 69 70 75 76 
43 44 50 57 69 
43 44 50 57 69 73 
43 44 50 57 69 71 
43 44 50 57 69 71 72 
43 44 50 57 69 70 
43 44 50 57 67 68 
43 44 50 57 67 68 73 
43 44 50 57 67 68 71 
43 44 50 57 67 68 71 72 
43 44 50 57 67 68 69 70 
43 44 50 57 59 69 
43 44 50 57 59 67 68 
43 44 50 57 58 59 69 
43 44 50 57 58 59 67 68 
43 44 50 56 57 59 69 
43 44 50 56 57 59 67 68 
43 44 50 55 57 
43 44 50 55 57 71 
43 44 50 55 57 69 70 
43 44 46 57 69 77 
43 44 46 57 69 75 76 
43 44 46 57 67 68 77 
43 44 46 57 67 68 75 76 
43 44 46 50 57 69 
43 44 46 50 57 67 68 
42 68 
42 67 
42 65 66 
42 57 77 
42 57 75 76 
42 57 73 77 
42 57 73 75 76 
42 57 71 77 
42 57 71 75 77 
42 57 71 72 77 
42 57 71 72 75 76 
42 57 71 72 74 77 
42 57 71 72 74 75 76 
42 57 69 70 77 
42 57 69 70 75 77 
42 57 69 70 72 73 77 
42 57 69 70 72 73 75 76 
42 57 69 70 71 72 74 77 
42 57 69 70 71 72 74 75 76 
42 57 69 70 71 72 73 77 
42 57 69 70 71 72 73 75 76 
42 57 64 71 75 
42 57 64 71 73 74 
42 57 64 69 70 75 
42 57 64 69 70 73 74 
42 57 62 63 71 75 
42 57 62 63 71 73 74 
42 57 62 63 69 70 75 
42 57 62 63 69 70 73 74 
42 57 60 73 77 
42 57 60 73 75 76 
42 57 60 71 72 77 
42 57 60 71 72 75 76 
42 57 59 73 77 
42 57 59 73 75 76 
42 57 59 71 77 
42 57 59 71 75 76 
42 57 59 71 72 77 
42 57 59 71 72 75 76 
42 57 59 69 70 77 
42 57 59 69 70 75 76 
42 57 59 64 71 75 
42 57 59 64 71 73 74 
42 57 59 64 69 70 75 
42 57 59 64 69 70 73 74 
42 57 59 62 63 71 75 
42 57 59 62 63 71 73 74 
42 57 59 62 63 69 70 75 
42 57 59 62 63 69 70 73 74 
42 57 59 60 77 
42 57 59 60 75 76 
42 57 58 73 77 
42 57 58 73 75 76 
42 57 58 71 77 
42 57 58 71 75 76 
42 57 58 71 72 77 
42 57 58 71 72 75 76 
42 57 58 69 70 77 
42 57 58 69 70 75 76 
42 57 58 59 71 77 
42 57 58 59 71 75 76 
42 57 58 59 69 70 77 
42 57 58 59 69 70 75 76 
42 56 57 73 77 
42 56 57 73 75 76 
42 56 57 71 77 
42 56 57 71 75 76 
42 56 57 71 72 77 
42 56 57 71 72 75 76 
42 56 57 69 70 77 
42 56 57 69 70 75 76 
42 56 57 59 77 
42 56 57 59 75 76 
42 56 57 59 73 77 
42 56 57 59 73 75 76 
42 56 57 59 71 77 
42 56 57 59 71 75 76 
42 56 57 59 71 72 77 
42 56 57 59 71 72 75 76 
42 56 57 59 69 70 77 
42 56 57 59 69 70 75 76 
42 56 57 58 73 77 
42 56 57 58 73 75 76 
42 56 57 58 71 77 
42 56 57 58 71 75 76 
42 56 57 58 71 72 77 
42 56 57 58 71 72 75 76 
42 56 57 58 69 70 77 
42 56 57 58 69 70 75 76 
42 56 57 58 59 77 
42 56 57 58 59 75 76 
42 50 57 
42 50 57 73 
42 50 57 71 
42 50 57 71 75 
42 50 57 71 72 
42 50 57 71 72 74 
42 50 57 69 70 
42 50 57 69 70 75 
42 50 57 69 70 72 73 
42 50 57 69 70 71 72 74 
42 50 57 69 70 71 72 73 
42 50 57 60 73 
42 50 57 60 71 72 
42 50 57 59 73 
42 50 57 59 71 
42 50 57 59 71 72 
42 50 57 59 69 70 
42 50 57 59 60 
42 50 57 58 73 
42 50 57 58 71 
42 50 57 58 71 72 
42 50 57 58 69 70 
42 50 57 58 59 71 
42 50 57 58 59 69 70 
42 50 56 57 73 
42 50 56 57 71 
42 50 56 57 71 72 
42 50 56 57 69 70 
42 50 56 57 59 
42 50 56 57 59 73 
42 50 56 57 59 71 
42 50 56 57 59 71 72 
42 50 56 57 59 69 70 
42 50 56 57 58 73 
42 50 56 57 58 71 
42 50 56 57 58 71 72 
42 50 56 57 58 69 70 
42 50 56 57 58 59 
42 48 57 71 77 
42 48 57 71 75 76 
42 48 57 69 70 77 
42 48 57 69 70 75 76 
42 48 57 64 71 
42 48 57 64 69 70 
42 48 57 62 63 71 
42 48 57 62 63 69 70 
42 48 57 59 64 71 
42 48 57 59 64 69 70 
42 48 57 59 62 63 71 
42 48 57 59 62 63 69 70 
42 48 50 57 71 
42 48 50 57 69 70 
42 47 57 71 73 77 
42 47 57 71 73 75 76 
42 47 57 71 72 77 
42 47 57 71 72 75 76 
42 47 57 69 70 73 77 
42 47 57 69 70 73 75 76 
42 47 57 69 70 71 72 77 
42 47 57 69 70 71 72 75 76 
42 47 50 57 71 73 
42 47 50 57 71 72 
42 47 50 57 69 70 73 
42 47 50 57 69 70 71 72 
42 46 57 77 
42 46 57 75 76 
42 46 57 71 74 77 
42 46 57 71 74 75 76 
42 46 57 71 72 73 77 
42 46 57 71 72 73 75 76 
42 46 57 69 70 74 77 
42 46 57 69 70 74 75 76 
42 46 57 69 70 72 73 77 
42 46 57 69 70 72 73 75 76 
42 46 57 60 77 
42 46 57 60 75 76 
42 46 57 59 77 
42 46 57 59 75 76 
42 46 57 58 77 
42 46 57 58 75 76 
42 46 56 57 77 
42 46 56 57 75 76 
42 46 56 57 59 77 
42 46 56 57 59 75 76 
42 46 56 57 58 77 
42 46 56 57 58 75 76 
42 46 50 57 
42 46 50 57 71 74 
42 46 50 57 71 72 73 
42 46 50 57 69 70 74 
42 46 50 57 69 70 72 73 
42 46 50 57 60 
42 46 50 57 59 
42 46 50 57 58 
42 46 50 56 57 
42 46 50 56 57 59 
42 46 50 56 57 58 
42 46 47 57 71 77 
42 46 47 57 71 75 76 
42 46 47 57 69 70 77 
42 46 47 57 69 70 75 76 
42 46 47 50 57 71 
42 46 47 50 57 69 70 
42 45 57 73 77 
42 45 57 73 75 76 
42 45 57 71 77 
42 45 57 71 75 76 
42 45 57 71 72 77 
42 45 57 71 72 75 76 
42 45 57 69 70 77 
42 45 57 69 70 75 76 
42 45 57 59 77 
42 45 57 59 75 76 
42 45 57 58 59 77 
42 45 57 58 59 75 76 
42 45 56 57 59 77 
42 45 56 57 59 75 76 
42 45 50 57 73 
42 45 50 57 71 
42 45 50 57 71 72 
42 45 50 57 69 70 
42 45 50 57 59 
42 45 50 57 58 59 
42 45 50 56 57 59 
42 45 46 57 77 
42 45 46 57 75 76 
42 45 46 50 57 
42 44 57 77 
42 44 57 75 77 
42 44 57 72 73 77 
42 44 57 72 73 75 76 
42 44 57 71 72 74 77 
42 44 57 71 72 74 75 76 
42 44 57 71 72 73 77 
42 44 57 71 72 73 75 76 
42 44 57 64 75 
42 44 57 64 73 74 
42 44 57 62 63 75 
42 44 57 62 63 73 74 
42 44 57 59 77 
42 44 57 59 75 76 
42 44 57 59 64 75 
42 44 57 59 64 73 74 
42 44 57 59 62 63 75 
42 44 57 59 62 63 73 74 
42 44 57 58 77 
42 44 57 58 75 76 
42 44 57 58 59 77 
42 44 57 58 59 75 76 
42 44 56 57 77 
42 44 56 57 75 76 
42 44 56 57 59 77 
42 44 56 57 59 75 76 
42 44 56 57 58 77 
42 44 56 57 58 75 76 
42 44 50 57 
42 44 50 57 75 
42 44 50 57 72 73 
42 44 50 57 71 72 74 
42 44 50 57 71 72 73 
42 44 50 57 59 
42 44 50 57 58 
42 44 50 57 58 59 
42 44 50 56 57 
42 44 50 56 57 59 
42 44 50 56 57 58 
42 44 48 57 77 
42 44 48 57 75 76 
42 44 48 57 64 
42 44 48 57 62 63 
42 44 48 57 59 64 
42 44 48 57 59 62 63 
42 44 48 50 57 
42 44 47 57 73 77 
42 44 47 57 73 75 76 
42 44 47 57 71 72 77 
42 44 47 57 71 72 75 76 
42 44 47 50 57 73 
42 44 47 50 57 71 72 
42 44 46 57 74 77 
42 44 46 57 74 75 76 
42 44 46 57 72 73 77 
42 44 46 57 72 73 75 76 
42 44 46 50 57 74 
42 44 46 50 57 72 73 
42 44 46 47 57 77 
42 44 46 47 57 75 76 
42 44 46 47 50 57 
42 44 45 57 77 
42 44 45 57 75 76 
42 44 45 50 57 
42 43 44 57 77 
42 43 44 57 75 76 
42 43 44 57 73 77 
42 43 44 57 73 75 76 
42 43 44 57 71 77 
42 43 44 57 71 75 76 
42 43 44 57 71 72 77 
42 43 44 57 71 72 75 76 
42 43 44 57 69 70 77 
42 43 44 57 69 70 75 76 
42 43 44 57 59 77 
42 43 44 57 59 75 76 
42 43 44 57 58 59 77 
42 43 44 57 58 59 75 76 
42 43 44 56 57 59 77 
42 43 44 56 57 59 75 76 
42 43 44 50 57 
42 43 44 50 57 73 
42 43 44 50 57 71 
42 43 44 50 57 71 72 
42 43 44 50 57 69 70 
42 43 44 50 57 59 
42 43 44 50 57 58 59 
42 43 44 50 56 57 59 
42 43 44 46 57 77 
42 43 44 46 57 75 76 
42 43 44 46 50 57 
41 55 56 59 60 71 
41 55 56 59 60 69 70 
41 55 56 58 59 71 
41 55 56 58 59 69 70 
41 55 56 57 60 71 
41 55 56 57 60 69 70 
41 55 56 57 58 59 71 
41 55 56 57 58 59 69 70 
41 54 55 59 60 71 
41 54 55 59 60 69 70 
41 54 55 58 59 71 
41 54 55 58 59 69 70 
41 54 55 57 60 71 
41 54 55 57 60 69 70 
41 54 55 57 58 59 71 
41 54 55 57 58 59 69 70 
41 44 55 56 59 60 
41 44 55 56 58 59 
41 44 55 56 57 60 
41 44 55 56 57 58 59 
41 44 54 55 59 60 
41 44 54 55 58 59 
41 44 54 55 57 60 
41 44 54 55 57 58 59 
40 
40 79 
40 78 79 
40 77 78 
40 71 
40 69 
40 69 70 
40 68 79 
40 68 77 78 
40 67 68 
40 65 
40 59 79 
40 59 77 
40 59 77 78 
40 59 75 76 
40 59 65 
40 59 64 
40 59 63 
40 59 63 64 
40 57 
40 53 
40 52 
40 52 68 
40 52 59 
40 50 59 
40 44 
40 42 
39 40 55 56 59 60 71 
39 40 55 56 59 60 69 70 
39 40 55 56 58 59 71 
39 40 55 56 58 59 69 70 
39 40 55 56 57 60 71 
39 40 55 56 57 60 69 70 
39 40 55 56 57 58 59 71 
39 40 55 56 57 58 59 69 70 
39 40 54 55 59 60 71 
39 40 54 55 59 60 69 70 
39 40 54 55 58 59 71 
39 40 54 55 58 59 69 70 
39 40 54 55 57 60 71 
39 40 54 55 57 60 69 70 
39 40 54 55 57 58 59 71 
39 40 54 55 57 58 59 69 70 
39 40 44 55 56 59 60 
39 40 44 55 56 58 59 
39 40 44 55 56 57 60 
39 40 44 55 56 57 58 59 
39 40 44 54 55 59 60 
39 40 44 54 55 58 59 
39 40 44 54 55 57 60 
39 40 44 54 55 57 58 59 
38 59 65 79 
38 59 65 77 78 
38 52 59 65 
37 57 69 71 75 
37 57 69 71 73 74 
37 57 69 70 75 
37 57 69 70 73 74 
37 57 67 68 71 75 
37 57 67 68 71 73 74 
37 57 67 68 69 70 75 
37 57 67 68 69 70 73 74 
37 57 59 69 71 75 
37 57 59 69 71 73 74 
37 57 59 69 70 75 
37 57 59 69 70 73 74 
37 57 59 67 68 71 75 
37 57 59 67 68 71 73 74 
37 57 59 67 68 69 70 75 
37 57 59 67 68 69 70 73 74 
37 48 57 69 71 
37 48 57 69 70 
37 48 57 67 68 71 
37 48 57 67 68 69 70 
37 48 57 59 69 71 
37 48 57 59 69 70 
37 48 57 59 67 68 71 
37 48 57 59 67 68 69 70 
37 44 57 69 75 
37 44 57 69 73 74 
37 44 57 67 68 75 
37 44 57 67 68 73 74 
37 44 57 59 69 75 
37 44 57 59 69 73 74 
37 44 57 59 67 68 75 
37 44 57 59 67 68 73 74 
37 44 48 57 69 
37 44 48 57 67 68 
37 44 48 57 59 69 
37 44 48 57 59 67 68 
37 42 57 71 75 
37 42 57 71 73 74 
37 42 57 69 70 75 
37 42 57 69 70 73 74 
37 42 57 59 71 75 
37 42 57 59 71 73 74 
37 42 57 59 69 70 75 
37 42 57 59 69 70 73 74 
37 42 48 57 71 
37 42 48 57 69 70 
37 42 48 57 59 71 
37 42 48 57 59 69 70 
37 42 44 57 75 
37 42 44 57 73 74 
37 42 44 57 59 75 
37 42 44 57 59 73 74 
37 42 44 48 57 
37 42 44 48 57 59 
35 57 71 75 
35 57 71 73 74 
35 57 69 70 75 
35 57 69 70 73 74 
35 48 57 71 
35 48 57 69 70 
35 44 57 75 
35 44 57 73 74 
35 44 48 57 
33 67 
33 65 66 
33 59 67 
33 59 65 66 
33 57 71 
33 57 69 73 77 
33 57 69 73 75 76 
33 57 69 71 72 77 
33 57 69 71 72 75 76 
33 57 69 70 
33 57 67 
33 57 67 68 73 77 
33 57 67 68 73 75 76 
33 57 67 68 71 72 77 
33 57 67 68 71 72 75 76 
33 57 65 66 
33 57 59 69 77 
33 57 59 69 75 76 
33 57 59 67 68 77 
33 57 59 67 68 75 76 
33 55 57 58 71 77 
33 55 57 58 71 75 76 
33 55 57 58 69 70 77 
33 55 57 58 69 70 75 76 
33 55 56 59 71 
33 55 56 59 69 70 
33 55 56 59 65 71 
33 55 56 59 65 69 70 
33 55 56 57 71 77 
33 55 56 57 71 75 76 
33 55 56 57 69 70 77 
33 55 56 57 69 70 75 76 
33 55 56 57 65 71 
33 55 56 57 65 69 70 
33 55 56 57 59 65 71 
33 55 56 57 59 65 69 70 
33 54 55 59 65 71 
33 54 55 59 65 69 70 
33 54 55 57 71 
33 54 55 57 69 70 
33 54 55 57 65 71 
33 54 55 57 65 69 70 
33 54 55 57 59 71 
33 54 55 57 59 69 70 
33 54 55 57 59 65 71 
33 54 55 57 59 65 69 70 
33 54 55 56 59 71 
33 54 55 56 59 69 70 
33 54 55 56 57 71 
33 54 55 56 57 69 70 
33 54 55 56 57 59 71 
33 54 55 56 57 59 69 70 
33 50 57 69 73 
33 50 57 69 71 72 
33 50 57 67 68 73 
33 50 57 67 68 71 72 
33 50 57 59 69 
33 50 57 59 67 68 
33 50 55 57 58 71 
33 50 55 57 58 69 70 
33 50 55 56 57 71 
33 50 55 56 57 69 70 
33 46 57 69 77 
33 46 57 69 75 76 
33 46 57 67 68 77 
33 46 57 67 68 75 76 
33 46 50 57 69 
33 46 50 57 67 68 
33 44 57 
33 44 55 57 58 77 
33 44 55 57 58 75 76 
33 44 55 56 59 
33 44 55 56 59 65 
33 44 55 56 57 77 
33 44 55 56 57 75 76 
33 44 55 56 57 65 
33 44 55 56 57 59 65 
33 44 54 55 59 65 
33 44 54 55 57 
33 44 54 55 57 65 
33 44 54 55 57 59 
33 44 54 55 57 59 65 
33 44 54 55 56 59 
33 44 54 55 56 57 
33 44 54 55 56 57 59 
33 44 50 55 57 58 
33 44 50 55 56 57 
33 42 57 73 77 
33 42 57 73 75 76 
33 42 57 71 72 77 
33 42 57 71 72 75 76 
33 42 57 59 77 
33 42 57 59 75 76 
33 42 50 57 73 
33 42 50 57 71 72 
33 42 50 57 59 
33 42 46 57 77 
33 42 46 57 75 76 
33 42 46 50 57 
33 41 55 56 59 71 
33 41 55 56 59 69 70 
33 41 55 56 57 71 
33 41 55 56 57 69 70 
33 41 54 55 59 71 
33 41 54 55 59 69 70 
33 41 54 55 57 71 
33 41 54 55 57 69 70 
33 41 44 55 56 59 
33 41 44 55 56 57 
33 41 44 54 55 59 
33 41 44 54 55 57 
33 40 
33 40 59 
33 40 57 
33 39 40 55 56 59 71 
33 39 40 55 56 59 69 70 
33 39 40 55 56 57 71 
33 39 40 55 56 57 69 70 
33 39 40 54 55 59 71 
33 39 40 54 55 59 69 70 
33 39 40 54 55 57 71 
33 39 40 54 55 57 69 70 
33 39 40 44 55 56 59 
33 39 40 44 55 56 57 
33 39 40 44 54 55 59 
33 39 40 44 54 55 57 
32 57 69 73 77 
32 57 69 73 75 76 
32 57 69 71 77 
32 57 69 71 75 76 
32 57 69 71 72 77 
32 57 69 71 72 75 76 
32 57 69 70 77 
32 57 69 70 75 76 
32 57 67 68 73 77 
32 57 67 68 73 75 76 
32 57 67 68 71 77 
32 57 67 68 71 75 76 
32 57 67 68 71 72 77 
32 57 67 68 71 72 75 76 
32 57 67 68 69 70 77 
32 57 67 68 69 70 75 76 
32 57 59 69 77 
32 57 59 69 75 76 
32 57 59 67 68 77 
32 57 59 67 68 75 76 
32 57 58 69 73 77 
32 57 58 69 73 75 76 
32 57 58 69 71 77 
32 57 58 69 71 75 76 
32 57 58 69 71 72 77 
32 57 58 69 71 72 75 76 
32 57 58 69 70 77 
32 57 58 69 70 75 76 
32 57 58 67 68 73 77 
32 57 58 67 68 73 75 76 
32 57 58 67 68 71 77 
32 57 58 67 68 71 75 76 
32 57 58 67 68 71 72 77 
32 57 58 67 68 71 72 75 76 
32 57 58 67 68 69 70 77 
32 57 58 67 68 69 70 75 76 
32 57 58 59 69 77 
32 57 58 59 69 75 76 
32 57 58 59 67 68 77 
32 57 58 59 67 68 75 76 
32 56 57 69 73 77 
32 56 57 69 73 75 76 
32 56 57 69 71 77 
32 56 57 69 71 75 76 
32 56 57 69 71 72 77 
32 56 57 69 71 72 75 76 
32 56 57 69 70 77 
32 56 57 69 70 75 76 
32 56 57 67 68 73 77 
32 56 57 67 68 73 75 76 
32 56 57 67 68 71 77 
32 56 57 67 68 71 75 76 
32 56 57 67 68 71 72 77 
32 56 57 67 68 71 72 75 76 
32 56 57 67 68 69 70 77 
32 56 57 67 68 69 70 75 76 
32 56 57 59 69 77 
32 56 57 59 69 75 76 
32 56 57 59 67 68 77 
32 56 57 59 67 68 75 76 
32 55 57 71 77 
32 55 57 71 75 76 
32 55 57 69 70 77 
32 55 57 69 70 75 76 
32 55 57 58 71 77 
32 55 57 58 71 75 76 
32 55 57 58 69 70 77 
32 55 57 58 69 70 75 76 
32 55 56 57 71 77 
32 55 56 57 71 75 76 
32 55 56 57 69 70 77 
32 55 56 57 69 70 75 76 
32 50 57 69 73 
32 50 57 69 71 
32 50 57 69 71 72 
32 50 57 69 70 
32 50 57 67 68 73 
32 50 57 67 68 71 
32 50 57 67 68 71 72 
32 50 57 67 68 69 70 
32 50 57 59 69 
32 50 57 59 67 68 
32 50 57 58 69 73 
32 50 57 58 69 71 
32 50 57 58 69 71 72 
32 50 57 58 69 70 
32 50 57 58 67 68 73 
32 50 57 58 67 68 71 
32 50 57 58 67 68 71 72 
32 50 57 58 67 68 69 70 
32 50 57 58 59 69 
32 50 57 58 59 67 68 
32 50 56 57 69 73 
32 50 56 57 69 71 
32 50 56 57 69 71 72 
32 50 56 57 69 70 
32 50 56 57 67 68 73 
32 50 56 57 67 68 71 
32 50 56 57 67 68 71 72 
32 50 56 57 67 68 69 70 
32 50 56 57 59 69 
32 50 56 57 59 67 68 
32 50 55 57 71 
32 50 55 57 69 70 
32 50 55 57 58 71 
32 50 55 57 58 69 70 
32 50 55 56 57 71 
32 50 55 56 57 69 70 
32 46 57 69 77 
32 46 57 69 75 76 
32 46 57 67 68 77 
32 46 57 67 68 75 76 
32 46 57 58 69 77 
32 46 57 58 69 75 76 
32 46 57 58 67 68 77 
32 46 57 58 67 68 75 76 
32 46 56 57 69 77 
32 46 56 57 69 75 76 
32 46 56 57 67 68 77 
32 46 56 57 67 68 75 76 
32 46 50 57 69 
32 46 50 57 67 68 
32 46 50 57 58 69 
32 46 50 57 58 67 68 
32 46 50 56 57 69 
32 46 50 56 57 67 68 
32 44 57 69 77 
32 44 57 69 75 76 
32 44 57 67 68 77 
32 44 57 67 68 75 76 
32 44 57 58 69 77 
32 44 57 58 69 75 76 
32 44 57 58 67 68 77 
32 44 57 58 67 68 75 76 
32 44 56 57 69 77 
32 44 56 57 69 75 76 
32 44 56 57 67 68 77 
32 44 56 57 67 68 75 76 
32 44 55 57 77 
32 44 55 57 75 76 
32 44 55 57 58 77 
32 44 55 57 58 75 76 
32 44 55 56 57 77 
32 44 55 56 57 75 76 
32 44 50 57 69 
32 44 50 57 67 68 
32 44 50 57 58 69 
32 44 50 57 58 67 68 
32 44 50 56 57 69 
32 44 50 56 57 67 68 
32 44 50 55 57 
32 44 50 55 57 58 
32 44 50 55 56 57 
32 42 57 73 77 
32 42 57 73 75 76 
32 42 57 71 77 
32 42 57 71 75 76 
32 42 57 71 72 77 
32 42 57 71 72 75 76 
32 42 57 69 70 77 
32 42 57 69 70 75 76 
32 42 57 59 77 
32 42 57 59 75 76 
32 42 57 58 73 77 
32 42 57 58 73 75 76 
32 42 57 58 71 77 
32 42 57 58 71 75 76 
32 42 57 58 71 72 77 
32 42 57 58 71 72 75 76 
32 42 57 58 69 70 77 
32 42 57 58 69 70 75 76 
32 42 57 58 59 77 
32 42 57 58 59 75 76 
32 42 56 57 73 77 
32 42 56 57 73 75 76 
32 42 56 57 71 77 
32 42 56 57 71 75 76 
32 42 56 57 71 72 77 
32 42 56 57 71 72 75 76 
32 42 56 57 69 70 77 
32 42 56 57 69 70 75 76 
32 42 56 57 59 77 
32 42 56 57 59 75 76 
32 42 50 57 73 
32 42 50 57 71 
32 42 50 57 71 72 
32 42 50 57 69 70 
32 42 50 57 59 
32 42 50 57 58 73 
32 42 50 57 58 71 
32 42 50 57 58 71 72 
32 42 50 57 58 69 70 
32 42 50 57 58 59 
32 42 50 56 57 73 
32 42 50 56 57 71 
32 42 50 56 57 71 72 
32 42 50 56 57 69 70 
32 42 50 56 57 59 
32 42 46 57 77 
32 42 46 57 75 76 
32 42 46 57 58 77 
32 42 46 57 58 75 76 
32 42 46 56 57 77 
32 42 46 56 57 75 76 
32 42 46 50 57 
32 42 46 50 57 58 
32 42 46 50 56 57 
32 42 44 57 77 
32 42 44 57 75 76 
32 42 44 57 58 77 
32 42 44 57 58 75 76 
32 42 44 56 57 77 
32 42 44 56 57 75 76 
32 42 44 50 57 
32 42 44 50 57 58 
32 42 44 50 56 57 
31 67 69 
31 67 68 
31 65 66 69 
31 65 66 67 68 
31 57 71 77 
31 57 71 75 76 
31 57 69 73 77 
31 57 69 73 75 76 
31 57 69 71 77 
31 57 69 71 75 76 
31 57 69 71 72 77 
31 57 69 71 72 75 76 
31 57 67 68 73 77 
31 57 67 68 73 75 76 
31 57 67 68 71 77 
31 57 67 68 71 75 76 
31 57 67 68 71 72 77 
31 57 67 68 71 72 75 76 
31 57 67 68 69 70 77 
31 57 67 68 69 70 75 76 
31 57 59 69 77 
31 57 59 69 75 76 
31 57 59 69 73 77 
31 57 59 69 73 75 76 
31 57 59 69 71 77 
31 57 59 69 71 75 76 
31 57 59 69 71 72 77 
31 57 59 69 71 72 75 76 
31 57 59 69 70 77 
31 57 59 69 70 75 76 
31 57 59 67 68 77 
31 57 59 67 68 75 76 
31 57 59 67 68 73 77 
31 57 59 67 68 73 75 76 
31 57 59 67 68 71 77 
31 57 59 67 68 71 75 76 
31 57 59 67 68 71 72 77 
31 57 59 67 68 71 72 75 76 
31 57 59 67 68 69 70 77 
31 57 59 67 68 69 70 75 76 
31 57 58 69 73 77 
31 57 58 69 73 75 76 
31 57 58 69 71 77 
31 57 58 69 71 75 76 
31 57 58 69 71 72 77 
31 57 58 69 71 72 75 76 
31 57 58 69 70 77 
31 57 58 69 70 75 76 
31 57 58 67 68 73 77 
31 57 58 67 68 73 75 76 
31 57 58 67 68 71 77 
31 57 58 67 68 71 75 76 
31 57 58 67 68 71 72 77 
31 57 58 67 68 71 72 75 76 
31 57 58 67 68 69 70 77 
31 57 58 67 68 69 70 75 76 
31 57 58 59 69 77 
31 57 58 59 69 75 76 
31 57 58 59 67 68 77 
31 57 58 59 67 68 75 76 
31 55 57 71 77 
31 55 57 71 75 76 
31 55 57 69 70 77 
31 55 57 69 70 75 76 
31 55 57 60 71 77 
31 55 57 60 71 75 76 
31 55 57 60 69 70 77 
31 55 57 60 69 70 75 76 
31 55 57 59 71 77 
31 55 57 59 71 75 76 
31 55 57 59 69 70 77 
31 55 57 59 69 70 75 76 
31 55 57 58 71 77 
31 55 57 58 71 75 76 
31 55 57 58 69 70 77 
31 55 57 58 69 70 75 76 
31 55 57 58 59 71 77 
31 55 57 58 59 71 75 76 
31 55 57 58 59 69 70 77 
31 55 57 58 59 69 70 75 76 
31 50 57 71 
31 50 57 69 73 
31 50 57 69 71 
31 50 57 69 71 72 
31 50 57 67 68 73 
31 50 57 67 68 71 
31 50 57 67 68 71 72 
31 50 57 67 68 69 70 
31 50 57 59 69 
31 50 57 59 69 73 
31 50 57 59 69 71 
31 50 57 59 69 71 72 
31 50 57 59 69 70 
31 50 57 59 67 68 
31 50 57 59 67 68 73 
31 50 57 59 67 68 71 
31 50 57 59 67 68 71 72 
31 50 57 59 67 68 69 70 
31 50 57 58 69 73 
31 50 57 58 69 71 
31 50 57 58 69 71 72 
31 50 57 58 69 70 
31 50 57 58 67 68 73 
31 50 57 58 67 68 71 
31 50 57 58 67 68 71 72 
31 50 57 58 67 68 69 70 
31 50 57 58 59 69 
31 50 57 58 59 67 68 
31 50 55 57 71 
31 50 55 57 69 70 
31 50 55 57 60 71 
31 50 55 57 60 69 70 
31 50 55 57 59 71 
31 50 55 57 59 69 70 
31 50 55 57 58 71 
31 50 55 57 58 69 70 
31 50 55 57 58 59 71 
31 50 55 57 58 59 69 70 
31 46 57 69 77 
31 46 57 69 75 76 
31 46 57 67 68 77 
31 46 57 67 68 75 76 
31 46 57 59 69 77 
31 46 57 59 69 75 76 
31 46 57 59 67 68 77 
31 46 57 59 67 68 75 76 
31 46 57 58 69 77 
31 46 57 58 69 75 76 
31 46 57 58 67 68 77 
31 46 57 58 67 68 75 76 
31 46 50 57 69 
31 46 50 57 67 68 
31 46 50 57 59 69 
31 46 50 57 59 67 68 
31 46 50 57 58 69 
31 46 50 57 58 67 68 
31 45 57 59 69 77 
31 45 57 59 69 75 76 
31 45 57 59 67 68 77 
31 45 57 59 67 68 75 76 
31 45 50 57 59 69 
31 45 50 57 59 67 68 
31 44 57 77 
31 44 57 75 76 
31 44 57 69 77 
31 44 57 69 75 76 
31 44 57 67 68 77 
31 44 57 67 68 75 76 
31 44 57 59 69 77 
31 44 57 59 69 75 76 
31 44 57 59 67 68 77 
31 44 57 59 67 68 75 76 
31 44 57 58 69 77 
31 44 57 58 69 75 76 
31 44 57 58 67 68 77 
31 44 57 58 67 68 75 76 
31 44 55 57 77 
31 44 55 57 75 76 
31 44 55 57 60 77 
31 44 55 57 60 75 76 
31 44 55 57 59 77 
31 44 55 57 59 75 76 
31 44 55 57 58 77 
31 44 55 57 58 75 76 
31 44 55 57 58 59 77 
31 44 55 57 58 59 75 76 
31 44 50 57 
31 44 50 57 69 
31 44 50 57 67 68 
31 44 50 57 59 69 
31 44 50 57 59 67 68 
31 44 50 57 58 69 
31 44 50 57 58 67 68 
31 44 50 55 57 
31 44 50 55 57 60 
31 44 50 55 57 59 
31 44 50 55 57 58 
31 44 50 55 57 58 59 
31 43 44 57 59 69 77 
31 43 44 57 59 69 75 76 
31 43 44 57 59 67 68 77 
31 43 44 57 59 67 68 75 76 
31 43 44 50 57 59 69 
31 43 44 50 57 59 67 68 
31 42 67 
31 42 65 66 
31 42 57 73 77 
31 42 57 73 75 76 
31 42 57 71 77 
31 42 57 71 75 76 
31 42 57 71 72 77 
31 42 57 71 72 75 76 
31 42 57 69 70 77 
31 42 57 69 70 75 76 
31 42 57 59 77 
31 42 57 59 75 76 
31 42 57 59 73 77 
31 42 57 59 73 75 76 
31 42 57 59 71 77 
31 42 57 59 71 75 76 
31 42 57 59 71 72 77 
31 42 57 59 71 72 75 76 
31 42 57 59 69 70 77 
31 42 57 59 69 70 75 76 
31 42 57 58 73 77 
31 42 57 58 73 75 76 
31 42 57 58 71 77 
31 42 57 58 71 75 76 
31 42 57 58 71 72 77 
31 42 57 58 71 72 75 76 
31 42 57 58 69 70 77 
31 42 57 58 69 70 75 76 
31 42 57 58 59 77 
31 42 57 58 59 75 76 
31 42 50 57 73 
31 42 50 57 71 
31 42 50 57 71 72 
31 42 50 57 69 70 
31 42 50 57 59 
31 42 50 57 59 73 
31 42 50 57 59 71 
31 42 50 57 59 71 72 
31 42 50 57 59 69 70 
31 42 50 57 58 73 
31 42 50 57 58 71 
31 42 50 57 58 71 72 
31 42 50 57 58 69 70 
31 42 50 57 58 59 
31 42 46 57 77 
31 42 46 57 75 76 
31 42 46 57 59 77 
31 42 46 57 59 75 76 
31 42 46 57 58 77 
31 42 46 57 58 75 76 
31 42 46 50 57 
31 42 46 50 57 59 
31 42 46 50 57 58 
31 42 45 57 59 77 
31 42 45 57 59 75 76 
31 42 45 50 57 59 
31 42 44 57 77 
31 42 44 57 75 76 
31 42 44 57 59 77 
31 42 44 57 59 75 76 
31 42 44 57 58 77 
31 42 44 57 58 75 76 
31 42 44 50 57 
31 42 44 50 57 59 
31 42 44 50 57 58 
31 42 43 44 57 59 77 
31 42 43 44 57 59 75 76 
31 42 43 44 50 57 59 
31 40 69 
31 40 67 68 
31 40 42 
31 33 55 57 71 77 
31 33 55 57 71 75 76 
31 33 55 57 69 70 77 
31 33 55 57 69 70 75 76 
31 33 50 55 57 71 
31 33 50 55 57 69 70 
31 33 44 55 57 77 
31 33 44 55 57 75 76 
31 33 44 50 55 57 
31 32 57 69 73 77 
31 32 57 69 73 75 76 
31 32 57 69 71 77 
31 32 57 69 71 75 76 
31 32 57 69 71 72 77 
31 32 57 69 71 72 75 76 
31 32 57 69 70 77 
31 32 57 69 70 75 76 
31 32 57 67 68 73 77 
31 32 57 67 68 73 75 76 
31 32 57 67 68 71 77 
31 32 57 67 68 71 75 76 
31 32 57 67 68 71 72 77 
31 32 57 67 68 71 72 75 76 
31 32 57 67 68 69 70 77 
31 32 57 67 68 69 70 75 76 
31 32 57 59 69 77 
31 32 57 59 69 75 76 
31 32 57 59 67 68 77 
31 32 57 59 67 68 75 76 
31 32 55 57 71 77 
31 32 55 57 71 75 76 
31 32 55 57 69 70 77 
31 32 55 57 69 70 75 76 
31 32 50 57 69 73 
31 32 50 57 69 71 
31 32 50 57 69 71 72 
31 32 50 57 69 70 
31 32 50 57 67 68 73 
31 32 50 57 67 68 71 
31 32 50 57 67 68 71 72 
31 32 50 57 67 68 69 70 
31 32 50 57 59 69 
31 32 50 57 59 67 68 
31 32 50 55 57 71 
31 32 50 55 57 69 70 
31 32 46 57 69 77 
31 32 46 57 69 75 76 
31 32 46 57 67 68 77 
31 32 46 57 67 68 75 76 
31 32 46 50 57 69 
31 32 46 50 57 67 68 
31 32 44 57 69 77 
31 32 44 57 69 75 76 
31 32 44 57 67 68 77 
31 32 44 57 67 68 75 76 
31 32 44 55 57 77 
31 32 44 55 57 75 76 
31 32 44 50 57 69 
31 32 44 50 57 67 68 
31 32 44 50 55 57 
31 32 42 57 73 77 
31 32 42 57 73 75 76 
31 32 42 57 71 77 
31 32 42 57 71 75 76 
31 32 42 57 71 72 77 
31 32 42 57 71 72 75 76 
31 32 42 57 69 70 77 
31 32 42 57 69 70 75 76 
31 32 42 57 59 77 
31 32 42 57 59 75 76 
31 32 42 50 57 73 
31 32 42 50 57 71 
31 32 42 50 57 71 72 
31 32 42 50 57 69 70 
31 32 42 50 57 59 
31 32 42 46 57 77 
31 32 42 46 57 75 76 
31 32 42 46 50 57 
31 32 42 44 57 77 
31 32 42 44 57 75 76 
31 32 42 44 50 57 
30 56 57 60 71 
30 56 57 60 69 70 
30 56 57 58 59 71 
30 56 57 58 59 69 70 
30 55 56 59 60 71 
30 55 56 59 60 69 70 
30 55 56 58 59 71 
30 55 56 58 59 69 70 
30 55 56 57 60 71 
30 55 56 57 60 69 70 
30 55 56 57 58 59 71 
30 55 56 57 58 59 69 70 
30 54 55 59 60 71 
30 54 55 59 60 69 70 
30 54 55 58 59 71 
30 54 55 58 59 69 70 
30 44 56 57 60 
30 44 56 57 58 59 
30 44 55 56 59 60 
30 44 55 56 58 59 
30 44 55 56 57 60 
30 44 55 56 57 58 59 
30 44 54 55 59 60 
30 44 54 55 58 59 
30 41 55 56 59 60 71 
30 41 55 56 59 60 69 70 
30 41 55 56 58 59 71 
30 41 55 56 58 59 69 70 
30 41 55 56 57 60 71 
30 41 55 56 57 60 69 70 
30 41 55 56 57 58 59 71 
30 41 55 56 57 58 59 69 70 
30 41 54 55 59 60 71 
30 41 54 55 59 60 69 70 
30 41 54 55 58 59 71 
30 41 54 55 58 59 69 70 
30 41 54 55 57 60 71 
30 41 54 55 57 60 69 70 
30 41 54 55 57 58 59 71 
30 41 54 55 57 58 59 69 70 
30 41 44 55 56 59 60 
30 41 44 55 56 58 59 
30 41 44 55 56 57 60 
30 41 44 55 56 57 58 59 
30 41 44 54 55 59 60 
30 41 44 54 55 58 59 
30 41 44 54 55 57 60 
30 41 44 54 55 57 58 59 
30 39 40 55 56 59 60 71 
30 39 40 55 56 59 60 69 70 
30 39 40 55 56 58 59 71 
30 39 40 55 56 58 59 69 70 
30 39 40 55 56 57 60 71 
30 39 40 55 56 57 60 69 70 
30 39 40 55 56 57 58 59 71 
30 39 40 55 56 57 58 59 69 70 
30 39 40 54 55 59 60 71 
30 39 40 54 55 59 60 69 70 
30 39 40 54 55 58 59 71 
30 39 40 54 55 58 59 69 70 
30 39 40 54 55 57 60 71 
30 39 40 54 55 57 60 69 70 
30 39 40 54 55 57 58 59 71 
30 39 40 54 55 57 58 59 69 70 
30 39 40 44 55 56 59 60 
30 39 40 44 55 56 58 59 
30 39 40 44 55 56 57 60 
30 39 40 44 55 56 57 58 59 
30 39 40 44 54 55 59 60 
30 39 40 44 54 55 58 59 
30 39 40 44 54 55 57 60 
30 39 40 44 54 55 57 58 59 
30 33 56 57 71 
30 33 56 57 69 70 
30 33 55 56 59 71 
30 33 55 56 59 69 70 
30 33 55 56 57 71 
30 33 55 56 57 69 70 
30 33 54 55 59 71 
30 33 54 55 59 69 70 
30 33 44 56 57 
30 33 44 55 56 59 
30 33 44 55 56 57 
30 33 44 54 55 59 
30 33 41 55 56 59 71 
30 33 41 55 56 59 69 70 
30 33 41 55 56 57 71 
30 33 41 55 56 57 69 70 
30 33 41 54 55 59 71 
30 33 41 54 55 59 69 70 
30 33 41 54 55 57 71 
30 33 41 54 55 57 69 70 
30 33 41 44 55 56 59 
30 33 41 44 55 56 57 
30 33 41 44 54 55 59 
30 33 41 44 54 55 57 
30 33 39 40 55 56 59 71 
30 33 39 40 55 56 59 69 70 
30 33 39 40 55 56 57 71 
30 33 39 40 55 56 57 69 70 
30 33 39 40 54 55 59 71 
30 33 39 40 54 55 59 69 70 
30 33 39 40 54 55 57 71 
30 33 39 40 54 55 57 69 70 
30 33 39 40 44 55 56 59 
30 33 39 40 44 55 56 57 
30 33 39 40 44 54 55 59 
30 33 39 40 44 54 55 57 
29 
29 57 71 75 
29 57 71 72 74 
29 57 69 70 75 
29 57 69 70 72 73 
29 57 69 70 71 72 74 
29 57 69 70 71 72 73 
29 55 59 60 65 71 
29 55 59 60 65 69 70 
29 55 58 59 65 71 
29 55 58 59 65 69 70 
29 55 57 60 71 
29 55 57 60 69 70 
29 55 57 60 65 71 
29 55 57 60 65 69 70 
29 55 57 59 60 71 
29 55 57 59 60 69 70 
29 55 57 59 60 65 71 
29 55 57 59 60 65 69 70 
29 55 56 59 60 71 
29 55 56 59 60 69 70 
29 55 56 58 59 71 
29 55 56 58 59 69 70 
29 55 56 57 60 71 
29 55 56 57 60 69 70 
29 55 56 57 59 60 71 
29 55 56 57 59 60 69 70 
29 48 57 71 
29 48 57 69 70 
29 47 57 71 73 
29 47 57 71 72 
29 47 57 69 70 73 
29 47 57 69 70 71 72 
29 46 57 71 74 
29 46 57 71 72 73 
29 46 57 69 70 74 
29 46 57 69 70 72 73 
29 46 47 57 71 
29 46 47 57 69 70 
29 44 57 75 
29 44 57 72 73 
29 44 57 71 72 74 
29 44 57 71 72 73 
29 44 55 59 60 65 
29 44 55 58 59 65 
29 44 55 57 60 
29 44 55 57 60 65 
29 44 55 57 59 60 
29 44 55 57 59 60 65 
29 44 55 56 59 60 
29 44 55 56 58 59 
29 44 55 56 57 60 
29 44 55 56 57 59 60 
29 44 48 57 
29 44 47 57 73 
29 44 47 57 71 72 
29 44 46 57 74 
29 44 46 57 72 73 
29 44 46 47 57 
29 41 55 59 60 71 
29 41 55 59 60 69 70 
29 41 55 58 59 71 
29 41 55 58 59 69 70 
29 41 55 57 60 71 
29 41 55 57 60 69 70 
29 41 55 57 58 59 71 
29 41 55 57 58 59 69 70 
29 41 44 55 59 60 
29 41 44 55 58 59 
29 41 44 55 57 60 
29 41 44 55 57 58 59 
29 39 40 55 59 60 71 
29 39 40 55 59 60 69 70 
29 39 40 55 58 59 71 
29 39 40 55 58 59 69 70 
29 39 40 55 57 60 71 
29 39 40 55 57 60 69 70 
29 39 40 55 57 58 59 71 
29 39 40 55 57 58 59 69 70 
29 39 40 44 55 59 60 
29 39 40 44 55 58 59 
29 39 40 44 55 57 60 
29 39 40 44 55 57 58 59 
29 33 55 59 65 71 
29 33 55 59 65 69 70 
29 33 55 57 71 
29 33 55 57 69 70 
29 33 55 57 65 71 
29 33 55 57 65 69 70 
29 33 55 57 59 71 
29 33 55 57 59 69 70 
29 33 55 57 59 65 71 
29 33 55 57 59 65 69 70 
29 33 55 56 59 71 
29 33 55 56 59 69 70 
29 33 55 56 57 71 
29 33 55 56 57 69 70 
29 33 55 56 57 59 71 
29 33 55 56 57 59 69 70 
29 33 44 55 59 65 
29 33 44 55 57 
29 33 44 55 57 65 
29 33 44 55 57 59 
29 33 44 55 57 59 65 
29 33 44 55 56 59 
29 33 44 55 56 57 
29 33 44 55 56 57 59 
29 33 41 55 59 71 
29 33 41 55 59 69 70 
29 33 41 55 57 71 
29 33 41 55 57 69 70 
29 33 41 44 55 59 
29 33 41 44 55 57 
29 33 39 40 55 59 71 
29 33 39 40 55 59 69 70 
29 33 39 40 55 57 71 
29 33 39 40 55 57 69 70 
29 33 39 40 44 55 59 
29 33 39 40 44 55 57 
29 30 57 60 71 
29 30 57 60 69 70 
29 30 57 58 59 71 
29 30 57 58 59 69 70 
29 30 55 59 60 71 
29 30 55 59 60 69 70 
29 30 55 58 59 71 
29 30 55 58 59 69 70 
29 30 55 57 60 71 
29 30 55 57 60 69 70 
29 30 55 57 58 59 71 
29 30 55 57 58 59 69 70 
29 30 44 57 60 
29 30 44 57 58 59 
29 30 44 55 59 60 
29 30 44 55 58 59 
29 30 44 55 57 60 
29 30 44 55 57 58 59 
29 30 41 55 59 60 71 
29 30 41 55 59 60 69 70 
29 30 41 55 58 59 71 
29 30 41 55 58 59 69 70 
29 30 41 55 57 60 71 
29 30 41 55 57 60 69 70 
29 30 41 55 57 58 59 71 
29 30 41 55 57 58 59 69 70 
29 30 41 44 55 59 60 
29 30 41 44 55 58 59 
29 30 41 44 55 57 60 
29 30 41 44 55 57 58 59 
29 30 39 40 55 59 60 71 
29 30 39 40 55 59 60 69 70 
29 30 39 40 55 58 59 71 
29 30 39 40 55 58 59 69 70 
29 30 39 40 55 57 60 71 
29 30 39 40 55 57 60 69 70 
29 30 39 40 55 57 58 59 71 
29 30 39 40 55 57 58 59 69 70 
29 30 39 40 44 55 59 60 
29 30 39 40 44 55 58 59 
29 30 39 40 44 55 57 60 
29 30 39 40 44 55 57 58 59 
29 30 33 57 71 
29 30 33 57 69 70 
29 30 33 55 59 71 
29 30 33 55 59 69 70 
29 30 33 55 57 71 
29 30 33 55 57 69 70 
29 30 33 44 57 
29 30 33 44 55 59 
29 30 33 44 55 57 
29 30 33 41 55 59 71 
29 30 33 41 55 59 69 70 
29 30 33 41 55 57 71 
29 30 33 41 55 57 69 70 
29 30 33 41 44 55 59 
29 30 33 41 44 55 57 
29 30 33 39 40 55 59 71 
29 30 33 39 40 55 59 69 70 
29 30 33 39 40 55 57 71 
29 30 33 39 40 55 57 69 70 
29 30 33 39 40 44 55 59 
29 30 33 39 40 44 55 57 
28 55 59 71 77 
28 55 59 71 75 76 
28 55 59 69 70 77 
28 55 59 69 70 75 76 
28 50 55 59 71 
28 50 55 59 69 70 
28 44 55 59 77 
28 44 55 59 75 76 
28 44 50 55 59 
28 29 57 60 71 
28 29 57 60 69 70 
28 29 57 58 59 71 
28 29 57 58 59 69 70 
28 29 56 57 60 71 
28 29 56 57 60 69 70 
28 29 56 57 58 59 71 
28 29 56 57 58 59 69 70 
28 29 55 59 60 71 
28 29 55 59 60 69 70 
28 29 55 58 59 71 
28 29 55 58 59 69 70 
28 29 55 57 60 71 
28 29 55 57 60 69 70 
28 29 55 57 58 59 71 
28 29 55 57 58 59 69 70 
28 29 55 56 59 60 71 
28 29 55 56 59 60 69 70 
28 29 55 56 58 59 71 
28 29 55 56 58 59 69 70 
28 29 55 56 57 60 71 
28 29 55 56 57 60 69 70 
28 29 55 56 57 58 59 71 
28 29 55 56 57 58 59 69 70 
28 29 54 55 59 60 71 
28 29 54 55 59 60 69 70 
28 29 54 55 58 59 71 
28 29 54 55 58 59 69 70 
28 29 44 57 60 
28 29 44 57 58 59 
28 29 44 56 57 60 
28 29 44 56 57 58 59 
28 29 44 55 59 60 
28 29 44 55 58 59 
28 29 44 55 57 60 
28 29 44 55 57 58 59 
28 29 44 55 56 59 60 
28 29 44 55 56 58 59 
28 29 44 55 56 57 60 
28 29 44 55 56 57 58 59 
28 29 44 54 55 59 60 
28 29 44 54 55 58 59 
28 29 41 55 59 60 71 
28 29 41 55 59 60 69 70 
28 29 41 55 58 59 71 
28 29 41 55 58 59 69 70 
28 29 41 55 57 60 71 
28 29 41 55 57 60 69 70 
28 29 41 55 57 58 59 71 
28 29 41 55 57 58 59 69 70 
28 29 41 55 56 59 60 71 
28 29 41 55 56 59 60 69 70 
28 29 41 55 56 58 59 71 
28 29 41 55 56 58 59 69 70 
28 29 41 55 56 57 60 71 
28 29 41 55 56 57 60 69 70 
28 29 41 55 56 57 58 59 71 
28 29 41 55 56 57 58 59 69 70 
28 29 41 54 55 59 60 71 
28 29 41 54 55 59 60 69 70 
28 29 41 54 55 58 59 71 
28 29 41 54 55 58 59 69 70 
28 29 41 54 55 57 60 71 
28 29 41 54 55 57 60 69 70 
28 29 41 54 55 57 58 59 71 
28 29 41 54 55 57 58 59 69 70 
28 29 41 44 55 59 60 
28 29 41 44 55 58 59 
28 29 41 44 55 57 60 
28 29 41 44 55 57 58 59 
28 29 41 44 55 56 59 60 
28 29 41 44 55 56 58 59 
28 29 41 44 55 56 57 60 
28 29 41 44 55 56 57 58 59 
28 29 41 44 54 55 59 60 
28 29 41 44 54 55 58 59 
28 29 41 44 54 55 57 60 
28 29 41 44 54 55 57 58 59 
28 29 39 40 55 59 60 71 
28 29 39 40 55 59 60 69 70 
28 29 39 40 55 58 59 71 
28 29 39 40 55 58 59 69 70 
28 29 39 40 55 57 60 71 
28 29 39 40 55 57 60 69 70 
28 29 39 40 55 57 58 59 71 
28 29 39 40 55 57 58 59 69 70 
28 29 39 40 55 56 59 60 71 
28 29 39 40 55 56 59 60 69 70 
28 29 39 40 55 56 58 59 71 
28 29 39 40 55 56 58 59 69 70 
28 29 39 40 55 56 57 60 71 
28 29 39 40 55 56 57 60 69 70 
28 29 39 40 55 56 57 58 59 71 
28 29 39 40 55 56 57 58 59 69 70 
28 29 39 40 54 55 59 60 71 
28 29 39 40 54 55 59 60 69 70 
28 29 39 40 54 55 58 59 71 
28 29 39 40 54 55 58 59 69 70 
28 29 39 40 54 55 57 60 71 
28 29 39 40 54 55 57 60 69 70 
28 29 39 40 54 55 57 58 59 71 
28 29 39 40 54 55 57 58 59 69 70 
28 29 39 40 44 55 59 60 
28 29 39 40 44 55 58 59 
28 29 39 40 44 55 57 60 
28 29 39 40 44 55 57 58 59 
28 29 39 40 44 55 56 59 60 
28 29 39 40 44 55 56 58 59 
28 29 39 40 44 55 56 57 60 
28 29 39 40 44 55 56 57 58 59 
28 29 39 40 44 54 55 59 60 
28 29 39 40 44 54 55 58 59 
28 29 39 40 44 54 55 57 60 
28 29 39 40 44 54 55 57 58 59 
28 29 33 57 71 
28 29 33 57 69 70 
28 29 33 56 57 71 
28 29 33 56 57 69 70 
28 29 33 55 59 71 
28 29 33 55 59 69 70 
28 29 33 55 57 71 
28 29 33 55 57 69 70 
28 29 33 55 56 59 71 
28 29 33 55 56 59 69 70 
28 29 33 55 56 57 71 
28 29 33 55 56 57 69 70 
28 29 33 54 55 59 71 
28 29 33 54 55 59 69 70 
28 29 33 44 57 
28 29 33 44 56 57 
28 29 33 44 55 59 
28 29 33 44 55 57 
28 29 33 44 55 56 59 
28 29 33 44 55 56 57 
28 29 33 44 54 55 59 
28 29 33 41 55 59 71 
28 29 33 41 55 59 69 70 
28 29 33 41 55 57 71 
28 29 33 41 55 57 69 70 
28 29 33 41 55 56 59 71 
28 29 33 41 55 56 59 69 70 
28 29 33 41 55 56 57 71 
28 29 33 41 55 56 57 69 70 
28 29 33 41 54 55 59 71 
28 29 33 41 54 55 59 69 70 
28 29 33 41 54 55 57 71 
28 29 33 41 54 55 57 69 70 
28 29 33 41 44 55 59 
28 29 33 41 44 55 57 
28 29 33 41 44 55 56 59 
28 29 33 41 44 55 56 57 
28 29 33 41 44 54 55 59 
28 29 33 41 44 54 55 57 
28 29 33 39 40 55 59 71 
28 29 33 39 40 55 59 69 70 
28 29 33 39 40 55 57 71 
28 29 33 39 40 55 57 69 70 
28 29 33 39 40 55 56 59 71 
28 29 33 39 40 55 56 59 69 70 
28 29 33 39 40 55 56 57 71 
28 29 33 39 40 55 56 57 69 70 
28 29 33 39 40 54 55 59 71 
28 29 33 39 40 54 55 59 69 70 
28 29 33 39 40 54 55 57 71 
28 29 33 39 40 54 55 57 69 70 
28 29 33 39 40 44 55 59 
28 29 33 39 40 44 55 57 
28 29 33 39 40 44 55 56 59 
28 29 33 39 40 44 55 56 57 
28 29 33 39 40 44 54 55 59 
28 29 33 39 40 44 54 55 57 
26 27 55 59 71 77 
26 27 55 59 71 75 76 
26 27 55 59 69 70 77 
26 27 55 59 69 70 75 76 
26 27 50 55 59 71 
26 27 50 55 59 69 70 
26 27 44 55 59 77 
26 27 44 55 59 75 76 
26 27 44 50 55 59 
23 
23 68 71 
23 68 69 70 
23 57 71 
23 57 69 77 
23 57 69 75 76 
23 57 69 70 
23 57 67 68 77 
23 57 67 68 75 76 
23 57 59 69 77 
23 57 59 69 75 76 
23 57 59 67 68 77 
23 57 59 67 68 75 76 
23 56 57 60 71 
23 56 57 60 69 70 
23 56 57 59 60 71 
23 56 57 59 60 69 70 
23 55 56 59 60 71 
23 55 56 59 60 69 70 
23 55 56 58 59 71 
23 55 56 58 59 69 70 
23 55 56 57 60 71 
23 55 56 57 60 69 70 
23 55 56 57 59 60 71 
23 55 56 57 59 60 69 70 
23 54 55 59 60 71 
23 54 55 59 60 69 70 
23 54 55 58 59 71 
23 54 55 58 59 69 70 
23 50 57 69 
23 50 57 67 68 
23 50 57 59 69 
23 50 57 59 67 68 
23 44 68 
23 44 57 
23 44 56 57 60 
23 44 56 57 59 60 
23 44 55 56 59 60 
23 44 55 56 58 59 
23 44 55 56 57 60 
23 44 55 56 57 59 60 
23 44 54 55 59 60 
23 44 54 55 58 59 
23 42 57 77 
23 42 57 75 76 
23 42 57 59 77 
23 42 57 59 75 76 
23 42 50 57 
23 42 50 57 59 
23 41 55 56 59 60 71 
23 41 55 56 59 60 69 70 
23 41 55 56 58 59 71 
23 41 55 56 58 59 69 70 
23 41 55 56 57 60 71 
23 41 55 56 57 60 69 70 
23 41 55 56 57 58 59 71 
23 41 55 56 57 58 59 69 70 
23 41 54 55 59 60 71 
23 41 54 55 59 60 69 70 
23 41 54 55 58 59 71 
23 41 54 55 58 59 69 70 
23 41 54 55 57 60 71 
23 41 54 55 57 60 69 70 
23 41 54 55 57 58 59 71 
23 41 54 55 57 58 59 69 70 
23 41 44 55 56 59 60 
23 41 44 55 56 58 59 
23 41 44 55 56 57 60 
23 41 44 55 56 57 58 59 
23 41 44 54 55 59 60 
23 41 44 54 55 58 59 
23 41 44 54 55 57 60 
23 41 44 54 55 57 58 59 
23 39 40 55 56 59 60 71 
23 39 40 55 56 59 60 69 70 
23 39 40 55 56 58 59 71 
23 39 40 55 56 58 59 69 70 
23 39 40 55 56 57 60 71 
23 39 40 55 56 57 60 69 70 
23 39 40 55 56 57 58 59 71 
23 39 40 55 56 57 58 59 69 70 
23 39 40 54 55 59 60 71 
23 39 40 54 55 59 60 69 70 
23 39 40 54 55 58 59 71 
23 39 40 54 55 58 59 69 70 
23 39 40 54 55 57 60 71 
23 39 40 54 55 57 60 69 70 
23 39 40 54 55 57 58 59 71 
23 39 40 54 55 57 58 59 69 70 
23 39 40 44 55 56 59 60 
23 39 40 44 55 56 58 59 
23 39 40 44 55 56 57 60 
23 39 40 44 55 56 57 58 59 
23 39 40 44 54 55 59 60 
23 39 40 44 54 55 58 59 
23 39 40 44 54 55 57 60 
23 39 40 44 54 55 57 58 59 
23 33 56 57 71 
23 33 56 57 69 70 
23 33 56 57 59 71 
23 33 56 57 59 69 70 
23 33 55 56 59 71 
23 33 55 56 59 69 70 
23 33 55 56 57 71 
23 33 55 56 57 69 70 
23 33 55 56 57 59 71 
23 33 55 56 57 59 69 70 
23 33 54 55 59 71 
23 33 54 55 59 69 70 
23 33 44 56 57 
23 33 44 56 57 59 
23 33 44 55 56 59 
23 33 44 55 56 57 
23 33 44 55 56 57 59 
23 33 44 54 55 59 
23 33 41 55 56 59 71 
23 33 41 55 56 59 69 70 
23 33 41 55 56 57 71 
23 33 41 55 56 57 69 70 
23 33 41 54 55 59 71 
23 33 41 54 55 59 69 70 
23 33 41 54 55 57 71 
23 33 41 54 55 57 69 70 
23 33 41 44 55 56 59 
23 33 41 44 55 56 57 
23 33 41 44 54 55 59 
23 33 41 44 54 55 57 
23 33 39 40 55 56 59 71 
23 33 39 40 55 56 59 69 70 
23 33 39 40 55 56 57 71 
23 33 39 40 55 56 57 69 70 
23 33 39 40 54 55 59 71 
23 33 39 40 54 55 59 69 70 
23 33 39 40 54 55 57 71 
23 33 39 40 54 55 57 69 70 
23 33 39 40 44 55 56 59 
23 33 39 40 44 55 56 57 
23 33 39 40 44 54 55 59 
23 33 39 40 44 54 55 57 
23 30 56 57 60 71 
23 30 56 57 60 69 70 
23 30 56 57 59 60 71 
23 30 56 57 59 60 69 70 
23 30 55 56 59 60 71 
23 30 55 56 59 60 69 70 
23 30 55 56 58 59 71 
23 30 55 56 58 59 69 70 
23 30 55 56 57 60 71 
23 30 55 56 57 60 69 70 
23 30 55 56 57 58 59 71 
23 30 55 56 57 58 59 69 70 
23 30 54 55 59 60 71 
23 30 54 55 59 60 69 70 
23 30 54 55 58 59 71 
23 30 54 55 58 59 69 70 
23 30 54 55 57 59 60 71 
23 30 54 55 57 59 60 69 70 
23 30 54 55 57 58 59 71 
23 30 54 55 57 58 59 69 70 
23 30 44 56 57 60 
23 30 44 56 57 59 60 
23 30 44 55 56 59 60 
23 30 44 55 56 58 59 
23 30 44 55 56 57 60 
23 30 44 55 56 57 58 59 
23 30 44 54 55 59 60 
23 30 44 54 55 58 59 
23 30 44 54 55 57 59 60 
23 30 44 54 55 57 58 59 
23 30 41 55 56 59 60 71 
23 30 41 55 56 59 60 69 70 
23 30 41 55 56 58 59 71 
23 30 41 55 56 58 59 69 70 
23 30 41 55 56 57 60 71 
23 30 41 55 56 57 60 69 70 
23 30 41 55 56 57 58 59 71 
23 30 41 55 56 57 58 59 69 70 
23 30 41 54 55 59 60 71 
23 30 41 54 55 59 60 69 70 
23 30 41 54 55 58 59 71 
23 30 41 54 55 58 59 69 70 
23 30 41 54 55 57 60 71 
23 30 41 54 55 57 60 69 70 
23 30 41 54 55 57 58 59 71 
23 30 41 54 55 57 58 59 69 70 
23 30 41 44 55 56 59 60 
23 30 41 44 55 56 58 59 
23 30 41 44 55 56 57 60 
23 30 41 44 55 56 57 58 59 
23 30 41 44 54 55 59 60 
23 30 41 44 54 55 58 59 
23 30 41 44 54 55 57 60 
23 30 41 44 54 55 57 58 59 
23 30 39 40 55 56 59 60 71 
23 30 39 40 55 56 59 60 69 70 
23 30 39 40 55 56 58 59 71 
23 30 39 40 55 56 58 59 69 70 
23 30 39 40 55 56 57 60 71 
23 30 39 40 55 56 57 60 69 70 
23 30 39 40 55 56 57 58 59 71 
23 30 39 40 55 56 57 58 59 69 70 
23 30 39 40 54 55 59 60 71 
23 30 39 40 54 55 59 60 69 70 
23 30 39 40 54 55 58 59 71 
23 30 39 40 54 55 58 59 69 70 
23 30 39 40 54 55 57 60 71 
23 30 39 40 54 55 57 60 69 70 
23 30 39 40 54 55 57 58 59 71 
23 30 39 40 54 55 57 58 59 69 70 
23 30 39 40 44 55 56 59 60 
23 30 39 40 44 55 56 58 59 
23 30 39 40 44 55 56 57 60 
23 30 39 40 44 55 56 57 58 59 
23 30 39 40 44 54 55 59 60 
23 30 39 40 44 54 55 58 59 
23 30 39 40 44 54 55 57 60 
23 30 39 40 44 54 55 57 58 59 
23 30 33 56 57 71 
23 30 33 56 57 69 70 
23 30 33 56 57 59 71 
23 30 33 56 57 59 69 70 
23 30 33 55 56 59 71 
23 30 33 55 56 59 69 70 
23 30 33 55 56 57 71 
23 30 33 55 56 57 69 70 
23 30 33 54 55 59 71 
23 30 33 54 55 59 69 70 
23 30 33 54 55 57 59 71 
23 30 33 54 55 57 59 69 70 
23 30 33 44 56 57 
23 30 33 44 56 57 59 
23 30 33 44 55 56 59 
23 30 33 44 55 56 57 
23 30 33 44 54 55 59 
23 30 33 44 54 55 57 59 
23 30 33 41 55 56 59 71 
23 30 33 41 55 56 59 69 70 
23 30 33 41 55 56 57 71 
23 30 33 41 55 56 57 69 70 
23 30 33 41 54 55 59 71 
23 30 33 41 54 55 59 69 70 
23 30 33 41 54 55 57 71 
23 30 33 41 54 55 57 69 70 
23 30 33 41 44 55 56 59 
23 30 33 41 44 55 56 57 
23 30 33 41 44 54 55 59 
23 30 33 41 44 54 55 57 
23 30 33 39 40 55 56 59 71 
23 30 33 39 40 55 56 59 69 70 
23 30 33 39 40 55 56 57 71 
23 30 33 39 40 55 56 57 69 70 
23 30 33 39 40 54 55 59 71 
23 30 33 39 40 54 55 59 69 70 
23 30 33 39 40 54 55 57 71 
23 30 33 39 40 54 55 57 69 70 
23 30 33 39 40 44 55 56 59 
23 30 33 39 40 44 55 56 57 
23 30 33 39 40 44 54 55 59 
23 30 33 39 40 44 54 55 57 
23 29 57 60 71 
23 29 57 60 69 70 
23 29 57 59 60 71 
23 29 57 59 60 69 70 
23 29 55 59 60 71 
23 29 55 59 60 69 70 
23 29 55 58 59 71 
23 29 55 58 59 69 70 
23 29 55 57 60 71 
23 29 55 57 60 69 70 
23 29 55 57 59 60 71 
23 29 55 57 59 60 69 70 
23 29 44 57 60 
23 29 44 57 59 60 
23 29 44 55 59 60 
23 29 44 55 58 59 
23 29 44 55 57 60 
23 29 44 55 57 59 60 
23 29 41 55 59 60 71 
23 29 41 55 59 60 69 70 
23 29 41 55 58 59 71 
23 29 41 55 58 59 69 70 
23 29 41 55 57 60 71 
23 29 41 55 57 60 69 70 
23 29 41 55 57 58 59 71 
23 29 41 55 57 58 59 69 70 
23 29 41 44 55 59 60 
23 29 41 44 55 58 59 
23 29 41 44 55 57 60 
23 29 41 44 55 57 58 59 
23 29 39 40 55 59 60 71 
23 29 39 40 55 59 60 69 70 
23 29 39 40 55 58 59 71 
23 29 39 40 55 58 59 69 70 
23 29 39 40 55 57 60 71 
23 29 39 40 55 57 60 69 70 
23 29 39 40 55 57 58 59 71 
23 29 39 40 55 57 58 59 69 70 
23 29 39 40 44 55 59 60 
23 29 39 40 44 55 58 59 
23 29 39 40 44 55 57 60 
23 29 39 40 44 55 57 58 59 
23 29 33 57 71 
23 29 33 57 69 70 
23 29 33 57 59 71 
23 29 33 57 59 69 70 
23 29 33 55 59 71 
23 29 33 55 59 69 70 
23 29 33 55 57 71 
23 29 33 55 57 69 70 
23 29 33 55 57 59 71 
23 29 33 55 57 59 69 70 
23 29 33 44 57 
23 29 33 44 57 59 
23 29 33 44 55 59 
23 29 33 44 55 57 
23 29 33 44 55 57 59 
23 29 33 41 55 59 71 
23 29 33 41 55 59 69 70 
23 29 33 41 55 57 71 
23 29 33 41 55 57 69 70 
23 29 33 41 44 55 59 
23 29 33 41 44 55 57 
23 29 33 39 40 55 59 71 
23 29 33 39 40 55 59 69 70 
23 29 33 39 40 55 57 71 
23 29 33 39 40 55 57 69 70 
23 29 33 39 40 44 55 59 
23 29 33 39 40 44 55 57 
23 29 30 57 60 71 
23 29 30 57 60 69 70 
23 29 30 57 59 60 71 
23 29 30 57 59 60 69 70 
23 29 30 55 59 60 71 
23 29 30 55 59 60 69 70 
23 29 30 55 58 59 71 
23 29 30 55 58 59 69 70 
23 29 30 55 57 60 71 
23 29 30 55 57 60 69 70 
23 29 30 55 57 58 59 71 
23 29 30 55 57 58 59 69 70 
23 29 30 44 57 60 
23 29 30 44 57 59 60 
23 29 30 44 55 59 60 
23 29 30 44 55 58 59 
23 29 30 44 55 57 60 
23 29 30 44 55 57 58 59 
23 29 30 41 55 59 60 71 
23 29 30 41 55 59 60 69 70 
23 29 30 41 55 58 59 71 
23 29 30 41 55 58 59 69 70 
23 29 30 41 55 57 60 71 
23 29 30 41 55 57 60 69 70 
23 29 30 41 55 57 58 59 71 
23 29 30 41 55 57 58 59 69 70 
23 29 30 41 44 55 59 60 
23 29 30 41 44 55 58 59 
23 29 30 41 44 55 57 60 
23 29 30 41 44 55 57 58 59 
23 29 30 39 40 55 59 60 71 
23 29 30 39 40 55 59 60 69 70 
23 29 30 39 40 55 58 59 71 
23 29 30 39 40 55 58 59 69 70 
23 29 30 39 40 55 57 60 71 
23 29 30 39 40 55 57 60 69 70 
23 29 30 39 40 55 57 58 59 71 
23 29 30 39 40 55 57 58 59 69 70 
23 29 30 39 40 44 55 59 60 
23 29 30 39 40 44 55 58 59 
23 29 30 39 40 44 55 57 60 
23 29 30 39 40 44 55 57 58 59 
23 29 30 33 57 71 
23 29 30 33 57 69 70 
23 29 30 33 57 59 71 
23 29 30 33 57 59 69 70 
23 29 30 33 55 59 71 
23 29 30 33 55 59 69 70 
23 29 30 33 55 57 71 
23 29 30 33 55 57 69 70 
23 29 30 33 44 57 
23 29 30 33 44 57 59 
23 29 30 33 44 55 59 
23 29 30 33 44 55 57 
23 29 30 33 41 55 59 71 
23 29 30 33 41 55 59 69 70 
23 29 30 33 41 55 57 71 
23 29 30 33 41 55 57 69 70 
23 29 30 33 41 44 55 59 
23 29 30 33 41 44 55 57 
23 29 30 33 39 40 55 59 71 
23 29 30 33 39 40 55 59 69 70 
23 29 30 33 39 40 55 57 71 
23 29 30 33 39 40 55 57 69 70 
23 29 30 33 39 40 44 55 59 
23 29 30 33 39 40 44 55 57 
23 28 29 57 60 71 
23 28 29 57 60 69 70 
23 28 29 57 59 60 71 
23 28 29 57 59 60 69 70 
23 28 29 56 57 60 71 
23 28 29 56 57 60 69 70 
23 28 29 56 57 59 60 71 
23 28 29 56 57 59 60 69 70 
23 28 29 55 59 60 71 
23 28 29 55 59 60 69 70 
23 28 29 55 58 59 71 
23 28 29 55 58 59 69 70 
23 28 29 55 57 60 71 
23 28 29 55 57 60 69 70 
23 28 29 55 57 58 59 71 
23 28 29 55 57 58 59 69 70 
23 28 29 55 56 59 60 71 
23 28 29 55 56 59 60 69 70 
23 28 29 55 56 58 59 71 
23 28 29 55 56 58 59 69 70 
23 28 29 55 56 57 60 71 
23 28 29 55 56 57 60 69 70 
23 28 29 55 56 57 58 59 71 
23 28 29 55 56 57 58 59 69 70 
23 28 29 54 55 59 60 71 
23 28 29 54 55 59 60 69 70 
23 28 29 54 55 58 59 71 
23 28 29 54 55 58 59 69 70 
23 28 29 54 55 57 59 60 71 
23 28 29 54 55 57 59 60 69 70 
23 28 29 54 55 57 58 59 71 
23 28 29 54 55 57 58 59 69 70 
23 28 29 44 57 60 
23 28 29 44 57 59 60 
23 28 29 44 56 57 60 
23 28 29 44 56 57 59 60 
23 28 29 44 55 59 60 
23 28 29 44 55 58 59 
23 28 29 44 55 57 60 
23 28 29 44 55 57 58 59 
23 28 29 44 55 56 59 60 
23 28 29 44 55 56 58 59 
23 28 29 44 55 56 57 60 
23 28 29 44 55 56 57 58 59 
23 28 29 44 54 55 59 60 
23 28 29 44 54 55 58 59 
23 28 29 44 54 55 57 59 60 
23 28 29 44 54 55 57 58 59 
23 28 29 41 55 59 60 71 
23 28 29 41 55 59 60 69 70 
23 28 29 41 55 58 59 71 
23 28 29 41 55 58 59 69 70 
23 28 29 41 55 57 60 71 
23 28 29 41 55 57 60 69 70 
23 28 29 41 55 57 58 59 71 
23 28 29 41 55 57 58 59 69 70 
23 28 29 41 55 56 59 60 71 
23 28 29 41 55 56 59 60 69 70 
23 28 29 41 55 56 58 59 71 
23 28 29 41 55 56 58 59 69 70 
23 28 29 41 55 56 57 60 71 
23 28 29 41 55 56 57 60 69 70 
23 28 29 41 55 56 57 58 59 71 
23 28 29 41 55 56 57 58 59 69 70 
23 28 29 41 54 55 59 60 71 
23 28 29 41 54 55 59 60 69 70 
23 28 29 41 54 55 58 59 71 
23 28 29 41 54 55 58 59 69 70 
23 28 29 41 54 55 57 60 71 
23 28 29 41 54 55 57 60 69 70 
23 28 29 41 54 55 57 58 59 71 
23 28 29 41 54 55 57 58 59 69 70 
23 28 29 41 44 55 59 60 
23 28 29 41 44 55 58 59 
23 28 29 41 44 55 57 60 
23 28 29 41 44 55 57 58 59 
23 28 29 41 44 55 56 59 60 
23 28 29 41 44 55 56 58 59 
23 28 29 41 44 55 56 57 60 
23 28 29 41 44 55 56 57 58 59 
23 28 29 41 44 54 55 59 60 
23 28 29 41 44 54 55 58 59 
23 28 29 41 44 54 55 57 60 
23 28 29 41 44 54 55 57 58 59 
23 28 29 39 40 55 59 60 71 
23 28 29 39 40 55 59 60 69 70 
23 28 29 39 40 55 58 59 71 
23 28 29 39 40 55 58 59 69 70 
23 28 29 39 40 55 57 60 71 
23 28 29 39 40 55 57 60 69 70 
23 28 29 39 40 55 57 58 59 71 
23 28 29 39 40 55 57 58 59 69 70 
23 28 29 39 40 55 56 59 60 71 
23 28 29 39 40 55 56 59 60 69 70 
23 28 29 39 40 55 56 58 59 71 
23 28 29 39 40 55 56 58 59 69 70 
23 28 29 39 40 55 56 57 60 71 
23 28 29 39 40 55 56 57 60 69 70 
23 28 29 39 40 55 56 57 58 59 71 
23 28 29 39 40 55 56 57 58 59 69 70 
23 28 29 39 40 54 55 59 60 71 
23 28 29 39 40 54 55 59 60 69 70 
23 28 29 39 40 54 55 58 59 71 
23 28 29 39 40 54 55 58 59 69 70 
23 28 29 39 40 54 55 57 60 71 
23 28 29 39 40 54 55 57 60 69 70 
23 28 29 39 40 54 55 57 58 59 71 
23 28 29 39 40 54 55 57 58 59 69 70 
23 28 29 39 40 44 55 59 60 
23 28 29 39 40 44 55 58 59 
23 28 29 39 40 44 55 57 60 
23 28 29 39 40 44 55 57 58 59 
23 28 29 39 40 44 55 56 59 60 
23 28 29 39 40 44 55 56 58 59 
23 28 29 39 40 44 55 56 57 60 
23 28 29 39 40 44 55 56 57 58 59 
23 28 29 39 40 44 54 55 59 60 
23 28 29 39 40 44 54 55 58 59 
23 28 29 39 40 44 54 55 57 60 
23 28 29 39 40 44 54 55 57 58 59 
23 28 29 33 57 71 
23 28 29 33 57 69 70 
23 28 29 33 57 59 71 
23 28 29 33 57 59 69 70 
23 28 29 33 56 57 71 
23 28 29 33 56 57 69 70 
23 28 29 33 56 57 59 71 
23 28 29 33 56 57 59 69 70 
23 28 29 33 55 59 71 
23 28 29 33 55 59 69 70 
23 28 29 33 55 57 71 
23 28 29 33 55 57 69 70 
23 28 29 33 55 56 59 71 
23 28 29 33 55 56 59 69 70 
23 28 29 33 55 56 57 71 
23 28 29 33 55 56 57 69 70 
23 28 29 33 54 55 59 71 
23 28 29 33 54 55 59 69 70 
23 28 29 33 54 55 57 59 71 
23 28 29 33 54 55 57 59 69 70 
23 28 29 33 44 57 
23 28 29 33 44 57 59 
23 28 29 33 44 56 57 
23 28 29 33 44 56 57 59 
23 28 29 33 44 55 59 
23 28 29 33 44 55 57 
23 28 29 33 44 55 56 59 
23 28 29 33 44 55 56 57 
23 28 29 33 44 54 55 59 
23 28 29 33 44 54 55 57 59 
23 28 29 33 41 55 59 71 
23 28 29 33 41 55 59 69 70 
23 28 29 33 41 55 57 71 
23 28 29 33 41 55 57 69 70 
23 28 29 33 41 55 56 59 71 
23 28 29 33 41 55 56 59 69 70 
23 28 29 33 41 55 56 57 71 
23 28 29 33 41 55 56 57 69 70 
23 28 29 33 41 54 55 59 71 
23 28 29 33 41 54 55 59 69 70 
23 28 29 33 41 54 55 57 71 
23 28 29 33 41 54 55 57 69 70 
23 28 29 33 41 44 55 59 
23 28 29 33 41 44 55 57 
23 28 29 33 41 44 55 56 59 
23 28 29 33 41 44 55 56 57 
23 28 29 33 41 44 54 55 59 
23 28 29 33 41 44 54 55 57 
23 28 29 33 39 40 55 59 71 
23 28 29 33 39 40 55 59 69 70 
23 28 29 33 39 40 55 57 71 
23 28 29 33 39 40 55 57 69 70 
23 28 29 33 39 40 55 56 59 71 
23 28 29 33 39 40 55 56 59 69 70 
23 28 29 33 39 40 55 56 57 71 
23 28 29 33 39 40 55 56 57 69 70 
23 28 29 33 39 40 54 55 59 71 
23 28 29 33 39 40 54 55 59 69 70 
23 28 29 33 39 40 54 55 57 71 
23 28 29 33 39 40 54 55 57 69 70 
23 28 29 33 39 40 44 55 59 
23 28 29 33 39 40 44 55 57 
23 28 29 33 39 40 44 55 56 59 
23 28 29 33 39 40 44 55 56 57 
23 28 29 33 39 40 44 54 55 59 
23 28 29 33 39 40 44 54 55 57 
22 
18 59 
18 59 69 
18 59 67 
18 59 67 69 
18 59 63 
18 59 63 69 
18 59 63 67 
18 59 63 67 69 
18 57 69 73 77 
18 57 69 73 75 76 
18 57 69 71 77 
18 57 69 71 75 76 
18 57 69 71 72 77 
18 57 69 71 72 75 76 
18 57 69 70 77 
18 57 69 70 75 76 
18 57 67 68 73 77 
18 57 67 68 73 75 76 
18 57 67 68 71 77 
18 57 67 68 71 75 76 
18 57 67 68 71 72 77 
18 57 67 68 71 72 75 76 
18 57 67 68 69 70 77 
18 57 67 68 69 70 75 76 
18 57 59 69 77 
18 57 59 69 75 76 
18 57 59 67 68 77 
18 57 59 67 68 75 76 
18 57 58 59 69 77 
18 57 58 59 69 75 76 
18 57 58 59 67 68 77 
18 57 58 59 67 68 75 76 
18 56 57 59 69 77 
18 56 57 59 69 75 76 
18 56 57 59 67 68 77 
18 56 57 59 67 68 75 76 
18 55 57 71 77 
18 55 57 71 75 76 
18 55 57 69 70 77 
18 55 57 69 70 75 76 
18 50 57 69 73 
18 50 57 69 71 
18 50 57 69 71 72 
18 50 57 69 70 
18 50 57 67 68 73 
18 50 57 67 68 71 
18 50 57 67 68 71 72 
18 50 57 67 68 69 70 
18 50 57 59 69 
18 50 57 59 67 68 
18 50 57 58 59 69 
18 50 57 58 59 67 68 
18 50 56 57 59 69 
18 50 56 57 59 67 68 
18 50 55 57 71 
18 50 55 57 69 70 
18 46 57 69 77 
18 46 57 69 75 76 
18 46 57 67 68 77 
18 46 57 67 68 75 76 
18 46 50 57 69 
18 46 50 57 67 68 
18 44 57 69 77 
18 44 57 69 75 76 
18 44 57 67 68 77 
18 44 57 67 68 75 76 
18 44 55 57 77 
18 44 55 57 75 76 
18 44 50 57 69 
18 44 50 57 67 68 
18 44 50 55 57 
18 42 59 
18 42 59 67 
18 42 59 63 
18 42 59 63 67 
18 42 57 73 77 
18 42 57 73 75 76 
18 42 57 71 77 
18 42 57 71 75 76 
18 42 57 71 72 77 
18 42 57 71 72 75 76 
18 42 57 69 70 77 
18 42 57 69 70 75 76 
18 42 57 59 77 
18 42 57 59 75 76 
18 42 57 58 59 77 
18 42 57 58 59 75 76 
18 42 56 57 59 77 
18 42 56 57 59 75 76 
18 42 50 57 73 
18 42 50 57 71 
18 42 50 57 71 72 
18 42 50 57 69 70 
18 42 50 57 59 
18 42 50 57 58 59 
18 42 50 56 57 59 
18 42 46 57 77 
18 42 46 57 75 76 
18 42 46 50 57 
18 42 44 57 77 
18 42 44 57 75 76 
18 42 44 50 57 
18 33 59 
18 33 59 69 
18 33 59 67 
18 33 59 67 69 
18 33 59 63 
18 33 59 63 69 
18 33 59 63 67 
18 33 59 63 67 69 
18 33 42 59 
18 33 42 59 67 
18 33 42 59 63 
18 33 42 59 63 67 
18 31 57 59 69 77 
18 31 57 59 69 75 76 
18 31 57 59 67 68 77 
18 31 57 59 67 68 75 76 
18 31 50 57 59 69 
18 31 50 57 59 67 68 
18 31 42 57 59 77 
18 31 42 57 59 75 76 
18 31 42 50 57 59 
14 55 56 57 59 60 71 
14 55 56 57 59 60 69 70 
14 55 56 57 58 59 71 
14 55 56 57 58 59 69 70 
14 54 55 57 59 60 71 
14 54 55 57 59 60 69 70 
14 54 55 57 58 59 71 
14 54 55 57 58 59 69 70 
14 44 55 56 57 59 60 
14 44 55 56 57 58 59 
14 44 54 55 57 59 60 
14 44 54 55 57 58 59 
14 33 55 56 57 59 71 
14 33 55 56 57 59 69 70 
14 33 54 55 57 59 71 
14 33 54 55 57 59 69 70 
14 33 44 55 56 57 59 
14 33 44 54 55 57 59 
14 30 55 56 59 60 71 
14 30 55 56 59 60 69 70 
14 30 55 56 58 59 71 
14 30 55 56 58 59 69 70 
14 30 55 56 57 60 71 
14 30 55 56 57 60 69 70 
14 30 55 56 57 58 59 71 
14 30 55 56 57 58 59 69 70 
14 30 54 55 59 60 71 
14 30 54 55 59 60 69 70 
14 30 54 55 58 59 71 
14 30 54 55 58 59 69 70 
14 30 54 55 57 60 71 
14 30 54 55 57 60 69 70 
14 30 54 55 57 58 59 71 
14 30 54 55 57 58 59 69 70 
14 30 44 55 56 59 60 
14 30 44 55 56 58 59 
14 30 44 55 56 57 60 
14 30 44 55 56 57 58 59 
14 30 44 54 55 59 60 
14 30 44 54 55 58 59 
14 30 44 54 55 57 60 
14 30 44 54 55 57 58 59 
14 30 33 55 56 59 71 
14 30 33 55 56 59 69 70 
14 30 33 55 56 57 71 
14 30 33 55 56 57 69 70 
14 30 33 54 55 59 71 
14 30 33 54 55 59 69 70 
14 30 33 54 55 57 71 
14 30 33 54 55 57 69 70 
14 30 33 44 55 56 59 
14 30 33 44 55 56 57 
14 30 33 44 54 55 59 
14 30 33 44 54 55 57 
14 29 55 57 59 60 71 
14 29 55 57 59 60 69 70 
14 29 55 57 58 59 71 
14 29 55 57 58 59 69 70 
14 29 44 55 57 59 60 
14 29 44 55 57 58 59 
14 29 33 55 57 59 71 
14 29 33 55 57 59 69 70 
14 29 33 44 55 57 59 
14 29 30 55 59 60 71 
14 29 30 55 59 60 69 70 
14 29 30 55 58 59 71 
14 29 30 55 58 59 69 70 
14 29 30 55 57 60 71 
14 29 30 55 57 60 69 70 
14 29 30 55 57 58 59 71 
14 29 30 55 57 58 59 69 70 
14 29 30 44 55 59 60 
14 29 30 44 55 58 59 
14 29 30 44 55 57 60 
14 29 30 44 55 57 58 59 
14 29 30 33 55 59 71 
14 29 30 33 55 59 69 70 
14 29 30 33 55 57 71 
14 29 30 33 55 57 69 70 
14 29 30 33 44 55 59 
14 29 30 33 44 55 57 
14 28 29 55 59 60 71 
14 28 29 55 59 60 69 70 
14 28 29 55 58 59 71 
14 28 29 55 58 59 69 70 
14 28 29 55 57 60 71 
14 28 29 55 57 60 69 70 
14 28 29 55 57 58 59 71 
14 28 29 55 57 58 59 69 70 
14 28 29 55 56 59 60 71 
14 28 29 55 56 59 60 69 70 
14 28 29 55 56 58 59 71 
14 28 29 55 56 58 59 69 70 
14 28 29 55 56 57 60 71 
14 28 29 55 56 57 60 69 70 
14 28 29 55 56 57 58 59 71 
14 28 29 55 56 57 58 59 69 70 
14 28 29 54 55 59 60 71 
14 28 29 54 55 59 60 69 70 
14 28 29 54 55 58 59 71 
14 28 29 54 55 58 59 69 70 
14 28 29 54 55 57 60 71 
14 28 29 54 55 57 60 69 70 
14 28 29 54 55 57 58 59 71 
14 28 29 54 55 57 58 59 69 70 
14 28 29 44 55 59 60 
14 28 29 44 55 58 59 
14 28 29 44 55 57 60 
14 28 29 44 55 57 58 59 
14 28 29 44 55 56 59 60 
14 28 29 44 55 56 58 59 
14 28 29 44 55 56 57 60 
14 28 29 44 55 56 57 58 59 
14 28 29 44 54 55 59 60 
14 28 29 44 54 55 58 59 
14 28 29 44 54 55 57 60 
14 28 29 44 54 55 57 58 59 
14 28 29 33 55 59 71 
14 28 29 33 55 59 69 70 
14 28 29 33 55 57 71 
14 28 29 33 55 57 69 70 
14 28 29 33 55 56 59 71 
14 28 29 33 55 56 59 69 70 
14 28 29 33 55 56 57 71 
14 28 29 33 55 56 57 69 70 
14 28 29 33 54 55 59 71 
14 28 29 33 54 55 59 69 70 
14 28 29 33 54 55 57 71 
14 28 29 33 54 55 57 69 70 
14 28 29 33 44 55 59 
14 28 29 33 44 55 57 
14 28 29 33 44 55 56 59 
14 28 29 33 44 55 56 57 
14 28 29 33 44 54 55 59 
14 28 29 33 44 54 55 57 
14 23 55 56 59 60 71 
14 23 55 56 59 60 69 70 
14 23 55 56 58 59 71 
14 23 55 56 58 59 69 70 
14 23 55 56 57 60 71 
14 23 55 56 57 60 69 70 
14 23 55 56 57 58 59 71 
14 23 55 56 57 58 59 69 70 
14 23 54 55 59 60 71 
14 23 54 55 59 60 69 70 
14 23 54 55 58 59 71 
14 23 54 55 58 59 69 70 
14 23 54 55 57 60 71 
14 23 54 55 57 60 69 70 
14 23 54 55 57 58 59 71 
14 23 54 55 57 58 59 69 70 
14 23 44 55 56 59 60 
14 23 44 55 56 58 59 
14 23 44 55 56 57 60 
14 23 44 55 56 57 58 59 
14 23 44 54 55 59 60 
14 23 44 54 55 58 59 
14 23 44 54 55 57 60 
14 23 44 54 55 57 58 59 
14 23 33 55 56 59 71 
14 23 33 55 56 59 69 70 
14 23 33 55 56 57 71 
14 23 33 55 56 57 69 70 
14 23 33 54 55 59 71 
14 23 33 54 55 59 69 70 
14 23 33 54 55 57 71 
14 23 33 54 55 57 69 70 
14 23 33 44 55 56 59 
14 23 33 44 55 56 57 
14 23 33 44 54 55 59 
14 23 33 44 54 55 57 
14 23 30 55 56 59 60 71 
14 23 30 55 56 59 60 69 70 
14 23 30 55 56 58 59 71 
14 23 30 55 56 58 59 69 70 
14 23 30 55 56 57 60 71 
14 23 30 55 56 57 60 69 70 
14 23 30 55 56 57 58 59 71 
14 23 30 55 56 57 58 59 69 70 
14 23 30 54 55 59 60 71 
14 23 30 54 55 59 60 69 70 
14 23 30 54 55 58 59 71 
14 23 30 54 55 58 59 69 70 
14 23 30 54 55 57 60 71 
14 23 30 54 55 57 60 69 70 
14 23 30 54 55 57 58 59 71 
14 23 30 54 55 57 58 59 69 70 
14 23 30 44 55 56 59 60 
14 23 30 44 55 56 58 59 
14 23 30 44 55 56 57 60 
14 23 30 44 55 56 57 58 59 
14 23 30 44 54 55 59 60 
14 23 30 44 54 55 58 59 
14 23 30 44 54 55 57 60 
14 23 30 44 54 55 57 58 59 
14 23 30 33 55 56 59 71 
14 23 30 33 55 56 59 69 70 
14 23 30 33 55 56 57 71 
14 23 30 33 55 56 57 69 70 
14 23 30 33 54 55 59 71 
14 23 30 33 54 55 59 69 70 
14 23 30 33 54 55 57 71 
14 23 30 33 54 55 57 69 70 
14 23 30 33 44 55 56 59 
14 23 30 33 44 55 56 57 
14 23 30 33 44 54 55 59 
14 23 30 33 44 54 55 57 
14 23 29 55 59 60 71 
14 23 29 55 59 60 69 70 
14 23 29 55 58 59 71 
14 23 29 55 58 59 69 70 
14 23 29 55 57 60 71 
14 23 29 55 57 60 69 70 
14 23 29 55 57 58 59 71 
14 23 29 55 57 58 59 69 70 
14 23 29 44 55 59 60 
14 23 29 44 55 58 59 
14 23 29 44 55 57 60 
14 23 29 44 55 57 58 59 
14 23 29 33 55 59 71 
14 23 29 33 55 59 69 70 
14 23 29 33 55 57 71 
14 23 29 33 55 57 69 70 
14 23 29 33 44 55 59 
14 23 29 33 44 55 57 
14 23 29 30 55 59 60 71 
14 23 29 30 55 59 60 69 70 
14 23 29 30 55 58 59 71 
14 23 29 30 55 58 59 69 70 
14 23 29 30 55 57 60 71 
14 23 29 30 55 57 60 69 70 
14 23 29 30 55 57 58 59 71 
14 23 29 30 55 57 58 59 69 70 
14 23 29 30 44 55 59 60 
14 23 29 30 44 55 58 59 
14 23 29 30 44 55 57 60 
14 23 29 30 44 55 57 58 59 
14 23 29 30 33 55 59 71 
14 23 29 30 33 55 59 69 70 
14 23 29 30 33 55 57 71 
14 23 29 30 33 55 57 69 70 
14 23 29 30 33 44 55 59 
14 23 29 30 33 44 55 57 
14 23 28 29 55 59 60 71 
14 23 28 29 55 59 60 69 70 
14 23 28 29 55 58 59 71 
14 23 28 29 55 58 59 69 70 
14 23 28 29 55 57 60 71 
14 23 28 29 55 57 60 69 70 
14 23 28 29 55 57 58 59 71 
14 23 28 29 55 57 58 59 69 70 
14 23 28 29 55 56 59 60 71 
14 23 28 29 55 56 59 60 69 70 
14 23 28 29 55 56 58 59 71 
14 23 28 29 55 56 58 59 69 70 
14 23 28 29 55 56 57 60 71 
14 23 28 29 55 56 57 60 69 70 
14 23 28 29 55 56 57 58 59 71 
14 23 28 29 55 56 57 58 59 69 70 
14 23 28 29 54 55 59 60 71 
14 23 28 29 54 55 59 60 69 70 
14 23 28 29 54 55 58 59 71 
14 23 28 29 54 55 58 59 69 70 
14 23 28 29 54 55 57 60 71 
14 23 28 29 54 55 57 60 69 70 
14 23 28 29 54 55 57 58 59 71 
14 23 28 29 54 55 57 58 59 69 70 
14 23 28 29 44 55 59 60 
14 23 28 29 44 55 58 59 
14 23 28 29 44 55 57 60 
14 23 28 29 44 55 57 58 59 
14 23 28 29 44 55 56 59 60 
14 23 28 29 44 55 56 58 59 
14 23 28 29 44 55 56 57 60 
14 23 28 29 44 55 56 57 58 59 
14 23 28 29 44 54 55 59 60 
14 23 28 29 44 54 55 58 59 
14 23 28 29 44 54 55 57 60 
14 23 28 29 44 54 55 57 58 59 
14 23 28 29 33 55 59 71 
14 23 28 29 33 55 59 69 70 
14 23 28 29 33 55 57 71 
14 23 28 29 33 55 57 69 70 
14 23 28 29 33 55 56 59 71 
14 23 28 29 33 55 56 59 69 70 
14 23 28 29 33 55 56 57 71 
14 23 28 29 33 55 56 57 69 70 
14 23 28 29 33 54 55 59 71 
14 23 28 29 33 54 55 59 69 70 
14 23 28 29 33 54 55 57 71 
14 23 28 29 33 54 55 57 69 70 
14 23 28 29 33 44 55 59 
14 23 28 29 33 44 55 57 
14 23 28 29 33 44 55 56 59 
14 23 28 29 33 44 55 56 57 
14 23 28 29 33 44 54 55 59 
14 23 28 29 33 44 54 55 57 
12 13 55 56 59 60 71 
12 13 55 56 59 60 69 70 
12 13 55 56 58 59 71 
12 13 55 56 58 59 69 70 
12 13 55 56 57 60 71 
12 13 55 56 57 60 69 70 
12 13 55 56 57 59 60 71 
12 13 55 56 57 59 60 69 70 
12 13 54 55 59 60 71 
12 13 54 55 59 60 69 70 
12 13 54 55 58 59 71 
12 13 54 55 58 59 69 70 
12 13 54 55 57 60 71 
12 13 54 55 57 60 69 70 
12 13 54 55 57 59 60 71 
12 13 54 55 57 59 60 69 70 
12 13 44 55 56 59 60 
12 13 44 55 56 58 59 
12 13 44 55 56 57 60 
12 13 44 55 56 57 59 60 
12 13 44 54 55 59 60 
12 13 44 54 55 58 59 
12 13 44 54 55 57 60 
12 13 44 54 55 57 59 60 
12 13 33 55 56 59 71 
12 13 33 55 56 59 69 70 
12 13 33 55 56 57 71 
12 13 33 55 56 57 69 70 
12 13 33 55 56 57 59 71 
12 13 33 55 56 57 59 69 70 
12 13 33 54 55 59 71 
12 13 33 54 55 59 69 70 
12 13 33 54 55 57 71 
12 13 33 54 55 57 69 70 
12 13 33 54 55 57 59 71 
12 13 33 54 55 57 59 69 70 
12 13 33 44 55 56 59 
12 13 33 44 55 56 57 
12 13 33 44 55 56 57 59 
12 13 33 44 54 55 59 
12 13 33 44 54 55 57 
12 13 33 44 54 55 57 59 
12 13 29 55 59 60 71 
12 13 29 55 59 60 69 70 
12 13 29 55 58 59 71 
12 13 29 55 58 59 69 70 
12 13 29 55 57 60 71 
12 13 29 55 57 60 69 70 
12 13 29 55 57 59 60 71 
12 13 29 55 57 59 60 69 70 
12 13 29 44 55 59 60 
12 13 29 44 55 58 59 
12 13 29 44 55 57 60 
12 13 29 44 55 57 59 60 
12 13 29 33 55 59 71 
12 13 29 33 55 59 69 70 
12 13 29 33 55 57 71 
12 13 29 33 55 57 69 70 
12 13 29 33 55 57 59 71 
12 13 29 33 55 57 59 69 70 
12 13 29 33 44 55 59 
12 13 29 33 44 55 57 
12 13 29 33 44 55 57 59 
5 68 71 
5 68 69 70 
5 44 68 
3 56 57 60 71 
3 56 57 60 69 70 
3 56 57 58 59 71 
3 56 57 58 59 69 70 
3 55 56 59 60 71 
3 55 56 59 60 69 70 
3 55 56 58 59 71 
3 55 56 58 59 69 70 
3 55 56 57 60 71 
3 55 56 57 60 69 70 
3 55 56 57 58 59 71 
3 55 56 57 58 59 69 70 
3 54 55 59 60 71 
3 54 55 59 60 69 70 
3 54 55 58 59 71 
3 54 55 58 59 69 70 
3 44 56 57 60 
3 44 56 57 58 59 
3 44 55 56 59 60 
3 44 55 56 58 59 
3 44 55 56 57 60 
3 44 55 56 57 58 59 
3 44 54 55 59 60 
3 44 54 55 58 59 
3 41 55 56 59 60 71 
3 41 55 56 59 60 69 70 
3 41 55 56 58 59 71 
3 41 55 56 58 59 69 70 
3 41 55 56 57 60 71 
3 41 55 56 57 60 69 70 
3 41 55 56 57 58 59 71 
3 41 55 56 57 58 59 69 70 
3 41 54 55 59 60 71 
3 41 54 55 59 60 69 70 
3 41 54 55 58 59 71 
3 41 54 55 58 59 69 70 
3 41 54 55 57 60 71 
3 41 54 55 57 60 69 70 
3 41 54 55 57 58 59 71 
3 41 54 55 57 58 59 69 70 
3 41 44 55 56 59 60 
3 41 44 55 56 58 59 
3 41 44 55 56 57 60 
3 41 44 55 56 57 58 59 
3 41 44 54 55 59 60 
3 41 44 54 55 58 59 
3 41 44 54 55 57 60 
3 41 44 54 55 57 58 59 
3 39 40 55 56 59 60 71 
3 39 40 55 56 59 60 69 70 
3 39 40 55 56 58 59 71 
3 39 40 55 56 58 59 69 70 
3 39 40 55 56 57 60 71 
3 39 40 55 56 57 60 69 70 
3 39 40 55 56 57 58 59 71 
3 39 40 55 56 57 58 59 69 70 
3 39 40 54 55 59 60 71 
3 39 40 54 55 59 60 69 70 
3 39 40 54 55 58 59 71 
3 39 40 54 55 58 59 69 70 
3 39 40 54 55 57 60 71 
3 39 40 54 55 57 60 69 70 
3 39 40 54 55 57 58 59 71 
3 39 40 54 55 57 58 59 69 70 
3 39 40 44 55 56 59 60 
3 39 40 44 55 56 58 59 
3 39 40 44 55 56 57 60 
3 39 40 44 55 56 57 58 59 
3 39 40 44 54 55 59 60 
3 39 40 44 54 55 58 59 
3 39 40 44 54 55 57 60 
3 39 40 44 54 55 57 58 59 
3 33 56 57 71 
3 33 56 57 69 70 
3 33 55 56 59 71 
3 33 55 56 59 69 70 
3 33 55 56 57 71 
3 33 55 56 57 69 70 
3 33 54 55 59 71 
3 33 54 55 59 69 70 
3 33 44 56 57 
3 33 44 55 56 59 
3 33 44 55 56 57 
3 33 44 54 55 59 
3 33 41 55 56 59 71 
3 33 41 55 56 59 69 70 
3 33 41 55 56 57 71 
3 33 41 55 56 57 69 70 
3 33 41 54 55 59 71 
3 33 41 54 55 59 69 70 
3 33 41 54 55 57 71 
3 33 41 54 55 57 69 70 
3 33 41 44 55 56 59 
3 33 41 44 55 56 57 
3 33 41 44 54 55 59 
3 33 41 44 54 55 57 
3 33 39 40 55 56 59 71 
3 33 39 40 55 56 59 69 70 
3 33 39 40 55 56 57 71 
3 33 39 40 55 56 57 69 70 
3 33 39 40 54 55 59 71 
3 33 39 40 54 55 59 69 70 
3 33 39 40 54 55 57 71 
3 33 39 40 54 55 57 69 70 
3 33 39 40 44 55 56 59 
3 33 39 40 44 55 56 57 
3 33 39 40 44 54 55 59 
3 33 39 40 44 54 55 57 
3 29 57 60 71 
3 29 57 60 69 70 
3 29 57 58 59 71 
3 29 57 58 59 69 70 
3 29 55 59 60 71 
3 29 55 59 60 69 70 
3 29 55 58 59 71 
3 29 55 58 59 69 70 
3 29 55 57 60 71 
3 29 55 57 60 69 70 
3 29 55 57 58 59 71 
3 29 55 57 58 59 69 70 
3 29 44 57 60 
3 29 44 57 58 59 
3 29 44 55 59 60 
3 29 44 55 58 59 
3 29 44 55 57 60 
3 29 44 55 57 58 59 
3 29 41 55 59 60 71 
3 29 41 55 59 60 69 70 
3 29 41 55 58 59 71 
3 29 41 55 58 59 69 70 
3 29 41 55 57 60 71 
3 29 41 55 57 60 69 70 
3 29 41 55 57 58 59 71 
3 29 41 55 57 58 59 69 70 
3 29 41 44 55 59 60 
3 29 41 44 55 58 59 
3 29 41 44 55 57 60 
3 29 41 44 55 57 58 59 
3 29 39 40 55 59 60 71 
3 29 39 40 55 59 60 69 70 
3 29 39 40 55 58 59 71 
3 29 39 40 55 58 59 69 70 
3 29 39 40 55 57 60 71 
3 29 39 40 55 57 60 69 70 
3 29 39 40 55 57 58 59 71 
3 29 39 40 55 57 58 59 69 70 
3 29 39 40 44 55 59 60 
3 29 39 40 44 55 58 59 
3 29 39 40 44 55 57 60 
3 29 39 40 44 55 57 58 59 
3 29 33 57 71 
3 29 33 57 69 70 
3 29 33 55 59 71 
3 29 33 55 59 69 70 
3 29 33 55 57 71 
3 29 33 55 57 69 70 
3 29 33 44 57 
3 29 33 44 55 59 
3 29 33 44 55 57 
3 29 33 41 55 59 71 
3 29 33 41 55 59 69 70 
3 29 33 41 55 57 71 
3 29 33 41 55 57 69 70 
3 29 33 41 44 55 59 
3 29 33 41 44 55 57 
3 29 33 39 40 55 59 71 
3 29 33 39 40 55 59 69 70 
3 29 33 39 40 55 57 71 
3 29 33 39 40 55 57 69 70 
3 29 33 39 40 44 55 59 
3 29 33 39 40 44 55 57 
3 23 56 57 60 71 
3 23 56 57 60 69 70 
3 23 56 57 59 60 71 
3 23 56 57 59 60 69 70 
3 23 55 56 59 60 71 
3 23 55 56 59 60 69 70 
3 23 55 56 58 59 71 
3 23 55 56 58 59 69 70 
3 23 55 56 57 60 71 
3 23 55 56 57 60 69 70 
3 23 55 56 57 58 59 71 
3 23 55 56 57 58 59 69 70 
3 23 54 55 59 60 71 
3 23 54 55 59 60 69 70 
3 23 54 55 58 59 71 
3 23 54 55 58 59 69 70 
3 23 54 55 57 59 60 71 
3 23 54 55 57 59 60 69 70 
3 23 54 55 57 58 59 71 
3 23 54 55 57 58 59 69 70 
3 23 44 56 57 60 
3 23 44 56 57 59 60 
3 23 44 55 56 59 60 
3 23 44 55 56 58 59 
3 23 44 55 56 57 60 
3 23 44 55 56 57 58 59 
3 23 44 54 55 59 60 
3 23 44 54 55 58 59 
3 23 44 54 55 57 59 60 
3 23 44 54 55 57 58 59 
3 23 41 55 56 59 60 71 
3 23 41 55 56 59 60 69 70 
3 23 41 55 56 58 59 71 
3 23 41 55 56 58 59 69 70 
3 23 41 55 56 57 60 71 
3 23 41 55 56 57 60 69 70 
3 23 41 55 56 57 58 59 71 
3 23 41 55 56 57 58 59 69 70 
3 23 41 54 55 59 60 71 
3 23 41 54 55 59 60 69 70 
3 23 41 54 55 58 59 71 
3 23 41 54 55 58 59 69 70 
3 23 41 54 55 57 60 71 
3 23 41 54 55 57 60 69 70 
3 23 41 54 55 57 58 59 71 
3 23 41 54 55 57 58 59 69 70 
3 23 41 44 55 56 59 60 
3 23 41 44 55 56 58 59 
3 23 41 44 55 56 57 60 
3 23 41 44 55 56 57 58 59 
3 23 41 44 54 55 59 60 
3 23 41 44 54 55 58 59 
3 23 41 44 54 55 57 60 
3 23 41 44 54 55 57 58 59 
3 23 39 40 55 56 59 60 71 
3 23 39 40 55 56 59 60 69 70 
3 23 39 40 55 56 58 59 71 
3 23 39 40 55 56 58 59 69 70 
3 23 39 40 55 56 57 60 71 
3 23 39 40 55 56 57 60 69 70 
3 23 39 40 55 56 57 58 59 71 
3 23 39 40 55 56 57 58 59 69 70 
3 23 39 40 54 55 59 60 71 
3 23 39 40 54 55 59 60 69 70 
3 23 39 40 54 55 58 59 71 
3 23 39 40 54 55 58 59 69 70 
3 23 39 40 54 55 57 60 71 
3 23 39 40 54 55 57 60 69 70 
3 23 39 40 54 55 57 58 59 71 
3 23 39 40 54 55 57 58 59 69 70 
3 23 39 40 44 55 56 59 60 
3 23 39 40 44 55 56 58 59 
3 23 39 40 44 55 56 57 60 
3 23 39 40 44 55 56 57 58 59 
3 23 39 40 44 54 55 59 60 
3 23 39 40 44 54 55 58 59 
3 23 39 40 44 54 55 57 60 
3 23 39 40 44 54 55 57 58 59 
3 23 33 56 57 71 
3 23 33 56 57 69 70 
3 23 33 56 57 59 71 
3 23 33 56 57 59 69 70 
3 23 33 55 56 59 71 
3 23 33 55 56 59 69 70 
3 23 33 55 56 57 71 
3 23 33 55 56 57 69 70 
3 23 33 54 55 59 71 
3 23 33 54 55 59 69 70 
3 23 33 54 55 57 59 71 
3 23 33 54 55 57 59 69 70 
3 23 33 44 56 57 
3 23 33 44 56 57 59 
3 23 33 44 55 56 59 
3 23 33 44 55 56 57 
3 23 33 44 54 55 59 
3 23 33 44 54 55 57 59 
3 23 33 41 55 56 59 71 
3 23 33 41 55 56 59 69 70 
3 23 33 41 55 56 57 71 
3 23 33 41 55 56 57 69 70 
3 23 33 41 54 55 59 71 
3 23 33 41 54 55 59 69 70 
3 23 33 41 54 55 57 71 
3 23 33 41 54 55 57 69 70 
3 23 33 41 44 55 56 59 
3 23 33 41 44 55 56 57 
3 23 33 41 44 54 55 59 
3 23 33 41 44 54 55 57 
3 23 33 39 40 55 56 59 71 
3 23 33 39 40 55 56 59 69 70 
3 23 33 39 40 55 56 57 71 
3 23 33 39 40 55 56 57 69 70 
3 23 33 39 40 54 55 59 71 
3 23 33 39 40 54 55 59 69 70 
3 23 33 39 40 54 55 57 71 
3 23 33 39 40 54 55 57 69 70 
3 23 33 39 40 44 55 56 59 
3 23 33 39 40 44 55 56 57 
3 23 33 39 40 44 54 55 59 
3 23 33 39 40 44 54 55 57 
3 23 29 57 60 71 
3 23 29 57 60 69 70 
3 23 29 57 59 60 71 
3 23 29 57 59 60 69 70 
3 23 29 55 59 60 71 
3 23 29 55 59 60 69 70 
3 23 29 55 58 59 71 
3 23 29 55 58 59 69 70 
3 23 29 55 57 60 71 
3 23 29 55 57 60 69 70 
3 23 29 55 57 58 59 71 
3 23 29 55 57 58 59 69 70 
3 23 29 44 57 60 
3 23 29 44 57 59 60 
3 23 29 44 55 59 60 
3 23 29 44 55 58 59 
3 23 29 44 55 57 60 
3 23 29 44 55 57 58 59 
3 23 29 41 55 59 60 71 
3 23 29 41 55 59 60 69 70 
3 23 29 41 55 58 59 71 
3 23 29 41 55 58 59 69 70 
3 23 29 41 55 57 60 71 
3 23 29 41 55 57 60 69 70 
3 23 29 41 55 57 58 59 71 
3 23 29 41 55 57 58 59 69 70 
3 23 29 41 44 55 59 60 
3 23 29 41 44 55 58 59 
3 23 29 41 44 55 57 60 
3 23 29 41 44 55 57 58 59 
3 23 29 39 40 55 59 60 71 
3 23 29 39 40 55 59 60 69 70 
3 23 29 39 40 55 58 59 71 
3 23 29 39 40 55 58 59 69 70 
3 23 29 39 40 55 57 60 71 
3 23 29 39 40 55 57 60 69 70 
3 23 29 39 40 55 57 58 59 71 
3 23 29 39 40 55 57 58 59 69 70 
3 23 29 39 40 44 55 59 60 
3 23 29 39 40 44 55 58 59 
3 23 29 39 40 44 55 57 60 
3 23 29 39 40 44 55 57 58 59 
3 23 29 33 57 71 
3 23 29 33 57 69 70 
3 23 29 33 57 59 71 
3 23 29 33 57 59 69 70 
3 23 29 33 55 59 71 
3 23 29 33 55 59 69 70 
3 23 29 33 55 57 71 
3 23 29 33 55 57 69 70 
3 23 29 33 44 57 
3 23 29 33 44 57 59 
3 23 29 33 44 55 59 
3 23 29 33 44 55 57 
3 23 29 33 41 55 59 71 
3 23 29 33 41 55 59 69 70 
3 23 29 33 41 55 57 71 
3 23 29 33 41 55 57 69 70 
3 23 29 33 41 44 55 59 
3 23 29 33 41 44 55 57 
3 23 29 33 39 40 55 59 71 
3 23 29 33 39 40 55 59 69 70 
3 23 29 33 39 40 55 57 71 
3 23 29 33 39 40 55 57 69 70 
3 23 29 33 39 40 44 55 59 
3 23 29 33 39 40 44 55 57 
3 14 55 56 59 60 71 
3 14 55 56 59 60 69 70 
3 14 55 56 58 59 71 
3 14 55 56 58 59 69 70 
3 14 55 56 57 60 71 
3 14 55 56 57 60 69 70 
3 14 55 56 57 58 59 71 
3 14 55 56 57 58 59 69 70 
3 14 54 55 59 60 71 
3 14 54 55 59 60 69 70 
3 14 54 55 58 59 71 
3 14 54 55 58 59 69 70 
3 14 54 55 57 60 71 
3 14 54 55 57 60 69 70 
3 14 54 55 57 58 59 71 
3 14 54 55 57 58 59 69 70 
3 14 44 55 56 59 60 
3 14 44 55 56 58 59 
3 14 44 55 56 57 60 
3 14 44 55 56 57 58 59 
3 14 44 54 55 59 60 
3 14 44 54 55 58 59 
3 14 44 54 55 57 60 
3 14 44 54 55 57 58 59 
3 14 33 55 56 59 71 
3 14 33 55 56 59 69 70 
3 14 33 55 56 57 71 
3 14 33 55 56 57 69 70 
3 14 33 54 55 59 71 
3 14 33 54 55 59 69 70 
3 14 33 54 55 57 71 
3 14 33 54 55 57 69 70 
3 14 33 44 55 56 59 
3 14 33 44 55 56 57 
3 14 33 44 54 55 59 
3 14 33 44 54 55 57 
3 14 29 55 59 60 71 
3 14 29 55 59 60 69 70 
3 14 29 55 58 59 71 
3 14 29 55 58 59 69 70 
3 14 29 55 57 60 71 
3 14 29 55 57 60 69 70 
3 14 29 55 57 58 59 71 
3 14 29 55 57 58 59 69 70 
3 14 29 44 55 59 60 
3 14 29 44 55 58 59 
3 14 29 44 55 57 60 
3 14 29 44 55 57 58 59 
3 14 29 33 55 59 71 
3 14 29 33 55 59 69 70 
3 14 29 33 55 57 71 
3 14 29 33 55 57 69 70 
3 14 29 33 44 55 59 
3 14 29 33 44 55 57 
3 14 23 55 56 59 60 71 
3 14 23 55 56 59 60 69 70 
3 14 23 55 56 58 59 71 
3 14 23 55 56 58 59 69 70 
3 14 23 55 56 57 60 71 
3 14 23 55 56 57 60 69 70 
3 14 23 55 56 57 58 59 71 
3 14 23 55 56 57 58 59 69 70 
3 14 23 54 55 59 60 71 
3 14 23 54 55 59 60 69 70 
3 14 23 54 55 58 59 71 
3 14 23 54 55 58 59 69 70 
3 14 23 54 55 57 60 71 
3 14 23 54 55 57 60 69 70 
3 14 23 54 55 57 58 59 71 
3 14 23 54 55 57 58 59 69 70 
3 14 23 44 55 56 59 60 
3 14 23 44 55 56 58 59 
3 14 23 44 55 56 57 60 
3 14 23 44 55 56 57 58 59 
3 14 23 44 54 55 59 60 
3 14 23 44 54 55 58 59 
3 14 23 44 54 55 57 60 
3 14 23 44 54 55 57 58 59 
3 14 23 33 55 56 59 71 
3 14 23 33 55 56 59 69 70 
3 14 23 33 55 56 57 71 
3 14 23 33 55 56 57 69 70 
3 14 23 33 54 55 59 71 
3 14 23 33 54 55 59 69 70 
3 14 23 33 54 55 57 71 
3 14 23 33 54 55 57 69 70 
3 14 23 33 44 55 56 59 
3 14 23 33 44 55 56 57 
3 14 23 33 44 54 55 59 
3 14 23 33 44 54 55 57 
3 14 23 29 55 59 60 71 
3 14 23 29 55 59 60 69 70 
3 14 23 29 55 58 59 71 
3 14 23 29 55 58 59 69 70 
3 14 23 29 55 57 60 71 
3 14 23 29 55 57 60 69 70 
3 14 23 29 55 57 58 59 71 
3 14 23 29 55 57 58 59 69 70 
3 14 23 29 44 55 59 60 
3 14 23 29 44 55 58 59 
3 14 23 29 44 55 57 60 
3 14 23 29 44 55 57 58 59 
3 14 23 29 33 55 59 71 
3 14 23 29 33 55 59 69 70 
3 14 23 29 33 55 57 71 
3 14 23 29 33 55 57 69 70 
3 14 23 29 33 44 55 59 
3 14 23 29 33 44 55 57 
1 55 59 71 77 
1 55 59 71 75 76 
1 55 59 69 70 77 
1 55 59 69 70 75 76 
1 50 55 59 71 
1 50 55 59 69 70 
1 44 55 59 77 
1 44 55 59 75 76 
1 44 50 55 59 
