77 
75 76 
68 69 
68 69 79 
68 69 77 78 
67 71 79 
67 71 77 78 
67 69 
67 69 70 79 
67 69 70 77 78 
67 68 79 
67 68 77 78 
65 
65 68 69 
65 67 71 
65 67 69 70 
65 67 68 
65 66 71 
65 66 71 79 
65 66 71 77 78 
65 66 69 
65 66 69 70 
65 66 69 70 79 
65 66 69 70 77 78 
65 66 67 68 
64 
63 
63 64 
62 67 
62 65 66 
60 67 
60 65 66 
60 61 67 
60 61 65 66 
59 
59 77 
59 75 76 
59 67 79 
59 67 77 
59 67 77 79 
59 67 75 76 
59 67 75 76 79 
59 67 75 76 77 78 
59 67 69 
59 67 69 79 
59 67 69 77 78 
59 67 68 
59 67 68 79 
59 67 68 77 78 
59 65 
59 65 67 
59 65 67 77 
59 65 67 75 76 
59 65 67 69 
59 65 67 68 
59 65 66 
59 65 66 79 
59 65 66 77 79 
59 65 66 75 76 79 
59 65 66 75 76 77 78 
59 65 66 69 79 
59 65 66 69 77 78 
59 65 66 67 68 79 
59 65 66 67 68 77 78 
59 64 
59 63 
59 63 64 
58 59 67 
58 59 65 66 
53 67 
53 65 66 
52 68 69 
52 67 71 
52 67 69 70 
52 67 68 
52 65 66 71 
52 65 66 69 70 
52 59 67 
52 59 67 77 
52 59 67 75 76 
52 59 67 69 
52 59 67 68 
52 59 65 66 
52 59 65 66 77 
52 59 65 66 75 76 
52 59 65 66 69 
52 59 65 66 67 68 
51 67 
51 65 66 
51 52 67 
51 52 65 66 
50 
50 59 
50 59 67 
50 59 67 79 
50 59 67 77 78 
50 59 65 67 
50 59 65 66 79 
50 59 65 66 77 78 
50 52 59 67 
50 52 59 65 66 
49 50 67 
49 50 65 66 
44 67 79 
44 67 77 78 
44 65 67 
44 65 66 
44 65 66 79 
44 65 66 77 78 
44 52 67 
44 52 65 66 
42 68 
42 68 79 
42 68 77 78 
42 67 
42 65 68 
42 65 66 
42 59 67 
42 59 67 79 
42 59 67 77 78 
42 59 65 67 
42 59 65 66 79 
42 59 65 66 77 78 
42 52 68 
42 52 59 67 
42 52 59 65 66 
40 71 79 
40 71 77 78 
40 69 
40 69 70 79 
40 69 70 77 78 
40 67 68 
40 65 71 
40 65 69 70 
40 62 
40 60 
40 60 61 
40 59 79 
40 59 77 
40 59 77 79 
40 59 75 76 
40 59 75 76 79 
40 59 75 76 77 78 
40 59 69 
40 59 69 79 
40 59 69 77 78 
40 59 67 68 
40 59 67 68 79 
40 59 67 68 77 78 
40 59 65 
40 59 65 77 
40 59 65 75 76 
40 59 65 69 
40 59 65 67 68 
40 58 59 
40 53 
40 52 71 
40 52 69 70 
40 52 59 
40 52 59 77 
40 52 59 75 76 
40 52 59 69 
40 52 59 67 68 
40 51 
40 51 52 
40 50 59 
40 50 59 79 
40 50 59 77 78 
40 50 59 65 
40 50 52 59 
40 49 50 
40 44 79 
40 44 77 78 
40 44 65 
40 44 52 
40 42 
40 42 59 
40 42 59 79 
40 42 59 77 78 
40 42 59 65 
40 42 52 59 
35 
33 68 69 
33 68 69 79 
33 68 69 77 78 
33 67 
33 67 71 
33 67 71 79 
33 67 71 77 78 
33 67 69 70 
33 67 69 70 79 
33 67 69 70 77 78 
33 67 68 
33 67 68 79 
33 67 68 77 78 
33 65 68 69 
33 65 67 71 
33 65 67 69 70 
33 65 67 68 
33 65 66 
33 65 66 71 79 
33 65 66 71 77 78 
33 65 66 69 70 79 
33 65 66 69 70 77 78 
33 52 68 69 
33 52 67 71 
33 52 67 69 70 
33 52 67 68 
33 52 65 66 71 
33 52 65 66 69 70 
33 44 67 
33 44 67 79 
33 44 67 77 78 
33 44 65 67 
33 44 65 66 79 
33 44 65 66 77 78 
33 44 52 67 
33 44 52 65 66 
33 42 68 
33 42 68 79 
33 42 68 77 78 
33 42 65 68 
33 42 52 68 
33 40 
33 40 71 
33 40 71 79 
33 40 71 77 78 
33 40 69 70 
33 40 69 70 79 
33 40 69 70 77 78 
33 40 65 71 
33 40 65 69 70 
33 40 52 71 
33 40 52 69 70 
33 40 44 
33 40 44 79 
33 40 44 77 78 
33 40 44 65 
33 40 44 52 
26 67 
26 65 66 
26 40 
24 67 
24 65 66 
24 40 
23 
23 68 69 
23 68 69 79 
23 68 69 77 78 
23 67 
23 67 79 
23 67 77 
23 67 77 79 
23 67 75 76 
23 67 75 76 79 
23 67 75 76 77 78 
23 67 69 
23 67 68 79 
23 67 68 77 78 
23 65 68 69 
23 65 67 
23 65 67 77 
23 65 67 75 76 
23 65 67 68 
23 65 66 79 
23 65 66 77 79 
23 65 66 75 76 79 
23 65 66 75 76 77 78 
23 65 66 69 
23 65 66 67 68 
23 52 68 69 
23 52 67 
23 52 67 77 
23 52 67 75 76 
23 52 67 68 
23 52 65 66 
23 52 65 66 77 
23 52 65 66 75 76 
23 50 67 
23 50 67 79 
23 50 67 77 78 
23 50 65 67 
23 50 65 66 79 
23 50 65 66 77 78 
23 50 52 67 
23 50 52 65 66 
23 42 68 
23 42 68 79 
23 42 68 77 78 
23 42 67 
23 42 65 68 
23 42 65 66 
23 42 52 68 
23 40 
23 40 79 
23 40 77 
23 40 77 79 
23 40 75 76 
23 40 75 76 79 
23 40 75 76 77 78 
23 40 69 
23 40 67 68 
23 40 65 
23 40 65 77 
23 40 65 75 76 
23 40 52 
23 40 52 77 
23 40 52 75 76 
23 40 50 
23 40 50 79 
23 40 50 77 78 
23 40 50 65 
23 40 50 52 
23 40 42 
23 33 68 69 
23 33 68 69 79 
23 33 68 69 77 78 
23 33 67 68 
23 33 67 68 79 
23 33 67 68 77 78 
23 33 65 68 69 
23 33 65 67 68 
23 33 52 68 69 
23 33 52 67 68 
23 33 42 68 
23 33 42 68 79 
23 33 42 68 77 78 
23 33 42 65 68 
23 33 42 52 68 
