79 
77 
77 78 
75 76 
67 
67 79 
67 77 78 
65 67 
65 66 79 
65 66 77 78 
64 
63 
63 64 
59 
59 67 
59 67 68 
59 65 66 
59 65 66 68 
58 
57 65 
57 64 
57 63 
57 63 64 
56 57 
52 
52 67 
52 65 66 
50 
40 
40 79 
40 77 78 
40 65 
40 59 
40 59 68 
40 52 
33 67 
33 65 66 
33 40 
31 
31 57 
31 54 57 67 
31 54 57 67 79 
31 54 57 67 77 78 
31 54 57 65 67 
31 54 57 65 66 79 
31 54 57 65 66 77 78 
31 52 54 57 67 
31 52 54 57 65 66 
31 52 53 57 67 79 
31 52 53 57 67 77 78 
31 52 53 57 65 67 
31 52 53 57 65 66 
31 52 53 57 65 66 79 
31 52 53 57 65 66 77 78 
31 40 54 57 
31 40 54 57 79 
31 40 54 57 77 78 
31 40 54 57 65 
31 40 52 54 57 
31 40 52 53 57 79 
31 40 52 53 57 77 78 
31 40 52 53 57 65 
27 31 57 67 
27 31 57 67 79 
27 31 57 67 77 78 
27 31 57 65 67 
27 31 57 65 66 79 
27 31 57 65 66 77 78 
27 31 52 57 67 
27 31 52 57 65 66 
27 31 40 57 
27 31 40 57 79 
27 31 40 57 77 78 
27 31 40 57 65 
27 31 40 52 57 
23 67 79 
23 67 77 78 
23 65 67 
23 65 66 
23 65 66 79 
23 65 66 77 78 
23 52 67 
23 52 65 66 
23 40 79 
23 40 77 78 
23 40 65 
23 40 52 
7 
