79
77 78
59 60 73 77
59 60 73 75 76
59 60 71 72 77
59 60 71 72 75 76
58 59 73 77
58 59 73 75 76
58 59 71 72 77
58 59 71 72 75 76
55 59 69 73 77
55 59 69 73 75 76
55 59 69 71 72 77
55 59 69 71 72 75 76
55 59 67 68 73 77
55 59 67 68 73 75 76
55 59 67 68 71 72 77
55 59 67 68 71 72 75 76
55 59 64 71 73
55 59 64 71 73 75
55 59 64 71 73 74
55 59 64 71 72
55 59 64 71 72 75
55 59 64 71 72 73 74
55 59 64 69 70 73
55 59 64 69 70 73 75
55 59 64 69 70 73 74
55 59 64 69 70 71 72
55 59 64 69 70 71 72 75
55 59 64 69 70 71 72 73 74
55 59 64 66 71 73
55 59 64 66 71 72
55 59 64 66 69 70 73
55 59 64 66 69 70 71 72
55 59 64 65 71 73
55 59 64 65 71 72
55 59 64 65 69 70 73
55 59 64 65 69 70 71 72
55 59 62 63 71 73
55 59 62 63 71 73 75
55 59 62 63 71 73 74
55 59 62 63 71 72
55 59 62 63 71 72 75
55 59 62 63 71 72 73 74
55 59 62 63 69 70 73
55 59 62 63 69 70 73 75
55 59 62 63 69 70 73 74
55 59 62 63 69 70 71 72
55 59 62 63 69 70 71 72 75
55 59 62 63 69 70 71 72 73 74
55 59 62 63 66 71 73
55 59 62 63 66 71 72
55 59 62 63 66 69 70 73
55 59 62 63 66 69 70 71 72
55 59 62 63 64 65 71 73
55 59 62 63 64 65 71 72
55 59 62 63 64 65 69 70 73
55 59 62 63 64 65 69 70 71 72
52
50 59 60 73
50 59 60 71 72
50 58 59 73
50 58 59 71 72
50 55 59 69 73
50 55 59 69 71 72
50 55 59 67 68 73
50 55 59 67 68 71 72
48 55 59 64 71 73
48 55 59 64 71 72
48 55 59 64 69 70 73
48 55 59 64 69 70 71 72
48 55 59 62 63 71 73
48 55 59 62 63 71 72
48 55 59 62 63 69 70 73
48 55 59 62 63 69 70 71 72
46 59 60 77
46 59 60 75 76
46 58 59 77
46 58 59 75 76
46 55 59 69 77
46 55 59 69 75 76
46 55 59 67 68 77
46 55 59 67 68 75 76
46 55 59 64 71
46 55 59 64 71 75
46 55 59 64 71 73 74
46 55 59 64 69 70
46 55 59 64 69 70 75
46 55 59 64 69 70 73 74
46 55 59 64 66 71
46 55 59 64 66 69 70
46 55 59 64 65 71
46 55 59 64 65 69 70
46 55 59 62 63 71
46 55 59 62 63 71 75
46 55 59 62 63 71 73 74
46 55 59 62 63 69 70
46 55 59 62 63 69 70 75
46 55 59 62 63 69 70 73 74
46 55 59 62 63 66 71
46 55 59 62 63 66 69 70
46 55 59 62 63 64 65 71
46 55 59 62 63 64 65 69 70
46 50 59 60
46 50 58 59
46 50 55 59 69
46 50 55 59 67 68
46 48 55 59 64 71
46 48 55 59 64 69 70
46 48 55 59 62 63 71
46 48 55 59 62 63 69 70
44 55 59 64 73
44 55 59 64 73 75
44 55 59 64 73 74
44 55 59 64 71 72
44 55 59 64 71 72 75
44 55 59 64 71 72 73 74
44 55 59 64 66 73
44 55 59 64 66 71 72
44 55 59 64 65 73
44 55 59 64 65 71 72
44 55 59 62 63 73
44 55 59 62 63 73 75
44 55 59 62 63 73 74
44 55 59 62 63 71 72
44 55 59 62 63 71 72 75
44 55 59 62 63 71 72 73 74
44 55 59 62 63 66 73
44 55 59 62 63 66 71 72
44 55 59 62 63 64 65 73
44 55 59 62 63 64 65 71 72
44 48 55 59 64 73
44 48 55 59 64 71 72
44 48 55 59 62 63 73
44 48 55 59 62 63 71 72
44 46 55 59 64
44 46 55 59 64 75
44 46 55 59 64 73 74
44 46 55 59 64 66
44 46 55 59 64 65
44 46 55 59 62 63
44 46 55 59 62 63 75
44 46 55 59 62 63 73 74
44 46 55 59 62 63 66
44 46 55 59 62 63 64 65
44 46 48 55 59 64
44 46 48 55 59 62 63
42 55 59 73 77
42 55 59 73 75 76
42 55 59 71 72 77
42 55 59 71 72 75 76
42 50 55 59 73
42 50 55 59 71 72
42 46 55 59 77
42 46 55 59 75 76
42 46 50 55 59
40 55 59 73 75
40 55 59 73 74
40 55 59 71 72 75
40 55 59 71 72 73 74
40 48 55 59 73
40 48 55 59 71 72
40 46 55 59 75
40 46 55 59 73 74
40 46 48 55 59
39 55 59 64 71 73
39 55 59 64 71 72
39 55 59 64 69 70 73
39 55 59 64 69 70 71 72
39 55 59 62 63 71 73
39 55 59 62 63 71 72
39 55 59 62 63 69 70 73
39 55 59 62 63 69 70 71 72
39 46 55 59 64 71
39 46 55 59 64 69 70
39 46 55 59 62 63 71
39 46 55 59 62 63 69 70
39 44 55 59 64 73
39 44 55 59 64 71 72
39 44 55 59 62 63 73
39 44 55 59 62 63 71 72
39 44 46 55 59 64
39 44 46 55 59 62 63
38 39 55 59 73 75
38 39 55 59 73 74
38 39 55 59 71 72 75
38 39 55 59 71 72 73 74
38 39 48 55 59 73
38 39 48 55 59 71 72
38 39 46 55 59 75
38 39 46 55 59 73 74
38 39 46 48 55 59
37 55 59 71 73
37 55 59 71 73 75
37 55 59 71 73 74
37 55 59 71 72
37 55 59 71 72 75
37 55 59 71 72 73 74
37 55 59 69 70 73
37 55 59 69 70 73 75
37 55 59 69 70 73 74
37 55 59 69 70 71 72
37 55 59 69 70 71 72 75
37 55 59 69 70 71 72 73 74
37 55 59 66 71 73
37 55 59 66 71 72
37 55 59 66 69 70 73
37 55 59 66 69 70 71 72
37 55 59 64 65 71 73
37 55 59 64 65 71 72
37 55 59 64 65 69 70 73
37 55 59 64 65 69 70 71 72
37 48 55 59 71 73
37 48 55 59 71 72
37 48 55 59 69 70 73
37 48 55 59 69 70 71 72
37 46 55 59 71
37 46 55 59 71 75
37 46 55 59 71 73 74
37 46 55 59 69 70
37 46 55 59 69 70 75
37 46 55 59 69 70 73 74
37 46 55 59 66 71
37 46 55 59 66 69 70
37 46 55 59 64 65 71
37 46 55 59 64 65 69 70
37 46 48 55 59 71
37 46 48 55 59 69 70
37 44 55 59 73
37 44 55 59 73 75
37 44 55 59 73 74
37 44 55 59 71 72
37 44 55 59 71 72 75
37 44 55 59 71 72 73 74
37 44 55 59 66 73
37 44 55 59 66 71 72
37 44 55 59 64 65 73
37 44 55 59 64 65 71 72
37 44 48 55 59 73
37 44 48 55 59 71 72
37 44 46 55 59
37 44 46 55 59 75
37 44 46 55 59 73 74
37 44 46 55 59 66
37 44 46 55 59 64 65
37 44 46 48 55 59
37 39 55 59 71 73
37 39 55 59 71 72
37 39 55 59 69 70 73
37 39 55 59 69 70 71 72
37 39 46 55 59 71
37 39 46 55 59 69 70
37 39 44 55 59 73
37 39 44 55 59 71 72
37 39 44 46 55 59
33 59 73 77
33 59 73 75 76
33 59 71 72 77
33 59 71 72 75 76
33 50 59 73
33 50 59 71 72
33 46 59 77
33 46 59 75 76
33 46 50 59
13 55 59 73 75
13 55 59 73 74
13 55 59 71 72 75
13 55 59 71 72 73 74
13 48 55 59 73
13 48 55 59 71 72
13 46 55 59 75
13 46 55 59 73 74
13 46 48 55 59
