
77
75 76
65
64
63
63 64
57 58 60 69 71 75 77
57 58 60 69 71 75 76
57 58 60 69 71 73 75 77
57 58 60 69 71 73 75 76
57 58 60 69 71 72 75 77
57 58 60 69 71 72 75 76
57 58 60 69 71 72 73 74 77
57 58 60 69 71 72 73 74 75 76
57 58 60 69 70 75 77
57 58 60 69 70 75 76
57 58 60 69 70 73 75 77
57 58 60 69 70 73 75 76
57 58 60 69 70 71 72 75 77
57 58 60 69 70 71 72 75 76
57 58 60 69 70 71 72 73 74 77
57 58 60 69 70 71 72 73 74 75 76
57 58 60 67 68 71 75 77
57 58 60 67 68 71 75 76
57 58 60 67 68 71 73 75 77
57 58 60 67 68 71 73 75 76
57 58 60 67 68 71 72 75 77
57 58 60 67 68 71 72 75 76
57 58 60 67 68 71 72 73 74 77
57 58 60 67 68 71 72 73 74 75 76
57 58 60 67 68 69 70 75 77
57 58 60 67 68 69 70 75 76
57 58 60 67 68 69 70 73 75 77
57 58 60 67 68 69 70 73 75 76
57 58 60 67 68 69 70 71 72 75 77
57 58 60 67 68 69 70 71 72 75 76
57 58 60 67 68 69 70 71 72 73 74 77
57 58 60 67 68 69 70 71 72 73 74 75 76
57 58 59 69 71 75 77
57 58 59 69 71 75 76
57 58 59 69 71 73 75 77
57 58 59 69 71 73 75 76
57 58 59 69 71 72 75 77
57 58 59 69 71 72 75 76
57 58 59 69 71 72 73 74 77
57 58 59 69 71 72 73 74 75 76
57 58 59 69 70 75 77
57 58 59 69 70 75 76
57 58 59 69 70 73 75 77
57 58 59 69 70 73 75 76
57 58 59 69 70 71 72 75 77
57 58 59 69 70 71 72 75 76
57 58 59 69 70 71 72 73 74 77
57 58 59 69 70 71 72 73 74 75 76
57 58 59 67 68 71 75 77
57 58 59 67 68 71 75 76
57 58 59 67 68 71 73 75 77
57 58 59 67 68 71 73 75 76
57 58 59 67 68 71 72 75 77
57 58 59 67 68 71 72 75 76
57 58 59 67 68 71 72 73 74 77
57 58 59 67 68 71 72 73 74 75 76
57 58 59 67 68 69 70 75 77
57 58 59 67 68 69 70 75 76
57 58 59 67 68 69 70 73 75 77
57 58 59 67 68 69 70 73 75 76
57 58 59 67 68 69 70 71 72 75 77
57 58 59 67 68 69 70 71 72 75 76
57 58 59 67 68 69 70 71 72 73 74 77
57 58 59 67 68 69 70 71 72 73 74 75 76
56 57 71 73 75
56 57 71 73 74
56 57 71 72 75
56 57 71 72 73 74
56 57 69 70 73 75
56 57 69 70 73 74
56 57 69 70 71 72 75
56 57 69 70 71 72 73 74
56 57 60 69 71 75 77
56 57 60 69 71 75 76
56 57 60 69 71 73 75 77
56 57 60 69 71 73 75 76
56 57 60 69 71 72 75 77
56 57 60 69 71 72 75 76
56 57 60 69 71 72 73 74 77
56 57 60 69 71 72 73 74 75 76
56 57 60 69 70 75 77
56 57 60 69 70 75 76
56 57 60 69 70 73 75 77
56 57 60 69 70 73 75 76
56 57 60 69 70 71 72 75 77
56 57 60 69 70 71 72 75 76
56 57 60 69 70 71 72 73 74 77
56 57 60 69 70 71 72 73 74 75 76
56 57 60 67 68 71 75 77
56 57 60 67 68 71 75 76
56 57 60 67 68 71 73 75 77
56 57 60 67 68 71 73 75 76
56 57 60 67 68 71 72 75 77
56 57 60 67 68 71 72 75 76
56 57 60 67 68 71 72 73 74 77
56 57 60 67 68 71 72 73 74 75 76
56 57 60 67 68 69 70 75 77
56 57 60 67 68 69 70 75 76
56 57 60 67 68 69 70 73 75 77
56 57 60 67 68 69 70 73 75 76
56 57 60 67 68 69 70 71 72 75 77
56 57 60 67 68 69 70 71 72 75 76
56 57 60 67 68 69 70 71 72 73 74 77
56 57 60 67 68 69 70 71 72 73 74 75 76
56 57 58 59 69 71 75 77
56 57 58 59 69 71 75 76
56 57 58 59 69 71 73 75 77
56 57 58 59 69 71 73 75 76
56 57 58 59 69 71 72 75 77
56 57 58 59 69 71 72 75 76
56 57 58 59 69 71 72 73 74 77
56 57 58 59 69 71 72 73 74 75 76
56 57 58 59 69 70 75 77
56 57 58 59 69 70 75 76
56 57 58 59 69 70 73 75 77
56 57 58 59 69 70 73 75 76
56 57 58 59 69 70 71 72 75 77
56 57 58 59 69 70 71 72 75 76
56 57 58 59 69 70 71 72 73 74 77
56 57 58 59 69 70 71 72 73 74 75 76
56 57 58 59 67 68 71 75 77
56 57 58 59 67 68 71 75 76
56 57 58 59 67 68 71 73 75 77
56 57 58 59 67 68 71 73 75 76
56 57 58 59 67 68 71 72 75 77
56 57 58 59 67 68 71 72 75 76
56 57 58 59 67 68 71 72 73 74 77
56 57 58 59 67 68 71 72 73 74 75 76
56 57 58 59 67 68 69 70 75 77
56 57 58 59 67 68 69 70 75 76
56 57 58 59 67 68 69 70 73 75 77
56 57 58 59 67 68 69 70 73 75 76
56 57 58 59 67 68 69 70 71 72 75 77
56 57 58 59 67 68 69 70 71 72 75 76
56 57 58 59 67 68 69 70 71 72 73 74 77
56 57 58 59 67 68 69 70 71 72 73 74 75 76
54 55 57 71 73 75
54 55 57 71 73 74
54 55 57 71 72 75
54 55 57 71 72 73 74
54 55 57 69 70 73 75
54 55 57 69 70 73 74
54 55 57 69 70 71 72 75
54 55 57 69 70 71 72 73 74
50
50 57 58 60 69 71 75
50 57 58 60 69 71 73 75
50 57 58 60 69 71 72 75
50 57 58 60 69 71 72 73 74
50 57 58 60 69 70 75
50 57 58 60 69 70 73 75
50 57 58 60 69 70 71 72 75
50 57 58 60 69 70 71 72 73 74
50 57 58 60 67 68 71 75
50 57 58 60 67 68 71 73 75
50 57 58 60 67 68 71 72 75
50 57 58 60 67 68 71 72 73 74
50 57 58 60 67 68 69 70 75
50 57 58 60 67 68 69 70 73 75
50 57 58 60 67 68 69 70 71 72 75
50 57 58 60 67 68 69 70 71 72 73 74
50 57 58 59 69 71 75
50 57 58 59 69 71 73 75
50 57 58 59 69 71 72 75
50 57 58 59 69 71 72 73 74
50 57 58 59 69 70 75
50 57 58 59 69 70 73 75
50 57 58 59 69 70 71 72 75
50 57 58 59 69 70 71 72 73 74
50 57 58 59 67 68 71 75
50 57 58 59 67 68 71 73 75
50 57 58 59 67 68 71 72 75
50 57 58 59 67 68 71 72 73 74
50 57 58 59 67 68 69 70 75
50 57 58 59 67 68 69 70 73 75
50 57 58 59 67 68 69 70 71 72 75
50 57 58 59 67 68 69 70 71 72 73 74
50 56 57 60 69 71 75
50 56 57 60 69 71 73 75
50 56 57 60 69 71 72 75
50 56 57 60 69 71 72 73 74
50 56 57 60 69 70 75
50 56 57 60 69 70 73 75
50 56 57 60 69 70 71 72 75
50 56 57 60 69 70 71 72 73 74
50 56 57 60 67 68 71 75
50 56 57 60 67 68 71 73 75
50 56 57 60 67 68 71 72 75
50 56 57 60 67 68 71 72 73 74
50 56 57 60 67 68 69 70 75
50 56 57 60 67 68 69 70 73 75
50 56 57 60 67 68 69 70 71 72 75
50 56 57 60 67 68 69 70 71 72 73 74
50 56 57 58 59 69 71 75
50 56 57 58 59 69 71 73 75
50 56 57 58 59 69 71 72 75
50 56 57 58 59 69 71 72 73 74
50 56 57 58 59 69 70 75
50 56 57 58 59 69 70 73 75
50 56 57 58 59 69 70 71 72 75
50 56 57 58 59 69 70 71 72 73 74
50 56 57 58 59 67 68 71 75
50 56 57 58 59 67 68 71 73 75
50 56 57 58 59 67 68 71 72 75
50 56 57 58 59 67 68 71 72 73 74
50 56 57 58 59 67 68 69 70 75
50 56 57 58 59 67 68 69 70 73 75
50 56 57 58 59 67 68 69 70 71 72 75
50 56 57 58 59 67 68 69 70 71 72 73 74
48 57 58 60 69 71 77
48 57 58 60 69 71 75 76
48 57 58 60 69 71 73 77
48 57 58 60 69 71 73 75 76
48 57 58 60 69 71 72 77
48 57 58 60 69 71 72 75 76
48 57 58 60 69 70 77
48 57 58 60 69 70 75 76
48 57 58 60 69 70 73 77
48 57 58 60 69 70 73 75 76
48 57 58 60 69 70 71 72 77
48 57 58 60 69 70 71 72 75 76
48 57 58 60 67 68 71 77
48 57 58 60 67 68 71 75 76
48 57 58 60 67 68 71 73 77
48 57 58 60 67 68 71 73 75 76
48 57 58 60 67 68 71 72 77
48 57 58 60 67 68 71 72 75 76
48 57 58 60 67 68 69 70 77
48 57 58 60 67 68 69 70 75 76
48 57 58 60 67 68 69 70 73 77
48 57 58 60 67 68 69 70 73 75 76
48 57 58 60 67 68 69 70 71 72 77
48 57 58 60 67 68 69 70 71 72 75 76
48 57 58 59 69 71 77
48 57 58 59 69 71 75 76
48 57 58 59 69 71 73 77
48 57 58 59 69 71 73 75 76
48 57 58 59 69 71 72 77
48 57 58 59 69 71 72 75 76
48 57 58 59 69 70 77
48 57 58 59 69 70 75 76
48 57 58 59 69 70 73 77
48 57 58 59 69 70 73 75 76
48 57 58 59 69 70 71 72 77
48 57 58 59 69 70 71 72 75 76
48 57 58 59 67 68 71 77
48 57 58 59 67 68 71 75 76
48 57 58 59 67 68 71 73 77
48 57 58 59 67 68 71 73 75 76
48 57 58 59 67 68 71 72 77
48 57 58 59 67 68 71 72 75 76
48 57 58 59 67 68 69 70 77
48 57 58 59 67 68 69 70 75 76
48 57 58 59 67 68 69 70 73 77
48 57 58 59 67 68 69 70 73 75 76
48 57 58 59 67 68 69 70 71 72 77
48 57 58 59 67 68 69 70 71 72 75 76
48 56 57 71 73
48 56 57 71 72
48 56 57 69 70 73
48 56 57 69 70 71 72
48 56 57 60 69 71 77
48 56 57 60 69 71 75 76
48 56 57 60 69 71 73 77
48 56 57 60 69 71 73 75 76
48 56 57 60 69 71 72 77
48 56 57 60 69 71 72 75 76
48 56 57 60 69 70 77
48 56 57 60 69 70 75 76
48 56 57 60 69 70 73 77
48 56 57 60 69 70 73 75 76
48 56 57 60 69 70 71 72 77
48 56 57 60 69 70 71 72 75 76
48 56 57 60 67 68 71 77
48 56 57 60 67 68 71 75 76
48 56 57 60 67 68 71 73 77
48 56 57 60 67 68 71 73 75 76
48 56 57 60 67 68 71 72 77
48 56 57 60 67 68 71 72 75 76
48 56 57 60 67 68 69 70 77
48 56 57 60 67 68 69 70 75 76
48 56 57 60 67 68 69 70 73 77
48 56 57 60 67 68 69 70 73 75 76
48 56 57 60 67 68 69 70 71 72 77
48 56 57 60 67 68 69 70 71 72 75 76
48 56 57 58 59 69 71 77
48 56 57 58 59 69 71 75 76
48 56 57 58 59 69 71 73 77
48 56 57 58 59 69 71 73 75 76
48 56 57 58 59 69 71 72 77
48 56 57 58 59 69 71 72 75 76
48 56 57 58 59 69 70 77
48 56 57 58 59 69 70 75 76
48 56 57 58 59 69 70 73 77
48 56 57 58 59 69 70 73 75 76
48 56 57 58 59 69 70 71 72 77
48 56 57 58 59 69 70 71 72 75 76
48 56 57 58 59 67 68 71 77
48 56 57 58 59 67 68 71 75 76
48 56 57 58 59 67 68 71 73 77
48 56 57 58 59 67 68 71 73 75 76
48 56 57 58 59 67 68 71 72 77
48 56 57 58 59 67 68 71 72 75 76
48 56 57 58 59 67 68 69 70 77
48 56 57 58 59 67 68 69 70 75 76
48 56 57 58 59 67 68 69 70 73 77
48 56 57 58 59 67 68 69 70 73 75 76
48 56 57 58 59 67 68 69 70 71 72 77
48 56 57 58 59 67 68 69 70 71 72 75 76
48 54 55 57 71 73
48 54 55 57 71 72
48 54 55 57 69 70 73
48 54 55 57 69 70 71 72
48 50 57 58 60 69 71
48 50 57 58 60 69 71 73
48 50 57 58 60 69 71 72
48 50 57 58 60 69 70
48 50 57 58 60 69 70 73
48 50 57 58 60 69 70 71 72
48 50 57 58 60 67 68 71
48 50 57 58 60 67 68 71 73
48 50 57 58 60 67 68 71 72
48 50 57 58 60 67 68 69 70
48 50 57 58 60 67 68 69 70 73
48 50 57 58 60 67 68 69 70 71 72
48 50 57 58 59 69 71
48 50 57 58 59 69 71 73
48 50 57 58 59 69 71 72
48 50 57 58 59 69 70
48 50 57 58 59 69 70 73
48 50 57 58 59 69 70 71 72
48 50 57 58 59 67 68 71
48 50 57 58 59 67 68 71 73
48 50 57 58 59 67 68 71 72
48 50 57 58 59 67 68 69 70
48 50 57 58 59 67 68 69 70 73
48 50 57 58 59 67 68 69 70 71 72
48 50 56 57 60 69 71
48 50 56 57 60 69 71 73
48 50 56 57 60 69 71 72
48 50 56 57 60 69 70
48 50 56 57 60 69 70 73
48 50 56 57 60 69 70 71 72
48 50 56 57 60 67 68 71
48 50 56 57 60 67 68 71 73
48 50 56 57 60 67 68 71 72
48 50 56 57 60 67 68 69 70
48 50 56 57 60 67 68 69 70 73
48 50 56 57 60 67 68 69 70 71 72
48 50 56 57 58 59 69 71
48 50 56 57 58 59 69 71 73
48 50 56 57 58 59 69 71 72
48 50 56 57 58 59 69 70
48 50 56 57 58 59 69 70 73
48 50 56 57 58 59 69 70 71 72
48 50 56 57 58 59 67 68 71
48 50 56 57 58 59 67 68 71 73
48 50 56 57 58 59 67 68 71 72
48 50 56 57 58 59 67 68 69 70
48 50 56 57 58 59 67 68 69 70 73
48 50 56 57 58 59 67 68 69 70 71 72
46 57 58 60 69 71 75 77
46 57 58 60 69 71 75 76
46 57 58 60 69 71 73 74 77
46 57 58 60 69 71 73 74 75 76
46 57 58 60 69 70 75 77
46 57 58 60 69 70 75 76
46 57 58 60 69 70 73 74 77
46 57 58 60 69 70 73 74 75 76
46 57 58 60 67 68 71 75 77
46 57 58 60 67 68 71 75 76
46 57 58 60 67 68 71 73 74 77
46 57 58 60 67 68 71 73 74 75 76
46 57 58 60 67 68 69 70 75 77
46 57 58 60 67 68 69 70 75 76
46 57 58 60 67 68 69 70 73 74 77
46 57 58 60 67 68 69 70 73 74 75 76
46 57 58 59 69 71 75 77
46 57 58 59 69 71 75 76
46 57 58 59 69 71 73 74 77
46 57 58 59 69 71 73 74 75 76
46 57 58 59 69 70 75 77
46 57 58 59 69 70 75 76
46 57 58 59 69 70 73 74 77
46 57 58 59 69 70 73 74 75 76
46 57 58 59 67 68 71 75 77
46 57 58 59 67 68 71 75 76
46 57 58 59 67 68 71 73 74 77
46 57 58 59 67 68 71 73 74 75 76
46 57 58 59 67 68 69 70 75 77
46 57 58 59 67 68 69 70 75 76
46 57 58 59 67 68 69 70 73 74 77
46 57 58 59 67 68 69 70 73 74 75 76
46 56 57 71 75
46 56 57 71 73 74
46 56 57 69 70 75
46 56 57 69 70 73 74
46 56 57 60 69 71 75 77
46 56 57 60 69 71 75 76
46 56 57 60 69 71 73 74 77
46 56 57 60 69 71 73 74 75 76
46 56 57 60 69 70 75 77
46 56 57 60 69 70 75 76
46 56 57 60 69 70 73 74 77
46 56 57 60 69 70 73 74 75 76
46 56 57 60 67 68 71 75 77
46 56 57 60 67 68 71 75 76
46 56 57 60 67 68 71 73 74 77
46 56 57 60 67 68 71 73 74 75 76
46 56 57 60 67 68 69 70 75 77
46 56 57 60 67 68 69 70 75 76
46 56 57 60 67 68 69 70 73 74 77
46 56 57 60 67 68 69 70 73 74 75 76
46 56 57 58 59 69 71 75 77
46 56 57 58 59 69 71 75 76
46 56 57 58 59 69 71 73 74 77
46 56 57 58 59 69 71 73 74 75 76
46 56 57 58 59 69 70 75 77
46 56 57 58 59 69 70 75 76
46 56 57 58 59 69 70 73 74 77
46 56 57 58 59 69 70 73 74 75 76
46 56 57 58 59 67 68 71 75 77
46 56 57 58 59 67 68 71 75 76
46 56 57 58 59 67 68 71 73 74 77
46 56 57 58 59 67 68 71 73 74 75 76
46 56 57 58 59 67 68 69 70 75 77
46 56 57 58 59 67 68 69 70 75 76
46 56 57 58 59 67 68 69 70 73 74 77
46 56 57 58 59 67 68 69 70 73 74 75 76
46 54 55 57 71 75
46 54 55 57 71 73 74
46 54 55 57 69 70 75
46 54 55 57 69 70 73 74
46 50 57 58 60 69 71 75
46 50 57 58 60 69 71 73 74
46 50 57 58 60 69 70 75
46 50 57 58 60 69 70 73 74
46 50 57 58 60 67 68 71 75
46 50 57 58 60 67 68 71 73 74
46 50 57 58 60 67 68 69 70 75
46 50 57 58 60 67 68 69 70 73 74
46 50 57 58 59 69 71 75
46 50 57 58 59 69 71 73 74
46 50 57 58 59 69 70 75
46 50 57 58 59 69 70 73 74
46 50 57 58 59 67 68 71 75
46 50 57 58 59 67 68 71 73 74
46 50 57 58 59 67 68 69 70 75
46 50 57 58 59 67 68 69 70 73 74
46 50 56 57 60 69 71 75
46 50 56 57 60 69 71 73 74
46 50 56 57 60 69 70 75
46 50 56 57 60 69 70 73 74
46 50 56 57 60 67 68 71 75
46 50 56 57 60 67 68 71 73 74
46 50 56 57 60 67 68 69 70 75
46 50 56 57 60 67 68 69 70 73 74
46 50 56 57 58 59 69 71 75
46 50 56 57 58 59 69 71 73 74
46 50 56 57 58 59 69 70 75
46 50 56 57 58 59 69 70 73 74
46 50 56 57 58 59 67 68 71 75
46 50 56 57 58 59 67 68 71 73 74
46 50 56 57 58 59 67 68 69 70 75
46 50 56 57 58 59 67 68 69 70 73 74
46 48 57 58 60 69 71 77
46 48 57 58 60 69 71 75 76
46 48 57 58 60 69 70 77
46 48 57 58 60 69 70 75 76
46 48 57 58 60 67 68 71 77
46 48 57 58 60 67 68 71 75 76
46 48 57 58 60 67 68 69 70 77
46 48 57 58 60 67 68 69 70 75 76
46 48 57 58 59 69 71 77
46 48 57 58 59 69 71 75 76
46 48 57 58 59 69 70 77
46 48 57 58 59 69 70 75 76
46 48 57 58 59 67 68 71 77
46 48 57 58 59 67 68 71 75 76
46 48 57 58 59 67 68 69 70 77
46 48 57 58 59 67 68 69 70 75 76
46 48 56 57 71
46 48 56 57 69 70
46 48 56 57 60 69 71 77
46 48 56 57 60 69 71 75 76
46 48 56 57 60 69 70 77
46 48 56 57 60 69 70 75 76
46 48 56 57 60 67 68 71 77
46 48 56 57 60 67 68 71 75 76
46 48 56 57 60 67 68 69 70 77
46 48 56 57 60 67 68 69 70 75 76
46 48 56 57 58 59 69 71 77
46 48 56 57 58 59 69 71 75 76
46 48 56 57 58 59 69 70 77
46 48 56 57 58 59 69 70 75 76
46 48 56 57 58 59 67 68 71 77
46 48 56 57 58 59 67 68 71 75 76
46 48 56 57 58 59 67 68 69 70 77
46 48 56 57 58 59 67 68 69 70 75 76
46 48 54 55 57 71
46 48 54 55 57 69 70
46 48 50 57 58 60 69 71
46 48 50 57 58 60 69 70
46 48 50 57 58 60 67 68 71
46 48 50 57 58 60 67 68 69 70
46 48 50 57 58 59 69 71
46 48 50 57 58 59 69 70
46 48 50 57 58 59 67 68 71
46 48 50 57 58 59 67 68 69 70
46 48 50 56 57 60 69 71
46 48 50 56 57 60 69 70
46 48 50 56 57 60 67 68 71
46 48 50 56 57 60 67 68 69 70
46 48 50 56 57 58 59 69 71
46 48 50 56 57 58 59 69 70
46 48 50 56 57 58 59 67 68 71
46 48 50 56 57 58 59 67 68 69 70
44 57 58 60 69 75 77
44 57 58 60 69 75 76
44 57 58 60 69 73 75 77
44 57 58 60 69 73 75 76
44 57 58 60 69 71 72 75 77
44 57 58 60 69 71 72 75 76
44 57 58 60 69 71 72 73 74 77
44 57 58 60 69 71 72 73 74 75 76
44 57 58 60 67 68 75 77
44 57 58 60 67 68 75 76
44 57 58 60 67 68 73 75 77
44 57 58 60 67 68 73 75 76
44 57 58 60 67 68 71 72 75 77
44 57 58 60 67 68 71 72 75 76
44 57 58 60 67 68 71 72 73 74 77
44 57 58 60 67 68 71 72 73 74 75 76
44 57 58 59 69 75 77
44 57 58 59 69 75 76
44 57 58 59 69 73 75 77
44 57 58 59 69 73 75 76
44 57 58 59 69 71 72 75 77
44 57 58 59 69 71 72 75 76
44 57 58 59 69 71 72 73 74 77
44 57 58 59 69 71 72 73 74 75 76
44 57 58 59 67 68 75 77
44 57 58 59 67 68 75 76
44 57 58 59 67 68 73 75 77
44 57 58 59 67 68 73 75 76
44 57 58 59 67 68 71 72 75 77
44 57 58 59 67 68 71 72 75 76
44 57 58 59 67 68 71 72 73 74 77
44 57 58 59 67 68 71 72 73 74 75 76
44 56 57 73 75
44 56 57 73 74
44 56 57 71 72 75
44 56 57 71 72 73 74
44 56 57 60 69 75 77
44 56 57 60 69 75 76
44 56 57 60 69 73 75 77
44 56 57 60 69 73 75 76
44 56 57 60 69 71 72 75 77
44 56 57 60 69 71 72 75 76
44 56 57 60 69 71 72 73 74 77
44 56 57 60 69 71 72 73 74 75 76
44 56 57 60 67 68 75 77
44 56 57 60 67 68 75 76
44 56 57 60 67 68 73 75 77
44 56 57 60 67 68 73 75 76
44 56 57 60 67 68 71 72 75 77
44 56 57 60 67 68 71 72 75 76
44 56 57 60 67 68 71 72 73 74 77
44 56 57 60 67 68 71 72 73 74 75 76
44 56 57 58 59 69 75 77
44 56 57 58 59 69 75 76
44 56 57 58 59 69 73 75 77
44 56 57 58 59 69 73 75 76
44 56 57 58 59 69 71 72 75 77
44 56 57 58 59 69 71 72 75 76
44 56 57 58 59 69 71 72 73 74 77
44 56 57 58 59 69 71 72 73 74 75 76
44 56 57 58 59 67 68 75 77
44 56 57 58 59 67 68 75 76
44 56 57 58 59 67 68 73 75 77
44 56 57 58 59 67 68 73 75 76
44 56 57 58 59 67 68 71 72 75 77
44 56 57 58 59 67 68 71 72 75 76
44 56 57 58 59 67 68 71 72 73 74 77
44 56 57 58 59 67 68 71 72 73 74 75 76
44 54 55 57 73 75
44 54 55 57 73 74
44 54 55 57 71 72 75
44 54 55 57 71 72 73 74
44 50 57 58 60 69 75
44 50 57 58 60 69 73 75
44 50 57 58 60 69 71 72 75
44 50 57 58 60 69 71 72 73 74
44 50 57 58 60 67 68 75
44 50 57 58 60 67 68 73 75
44 50 57 58 60 67 68 71 72 75
44 50 57 58 60 67 68 71 72 73 74
44 50 57 58 59 69 75
44 50 57 58 59 69 73 75
44 50 57 58 59 69 71 72 75
44 50 57 58 59 69 71 72 73 74
44 50 57 58 59 67 68 75
44 50 57 58 59 67 68 73 75
44 50 57 58 59 67 68 71 72 75
44 50 57 58 59 67 68 71 72 73 74
44 50 56 57 60 69 75
44 50 56 57 60 69 73 75
44 50 56 57 60 69 71 72 75
44 50 56 57 60 69 71 72 73 74
44 50 56 57 60 67 68 75
44 50 56 57 60 67 68 73 75
44 50 56 57 60 67 68 71 72 75
44 50 56 57 60 67 68 71 72 73 74
44 50 56 57 58 59 69 75
44 50 56 57 58 59 69 73 75
44 50 56 57 58 59 69 71 72 75
44 50 56 57 58 59 69 71 72 73 74
44 50 56 57 58 59 67 68 75
44 50 56 57 58 59 67 68 73 75
44 50 56 57 58 59 67 68 71 72 75
44 50 56 57 58 59 67 68 71 72 73 74
44 48 57 58 60 69 77
44 48 57 58 60 69 75 76
44 48 57 58 60 69 73 77
44 48 57 58 60 69 73 75 76
44 48 57 58 60 69 71 72 77
44 48 57 58 60 69 71 72 75 76
44 48 57 58 60 67 68 77
44 48 57 58 60 67 68 75 76
44 48 57 58 60 67 68 73 77
44 48 57 58 60 67 68 73 75 76
44 48 57 58 60 67 68 71 72 77
44 48 57 58 60 67 68 71 72 75 76
44 48 57 58 59 69 77
44 48 57 58 59 69 75 76
44 48 57 58 59 69 73 77
44 48 57 58 59 69 73 75 76
44 48 57 58 59 69 71 72 77
44 48 57 58 59 69 71 72 75 76
44 48 57 58 59 67 68 77
44 48 57 58 59 67 68 75 76
44 48 57 58 59 67 68 73 77
44 48 57 58 59 67 68 73 75 76
44 48 57 58 59 67 68 71 72 77
44 48 57 58 59 67 68 71 72 75 76
44 48 56 57 73
44 48 56 57 71 72
44 48 56 57 60 69 77
44 48 56 57 60 69 75 76
44 48 56 57 60 69 73 77
44 48 56 57 60 69 73 75 76
44 48 56 57 60 69 71 72 77
44 48 56 57 60 69 71 72 75 76
44 48 56 57 60 67 68 77
44 48 56 57 60 67 68 75 76
44 48 56 57 60 67 68 73 77
44 48 56 57 60 67 68 73 75 76
44 48 56 57 60 67 68 71 72 77
44 48 56 57 60 67 68 71 72 75 76
44 48 56 57 58 59 69 77
44 48 56 57 58 59 69 75 76
44 48 56 57 58 59 69 73 77
44 48 56 57 58 59 69 73 75 76
44 48 56 57 58 59 69 71 72 77
44 48 56 57 58 59 69 71 72 75 76
44 48 56 57 58 59 67 68 77
44 48 56 57 58 59 67 68 75 76
44 48 56 57 58 59 67 68 73 77
44 48 56 57 58 59 67 68 73 75 76
44 48 56 57 58 59 67 68 71 72 77
44 48 56 57 58 59 67 68 71 72 75 76
44 48 54 55 57 73
44 48 54 55 57 71 72
44 48 50 57 58 60 69
44 48 50 57 58 60 69 73
44 48 50 57 58 60 69 71 72
44 48 50 57 58 60 67 68
44 48 50 57 58 60 67 68 73
44 48 50 57 58 60 67 68 71 72
44 48 50 57 58 59 69
44 48 50 57 58 59 69 73
44 48 50 57 58 59 69 71 72
44 48 50 57 58 59 67 68
44 48 50 57 58 59 67 68 73
44 48 50 57 58 59 67 68 71 72
44 48 50 56 57 60 69
44 48 50 56 57 60 69 73
44 48 50 56 57 60 69 71 72
44 48 50 56 57 60 67 68
44 48 50 56 57 60 67 68 73
44 48 50 56 57 60 67 68 71 72
44 48 50 56 57 58 59 69
44 48 50 56 57 58 59 69 73
44 48 50 56 57 58 59 69 71 72
44 48 50 56 57 58 59 67 68
44 48 50 56 57 58 59 67 68 73
44 48 50 56 57 58 59 67 68 71 72
44 46 57 58 60 69 75 77
44 46 57 58 60 69 75 76
44 46 57 58 60 69 73 74 77
44 46 57 58 60 69 73 74 75 76
44 46 57 58 60 67 68 75 77
44 46 57 58 60 67 68 75 76
44 46 57 58 60 67 68 73 74 77
44 46 57 58 60 67 68 73 74 75 76
44 46 57 58 59 69 75 77
44 46 57 58 59 69 75 76
44 46 57 58 59 69 73 74 77
44 46 57 58 59 69 73 74 75 76
44 46 57 58 59 67 68 75 77
44 46 57 58 59 67 68 75 76
44 46 57 58 59 67 68 73 74 77
44 46 57 58 59 67 68 73 74 75 76
44 46 56 57 75
44 46 56 57 73 74
44 46 56 57 60 69 75 77
44 46 56 57 60 69 75 76
44 46 56 57 60 69 73 74 77
44 46 56 57 60 69 73 74 75 76
44 46 56 57 60 67 68 75 77
44 46 56 57 60 67 68 75 76
44 46 56 57 60 67 68 73 74 77
44 46 56 57 60 67 68 73 74 75 76
44 46 56 57 58 59 69 75 77
44 46 56 57 58 59 69 75 76
44 46 56 57 58 59 69 73 74 77
44 46 56 57 58 59 69 73 74 75 76
44 46 56 57 58 59 67 68 75 77
44 46 56 57 58 59 67 68 75 76
44 46 56 57 58 59 67 68 73 74 77
44 46 56 57 58 59 67 68 73 74 75 76
44 46 54 55 57 75
44 46 54 55 57 73 74
44 46 50 57 58 60 69 75
44 46 50 57 58 60 69 73 74
44 46 50 57 58 60 67 68 75
44 46 50 57 58 60 67 68 73 74
44 46 50 57 58 59 69 75
44 46 50 57 58 59 69 73 74
44 46 50 57 58 59 67 68 75
44 46 50 57 58 59 67 68 73 74
44 46 50 56 57 60 69 75
44 46 50 56 57 60 69 73 74
44 46 50 56 57 60 67 68 75
44 46 50 56 57 60 67 68 73 74
44 46 50 56 57 58 59 69 75
44 46 50 56 57 58 59 69 73 74
44 46 50 56 57 58 59 67 68 75
44 46 50 56 57 58 59 67 68 73 74
44 46 48 57 58 60 69 77
44 46 48 57 58 60 69 75 76
44 46 48 57 58 60 67 68 77
44 46 48 57 58 60 67 68 75 76
44 46 48 57 58 59 69 77
44 46 48 57 58 59 69 75 76
44 46 48 57 58 59 67 68 77
44 46 48 57 58 59 67 68 75 76
44 46 48 56 57
44 46 48 56 57 60 69 77
44 46 48 56 57 60 69 75 76
44 46 48 56 57 60 67 68 77
44 46 48 56 57 60 67 68 75 76
44 46 48 56 57 58 59 69 77
44 46 48 56 57 58 59 69 75 76
44 46 48 56 57 58 59 67 68 77
44 46 48 56 57 58 59 67 68 75 76
44 46 48 54 55 57
44 46 48 50 57 58 60 69
44 46 48 50 57 58 60 67 68
44 46 48 50 57 58 59 69
44 46 48 50 57 58 59 67 68
44 46 48 50 56 57 60 69
44 46 48 50 56 57 60 67 68
44 46 48 50 56 57 58 59 69
44 46 48 50 56 57 58 59 67 68
42 57 58 60 71 75 77
42 57 58 60 71 75 76
42 57 58 60 71 73 75 77
42 57 58 60 71 73 75 76
42 57 58 60 71 72 75 77
42 57 58 60 71 72 75 76
42 57 58 60 71 72 73 74 77
42 57 58 60 71 72 73 74 75 76
42 57 58 60 69 70 75 77
42 57 58 60 69 70 75 76
42 57 58 60 69 70 73 75 77
42 57 58 60 69 70 73 75 76
42 57 58 60 69 70 71 72 75 77
42 57 58 60 69 70 71 72 75 76
42 57 58 60 69 70 71 72 73 74 77
42 57 58 60 69 70 71 72 73 74 75 76
42 57 58 59 71 75 77
42 57 58 59 71 75 76
42 57 58 59 71 73 75 77
42 57 58 59 71 73 75 76
42 57 58 59 71 72 75 77
42 57 58 59 71 72 75 76
42 57 58 59 71 72 73 74 77
42 57 58 59 71 72 73 74 75 76
42 57 58 59 69 70 75 77
42 57 58 59 69 70 75 76
42 57 58 59 69 70 73 75 77
42 57 58 59 69 70 73 75 76
42 57 58 59 69 70 71 72 75 77
42 57 58 59 69 70 71 72 75 76
42 57 58 59 69 70 71 72 73 74 77
42 57 58 59 69 70 71 72 73 74 75 76
42 56 57 60 71 75 77
42 56 57 60 71 75 76
42 56 57 60 71 73 75 77
42 56 57 60 71 73 75 76
42 56 57 60 71 72 75 77
42 56 57 60 71 72 75 76
42 56 57 60 71 72 73 74 77
42 56 57 60 71 72 73 74 75 76
42 56 57 60 69 70 75 77
42 56 57 60 69 70 75 76
42 56 57 60 69 70 73 75 77
42 56 57 60 69 70 73 75 76
42 56 57 60 69 70 71 72 75 77
42 56 57 60 69 70 71 72 75 76
42 56 57 60 69 70 71 72 73 74 77
42 56 57 60 69 70 71 72 73 74 75 76
42 56 57 58 59 71 75 77
42 56 57 58 59 71 75 76
42 56 57 58 59 71 73 75 77
42 56 57 58 59 71 73 75 76
42 56 57 58 59 71 72 75 77
42 56 57 58 59 71 72 75 76
42 56 57 58 59 71 72 73 74 77
42 56 57 58 59 71 72 73 74 75 76
42 56 57 58 59 69 70 75 77
42 56 57 58 59 69 70 75 76
42 56 57 58 59 69 70 73 75 77
42 56 57 58 59 69 70 73 75 76
42 56 57 58 59 69 70 71 72 75 77
42 56 57 58 59 69 70 71 72 75 76
42 56 57 58 59 69 70 71 72 73 74 77
42 56 57 58 59 69 70 71 72 73 74 75 76
42 50 57 58 60 71 75
42 50 57 58 60 71 73 75
42 50 57 58 60 71 72 75
42 50 57 58 60 71 72 73 74
42 50 57 58 60 69 70 75
42 50 57 58 60 69 70 73 75
42 50 57 58 60 69 70 71 72 75
42 50 57 58 60 69 70 71 72 73 74
42 50 57 58 59 71 75
42 50 57 58 59 71 73 75
42 50 57 58 59 71 72 75
42 50 57 58 59 71 72 73 74
42 50 57 58 59 69 70 75
42 50 57 58 59 69 70 73 75
42 50 57 58 59 69 70 71 72 75
42 50 57 58 59 69 70 71 72 73 74
42 50 56 57 60 71 75
42 50 56 57 60 71 73 75
42 50 56 57 60 71 72 75
42 50 56 57 60 71 72 73 74
42 50 56 57 60 69 70 75
42 50 56 57 60 69 70 73 75
42 50 56 57 60 69 70 71 72 75
42 50 56 57 60 69 70 71 72 73 74
42 50 56 57 58 59 71 75
42 50 56 57 58 59 71 73 75
42 50 56 57 58 59 71 72 75
42 50 56 57 58 59 71 72 73 74
42 50 56 57 58 59 69 70 75
42 50 56 57 58 59 69 70 73 75
42 50 56 57 58 59 69 70 71 72 75
42 50 56 57 58 59 69 70 71 72 73 74
42 48 57 58 60 71 77
42 48 57 58 60 71 75 76
42 48 57 58 60 71 73 77
42 48 57 58 60 71 73 75 76
42 48 57 58 60 71 72 77
42 48 57 58 60 71 72 75 76
42 48 57 58 60 69 70 77
42 48 57 58 60 69 70 75 76
42 48 57 58 60 69 70 73 77
42 48 57 58 60 69 70 73 75 76
42 48 57 58 60 69 70 71 72 77
42 48 57 58 60 69 70 71 72 75 76
42 48 57 58 59 71 77
42 48 57 58 59 71 75 76
42 48 57 58 59 71 73 77
42 48 57 58 59 71 73 75 76
42 48 57 58 59 71 72 77
42 48 57 58 59 71 72 75 76
42 48 57 58 59 69 70 77
42 48 57 58 59 69 70 75 76
42 48 57 58 59 69 70 73 77
42 48 57 58 59 69 70 73 75 76
42 48 57 58 59 69 70 71 72 77
42 48 57 58 59 69 70 71 72 75 76
42 48 56 57 60 71 77
42 48 56 57 60 71 75 76
42 48 56 57 60 71 73 77
42 48 56 57 60 71 73 75 76
42 48 56 57 60 71 72 77
42 48 56 57 60 71 72 75 76
42 48 56 57 60 69 70 77
42 48 56 57 60 69 70 75 76
42 48 56 57 60 69 70 73 77
42 48 56 57 60 69 70 73 75 76
42 48 56 57 60 69 70 71 72 77
42 48 56 57 60 69 70 71 72 75 76
42 48 56 57 58 59 71 77
42 48 56 57 58 59 71 75 76
42 48 56 57 58 59 71 73 77
42 48 56 57 58 59 71 73 75 76
42 48 56 57 58 59 71 72 77
42 48 56 57 58 59 71 72 75 76
42 48 56 57 58 59 69 70 77
42 48 56 57 58 59 69 70 75 76
42 48 56 57 58 59 69 70 73 77
42 48 56 57 58 59 69 70 73 75 76
42 48 56 57 58 59 69 70 71 72 77
42 48 56 57 58 59 69 70 71 72 75 76
42 48 50 57 58 60 71
42 48 50 57 58 60 71 73
42 48 50 57 58 60 71 72
42 48 50 57 58 60 69 70
42 48 50 57 58 60 69 70 73
42 48 50 57 58 60 69 70 71 72
42 48 50 57 58 59 71
42 48 50 57 58 59 71 73
42 48 50 57 58 59 71 72
42 48 50 57 58 59 69 70
42 48 50 57 58 59 69 70 73
42 48 50 57 58 59 69 70 71 72
42 48 50 56 57 60 71
42 48 50 56 57 60 71 73
42 48 50 56 57 60 71 72
42 48 50 56 57 60 69 70
42 48 50 56 57 60 69 70 73
42 48 50 56 57 60 69 70 71 72
42 48 50 56 57 58 59 71
42 48 50 56 57 58 59 71 73
42 48 50 56 57 58 59 71 72
42 48 50 56 57 58 59 69 70
42 48 50 56 57 58 59 69 70 73
42 48 50 56 57 58 59 69 70 71 72
42 46 57 58 60 71 75 77
42 46 57 58 60 71 75 76
42 46 57 58 60 71 73 74 77
42 46 57 58 60 71 73 74 75 76
42 46 57 58 60 69 70 75 77
42 46 57 58 60 69 70 75 76
42 46 57 58 60 69 70 73 74 77
42 46 57 58 60 69 70 73 74 75 76
42 46 57 58 59 71 75 77
42 46 57 58 59 71 75 76
42 46 57 58 59 71 73 74 77
42 46 57 58 59 71 73 74 75 76
42 46 57 58 59 69 70 75 77
42 46 57 58 59 69 70 75 76
42 46 57 58 59 69 70 73 74 77
42 46 57 58 59 69 70 73 74 75 76
42 46 56 57 60 71 75 77
42 46 56 57 60 71 75 76
42 46 56 57 60 71 73 74 77
42 46 56 57 60 71 73 74 75 76
42 46 56 57 60 69 70 75 77
42 46 56 57 60 69 70 75 76
42 46 56 57 60 69 70 73 74 77
42 46 56 57 60 69 70 73 74 75 76
42 46 56 57 58 59 71 75 77
42 46 56 57 58 59 71 75 76
42 46 56 57 58 59 71 73 74 77
42 46 56 57 58 59 71 73 74 75 76
42 46 56 57 58 59 69 70 75 77
42 46 56 57 58 59 69 70 75 76
42 46 56 57 58 59 69 70 73 74 77
42 46 56 57 58 59 69 70 73 74 75 76
42 46 50 57 58 60 71 75
42 46 50 57 58 60 71 73 74
42 46 50 57 58 60 69 70 75
42 46 50 57 58 60 69 70 73 74
42 46 50 57 58 59 71 75
42 46 50 57 58 59 71 73 74
42 46 50 57 58 59 69 70 75
42 46 50 57 58 59 69 70 73 74
42 46 50 56 57 60 71 75
42 46 50 56 57 60 71 73 74
42 46 50 56 57 60 69 70 75
42 46 50 56 57 60 69 70 73 74
42 46 50 56 57 58 59 71 75
42 46 50 56 57 58 59 71 73 74
42 46 50 56 57 58 59 69 70 75
42 46 50 56 57 58 59 69 70 73 74
42 46 48 57 58 60 71 77
42 46 48 57 58 60 71 75 76
42 46 48 57 58 60 69 70 77
42 46 48 57 58 60 69 70 75 76
42 46 48 57 58 59 71 77
42 46 48 57 58 59 71 75 76
42 46 48 57 58 59 69 70 77
42 46 48 57 58 59 69 70 75 76
42 46 48 56 57 60 71 77
42 46 48 56 57 60 71 75 76
42 46 48 56 57 60 69 70 77
42 46 48 56 57 60 69 70 75 76
42 46 48 56 57 58 59 71 77
42 46 48 56 57 58 59 71 75 76
42 46 48 56 57 58 59 69 70 77
42 46 48 56 57 58 59 69 70 75 76
42 46 48 50 57 58 60 71
42 46 48 50 57 58 60 69 70
42 46 48 50 57 58 59 71
42 46 48 50 57 58 59 69 70
42 46 48 50 56 57 60 71
42 46 48 50 56 57 60 69 70
42 46 48 50 56 57 58 59 71
42 46 48 50 56 57 58 59 69 70
42 44 57 58 60 75 77
42 44 57 58 60 75 76
42 44 57 58 60 73 75 77
42 44 57 58 60 73 75 76
42 44 57 58 60 71 72 75 77
42 44 57 58 60 71 72 75 76
42 44 57 58 60 71 72 73 74 77
42 44 57 58 60 71 72 73 74 75 76
42 44 57 58 59 75 77
42 44 57 58 59 75 76
42 44 57 58 59 73 75 77
42 44 57 58 59 73 75 76
42 44 57 58 59 71 72 75 77
42 44 57 58 59 71 72 75 76
42 44 57 58 59 71 72 73 74 77
42 44 57 58 59 71 72 73 74 75 76
42 44 56 57 60 75 77
42 44 56 57 60 75 76
42 44 56 57 60 73 75 77
42 44 56 57 60 73 75 76
42 44 56 57 60 71 72 75 77
42 44 56 57 60 71 72 75 76
42 44 56 57 60 71 72 73 74 77
42 44 56 57 60 71 72 73 74 75 76
42 44 56 57 58 59 75 77
42 44 56 57 58 59 75 76
42 44 56 57 58 59 73 75 77
42 44 56 57 58 59 73 75 76
42 44 56 57 58 59 71 72 75 77
42 44 56 57 58 59 71 72 75 76
42 44 56 57 58 59 71 72 73 74 77
42 44 56 57 58 59 71 72 73 74 75 76
42 44 50 57 58 60 75
42 44 50 57 58 60 73 75
42 44 50 57 58 60 71 72 75
42 44 50 57 58 60 71 72 73 74
42 44 50 57 58 59 75
42 44 50 57 58 59 73 75
42 44 50 57 58 59 71 72 75
42 44 50 57 58 59 71 72 73 74
42 44 50 56 57 60 75
42 44 50 56 57 60 73 75
42 44 50 56 57 60 71 72 75
42 44 50 56 57 60 71 72 73 74
42 44 50 56 57 58 59 75
42 44 50 56 57 58 59 73 75
42 44 50 56 57 58 59 71 72 75
42 44 50 56 57 58 59 71 72 73 74
42 44 48 57 58 60 77
42 44 48 57 58 60 75 76
42 44 48 57 58 60 73 77
42 44 48 57 58 60 73 75 76
42 44 48 57 58 60 71 72 77
42 44 48 57 58 60 71 72 75 76
42 44 48 57 58 59 77
42 44 48 57 58 59 75 76
42 44 48 57 58 59 73 77
42 44 48 57 58 59 73 75 76
42 44 48 57 58 59 71 72 77
42 44 48 57 58 59 71 72 75 76
42 44 48 56 57 60 77
42 44 48 56 57 60 75 76
42 44 48 56 57 60 73 77
42 44 48 56 57 60 73 75 76
42 44 48 56 57 60 71 72 77
42 44 48 56 57 60 71 72 75 76
42 44 48 56 57 58 59 77
42 44 48 56 57 58 59 75 76
42 44 48 56 57 58 59 73 77
42 44 48 56 57 58 59 73 75 76
42 44 48 56 57 58 59 71 72 77
42 44 48 56 57 58 59 71 72 75 76
42 44 48 50 57 58 60
42 44 48 50 57 58 60 73
42 44 48 50 57 58 60 71 72
42 44 48 50 57 58 59
42 44 48 50 57 58 59 73
42 44 48 50 57 58 59 71 72
42 44 48 50 56 57 60
42 44 48 50 56 57 60 73
42 44 48 50 56 57 60 71 72
42 44 48 50 56 57 58 59
42 44 48 50 56 57 58 59 73
42 44 48 50 56 57 58 59 71 72
42 44 46 57 58 60 75 77
42 44 46 57 58 60 75 76
42 44 46 57 58 60 73 74 77
42 44 46 57 58 60 73 74 75 76
42 44 46 57 58 59 75 77
42 44 46 57 58 59 75 76
42 44 46 57 58 59 73 74 77
42 44 46 57 58 59 73 74 75 76
42 44 46 56 57 60 75 77
42 44 46 56 57 60 75 76
42 44 46 56 57 60 73 74 77
42 44 46 56 57 60 73 74 75 76
42 44 46 56 57 58 59 75 77
42 44 46 56 57 58 59 75 76
42 44 46 56 57 58 59 73 74 77
42 44 46 56 57 58 59 73 74 75 76
42 44 46 50 57 58 60 75
42 44 46 50 57 58 60 73 74
42 44 46 50 57 58 59 75
42 44 46 50 57 58 59 73 74
42 44 46 50 56 57 60 75
42 44 46 50 56 57 60 73 74
42 44 46 50 56 57 58 59 75
42 44 46 50 56 57 58 59 73 74
42 44 46 48 57 58 60 77
42 44 46 48 57 58 60 75 76
42 44 46 48 57 58 59 77
42 44 46 48 57 58 59 75 76
42 44 46 48 56 57 60 77
42 44 46 48 56 57 60 75 76
42 44 46 48 56 57 58 59 77
42 44 46 48 56 57 58 59 75 76
42 44 46 48 50 57 58 60
42 44 46 48 50 57 58 59
42 44 46 48 50 56 57 60
42 44 46 48 50 56 57 58 59
33 57 58 69 71 75 77
33 57 58 69 71 75 76
33 57 58 69 71 73 75 77
33 57 58 69 71 73 75 76
33 57 58 69 71 72 75 77
33 57 58 69 71 72 75 76
33 57 58 69 71 72 73 74 77
33 57 58 69 71 72 73 74 75 76
33 57 58 69 70 75 77
33 57 58 69 70 75 76
33 57 58 69 70 73 75 77
33 57 58 69 70 73 75 76
33 57 58 69 70 71 72 75 77
33 57 58 69 70 71 72 75 76
33 57 58 69 70 71 72 73 74 77
33 57 58 69 70 71 72 73 74 75 76
33 57 58 67 68 71 75 77
33 57 58 67 68 71 75 76
33 57 58 67 68 71 73 75 77
33 57 58 67 68 71 73 75 76
33 57 58 67 68 71 72 75 77
33 57 58 67 68 71 72 75 76
33 57 58 67 68 71 72 73 74 77
33 57 58 67 68 71 72 73 74 75 76
33 57 58 67 68 69 70 75 77
33 57 58 67 68 69 70 75 76
33 57 58 67 68 69 70 73 75 77
33 57 58 67 68 69 70 73 75 76
33 57 58 67 68 69 70 71 72 75 77
33 57 58 67 68 69 70 71 72 75 76
33 57 58 67 68 69 70 71 72 73 74 77
33 57 58 67 68 69 70 71 72 73 74 75 76
33 56 57 69 71 75 77
33 56 57 69 71 75 76
33 56 57 69 71 73 75 77
33 56 57 69 71 73 75 76
33 56 57 69 71 72 75 77
33 56 57 69 71 72 75 76
33 56 57 69 71 72 73 74 77
33 56 57 69 71 72 73 74 75 76
33 56 57 69 70 75 77
33 56 57 69 70 75 76
33 56 57 69 70 73 75 77
33 56 57 69 70 73 75 76
33 56 57 69 70 71 72 75 77
33 56 57 69 70 71 72 75 76
33 56 57 69 70 71 72 73 74 77
33 56 57 69 70 71 72 73 74 75 76
33 56 57 67 68 71 75 77
33 56 57 67 68 71 75 76
33 56 57 67 68 71 73 75 77
33 56 57 67 68 71 73 75 76
33 56 57 67 68 71 72 75 77
33 56 57 67 68 71 72 75 76
33 56 57 67 68 71 72 73 74 77
33 56 57 67 68 71 72 73 74 75 76
33 56 57 67 68 69 70 75 77
33 56 57 67 68 69 70 75 76
33 56 57 67 68 69 70 73 75 77
33 56 57 67 68 69 70 73 75 76
33 56 57 67 68 69 70 71 72 75 77
33 56 57 67 68 69 70 71 72 75 76
33 56 57 67 68 69 70 71 72 73 74 77
33 56 57 67 68 69 70 71 72 73 74 75 76
33 50 57 58 69 71 75
33 50 57 58 69 71 73 75
33 50 57 58 69 71 72 75
33 50 57 58 69 71 72 73 74
33 50 57 58 69 70 75
33 50 57 58 69 70 73 75
33 50 57 58 69 70 71 72 75
33 50 57 58 69 70 71 72 73 74
33 50 57 58 67 68 71 75
33 50 57 58 67 68 71 73 75
33 50 57 58 67 68 71 72 75
33 50 57 58 67 68 71 72 73 74
33 50 57 58 67 68 69 70 75
33 50 57 58 67 68 69 70 73 75
33 50 57 58 67 68 69 70 71 72 75
33 50 57 58 67 68 69 70 71 72 73 74
33 50 56 57 69 71 75
33 50 56 57 69 71 73 75
33 50 56 57 69 71 72 75
33 50 56 57 69 71 72 73 74
33 50 56 57 69 70 75
33 50 56 57 69 70 73 75
33 50 56 57 69 70 71 72 75
33 50 56 57 69 70 71 72 73 74
33 50 56 57 67 68 71 75
33 50 56 57 67 68 71 73 75
33 50 56 57 67 68 71 72 75
33 50 56 57 67 68 71 72 73 74
33 50 56 57 67 68 69 70 75
33 50 56 57 67 68 69 70 73 75
33 50 56 57 67 68 69 70 71 72 75
33 50 56 57 67 68 69 70 71 72 73 74
33 48 57 58 69 71 77
33 48 57 58 69 71 75 76
33 48 57 58 69 71 73 77
33 48 57 58 69 71 73 75 76
33 48 57 58 69 71 72 77
33 48 57 58 69 71 72 75 76
33 48 57 58 69 70 77
33 48 57 58 69 70 75 76
33 48 57 58 69 70 73 77
33 48 57 58 69 70 73 75 76
33 48 57 58 69 70 71 72 77
33 48 57 58 69 70 71 72 75 76
33 48 57 58 67 68 71 77
33 48 57 58 67 68 71 75 76
33 48 57 58 67 68 71 73 77
33 48 57 58 67 68 71 73 75 76
33 48 57 58 67 68 71 72 77
33 48 57 58 67 68 71 72 75 76
33 48 57 58 67 68 69 70 77
33 48 57 58 67 68 69 70 75 76
33 48 57 58 67 68 69 70 73 77
33 48 57 58 67 68 69 70 73 75 76
33 48 57 58 67 68 69 70 71 72 77
33 48 57 58 67 68 69 70 71 72 75 76
33 48 56 57 69 71 77
33 48 56 57 69 71 75 76
33 48 56 57 69 71 73 77
33 48 56 57 69 71 73 75 76
33 48 56 57 69 71 72 77
33 48 56 57 69 71 72 75 76
33 48 56 57 69 70 77
33 48 56 57 69 70 75 76
33 48 56 57 69 70 73 77
33 48 56 57 69 70 73 75 76
33 48 56 57 69 70 71 72 77
33 48 56 57 69 70 71 72 75 76
33 48 56 57 67 68 71 77
33 48 56 57 67 68 71 75 76
33 48 56 57 67 68 71 73 77
33 48 56 57 67 68 71 73 75 76
33 48 56 57 67 68 71 72 77
33 48 56 57 67 68 71 72 75 76
33 48 56 57 67 68 69 70 77
33 48 56 57 67 68 69 70 75 76
33 48 56 57 67 68 69 70 73 77
33 48 56 57 67 68 69 70 73 75 76
33 48 56 57 67 68 69 70 71 72 77
33 48 56 57 67 68 69 70 71 72 75 76
33 48 50 57 58 69 71
33 48 50 57 58 69 71 73
33 48 50 57 58 69 71 72
33 48 50 57 58 69 70
33 48 50 57 58 69 70 73
33 48 50 57 58 69 70 71 72
33 48 50 57 58 67 68 71
33 48 50 57 58 67 68 71 73
33 48 50 57 58 67 68 71 72
33 48 50 57 58 67 68 69 70
33 48 50 57 58 67 68 69 70 73
33 48 50 57 58 67 68 69 70 71 72
33 48 50 56 57 69 71
33 48 50 56 57 69 71 73
33 48 50 56 57 69 71 72
33 48 50 56 57 69 70
33 48 50 56 57 69 70 73
33 48 50 56 57 69 70 71 72
33 48 50 56 57 67 68 71
33 48 50 56 57 67 68 71 73
33 48 50 56 57 67 68 71 72
33 48 50 56 57 67 68 69 70
33 48 50 56 57 67 68 69 70 73
33 48 50 56 57 67 68 69 70 71 72
33 46 57 58 69 71 75 77
33 46 57 58 69 71 75 76
33 46 57 58 69 71 73 74 77
33 46 57 58 69 71 73 74 75 76
33 46 57 58 69 70 75 77
33 46 57 58 69 70 75 76
33 46 57 58 69 70 73 74 77
33 46 57 58 69 70 73 74 75 76
33 46 57 58 67 68 71 75 77
33 46 57 58 67 68 71 75 76
33 46 57 58 67 68 71 73 74 77
33 46 57 58 67 68 71 73 74 75 76
33 46 57 58 67 68 69 70 75 77
33 46 57 58 67 68 69 70 75 76
33 46 57 58 67 68 69 70 73 74 77
33 46 57 58 67 68 69 70 73 74 75 76
33 46 56 57 69 71 75 77
33 46 56 57 69 71 75 76
33 46 56 57 69 71 73 74 77
33 46 56 57 69 71 73 74 75 76
33 46 56 57 69 70 75 77
33 46 56 57 69 70 75 76
33 46 56 57 69 70 73 74 77
33 46 56 57 69 70 73 74 75 76
33 46 56 57 67 68 71 75 77
33 46 56 57 67 68 71 75 76
33 46 56 57 67 68 71 73 74 77
33 46 56 57 67 68 71 73 74 75 76
33 46 56 57 67 68 69 70 75 77
33 46 56 57 67 68 69 70 75 76
33 46 56 57 67 68 69 70 73 74 77
33 46 56 57 67 68 69 70 73 74 75 76
33 46 50 57 58 69 71 75
33 46 50 57 58 69 71 73 74
33 46 50 57 58 69 70 75
33 46 50 57 58 69 70 73 74
33 46 50 57 58 67 68 71 75
33 46 50 57 58 67 68 71 73 74
33 46 50 57 58 67 68 69 70 75
33 46 50 57 58 67 68 69 70 73 74
33 46 50 56 57 69 71 75
33 46 50 56 57 69 71 73 74
33 46 50 56 57 69 70 75
33 46 50 56 57 69 70 73 74
33 46 50 56 57 67 68 71 75
33 46 50 56 57 67 68 71 73 74
33 46 50 56 57 67 68 69 70 75
33 46 50 56 57 67 68 69 70 73 74
33 46 48 57 58 69 71 77
33 46 48 57 58 69 71 75 76
33 46 48 57 58 69 70 77
33 46 48 57 58 69 70 75 76
33 46 48 57 58 67 68 71 77
33 46 48 57 58 67 68 71 75 76
33 46 48 57 58 67 68 69 70 77
33 46 48 57 58 67 68 69 70 75 76
33 46 48 56 57 69 71 77
33 46 48 56 57 69 71 75 76
33 46 48 56 57 69 70 77
33 46 48 56 57 69 70 75 76
33 46 48 56 57 67 68 71 77
33 46 48 56 57 67 68 71 75 76
33 46 48 56 57 67 68 69 70 77
33 46 48 56 57 67 68 69 70 75 76
33 46 48 50 57 58 69 71
33 46 48 50 57 58 69 70
33 46 48 50 57 58 67 68 71
33 46 48 50 57 58 67 68 69 70
33 46 48 50 56 57 69 71
33 46 48 50 56 57 69 70
33 46 48 50 56 57 67 68 71
33 46 48 50 56 57 67 68 69 70
33 44 57 58 69 75 77
33 44 57 58 69 75 76
33 44 57 58 69 73 75 77
33 44 57 58 69 73 75 76
33 44 57 58 69 71 72 75 77
33 44 57 58 69 71 72 75 76
33 44 57 58 69 71 72 73 74 77
33 44 57 58 69 71 72 73 74 75 76
33 44 57 58 67 68 75 77
33 44 57 58 67 68 75 76
33 44 57 58 67 68 73 75 77
33 44 57 58 67 68 73 75 76
33 44 57 58 67 68 71 72 75 77
33 44 57 58 67 68 71 72 75 76
33 44 57 58 67 68 71 72 73 74 77
33 44 57 58 67 68 71 72 73 74 75 76
33 44 56 57 69 75 77
33 44 56 57 69 75 76
33 44 56 57 69 73 75 77
33 44 56 57 69 73 75 76
33 44 56 57 69 71 72 75 77
33 44 56 57 69 71 72 75 76
33 44 56 57 69 71 72 73 74 77
33 44 56 57 69 71 72 73 74 75 76
33 44 56 57 67 68 75 77
33 44 56 57 67 68 75 76
33 44 56 57 67 68 73 75 77
33 44 56 57 67 68 73 75 76
33 44 56 57 67 68 71 72 75 77
33 44 56 57 67 68 71 72 75 76
33 44 56 57 67 68 71 72 73 74 77
33 44 56 57 67 68 71 72 73 74 75 76
33 44 50 57 58 69 75
33 44 50 57 58 69 73 75
33 44 50 57 58 69 71 72 75
33 44 50 57 58 69 71 72 73 74
33 44 50 57 58 67 68 75
33 44 50 57 58 67 68 73 75
33 44 50 57 58 67 68 71 72 75
33 44 50 57 58 67 68 71 72 73 74
33 44 50 56 57 69 75
33 44 50 56 57 69 73 75
33 44 50 56 57 69 71 72 75
33 44 50 56 57 69 71 72 73 74
33 44 50 56 57 67 68 75
33 44 50 56 57 67 68 73 75
33 44 50 56 57 67 68 71 72 75
33 44 50 56 57 67 68 71 72 73 74
33 44 48 57 58 69 77
33 44 48 57 58 69 75 76
33 44 48 57 58 69 73 77
33 44 48 57 58 69 73 75 76
33 44 48 57 58 69 71 72 77
33 44 48 57 58 69 71 72 75 76
33 44 48 57 58 67 68 77
33 44 48 57 58 67 68 75 76
33 44 48 57 58 67 68 73 77
33 44 48 57 58 67 68 73 75 76
33 44 48 57 58 67 68 71 72 77
33 44 48 57 58 67 68 71 72 75 76
33 44 48 56 57 69 77
33 44 48 56 57 69 75 76
33 44 48 56 57 69 73 77
33 44 48 56 57 69 73 75 76
33 44 48 56 57 69 71 72 77
33 44 48 56 57 69 71 72 75 76
33 44 48 56 57 67 68 77
33 44 48 56 57 67 68 75 76
33 44 48 56 57 67 68 73 77
33 44 48 56 57 67 68 73 75 76
33 44 48 56 57 67 68 71 72 77
33 44 48 56 57 67 68 71 72 75 76
33 44 48 50 57 58 69
33 44 48 50 57 58 69 73
33 44 48 50 57 58 69 71 72
33 44 48 50 57 58 67 68
33 44 48 50 57 58 67 68 73
33 44 48 50 57 58 67 68 71 72
33 44 48 50 56 57 69
33 44 48 50 56 57 69 73
33 44 48 50 56 57 69 71 72
33 44 48 50 56 57 67 68
33 44 48 50 56 57 67 68 73
33 44 48 50 56 57 67 68 71 72
33 44 46 57 58 69 75 77
33 44 46 57 58 69 75 76
33 44 46 57 58 69 73 74 77
33 44 46 57 58 69 73 74 75 76
33 44 46 57 58 67 68 75 77
33 44 46 57 58 67 68 75 76
33 44 46 57 58 67 68 73 74 77
33 44 46 57 58 67 68 73 74 75 76
33 44 46 56 57 69 75 77
33 44 46 56 57 69 75 76
33 44 46 56 57 69 73 74 77
33 44 46 56 57 69 73 74 75 76
33 44 46 56 57 67 68 75 77
33 44 46 56 57 67 68 75 76
33 44 46 56 57 67 68 73 74 77
33 44 46 56 57 67 68 73 74 75 76
33 44 46 50 57 58 69 75
33 44 46 50 57 58 69 73 74
33 44 46 50 57 58 67 68 75
33 44 46 50 57 58 67 68 73 74
33 44 46 50 56 57 69 75
33 44 46 50 56 57 69 73 74
33 44 46 50 56 57 67 68 75
33 44 46 50 56 57 67 68 73 74
33 44 46 48 57 58 69 77
33 44 46 48 57 58 69 75 76
33 44 46 48 57 58 67 68 77
33 44 46 48 57 58 67 68 75 76
33 44 46 48 56 57 69 77
33 44 46 48 56 57 69 75 76
33 44 46 48 56 57 67 68 77
33 44 46 48 56 57 67 68 75 76
33 44 46 48 50 57 58 69
33 44 46 48 50 57 58 67 68
33 44 46 48 50 56 57 69
33 44 46 48 50 56 57 67 68
33 42 57 58 71 75 77
33 42 57 58 71 75 76
33 42 57 58 71 73 75 77
33 42 57 58 71 73 75 76
33 42 57 58 71 72 75 77
33 42 57 58 71 72 75 76
33 42 57 58 71 72 73 74 77
33 42 57 58 71 72 73 74 75 76
33 42 57 58 69 70 75 77
33 42 57 58 69 70 75 76
33 42 57 58 69 70 73 75 77
33 42 57 58 69 70 73 75 76
33 42 57 58 69 70 71 72 75 77
33 42 57 58 69 70 71 72 75 76
33 42 57 58 69 70 71 72 73 74 77
33 42 57 58 69 70 71 72 73 74 75 76
33 42 56 57 71 75 77
33 42 56 57 71 75 76
33 42 56 57 71 73 75 77
33 42 56 57 71 73 75 76
33 42 56 57 71 72 75 77
33 42 56 57 71 72 75 76
33 42 56 57 71 72 73 74 77
33 42 56 57 71 72 73 74 75 76
33 42 56 57 69 70 75 77
33 42 56 57 69 70 75 76
33 42 56 57 69 70 73 75 77
33 42 56 57 69 70 73 75 76
33 42 56 57 69 70 71 72 75 77
33 42 56 57 69 70 71 72 75 76
33 42 56 57 69 70 71 72 73 74 77
33 42 56 57 69 70 71 72 73 74 75 76
33 42 50 57 58 71 75
33 42 50 57 58 71 73 75
33 42 50 57 58 71 72 75
33 42 50 57 58 71 72 73 74
33 42 50 57 58 69 70 75
33 42 50 57 58 69 70 73 75
33 42 50 57 58 69 70 71 72 75
33 42 50 57 58 69 70 71 72 73 74
33 42 50 56 57 71 75
33 42 50 56 57 71 73 75
33 42 50 56 57 71 72 75
33 42 50 56 57 71 72 73 74
33 42 50 56 57 69 70 75
33 42 50 56 57 69 70 73 75
33 42 50 56 57 69 70 71 72 75
33 42 50 56 57 69 70 71 72 73 74
33 42 48 57 58 71 77
33 42 48 57 58 71 75 76
33 42 48 57 58 71 73 77
33 42 48 57 58 71 73 75 76
33 42 48 57 58 71 72 77
33 42 48 57 58 71 72 75 76
33 42 48 57 58 69 70 77
33 42 48 57 58 69 70 75 76
33 42 48 57 58 69 70 73 77
33 42 48 57 58 69 70 73 75 76
33 42 48 57 58 69 70 71 72 77
33 42 48 57 58 69 70 71 72 75 76
33 42 48 56 57 71 77
33 42 48 56 57 71 75 76
33 42 48 56 57 71 73 77
33 42 48 56 57 71 73 75 76
33 42 48 56 57 71 72 77
33 42 48 56 57 71 72 75 76
33 42 48 56 57 69 70 77
33 42 48 56 57 69 70 75 76
33 42 48 56 57 69 70 73 77
33 42 48 56 57 69 70 73 75 76
33 42 48 56 57 69 70 71 72 77
33 42 48 56 57 69 70 71 72 75 76
33 42 48 50 57 58 71
33 42 48 50 57 58 71 73
33 42 48 50 57 58 71 72
33 42 48 50 57 58 69 70
33 42 48 50 57 58 69 70 73
33 42 48 50 57 58 69 70 71 72
33 42 48 50 56 57 71
33 42 48 50 56 57 71 73
33 42 48 50 56 57 71 72
33 42 48 50 56 57 69 70
33 42 48 50 56 57 69 70 73
33 42 48 50 56 57 69 70 71 72
33 42 46 57 58 71 75 77
33 42 46 57 58 71 75 76
33 42 46 57 58 71 73 74 77
33 42 46 57 58 71 73 74 75 76
33 42 46 57 58 69 70 75 77
33 42 46 57 58 69 70 75 76
33 42 46 57 58 69 70 73 74 77
33 42 46 57 58 69 70 73 74 75 76
33 42 46 56 57 71 75 77
33 42 46 56 57 71 75 76
33 42 46 56 57 71 73 74 77
33 42 46 56 57 71 73 74 75 76
33 42 46 56 57 69 70 75 77
33 42 46 56 57 69 70 75 76
33 42 46 56 57 69 70 73 74 77
33 42 46 56 57 69 70 73 74 75 76
33 42 46 50 57 58 71 75
33 42 46 50 57 58 71 73 74
33 42 46 50 57 58 69 70 75
33 42 46 50 57 58 69 70 73 74
33 42 46 50 56 57 71 75
33 42 46 50 56 57 71 73 74
33 42 46 50 56 57 69 70 75
33 42 46 50 56 57 69 70 73 74
33 42 46 48 57 58 71 77
33 42 46 48 57 58 71 75 76
33 42 46 48 57 58 69 70 77
33 42 46 48 57 58 69 70 75 76
33 42 46 48 56 57 71 77
33 42 46 48 56 57 71 75 76
33 42 46 48 56 57 69 70 77
33 42 46 48 56 57 69 70 75 76
33 42 46 48 50 57 58 71
33 42 46 48 50 57 58 69 70
33 42 46 48 50 56 57 71
33 42 46 48 50 56 57 69 70
33 42 44 57 58 75 77
33 42 44 57 58 75 76
33 42 44 57 58 73 75 77
33 42 44 57 58 73 75 76
33 42 44 57 58 71 72 75 77
33 42 44 57 58 71 72 75 76
33 42 44 57 58 71 72 73 74 77
33 42 44 57 58 71 72 73 74 75 76
33 42 44 56 57 75 77
33 42 44 56 57 75 76
33 42 44 56 57 73 75 77
33 42 44 56 57 73 75 76
33 42 44 56 57 71 72 75 77
33 42 44 56 57 71 72 75 76
33 42 44 56 57 71 72 73 74 77
33 42 44 56 57 71 72 73 74 75 76
33 42 44 50 57 58 75
33 42 44 50 57 58 73 75
33 42 44 50 57 58 71 72 75
33 42 44 50 57 58 71 72 73 74
33 42 44 50 56 57 75
33 42 44 50 56 57 73 75
33 42 44 50 56 57 71 72 75
33 42 44 50 56 57 71 72 73 74
33 42 44 48 57 58 77
33 42 44 48 57 58 75 76
33 42 44 48 57 58 73 77
33 42 44 48 57 58 73 75 76
33 42 44 48 57 58 71 72 77
33 42 44 48 57 58 71 72 75 76
33 42 44 48 56 57 77
33 42 44 48 56 57 75 76
33 42 44 48 56 57 73 77
33 42 44 48 56 57 73 75 76
33 42 44 48 56 57 71 72 77
33 42 44 48 56 57 71 72 75 76
33 42 44 48 50 57 58
33 42 44 48 50 57 58 73
33 42 44 48 50 57 58 71 72
33 42 44 48 50 56 57
33 42 44 48 50 56 57 73
33 42 44 48 50 56 57 71 72
33 42 44 46 57 58 75 77
33 42 44 46 57 58 75 76
33 42 44 46 57 58 73 74 77
33 42 44 46 57 58 73 74 75 76
33 42 44 46 56 57 75 77
33 42 44 46 56 57 75 76
33 42 44 46 56 57 73 74 77
33 42 44 46 56 57 73 74 75 76
33 42 44 46 50 57 58 75
33 42 44 46 50 57 58 73 74
33 42 44 46 50 56 57 75
33 42 44 46 50 56 57 73 74
33 42 44 46 48 57 58 77
33 42 44 46 48 57 58 75 76
33 42 44 46 48 56 57 77
33 42 44 46 48 56 57 75 76
33 42 44 46 48 50 57 58
33 42 44 46 48 50 56 57
31 57 60 69 71 75 77
31 57 60 69 71 75 76
31 57 60 69 71 73 75 77
31 57 60 69 71 73 75 76
31 57 60 69 71 72 75 77
31 57 60 69 71 72 75 76
31 57 60 69 71 72 73 74 77
31 57 60 69 71 72 73 74 75 76
31 57 60 69 70 75 77
31 57 60 69 70 75 76
31 57 60 69 70 73 75 77
31 57 60 69 70 73 75 76
31 57 60 69 70 71 72 75 77
31 57 60 69 70 71 72 75 76
31 57 60 69 70 71 72 73 74 77
31 57 60 69 70 71 72 73 74 75 76
31 57 60 67 68 71 75 77
31 57 60 67 68 71 75 76
31 57 60 67 68 71 73 75 77
31 57 60 67 68 71 73 75 76
31 57 60 67 68 71 72 75 77
31 57 60 67 68 71 72 75 76
31 57 60 67 68 71 72 73 74 77
31 57 60 67 68 71 72 73 74 75 76
31 57 60 67 68 69 70 75 77
31 57 60 67 68 69 70 75 76
31 57 60 67 68 69 70 73 75 77
31 57 60 67 68 69 70 73 75 76
31 57 60 67 68 69 70 71 72 75 77
31 57 60 67 68 69 70 71 72 75 76
31 57 60 67 68 69 70 71 72 73 74 77
31 57 60 67 68 69 70 71 72 73 74 75 76
31 57 58 59 69 71 75 77
31 57 58 59 69 71 75 76
31 57 58 59 69 71 73 75 77
31 57 58 59 69 71 73 75 76
31 57 58 59 69 71 72 75 77
31 57 58 59 69 71 72 75 76
31 57 58 59 69 71 72 73 74 77
31 57 58 59 69 71 72 73 74 75 76
31 57 58 59 69 70 75 77
31 57 58 59 69 70 75 76
31 57 58 59 69 70 73 75 77
31 57 58 59 69 70 73 75 76
31 57 58 59 69 70 71 72 75 77
31 57 58 59 69 70 71 72 75 76
31 57 58 59 69 70 71 72 73 74 77
31 57 58 59 69 70 71 72 73 74 75 76
31 57 58 59 67 68 71 75 77
31 57 58 59 67 68 71 75 76
31 57 58 59 67 68 71 73 75 77
31 57 58 59 67 68 71 73 75 76
31 57 58 59 67 68 71 72 75 77
31 57 58 59 67 68 71 72 75 76
31 57 58 59 67 68 71 72 73 74 77
31 57 58 59 67 68 71 72 73 74 75 76
31 57 58 59 67 68 69 70 75 77
31 57 58 59 67 68 69 70 75 76
31 57 58 59 67 68 69 70 73 75 77
31 57 58 59 67 68 69 70 73 75 76
31 57 58 59 67 68 69 70 71 72 75 77
31 57 58 59 67 68 69 70 71 72 75 76
31 57 58 59 67 68 69 70 71 72 73 74 77
31 57 58 59 67 68 69 70 71 72 73 74 75 76
31 50 57 60 69 71 75
31 50 57 60 69 71 73 75
31 50 57 60 69 71 72 75
31 50 57 60 69 71 72 73 74
31 50 57 60 69 70 75
31 50 57 60 69 70 73 75
31 50 57 60 69 70 71 72 75
31 50 57 60 69 70 71 72 73 74
31 50 57 60 67 68 71 75
31 50 57 60 67 68 71 73 75
31 50 57 60 67 68 71 72 75
31 50 57 60 67 68 71 72 73 74
31 50 57 60 67 68 69 70 75
31 50 57 60 67 68 69 70 73 75
31 50 57 60 67 68 69 70 71 72 75
31 50 57 60 67 68 69 70 71 72 73 74
31 50 57 58 59 69 71 75
31 50 57 58 59 69 71 73 75
31 50 57 58 59 69 71 72 75
31 50 57 58 59 69 71 72 73 74
31 50 57 58 59 69 70 75
31 50 57 58 59 69 70 73 75
31 50 57 58 59 69 70 71 72 75
31 50 57 58 59 69 70 71 72 73 74
31 50 57 58 59 67 68 71 75
31 50 57 58 59 67 68 71 73 75
31 50 57 58 59 67 68 71 72 75
31 50 57 58 59 67 68 71 72 73 74
31 50 57 58 59 67 68 69 70 75
31 50 57 58 59 67 68 69 70 73 75
31 50 57 58 59 67 68 69 70 71 72 75
31 50 57 58 59 67 68 69 70 71 72 73 74
31 48 57 60 69 71 77
31 48 57 60 69 71 75 76
31 48 57 60 69 71 73 77
31 48 57 60 69 71 73 75 76
31 48 57 60 69 71 72 77
31 48 57 60 69 71 72 75 76
31 48 57 60 69 70 77
31 48 57 60 69 70 75 76
31 48 57 60 69 70 73 77
31 48 57 60 69 70 73 75 76
31 48 57 60 69 70 71 72 77
31 48 57 60 69 70 71 72 75 76
31 48 57 60 67 68 71 77
31 48 57 60 67 68 71 75 76
31 48 57 60 67 68 71 73 77
31 48 57 60 67 68 71 73 75 76
31 48 57 60 67 68 71 72 77
31 48 57 60 67 68 71 72 75 76
31 48 57 60 67 68 69 70 77
31 48 57 60 67 68 69 70 75 76
31 48 57 60 67 68 69 70 73 77
31 48 57 60 67 68 69 70 73 75 76
31 48 57 60 67 68 69 70 71 72 77
31 48 57 60 67 68 69 70 71 72 75 76
31 48 57 58 59 69 71 77
31 48 57 58 59 69 71 75 76
31 48 57 58 59 69 71 73 77
31 48 57 58 59 69 71 73 75 76
31 48 57 58 59 69 71 72 77
31 48 57 58 59 69 71 72 75 76
31 48 57 58 59 69 70 77
31 48 57 58 59 69 70 75 76
31 48 57 58 59 69 70 73 77
31 48 57 58 59 69 70 73 75 76
31 48 57 58 59 69 70 71 72 77
31 48 57 58 59 69 70 71 72 75 76
31 48 57 58 59 67 68 71 77
31 48 57 58 59 67 68 71 75 76
31 48 57 58 59 67 68 71 73 77
31 48 57 58 59 67 68 71 73 75 76
31 48 57 58 59 67 68 71 72 77
31 48 57 58 59 67 68 71 72 75 76
31 48 57 58 59 67 68 69 70 77
31 48 57 58 59 67 68 69 70 75 76
31 48 57 58 59 67 68 69 70 73 77
31 48 57 58 59 67 68 69 70 73 75 76
31 48 57 58 59 67 68 69 70 71 72 77
31 48 57 58 59 67 68 69 70 71 72 75 76
31 48 50 57 60 69 71
31 48 50 57 60 69 71 73
31 48 50 57 60 69 71 72
31 48 50 57 60 69 70
31 48 50 57 60 69 70 73
31 48 50 57 60 69 70 71 72
31 48 50 57 60 67 68 71
31 48 50 57 60 67 68 71 73
31 48 50 57 60 67 68 71 72
31 48 50 57 60 67 68 69 70
31 48 50 57 60 67 68 69 70 73
31 48 50 57 60 67 68 69 70 71 72
31 48 50 57 58 59 69 71
31 48 50 57 58 59 69 71 73
31 48 50 57 58 59 69 71 72
31 48 50 57 58 59 69 70
31 48 50 57 58 59 69 70 73
31 48 50 57 58 59 69 70 71 72
31 48 50 57 58 59 67 68 71
31 48 50 57 58 59 67 68 71 73
31 48 50 57 58 59 67 68 71 72
31 48 50 57 58 59 67 68 69 70
31 48 50 57 58 59 67 68 69 70 73
31 48 50 57 58 59 67 68 69 70 71 72
31 46 57 60 69 71 75 77
31 46 57 60 69 71 75 76
31 46 57 60 69 71 73 74 77
31 46 57 60 69 71 73 74 75 76
31 46 57 60 69 70 75 77
31 46 57 60 69 70 75 76
31 46 57 60 69 70 73 74 77
31 46 57 60 69 70 73 74 75 76
31 46 57 60 67 68 71 75 77
31 46 57 60 67 68 71 75 76
31 46 57 60 67 68 71 73 74 77
31 46 57 60 67 68 71 73 74 75 76
31 46 57 60 67 68 69 70 75 77
31 46 57 60 67 68 69 70 75 76
31 46 57 60 67 68 69 70 73 74 77
31 46 57 60 67 68 69 70 73 74 75 76
31 46 57 58 59 69 71 75 77
31 46 57 58 59 69 71 75 76
31 46 57 58 59 69 71 73 74 77
31 46 57 58 59 69 71 73 74 75 76
31 46 57 58 59 69 70 75 77
31 46 57 58 59 69 70 75 76
31 46 57 58 59 69 70 73 74 77
31 46 57 58 59 69 70 73 74 75 76
31 46 57 58 59 67 68 71 75 77
31 46 57 58 59 67 68 71 75 76
31 46 57 58 59 67 68 71 73 74 77
31 46 57 58 59 67 68 71 73 74 75 76
31 46 57 58 59 67 68 69 70 75 77
31 46 57 58 59 67 68 69 70 75 76
31 46 57 58 59 67 68 69 70 73 74 77
31 46 57 58 59 67 68 69 70 73 74 75 76
31 46 50 57 60 69 71 75
31 46 50 57 60 69 71 73 74
31 46 50 57 60 69 70 75
31 46 50 57 60 69 70 73 74
31 46 50 57 60 67 68 71 75
31 46 50 57 60 67 68 71 73 74
31 46 50 57 60 67 68 69 70 75
31 46 50 57 60 67 68 69 70 73 74
31 46 50 57 58 59 69 71 75
31 46 50 57 58 59 69 71 73 74
31 46 50 57 58 59 69 70 75
31 46 50 57 58 59 69 70 73 74
31 46 50 57 58 59 67 68 71 75
31 46 50 57 58 59 67 68 71 73 74
31 46 50 57 58 59 67 68 69 70 75
31 46 50 57 58 59 67 68 69 70 73 74
31 46 48 57 60 69 71 77
31 46 48 57 60 69 71 75 76
31 46 48 57 60 69 70 77
31 46 48 57 60 69 70 75 76
31 46 48 57 60 67 68 71 77
31 46 48 57 60 67 68 71 75 76
31 46 48 57 60 67 68 69 70 77
31 46 48 57 60 67 68 69 70 75 76
31 46 48 57 58 59 69 71 77
31 46 48 57 58 59 69 71 75 76
31 46 48 57 58 59 69 70 77
31 46 48 57 58 59 69 70 75 76
31 46 48 57 58 59 67 68 71 77
31 46 48 57 58 59 67 68 71 75 76
31 46 48 57 58 59 67 68 69 70 77
31 46 48 57 58 59 67 68 69 70 75 76
31 46 48 50 57 60 69 71
31 46 48 50 57 60 69 70
31 46 48 50 57 60 67 68 71
31 46 48 50 57 60 67 68 69 70
31 46 48 50 57 58 59 69 71
31 46 48 50 57 58 59 69 70
31 46 48 50 57 58 59 67 68 71
31 46 48 50 57 58 59 67 68 69 70
31 44 57 60 69 75 77
31 44 57 60 69 75 76
31 44 57 60 69 73 75 77
31 44 57 60 69 73 75 76
31 44 57 60 69 71 72 75 77
31 44 57 60 69 71 72 75 76
31 44 57 60 69 71 72 73 74 77
31 44 57 60 69 71 72 73 74 75 76
31 44 57 60 67 68 75 77
31 44 57 60 67 68 75 76
31 44 57 60 67 68 73 75 77
31 44 57 60 67 68 73 75 76
31 44 57 60 67 68 71 72 75 77
31 44 57 60 67 68 71 72 75 76
31 44 57 60 67 68 71 72 73 74 77
31 44 57 60 67 68 71 72 73 74 75 76
31 44 57 58 59 69 75 77
31 44 57 58 59 69 75 76
31 44 57 58 59 69 73 75 77
31 44 57 58 59 69 73 75 76
31 44 57 58 59 69 71 72 75 77
31 44 57 58 59 69 71 72 75 76
31 44 57 58 59 69 71 72 73 74 77
31 44 57 58 59 69 71 72 73 74 75 76
31 44 57 58 59 67 68 75 77
31 44 57 58 59 67 68 75 76
31 44 57 58 59 67 68 73 75 77
31 44 57 58 59 67 68 73 75 76
31 44 57 58 59 67 68 71 72 75 77
31 44 57 58 59 67 68 71 72 75 76
31 44 57 58 59 67 68 71 72 73 74 77
31 44 57 58 59 67 68 71 72 73 74 75 76
31 44 50 57 60 69 75
31 44 50 57 60 69 73 75
31 44 50 57 60 69 71 72 75
31 44 50 57 60 69 71 72 73 74
31 44 50 57 60 67 68 75
31 44 50 57 60 67 68 73 75
31 44 50 57 60 67 68 71 72 75
31 44 50 57 60 67 68 71 72 73 74
31 44 50 57 58 59 69 75
31 44 50 57 58 59 69 73 75
31 44 50 57 58 59 69 71 72 75
31 44 50 57 58 59 69 71 72 73 74
31 44 50 57 58 59 67 68 75
31 44 50 57 58 59 67 68 73 75
31 44 50 57 58 59 67 68 71 72 75
31 44 50 57 58 59 67 68 71 72 73 74
31 44 48 57 60 69 77
31 44 48 57 60 69 75 76
31 44 48 57 60 69 73 77
31 44 48 57 60 69 73 75 76
31 44 48 57 60 69 71 72 77
31 44 48 57 60 69 71 72 75 76
31 44 48 57 60 67 68 77
31 44 48 57 60 67 68 75 76
31 44 48 57 60 67 68 73 77
31 44 48 57 60 67 68 73 75 76
31 44 48 57 60 67 68 71 72 77
31 44 48 57 60 67 68 71 72 75 76
31 44 48 57 58 59 69 77
31 44 48 57 58 59 69 75 76
31 44 48 57 58 59 69 73 77
31 44 48 57 58 59 69 73 75 76
31 44 48 57 58 59 69 71 72 77
31 44 48 57 58 59 69 71 72 75 76
31 44 48 57 58 59 67 68 77
31 44 48 57 58 59 67 68 75 76
31 44 48 57 58 59 67 68 73 77
31 44 48 57 58 59 67 68 73 75 76
31 44 48 57 58 59 67 68 71 72 77
31 44 48 57 58 59 67 68 71 72 75 76
31 44 48 50 57 60 69
31 44 48 50 57 60 69 73
31 44 48 50 57 60 69 71 72
31 44 48 50 57 60 67 68
31 44 48 50 57 60 67 68 73
31 44 48 50 57 60 67 68 71 72
31 44 48 50 57 58 59 69
31 44 48 50 57 58 59 69 73
31 44 48 50 57 58 59 69 71 72
31 44 48 50 57 58 59 67 68
31 44 48 50 57 58 59 67 68 73
31 44 48 50 57 58 59 67 68 71 72
31 44 46 57 60 69 75 77
31 44 46 57 60 69 75 76
31 44 46 57 60 69 73 74 77
31 44 46 57 60 69 73 74 75 76
31 44 46 57 60 67 68 75 77
31 44 46 57 60 67 68 75 76
31 44 46 57 60 67 68 73 74 77
31 44 46 57 60 67 68 73 74 75 76
31 44 46 57 58 59 69 75 77
31 44 46 57 58 59 69 75 76
31 44 46 57 58 59 69 73 74 77
31 44 46 57 58 59 69 73 74 75 76
31 44 46 57 58 59 67 68 75 77
31 44 46 57 58 59 67 68 75 76
31 44 46 57 58 59 67 68 73 74 77
31 44 46 57 58 59 67 68 73 74 75 76
31 44 46 50 57 60 69 75
31 44 46 50 57 60 69 73 74
31 44 46 50 57 60 67 68 75
31 44 46 50 57 60 67 68 73 74
31 44 46 50 57 58 59 69 75
31 44 46 50 57 58 59 69 73 74
31 44 46 50 57 58 59 67 68 75
31 44 46 50 57 58 59 67 68 73 74
31 44 46 48 57 60 69 77
31 44 46 48 57 60 69 75 76
31 44 46 48 57 60 67 68 77
31 44 46 48 57 60 67 68 75 76
31 44 46 48 57 58 59 69 77
31 44 46 48 57 58 59 69 75 76
31 44 46 48 57 58 59 67 68 77
31 44 46 48 57 58 59 67 68 75 76
31 44 46 48 50 57 60 69
31 44 46 48 50 57 60 67 68
31 44 46 48 50 57 58 59 69
31 44 46 48 50 57 58 59 67 68
31 42 57 60 71 75 77
31 42 57 60 71 75 76
31 42 57 60 71 73 75 77
31 42 57 60 71 73 75 76
31 42 57 60 71 72 75 77
31 42 57 60 71 72 75 76
31 42 57 60 71 72 73 74 77
31 42 57 60 71 72 73 74 75 76
31 42 57 60 69 70 75 77
31 42 57 60 69 70 75 76
31 42 57 60 69 70 73 75 77
31 42 57 60 69 70 73 75 76
31 42 57 60 69 70 71 72 75 77
31 42 57 60 69 70 71 72 75 76
31 42 57 60 69 70 71 72 73 74 77
31 42 57 60 69 70 71 72 73 74 75 76
31 42 57 58 59 71 75 77
31 42 57 58 59 71 75 76
31 42 57 58 59 71 73 75 77
31 42 57 58 59 71 73 75 76
31 42 57 58 59 71 72 75 77
31 42 57 58 59 71 72 75 76
31 42 57 58 59 71 72 73 74 77
31 42 57 58 59 71 72 73 74 75 76
31 42 57 58 59 69 70 75 77
31 42 57 58 59 69 70 75 76
31 42 57 58 59 69 70 73 75 77
31 42 57 58 59 69 70 73 75 76
31 42 57 58 59 69 70 71 72 75 77
31 42 57 58 59 69 70 71 72 75 76
31 42 57 58 59 69 70 71 72 73 74 77
31 42 57 58 59 69 70 71 72 73 74 75 76
31 42 50 57 60 71 75
31 42 50 57 60 71 73 75
31 42 50 57 60 71 72 75
31 42 50 57 60 71 72 73 74
31 42 50 57 60 69 70 75
31 42 50 57 60 69 70 73 75
31 42 50 57 60 69 70 71 72 75
31 42 50 57 60 69 70 71 72 73 74
31 42 50 57 58 59 71 75
31 42 50 57 58 59 71 73 75
31 42 50 57 58 59 71 72 75
31 42 50 57 58 59 71 72 73 74
31 42 50 57 58 59 69 70 75
31 42 50 57 58 59 69 70 73 75
31 42 50 57 58 59 69 70 71 72 75
31 42 50 57 58 59 69 70 71 72 73 74
31 42 48 57 60 71 77
31 42 48 57 60 71 75 76
31 42 48 57 60 71 73 77
31 42 48 57 60 71 73 75 76
31 42 48 57 60 71 72 77
31 42 48 57 60 71 72 75 76
31 42 48 57 60 69 70 77
31 42 48 57 60 69 70 75 76
31 42 48 57 60 69 70 73 77
31 42 48 57 60 69 70 73 75 76
31 42 48 57 60 69 70 71 72 77
31 42 48 57 60 69 70 71 72 75 76
31 42 48 57 58 59 71 77
31 42 48 57 58 59 71 75 76
31 42 48 57 58 59 71 73 77
31 42 48 57 58 59 71 73 75 76
31 42 48 57 58 59 71 72 77
31 42 48 57 58 59 71 72 75 76
31 42 48 57 58 59 69 70 77
31 42 48 57 58 59 69 70 75 76
31 42 48 57 58 59 69 70 73 77
31 42 48 57 58 59 69 70 73 75 76
31 42 48 57 58 59 69 70 71 72 77
31 42 48 57 58 59 69 70 71 72 75 76
31 42 48 50 57 60 71
31 42 48 50 57 60 71 73
31 42 48 50 57 60 71 72
31 42 48 50 57 60 69 70
31 42 48 50 57 60 69 70 73
31 42 48 50 57 60 69 70 71 72
31 42 48 50 57 58 59 71
31 42 48 50 57 58 59 71 73
31 42 48 50 57 58 59 71 72
31 42 48 50 57 58 59 69 70
31 42 48 50 57 58 59 69 70 73
31 42 48 50 57 58 59 69 70 71 72
31 42 46 57 60 71 75 77
31 42 46 57 60 71 75 76
31 42 46 57 60 71 73 74 77
31 42 46 57 60 71 73 74 75 76
31 42 46 57 60 69 70 75 77
31 42 46 57 60 69 70 75 76
31 42 46 57 60 69 70 73 74 77
31 42 46 57 60 69 70 73 74 75 76
31 42 46 57 58 59 71 75 77
31 42 46 57 58 59 71 75 76
31 42 46 57 58 59 71 73 74 77
31 42 46 57 58 59 71 73 74 75 76
31 42 46 57 58 59 69 70 75 77
31 42 46 57 58 59 69 70 75 76
31 42 46 57 58 59 69 70 73 74 77
31 42 46 57 58 59 69 70 73 74 75 76
31 42 46 50 57 60 71 75
31 42 46 50 57 60 71 73 74
31 42 46 50 57 60 69 70 75
31 42 46 50 57 60 69 70 73 74
31 42 46 50 57 58 59 71 75
31 42 46 50 57 58 59 71 73 74
31 42 46 50 57 58 59 69 70 75
31 42 46 50 57 58 59 69 70 73 74
31 42 46 48 57 60 71 77
31 42 46 48 57 60 71 75 76
31 42 46 48 57 60 69 70 77
31 42 46 48 57 60 69 70 75 76
31 42 46 48 57 58 59 71 77
31 42 46 48 57 58 59 71 75 76
31 42 46 48 57 58 59 69 70 77
31 42 46 48 57 58 59 69 70 75 76
31 42 46 48 50 57 60 71
31 42 46 48 50 57 60 69 70
31 42 46 48 50 57 58 59 71
31 42 46 48 50 57 58 59 69 70
31 42 44 57 60 75 77
31 42 44 57 60 75 76
31 42 44 57 60 73 75 77
31 42 44 57 60 73 75 76
31 42 44 57 60 71 72 75 77
31 42 44 57 60 71 72 75 76
31 42 44 57 60 71 72 73 74 77
31 42 44 57 60 71 72 73 74 75 76
31 42 44 57 58 59 75 77
31 42 44 57 58 59 75 76
31 42 44 57 58 59 73 75 77
31 42 44 57 58 59 73 75 76
31 42 44 57 58 59 71 72 75 77
31 42 44 57 58 59 71 72 75 76
31 42 44 57 58 59 71 72 73 74 77
31 42 44 57 58 59 71 72 73 74 75 76
31 42 44 50 57 60 75
31 42 44 50 57 60 73 75
31 42 44 50 57 60 71 72 75
31 42 44 50 57 60 71 72 73 74
31 42 44 50 57 58 59 75
31 42 44 50 57 58 59 73 75
31 42 44 50 57 58 59 71 72 75
31 42 44 50 57 58 59 71 72 73 74
31 42 44 48 57 60 77
31 42 44 48 57 60 75 76
31 42 44 48 57 60 73 77
31 42 44 48 57 60 73 75 76
31 42 44 48 57 60 71 72 77
31 42 44 48 57 60 71 72 75 76
31 42 44 48 57 58 59 77
31 42 44 48 57 58 59 75 76
31 42 44 48 57 58 59 73 77
31 42 44 48 57 58 59 73 75 76
31 42 44 48 57 58 59 71 72 77
31 42 44 48 57 58 59 71 72 75 76
31 42 44 48 50 57 60
31 42 44 48 50 57 60 73
31 42 44 48 50 57 60 71 72
31 42 44 48 50 57 58 59
31 42 44 48 50 57 58 59 73
31 42 44 48 50 57 58 59 71 72
31 42 44 46 57 60 75 77
31 42 44 46 57 60 75 76
31 42 44 46 57 60 73 74 77
31 42 44 46 57 60 73 74 75 76
31 42 44 46 57 58 59 75 77
31 42 44 46 57 58 59 75 76
31 42 44 46 57 58 59 73 74 77
31 42 44 46 57 58 59 73 74 75 76
31 42 44 46 50 57 60 75
31 42 44 46 50 57 60 73 74
31 42 44 46 50 57 58 59 75
31 42 44 46 50 57 58 59 73 74
31 42 44 46 48 57 60 77
31 42 44 46 48 57 60 75 76
31 42 44 46 48 57 58 59 77
31 42 44 46 48 57 58 59 75 76
31 42 44 46 48 50 57 60
31 42 44 46 48 50 57 58 59
31 33 57 69 71 75 77
31 33 57 69 71 75 76
31 33 57 69 71 73 75 77
31 33 57 69 71 73 75 76
31 33 57 69 71 72 75 77
31 33 57 69 71 72 75 76
31 33 57 69 71 72 73 74 77
31 33 57 69 71 72 73 74 75 76
31 33 57 69 70 75 77
31 33 57 69 70 75 76
31 33 57 69 70 73 75 77
31 33 57 69 70 73 75 76
31 33 57 69 70 71 72 75 77
31 33 57 69 70 71 72 75 76
31 33 57 69 70 71 72 73 74 77
31 33 57 69 70 71 72 73 74 75 76
31 33 57 67 68 71 75 77
31 33 57 67 68 71 75 76
31 33 57 67 68 71 73 75 77
31 33 57 67 68 71 73 75 76
31 33 57 67 68 71 72 75 77
31 33 57 67 68 71 72 75 76
31 33 57 67 68 71 72 73 74 77
31 33 57 67 68 71 72 73 74 75 76
31 33 57 67 68 69 70 75 77
31 33 57 67 68 69 70 75 76
31 33 57 67 68 69 70 73 75 77
31 33 57 67 68 69 70 73 75 76
31 33 57 67 68 69 70 71 72 75 77
31 33 57 67 68 69 70 71 72 75 76
31 33 57 67 68 69 70 71 72 73 74 77
31 33 57 67 68 69 70 71 72 73 74 75 76
31 33 50 57 69 71 75
31 33 50 57 69 71 73 75
31 33 50 57 69 71 72 75
31 33 50 57 69 71 72 73 74
31 33 50 57 69 70 75
31 33 50 57 69 70 73 75
31 33 50 57 69 70 71 72 75
31 33 50 57 69 70 71 72 73 74
31 33 50 57 67 68 71 75
31 33 50 57 67 68 71 73 75
31 33 50 57 67 68 71 72 75
31 33 50 57 67 68 71 72 73 74
31 33 50 57 67 68 69 70 75
31 33 50 57 67 68 69 70 73 75
31 33 50 57 67 68 69 70 71 72 75
31 33 50 57 67 68 69 70 71 72 73 74
31 33 48 57 69 71 77
31 33 48 57 69 71 75 76
31 33 48 57 69 71 73 77
31 33 48 57 69 71 73 75 76
31 33 48 57 69 71 72 77
31 33 48 57 69 71 72 75 76
31 33 48 57 69 70 77
31 33 48 57 69 70 75 76
31 33 48 57 69 70 73 77
31 33 48 57 69 70 73 75 76
31 33 48 57 69 70 71 72 77
31 33 48 57 69 70 71 72 75 76
31 33 48 57 67 68 71 77
31 33 48 57 67 68 71 75 76
31 33 48 57 67 68 71 73 77
31 33 48 57 67 68 71 73 75 76
31 33 48 57 67 68 71 72 77
31 33 48 57 67 68 71 72 75 76
31 33 48 57 67 68 69 70 77
31 33 48 57 67 68 69 70 75 76
31 33 48 57 67 68 69 70 73 77
31 33 48 57 67 68 69 70 73 75 76
31 33 48 57 67 68 69 70 71 72 77
31 33 48 57 67 68 69 70 71 72 75 76
31 33 48 50 57 69 71
31 33 48 50 57 69 71 73
31 33 48 50 57 69 71 72
31 33 48 50 57 69 70
31 33 48 50 57 69 70 73
31 33 48 50 57 69 70 71 72
31 33 48 50 57 67 68 71
31 33 48 50 57 67 68 71 73
31 33 48 50 57 67 68 71 72
31 33 48 50 57 67 68 69 70
31 33 48 50 57 67 68 69 70 73
31 33 48 50 57 67 68 69 70 71 72
31 33 46 57 69 71 75 77
31 33 46 57 69 71 75 76
31 33 46 57 69 71 73 74 77
31 33 46 57 69 71 73 74 75 76
31 33 46 57 69 70 75 77
31 33 46 57 69 70 75 76
31 33 46 57 69 70 73 74 77
31 33 46 57 69 70 73 74 75 76
31 33 46 57 67 68 71 75 77
31 33 46 57 67 68 71 75 76
31 33 46 57 67 68 71 73 74 77
31 33 46 57 67 68 71 73 74 75 76
31 33 46 57 67 68 69 70 75 77
31 33 46 57 67 68 69 70 75 76
31 33 46 57 67 68 69 70 73 74 77
31 33 46 57 67 68 69 70 73 74 75 76
31 33 46 50 57 69 71 75
31 33 46 50 57 69 71 73 74
31 33 46 50 57 69 70 75
31 33 46 50 57 69 70 73 74
31 33 46 50 57 67 68 71 75
31 33 46 50 57 67 68 71 73 74
31 33 46 50 57 67 68 69 70 75
31 33 46 50 57 67 68 69 70 73 74
31 33 46 48 57 69 71 77
31 33 46 48 57 69 71 75 76
31 33 46 48 57 69 70 77
31 33 46 48 57 69 70 75 76
31 33 46 48 57 67 68 71 77
31 33 46 48 57 67 68 71 75 76
31 33 46 48 57 67 68 69 70 77
31 33 46 48 57 67 68 69 70 75 76
31 33 46 48 50 57 69 71
31 33 46 48 50 57 69 70
31 33 46 48 50 57 67 68 71
31 33 46 48 50 57 67 68 69 70
31 33 44 57 69 75 77
31 33 44 57 69 75 76
31 33 44 57 69 73 75 77
31 33 44 57 69 73 75 76
31 33 44 57 69 71 72 75 77
31 33 44 57 69 71 72 75 76
31 33 44 57 69 71 72 73 74 77
31 33 44 57 69 71 72 73 74 75 76
31 33 44 57 67 68 75 77
31 33 44 57 67 68 75 76
31 33 44 57 67 68 73 75 77
31 33 44 57 67 68 73 75 76
31 33 44 57 67 68 71 72 75 77
31 33 44 57 67 68 71 72 75 76
31 33 44 57 67 68 71 72 73 74 77
31 33 44 57 67 68 71 72 73 74 75 76
31 33 44 50 57 69 75
31 33 44 50 57 69 73 75
31 33 44 50 57 69 71 72 75
31 33 44 50 57 69 71 72 73 74
31 33 44 50 57 67 68 75
31 33 44 50 57 67 68 73 75
31 33 44 50 57 67 68 71 72 75
31 33 44 50 57 67 68 71 72 73 74
31 33 44 48 57 69 77
31 33 44 48 57 69 75 76
31 33 44 48 57 69 73 77
31 33 44 48 57 69 73 75 76
31 33 44 48 57 69 71 72 77
31 33 44 48 57 69 71 72 75 76
31 33 44 48 57 67 68 77
31 33 44 48 57 67 68 75 76
31 33 44 48 57 67 68 73 77
31 33 44 48 57 67 68 73 75 76
31 33 44 48 57 67 68 71 72 77
31 33 44 48 57 67 68 71 72 75 76
31 33 44 48 50 57 69
31 33 44 48 50 57 69 73
31 33 44 48 50 57 69 71 72
31 33 44 48 50 57 67 68
31 33 44 48 50 57 67 68 73
31 33 44 48 50 57 67 68 71 72
31 33 44 46 57 69 75 77
31 33 44 46 57 69 75 76
31 33 44 46 57 69 73 74 77
31 33 44 46 57 69 73 74 75 76
31 33 44 46 57 67 68 75 77
31 33 44 46 57 67 68 75 76
31 33 44 46 57 67 68 73 74 77
31 33 44 46 57 67 68 73 74 75 76
31 33 44 46 50 57 69 75
31 33 44 46 50 57 69 73 74
31 33 44 46 50 57 67 68 75
31 33 44 46 50 57 67 68 73 74
31 33 44 46 48 57 69 77
31 33 44 46 48 57 69 75 76
31 33 44 46 48 57 67 68 77
31 33 44 46 48 57 67 68 75 76
31 33 44 46 48 50 57 69
31 33 44 46 48 50 57 67 68
31 33 42 57 71 75 77
31 33 42 57 71 75 76
31 33 42 57 71 73 75 77
31 33 42 57 71 73 75 76
31 33 42 57 71 72 75 77
31 33 42 57 71 72 75 76
31 33 42 57 71 72 73 74 77
31 33 42 57 71 72 73 74 75 76
31 33 42 57 69 70 75 77
31 33 42 57 69 70 75 76
31 33 42 57 69 70 73 75 77
31 33 42 57 69 70 73 75 76
31 33 42 57 69 70 71 72 75 77
31 33 42 57 69 70 71 72 75 76
31 33 42 57 69 70 71 72 73 74 77
31 33 42 57 69 70 71 72 73 74 75 76
31 33 42 50 57 71 75
31 33 42 50 57 71 73 75
31 33 42 50 57 71 72 75
31 33 42 50 57 71 72 73 74
31 33 42 50 57 69 70 75
31 33 42 50 57 69 70 73 75
31 33 42 50 57 69 70 71 72 75
31 33 42 50 57 69 70 71 72 73 74
31 33 42 48 57 71 77
31 33 42 48 57 71 75 76
31 33 42 48 57 71 73 77
31 33 42 48 57 71 73 75 76
31 33 42 48 57 71 72 77
31 33 42 48 57 71 72 75 76
31 33 42 48 57 69 70 77
31 33 42 48 57 69 70 75 76
31 33 42 48 57 69 70 73 77
31 33 42 48 57 69 70 73 75 76
31 33 42 48 57 69 70 71 72 77
31 33 42 48 57 69 70 71 72 75 76
31 33 42 48 50 57 71
31 33 42 48 50 57 71 73
31 33 42 48 50 57 71 72
31 33 42 48 50 57 69 70
31 33 42 48 50 57 69 70 73
31 33 42 48 50 57 69 70 71 72
31 33 42 46 57 71 75 77
31 33 42 46 57 71 75 76
31 33 42 46 57 71 73 74 77
31 33 42 46 57 71 73 74 75 76
31 33 42 46 57 69 70 75 77
31 33 42 46 57 69 70 75 76
31 33 42 46 57 69 70 73 74 77
31 33 42 46 57 69 70 73 74 75 76
31 33 42 46 50 57 71 75
31 33 42 46 50 57 71 73 74
31 33 42 46 50 57 69 70 75
31 33 42 46 50 57 69 70 73 74
31 33 42 46 48 57 71 77
31 33 42 46 48 57 71 75 76
31 33 42 46 48 57 69 70 77
31 33 42 46 48 57 69 70 75 76
31 33 42 46 48 50 57 71
31 33 42 46 48 50 57 69 70
31 33 42 44 57 75 77
31 33 42 44 57 75 76
31 33 42 44 57 73 75 77
31 33 42 44 57 73 75 76
31 33 42 44 57 71 72 75 77
31 33 42 44 57 71 72 75 76
31 33 42 44 57 71 72 73 74 77
31 33 42 44 57 71 72 73 74 75 76
31 33 42 44 50 57 75
31 33 42 44 50 57 73 75
31 33 42 44 50 57 71 72 75
31 33 42 44 50 57 71 72 73 74
31 33 42 44 48 57 77
31 33 42 44 48 57 75 76
31 33 42 44 48 57 73 77
31 33 42 44 48 57 73 75 76
31 33 42 44 48 57 71 72 77
31 33 42 44 48 57 71 72 75 76
31 33 42 44 48 50 57
31 33 42 44 48 50 57 73
31 33 42 44 48 50 57 71 72
31 33 42 44 46 57 75 77
31 33 42 44 46 57 75 76
31 33 42 44 46 57 73 74 77
31 33 42 44 46 57 73 74 75 76
31 33 42 44 46 50 57 75
31 33 42 44 46 50 57 73 74
31 33 42 44 46 48 57 77
31 33 42 44 46 48 57 75 76
31 33 42 44 46 48 50 57
29 57 71 73 75
29 57 71 73 74
29 57 71 72 75
29 57 71 72 73 74
29 57 69 70 73 75
29 57 69 70 73 74
29 57 69 70 71 72 75
29 57 69 70 71 72 73 74
29 48 57 71 73
29 48 57 71 72
29 48 57 69 70 73
29 48 57 69 70 71 72
29 46 57 71 75
29 46 57 71 73 74
29 46 57 69 70 75
29 46 57 69 70 73 74
29 46 48 57 71
29 46 48 57 69 70
29 44 57 73 75
29 44 57 73 74
29 44 57 71 72 75
29 44 57 71 72 73 74
29 44 48 57 73
29 44 48 57 71 72
29 44 46 57 75
29 44 46 57 73 74
29 44 46 48 57
