69 
67 78 79 
67 71 
67 69 79 
67 69 77 78 
67 69 70 
67 68 
67 68 79 
67 68 77 78 
65 67 79 
65 67 77 78 
65 66 
65 66 79 
65 66 78 79 
65 66 77 78 
65 66 71 
65 66 69 
65 66 69 79 
65 66 69 77 78 
65 66 69 70 
65 66 67 69 
65 66 67 68 79 
65 66 67 68 77 78 
64 65 67 
64 65 67 79 
64 65 67 77 78 
64 65 66 
64 65 66 79 
64 65 66 77 78 
63 
63 67 
63 64 67 
63 64 65 66 
59 
57 67 79 
57 67 77 78 
57 65 66 79 
57 65 66 77 78 
54 67 
54 65 66 
54 59 65 67 79 
54 59 65 67 77 78 
54 59 65 66 79 
54 59 65 66 77 78 
53 
53 67 
53 65 66 
52 67 
52 67 79 
52 67 77 78 
52 67 69 
52 67 68 
52 65 67 
52 65 66 79 
52 65 66 77 78 
52 65 66 69 
52 65 66 67 68 
52 64 65 67 
52 64 65 66 
52 57 67 
52 57 65 66 
52 54 59 65 67 
52 54 59 65 66 
52 53 59 65 67 
52 53 59 65 67 79 
52 53 59 65 67 77 78 
52 53 59 65 66 
52 53 59 65 66 79 
52 53 59 65 66 77 78 
51 52 
50 
50 51 67 79 
50 51 67 77 78 
50 51 65 66 79 
50 51 65 66 77 78 
50 51 52 67 
50 51 52 65 66 
43 67 79 
43 67 77 78 
43 65 66 79 
43 65 66 77 78 
43 52 67 
43 52 65 66 
42 
42 67 79 
42 67 77 78 
42 65 66 
42 65 66 79 
42 65 66 77 78 
42 65 66 67 
42 52 67 
42 52 65 66 
41 42 67 79 
41 42 67 77 78 
41 42 65 66 79 
41 42 65 66 77 78 
41 42 52 67 
41 42 52 65 66 
40 78 79 
40 71 
40 69 
40 69 79 
40 69 77 78 
40 69 70 
40 67 69 
40 67 68 79 
40 67 68 77 78 
40 66 
40 65 79 
40 65 77 78 
40 64 65 
40 64 65 79 
40 64 65 77 78 
40 63 64 
40 57 79 
40 57 77 78 
40 54 
40 54 59 65 79 
40 54 59 65 77 78 
40 53 
40 52 
40 52 79 
40 52 77 78 
40 52 69 
40 52 67 68 
40 52 65 
40 52 64 65 
40 52 57 
40 52 54 59 65 
40 52 53 59 65 
40 52 53 59 65 79 
40 52 53 59 65 77 78 
40 50 51 79 
40 50 51 77 78 
40 50 51 52 
40 43 79 
40 43 77 78 
40 43 52 
40 42 
40 42 79 
40 42 77 78 
40 42 67 
40 42 52 
40 41 42 79 
40 41 42 77 78 
40 41 42 52 
39 67 
39 65 66 
39 55 59 73 75 
39 55 59 73 74 
39 55 59 71 72 75 
39 55 59 71 72 73 74 
39 48 55 59 73 
39 48 55 59 71 72 
39 46 55 59 75 
39 46 55 59 73 74 
39 46 48 55 59 
39 40 
38 67 
38 65 66 
38 40 
37 38 55 59 73 75 
37 38 55 59 73 74 
37 38 55 59 71 72 75 
37 38 55 59 71 72 73 74 
37 38 48 55 59 73 
37 38 48 55 59 71 72 
37 38 46 55 59 75 
37 38 46 55 59 73 74 
37 38 46 48 55 59 
34 67 79 
34 67 77 78 
34 65 66 79 
34 65 66 77 78 
34 52 67 
34 52 65 66 
34 40 79 
34 40 77 78 
34 40 52 
33 
33 67 
33 67 78 79 
33 67 71 
33 67 69 70 
33 65 67 
33 65 67 79 
33 65 67 77 78 
33 65 66 79 
33 65 66 78 79 
33 65 66 77 78 
33 65 66 71 
33 65 66 69 70 
33 64 65 67 79 
33 64 65 67 77 78 
33 64 65 66 79 
33 64 65 66 77 78 
33 63 64 67 
33 63 64 65 66 
33 57 67 79 
33 57 67 77 78 
33 57 65 66 79 
33 57 65 66 77 78 
33 54 59 65 67 79 
33 54 59 65 67 77 78 
33 54 59 65 66 79 
33 54 59 65 66 77 78 
33 53 67 
33 53 65 66 
33 52 65 67 
33 52 65 66 
33 52 64 65 67 
33 52 64 65 66 
33 52 57 67 
33 52 57 65 66 
33 52 54 59 65 67 
33 52 54 59 65 66 
33 52 53 59 65 67 
33 52 53 59 65 67 79 
33 52 53 59 65 67 77 78 
33 52 53 59 65 66 
33 52 53 59 65 66 79 
33 52 53 59 65 66 77 78 
33 40 
33 40 78 79 
33 40 71 
33 40 69 70 
33 40 65 
33 40 65 79 
33 40 65 77 78 
33 40 64 65 79 
33 40 64 65 77 78 
33 40 63 64 
33 40 57 79 
33 40 57 77 78 
33 40 54 59 65 79 
33 40 54 59 65 77 78 
33 40 53 
33 40 52 65 
33 40 52 64 65 
33 40 52 57 
33 40 52 54 59 65 
33 40 52 53 59 65 
33 40 52 53 59 65 79 
33 40 52 53 59 65 77 78 
33 38 67 
33 38 65 66 
33 38 40 
32 67 79 
32 67 77 78 
32 65 66 79 
32 65 66 77 78 
32 52 67 
32 52 65 66 
32 40 79 
32 40 77 78 
32 40 52 
32 33 67 79 
32 33 67 77 78 
32 33 65 66 79 
32 33 65 66 77 78 
32 33 52 67 
32 33 52 65 66 
32 33 40 79 
32 33 40 77 78 
32 33 40 52 
31 69 
31 67 
31 67 79 
31 67 77 78 
31 67 68 
31 65 67 
31 65 66 79 
31 65 66 77 78 
31 52 67 
31 52 65 66 
31 42 
31 40 
31 40 79 
31 40 77 78 
31 40 65 
31 40 52 
31 33 
27 59 65 67 79 
27 59 65 67 77 78 
27 59 65 66 79 
27 59 65 66 77 78 
27 52 59 65 67 
27 52 59 65 66 
27 40 59 65 79 
27 40 59 65 77 78 
27 40 52 59 65 
27 33 59 65 67 79 
27 33 59 65 67 77 78 
27 33 59 65 66 79 
27 33 59 65 66 77 78 
27 33 52 59 65 67 
27 33 52 59 65 66 
27 33 40 59 65 79 
27 33 40 59 65 77 78 
27 33 40 52 59 65 
26 
25 67 79 
25 67 77 78 
25 65 66 79 
25 65 66 77 78 
25 52 67 
25 52 65 66 
25 40 79 
25 40 77 78 
25 40 52 
23 67 
23 65 66 
23 40 
20 67 
20 65 66 
20 40 
20 33 67 
20 33 65 66 
20 33 40 
19 67 
19 65 66 
19 40 
19 33 67 
19 33 65 66 
19 33 40 
18 67 
18 67 79 
18 67 77 78 
18 65 66 79 
18 65 66 77 78 
18 52 67 
18 52 65 66 
18 40 79 
18 40 77 78 
18 40 52 
18 33 67 
18 33 65 66 
18 33 40 
18 31 
18 31 67 
18 31 67 79 
18 31 67 77 78 
18 31 65 66 
18 31 65 66 79 
18 31 65 66 77 78 
18 31 52 67 
18 31 52 65 66 
18 31 40 
18 31 40 79 
18 31 40 77 78 
18 31 40 52 
16 67 79 
16 67 77 78 
16 65 66 79 
16 65 66 77 78 
16 52 67 
16 52 65 66 
16 40 79 
16 40 77 78 
16 40 52 
12 55 59 73 75 
12 55 59 73 74 
12 55 59 71 72 75 
12 55 59 71 72 73 74 
12 48 55 59 73 
12 48 55 59 71 72 
12 46 55 59 75 
12 46 55 59 73 74 
12 46 48 55 59 
9 67 
9 65 66 
9 40 
8 
7 
7 67 71 
7 67 69 70 
7 65 66 71 
7 65 66 69 70 
7 44 67 
7 44 65 66 
7 40 71 
7 40 69 70 
7 40 44 
7 33 67 71 
7 33 67 69 
7 33 67 69 70 
7 33 67 68 
7 33 65 66 71 
7 33 65 66 69 
7 33 65 66 69 70 
7 33 65 66 67 68 
7 33 44 67 
7 33 44 65 66 
7 33 42 67 
7 33 42 65 66 
7 33 40 71 
7 33 40 69 
7 33 40 69 70 
7 33 40 67 68 
7 33 40 44 
7 33 40 42 
7 31 
7 31 67 
7 31 67 69 
7 31 67 68 
7 31 65 66 
7 31 65 66 69 
7 31 65 66 67 68 
7 31 42 67 
7 31 42 65 66 
7 31 40 
7 31 40 69 
7 31 40 67 68 
7 31 40 42 
7 31 33 67 
7 31 33 65 66 
7 31 33 40 
6 7 
