
69 
68 
68 79 
68 77 78 
67 
67 79 
67 77 78 
67 75 76 77 78 79 
67 68 
65 68 
65 67 78 79 
65 67 77 78 79 
65 67 75 76 78 79 
65 66 79 
65 66 78 79 
65 66 77 78 
65 66 75 76 77 78 79 
65 66 67 
65 66 67 77 78 79 
65 66 67 75 76 78 79 
63 65 66 
63 65 66 67 
62 68 
60 71 73 75 
60 71 73 74 
60 71 72 75 
60 71 72 73 74 
60 69 70 73 75 
60 69 70 73 74 
60 69 70 71 72 75 
60 69 70 71 72 73 74 
60 61 68 
59 67 
59 65 66 
58 59 71 73 75 
58 59 71 73 74 
58 59 71 72 75 
58 59 71 72 73 74 
58 59 69 70 73 75 
58 59 69 70 73 74 
58 59 69 70 71 72 75 
58 59 69 70 71 72 73 74 
57 71 73 
57 71 72 
57 69 70 73 
57 69 70 71 72 
55 64 71 
55 64 71 73 
55 64 71 72 
55 64 69 70 
55 64 69 70 73 
55 64 69 70 71 72 
55 63 64 71 
55 63 64 71 77 
55 63 64 71 75 76 
55 63 64 71 73 
55 63 64 71 73 77 
55 63 64 71 73 75 76 
55 63 64 71 72 
55 63 64 71 72 77 
55 63 64 71 72 75 76 
55 63 64 69 70 
55 63 64 69 70 77 
55 63 64 69 70 75 76 
55 63 64 69 70 73 
55 63 64 69 70 73 77 
55 63 64 69 70 73 75 76 
55 63 64 69 70 71 72 
55 63 64 69 70 71 72 77 
55 63 64 69 70 71 72 75 76 
55 62 63 71 77 
55 62 63 71 75 76 
55 62 63 71 73 77 
55 62 63 71 73 75 76 
55 62 63 71 72 77 
55 62 63 71 72 75 76 
55 62 63 69 70 77 
55 62 63 69 70 75 76 
55 62 63 69 70 73 77 
55 62 63 69 70 73 75 76 
55 62 63 69 70 71 72 77 
55 62 63 69 70 71 72 75 76 
55 59 62 71 75 
55 59 62 71 73 74 
55 59 62 69 70 75 
55 59 62 69 70 73 74 
55 59 60 61 71 75 
55 59 60 61 71 73 74 
55 59 60 61 69 70 75 
55 59 60 61 69 70 73 74 
55 58 64 71 
55 58 64 69 70 
55 58 63 64 71 
55 58 63 64 69 70 
55 58 59 63 71 
55 58 59 63 69 70 
55 57 63 64 71 
55 57 63 64 71 77 
55 57 63 64 71 75 76 
55 57 63 64 71 73 
55 57 63 64 71 73 77 
55 57 63 64 71 73 75 76 
55 57 63 64 71 72 
55 57 63 64 71 72 77 
55 57 63 64 71 72 75 76 
55 57 63 64 69 70 
55 57 63 64 69 70 77 
55 57 63 64 69 70 75 76 
55 57 63 64 69 70 73 
55 57 63 64 69 70 73 77 
55 57 63 64 69 70 73 75 76 
55 57 63 64 69 70 71 72 
55 57 63 64 69 70 71 72 77 
55 57 63 64 69 70 71 72 75 76 
55 57 62 63 71 
55 57 62 63 71 77 
55 57 62 63 71 75 76 
55 57 62 63 71 73 
55 57 62 63 71 73 77 
55 57 62 63 71 73 75 76 
55 57 62 63 71 72 
55 57 62 63 71 72 77 
55 57 62 63 71 72 75 76 
55 57 62 63 69 70 
55 57 62 63 69 70 77 
55 57 62 63 69 70 75 76 
55 57 62 63 69 70 73 
55 57 62 63 69 70 73 77 
55 57 62 63 69 70 73 75 76 
55 57 62 63 69 70 71 72 
55 57 62 63 69 70 71 72 77 
55 57 62 63 69 70 71 72 75 76 
55 57 58 63 64 71 
55 57 58 63 64 69 70 
55 57 58 62 63 71 
55 57 58 62 63 69 70 
55 56 57 64 71 
55 56 57 64 69 70 
55 56 57 62 63 71 
55 56 57 62 63 69 70 
55 56 57 59 63 71 
55 56 57 59 63 69 70 
53 68 
53 67 
53 67 79 
53 67 77 
53 67 77 79 
53 67 75 76 
53 67 75 76 79 
53 67 75 76 77 78 
53 65 67 
53 65 67 77 
53 65 67 75 76 
53 65 66 79 
53 65 66 77 
53 65 66 77 79 
53 65 66 75 76 
53 65 66 75 76 79 
53 65 66 75 76 77 78 
53 65 66 67 77 
53 65 66 67 75 76 
52 68 
52 67 
52 67 78 79 
52 67 77 78 79 
52 67 75 76 78 79 
52 65 66 
52 65 66 78 79 
52 65 66 77 78 79 
52 65 66 75 76 78 79 
52 53 67 
52 53 67 77 
52 53 67 75 76 
52 53 65 66 
52 53 65 66 77 
52 53 65 66 75 76 
51 52 68 
50 67 77 78 79 
50 65 67 78 79 
50 65 66 77 78 79 
50 65 66 67 78 79 
50 55 63 64 71 
50 55 63 64 71 73 
50 55 63 64 71 72 
50 55 63 64 69 70 
50 55 63 64 69 70 73 
50 55 63 64 69 70 71 72 
50 55 62 63 71 
50 55 62 63 71 73 
50 55 62 63 71 72 
50 55 62 63 69 70 
50 55 62 63 69 70 73 
50 55 62 63 69 70 71 72 
50 55 57 63 64 71 
50 55 57 63 64 71 73 
50 55 57 63 64 71 72 
50 55 57 63 64 69 70 
50 55 57 63 64 69 70 73 
50 55 57 63 64 69 70 71 72 
50 55 57 62 63 71 
50 55 57 62 63 71 73 
50 55 57 62 63 71 72 
50 55 57 62 63 69 70 
50 55 57 62 63 69 70 73 
50 55 57 62 63 69 70 71 72 
50 53 67 
50 53 67 79 
50 53 67 77 78 
50 53 65 67 
50 53 65 66 
50 53 65 66 79 
50 53 65 66 77 78 
50 53 65 66 67 
50 52 67 78 79 
50 52 65 66 78 79 
50 52 53 67 
50 52 53 65 66 
48 60 71 73 
48 60 71 72 
48 60 69 70 73 
48 60 69 70 71 72 
48 58 59 71 73 
48 58 59 71 72 
48 58 59 69 70 73 
48 58 59 69 70 71 72 
48 55 59 62 71 
48 55 59 62 69 70 
48 55 59 60 61 71 
48 55 59 60 61 69 70 
47 55 59 62 71 75 
47 55 59 62 71 73 
47 55 59 62 71 73 74 
47 55 59 62 71 72 
47 55 59 62 69 70 75 
47 55 59 62 69 70 73 
47 55 59 62 69 70 73 74 
47 55 59 62 69 70 71 72 
47 55 59 60 62 71 75 
47 55 59 60 62 71 73 74 
47 55 59 60 62 69 70 75 
47 55 59 60 62 69 70 73 74 
47 55 59 60 61 71 73 
47 55 59 60 61 71 72 
47 55 59 60 61 69 70 73 
47 55 59 60 61 69 70 71 72 
47 55 58 59 62 71 75 
47 55 58 59 62 71 73 74 
47 55 58 59 62 69 70 75 
47 55 58 59 62 69 70 73 74 
47 55 58 59 60 61 71 75 
47 55 58 59 60 61 71 73 74 
47 55 58 59 60 61 69 70 75 
47 55 58 59 60 61 69 70 73 74 
47 48 55 59 62 71 
47 48 55 59 62 69 70 
47 48 55 59 60 62 71 
47 48 55 59 60 62 69 70 
47 48 55 58 59 62 71 
47 48 55 58 59 62 69 70 
47 48 55 58 59 60 61 71 
47 48 55 58 59 60 61 69 70 
46 60 71 75 
46 60 71 73 74 
46 60 69 70 75 
46 60 69 70 73 74 
46 58 59 71 75 
46 58 59 71 73 74 
46 58 59 69 70 75 
46 58 59 69 70 73 74 
46 57 71 
46 57 69 70 
46 55 64 71 
46 55 64 69 70 
46 55 63 64 71 
46 55 63 64 71 77 
46 55 63 64 71 75 76 
46 55 63 64 69 70 
46 55 63 64 69 70 77 
46 55 63 64 69 70 75 76 
46 55 62 63 71 77 
46 55 62 63 71 75 76 
46 55 62 63 69 70 77 
46 55 62 63 69 70 75 76 
46 55 59 60 62 71 75 
46 55 59 60 62 71 73 74 
46 55 59 60 62 69 70 75 
46 55 59 60 62 69 70 73 74 
46 55 59 60 61 71 75 
46 55 59 60 61 71 73 74 
46 55 59 60 61 69 70 75 
46 55 59 60 61 69 70 73 74 
46 55 58 59 62 71 75 
46 55 58 59 62 71 73 74 
46 55 58 59 62 69 70 75 
46 55 58 59 62 69 70 73 74 
46 55 58 59 60 61 71 75 
46 55 58 59 60 61 71 73 74 
46 55 58 59 60 61 69 70 75 
46 55 58 59 60 61 69 70 73 74 
46 55 57 63 64 71 
46 55 57 63 64 71 77 
46 55 57 63 64 71 75 76 
46 55 57 63 64 69 70 
46 55 57 63 64 69 70 77 
46 55 57 63 64 69 70 75 76 
46 55 57 62 63 71 
46 55 57 62 63 71 77 
46 55 57 62 63 71 75 76 
46 55 57 62 63 69 70 
46 55 57 62 63 69 70 77 
46 55 57 62 63 69 70 75 76 
46 50 55 63 64 71 
46 50 55 63 64 69 70 
46 50 55 62 63 71 
46 50 55 62 63 69 70 
46 50 55 57 63 64 71 
46 50 55 57 63 64 69 70 
46 50 55 57 62 63 71 
46 50 55 57 62 63 69 70 
46 48 60 71 
46 48 60 69 70 
46 48 58 59 71 
46 48 58 59 69 70 
46 48 55 59 60 62 71 
46 48 55 59 60 62 69 70 
46 48 55 59 60 61 71 
46 48 55 59 60 61 69 70 
46 48 55 58 59 62 71 
46 48 55 58 59 62 69 70 
46 48 55 58 59 60 61 71 
46 48 55 58 59 60 61 69 70 
46 47 55 59 62 71 
46 47 55 59 62 69 70 
46 47 55 59 60 61 71 
46 47 55 59 60 61 69 70 
45 46 55 59 62 71 
45 46 55 59 62 71 75 
45 46 55 59 62 71 73 
45 46 55 59 62 71 73 74 
45 46 55 59 62 71 72 
45 46 55 59 62 69 70 
45 46 55 59 62 69 70 75 
45 46 55 59 62 69 70 73 
45 46 55 59 62 69 70 73 74 
45 46 55 59 62 69 70 71 72 
45 46 55 59 60 62 71 75 
45 46 55 59 60 62 71 73 74 
45 46 55 59 60 62 69 70 75 
45 46 55 59 60 62 69 70 73 74 
45 46 55 59 60 61 71 
45 46 55 59 60 61 71 73 
45 46 55 59 60 61 71 72 
45 46 55 59 60 61 69 70 
45 46 55 59 60 61 69 70 73 
45 46 55 59 60 61 69 70 71 72 
45 46 55 58 59 62 71 75 
45 46 55 58 59 62 71 73 74 
45 46 55 58 59 62 69 70 75 
45 46 55 58 59 62 69 70 73 74 
45 46 55 58 59 60 61 71 75 
45 46 55 58 59 60 61 71 73 74 
45 46 55 58 59 60 61 69 70 75 
45 46 55 58 59 60 61 69 70 73 74 
45 46 48 55 59 62 71 
45 46 48 55 59 62 69 70 
45 46 48 55 59 60 62 71 
45 46 48 55 59 60 62 69 70 
45 46 48 55 58 59 62 71 
45 46 48 55 58 59 62 69 70 
45 46 48 55 58 59 60 61 71 
45 46 48 55 58 59 60 61 69 70 
44 60 73 75 
44 60 73 74 
44 60 71 72 75 
44 60 71 72 73 74 
44 58 59 73 75 
44 58 59 73 74 
44 58 59 71 72 75 
44 58 59 71 72 73 74 
44 57 73 
44 57 71 72 
44 55 64 
44 55 64 73 
44 55 64 71 72 
44 55 63 64 
44 55 63 64 77 
44 55 63 64 75 76 
44 55 63 64 73 
44 55 63 64 73 77 
44 55 63 64 73 75 76 
44 55 63 64 71 72 
44 55 63 64 71 72 77 
44 55 63 64 71 72 75 76 
44 55 62 63 77 
44 55 62 63 75 76 
44 55 62 63 73 77 
44 55 62 63 73 75 76 
44 55 62 63 71 72 77 
44 55 62 63 71 72 75 76 
44 55 59 62 75 
44 55 59 62 73 74 
44 55 59 60 61 75 
44 55 59 60 61 73 74 
44 55 58 64 
44 55 58 63 64 
44 55 58 59 63 
44 55 57 63 64 
44 55 57 63 64 77 
44 55 57 63 64 75 76 
44 55 57 63 64 73 
44 55 57 63 64 73 77 
44 55 57 63 64 73 75 76 
44 55 57 63 64 71 72 
44 55 57 63 64 71 72 77 
44 55 57 63 64 71 72 75 76 
44 55 57 62 63 
44 55 57 62 63 77 
44 55 57 62 63 75 76 
44 55 57 62 63 73 
44 55 57 62 63 73 77 
44 55 57 62 63 73 75 76 
44 55 57 62 63 71 72 
44 55 57 62 63 71 72 77 
44 55 57 62 63 71 72 75 76 
44 55 57 58 63 64 
44 55 57 58 62 63 
44 55 56 57 64 
44 55 56 57 62 63 
44 55 56 57 59 63 
44 50 55 63 64 
44 50 55 63 64 73 
44 50 55 63 64 71 72 
44 50 55 62 63 
44 50 55 62 63 73 
44 50 55 62 63 71 72 
44 50 55 57 63 64 
44 50 55 57 63 64 73 
44 50 55 57 63 64 71 72 
44 50 55 57 62 63 
44 50 55 57 62 63 73 
44 50 55 57 62 63 71 72 
44 48 60 73 
44 48 60 71 72 
44 48 58 59 73 
44 48 58 59 71 72 
44 48 55 59 62 
44 48 55 59 60 61 
44 47 55 59 62 75 
44 47 55 59 62 73 
44 47 55 59 62 73 74 
44 47 55 59 62 71 72 
44 47 55 59 60 62 75 
44 47 55 59 60 62 73 74 
44 47 55 59 60 61 73 
44 47 55 59 60 61 71 72 
44 47 55 58 59 62 75 
44 47 55 58 59 62 73 74 
44 47 55 58 59 60 61 75 
44 47 55 58 59 60 61 73 74 
44 47 48 55 59 62 
44 47 48 55 59 60 62 
44 47 48 55 58 59 62 
44 47 48 55 58 59 60 61 
44 46 60 75 
44 46 60 73 74 
44 46 58 59 75 
44 46 58 59 73 74 
44 46 57 
44 46 55 64 
44 46 55 63 64 
44 46 55 63 64 77 
44 46 55 63 64 75 76 
44 46 55 62 63 77 
44 46 55 62 63 75 76 
44 46 55 59 60 62 75 
44 46 55 59 60 62 73 74 
44 46 55 59 60 61 75 
44 46 55 59 60 61 73 74 
44 46 55 58 59 62 75 
44 46 55 58 59 62 73 74 
44 46 55 58 59 60 61 75 
44 46 55 58 59 60 61 73 74 
44 46 55 57 63 64 
44 46 55 57 63 64 77 
44 46 55 57 63 64 75 76 
44 46 55 57 62 63 
44 46 55 57 62 63 77 
44 46 55 57 62 63 75 76 
44 46 50 55 63 64 
44 46 50 55 62 63 
44 46 50 55 57 63 64 
44 46 50 55 57 62 63 
44 46 48 60 
44 46 48 58 59 
44 46 48 55 59 60 62 
44 46 48 55 59 60 61 
44 46 48 55 58 59 62 
44 46 48 55 58 59 60 61 
44 46 47 55 59 62 
44 46 47 55 59 60 61 
44 45 55 59 60 62 75 
44 45 55 59 60 62 73 74 
44 45 55 59 60 62 71 75 
44 45 55 59 60 62 71 73 74 
44 45 55 59 60 62 69 70 75 
44 45 55 59 60 62 69 70 73 74 
44 45 55 59 60 61 75 
44 45 55 59 60 61 73 74 
44 45 55 59 60 61 71 75 
44 45 55 59 60 61 71 73 74 
44 45 55 59 60 61 69 70 75 
44 45 55 59 60 61 69 70 73 74 
44 45 55 58 59 62 75 
44 45 55 58 59 62 73 74 
44 45 55 58 59 62 71 75 
44 45 55 58 59 62 71 73 74 
44 45 55 58 59 62 69 70 75 
44 45 55 58 59 62 69 70 73 74 
44 45 55 58 59 60 61 75 
44 45 55 58 59 60 61 73 74 
44 45 55 58 59 60 61 71 75 
44 45 55 58 59 60 61 71 73 74 
44 45 55 58 59 60 61 69 70 75 
44 45 55 58 59 60 61 69 70 73 74 
44 45 48 55 59 60 62 
44 45 48 55 59 60 62 71 
44 45 48 55 59 60 62 69 70 
44 45 48 55 59 60 61 
44 45 48 55 59 60 61 71 
44 45 48 55 59 60 61 69 70 
44 45 48 55 58 59 62 
44 45 48 55 58 59 62 71 
44 45 48 55 58 59 62 69 70 
44 45 48 55 58 59 60 61 
44 45 48 55 58 59 60 61 71 
44 45 48 55 58 59 60 61 69 70 
44 45 46 55 59 62 
44 45 46 55 59 62 75 
44 45 46 55 59 62 73 
44 45 46 55 59 62 73 74 
44 45 46 55 59 62 71 72 
44 45 46 55 59 60 62 75 
44 45 46 55 59 60 62 73 74 
44 45 46 55 59 60 61 
44 45 46 55 59 60 61 73 
44 45 46 55 59 60 61 71 72 
44 45 46 55 58 59 62 75 
44 45 46 55 58 59 62 73 74 
44 45 46 55 58 59 60 61 75 
44 45 46 55 58 59 60 61 73 74 
44 45 46 48 55 59 62 
44 45 46 48 55 59 60 62 
44 45 46 48 55 58 59 62 
44 45 46 48 55 58 59 60 61 
42 
41 57 59 73 75 77 
41 57 59 73 75 76 
41 57 59 73 74 77 
41 57 59 73 74 75 76 
41 57 59 71 72 75 77 
41 57 59 71 72 75 76 
41 57 59 71 72 73 74 77 
41 57 59 71 72 73 74 75 76 
41 50 57 59 73 75 
41 50 57 59 73 74 
41 50 57 59 71 72 75 
41 50 57 59 71 72 73 74 
41 48 57 59 73 77 
41 48 57 59 73 75 76 
41 48 57 59 71 72 77 
41 48 57 59 71 72 75 76 
41 48 50 57 59 73 
41 48 50 57 59 71 72 
41 46 57 59 75 77 
41 46 57 59 75 76 
41 46 57 59 73 74 77 
41 46 57 59 73 74 75 76 
41 46 50 57 59 75 
41 46 50 57 59 73 74 
41 46 48 57 59 77 
41 46 48 57 59 75 76 
41 46 48 50 57 59 
40 79 
40 77 78 
40 75 76 77 78 79 
40 67 
40 65 78 79 
40 65 67 77 78 79 
40 65 67 75 76 78 79 
40 63 
40 63 67 
40 59 
40 53 
40 53 79 
40 53 77 
40 53 77 79 
40 53 75 76 
40 53 75 76 79 
40 53 75 76 77 78 
40 53 65 
40 53 65 67 77 
40 53 65 67 75 76 
40 52 
40 52 78 79 
40 52 77 78 79 
40 52 75 76 78 79 
40 52 53 
40 52 53 77 
40 52 53 75 76 
40 50 77 78 79 
40 50 65 67 78 79 
40 50 53 
40 50 53 79 
40 50 53 77 78 
40 50 53 65 67 
40 50 52 78 79 
40 50 52 53 
39 40 57 59 73 75 77 
39 40 57 59 73 75 76 
39 40 57 59 73 74 77 
39 40 57 59 73 74 75 76 
39 40 57 59 71 72 75 77 
39 40 57 59 71 72 75 76 
39 40 57 59 71 72 73 74 77 
39 40 57 59 71 72 73 74 75 76 
39 40 50 57 59 73 75 
39 40 50 57 59 73 74 
39 40 50 57 59 71 72 75 
39 40 50 57 59 71 72 73 74 
39 40 48 57 59 73 77 
39 40 48 57 59 73 75 76 
39 40 48 57 59 71 72 77 
39 40 48 57 59 71 72 75 76 
39 40 48 50 57 59 73 
39 40 48 50 57 59 71 72 
39 40 46 57 59 75 77 
39 40 46 57 59 75 76 
39 40 46 57 59 73 74 77 
39 40 46 57 59 73 74 75 76 
39 40 46 50 57 59 75 
39 40 46 50 57 59 73 74 
39 40 46 48 57 59 77 
39 40 46 48 57 59 75 76 
39 40 46 48 50 57 59 
37 55 71 
37 55 71 73 
37 55 71 72 
37 55 69 70 
37 55 69 70 73 
37 55 69 70 71 72 
37 55 63 71 
37 55 63 71 77 
37 55 63 71 75 76 
37 55 63 71 73 
37 55 63 71 73 77 
37 55 63 71 73 75 76 
37 55 63 71 72 
37 55 63 71 72 77 
37 55 63 71 72 75 76 
37 55 63 69 70 
37 55 63 69 70 77 
37 55 63 69 70 75 76 
37 55 63 69 70 73 
37 55 63 69 70 73 77 
37 55 63 69 70 73 75 76 
37 55 63 69 70 71 72 
37 55 63 69 70 71 72 77 
37 55 63 69 70 71 72 75 76 
37 55 58 71 
37 55 58 69 70 
37 55 58 63 71 
37 55 58 63 69 70 
37 55 57 63 71 
37 55 57 63 71 77 
37 55 57 63 71 75 76 
37 55 57 63 71 73 
37 55 57 63 71 73 77 
37 55 57 63 71 73 75 76 
37 55 57 63 71 72 
37 55 57 63 71 72 77 
37 55 57 63 71 72 75 76 
37 55 57 63 69 70 
37 55 57 63 69 70 77 
37 55 57 63 69 70 75 76 
37 55 57 63 69 70 73 
37 55 57 63 69 70 73 77 
37 55 57 63 69 70 73 75 76 
37 55 57 63 69 70 71 72 
37 55 57 63 69 70 71 72 77 
37 55 57 63 69 70 71 72 75 76 
37 55 57 58 63 71 
37 55 57 58 63 69 70 
37 55 56 57 71 
37 55 56 57 69 70 
37 50 55 63 71 
37 50 55 63 71 73 
37 50 55 63 71 72 
37 50 55 63 69 70 
37 50 55 63 69 70 73 
37 50 55 63 69 70 71 72 
37 50 55 57 63 71 
37 50 55 57 63 71 73 
37 50 55 57 63 71 72 
37 50 55 57 63 69 70 
37 50 55 57 63 69 70 73 
37 50 55 57 63 69 70 71 72 
37 46 55 71 
37 46 55 69 70 
37 46 55 63 71 
37 46 55 63 71 77 
37 46 55 63 71 75 76 
37 46 55 63 69 70 
37 46 55 63 69 70 77 
37 46 55 63 69 70 75 76 
37 46 55 57 63 71 
37 46 55 57 63 71 77 
37 46 55 57 63 71 75 76 
37 46 55 57 63 69 70 
37 46 55 57 63 69 70 77 
37 46 55 57 63 69 70 75 76 
37 46 50 55 63 71 
37 46 50 55 63 69 70 
37 46 50 55 57 63 71 
37 46 50 55 57 63 69 70 
37 44 55 
37 44 55 73 
37 44 55 71 72 
37 44 55 63 
37 44 55 63 77 
37 44 55 63 75 76 
37 44 55 63 73 
37 44 55 63 73 77 
37 44 55 63 73 75 76 
37 44 55 63 71 72 
37 44 55 63 71 72 77 
37 44 55 63 71 72 75 76 
37 44 55 58 
37 44 55 58 63 
37 44 55 57 63 
37 44 55 57 63 77 
37 44 55 57 63 75 76 
37 44 55 57 63 73 
37 44 55 57 63 73 77 
37 44 55 57 63 73 75 76 
37 44 55 57 63 71 72 
37 44 55 57 63 71 72 77 
37 44 55 57 63 71 72 75 76 
37 44 55 57 58 63 
37 44 55 56 57 
37 44 50 55 63 
37 44 50 55 63 73 
37 44 50 55 63 71 72 
37 44 50 55 57 63 
37 44 50 55 57 63 73 
37 44 50 55 57 63 71 72 
37 44 46 55 
37 44 46 55 63 
37 44 46 55 63 77 
37 44 46 55 63 75 76 
37 44 46 55 57 63 
37 44 46 55 57 63 77 
37 44 46 55 57 63 75 76 
37 44 46 50 55 63 
37 44 46 50 55 57 63 
35 55 59 71 75 
35 55 59 71 73 74 
35 55 59 69 70 75 
35 55 59 69 70 73 74 
35 48 55 59 71 
35 48 55 59 69 70 
35 47 55 59 71 75 
35 47 55 59 71 73 
35 47 55 59 71 73 74 
35 47 55 59 71 72 
35 47 55 59 69 70 75 
35 47 55 59 69 70 73 
35 47 55 59 69 70 73 74 
35 47 55 59 69 70 71 72 
35 47 55 59 60 71 75 
35 47 55 59 60 71 73 74 
35 47 55 59 60 69 70 75 
35 47 55 59 60 69 70 73 74 
35 47 55 58 59 71 75 
35 47 55 58 59 71 73 74 
35 47 55 58 59 69 70 75 
35 47 55 58 59 69 70 73 74 
35 47 48 55 59 71 
35 47 48 55 59 69 70 
35 47 48 55 59 60 71 
35 47 48 55 59 60 69 70 
35 47 48 55 58 59 71 
35 47 48 55 58 59 69 70 
35 46 55 59 60 71 75 
35 46 55 59 60 71 73 74 
35 46 55 59 60 69 70 75 
35 46 55 59 60 69 70 73 74 
35 46 55 58 59 71 75 
35 46 55 58 59 71 73 74 
35 46 55 58 59 69 70 75 
35 46 55 58 59 69 70 73 74 
35 46 48 55 59 60 71 
35 46 48 55 59 60 69 70 
35 46 48 55 58 59 71 
35 46 48 55 58 59 69 70 
35 46 47 55 59 71 
35 46 47 55 59 69 70 
35 45 46 55 59 71 
35 45 46 55 59 71 75 
35 45 46 55 59 71 73 
35 45 46 55 59 71 73 74 
35 45 46 55 59 71 72 
35 45 46 55 59 69 70 
35 45 46 55 59 69 70 75 
35 45 46 55 59 69 70 73 
35 45 46 55 59 69 70 73 74 
35 45 46 55 59 69 70 71 72 
35 45 46 55 59 60 71 75 
35 45 46 55 59 60 71 73 74 
35 45 46 55 59 60 69 70 75 
35 45 46 55 59 60 69 70 73 74 
35 45 46 55 58 59 71 75 
35 45 46 55 58 59 71 73 74 
35 45 46 55 58 59 69 70 75 
35 45 46 55 58 59 69 70 73 74 
35 45 46 48 55 59 71 
35 45 46 48 55 59 69 70 
35 45 46 48 55 59 60 71 
35 45 46 48 55 59 60 69 70 
35 45 46 48 55 58 59 71 
35 45 46 48 55 58 59 69 70 
35 44 55 59 75 
35 44 55 59 73 74 
35 44 48 55 59 
35 44 47 55 59 75 
35 44 47 55 59 73 
35 44 47 55 59 73 74 
35 44 47 55 59 71 72 
35 44 47 55 59 60 75 
35 44 47 55 59 60 73 74 
35 44 47 55 58 59 75 
35 44 47 55 58 59 73 74 
35 44 47 48 55 59 
35 44 47 48 55 59 60 
35 44 47 48 55 58 59 
35 44 46 55 59 60 75 
35 44 46 55 59 60 73 74 
35 44 46 55 58 59 75 
35 44 46 55 58 59 73 74 
35 44 46 48 55 59 60 
35 44 46 48 55 58 59 
35 44 46 47 55 59 
35 44 45 55 59 60 75 
35 44 45 55 59 60 73 74 
35 44 45 55 59 60 71 75 
35 44 45 55 59 60 71 73 74 
35 44 45 55 59 60 69 70 75 
35 44 45 55 59 60 69 70 73 74 
35 44 45 55 58 59 75 
35 44 45 55 58 59 73 74 
35 44 45 55 58 59 71 75 
35 44 45 55 58 59 71 73 74 
35 44 45 55 58 59 69 70 75 
35 44 45 55 58 59 69 70 73 74 
35 44 45 48 55 59 60 
35 44 45 48 55 59 60 71 
35 44 45 48 55 59 60 69 70 
35 44 45 48 55 58 59 
35 44 45 48 55 58 59 71 
35 44 45 48 55 58 59 69 70 
35 44 45 46 55 59 
35 44 45 46 55 59 75 
35 44 45 46 55 59 73 
35 44 45 46 55 59 73 74 
35 44 45 46 55 59 71 72 
35 44 45 46 55 59 60 75 
35 44 45 46 55 59 60 73 74 
35 44 45 46 55 58 59 75 
35 44 45 46 55 58 59 73 74 
35 44 45 46 48 55 59 
35 44 45 46 48 55 59 60 
35 44 45 46 48 55 58 59 
33 71 73 75 
33 71 73 74 
33 71 72 75 
33 71 72 73 74 
33 69 70 73 75 
33 69 70 73 74 
33 69 70 71 72 75 
33 69 70 71 72 73 74 
33 68 79 
33 68 77 78 
33 65 68 
33 59 67 
33 59 65 66 
33 52 68 
33 48 71 73 
33 48 71 72 
33 48 69 70 73 
33 48 69 70 71 72 
33 47 55 59 62 71 75 
33 47 55 59 62 71 73 74 
33 47 55 59 62 69 70 75 
33 47 55 59 62 69 70 73 74 
33 47 55 59 60 61 71 75 
33 47 55 59 60 61 71 73 74 
33 47 55 59 60 61 69 70 75 
33 47 55 59 60 61 69 70 73 74 
33 47 48 55 59 62 71 
33 47 48 55 59 62 69 70 
33 47 48 55 59 60 61 71 
33 47 48 55 59 60 61 69 70 
33 46 71 75 
33 46 71 73 74 
33 46 69 70 75 
33 46 69 70 73 74 
33 46 55 59 62 71 75 
33 46 55 59 62 71 73 74 
33 46 55 59 62 69 70 75 
33 46 55 59 62 69 70 73 74 
33 46 55 59 60 61 71 75 
33 46 55 59 60 61 71 73 74 
33 46 55 59 60 61 69 70 75 
33 46 55 59 60 61 69 70 73 74 
33 46 48 71 
33 46 48 69 70 
33 46 48 55 59 62 71 
33 46 48 55 59 62 69 70 
33 46 48 55 59 60 61 71 
33 46 48 55 59 60 61 69 70 
33 45 46 55 59 62 71 75 
33 45 46 55 59 62 71 73 74 
33 45 46 55 59 62 69 70 75 
33 45 46 55 59 62 69 70 73 74 
33 45 46 55 59 60 61 71 75 
33 45 46 55 59 60 61 71 73 74 
33 45 46 55 59 60 61 69 70 75 
33 45 46 55 59 60 61 69 70 73 74 
33 45 46 48 55 59 62 71 
33 45 46 48 55 59 62 69 70 
33 45 46 48 55 59 60 61 71 
33 45 46 48 55 59 60 61 69 70 
33 44 73 75 
33 44 73 74 
33 44 71 72 75 
33 44 71 72 73 74 
33 44 48 73 
33 44 48 71 72 
33 44 47 55 59 62 75 
33 44 47 55 59 62 73 74 
33 44 47 55 59 60 61 75 
33 44 47 55 59 60 61 73 74 
33 44 47 48 55 59 62 
33 44 47 48 55 59 60 61 
33 44 46 75 
33 44 46 73 74 
33 44 46 55 59 62 75 
33 44 46 55 59 62 73 74 
33 44 46 55 59 60 61 75 
33 44 46 55 59 60 61 73 74 
33 44 46 48 
33 44 46 48 55 59 62 
33 44 46 48 55 59 60 61 
33 44 45 55 59 62 75 
33 44 45 55 59 62 73 74 
33 44 45 55 59 62 71 75 
33 44 45 55 59 62 71 73 74 
33 44 45 55 59 62 69 70 75 
33 44 45 55 59 62 69 70 73 74 
33 44 45 55 59 60 61 75 
33 44 45 55 59 60 61 73 74 
33 44 45 55 59 60 61 71 75 
33 44 45 55 59 60 61 71 73 74 
33 44 45 55 59 60 61 69 70 75 
33 44 45 55 59 60 61 69 70 73 74 
33 44 45 48 55 59 62 
33 44 45 48 55 59 62 71 
33 44 45 48 55 59 62 69 70 
33 44 45 48 55 59 60 61 
33 44 45 48 55 59 60 61 71 
33 44 45 48 55 59 60 61 69 70 
33 44 45 46 55 59 62 75 
33 44 45 46 55 59 62 73 74 
33 44 45 46 55 59 60 61 75 
33 44 45 46 55 59 60 61 73 74 
33 44 45 46 48 55 59 62 
33 44 45 46 48 55 59 60 61 
33 40 59 
33 35 47 55 59 71 75 
33 35 47 55 59 71 73 74 
33 35 47 55 59 69 70 75 
33 35 47 55 59 69 70 73 74 
33 35 47 48 55 59 71 
33 35 47 48 55 59 69 70 
33 35 46 55 59 71 75 
33 35 46 55 59 71 73 74 
33 35 46 55 59 69 70 75 
33 35 46 55 59 69 70 73 74 
33 35 46 48 55 59 71 
33 35 46 48 55 59 69 70 
33 35 45 46 55 59 71 75 
33 35 45 46 55 59 71 73 74 
33 35 45 46 55 59 69 70 75 
33 35 45 46 55 59 69 70 73 74 
33 35 45 46 48 55 59 71 
33 35 45 46 48 55 59 69 70 
33 35 44 47 55 59 75 
33 35 44 47 55 59 73 74 
33 35 44 47 48 55 59 
33 35 44 46 55 59 75 
33 35 44 46 55 59 73 74 
33 35 44 46 48 55 59 
33 35 44 45 55 59 75 
33 35 44 45 55 59 73 74 
33 35 44 45 55 59 71 75 
33 35 44 45 55 59 71 73 74 
33 35 44 45 55 59 69 70 75 
33 35 44 45 55 59 69 70 73 74 
33 35 44 45 48 55 59 
33 35 44 45 48 55 59 71 
33 35 44 45 48 55 59 69 70 
33 35 44 45 46 55 59 75 
33 35 44 45 46 55 59 73 74 
33 35 44 45 46 48 55 59 
31 55 64 71 
31 55 64 69 70 
31 55 63 64 71 
31 55 63 64 69 70 
31 55 59 63 71 
31 55 59 63 69 70 
31 55 57 63 64 71 
31 55 57 63 64 69 70 
31 55 57 62 63 71 
31 55 57 62 63 69 70 
31 44 55 64 
31 44 55 63 64 
31 44 55 59 63 
31 44 55 57 63 64 
31 44 55 57 62 63 
31 37 55 71 
31 37 55 69 70 
31 37 55 63 71 
31 37 55 63 69 70 
31 37 55 57 63 71 
31 37 55 57 63 69 70 
31 37 44 55 
31 37 44 55 63 
31 37 44 55 57 63 
30 55 63 64 71 
30 55 63 64 71 77 
30 55 63 64 71 75 76 
30 55 63 64 71 73 
30 55 63 64 71 73 77 
30 55 63 64 71 73 75 76 
30 55 63 64 71 72 
30 55 63 64 71 72 77 
30 55 63 64 71 72 75 76 
30 55 63 64 69 70 
30 55 63 64 69 70 77 
30 55 63 64 69 70 75 76 
30 55 63 64 69 70 73 
30 55 63 64 69 70 73 77 
30 55 63 64 69 70 73 75 76 
30 55 63 64 69 70 71 72 
30 55 63 64 69 70 71 72 77 
30 55 63 64 69 70 71 72 75 76 
30 55 62 63 71 
30 55 62 63 71 77 
30 55 62 63 71 75 76 
30 55 62 63 71 73 
30 55 62 63 71 73 77 
30 55 62 63 71 73 75 76 
30 55 62 63 71 72 
30 55 62 63 71 72 77 
30 55 62 63 71 72 75 76 
30 55 62 63 69 70 
30 55 62 63 69 70 77 
30 55 62 63 69 70 75 76 
30 55 62 63 69 70 73 
30 55 62 63 69 70 73 77 
30 55 62 63 69 70 73 75 76 
30 55 62 63 69 70 71 72 
30 55 62 63 69 70 71 72 77 
30 55 62 63 69 70 71 72 75 76 
30 55 58 63 64 71 
30 55 58 63 64 69 70 
30 55 58 62 63 71 
30 55 58 62 63 69 70 
30 55 58 59 63 71 
30 55 58 59 63 69 70 
30 55 56 57 63 64 71 
30 55 56 57 63 64 69 70 
30 55 56 57 62 63 71 
30 55 56 57 62 63 69 70 
30 55 56 57 59 63 71 
30 55 56 57 59 63 69 70 
30 50 55 63 64 71 
30 50 55 63 64 71 73 
30 50 55 63 64 71 72 
30 50 55 63 64 69 70 
30 50 55 63 64 69 70 73 
30 50 55 63 64 69 70 71 72 
30 50 55 62 63 71 
30 50 55 62 63 71 73 
30 50 55 62 63 71 72 
30 50 55 62 63 69 70 
30 50 55 62 63 69 70 73 
30 50 55 62 63 69 70 71 72 
30 46 55 63 64 71 
30 46 55 63 64 71 77 
30 46 55 63 64 71 75 76 
30 46 55 63 64 69 70 
30 46 55 63 64 69 70 77 
30 46 55 63 64 69 70 75 76 
30 46 55 62 63 71 
30 46 55 62 63 71 77 
30 46 55 62 63 71 75 76 
30 46 55 62 63 69 70 
30 46 55 62 63 69 70 77 
30 46 55 62 63 69 70 75 76 
30 46 50 55 63 64 71 
30 46 50 55 63 64 69 70 
30 46 50 55 62 63 71 
30 46 50 55 62 63 69 70 
30 44 55 63 64 
30 44 55 63 64 77 
30 44 55 63 64 75 76 
30 44 55 63 64 73 
30 44 55 63 64 73 77 
30 44 55 63 64 73 75 76 
30 44 55 63 64 71 72 
30 44 55 63 64 71 72 77 
30 44 55 63 64 71 72 75 76 
30 44 55 62 63 
30 44 55 62 63 77 
30 44 55 62 63 75 76 
30 44 55 62 63 73 
30 44 55 62 63 73 77 
30 44 55 62 63 73 75 76 
30 44 55 62 63 71 72 
30 44 55 62 63 71 72 77 
30 44 55 62 63 71 72 75 76 
30 44 55 58 63 64 
30 44 55 58 62 63 
30 44 55 58 59 63 
30 44 55 56 57 63 64 
30 44 55 56 57 62 63 
30 44 55 56 57 59 63 
30 44 50 55 63 64 
30 44 50 55 63 64 73 
30 44 50 55 63 64 71 72 
30 44 50 55 62 63 
30 44 50 55 62 63 73 
30 44 50 55 62 63 71 72 
30 44 46 55 63 64 
30 44 46 55 63 64 77 
30 44 46 55 63 64 75 76 
30 44 46 55 62 63 
30 44 46 55 62 63 77 
30 44 46 55 62 63 75 76 
30 44 46 50 55 63 64 
30 44 46 50 55 62 63 
30 37 55 63 71 
30 37 55 63 71 77 
30 37 55 63 71 75 76 
30 37 55 63 71 73 
30 37 55 63 71 73 77 
30 37 55 63 71 73 75 76 
30 37 55 63 71 72 
30 37 55 63 71 72 77 
30 37 55 63 71 72 75 76 
30 37 55 63 69 70 
30 37 55 63 69 70 77 
30 37 55 63 69 70 75 76 
30 37 55 63 69 70 73 
30 37 55 63 69 70 73 77 
30 37 55 63 69 70 73 75 76 
30 37 55 63 69 70 71 72 
30 37 55 63 69 70 71 72 77 
30 37 55 63 69 70 71 72 75 76 
30 37 55 58 63 71 
30 37 55 58 63 69 70 
30 37 55 56 57 63 71 
30 37 55 56 57 63 69 70 
30 37 50 55 63 71 
30 37 50 55 63 71 73 
30 37 50 55 63 71 72 
30 37 50 55 63 69 70 
30 37 50 55 63 69 70 73 
30 37 50 55 63 69 70 71 72 
30 37 46 55 63 71 
30 37 46 55 63 71 77 
30 37 46 55 63 71 75 76 
30 37 46 55 63 69 70 
30 37 46 55 63 69 70 77 
30 37 46 55 63 69 70 75 76 
30 37 46 50 55 63 71 
30 37 46 50 55 63 69 70 
30 37 44 55 63 
30 37 44 55 63 77 
30 37 44 55 63 75 76 
30 37 44 55 63 73 
30 37 44 55 63 73 77 
30 37 44 55 63 73 75 76 
30 37 44 55 63 71 72 
30 37 44 55 63 71 72 77 
30 37 44 55 63 71 72 75 76 
30 37 44 55 58 63 
30 37 44 55 56 57 63 
30 37 44 50 55 63 
30 37 44 50 55 63 73 
30 37 44 50 55 63 71 72 
30 37 44 46 55 63 
30 37 44 46 55 63 77 
30 37 44 46 55 63 75 76 
30 37 44 46 50 55 63 
30 31 55 63 64 71 
30 31 55 63 64 69 70 
30 31 55 62 63 71 
30 31 55 62 63 69 70 
30 31 55 59 63 71 
30 31 55 59 63 69 70 
30 31 44 55 63 64 
30 31 44 55 62 63 
30 31 44 55 59 63 
30 31 37 55 63 71 
30 31 37 55 63 69 70 
30 31 37 44 55 63 
29 55 63 64 71 
29 55 63 64 71 77 
29 55 63 64 71 75 76 
29 55 63 64 71 73 
29 55 63 64 71 73 77 
29 55 63 64 71 73 75 76 
29 55 63 64 71 72 
29 55 63 64 71 72 77 
29 55 63 64 71 72 75 76 
29 55 63 64 69 70 
29 55 63 64 69 70 77 
29 55 63 64 69 70 75 76 
29 55 63 64 69 70 73 
29 55 63 64 69 70 73 77 
29 55 63 64 69 70 73 75 76 
29 55 63 64 69 70 71 72 
29 55 63 64 69 70 71 72 77 
29 55 63 64 69 70 71 72 75 76 
29 55 62 63 71 
29 55 62 63 71 77 
29 55 62 63 71 75 76 
29 55 62 63 71 73 
29 55 62 63 71 73 77 
29 55 62 63 71 73 75 76 
29 55 62 63 71 72 
29 55 62 63 71 72 77 
29 55 62 63 71 72 75 76 
29 55 62 63 69 70 
29 55 62 63 69 70 77 
29 55 62 63 69 70 75 76 
29 55 62 63 69 70 73 
29 55 62 63 69 70 73 77 
29 55 62 63 69 70 73 75 76 
29 55 62 63 69 70 71 72 
29 55 62 63 69 70 71 72 77 
29 55 62 63 69 70 71 72 75 76 
29 55 58 63 64 71 
29 55 58 63 64 69 70 
29 55 58 62 63 71 
29 55 58 62 63 69 70 
29 55 56 57 63 64 71 
29 55 56 57 63 64 69 70 
29 55 56 57 62 63 71 
29 55 56 57 62 63 69 70 
29 50 55 63 64 71 
29 50 55 63 64 71 73 
29 50 55 63 64 71 72 
29 50 55 63 64 69 70 
29 50 55 63 64 69 70 73 
29 50 55 63 64 69 70 71 72 
29 50 55 62 63 71 
29 50 55 62 63 71 73 
29 50 55 62 63 71 72 
29 50 55 62 63 69 70 
29 50 55 62 63 69 70 73 
29 50 55 62 63 69 70 71 72 
29 46 55 63 64 71 
29 46 55 63 64 71 77 
29 46 55 63 64 71 75 76 
29 46 55 63 64 69 70 
29 46 55 63 64 69 70 77 
29 46 55 63 64 69 70 75 76 
29 46 55 62 63 71 
29 46 55 62 63 71 77 
29 46 55 62 63 71 75 76 
29 46 55 62 63 69 70 
29 46 55 62 63 69 70 77 
29 46 55 62 63 69 70 75 76 
29 46 50 55 63 64 71 
29 46 50 55 63 64 69 70 
29 46 50 55 62 63 71 
29 46 50 55 62 63 69 70 
29 44 55 63 64 
29 44 55 63 64 77 
29 44 55 63 64 75 76 
29 44 55 63 64 73 
29 44 55 63 64 73 77 
29 44 55 63 64 73 75 76 
29 44 55 63 64 71 72 
29 44 55 63 64 71 72 77 
29 44 55 63 64 71 72 75 76 
29 44 55 62 63 
29 44 55 62 63 77 
29 44 55 62 63 75 76 
29 44 55 62 63 73 
29 44 55 62 63 73 77 
29 44 55 62 63 73 75 76 
29 44 55 62 63 71 72 
29 44 55 62 63 71 72 77 
29 44 55 62 63 71 72 75 76 
29 44 55 58 63 64 
29 44 55 58 62 63 
29 44 55 56 57 63 64 
29 44 55 56 57 62 63 
29 44 50 55 63 64 
29 44 50 55 63 64 73 
29 44 50 55 63 64 71 72 
29 44 50 55 62 63 
29 44 50 55 62 63 73 
29 44 50 55 62 63 71 72 
29 44 46 55 63 64 
29 44 46 55 63 64 77 
29 44 46 55 63 64 75 76 
29 44 46 55 62 63 
29 44 46 55 62 63 77 
29 44 46 55 62 63 75 76 
29 44 46 50 55 63 64 
29 44 46 50 55 62 63 
29 37 55 63 71 
29 37 55 63 71 77 
29 37 55 63 71 75 76 
29 37 55 63 71 73 
29 37 55 63 71 73 77 
29 37 55 63 71 73 75 76 
29 37 55 63 71 72 
29 37 55 63 71 72 77 
29 37 55 63 71 72 75 76 
29 37 55 63 69 70 
29 37 55 63 69 70 77 
29 37 55 63 69 70 75 76 
29 37 55 63 69 70 73 
29 37 55 63 69 70 73 77 
29 37 55 63 69 70 73 75 76 
29 37 55 63 69 70 71 72 
29 37 55 63 69 70 71 72 77 
29 37 55 63 69 70 71 72 75 76 
29 37 55 58 63 71 
29 37 55 58 63 69 70 
29 37 55 56 57 63 71 
29 37 55 56 57 63 69 70 
29 37 50 55 63 71 
29 37 50 55 63 71 73 
29 37 50 55 63 71 72 
29 37 50 55 63 69 70 
29 37 50 55 63 69 70 73 
29 37 50 55 63 69 70 71 72 
29 37 46 55 63 71 
29 37 46 55 63 71 77 
29 37 46 55 63 71 75 76 
29 37 46 55 63 69 70 
29 37 46 55 63 69 70 77 
29 37 46 55 63 69 70 75 76 
29 37 46 50 55 63 71 
29 37 46 50 55 63 69 70 
29 37 44 55 63 
29 37 44 55 63 77 
29 37 44 55 63 75 76 
29 37 44 55 63 73 
29 37 44 55 63 73 77 
29 37 44 55 63 73 75 76 
29 37 44 55 63 71 72 
29 37 44 55 63 71 72 77 
29 37 44 55 63 71 72 75 76 
29 37 44 55 58 63 
29 37 44 55 56 57 63 
29 37 44 50 55 63 
29 37 44 50 55 63 73 
29 37 44 50 55 63 71 72 
29 37 44 46 55 63 
29 37 44 46 55 63 77 
29 37 44 46 55 63 75 76 
29 37 44 46 50 55 63 
29 31 55 63 64 71 
29 31 55 63 64 69 70 
29 31 55 62 63 71 
29 31 55 62 63 69 70 
29 31 44 55 63 64 
29 31 44 55 62 63 
29 31 37 55 63 71 
29 31 37 55 63 69 70 
29 31 37 44 55 63 
28 29 55 63 64 71 
28 29 55 63 64 71 77 
28 29 55 63 64 71 75 76 
28 29 55 63 64 71 73 
28 29 55 63 64 71 73 77 
28 29 55 63 64 71 73 75 76 
28 29 55 63 64 71 72 
28 29 55 63 64 71 72 77 
28 29 55 63 64 71 72 75 76 
28 29 55 63 64 69 70 
28 29 55 63 64 69 70 77 
28 29 55 63 64 69 70 75 76 
28 29 55 63 64 69 70 73 
28 29 55 63 64 69 70 73 77 
28 29 55 63 64 69 70 73 75 76 
28 29 55 63 64 69 70 71 72 
28 29 55 63 64 69 70 71 72 77 
28 29 55 63 64 69 70 71 72 75 76 
28 29 55 62 63 71 
28 29 55 62 63 71 77 
28 29 55 62 63 71 75 76 
28 29 55 62 63 71 73 
28 29 55 62 63 71 73 77 
28 29 55 62 63 71 73 75 76 
28 29 55 62 63 71 72 
28 29 55 62 63 71 72 77 
28 29 55 62 63 71 72 75 76 
28 29 55 62 63 69 70 
28 29 55 62 63 69 70 77 
28 29 55 62 63 69 70 75 76 
28 29 55 62 63 69 70 73 
28 29 55 62 63 69 70 73 77 
28 29 55 62 63 69 70 73 75 76 
28 29 55 62 63 69 70 71 72 
28 29 55 62 63 69 70 71 72 77 
28 29 55 62 63 69 70 71 72 75 76 
28 29 55 58 63 64 71 
28 29 55 58 63 64 69 70 
28 29 55 58 62 63 71 
28 29 55 58 62 63 69 70 
28 29 55 58 59 63 71 
28 29 55 58 59 63 69 70 
28 29 55 56 57 63 64 71 
28 29 55 56 57 63 64 69 70 
28 29 55 56 57 62 63 71 
28 29 55 56 57 62 63 69 70 
28 29 55 56 57 59 63 71 
28 29 55 56 57 59 63 69 70 
28 29 50 55 63 64 71 
28 29 50 55 63 64 71 73 
28 29 50 55 63 64 71 72 
28 29 50 55 63 64 69 70 
28 29 50 55 63 64 69 70 73 
28 29 50 55 63 64 69 70 71 72 
28 29 50 55 62 63 71 
28 29 50 55 62 63 71 73 
28 29 50 55 62 63 71 72 
28 29 50 55 62 63 69 70 
28 29 50 55 62 63 69 70 73 
28 29 50 55 62 63 69 70 71 72 
28 29 46 55 63 64 71 
28 29 46 55 63 64 71 77 
28 29 46 55 63 64 71 75 76 
28 29 46 55 63 64 69 70 
28 29 46 55 63 64 69 70 77 
28 29 46 55 63 64 69 70 75 76 
28 29 46 55 62 63 71 
28 29 46 55 62 63 71 77 
28 29 46 55 62 63 71 75 76 
28 29 46 55 62 63 69 70 
28 29 46 55 62 63 69 70 77 
28 29 46 55 62 63 69 70 75 76 
28 29 46 50 55 63 64 71 
28 29 46 50 55 63 64 69 70 
28 29 46 50 55 62 63 71 
28 29 46 50 55 62 63 69 70 
28 29 44 55 63 64 
28 29 44 55 63 64 77 
28 29 44 55 63 64 75 76 
28 29 44 55 63 64 73 
28 29 44 55 63 64 73 77 
28 29 44 55 63 64 73 75 76 
28 29 44 55 63 64 71 72 
28 29 44 55 63 64 71 72 77 
28 29 44 55 63 64 71 72 75 76 
28 29 44 55 62 63 
28 29 44 55 62 63 77 
28 29 44 55 62 63 75 76 
28 29 44 55 62 63 73 
28 29 44 55 62 63 73 77 
28 29 44 55 62 63 73 75 76 
28 29 44 55 62 63 71 72 
28 29 44 55 62 63 71 72 77 
28 29 44 55 62 63 71 72 75 76 
28 29 44 55 58 63 64 
28 29 44 55 58 62 63 
28 29 44 55 58 59 63 
28 29 44 55 56 57 63 64 
28 29 44 55 56 57 62 63 
28 29 44 55 56 57 59 63 
28 29 44 50 55 63 64 
28 29 44 50 55 63 64 73 
28 29 44 50 55 63 64 71 72 
28 29 44 50 55 62 63 
28 29 44 50 55 62 63 73 
28 29 44 50 55 62 63 71 72 
28 29 44 46 55 63 64 
28 29 44 46 55 63 64 77 
28 29 44 46 55 63 64 75 76 
28 29 44 46 55 62 63 
28 29 44 46 55 62 63 77 
28 29 44 46 55 62 63 75 76 
28 29 44 46 50 55 63 64 
28 29 44 46 50 55 62 63 
28 29 37 55 63 71 
28 29 37 55 63 71 77 
28 29 37 55 63 71 75 76 
28 29 37 55 63 71 73 
28 29 37 55 63 71 73 77 
28 29 37 55 63 71 73 75 76 
28 29 37 55 63 71 72 
28 29 37 55 63 71 72 77 
28 29 37 55 63 71 72 75 76 
28 29 37 55 63 69 70 
28 29 37 55 63 69 70 77 
28 29 37 55 63 69 70 75 76 
28 29 37 55 63 69 70 73 
28 29 37 55 63 69 70 73 77 
28 29 37 55 63 69 70 73 75 76 
28 29 37 55 63 69 70 71 72 
28 29 37 55 63 69 70 71 72 77 
28 29 37 55 63 69 70 71 72 75 76 
28 29 37 55 58 63 71 
28 29 37 55 58 63 69 70 
28 29 37 55 56 57 63 71 
28 29 37 55 56 57 63 69 70 
28 29 37 50 55 63 71 
28 29 37 50 55 63 71 73 
28 29 37 50 55 63 71 72 
28 29 37 50 55 63 69 70 
28 29 37 50 55 63 69 70 73 
28 29 37 50 55 63 69 70 71 72 
28 29 37 46 55 63 71 
28 29 37 46 55 63 71 77 
28 29 37 46 55 63 71 75 76 
28 29 37 46 55 63 69 70 
28 29 37 46 55 63 69 70 77 
28 29 37 46 55 63 69 70 75 76 
28 29 37 46 50 55 63 71 
28 29 37 46 50 55 63 69 70 
28 29 37 44 55 63 
28 29 37 44 55 63 77 
28 29 37 44 55 63 75 76 
28 29 37 44 55 63 73 
28 29 37 44 55 63 73 77 
28 29 37 44 55 63 73 75 76 
28 29 37 44 55 63 71 72 
28 29 37 44 55 63 71 72 77 
28 29 37 44 55 63 71 72 75 76 
28 29 37 44 55 58 63 
28 29 37 44 55 56 57 63 
28 29 37 44 50 55 63 
28 29 37 44 50 55 63 73 
28 29 37 44 50 55 63 71 72 
28 29 37 44 46 55 63 
28 29 37 44 46 55 63 77 
28 29 37 44 46 55 63 75 76 
28 29 37 44 46 50 55 63 
28 29 31 55 63 64 71 
28 29 31 55 63 64 69 70 
28 29 31 55 62 63 71 
28 29 31 55 62 63 69 70 
28 29 31 55 59 63 71 
28 29 31 55 59 63 69 70 
28 29 31 44 55 63 64 
28 29 31 44 55 62 63 
28 29 31 44 55 59 63 
28 29 31 37 55 63 71 
28 29 31 37 55 63 69 70 
28 29 31 37 44 55 63 
27 28 55 63 64 71 
27 28 55 63 64 71 77 
27 28 55 63 64 71 75 76 
27 28 55 63 64 71 73 
27 28 55 63 64 71 73 77 
27 28 55 63 64 71 73 75 76 
27 28 55 63 64 71 72 
27 28 55 63 64 71 72 77 
27 28 55 63 64 71 72 75 76 
27 28 55 63 64 69 70 
27 28 55 63 64 69 70 77 
27 28 55 63 64 69 70 75 76 
27 28 55 63 64 69 70 73 
27 28 55 63 64 69 70 73 77 
27 28 55 63 64 69 70 73 75 76 
27 28 55 63 64 69 70 71 72 
27 28 55 63 64 69 70 71 72 77 
27 28 55 63 64 69 70 71 72 75 76 
27 28 55 62 63 71 
27 28 55 62 63 71 77 
27 28 55 62 63 71 75 76 
27 28 55 62 63 71 73 
27 28 55 62 63 71 73 77 
27 28 55 62 63 71 73 75 76 
27 28 55 62 63 71 72 
27 28 55 62 63 71 72 77 
27 28 55 62 63 71 72 75 76 
27 28 55 62 63 69 70 
27 28 55 62 63 69 70 77 
27 28 55 62 63 69 70 75 76 
27 28 55 62 63 69 70 73 
27 28 55 62 63 69 70 73 77 
27 28 55 62 63 69 70 73 75 76 
27 28 55 62 63 69 70 71 72 
27 28 55 62 63 69 70 71 72 77 
27 28 55 62 63 69 70 71 72 75 76 
27 28 55 58 63 64 71 
27 28 55 58 63 64 69 70 
27 28 55 58 62 63 71 
27 28 55 58 62 63 69 70 
27 28 55 56 57 63 64 71 
27 28 55 56 57 63 64 69 70 
27 28 55 56 57 62 63 71 
27 28 55 56 57 62 63 69 70 
27 28 50 55 63 64 71 
27 28 50 55 63 64 71 73 
27 28 50 55 63 64 71 72 
27 28 50 55 63 64 69 70 
27 28 50 55 63 64 69 70 73 
27 28 50 55 63 64 69 70 71 72 
27 28 50 55 62 63 71 
27 28 50 55 62 63 71 73 
27 28 50 55 62 63 71 72 
27 28 50 55 62 63 69 70 
27 28 50 55 62 63 69 70 73 
27 28 50 55 62 63 69 70 71 72 
27 28 46 55 63 64 71 
27 28 46 55 63 64 71 77 
27 28 46 55 63 64 71 75 76 
27 28 46 55 63 64 69 70 
27 28 46 55 63 64 69 70 77 
27 28 46 55 63 64 69 70 75 76 
27 28 46 55 62 63 71 
27 28 46 55 62 63 71 77 
27 28 46 55 62 63 71 75 76 
27 28 46 55 62 63 69 70 
27 28 46 55 62 63 69 70 77 
27 28 46 55 62 63 69 70 75 76 
27 28 46 50 55 63 64 71 
27 28 46 50 55 63 64 69 70 
27 28 46 50 55 62 63 71 
27 28 46 50 55 62 63 69 70 
27 28 44 55 63 64 
27 28 44 55 63 64 77 
27 28 44 55 63 64 75 76 
27 28 44 55 63 64 73 
27 28 44 55 63 64 73 77 
27 28 44 55 63 64 73 75 76 
27 28 44 55 63 64 71 72 
27 28 44 55 63 64 71 72 77 
27 28 44 55 63 64 71 72 75 76 
27 28 44 55 62 63 
27 28 44 55 62 63 77 
27 28 44 55 62 63 75 76 
27 28 44 55 62 63 73 
27 28 44 55 62 63 73 77 
27 28 44 55 62 63 73 75 76 
27 28 44 55 62 63 71 72 
27 28 44 55 62 63 71 72 77 
27 28 44 55 62 63 71 72 75 76 
27 28 44 55 58 63 64 
27 28 44 55 58 62 63 
27 28 44 55 56 57 63 64 
27 28 44 55 56 57 62 63 
27 28 44 50 55 63 64 
27 28 44 50 55 63 64 73 
27 28 44 50 55 63 64 71 72 
27 28 44 50 55 62 63 
27 28 44 50 55 62 63 73 
27 28 44 50 55 62 63 71 72 
27 28 44 46 55 63 64 
27 28 44 46 55 63 64 77 
27 28 44 46 55 63 64 75 76 
27 28 44 46 55 62 63 
27 28 44 46 55 62 63 77 
27 28 44 46 55 62 63 75 76 
27 28 44 46 50 55 63 64 
27 28 44 46 50 55 62 63 
27 28 37 55 63 71 
27 28 37 55 63 71 77 
27 28 37 55 63 71 75 76 
27 28 37 55 63 71 73 
27 28 37 55 63 71 73 77 
27 28 37 55 63 71 73 75 76 
27 28 37 55 63 71 72 
27 28 37 55 63 71 72 77 
27 28 37 55 63 71 72 75 76 
27 28 37 55 63 69 70 
27 28 37 55 63 69 70 77 
27 28 37 55 63 69 70 75 76 
27 28 37 55 63 69 70 73 
27 28 37 55 63 69 70 73 77 
27 28 37 55 63 69 70 73 75 76 
27 28 37 55 63 69 70 71 72 
27 28 37 55 63 69 70 71 72 77 
27 28 37 55 63 69 70 71 72 75 76 
27 28 37 55 58 63 71 
27 28 37 55 58 63 69 70 
27 28 37 55 56 57 63 71 
27 28 37 55 56 57 63 69 70 
27 28 37 50 55 63 71 
27 28 37 50 55 63 71 73 
27 28 37 50 55 63 71 72 
27 28 37 50 55 63 69 70 
27 28 37 50 55 63 69 70 73 
27 28 37 50 55 63 69 70 71 72 
27 28 37 46 55 63 71 
27 28 37 46 55 63 71 77 
27 28 37 46 55 63 71 75 76 
27 28 37 46 55 63 69 70 
27 28 37 46 55 63 69 70 77 
27 28 37 46 55 63 69 70 75 76 
27 28 37 46 50 55 63 71 
27 28 37 46 50 55 63 69 70 
27 28 37 44 55 63 
27 28 37 44 55 63 77 
27 28 37 44 55 63 75 76 
27 28 37 44 55 63 73 
27 28 37 44 55 63 73 77 
27 28 37 44 55 63 73 75 76 
27 28 37 44 55 63 71 72 
27 28 37 44 55 63 71 72 77 
27 28 37 44 55 63 71 72 75 76 
27 28 37 44 55 58 63 
27 28 37 44 55 56 57 63 
27 28 37 44 50 55 63 
27 28 37 44 50 55 63 73 
27 28 37 44 50 55 63 71 72 
27 28 37 44 46 55 63 
27 28 37 44 46 55 63 77 
27 28 37 44 46 55 63 75 76 
27 28 37 44 46 50 55 63 
27 28 31 55 63 64 71 
27 28 31 55 63 64 69 70 
27 28 31 55 62 63 71 
27 28 31 55 62 63 69 70 
27 28 31 44 55 63 64 
27 28 31 44 55 62 63 
27 28 31 37 55 63 71 
27 28 31 37 55 63 69 70 
27 28 31 37 44 55 63 
26 68 
23 67 
23 65 66 
23 40 
23 33 67 
23 33 65 66 
23 33 40 
20 55 59 62 71 75 
20 55 59 62 71 73 
20 55 59 62 71 73 74 
20 55 59 62 71 72 
20 55 59 62 69 70 75 
20 55 59 62 69 70 73 
20 55 59 62 69 70 73 74 
20 55 59 62 69 70 71 72 
20 55 59 60 62 71 75 
20 55 59 60 62 71 73 74 
20 55 59 60 62 69 70 75 
20 55 59 60 62 69 70 73 74 
20 55 59 60 61 71 73 
20 55 59 60 61 71 72 
20 55 59 60 61 69 70 73 
20 55 59 60 61 69 70 71 72 
20 55 58 59 62 71 75 
20 55 58 59 62 71 73 74 
20 55 58 59 62 69 70 75 
20 55 58 59 62 69 70 73 74 
20 55 58 59 60 61 71 75 
20 55 58 59 60 61 71 73 74 
20 55 58 59 60 61 69 70 75 
20 55 58 59 60 61 69 70 73 74 
20 48 55 59 62 71 
20 48 55 59 62 69 70 
20 48 55 59 60 62 71 
20 48 55 59 60 62 69 70 
20 48 55 58 59 62 71 
20 48 55 58 59 62 69 70 
20 48 55 58 59 60 61 71 
20 48 55 58 59 60 61 69 70 
20 46 55 59 62 71 
20 46 55 59 62 69 70 
20 46 55 59 60 61 71 
20 46 55 59 60 61 69 70 
20 44 55 59 62 75 
20 44 55 59 62 73 
20 44 55 59 62 73 74 
20 44 55 59 62 71 72 
20 44 55 59 60 62 75 
20 44 55 59 60 62 73 74 
20 44 55 59 60 61 73 
20 44 55 59 60 61 71 72 
20 44 55 58 59 62 75 
20 44 55 58 59 62 73 74 
20 44 55 58 59 60 61 75 
20 44 55 58 59 60 61 73 74 
20 44 48 55 59 62 
20 44 48 55 59 60 62 
20 44 48 55 58 59 62 
20 44 48 55 58 59 60 61 
20 44 46 55 59 62 
20 44 46 55 59 60 61 
20 35 55 59 71 75 
20 35 55 59 71 73 
20 35 55 59 71 73 74 
20 35 55 59 71 72 
20 35 55 59 69 70 75 
20 35 55 59 69 70 73 
20 35 55 59 69 70 73 74 
20 35 55 59 69 70 71 72 
20 35 55 59 60 71 75 
20 35 55 59 60 71 73 74 
20 35 55 59 60 69 70 75 
20 35 55 59 60 69 70 73 74 
20 35 55 58 59 71 75 
20 35 55 58 59 71 73 74 
20 35 55 58 59 69 70 75 
20 35 55 58 59 69 70 73 74 
20 35 48 55 59 71 
20 35 48 55 59 69 70 
20 35 48 55 59 60 71 
20 35 48 55 59 60 69 70 
20 35 48 55 58 59 71 
20 35 48 55 58 59 69 70 
20 35 46 55 59 71 
20 35 46 55 59 69 70 
20 35 44 55 59 75 
20 35 44 55 59 73 
20 35 44 55 59 73 74 
20 35 44 55 59 71 72 
20 35 44 55 59 60 75 
20 35 44 55 59 60 73 74 
20 35 44 55 58 59 75 
20 35 44 55 58 59 73 74 
20 35 44 48 55 59 
20 35 44 48 55 59 60 
20 35 44 48 55 58 59 
20 35 44 46 55 59 
20 33 55 59 62 71 75 
20 33 55 59 62 71 73 74 
20 33 55 59 62 69 70 75 
20 33 55 59 62 69 70 73 74 
20 33 55 59 60 61 71 75 
20 33 55 59 60 61 71 73 74 
20 33 55 59 60 61 69 70 75 
20 33 55 59 60 61 69 70 73 74 
20 33 48 55 59 62 71 
20 33 48 55 59 62 69 70 
20 33 48 55 59 60 61 71 
20 33 48 55 59 60 61 69 70 
20 33 44 55 59 62 75 
20 33 44 55 59 62 73 74 
20 33 44 55 59 60 61 75 
20 33 44 55 59 60 61 73 74 
20 33 44 48 55 59 62 
20 33 44 48 55 59 60 61 
20 33 35 55 59 71 75 
20 33 35 55 59 71 73 74 
20 33 35 55 59 69 70 75 
20 33 35 55 59 69 70 73 74 
20 33 35 48 55 59 71 
20 33 35 48 55 59 69 70 
20 33 35 44 55 59 75 
20 33 35 44 55 59 73 74 
20 33 35 44 48 55 59 
19 55 59 60 62 71 75 
19 55 59 60 62 71 73 74 
19 55 59 60 62 69 70 75 
19 55 59 60 62 69 70 73 74 
19 55 59 60 61 71 75 
19 55 59 60 61 71 73 74 
19 55 59 60 61 69 70 75 
19 55 59 60 61 69 70 73 74 
19 55 58 59 62 71 75 
19 55 58 59 62 71 73 74 
19 55 58 59 62 69 70 75 
19 55 58 59 62 69 70 73 74 
19 55 58 59 60 61 71 75 
19 55 58 59 60 61 71 73 74 
19 55 58 59 60 61 69 70 75 
19 55 58 59 60 61 69 70 73 74 
19 48 55 59 60 62 71 
19 48 55 59 60 62 69 70 
19 48 55 59 60 61 71 
19 48 55 59 60 61 69 70 
19 48 55 58 59 62 71 
19 48 55 58 59 62 69 70 
19 48 55 58 59 60 61 71 
19 48 55 58 59 60 61 69 70 
19 44 55 59 60 62 75 
19 44 55 59 60 62 73 74 
19 44 55 59 60 61 75 
19 44 55 59 60 61 73 74 
19 44 55 58 59 62 75 
19 44 55 58 59 62 73 74 
19 44 55 58 59 60 61 75 
19 44 55 58 59 60 61 73 74 
19 44 48 55 59 60 62 
19 44 48 55 59 60 61 
19 44 48 55 58 59 62 
19 44 48 55 58 59 60 61 
19 35 55 59 60 71 75 
19 35 55 59 60 71 73 74 
19 35 55 59 60 69 70 75 
19 35 55 59 60 69 70 73 74 
19 35 55 58 59 71 75 
19 35 55 58 59 71 73 74 
19 35 55 58 59 69 70 75 
19 35 55 58 59 69 70 73 74 
19 35 48 55 59 60 71 
19 35 48 55 59 60 69 70 
19 35 48 55 58 59 71 
19 35 48 55 58 59 69 70 
19 35 44 55 59 60 75 
19 35 44 55 59 60 73 74 
19 35 44 55 58 59 75 
19 35 44 55 58 59 73 74 
19 35 44 48 55 59 60 
19 35 44 48 55 58 59 
19 33 55 59 62 71 75 
19 33 55 59 62 71 73 74 
19 33 55 59 62 69 70 75 
19 33 55 59 62 69 70 73 74 
19 33 55 59 60 61 71 75 
19 33 55 59 60 61 71 73 74 
19 33 55 59 60 61 69 70 75 
19 33 55 59 60 61 69 70 73 74 
19 33 48 55 59 62 71 
19 33 48 55 59 62 69 70 
19 33 48 55 59 60 61 71 
19 33 48 55 59 60 61 69 70 
19 33 44 55 59 62 75 
19 33 44 55 59 62 73 74 
19 33 44 55 59 60 61 75 
19 33 44 55 59 60 61 73 74 
19 33 44 48 55 59 62 
19 33 44 48 55 59 60 61 
19 33 35 55 59 71 75 
19 33 35 55 59 71 73 74 
19 33 35 55 59 69 70 75 
19 33 35 55 59 69 70 73 74 
19 33 35 48 55 59 71 
19 33 35 48 55 59 69 70 
19 33 35 44 55 59 75 
19 33 35 44 55 59 73 74 
19 33 35 44 48 55 59 
15 55 63 64 71 
15 55 63 64 71 77 
15 55 63 64 71 75 76 
15 55 63 64 71 73 
15 55 63 64 71 73 77 
15 55 63 64 71 73 75 76 
15 55 63 64 71 72 
15 55 63 64 71 72 77 
15 55 63 64 71 72 75 76 
15 55 63 64 69 70 
15 55 63 64 69 70 77 
15 55 63 64 69 70 75 76 
15 55 63 64 69 70 73 
15 55 63 64 69 70 73 77 
15 55 63 64 69 70 73 75 76 
15 55 63 64 69 70 71 72 
15 55 63 64 69 70 71 72 77 
15 55 63 64 69 70 71 72 75 76 
15 55 62 63 71 
15 55 62 63 71 77 
15 55 62 63 71 75 76 
15 55 62 63 71 73 
15 55 62 63 71 73 77 
15 55 62 63 71 73 75 76 
15 55 62 63 71 72 
15 55 62 63 71 72 77 
15 55 62 63 71 72 75 76 
15 55 62 63 69 70 
15 55 62 63 69 70 77 
15 55 62 63 69 70 75 76 
15 55 62 63 69 70 73 
15 55 62 63 69 70 73 77 
15 55 62 63 69 70 73 75 76 
15 55 62 63 69 70 71 72 
15 55 62 63 69 70 71 72 77 
15 55 62 63 69 70 71 72 75 76 
15 55 58 63 64 71 
15 55 58 63 64 69 70 
15 55 58 62 63 71 
15 55 58 62 63 69 70 
15 55 56 57 63 64 71 
15 55 56 57 63 64 69 70 
15 55 56 57 62 63 71 
15 55 56 57 62 63 69 70 
15 50 55 63 64 71 
15 50 55 63 64 71 73 
15 50 55 63 64 71 72 
15 50 55 63 64 69 70 
15 50 55 63 64 69 70 73 
15 50 55 63 64 69 70 71 72 
15 50 55 62 63 71 
15 50 55 62 63 71 73 
15 50 55 62 63 71 72 
15 50 55 62 63 69 70 
15 50 55 62 63 69 70 73 
15 50 55 62 63 69 70 71 72 
15 46 55 63 64 71 
15 46 55 63 64 71 77 
15 46 55 63 64 71 75 76 
15 46 55 63 64 69 70 
15 46 55 63 64 69 70 77 
15 46 55 63 64 69 70 75 76 
15 46 55 62 63 71 
15 46 55 62 63 71 77 
15 46 55 62 63 71 75 76 
15 46 55 62 63 69 70 
15 46 55 62 63 69 70 77 
15 46 55 62 63 69 70 75 76 
15 46 50 55 63 64 71 
15 46 50 55 63 64 69 70 
15 46 50 55 62 63 71 
15 46 50 55 62 63 69 70 
15 44 55 63 64 
15 44 55 63 64 77 
15 44 55 63 64 75 76 
15 44 55 63 64 73 
15 44 55 63 64 73 77 
15 44 55 63 64 73 75 76 
15 44 55 63 64 71 72 
15 44 55 63 64 71 72 77 
15 44 55 63 64 71 72 75 76 
15 44 55 62 63 
15 44 55 62 63 77 
15 44 55 62 63 75 76 
15 44 55 62 63 73 
15 44 55 62 63 73 77 
15 44 55 62 63 73 75 76 
15 44 55 62 63 71 72 
15 44 55 62 63 71 72 77 
15 44 55 62 63 71 72 75 76 
15 44 55 58 63 64 
15 44 55 58 62 63 
15 44 55 56 57 63 64 
15 44 55 56 57 62 63 
15 44 50 55 63 64 
15 44 50 55 63 64 73 
15 44 50 55 63 64 71 72 
15 44 50 55 62 63 
15 44 50 55 62 63 73 
15 44 50 55 62 63 71 72 
15 44 46 55 63 64 
15 44 46 55 63 64 77 
15 44 46 55 63 64 75 76 
15 44 46 55 62 63 
15 44 46 55 62 63 77 
15 44 46 55 62 63 75 76 
15 44 46 50 55 63 64 
15 44 46 50 55 62 63 
15 37 55 63 71 
15 37 55 63 71 77 
15 37 55 63 71 75 76 
15 37 55 63 71 73 
15 37 55 63 71 73 77 
15 37 55 63 71 73 75 76 
15 37 55 63 71 72 
15 37 55 63 71 72 77 
15 37 55 63 71 72 75 76 
15 37 55 63 69 70 
15 37 55 63 69 70 77 
15 37 55 63 69 70 75 76 
15 37 55 63 69 70 73 
15 37 55 63 69 70 73 77 
15 37 55 63 69 70 73 75 76 
15 37 55 63 69 70 71 72 
15 37 55 63 69 70 71 72 77 
15 37 55 63 69 70 71 72 75 76 
15 37 55 58 63 71 
15 37 55 58 63 69 70 
15 37 55 56 57 63 71 
15 37 55 56 57 63 69 70 
15 37 50 55 63 71 
15 37 50 55 63 71 73 
15 37 50 55 63 71 72 
15 37 50 55 63 69 70 
15 37 50 55 63 69 70 73 
15 37 50 55 63 69 70 71 72 
15 37 46 55 63 71 
15 37 46 55 63 71 77 
15 37 46 55 63 71 75 76 
15 37 46 55 63 69 70 
15 37 46 55 63 69 70 77 
15 37 46 55 63 69 70 75 76 
15 37 46 50 55 63 71 
15 37 46 50 55 63 69 70 
15 37 44 55 63 
15 37 44 55 63 77 
15 37 44 55 63 75 76 
15 37 44 55 63 73 
15 37 44 55 63 73 77 
15 37 44 55 63 73 75 76 
15 37 44 55 63 71 72 
15 37 44 55 63 71 72 77 
15 37 44 55 63 71 72 75 76 
15 37 44 55 58 63 
15 37 44 55 56 57 63 
15 37 44 50 55 63 
15 37 44 50 55 63 73 
15 37 44 50 55 63 71 72 
15 37 44 46 55 63 
15 37 44 46 55 63 77 
15 37 44 46 55 63 75 76 
15 37 44 46 50 55 63 
15 31 55 63 64 71 
15 31 55 63 64 69 70 
15 31 55 62 63 71 
15 31 55 62 63 69 70 
15 31 44 55 63 64 
15 31 44 55 62 63 
15 31 37 55 63 71 
15 31 37 55 63 69 70 
15 31 37 44 55 63 
14 57 59 73 75 77 
14 57 59 73 75 76 
14 57 59 73 74 77 
14 57 59 73 74 75 76 
14 57 59 71 72 75 77 
14 57 59 71 72 75 76 
14 57 59 71 72 73 74 77 
14 57 59 71 72 73 74 75 76 
14 50 57 59 73 75 
14 50 57 59 73 74 
14 50 57 59 71 72 75 
14 50 57 59 71 72 73 74 
14 48 57 59 73 77 
14 48 57 59 73 75 76 
14 48 57 59 71 72 77 
14 48 57 59 71 72 75 76 
14 48 50 57 59 73 
14 48 50 57 59 71 72 
14 46 57 59 75 77 
14 46 57 59 75 76 
14 46 57 59 73 74 77 
14 46 57 59 73 74 75 76 
14 46 50 57 59 75 
14 46 50 57 59 73 74 
14 46 48 57 59 77 
14 46 48 57 59 75 76 
14 46 48 50 57 59 
13 14 55 63 64 71 
13 14 55 63 64 71 77 
13 14 55 63 64 71 75 76 
13 14 55 63 64 71 73 
13 14 55 63 64 71 73 77 
13 14 55 63 64 71 73 75 76 
13 14 55 63 64 71 72 
13 14 55 63 64 71 72 77 
13 14 55 63 64 71 72 75 76 
13 14 55 63 64 69 70 
13 14 55 63 64 69 70 77 
13 14 55 63 64 69 70 75 76 
13 14 55 63 64 69 70 73 
13 14 55 63 64 69 70 73 77 
13 14 55 63 64 69 70 73 75 76 
13 14 55 63 64 69 70 71 72 
13 14 55 63 64 69 70 71 72 77 
13 14 55 63 64 69 70 71 72 75 76 
13 14 55 62 63 71 
13 14 55 62 63 71 77 
13 14 55 62 63 71 75 76 
13 14 55 62 63 71 73 
13 14 55 62 63 71 73 77 
13 14 55 62 63 71 73 75 76 
13 14 55 62 63 71 72 
13 14 55 62 63 71 72 77 
13 14 55 62 63 71 72 75 76 
13 14 55 62 63 69 70 
13 14 55 62 63 69 70 77 
13 14 55 62 63 69 70 75 76 
13 14 55 62 63 69 70 73 
13 14 55 62 63 69 70 73 77 
13 14 55 62 63 69 70 73 75 76 
13 14 55 62 63 69 70 71 72 
13 14 55 62 63 69 70 71 72 77 
13 14 55 62 63 69 70 71 72 75 76 
13 14 55 58 63 64 71 
13 14 55 58 63 64 69 70 
13 14 55 58 62 63 71 
13 14 55 58 62 63 69 70 
13 14 55 56 57 63 64 71 
13 14 55 56 57 63 64 69 70 
13 14 55 56 57 62 63 71 
13 14 55 56 57 62 63 69 70 
13 14 50 55 63 64 71 
13 14 50 55 63 64 71 73 
13 14 50 55 63 64 71 72 
13 14 50 55 63 64 69 70 
13 14 50 55 63 64 69 70 73 
13 14 50 55 63 64 69 70 71 72 
13 14 50 55 62 63 71 
13 14 50 55 62 63 71 73 
13 14 50 55 62 63 71 72 
13 14 50 55 62 63 69 70 
13 14 50 55 62 63 69 70 73 
13 14 50 55 62 63 69 70 71 72 
13 14 46 55 63 64 71 
13 14 46 55 63 64 71 77 
13 14 46 55 63 64 71 75 76 
13 14 46 55 63 64 69 70 
13 14 46 55 63 64 69 70 77 
13 14 46 55 63 64 69 70 75 76 
13 14 46 55 62 63 71 
13 14 46 55 62 63 71 77 
13 14 46 55 62 63 71 75 76 
13 14 46 55 62 63 69 70 
13 14 46 55 62 63 69 70 77 
13 14 46 55 62 63 69 70 75 76 
13 14 46 50 55 63 64 71 
13 14 46 50 55 63 64 69 70 
13 14 46 50 55 62 63 71 
13 14 46 50 55 62 63 69 70 
13 14 44 55 63 64 
13 14 44 55 63 64 77 
13 14 44 55 63 64 75 76 
13 14 44 55 63 64 73 
13 14 44 55 63 64 73 77 
13 14 44 55 63 64 73 75 76 
13 14 44 55 63 64 71 72 
13 14 44 55 63 64 71 72 77 
13 14 44 55 63 64 71 72 75 76 
13 14 44 55 62 63 
13 14 44 55 62 63 77 
13 14 44 55 62 63 75 76 
13 14 44 55 62 63 73 
13 14 44 55 62 63 73 77 
13 14 44 55 62 63 73 75 76 
13 14 44 55 62 63 71 72 
13 14 44 55 62 63 71 72 77 
13 14 44 55 62 63 71 72 75 76 
13 14 44 55 58 63 64 
13 14 44 55 58 62 63 
13 14 44 55 56 57 63 64 
13 14 44 55 56 57 62 63 
13 14 44 50 55 63 64 
13 14 44 50 55 63 64 73 
13 14 44 50 55 63 64 71 72 
13 14 44 50 55 62 63 
13 14 44 50 55 62 63 73 
13 14 44 50 55 62 63 71 72 
13 14 44 46 55 63 64 
13 14 44 46 55 63 64 77 
13 14 44 46 55 63 64 75 76 
13 14 44 46 55 62 63 
13 14 44 46 55 62 63 77 
13 14 44 46 55 62 63 75 76 
13 14 44 46 50 55 63 64 
13 14 44 46 50 55 62 63 
13 14 37 55 63 71 
13 14 37 55 63 71 77 
13 14 37 55 63 71 75 76 
13 14 37 55 63 71 73 
13 14 37 55 63 71 73 77 
13 14 37 55 63 71 73 75 76 
13 14 37 55 63 71 72 
13 14 37 55 63 71 72 77 
13 14 37 55 63 71 72 75 76 
13 14 37 55 63 69 70 
13 14 37 55 63 69 70 77 
13 14 37 55 63 69 70 75 76 
13 14 37 55 63 69 70 73 
13 14 37 55 63 69 70 73 77 
13 14 37 55 63 69 70 73 75 76 
13 14 37 55 63 69 70 71 72 
13 14 37 55 63 69 70 71 72 77 
13 14 37 55 63 69 70 71 72 75 76 
13 14 37 55 58 63 71 
13 14 37 55 58 63 69 70 
13 14 37 55 56 57 63 71 
13 14 37 55 56 57 63 69 70 
13 14 37 50 55 63 71 
13 14 37 50 55 63 71 73 
13 14 37 50 55 63 71 72 
13 14 37 50 55 63 69 70 
13 14 37 50 55 63 69 70 73 
13 14 37 50 55 63 69 70 71 72 
13 14 37 46 55 63 71 
13 14 37 46 55 63 71 77 
13 14 37 46 55 63 71 75 76 
13 14 37 46 55 63 69 70 
13 14 37 46 55 63 69 70 77 
13 14 37 46 55 63 69 70 75 76 
13 14 37 46 50 55 63 71 
13 14 37 46 50 55 63 69 70 
13 14 37 44 55 63 
13 14 37 44 55 63 77 
13 14 37 44 55 63 75 76 
13 14 37 44 55 63 73 
13 14 37 44 55 63 73 77 
13 14 37 44 55 63 73 75 76 
13 14 37 44 55 63 71 72 
13 14 37 44 55 63 71 72 77 
13 14 37 44 55 63 71 72 75 76 
13 14 37 44 55 58 63 
13 14 37 44 55 56 57 63 
13 14 37 44 50 55 63 
13 14 37 44 50 55 63 73 
13 14 37 44 50 55 63 71 72 
13 14 37 44 46 55 63 
13 14 37 44 46 55 63 77 
13 14 37 44 46 55 63 75 76 
13 14 37 44 46 50 55 63 
13 14 31 55 63 64 71 
13 14 31 55 63 64 69 70 
13 14 31 55 62 63 71 
13 14 31 55 62 63 69 70 
13 14 31 44 55 63 64 
13 14 31 44 55 62 63 
13 14 31 37 55 63 71 
13 14 31 37 55 63 69 70 
13 14 31 37 44 55 63 
3 55 63 64 71 
3 55 63 64 71 77 
3 55 63 64 71 75 76 
3 55 63 64 71 73 
3 55 63 64 71 73 77 
3 55 63 64 71 73 75 76 
3 55 63 64 71 72 
3 55 63 64 71 72 77 
3 55 63 64 71 72 75 76 
3 55 63 64 69 70 
3 55 63 64 69 70 77 
3 55 63 64 69 70 75 76 
3 55 63 64 69 70 73 
3 55 63 64 69 70 73 77 
3 55 63 64 69 70 73 75 76 
3 55 63 64 69 70 71 72 
3 55 63 64 69 70 71 72 77 
3 55 63 64 69 70 71 72 75 76 
3 55 62 63 71 
3 55 62 63 71 77 
3 55 62 63 71 75 76 
3 55 62 63 71 73 
3 55 62 63 71 73 77 
3 55 62 63 71 73 75 76 
3 55 62 63 71 72 
3 55 62 63 71 72 77 
3 55 62 63 71 72 75 76 
3 55 62 63 69 70 
3 55 62 63 69 70 77 
3 55 62 63 69 70 75 76 
3 55 62 63 69 70 73 
3 55 62 63 69 70 73 77 
3 55 62 63 69 70 73 75 76 
3 55 62 63 69 70 71 72 
3 55 62 63 69 70 71 72 77 
3 55 62 63 69 70 71 72 75 76 
3 55 58 63 64 71 
3 55 58 63 64 69 70 
3 55 58 62 63 71 
3 55 58 62 63 69 70 
3 55 58 59 63 71 
3 55 58 59 63 69 70 
3 55 56 57 63 64 71 
3 55 56 57 63 64 69 70 
3 55 56 57 62 63 71 
3 55 56 57 62 63 69 70 
3 55 56 57 59 63 71 
3 55 56 57 59 63 69 70 
3 50 55 63 64 71 
3 50 55 63 64 71 73 
3 50 55 63 64 71 72 
3 50 55 63 64 69 70 
3 50 55 63 64 69 70 73 
3 50 55 63 64 69 70 71 72 
3 50 55 62 63 71 
3 50 55 62 63 71 73 
3 50 55 62 63 71 72 
3 50 55 62 63 69 70 
3 50 55 62 63 69 70 73 
3 50 55 62 63 69 70 71 72 
3 46 55 63 64 71 
3 46 55 63 64 71 77 
3 46 55 63 64 71 75 76 
3 46 55 63 64 69 70 
3 46 55 63 64 69 70 77 
3 46 55 63 64 69 70 75 76 
3 46 55 62 63 71 
3 46 55 62 63 71 77 
3 46 55 62 63 71 75 76 
3 46 55 62 63 69 70 
3 46 55 62 63 69 70 77 
3 46 55 62 63 69 70 75 76 
3 46 50 55 63 64 71 
3 46 50 55 63 64 69 70 
3 46 50 55 62 63 71 
3 46 50 55 62 63 69 70 
3 44 55 63 64 
3 44 55 63 64 77 
3 44 55 63 64 75 76 
3 44 55 63 64 73 
3 44 55 63 64 73 77 
3 44 55 63 64 73 75 76 
3 44 55 63 64 71 72 
3 44 55 63 64 71 72 77 
3 44 55 63 64 71 72 75 76 
3 44 55 62 63 
3 44 55 62 63 77 
3 44 55 62 63 75 76 
3 44 55 62 63 73 
3 44 55 62 63 73 77 
3 44 55 62 63 73 75 76 
3 44 55 62 63 71 72 
3 44 55 62 63 71 72 77 
3 44 55 62 63 71 72 75 76 
3 44 55 58 63 64 
3 44 55 58 62 63 
3 44 55 58 59 63 
3 44 55 56 57 63 64 
3 44 55 56 57 62 63 
3 44 55 56 57 59 63 
3 44 50 55 63 64 
3 44 50 55 63 64 73 
3 44 50 55 63 64 71 72 
3 44 50 55 62 63 
3 44 50 55 62 63 73 
3 44 50 55 62 63 71 72 
3 44 46 55 63 64 
3 44 46 55 63 64 77 
3 44 46 55 63 64 75 76 
3 44 46 55 62 63 
3 44 46 55 62 63 77 
3 44 46 55 62 63 75 76 
3 44 46 50 55 63 64 
3 44 46 50 55 62 63 
3 37 55 63 71 
3 37 55 63 71 77 
3 37 55 63 71 75 76 
3 37 55 63 71 73 
3 37 55 63 71 73 77 
3 37 55 63 71 73 75 76 
3 37 55 63 71 72 
3 37 55 63 71 72 77 
3 37 55 63 71 72 75 76 
3 37 55 63 69 70 
3 37 55 63 69 70 77 
3 37 55 63 69 70 75 76 
3 37 55 63 69 70 73 
3 37 55 63 69 70 73 77 
3 37 55 63 69 70 73 75 76 
3 37 55 63 69 70 71 72 
3 37 55 63 69 70 71 72 77 
3 37 55 63 69 70 71 72 75 76 
3 37 55 58 63 71 
3 37 55 58 63 69 70 
3 37 55 56 57 63 71 
3 37 55 56 57 63 69 70 
3 37 50 55 63 71 
3 37 50 55 63 71 73 
3 37 50 55 63 71 72 
3 37 50 55 63 69 70 
3 37 50 55 63 69 70 73 
3 37 50 55 63 69 70 71 72 
3 37 46 55 63 71 
3 37 46 55 63 71 77 
3 37 46 55 63 71 75 76 
3 37 46 55 63 69 70 
3 37 46 55 63 69 70 77 
3 37 46 55 63 69 70 75 76 
3 37 46 50 55 63 71 
3 37 46 50 55 63 69 70 
3 37 44 55 63 
3 37 44 55 63 77 
3 37 44 55 63 75 76 
3 37 44 55 63 73 
3 37 44 55 63 73 77 
3 37 44 55 63 73 75 76 
3 37 44 55 63 71 72 
3 37 44 55 63 71 72 77 
3 37 44 55 63 71 72 75 76 
3 37 44 55 58 63 
3 37 44 55 56 57 63 
3 37 44 50 55 63 
3 37 44 50 55 63 73 
3 37 44 50 55 63 71 72 
3 37 44 46 55 63 
3 37 44 46 55 63 77 
3 37 44 46 55 63 75 76 
3 37 44 46 50 55 63 
3 31 55 63 64 71 
3 31 55 63 64 69 70 
3 31 55 62 63 71 
3 31 55 62 63 69 70 
3 31 55 59 63 71 
3 31 55 59 63 69 70 
3 31 44 55 63 64 
3 31 44 55 62 63 
3 31 44 55 59 63 
3 31 37 55 63 71 
3 31 37 55 63 69 70 
3 31 37 44 55 63 
2 55 63 64 71 
2 55 63 64 71 77 
2 55 63 64 71 75 76 
2 55 63 64 71 73 
2 55 63 64 71 73 77 
2 55 63 64 71 73 75 76 
2 55 63 64 71 72 
2 55 63 64 71 72 77 
2 55 63 64 71 72 75 76 
2 55 63 64 69 70 
2 55 63 64 69 70 77 
2 55 63 64 69 70 75 76 
2 55 63 64 69 70 73 
2 55 63 64 69 70 73 77 
2 55 63 64 69 70 73 75 76 
2 55 63 64 69 70 71 72 
2 55 63 64 69 70 71 72 77 
2 55 63 64 69 70 71 72 75 76 
2 55 62 63 71 
2 55 62 63 71 77 
2 55 62 63 71 75 76 
2 55 62 63 71 73 
2 55 62 63 71 73 77 
2 55 62 63 71 73 75 76 
2 55 62 63 71 72 
2 55 62 63 71 72 77 
2 55 62 63 71 72 75 76 
2 55 62 63 69 70 
2 55 62 63 69 70 77 
2 55 62 63 69 70 75 76 
2 55 62 63 69 70 73 
2 55 62 63 69 70 73 77 
2 55 62 63 69 70 73 75 76 
2 55 62 63 69 70 71 72 
2 55 62 63 69 70 71 72 77 
2 55 62 63 69 70 71 72 75 76 
2 55 58 63 64 71 
2 55 58 63 64 69 70 
2 55 58 62 63 71 
2 55 58 62 63 69 70 
2 55 56 57 63 64 71 
2 55 56 57 63 64 69 70 
2 55 56 57 62 63 71 
2 55 56 57 62 63 69 70 
2 50 55 63 64 71 
2 50 55 63 64 71 73 
2 50 55 63 64 71 72 
2 50 55 63 64 69 70 
2 50 55 63 64 69 70 73 
2 50 55 63 64 69 70 71 72 
2 50 55 62 63 71 
2 50 55 62 63 71 73 
2 50 55 62 63 71 72 
2 50 55 62 63 69 70 
2 50 55 62 63 69 70 73 
2 50 55 62 63 69 70 71 72 
2 46 55 63 64 71 
2 46 55 63 64 71 77 
2 46 55 63 64 71 75 76 
2 46 55 63 64 69 70 
2 46 55 63 64 69 70 77 
2 46 55 63 64 69 70 75 76 
2 46 55 62 63 71 
2 46 55 62 63 71 77 
2 46 55 62 63 71 75 76 
2 46 55 62 63 69 70 
2 46 55 62 63 69 70 77 
2 46 55 62 63 69 70 75 76 
2 46 50 55 63 64 71 
2 46 50 55 63 64 69 70 
2 46 50 55 62 63 71 
2 46 50 55 62 63 69 70 
2 44 55 63 64 
2 44 55 63 64 77 
2 44 55 63 64 75 76 
2 44 55 63 64 73 
2 44 55 63 64 73 77 
2 44 55 63 64 73 75 76 
2 44 55 63 64 71 72 
2 44 55 63 64 71 72 77 
2 44 55 63 64 71 72 75 76 
2 44 55 62 63 
2 44 55 62 63 77 
2 44 55 62 63 75 76 
2 44 55 62 63 73 
2 44 55 62 63 73 77 
2 44 55 62 63 73 75 76 
2 44 55 62 63 71 72 
2 44 55 62 63 71 72 77 
2 44 55 62 63 71 72 75 76 
2 44 55 58 63 64 
2 44 55 58 62 63 
2 44 55 56 57 63 64 
2 44 55 56 57 62 63 
2 44 50 55 63 64 
2 44 50 55 63 64 73 
2 44 50 55 63 64 71 72 
2 44 50 55 62 63 
2 44 50 55 62 63 73 
2 44 50 55 62 63 71 72 
2 44 46 55 63 64 
2 44 46 55 63 64 77 
2 44 46 55 63 64 75 76 
2 44 46 55 62 63 
2 44 46 55 62 63 77 
2 44 46 55 62 63 75 76 
2 44 46 50 55 63 64 
2 44 46 50 55 62 63 
2 37 55 63 71 
2 37 55 63 71 77 
2 37 55 63 71 75 76 
2 37 55 63 71 73 
2 37 55 63 71 73 77 
2 37 55 63 71 73 75 76 
2 37 55 63 71 72 
2 37 55 63 71 72 77 
2 37 55 63 71 72 75 76 
2 37 55 63 69 70 
2 37 55 63 69 70 77 
2 37 55 63 69 70 75 76 
2 37 55 63 69 70 73 
2 37 55 63 69 70 73 77 
2 37 55 63 69 70 73 75 76 
2 37 55 63 69 70 71 72 
2 37 55 63 69 70 71 72 77 
2 37 55 63 69 70 71 72 75 76 
2 37 55 58 63 71 
2 37 55 58 63 69 70 
2 37 55 56 57 63 71 
2 37 55 56 57 63 69 70 
2 37 50 55 63 71 
2 37 50 55 63 71 73 
2 37 50 55 63 71 72 
2 37 50 55 63 69 70 
2 37 50 55 63 69 70 73 
2 37 50 55 63 69 70 71 72 
2 37 46 55 63 71 
2 37 46 55 63 71 77 
2 37 46 55 63 71 75 76 
2 37 46 55 63 69 70 
2 37 46 55 63 69 70 77 
2 37 46 55 63 69 70 75 76 
2 37 46 50 55 63 71 
2 37 46 50 55 63 69 70 
2 37 44 55 63 
2 37 44 55 63 77 
2 37 44 55 63 75 76 
2 37 44 55 63 73 
2 37 44 55 63 73 77 
2 37 44 55 63 73 75 76 
2 37 44 55 63 71 72 
2 37 44 55 63 71 72 77 
2 37 44 55 63 71 72 75 76 
2 37 44 55 58 63 
2 37 44 55 56 57 63 
2 37 44 50 55 63 
2 37 44 50 55 63 73 
2 37 44 50 55 63 71 72 
2 37 44 46 55 63 
2 37 44 46 55 63 77 
2 37 44 46 55 63 75 76 
2 37 44 46 50 55 63 
2 31 55 63 64 71 
2 31 55 63 64 69 70 
2 31 55 62 63 71 
2 31 55 62 63 69 70 
2 31 44 55 63 64 
2 31 44 55 62 63 
2 31 37 55 63 71 
2 31 37 55 63 69 70 
2 31 37 44 55 63 
