79
78
77
77 78
76 77
75 76
73
72
71
71 72
70 71
69
69 70
68 71
68 69 70
67
67 79
67 77 78
67 77 78 79
67 75 76 78 79
66 69
66 67
66 67 68
65
65 77
65 75 76
65 67 79
65 67 77
65 67 77 79
65 67 75 76
65 67 75 76 79
65 67 75 76 77 78
65 66
65 66 79
65 66 77
65 66 77 79
65 66 77 78 79
65 66 75 76
65 66 75 76 79
65 66 75 76 78 79
65 66 75 76 77 78
65 66 67 79
65 66 67 77 78
64 67 79
64 67 77 78
64 65
64 65 77
64 65 75 76
64 65 67
64 65 67 77
64 65 67 77 79
64 65 67 77 78
64 65 67 75 76
64 65 67 75 76 79
64 65 67 75 76 77 78
64 65 66
64 65 66 79
64 65 66 77
64 65 66 77 79
64 65 66 75 76
64 65 66 75 76 79
64 65 66 75 76 77 78
63
63 67 79
63 67 77 78
63 65 67
63 65 66
63 65 66 79
63 65 66 77 78
63 64 79
63 64 77 78
63 64 65
62 63
62 63 67 79
62 63 67 77 78
62 63 65 67
62 63 65 66
62 63 65 66 79
62 63 65 66 77 78
61 67 79
61 67 77 78
61 65 67
61 65 66
61 65 66 79
61 65 66 77 78
59
59 79
59 77 78
59 69 71 73
59 69 71 72
59 69 70 73
59 69 70 71 72
59 68
59 67 79
59 67 77 78
59 67 68 79
59 67 68 77 78
59 67 68 71 73
59 67 68 71 72
59 67 68 69 70 73
59 67 68 69 70 71 72
59 65 79
59 65 77 78
59 65 67
59 65 67 68
59 65 66
59 65 66 79
59 65 66 77 78
59 65 66 68 79
59 65 66 68 77 78
59 64
59 63 64 79
59 63 64 77 78
59 63 64 65
59 60 69 71
59 60 69 70
59 60 67 68 71
59 60 67 68 69 70
58 59 69 71
58 59 69 71 73
58 59 69 71 72
58 59 69 70
58 59 69 70 73
58 59 69 70 71 72
58 59 67 68 71
58 59 67 68 71 73
58 59 67 68 71 72
58 59 67 68 69 70
58 59 67 68 69 70 73
58 59 67 68 69 70 71 72
58 59 60 69 71 73
58 59 60 69 71 72
58 59 60 69 70 73
58 59 60 69 70 71 72
58 59 60 67 68 71 73
58 59 60 67 68 71 72
58 59 60 67 68 69 70 73
58 59 60 67 68 69 70 71 72
57
57 77
57 75 76
57 67 79
57 67 77
57 67 77 79
57 67 75 76
57 67 75 76 79
57 67 75 76 77 78
57 65 67
57 65 67 77
57 65 67 75 76
57 65 66
57 65 66 79
57 65 66 77 79
57 65 66 75 76 79
57 65 66 75 76 77 78
57 62 67
57 62 65 66
57 59 71 73
57 59 71 72
57 59 69 71 73 75
57 59 69 71 73 74
57 59 69 71 72 75
57 59 69 71 72 73 74
57 59 69 70 73
57 59 69 70 73 75
57 59 69 70 73 74
57 59 69 70 71 72
57 59 69 70 71 72 75
57 59 69 70 71 72 73 74
57 59 67 68 71 73 75
57 59 67 68 71 73 74
57 59 67 68 71 72 75
57 59 67 68 71 72 73 74
57 59 67 68 69 70 73 75
57 59 67 68 69 70 73 74
57 59 67 68 69 70 71 72 75
57 59 67 68 69 70 71 72 73 74
55 59 73 79
55 59 73 77 78
55 59 71 72 79
55 59 71 72 77 78
54 59
54 59 67 79
54 59 67 77 78
54 59 65 66 79
54 59 65 66 77 78
53 67 77
53 67 75 76
53 65 66 77
53 65 66 75 76
52 68 71 79
52 68 71 77 78
52 68 69 70 79
52 68 69 70 77 78
52 67 71
52 67 69 70
52 65 68 71
52 65 68 69 70
52 65 67
52 65 67 77
52 65 67 75 76
52 65 66 77
52 65 66 75 76
52 65 66 71
52 65 66 69 70
52 65 66 67
52 64 67
52 64 65 67 77
52 64 65 67 75 76
52 64 65 66
52 64 65 66 77
52 64 65 66 75 76
52 63 67
52 63 65 66
52 63 64
52 62 63 67
52 62 63 65 66
52 61 67
52 61 65 66
52 59
52 59 67
52 59 67 68
52 59 65
52 59 65 66
52 59 65 66 68
52 59 63 64
52 57 67
52 57 67 77
52 57 67 75 76
52 57 65 66
52 57 65 66 77
52 57 65 66 75 76
52 55 59 73
52 55 59 71 72
52 54 59 67
52 54 59 65 66
52 53 59 67
52 53 59 67 79
52 53 59 67 77 78
52 53 59 65 66
52 53 59 65 66 79
52 53 59 65 66 77 78
51
51 59
50 67 78 79
50 65
50 65 67
50 65 67 79
50 65 67 77 78
50 65 66
50 65 66 79
50 65 66 78 79
50 65 66 77 78
50 64 65
50 64 65 67
50 64 65 67 79
50 64 65 67 77 78
50 64 65 66
50 64 65 66 79
50 64 65 66 77 78
50 57
50 57 67
50 57 67 79
50 57 67 77 78
50 57 65 67
50 57 65 66 79
50 57 65 66 77 78
50 53 67
50 53 65 66
50 52 65 67
50 52 65 66
50 52 64 65 67
50 52 64 65 66
50 52 57 67
50 52 57 65 66
50 51 68 71
50 51 68 71 79
50 51 68 71 77 78
50 51 68 69 70
50 51 68 69 70 79
50 51 68 69 70 77 78
50 51 67
50 51 67 71
50 51 67 69 70
50 51 65 68 71
50 51 65 68 69 70
50 51 65 66
50 51 65 66 71
50 51 65 66 69 70
50 51 52 68 71
50 51 52 68 69 70
48 57 59 69 71 73
48 57 59 69 71 72
48 57 59 69 70 73
48 57 59 69 70 71 72
48 57 59 67 68 71 73
48 57 59 67 68 71 72
48 57 59 67 68 69 70 73
48 57 59 67 68 69 70 71 72
46
46 59 69 71
46 59 69 70
46 59 67 68 71
46 59 67 68 69 70
46 58 59 69 71
46 58 59 69 70
46 58 59 67 68 71
46 58 59 67 68 69 70
46 58 59 60 69 71
46 58 59 60 69 70
46 58 59 60 67 68 71
46 58 59 60 67 68 69 70
46 57 59 71
46 57 59 69 71 75
46 57 59 69 71 73 74
46 57 59 69 70
46 57 59 69 70 75
46 57 59 69 70 73 74
46 57 59 67 68 71 75
46 57 59 67 68 71 73 74
46 57 59 67 68 69 70 75
46 57 59 67 68 69 70 73 74
46 55 59 79
46 55 59 77 78
46 52 55 59
46 48 57 59 69 71
46 48 57 59 69 70
46 48 57 59 67 68 71
46 48 57 59 67 68 69 70
45
44
44 68
44 59 69 73
44 59 69 71 72
44 59 67 68 73
44 59 67 68 71 72
44 59 60 69
44 59 60 67 68
44 58 59 69
44 58 59 69 73
44 58 59 69 71 72
44 58 59 67 68
44 58 59 67 68 73
44 58 59 67 68 71 72
44 58 59 60 69 73
44 58 59 60 69 71 72
44 58 59 60 67 68 73
44 58 59 60 67 68 71 72
44 57 59 73
44 57 59 71 72
44 57 59 69 73 75
44 57 59 69 73 74
44 57 59 69 71 72 75
44 57 59 69 71 72 73 74
44 57 59 67 68 73 75
44 57 59 67 68 73 74
44 57 59 67 68 71 72 75
44 57 59 67 68 71 72 73 74
44 52 68 79
44 52 68 77 78
44 52 67
44 52 65 68
44 52 65 66
44 50 51 68
44 50 51 68 79
44 50 51 68 77 78
44 50 51 67
44 50 51 65 68
44 50 51 65 66
44 50 51 52 68
44 48 57 59 69 73
44 48 57 59 69 71 72
44 48 57 59 67 68 73
44 48 57 59 67 68 71 72
44 46 59 69
44 46 59 67 68
44 46 58 59 69
44 46 58 59 67 68
44 46 58 59 60 69
44 46 58 59 60 67 68
44 46 57 59
44 46 57 59 69 75
44 46 57 59 69 73 74
44 46 57 59 67 68 75
44 46 57 59 67 68 73 74
44 46 48 57 59 69
44 46 48 57 59 67 68
43
43 68
43 68 71
43 68 71 79
43 68 71 77 78
43 68 69 70
43 68 69 70 79
43 68 69 70 77 78
43 67
43 67 71
43 67 69 70
43 65 68 71
43 65 68 69 70
43 65 66
43 65 66 71
43 65 66 69 70
43 59 71
43 59 69 70
43 58 59 71
43 58 59 69 70
43 57 71
43 57 69 70
43 57 58 71
43 57 58 69 70
43 56 57 71
43 56 57 69 70
43 56 57 59 71
43 56 57 59 69 70
43 52 68 71
43 52 68 69 70
43 44 68
43 44 68 79
43 44 68 77 78
43 44 67
43 44 65 68
43 44 65 66
43 44 59
43 44 58 59
43 44 57
43 44 57 58
43 44 56 57
43 44 56 57 59
43 44 52 68
42
42 66
42 59
42 59 71 73
42 59 71 72
42 59 69 70 73
42 59 69 70 71 72
42 59 60 71
42 59 60 69 70
42 58 59 71
42 58 59 71 73
42 58 59 71 72
42 58 59 69 70
42 58 59 69 70 73
42 58 59 69 70 71 72
42 58 59 60 71 73
42 58 59 60 71 72
42 58 59 60 69 70 73
42 58 59 60 69 70 71 72
42 57 59 71 73 75
42 57 59 71 73 74
42 57 59 71 72 75
42 57 59 71 72 73 74
42 57 59 69 70 73 75
42 57 59 69 70 73 74
42 57 59 69 70 71 72 75
42 57 59 69 70 71 72 73 74
42 48 57 59 71 73
42 48 57 59 71 72
42 48 57 59 69 70 73
42 48 57 59 69 70 71 72
42 46 59 71
42 46 59 69 70
42 46 58 59 71
42 46 58 59 69 70
42 46 58 59 60 71
42 46 58 59 60 69 70
42 46 57 59 71 75
42 46 57 59 71 73 74
42 46 57 59 69 70 75
42 46 57 59 69 70 73 74
42 46 48 57 59 71
42 46 48 57 59 69 70
42 44 59 73
42 44 59 71 72
42 44 59 60
42 44 58 59
42 44 58 59 73
42 44 58 59 71 72
42 44 58 59 60 73
42 44 58 59 60 71 72
42 44 57 59 73 75
42 44 57 59 73 74
42 44 57 59 71 72 75
42 44 57 59 71 72 73 74
42 44 48 57 59 73
42 44 48 57 59 71 72
42 44 46 59
42 44 46 58 59
42 44 46 58 59 60
42 44 46 57 59 75
42 44 46 57 59 73 74
42 44 46 48 57 59
41
41 42 68
41 42 68 71
41 42 68 71 79
41 42 68 71 77 78
41 42 68 69 70
41 42 68 69 70 79
41 42 68 69 70 77 78
41 42 67
41 42 67 79
41 42 67 77 78
41 42 67 71
41 42 67 69 70
41 42 65 68 71
41 42 65 68 69 70
41 42 65 67
41 42 65 66 79
41 42 65 66 77 78
41 42 65 66 71
41 42 65 66 69 70
41 42 59 71
41 42 59 69 70
41 42 58 59 71
41 42 58 59 69 70
41 42 57 71
41 42 57 69 70
41 42 57 58 71
41 42 57 58 69 70
41 42 56 57 71
41 42 56 57 69 70
41 42 56 57 59 71
41 42 56 57 59 69 70
41 42 52 68 71
41 42 52 68 69 70
41 42 52 67
41 42 52 65 66
41 42 44 68
41 42 44 68 79
41 42 44 68 77 78
41 42 44 67
41 42 44 65 68
41 42 44 65 66
41 42 44 59
41 42 44 58 59
41 42 44 57
41 42 44 57 58
41 42 44 56 57
41 42 44 56 57 59
41 42 44 52 68
40 77
40 77 78 79
40 75 76
40 75 76 78 79
40 67
40 67 79
40 67 77
40 67 77 78
40 67 75 76
40 65
40 65 79
40 65 77 79
40 65 75 76 79
40 65 75 76 77 78
40 65 67
40 65 67 77
40 65 67 75 76
40 64 79
40 64 77 78
40 64 65
40 64 65 77
40 64 65 77 79
40 64 65 77 78
40 64 65 75 76
40 64 65 75 76 79
40 64 65 75 76 77 78
40 63 79
40 63 77 78
40 63 65
40 62 63 79
40 62 63 77 78
40 62 63 65
40 61 79
40 61 77 78
40 61 65
40 59 79
40 59 77 78
40 59 68
40 59 68 79
40 59 68 77 78
40 59 65
40 59 65 68
40 57 79
40 57 77
40 57 77 79
40 57 75 76
40 57 75 76 79
40 57 75 76 77 78
40 57 65
40 57 65 77
40 57 65 75 76
40 57 62
40 54 59 79
40 54 59 77 78
40 53 77
40 53 75 76
40 52
40 52 71
40 52 69 70
40 52 67
40 52 65
40 52 65 77
40 52 65 75 76
40 52 64
40 52 64 65 77
40 52 64 65 75 76
40 52 63
40 52 62 63
40 52 61
40 52 59
40 52 59 68
40 52 57
40 52 57 77
40 52 57 75 76
40 52 54 59
40 52 53 59
40 52 53 59 79
40 52 53 59 77 78
40 50
40 50 78 79
40 50 67
40 50 65 79
40 50 65 77 78
40 50 65 67
40 50 64 65
40 50 64 65 79
40 50 64 65 77 78
40 50 57
40 50 57 79
40 50 57 77 78
40 50 57 65
40 50 53
40 50 52 65
40 50 52 64 65
40 50 52 57
40 50 51
40 50 51 71
40 50 51 69 70
40 44 52
40 44 50 51
40 43
40 43 71
40 43 69 70
40 43 44
40 41
40 41 42
40 41 42 79
40 41 42 77 78
40 41 42 71
40 41 42 69 70
40 41 42 65
40 41 42 52
40 41 42 44
39 59 69 71 73
39 59 69 71 72
39 59 69 70 73
39 59 69 70 71 72
39 59 67 68 71 73
39 59 67 68 71 72
39 59 67 68 69 70 73
39 59 67 68 69 70 71 72
39 59 60 69 71
39 59 60 69 70
39 59 60 67 68 71
39 59 60 67 68 69 70
39 58 59 69 71
39 58 59 69 70
39 58 59 67 68 71
39 58 59 67 68 69 70
39 57 59 69 71 73 75
39 57 59 69 71 73 74
39 57 59 69 71 72 75
39 57 59 69 71 72 73 74
39 57 59 69 70 73 75
39 57 59 69 70 73 74
39 57 59 69 70 71 72 75
39 57 59 69 70 71 72 73 74
39 57 59 67 68 71 73 75
39 57 59 67 68 71 73 74
39 57 59 67 68 71 72 75
39 57 59 67 68 71 72 73 74
39 57 59 67 68 69 70 73 75
39 57 59 67 68 69 70 73 74
39 57 59 67 68 69 70 71 72 75
39 57 59 67 68 69 70 71 72 73 74
39 57 59 60 69 71 73
39 57 59 60 69 71 72
39 57 59 60 69 70 73
39 57 59 60 69 70 71 72
39 57 59 60 67 68 71 73
39 57 59 60 67 68 71 72
39 57 59 60 67 68 69 70 73
39 57 59 60 67 68 69 70 71 72
39 57 58 59 69 71 73
39 57 58 59 69 71 72
39 57 58 59 69 70 73
39 57 58 59 69 70 71 72
39 57 58 59 67 68 71 73
39 57 58 59 67 68 71 72
39 57 58 59 67 68 69 70 73
39 57 58 59 67 68 69 70 71 72
39 48 57 59 69 71 73
39 48 57 59 69 71 72
39 48 57 59 69 70 73
39 48 57 59 69 70 71 72
39 48 57 59 67 68 71 73
39 48 57 59 67 68 71 72
39 48 57 59 67 68 69 70 73
39 48 57 59 67 68 69 70 71 72
39 46 59 69 71
39 46 59 69 70
39 46 59 67 68 71
39 46 59 67 68 69 70
39 46 57 59 69 71 75
39 46 57 59 69 71 73 74
39 46 57 59 69 70 75
39 46 57 59 69 70 73 74
39 46 57 59 67 68 71 75
39 46 57 59 67 68 71 73 74
39 46 57 59 67 68 69 70 75
39 46 57 59 67 68 69 70 73 74
39 46 57 59 60 69 71
39 46 57 59 60 69 70
39 46 57 59 60 67 68 71
39 46 57 59 60 67 68 69 70
39 46 57 58 59 69 71
39 46 57 58 59 69 70
39 46 57 58 59 67 68 71
39 46 57 58 59 67 68 69 70
39 46 48 57 59 69 71
39 46 48 57 59 69 70
39 46 48 57 59 67 68 71
39 46 48 57 59 67 68 69 70
39 44 59 69 73
39 44 59 69 71 72
39 44 59 67 68 73
39 44 59 67 68 71 72
39 44 59 60 69
39 44 59 60 67 68
39 44 58 59 69
39 44 58 59 67 68
39 44 57 59 69 73 75
39 44 57 59 69 73 74
39 44 57 59 69 71 72 75
39 44 57 59 69 71 72 73 74
39 44 57 59 67 68 73 75
39 44 57 59 67 68 73 74
39 44 57 59 67 68 71 72 75
39 44 57 59 67 68 71 72 73 74
39 44 57 59 60 69 73
39 44 57 59 60 69 71 72
39 44 57 59 60 67 68 73
39 44 57 59 60 67 68 71 72
39 44 57 58 59 69 73
39 44 57 58 59 69 71 72
39 44 57 58 59 67 68 73
39 44 57 58 59 67 68 71 72
39 44 48 57 59 69 73
39 44 48 57 59 69 71 72
39 44 48 57 59 67 68 73
39 44 48 57 59 67 68 71 72
39 44 46 59 69
39 44 46 59 67 68
39 44 46 57 59 69 75
39 44 46 57 59 69 73 74
39 44 46 57 59 67 68 75
39 44 46 57 59 67 68 73 74
39 44 46 57 59 60 69
39 44 46 57 59 60 67 68
39 44 46 57 58 59 69
39 44 46 57 58 59 67 68
39 44 46 48 57 59 69
39 44 46 48 57 59 67 68
39 42 59 71 73
39 42 59 71 72
39 42 59 69 70 73
39 42 59 69 70 71 72
39 42 59 60 71
39 42 59 60 69 70
39 42 58 59 71
39 42 58 59 69 70
39 42 57 59 71 73 75
39 42 57 59 71 73 74
39 42 57 59 71 72 75
39 42 57 59 71 72 73 74
39 42 57 59 69 70 73 75
39 42 57 59 69 70 73 74
39 42 57 59 69 70 71 72 75
39 42 57 59 69 70 71 72 73 74
39 42 57 59 60 71 73
39 42 57 59 60 71 72
39 42 57 59 60 69 70 73
39 42 57 59 60 69 70 71 72
39 42 57 58 59 71 73
39 42 57 58 59 71 72
39 42 57 58 59 69 70 73
39 42 57 58 59 69 70 71 72
39 42 48 57 59 71 73
39 42 48 57 59 71 72
39 42 48 57 59 69 70 73
39 42 48 57 59 69 70 71 72
39 42 46 59 71
39 42 46 59 69 70
39 42 46 57 59 71 75
39 42 46 57 59 71 73 74
39 42 46 57 59 69 70 75
39 42 46 57 59 69 70 73 74
39 42 46 57 59 60 71
39 42 46 57 59 60 69 70
39 42 46 57 58 59 71
39 42 46 57 58 59 69 70
39 42 46 48 57 59 71
39 42 46 48 57 59 69 70
39 42 44 59 73
39 42 44 59 71 72
39 42 44 59 60
39 42 44 58 59
39 42 44 57 59 73 75
39 42 44 57 59 73 74
39 42 44 57 59 71 72 75
39 42 44 57 59 71 72 73 74
39 42 44 57 59 60 73
39 42 44 57 59 60 71 72
39 42 44 57 58 59 73
39 42 44 57 58 59 71 72
39 42 44 48 57 59 73
39 42 44 48 57 59 71 72
39 42 44 46 59
39 42 44 46 57 59 75
39 42 44 46 57 59 73 74
39 42 44 46 57 59 60
39 42 44 46 57 58 59
39 42 44 46 48 57 59
38 79
38 77 78
38 65
38 59 79
38 59 77 78
38 59 65
38 52
38 52 59
37
37 67 79
37 67 77 78
37 65 67
37 65 66
37 65 66 79
37 65 66 77 78
37 52 67
37 52 65 66
37 40 79
37 40 77 78
37 40 65
37 40 52
37 38 59 69 71 73
37 38 59 69 71 72
37 38 59 69 70 73
37 38 59 69 70 71 72
37 38 59 67 68 71 73
37 38 59 67 68 71 72
37 38 59 67 68 69 70 73
37 38 59 67 68 69 70 71 72
37 38 59 60 69 71
37 38 59 60 69 70
37 38 59 60 67 68 71
37 38 59 60 67 68 69 70
37 38 58 59 69 71
37 38 58 59 69 70
37 38 58 59 67 68 71
37 38 58 59 67 68 69 70
37 38 57 59 69 71 73 75
37 38 57 59 69 71 73 74
37 38 57 59 69 71 72 75
37 38 57 59 69 71 72 73 74
37 38 57 59 69 70 73 75
37 38 57 59 69 70 73 74
37 38 57 59 69 70 71 72 75
37 38 57 59 69 70 71 72 73 74
37 38 57 59 67 68 71 73 75
37 38 57 59 67 68 71 73 74
37 38 57 59 67 68 71 72 75
37 38 57 59 67 68 71 72 73 74
37 38 57 59 67 68 69 70 73 75
37 38 57 59 67 68 69 70 73 74
37 38 57 59 67 68 69 70 71 72 75
37 38 57 59 67 68 69 70 71 72 73 74
37 38 57 59 60 69 71 73
37 38 57 59 60 69 71 72
37 38 57 59 60 69 70 73
37 38 57 59 60 69 70 71 72
37 38 57 59 60 67 68 71 73
37 38 57 59 60 67 68 71 72
37 38 57 59 60 67 68 69 70 73
37 38 57 59 60 67 68 69 70 71 72
37 38 57 58 59 69 71 73
37 38 57 58 59 69 71 72
37 38 57 58 59 69 70 73
37 38 57 58 59 69 70 71 72
37 38 57 58 59 67 68 71 73
37 38 57 58 59 67 68 71 72
37 38 57 58 59 67 68 69 70 73
37 38 57 58 59 67 68 69 70 71 72
37 38 48 57 59 69 71 73
37 38 48 57 59 69 71 72
37 38 48 57 59 69 70 73
37 38 48 57 59 69 70 71 72
37 38 48 57 59 67 68 71 73
37 38 48 57 59 67 68 71 72
37 38 48 57 59 67 68 69 70 73
37 38 48 57 59 67 68 69 70 71 72
37 38 46 59 69 71
37 38 46 59 69 70
37 38 46 59 67 68 71
37 38 46 59 67 68 69 70
37 38 46 57 59 69 71 75
37 38 46 57 59 69 71 73 74
37 38 46 57 59 69 70 75
37 38 46 57 59 69 70 73 74
37 38 46 57 59 67 68 71 75
37 38 46 57 59 67 68 71 73 74
37 38 46 57 59 67 68 69 70 75
37 38 46 57 59 67 68 69 70 73 74
37 38 46 57 59 60 69 71
37 38 46 57 59 60 69 70
37 38 46 57 59 60 67 68 71
37 38 46 57 59 60 67 68 69 70
37 38 46 57 58 59 69 71
37 38 46 57 58 59 69 70
37 38 46 57 58 59 67 68 71
37 38 46 57 58 59 67 68 69 70
37 38 46 48 57 59 69 71
37 38 46 48 57 59 69 70
37 38 46 48 57 59 67 68 71
37 38 46 48 57 59 67 68 69 70
37 38 44 59 69 73
37 38 44 59 69 71 72
37 38 44 59 67 68 73
37 38 44 59 67 68 71 72
37 38 44 59 60 69
37 38 44 59 60 67 68
37 38 44 58 59 69
37 38 44 58 59 67 68
37 38 44 57 59 69 73 75
37 38 44 57 59 69 73 74
37 38 44 57 59 69 71 72 75
37 38 44 57 59 69 71 72 73 74
37 38 44 57 59 67 68 73 75
37 38 44 57 59 67 68 73 74
37 38 44 57 59 67 68 71 72 75
37 38 44 57 59 67 68 71 72 73 74
37 38 44 57 59 60 69 73
37 38 44 57 59 60 69 71 72
37 38 44 57 59 60 67 68 73
37 38 44 57 59 60 67 68 71 72
37 38 44 57 58 59 69 73
37 38 44 57 58 59 69 71 72
37 38 44 57 58 59 67 68 73
37 38 44 57 58 59 67 68 71 72
37 38 44 48 57 59 69 73
37 38 44 48 57 59 69 71 72
37 38 44 48 57 59 67 68 73
37 38 44 48 57 59 67 68 71 72
37 38 44 46 59 69
37 38 44 46 59 67 68
37 38 44 46 57 59 69 75
37 38 44 46 57 59 69 73 74
37 38 44 46 57 59 67 68 75
37 38 44 46 57 59 67 68 73 74
37 38 44 46 57 59 60 69
37 38 44 46 57 59 60 67 68
37 38 44 46 57 58 59 69
37 38 44 46 57 58 59 67 68
37 38 44 46 48 57 59 69
37 38 44 46 48 57 59 67 68
37 38 42 59 71 73
37 38 42 59 71 72
37 38 42 59 69 70 73
37 38 42 59 69 70 71 72
37 38 42 59 60 71
37 38 42 59 60 69 70
37 38 42 58 59 71
37 38 42 58 59 69 70
37 38 42 57 59 71 73 75
37 38 42 57 59 71 73 74
37 38 42 57 59 71 72 75
37 38 42 57 59 71 72 73 74
37 38 42 57 59 69 70 73 75
37 38 42 57 59 69 70 73 74
37 38 42 57 59 69 70 71 72 75
37 38 42 57 59 69 70 71 72 73 74
37 38 42 57 59 60 71 73
37 38 42 57 59 60 71 72
37 38 42 57 59 60 69 70 73
37 38 42 57 59 60 69 70 71 72
37 38 42 57 58 59 71 73
37 38 42 57 58 59 71 72
37 38 42 57 58 59 69 70 73
37 38 42 57 58 59 69 70 71 72
37 38 42 48 57 59 71 73
37 38 42 48 57 59 71 72
37 38 42 48 57 59 69 70 73
37 38 42 48 57 59 69 70 71 72
37 38 42 46 59 71
37 38 42 46 59 69 70
37 38 42 46 57 59 71 75
37 38 42 46 57 59 71 73 74
37 38 42 46 57 59 69 70 75
37 38 42 46 57 59 69 70 73 74
37 38 42 46 57 59 60 71
37 38 42 46 57 59 60 69 70
37 38 42 46 57 58 59 71
37 38 42 46 57 58 59 69 70
37 38 42 46 48 57 59 71
37 38 42 46 48 57 59 69 70
37 38 42 44 59 73
37 38 42 44 59 71 72
37 38 42 44 59 60
37 38 42 44 58 59
37 38 42 44 57 59 73 75
37 38 42 44 57 59 73 74
37 38 42 44 57 59 71 72 75
37 38 42 44 57 59 71 72 73 74
37 38 42 44 57 59 60 73
37 38 42 44 57 59 60 71 72
37 38 42 44 57 58 59 73
37 38 42 44 57 58 59 71 72
37 38 42 44 48 57 59 73
37 38 42 44 48 57 59 71 72
37 38 42 44 46 59
37 38 42 44 46 57 59 75
37 38 42 44 46 57 59 73 74
37 38 42 44 46 57 59 60
37 38 42 44 46 57 58 59
37 38 42 44 46 48 57 59
34 68
34 68 71
34 68 71 79
34 68 71 77 78
34 68 69
34 68 69 70
34 68 69 70 79
34 68 69 70 77 78
34 67 79
34 67 77 78
34 67 71
34 67 69 70
34 67 68
34 65 68 71
34 65 68 69 70
34 65 67
34 65 66
34 65 66 79
34 65 66 77 78
34 65 66 71
34 65 66 69 70
34 52 68 71
34 52 68 69 70
34 52 67
34 52 65 66
34 44 68
34 44 68 79
34 44 68 77 78
34 44 67
34 44 65 68
34 44 65 66
34 44 52 68
34 42 68
34 40 79
34 40 77 78
34 40 71
34 40 69 70
34 40 65
34 40 52
34 40 44
33
33 68
33 68 71
33 68 69
33 68 69 70
33 67 68
33 59 69 71
33 59 69 70
33 59 67 68 71
33 59 67 68 69 70
33 58 59 69 71 73
33 58 59 69 71 72
33 58 59 69 70 73
33 58 59 69 70 71 72
33 58 59 67 68 71 73
33 58 59 67 68 71 72
33 58 59 67 68 69 70 73
33 58 59 67 68 69 70 71 72
33 46 58 59 69 71
33 46 58 59 69 70
33 46 58 59 67 68 71
33 46 58 59 67 68 69 70
33 44 68
33 44 59 69
33 44 59 67 68
33 44 58 59 69 73
33 44 58 59 69 71 72
33 44 58 59 67 68 73
33 44 58 59 67 68 71 72
33 44 46 58 59 69
33 44 46 58 59 67 68
33 42 68
33 42 59 71
33 42 59 69 70
33 42 58 59 71 73
33 42 58 59 71 72
33 42 58 59 69 70 73
33 42 58 59 69 70 71 72
33 42 46 58 59 71
33 42 46 58 59 69 70
33 42 44 59
33 42 44 58 59 73
33 42 44 58 59 71 72
33 42 44 46 58 59
33 39 59 69 71
33 39 59 69 70
33 39 59 67 68 71
33 39 59 67 68 69 70
33 39 57 59 69 71 73
33 39 57 59 69 71 72
33 39 57 59 69 70 73
33 39 57 59 69 70 71 72
33 39 57 59 67 68 71 73
33 39 57 59 67 68 71 72
33 39 57 59 67 68 69 70 73
33 39 57 59 67 68 69 70 71 72
33 39 46 57 59 69 71
33 39 46 57 59 69 70
33 39 46 57 59 67 68 71
33 39 46 57 59 67 68 69 70
33 39 44 59 69
33 39 44 59 67 68
33 39 44 57 59 69 73
33 39 44 57 59 69 71 72
33 39 44 57 59 67 68 73
33 39 44 57 59 67 68 71 72
33 39 44 46 57 59 69
33 39 44 46 57 59 67 68
33 39 42 59 71
33 39 42 59 69 70
33 39 42 57 59 71 73
33 39 42 57 59 71 72
33 39 42 57 59 69 70 73
33 39 42 57 59 69 70 71 72
33 39 42 46 57 59 71
33 39 42 46 57 59 69 70
33 39 42 44 59
33 39 42 44 57 59 73
33 39 42 44 57 59 71 72
33 39 42 44 46 57 59
33 37 38 59 69 71
33 37 38 59 69 70
33 37 38 59 67 68 71
33 37 38 59 67 68 69 70
33 37 38 57 59 69 71 73
33 37 38 57 59 69 71 72
33 37 38 57 59 69 70 73
33 37 38 57 59 69 70 71 72
33 37 38 57 59 67 68 71 73
33 37 38 57 59 67 68 71 72
33 37 38 57 59 67 68 69 70 73
33 37 38 57 59 67 68 69 70 71 72
33 37 38 46 57 59 69 71
33 37 38 46 57 59 69 70
33 37 38 46 57 59 67 68 71
33 37 38 46 57 59 67 68 69 70
33 37 38 44 59 69
33 37 38 44 59 67 68
33 37 38 44 57 59 69 73
33 37 38 44 57 59 69 71 72
33 37 38 44 57 59 67 68 73
33 37 38 44 57 59 67 68 71 72
33 37 38 44 46 57 59 69
33 37 38 44 46 57 59 67 68
33 37 38 42 59 71
33 37 38 42 59 69 70
33 37 38 42 57 59 71 73
33 37 38 42 57 59 71 72
33 37 38 42 57 59 69 70 73
33 37 38 42 57 59 69 70 71 72
33 37 38 42 46 57 59 71
33 37 38 42 46 57 59 69 70
33 37 38 42 44 59
33 37 38 42 44 57 59 73
33 37 38 42 44 57 59 71 72
33 37 38 42 44 46 57 59
32 68
32 68 71
32 68 71 79
32 68 71 77 78
32 68 69 70
32 68 69 70 79
32 68 69 70 77 78
32 67
32 67 71
32 67 69 70
32 65 68 71
32 65 68 69 70
32 65 66
32 65 66 71
32 65 66 69 70
32 62 67
32 62 65 66
32 60 61 67
32 60 61 65 66
32 53 67
32 53 65 66
32 52 68 71
32 52 68 69 70
32 51 52 67
32 51 52 65 66
32 44 68
32 44 68 79
32 44 68 77 78
32 44 67
32 44 65 68
32 44 65 66
32 44 52 68
32 40
32 40 71
32 40 69 70
32 40 62
32 40 60 61
32 40 53
32 40 51 52
32 40 44
32 33 68
32 33 68 71
32 33 68 71 79
32 33 68 71 77 78
32 33 68 69
32 33 68 69 70
32 33 68 69 70 79
32 33 68 69 70 77 78
32 33 67 79
32 33 67 77 78
32 33 67 71
32 33 67 69 70
32 33 67 68
32 33 65 68 71
32 33 65 68 69 70
32 33 65 67
32 33 65 66
32 33 65 66 79
32 33 65 66 77 78
32 33 65 66 71
32 33 65 66 69 70
32 33 52 68 71
32 33 52 68 69 70
32 33 52 67
32 33 52 65 66
32 33 44 68
32 33 44 68 79
32 33 44 68 77 78
32 33 44 67
32 33 44 65 68
32 33 44 65 66
32 33 44 52 68
32 33 42 68
32 33 40 79
32 33 40 77 78
32 33 40 71
32 33 40 69 70
32 33 40 65
32 33 40 52
32 33 40 44
31 66 69
31 66 67 68
31 43 59 71
31 43 59 69 70
31 43 57 71
31 43 57 69 70
31 43 44 59
31 43 44 57
31 42 66
31 41 42 59 71
31 41 42 59 69 70
31 41 42 57 71
31 41 42 57 69 70
31 41 42 44 59
31 41 42 44 57
31 32
29 55 59 69 71 73
29 55 59 69 71 72
29 55 59 69 70 73
29 55 59 69 70 71 72
29 55 59 67 68 71 73
29 55 59 67 68 71 72
29 55 59 67 68 69 70 73
29 55 59 67 68 69 70 71 72
29 46 55 59 69 71
29 46 55 59 69 70
29 46 55 59 67 68 71
29 46 55 59 67 68 69 70
29 44 55 59 69 73
29 44 55 59 69 71 72
29 44 55 59 67 68 73
29 44 55 59 67 68 71 72
29 44 46 55 59 69
29 44 46 55 59 67 68
29 42 55 59 71 73
29 42 55 59 71 72
29 42 55 59 69 70 73
29 42 55 59 69 70 71 72
29 42 46 55 59 71
29 42 46 55 59 69 70
29 42 44 55 59 73
29 42 44 55 59 71 72
29 42 44 46 55 59
28
28 43 57 69 71
28 43 57 69 70
28 43 57 67 68 71
28 43 57 67 68 69 70
28 43 57 59 69 71
28 43 57 59 69 70
28 43 57 59 67 68 71
28 43 57 59 67 68 69 70
28 43 44 57 69
28 43 44 57 67 68
28 43 44 57 59 69
28 43 44 57 59 67 68
28 42 43 57 71
28 42 43 57 69 70
28 42 43 57 59 71
28 42 43 57 59 69 70
28 42 43 44 57
28 42 43 44 57 59
28 41 42 57 71
28 41 42 57 69 71
28 41 42 57 67 68 71
28 41 42 57 67 68 69 70
28 41 42 57 59 71
28 41 42 57 59 69 71
28 41 42 57 59 67 68 71
28 41 42 57 59 67 68 69 70
28 41 42 44 57
28 41 42 44 57 69
28 41 42 44 57 67 68
28 41 42 44 57 59
28 41 42 44 57 59 69
28 41 42 44 57 59 67 68
27
27 59 67 79
27 59 67 77 78
27 59 65 66 79
27 59 65 66 77 78
27 52 59 67
27 52 59 65 66
27 40 59 79
27 40 59 77 78
27 40 52 59
27 28 55 59 69 71 73
27 28 55 59 69 71 72
27 28 55 59 69 70 73
27 28 55 59 69 70 71 72
27 28 55 59 67 68 71 73
27 28 55 59 67 68 71 72
27 28 55 59 67 68 69 70 73
27 28 55 59 67 68 69 70 71 72
27 28 46 55 59 69 71
27 28 46 55 59 69 70
27 28 46 55 59 67 68 71
27 28 46 55 59 67 68 69 70
27 28 44 55 59 69 73
27 28 44 55 59 69 71 72
27 28 44 55 59 67 68 73
27 28 44 55 59 67 68 71 72
27 28 44 46 55 59 69
27 28 44 46 55 59 67 68
27 28 42 55 59 71 73
27 28 42 55 59 71 72
27 28 42 55 59 69 70 73
27 28 42 55 59 69 70 71 72
27 28 42 46 55 59 71
27 28 42 46 55 59 69 70
27 28 42 44 55 59 73
27 28 42 44 55 59 71 72
27 28 42 44 46 55 59
26 32 67
26 32 65 66
26 32 40
26 27
26 27 43 57 69 71
26 27 43 57 69 70
26 27 43 57 67 68 71
26 27 43 57 67 68 69 70
26 27 43 57 59 69 71
26 27 43 57 59 69 70
26 27 43 57 59 67 68 71
26 27 43 57 59 67 68 69 70
26 27 43 44 57 69
26 27 43 44 57 67 68
26 27 43 44 57 59 69
26 27 43 44 57 59 67 68
26 27 42 43 57 71
26 27 42 43 57 69 70
26 27 42 43 57 59 71
26 27 42 43 57 59 69 70
26 27 42 43 44 57
26 27 42 43 44 57 59
26 27 41 42 57 71
26 27 41 42 57 69 71
26 27 41 42 57 67 68 71
26 27 41 42 57 67 68 69 70
26 27 41 42 57 59 71
26 27 41 42 57 59 69 71
26 27 41 42 57 59 67 68 71
26 27 41 42 57 59 67 68 69 70
26 27 41 42 44 57
26 27 41 42 44 57 69
26 27 41 42 44 57 67 68
26 27 41 42 44 57 59
26 27 41 42 44 57 59 69
26 27 41 42 44 57 59 67 68
25 68 71
25 68 71 79
25 68 71 77 78
25 68 69 70
25 68 69 70 79
25 68 69 70 77 78
25 67
25 67 79
25 67 77 78
25 67 71
25 67 69 70
25 65 68 71
25 65 68 69 70
25 65 67
25 65 66 79
25 65 66 77 78
25 65 66 71
25 65 66 69 70
25 52 68 71
25 52 68 69 70
25 52 67
25 52 65 66
25 44 68
25 44 68 79
25 44 68 77 78
25 44 67
25 44 65 68
25 44 65 66
25 44 52 68
25 40
25 40 79
25 40 77 78
25 40 71
25 40 69 70
25 40 65
25 40 52
25 40 44
25 26
24
24 69
24 67 79
24 67 77 78
24 67 68
24 65 67
24 65 66
24 65 66 79
24 65 66 77 78
24 52 67
24 52 65 66
24 42
24 40 79
24 40 77 78
24 40 65
24 40 52
24 31 69
24 31 67 68
24 31 42
23 69
23 68 71
23 68 69 70
23 67 77
23 67 75 76
23 67 71
23 67 69 70
23 67 68
23 65
23 65 79
23 65 77 78
23 65 67 79
23 65 67 77 78
23 65 66
23 65 66 77
23 65 66 75 76
23 65 66 71
23 65 66 69 70
23 65 66 67
23 63 67 79
23 63 67 77 78
23 63 65 67
23 63 65 66
23 63 65 66 79
23 63 65 66 77 78
23 63 64
23 63 64 79
23 63 64 77 78
23 63 64 67 79
23 63 64 67 77 78
23 63 64 66 79
23 63 64 66 77 78
23 63 64 65
23 63 64 65 67
23 63 64 65 66 79
23 63 64 65 66 77 78
23 62 67 79
23 62 67 77 78
23 62 65 67
23 62 65 66
23 62 65 66 79
23 62 65 66 77 78
23 59 67 79
23 59 67 77 78
23 59 67 68
23 59 67 68 79
23 59 67 68 77 78
23 59 65 67
23 59 65 67 68
23 59 65 66
23 59 65 66 79
23 59 65 66 77 78
23 59 65 66 68 79
23 59 65 66 68 77 78
23 58
23 57
23 57 77
23 57 75 76
23 57 67 79
23 57 67 77 78
23 57 65
23 57 65 67
23 57 65 66
23 57 65 66 79
23 57 65 66 77 78
23 57 64
23 57 63
23 57 63 64
23 57 62 67
23 57 62 65 66
23 53 65
23 53 65 79
23 53 65 77 78
23 53 63 64 79
23 53 63 64 77 78
23 53 63 64 65
23 52 68 69
23 52 67
23 52 67 79
23 52 67 77 78
23 52 67 69
23 52 65
23 52 65 66 79
23 52 65 66 77 78
23 52 65 66 69
23 52 65 66 67 68
23 52 63 67
23 52 63 65 66
23 52 63 64
23 52 63 64 67
23 52 63 64 66
23 52 63 64 65 66
23 52 62 67
23 52 62 65 66
23 52 59 67
23 52 59 67 68
23 52 59 65 66
23 52 59 65 66 68
23 52 57 67
23 52 57 65 66
23 52 53 65
23 52 53 63 64
23 51 52 65 79
23 51 52 65 77 78
23 51 52 63 64
23 51 52 63 64 79
23 51 52 63 64 77 78
23 51 52 63 64 65
23 50 67
23 50 65
23 50 65 79
23 50 65 77 78
23 50 65 66
23 50 63 64 79
23 50 63 64 77 78
23 50 63 64 65
23 50 57
23 50 52 65
23 50 52 63 64
23 50 51 68 69
23 50 51 67 79
23 50 51 67 77 78
23 50 51 67 69
23 50 51 65 67
23 50 51 65 66
23 50 51 65 66 79
23 50 51 65 66 77 78
23 50 51 65 66 69
23 50 51 65 66 67 68
23 50 51 52 67
23 50 51 52 65 66
23 49
23 46 47
23 45 46 48
23 45 46 47
23 44 68
23 44 67
23 44 65 66
23 43 68 69
23 43 67 69
23 43 65 66 69
23 43 65 66 67 68
23 42
23 42 52 68
23 42 52 67
23 42 52 65 66
23 42 50 51 68
23 42 50 51 67
23 42 50 51 65 66
23 42 43 68
23 42 43 67
23 42 43 65 66
23 41 42 68
23 41 42 68 69
23 41 42 67
23 41 42 67 69
23 41 42 65 66
23 41 42 65 66 69
23 41 42 65 66 67 68
23 40
23 40 77
23 40 75 76
23 40 71
23 40 69 70
23 40 67
23 40 65
23 40 65 79
23 40 65 77 78
23 40 63 79
23 40 63 77 78
23 40 63 65
23 40 63 64 79
23 40 63 64 77 78
23 40 63 64 65
23 40 62 79
23 40 62 77 78
23 40 62 65
23 40 59 79
23 40 59 77 78
23 40 59 68
23 40 59 68 79
23 40 59 68 77 78
23 40 59 65
23 40 59 65 68
23 40 57 79
23 40 57 77 78
23 40 57 65
23 40 57 62
23 40 52
23 40 52 79
23 40 52 77 78
23 40 52 69
23 40 52 67 68
23 40 52 63
23 40 52 63 64
23 40 52 62
23 40 52 59
23 40 52 59 68
23 40 52 57
23 40 50
23 40 50 51 79
23 40 50 51 77 78
23 40 50 51 69
23 40 50 51 67 68
23 40 50 51 65
23 40 50 51 52
23 40 44
23 40 43 69
23 40 43 67 68
23 40 42 52
23 40 42 50 51
23 40 42 43
23 40 41 42
23 40 41 42 69
23 40 41 42 67 68
23 38
23 38 79
23 38 77 78
23 38 67 79
23 38 67 77 78
23 38 66 79
23 38 66 77 78
23 38 65
23 38 65 67
23 38 65 66 79
23 38 65 66 77 78
23 38 53 79
23 38 53 77 78
23 38 53 65
23 38 52
23 38 52 67
23 38 52 66
23 38 52 65 66
23 38 52 53
23 38 51 52
23 38 51 52 79
23 38 51 52 77 78
23 38 51 52 65
23 38 50 79
23 38 50 77 78
23 38 50 65
23 38 50 52
23 38 40 79
23 38 40 77 78
23 38 40 65
23 38 40 52
23 34
23 34 68 69
23 34 67 68
23 34 42 68
23 33 68 69
23 33 67 68
23 33 42 68
23 32 68 69
23 32 67 69
23 32 65 66 69
23 32 65 66 67 68
23 32 42 68
23 32 42 67
23 32 42 65 66
23 32 40 69
23 32 40 67 68
23 32 40 42
23 32 33
23 32 33 68 69
23 32 33 67 68
23 32 33 42 68
23 26 65
23 26 65 79
23 26 65 77 78
23 26 63 64 79
23 26 63 64 77 78
23 26 63 64 65
23 26 52 65
23 26 52 63 64
23 26 38 79
23 26 38 77 78
23 26 38 65
23 26 38 52
23 25 68 69
23 25 67 79
23 25 67 77 78
23 25 67 69
23 25 65 67
23 25 65 66
23 25 65 66 79
23 25 65 66 77 78
23 25 65 66 69
23 25 65 66 67 68
23 25 52 67
23 25 52 65 66
23 25 42 68
23 25 42 67
23 25 42 65 66
23 25 40 79
23 25 40 77 78
23 25 40 69
23 25 40 67 68
23 25 40 65
23 25 40 52
23 25 40 42
23 24 67 79
23 24 67 77 78
23 24 65 67
23 24 65 66
23 24 65 66 79
23 24 65 66 77 78
23 24 52 67
23 24 52 65 66
23 24 40 79
23 24 40 77 78
23 24 40 65
23 24 40 52
22 23
22 23 69
22 23 67 68
22 23 42
22 23 31 69
22 23 31 67 68
22 23 31 42
21 23 47
21 23 45 46
21 22 79
21 22 77 78
21 22 65
21 22 52
20
20 59
20 57 67
20 57 65 66
20 40 57
20 23 67 79
20 23 67 77 78
20 23 65 67
20 23 65 66
20 23 65 66 79
20 23 65 66 77 78
20 23 57 67
20 23 57 65 66
20 23 52 67
20 23 52 65 66
20 23 48
20 23 46 47
20 23 40 79
20 23 40 77 78
20 23 40 65
20 23 40 57
20 23 40 52
20 21 23
19
18
18 67
18 65 66
18 40
18 23 65 66
18 23 65 66 67
18 23 40
18 23 40 67
17 18
16 68
16 68 71
16 68 71 79
16 68 71 77 78
16 68 69 70
16 68 69 70 79
16 68 69 70 77 78
16 67
16 67 79
16 67 77 78
16 67 71
16 67 69 70
16 65 68 71
16 65 68 69 70
16 65 67
16 65 66 79
16 65 66 77 78
16 65 66 71
16 65 66 69 70
16 59 71
16 59 69 70
16 59 60 69 71 73
16 59 60 69 71 72
16 59 60 69 70 73
16 59 60 69 70 71 72
16 59 60 67 68 71 73
16 59 60 67 68 71 72
16 59 60 67 68 69 70 73
16 59 60 67 68 69 70 71 72
16 58 59 71
16 58 59 69 71 73
16 58 59 69 71 72
16 58 59 69 70
16 58 59 69 70 73
16 58 59 69 70 71 72
16 58 59 67 68 71 73
16 58 59 67 68 71 72
16 58 59 67 68 69 70 73
16 58 59 67 68 69 70 71 72
16 57 71
16 57 69 70
16 57 58 71
16 57 58 69 70
16 56 57 71
16 56 57 69 70
16 56 57 59 71
16 56 57 59 69 70
16 52 68 71
16 52 68 69 70
16 52 67
16 52 65 66
16 46 59 60 69 71
16 46 59 60 69 70
16 46 59 60 67 68 71
16 46 59 60 67 68 69 70
16 46 58 59 69 71
16 46 58 59 69 70
16 46 58 59 67 68 71
16 46 58 59 67 68 69 70
16 44 68
16 44 68 79
16 44 68 77 78
16 44 67
16 44 65 68
16 44 65 66
16 44 59
16 44 59 60 69 73
16 44 59 60 69 71 72
16 44 59 60 67 68 73
16 44 59 60 67 68 71 72
16 44 58 59
16 44 58 59 69 73
16 44 58 59 69 71 72
16 44 58 59 67 68 73
16 44 58 59 67 68 71 72
16 44 57
16 44 57 58
16 44 56 57
16 44 56 57 59
16 44 52 68
16 44 46 59 60 69
16 44 46 59 60 67 68
16 44 46 58 59 69
16 44 46 58 59 67 68
16 42 59 60 71 73
16 42 59 60 71 72
16 42 59 60 69 70 73
16 42 59 60 69 70 71 72
16 42 58 59 71 73
16 42 58 59 71 72
16 42 58 59 69 70 73
16 42 58 59 69 70 71 72
16 42 46 59 60 71
16 42 46 59 60 69 70
16 42 46 58 59 71
16 42 46 58 59 69 70
16 42 44 59 60 73
16 42 44 59 60 71 72
16 42 44 58 59 73
16 42 44 58 59 71 72
16 42 44 46 59 60
16 42 44 46 58 59
16 40
16 40 79
16 40 77 78
16 40 71
16 40 69 70
16 40 65
16 40 52
16 40 44
16 33 59 69 71 73
16 33 59 69 71 72
16 33 59 69 70 73
16 33 59 69 70 71 72
16 33 59 67 68 71 73
16 33 59 67 68 71 72
16 33 59 67 68 69 70 73
16 33 59 67 68 69 70 71 72
16 33 46 59 69 71
16 33 46 59 69 70
16 33 46 59 67 68 71
16 33 46 59 67 68 69 70
16 33 44 59 69 73
16 33 44 59 69 71 72
16 33 44 59 67 68 73
16 33 44 59 67 68 71 72
16 33 44 46 59 69
16 33 44 46 59 67 68
16 33 42 59 71 73
16 33 42 59 71 72
16 33 42 59 69 70 73
16 33 42 59 69 70 71 72
16 33 42 46 59 71
16 33 42 46 59 69 70
16 33 42 44 59 73
16 33 42 44 59 71 72
16 33 42 44 46 59
16 31 59 71
16 31 59 69 70
16 31 57 71
16 31 57 69 70
16 31 44 59
16 31 44 57
16 28 57 69 71
16 28 57 69 70
16 28 57 67 68 71
16 28 57 67 68 69 70
16 28 57 59 69 71
16 28 57 59 69 70
16 28 57 59 67 68 71
16 28 57 59 67 68 69 70
16 28 44 57 69
16 28 44 57 67 68
16 28 44 57 59 69
16 28 44 57 59 67 68
16 28 42 57 71
16 28 42 57 69 70
16 28 42 57 59 71
16 28 42 57 59 69 70
16 28 42 44 57
16 28 42 44 57 59
16 26 27 57 69 71
16 26 27 57 69 70
16 26 27 57 67 68 71
16 26 27 57 67 68 69 70
16 26 27 57 59 69 71
16 26 27 57 59 69 70
16 26 27 57 59 67 68 71
16 26 27 57 59 67 68 69 70
16 26 27 44 57 69
16 26 27 44 57 67 68
16 26 27 44 57 59 69
16 26 27 44 57 59 67 68
16 26 27 42 57 71
16 26 27 42 57 69 70
16 26 27 42 57 59 71
16 26 27 42 57 59 69 70
16 26 27 42 44 57
16 26 27 42 44 57 59
16 23 68 69
16 23 67 69
16 23 65 66 69
16 23 65 66 67 68
16 23 42 68
16 23 42 67
16 23 42 65 66
16 23 40 69
16 23 40 67 68
16 23 40 42
16 17
15
14 15 59 60 69 71 73
14 15 59 60 69 71 72
14 15 59 60 69 70 73
14 15 59 60 69 70 71 72
14 15 59 60 67 68 71 73
14 15 59 60 67 68 71 72
14 15 59 60 67 68 69 70 73
14 15 59 60 67 68 69 70 71 72
14 15 58 59 69 71 73
14 15 58 59 69 71 72
14 15 58 59 69 70 73
14 15 58 59 69 70 71 72
14 15 58 59 67 68 71 73
14 15 58 59 67 68 71 72
14 15 58 59 67 68 69 70 73
14 15 58 59 67 68 69 70 71 72
14 15 46 59 60 69 71
14 15 46 59 60 69 70
14 15 46 59 60 67 68 71
14 15 46 59 60 67 68 69 70
14 15 46 58 59 69 71
14 15 46 58 59 69 70
14 15 46 58 59 67 68 71
14 15 46 58 59 67 68 69 70
14 15 44 59 60 69 73
14 15 44 59 60 69 71 72
14 15 44 59 60 67 68 73
14 15 44 59 60 67 68 71 72
14 15 44 58 59 69 73
14 15 44 58 59 69 71 72
14 15 44 58 59 67 68 73
14 15 44 58 59 67 68 71 72
14 15 44 46 59 60 69
14 15 44 46 59 60 67 68
14 15 44 46 58 59 69
14 15 44 46 58 59 67 68
14 15 42 59 60 71 73
14 15 42 59 60 71 72
14 15 42 59 60 69 70 73
14 15 42 59 60 69 70 71 72
14 15 42 58 59 71 73
14 15 42 58 59 71 72
14 15 42 58 59 69 70 73
14 15 42 58 59 69 70 71 72
14 15 42 46 59 60 71
14 15 42 46 59 60 69 70
14 15 42 46 58 59 71
14 15 42 46 58 59 69 70
14 15 42 44 59 60 73
14 15 42 44 59 60 71 72
14 15 42 44 58 59 73
14 15 42 44 58 59 71 72
14 15 42 44 46 59 60
14 15 42 44 46 58 59
14 15 33 59 69 71 73
14 15 33 59 69 71 72
14 15 33 59 69 70 73
14 15 33 59 69 70 71 72
14 15 33 59 67 68 71 73
14 15 33 59 67 68 71 72
14 15 33 59 67 68 69 70 73
14 15 33 59 67 68 69 70 71 72
14 15 33 46 59 69 71
14 15 33 46 59 69 70
14 15 33 46 59 67 68 71
14 15 33 46 59 67 68 69 70
14 15 33 44 59 69 73
14 15 33 44 59 69 71 72
14 15 33 44 59 67 68 73
14 15 33 44 59 67 68 71 72
14 15 33 44 46 59 69
14 15 33 44 46 59 67 68
14 15 33 42 59 71 73
14 15 33 42 59 71 72
14 15 33 42 59 69 70 73
14 15 33 42 59 69 70 71 72
14 15 33 42 46 59 71
14 15 33 42 46 59 69 70
14 15 33 42 44 59 73
14 15 33 42 44 59 71 72
14 15 33 42 44 46 59
13 23
12 59 69 71 73
12 59 69 71 72
12 59 69 70 73
12 59 69 70 71 72
12 59 67 68 71 73
12 59 67 68 71 72
12 59 67 68 69 70 73
12 59 67 68 69 70 71 72
12 59 60 69 71
12 59 60 69 70
12 59 60 67 68 71
12 59 60 67 68 69 70
12 58 59 69 71
12 58 59 69 70
12 58 59 67 68 71
12 58 59 67 68 69 70
12 57 59 69 71 73 75
12 57 59 69 71 73 74
12 57 59 69 71 72 75
12 57 59 69 71 72 73 74
12 57 59 69 70 73 75
12 57 59 69 70 73 74
12 57 59 69 70 71 72 75
12 57 59 69 70 71 72 73 74
12 57 59 67 68 71 73 75
12 57 59 67 68 71 73 74
12 57 59 67 68 71 72 75
12 57 59 67 68 71 72 73 74
12 57 59 67 68 69 70 73 75
12 57 59 67 68 69 70 73 74
12 57 59 67 68 69 70 71 72 75
12 57 59 67 68 69 70 71 72 73 74
12 57 59 60 69 71 73
12 57 59 60 69 71 72
12 57 59 60 69 70 73
12 57 59 60 69 70 71 72
12 57 59 60 67 68 71 73
12 57 59 60 67 68 71 72
12 57 59 60 67 68 69 70 73
12 57 59 60 67 68 69 70 71 72
12 57 58 59 69 71 73
12 57 58 59 69 71 72
12 57 58 59 69 70 73
12 57 58 59 69 70 71 72
12 57 58 59 67 68 71 73
12 57 58 59 67 68 71 72
12 57 58 59 67 68 69 70 73
12 57 58 59 67 68 69 70 71 72
12 48 57 59 69 71 73
12 48 57 59 69 71 72
12 48 57 59 69 70 73
12 48 57 59 69 70 71 72
12 48 57 59 67 68 71 73
12 48 57 59 67 68 71 72
12 48 57 59 67 68 69 70 73
12 48 57 59 67 68 69 70 71 72
12 46 59 69 71
12 46 59 69 70
12 46 59 67 68 71
12 46 59 67 68 69 70
12 46 57 59 69 71 75
12 46 57 59 69 71 73 74
12 46 57 59 69 70 75
12 46 57 59 69 70 73 74
12 46 57 59 67 68 71 75
12 46 57 59 67 68 71 73 74
12 46 57 59 67 68 69 70 75
12 46 57 59 67 68 69 70 73 74
12 46 57 59 60 69 71
12 46 57 59 60 69 70
12 46 57 59 60 67 68 71
12 46 57 59 60 67 68 69 70
12 46 57 58 59 69 71
12 46 57 58 59 69 70
12 46 57 58 59 67 68 71
12 46 57 58 59 67 68 69 70
12 46 48 57 59 69 71
12 46 48 57 59 69 70
12 46 48 57 59 67 68 71
12 46 48 57 59 67 68 69 70
12 44 59 69 73
12 44 59 69 71 72
12 44 59 67 68 73
12 44 59 67 68 71 72
12 44 59 60 69
12 44 59 60 67 68
12 44 58 59 69
12 44 58 59 67 68
12 44 57 59 69 73 75
12 44 57 59 69 73 74
12 44 57 59 69 71 72 75
12 44 57 59 69 71 72 73 74
12 44 57 59 67 68 73 75
12 44 57 59 67 68 73 74
12 44 57 59 67 68 71 72 75
12 44 57 59 67 68 71 72 73 74
12 44 57 59 60 69 73
12 44 57 59 60 69 71 72
12 44 57 59 60 67 68 73
12 44 57 59 60 67 68 71 72
12 44 57 58 59 69 73
12 44 57 58 59 69 71 72
12 44 57 58 59 67 68 73
12 44 57 58 59 67 68 71 72
12 44 48 57 59 69 73
12 44 48 57 59 69 71 72
12 44 48 57 59 67 68 73
12 44 48 57 59 67 68 71 72
12 44 46 59 69
12 44 46 59 67 68
12 44 46 57 59 69 75
12 44 46 57 59 69 73 74
12 44 46 57 59 67 68 75
12 44 46 57 59 67 68 73 74
12 44 46 57 59 60 69
12 44 46 57 59 60 67 68
12 44 46 57 58 59 69
12 44 46 57 58 59 67 68
12 44 46 48 57 59 69
12 44 46 48 57 59 67 68
12 42 59 71 73
12 42 59 71 72
12 42 59 69 70 73
12 42 59 69 70 71 72
12 42 59 60 71
12 42 59 60 69 70
12 42 58 59 71
12 42 58 59 69 70
12 42 57 59 71 73 75
12 42 57 59 71 73 74
12 42 57 59 71 72 75
12 42 57 59 71 72 73 74
12 42 57 59 69 70 73 75
12 42 57 59 69 70 73 74
12 42 57 59 69 70 71 72 75
12 42 57 59 69 70 71 72 73 74
12 42 57 59 60 71 73
12 42 57 59 60 71 72
12 42 57 59 60 69 70 73
12 42 57 59 60 69 70 71 72
12 42 57 58 59 71 73
12 42 57 58 59 71 72
12 42 57 58 59 69 70 73
12 42 57 58 59 69 70 71 72
12 42 48 57 59 71 73
12 42 48 57 59 71 72
12 42 48 57 59 69 70 73
12 42 48 57 59 69 70 71 72
12 42 46 59 71
12 42 46 59 69 70
12 42 46 57 59 71 75
12 42 46 57 59 71 73 74
12 42 46 57 59 69 70 75
12 42 46 57 59 69 70 73 74
12 42 46 57 59 60 71
12 42 46 57 59 60 69 70
12 42 46 57 58 59 71
12 42 46 57 58 59 69 70
12 42 46 48 57 59 71
12 42 46 48 57 59 69 70
12 42 44 59 73
12 42 44 59 71 72
12 42 44 59 60
12 42 44 58 59
12 42 44 57 59 73 75
12 42 44 57 59 73 74
12 42 44 57 59 71 72 75
12 42 44 57 59 71 72 73 74
12 42 44 57 59 60 73
12 42 44 57 59 60 71 72
12 42 44 57 58 59 73
12 42 44 57 58 59 71 72
12 42 44 48 57 59 73
12 42 44 48 57 59 71 72
12 42 44 46 59
12 42 44 46 57 59 75
12 42 44 46 57 59 73 74
12 42 44 46 57 59 60
12 42 44 46 57 58 59
12 42 44 46 48 57 59
12 33 59 69 71
12 33 59 69 70
12 33 59 67 68 71
12 33 59 67 68 69 70
12 33 57 59 69 71 73
12 33 57 59 69 71 72
12 33 57 59 69 70 73
12 33 57 59 69 70 71 72
12 33 57 59 67 68 71 73
12 33 57 59 67 68 71 72
12 33 57 59 67 68 69 70 73
12 33 57 59 67 68 69 70 71 72
12 33 46 57 59 69 71
12 33 46 57 59 69 70
12 33 46 57 59 67 68 71
12 33 46 57 59 67 68 69 70
12 33 44 59 69
12 33 44 59 67 68
12 33 44 57 59 69 73
12 33 44 57 59 69 71 72
12 33 44 57 59 67 68 73
12 33 44 57 59 67 68 71 72
12 33 44 46 57 59 69
12 33 44 46 57 59 67 68
12 33 42 59 71
12 33 42 59 69 70
12 33 42 57 59 71 73
12 33 42 57 59 71 72
12 33 42 57 59 69 70 73
12 33 42 57 59 69 70 71 72
12 33 42 46 57 59 71
12 33 42 46 57 59 69 70
12 33 42 44 59
12 33 42 44 57 59 73
12 33 42 44 57 59 71 72
12 33 42 44 46 57 59
9 67 79
9 67 77 78
9 65 67
9 65 66
9 65 66 79
9 65 66 77 78
9 59
9 52 67
9 52 65 66
9 40 79
9 40 77 78
9 40 65
9 40 52
9 23 67 79
9 23 67 77 78
9 23 65 67
9 23 65 66
9 23 65 66 79
9 23 65 66 77 78
9 23 52 67
9 23 52 65 66
9 23 40 79
9 23 40 77 78
9 23 40 65
9 23 40 52
8 59 67
8 59 67 79
8 59 67 77 78
8 59 65 67
8 59 65 66 79
8 59 65 66 77 78
8 52 59 67
8 52 59 65 66
8 40 59
8 40 59 79
8 40 59 77 78
8 40 59 65
8 40 52 59
8 23 65
8 23 65 79
8 23 65 77 78
8 23 63 64 79
8 23 63 64 77 78
8 23 63 64 65
8 23 59 67
8 23 59 67 79
8 23 59 67 77 78
8 23 59 65 67
8 23 59 65 66 79
8 23 59 65 66 77 78
8 23 52 65
8 23 52 63 64
8 23 52 59 67
8 23 52 59 65 66
8 23 40 59
8 23 40 59 79
8 23 40 59 77 78
8 23 40 59 65
8 23 40 52 59
8 23 38 79
8 23 38 77 78
8 23 38 65
8 23 38 52
7 71
7 69 70
7 68
7 68 71
7 68 71 79
7 68 71 77 78
7 68 69 70
7 68 69 70 79
7 68 69 70 77 78
7 67
7 67 79
7 67 77 78
7 65 68 71
7 65 68 69 70
7 65 67
7 65 66 79
7 65 66 77 78
7 52 68 71
7 52 68 69 70
7 52 67
7 52 65 66
7 44
7 44 68
7 44 68 79
7 44 68 77 78
7 44 65 68
7 44 52 68
7 40
7 40 79
7 40 77 78
7 40 65
7 40 52
7 23
7 23 68 69
7 23 67 69
7 23 65 66 69
7 23 65 66 67 68
7 23 42 68
7 23 42 67
7 23 42 65 66
7 23 40 69
7 23 40 67 68
7 23 40 42
7 8
7 8 59
6
6 7
6 7 23 65
6 7 23 65 79
6 7 23 65 77 78
6 7 23 63 64 79
6 7 23 63 64 77 78
6 7 23 63 64 65
6 7 23 52 65
6 7 23 52 63 64
6 7 23 38 79
6 7 23 38 77 78
6 7 23 38 65
6 7 23 38 52
4 57 67
4 57 65 66
4 40 57
4 23 57 67
4 23 57 65 66
4 23 40 57
2 55 59 69 71 73
2 55 59 69 71 72
2 55 59 69 70 73
2 55 59 69 70 71 72
2 55 59 67 68 71 73
2 55 59 67 68 71 72
2 55 59 67 68 69 70 73
2 55 59 67 68 69 70 71 72
2 46 55 59 69 71
2 46 55 59 69 70
2 46 55 59 67 68 71
2 46 55 59 67 68 69 70
2 44 55 59 69 73
2 44 55 59 69 71 72
2 44 55 59 67 68 73
2 44 55 59 67 68 71 72
2 44 46 55 59 69
2 44 46 55 59 67 68
2 42 55 59 71 73
2 42 55 59 71 72
2 42 55 59 69 70 73
2 42 55 59 69 70 71 72
2 42 46 55 59 71
2 42 46 55 59 69 70
2 42 44 55 59 73
2 42 44 55 59 71 72
2 42 44 46 55 59
1
1 43 57 69 71
1 43 57 69 70
1 43 57 67 68 71
1 43 57 67 68 69 70
1 43 57 59 69 71
1 43 57 59 69 70
1 43 57 59 67 68 71
1 43 57 59 67 68 69 70
1 43 44 57 69
1 43 44 57 67 68
1 43 44 57 59 69
1 43 44 57 59 67 68
1 42 43 57 71
1 42 43 57 69 70
1 42 43 57 59 71
1 42 43 57 59 69 70
1 42 43 44 57
1 42 43 44 57 59
1 41 42 57 71
1 41 42 57 69 71
1 41 42 57 67 68 71
1 41 42 57 67 68 69 70
1 41 42 57 59 71
1 41 42 57 59 69 71
1 41 42 57 59 67 68 71
1 41 42 57 59 67 68 69 70
1 41 42 44 57
1 41 42 44 57 69
1 41 42 44 57 67 68
1 41 42 44 57 59
1 41 42 44 57 59 69
1 41 42 44 57 59 67 68
1 16 57 69 71
1 16 57 69 70
1 16 57 67 68 71
1 16 57 67 68 69 70
1 16 57 59 69 71
1 16 57 59 69 70
1 16 57 59 67 68 71
1 16 57 59 67 68 69 70
1 16 44 57 69
1 16 44 57 67 68
1 16 44 57 59 69
1 16 44 57 59 67 68
1 16 42 57 71
1 16 42 57 69 70
1 16 42 57 59 71
1 16 42 57 59 69 70
1 16 42 44 57
1 16 42 44 57 59
0 59
