67 
65 66 
57 58 59 69 77 
57 58 59 69 75 76 
57 58 59 67 68 77 
57 58 59 67 68 75 76 
57 58 59 60 69 77 
57 58 59 60 69 75 76 
57 58 59 60 67 68 77 
57 58 59 60 67 68 75 76 
56 57 59 60 69 77 
56 57 59 60 69 75 76 
56 57 59 60 67 68 77 
56 57 59 60 67 68 75 76 
56 57 58 59 69 77 
56 57 58 59 69 75 76 
56 57 58 59 67 68 77 
56 57 58 59 67 68 75 76 
50 57 58 59 69 
50 57 58 59 67 68 
50 57 58 59 60 69 
50 57 58 59 60 67 68 
50 56 57 59 60 69 
50 56 57 59 60 67 68 
50 56 57 58 59 69 
50 56 57 58 59 67 68 
42 57 58 59 77 
42 57 58 59 75 76 
42 57 58 59 60 77 
42 57 58 59 60 75 76 
42 56 57 59 60 77 
42 56 57 59 60 75 76 
42 56 57 58 59 77 
42 56 57 58 59 75 76 
42 50 57 58 59 
42 50 57 58 59 60 
42 50 56 57 59 60 
42 50 56 57 58 59 
40 
33 57 58 59 69 77 
33 57 58 59 69 75 76 
33 57 58 59 67 68 77 
33 57 58 59 67 68 75 76 
33 56 57 59 69 77 
33 56 57 59 69 75 76 
33 56 57 59 67 68 77 
33 56 57 59 67 68 75 76 
33 50 57 58 59 69 
33 50 57 58 59 67 68 
33 50 56 57 59 69 
33 50 56 57 59 67 68 
33 42 57 58 59 77 
33 42 57 58 59 75 76 
33 42 56 57 59 77 
33 42 56 57 59 75 76 
33 42 50 57 58 59 
33 42 50 56 57 59 
31 57 59 60 69 77 
31 57 59 60 69 75 76 
31 57 59 60 67 68 77 
31 57 59 60 67 68 75 76 
31 57 58 59 69 77 
31 57 58 59 69 75 76 
31 57 58 59 67 68 77 
31 57 58 59 67 68 75 76 
31 50 57 59 60 69 
31 50 57 59 60 67 68 
31 50 57 58 59 69 
31 50 57 58 59 67 68 
31 42 57 59 60 77 
31 42 57 59 60 75 76 
31 42 57 58 59 77 
31 42 57 58 59 75 76 
31 42 50 57 59 60 
31 42 50 57 58 59 
31 33 57 59 69 77 
31 33 57 59 69 75 76 
31 33 57 59 67 68 77 
31 33 57 59 67 68 75 76 
31 33 50 57 59 69 
31 33 50 57 59 67 68 
31 33 42 57 59 77 
31 33 42 57 59 75 76 
31 33 42 50 57 59 
