68 71 
68 69 70 
67 
65 66 
56 57 71 73 
56 57 71 72 
56 57 69 70 73 
56 57 69 70 71 72 
55 59 71 73 
55 59 71 72 
55 59 69 70 73 
55 59 69 70 71 72 
55 57 71 73 
55 57 71 72 
55 57 69 70 73 
55 57 69 70 71 72 
54 55 57 71 73 
54 55 57 71 72 
54 55 57 69 70 73 
54 55 57 69 70 71 72 
46 56 57 71 
46 56 57 69 70 
46 55 59 71 
46 55 59 69 70 
46 55 57 71 
46 55 57 69 70 
46 54 55 57 71 
46 54 55 57 69 70 
44 68 
44 56 57 73 
44 56 57 71 72 
44 55 59 73 
44 55 59 71 72 
44 55 57 73 
44 55 57 71 72 
44 54 55 57 73 
44 54 55 57 71 72 
44 46 56 57 
44 46 55 59 
44 46 55 57 
44 46 54 55 57 
40 
29 57 71 73 
29 57 71 72 
29 57 69 70 73 
29 57 69 70 71 72 
29 46 57 71 
29 46 57 69 70 
29 44 57 73 
29 44 57 71 72 
29 44 46 57 
