
77 
75 76 
67 
65 
65 66 
64 
63 
63 64 
62 65 67 
62 65 66 
60 61 65 67 
60 61 65 66 
57 59 69 71 73 
57 59 69 71 72 
57 59 69 70 73 
57 59 69 70 71 72 
57 59 67 68 71 73 
57 59 67 68 71 72 
57 59 67 68 69 70 73 
57 59 67 68 69 70 71 72 
53 65 67 
53 65 66 
51 52 65 67 
51 52 65 66 
50 
46 57 59 69 71 
46 57 59 69 70 
46 57 59 67 68 71 
46 57 59 67 68 69 70 
44 57 59 69 73 
44 57 59 69 71 72 
44 57 59 67 68 73 
44 57 59 67 68 71 72 
44 46 57 59 69 
44 46 57 59 67 68 
42 57 59 71 73 
42 57 59 71 72 
42 57 59 69 70 73 
42 57 59 69 70 71 72 
42 46 57 59 71 
42 46 57 59 69 70 
42 44 57 59 73 
42 44 57 59 71 72 
42 44 46 57 59 
40 
40 62 65 
40 60 61 65 
40 53 65 
40 51 52 65 
26 65 67 
26 65 66 
26 40 65 
