
71 
69 
69 79 
69 77 78 
69 70 
67 71 79 
67 71 77 78 
67 69 79 
67 69 77 
67 69 77 79 
67 69 75 76 
67 69 75 76 79 
67 69 75 76 77 78 
67 69 70 79 
67 69 70 77 78 
67 68 
67 68 77 
67 68 77 79 
67 68 77 78 
67 68 75 76 
67 68 75 76 79 
67 68 75 76 77 78 
65 69 
65 69 79 
65 69 77 78 
65 67 71 
65 67 69 
65 67 69 77 
65 67 69 75 76 
65 67 69 70 
65 67 68 79 
65 67 68 77 
65 67 68 77 78 
65 67 68 75 76 
65 66 79 
65 66 77 78 
65 66 71 
65 66 71 79 
65 66 71 77 78 
65 66 69 
65 66 69 79 
65 66 69 77 79 
65 66 69 75 76 79 
65 66 69 75 76 77 78 
65 66 69 70 
65 66 69 70 79 
65 66 69 70 77 78 
65 66 67 
65 66 67 68 
65 66 67 68 79 
65 66 67 68 77 79 
65 66 67 68 75 76 79 
65 66 67 68 75 76 77 78 
59 
59 69 
59 67 
59 67 77 
59 67 75 76 
59 67 71 
59 67 69 70 
59 67 68 
59 65 79 
59 65 77 78 
59 65 67 79 
59 65 67 77 78 
59 65 66 79 
59 65 66 77 
59 65 66 77 78 
59 65 66 75 76 
59 65 66 71 
59 65 66 69 
59 65 66 69 70 
59 65 66 67 
59 65 66 67 68 
59 63 69 
59 63 67 69 
59 63 65 66 
59 63 65 66 67 
57 
57 59 73 
57 59 71 72 
56 
54 55 
52 69 
52 67 71 
52 67 69 
52 67 69 77 
52 67 69 75 76 
52 67 69 70 
52 67 68 77 
52 67 68 75 76 
52 65 69 
52 65 67 68 
52 65 66 
52 65 66 71 
52 65 66 69 
52 65 66 69 77 
52 65 66 69 75 76 
52 65 66 69 70 
52 65 66 67 68 
52 65 66 67 68 77 
52 65 66 67 68 75 76 
52 59 65 
52 59 65 67 
52 59 65 66 
50 67 69 
50 67 69 79 
50 67 69 77 78 
50 67 68 
50 67 68 79 
50 67 68 77 78 
50 65 67 69 
50 65 67 68 
50 65 66 69 79 
50 65 66 69 77 78 
50 65 66 67 68 79 
50 65 66 67 68 77 78 
50 59 67 
50 59 65 66 
50 52 67 69 
50 52 67 68 
50 52 65 66 69 
50 52 65 66 67 68 
46 57 59 
44 
44 67 79 
44 67 77 78 
44 65 67 
44 65 66 
44 65 66 79 
44 65 66 77 78 
44 59 67 
44 59 65 66 
44 52 67 
44 52 65 66 
42 
42 79 
42 77 78 
42 67 79 
42 67 77 
42 67 77 79 
42 67 75 76 
42 67 75 76 79 
42 67 75 76 77 78 
42 65 
42 65 79 
42 65 77 78 
42 65 67 
42 65 67 77 
42 65 67 75 76 
42 65 66 
42 65 66 79 
42 65 66 77 79 
42 65 66 75 76 79 
42 65 66 75 76 77 78 
42 59 
42 59 65 66 
42 59 63 
42 59 63 67 
42 52 
42 52 67 
42 52 67 77 
42 52 67 75 76 
42 52 65 
42 52 65 66 
42 52 65 66 77 
42 52 65 66 75 76 
42 50 67 
42 50 67 79 
42 50 67 77 78 
42 50 65 67 
42 50 65 66 79 
42 50 65 66 77 78 
42 50 52 67 
42 50 52 65 66 
41 59 60 71 
41 59 60 69 71 73 
41 59 60 69 71 72 
41 59 60 69 70 
41 59 60 69 70 73 
41 59 60 69 70 71 72 
41 59 60 67 68 71 73 
41 59 60 67 68 71 72 
41 59 60 67 68 69 70 73 
41 59 60 67 68 69 70 71 72 
41 58 59 71 
41 58 59 69 71 73 
41 58 59 69 71 72 
41 58 59 69 70 
41 58 59 69 70 73 
41 58 59 69 70 71 72 
41 58 59 67 68 71 73 
41 58 59 67 68 71 72 
41 58 59 67 68 69 70 73 
41 58 59 67 68 69 70 71 72 
41 57 60 61 71 73 
41 57 60 61 71 72 
41 57 60 61 69 70 73 
41 57 60 61 69 70 71 72 
41 57 59 69 73 77 
41 57 59 69 73 75 76 
41 57 59 69 71 72 77 
41 57 59 69 71 72 75 76 
41 57 59 67 68 73 77 
41 57 59 67 68 73 75 76 
41 57 59 67 68 71 72 77 
41 57 59 67 68 71 72 75 76 
41 57 59 60 69 71 
41 57 59 60 69 70 
41 57 59 60 67 68 71 
41 57 59 60 67 68 69 70 
41 57 58 59 69 71 
41 57 58 59 69 70 
41 57 58 59 67 68 71 
41 57 58 59 67 68 69 70 
41 57 58 59 61 71 73 
41 57 58 59 61 71 72 
41 57 58 59 61 69 70 73 
41 57 58 59 61 69 70 71 72 
41 56 57 58 59 69 73 
41 56 57 58 59 69 71 72 
41 56 57 58 59 67 68 73 
41 56 57 58 59 67 68 71 72 
41 55 59 63 73 75 
41 55 59 63 73 74 
41 55 59 63 71 72 75 
41 55 59 63 71 72 73 74 
41 55 59 60 71 75 
41 55 59 60 71 73 
41 55 59 60 71 73 74 
41 55 59 60 71 72 
41 55 59 60 69 70 75 
41 55 59 60 69 70 73 
41 55 59 60 69 70 73 74 
41 55 59 60 69 70 71 72 
41 55 58 59 71 75 
41 55 58 59 71 73 
41 55 58 59 71 73 74 
41 55 58 59 71 72 
41 55 58 59 69 70 75 
41 55 58 59 69 70 73 
41 55 58 59 69 70 73 74 
41 55 58 59 69 70 71 72 
41 50 57 59 69 73 
41 50 57 59 69 71 72 
41 50 57 59 67 68 73 
41 50 57 59 67 68 71 72 
41 48 55 59 63 73 
41 48 55 59 63 71 72 
41 48 55 59 60 71 
41 48 55 59 60 69 70 
41 48 55 58 59 71 
41 48 55 58 59 69 70 
41 46 59 60 69 71 
41 46 59 60 69 70 
41 46 59 60 67 68 71 
41 46 59 60 67 68 69 70 
41 46 58 59 69 71 
41 46 58 59 69 70 
41 46 58 59 67 68 71 
41 46 58 59 67 68 69 70 
41 46 57 60 61 71 
41 46 57 60 61 69 70 
41 46 57 59 69 77 
41 46 57 59 69 75 76 
41 46 57 59 67 68 77 
41 46 57 59 67 68 75 76 
41 46 57 58 59 61 71 
41 46 57 58 59 61 69 70 
41 46 56 57 58 59 69 
41 46 56 57 58 59 67 68 
41 46 55 59 63 75 
41 46 55 59 63 73 74 
41 46 55 59 60 71 
41 46 55 59 60 69 70 
41 46 55 58 59 71 
41 46 55 58 59 69 70 
41 46 50 57 59 69 
41 46 50 57 59 67 68 
41 46 48 55 59 63 
41 45 57 59 69 73 
41 45 57 59 69 71 72 
41 45 57 59 67 68 73 
41 45 57 59 67 68 71 72 
41 45 55 57 60 71 73 
41 45 55 57 60 71 72 
41 45 55 57 60 69 70 73 
41 45 55 57 60 69 70 71 72 
41 45 55 57 58 59 71 73 
41 45 55 57 58 59 71 72 
41 45 55 57 58 59 69 70 73 
41 45 55 57 58 59 69 70 71 72 
41 45 46 57 59 69 
41 45 46 57 59 67 68 
41 45 46 55 57 60 71 
41 45 46 55 57 60 69 70 
41 45 46 55 57 58 59 71 
41 45 46 55 57 58 59 69 70 
41 44 59 60 
41 44 59 60 69 73 
41 44 59 60 69 71 72 
41 44 59 60 67 68 73 
41 44 59 60 67 68 71 72 
41 44 58 59 
41 44 58 59 69 73 
41 44 58 59 69 71 72 
41 44 58 59 67 68 73 
41 44 58 59 67 68 71 72 
41 44 57 60 61 73 
41 44 57 60 61 71 72 
41 44 57 59 60 69 
41 44 57 59 60 67 68 
41 44 57 58 59 69 
41 44 57 58 59 67 68 
41 44 57 58 59 61 73 
41 44 57 58 59 61 71 72 
41 44 55 59 60 75 
41 44 55 59 60 73 
41 44 55 59 60 73 74 
41 44 55 59 60 71 72 
41 44 55 58 59 75 
41 44 55 58 59 73 
41 44 55 58 59 73 74 
41 44 55 58 59 71 72 
41 44 48 55 59 60 
41 44 48 55 58 59 
41 44 46 59 60 69 
41 44 46 59 60 67 68 
41 44 46 58 59 69 
41 44 46 58 59 67 68 
41 44 46 57 60 61 
41 44 46 57 58 59 61 
41 44 46 55 59 60 
41 44 46 55 58 59 
41 44 45 55 57 60 73 
41 44 45 55 57 60 71 72 
41 44 45 55 57 58 59 73 
41 44 45 55 57 58 59 71 72 
41 44 45 46 55 57 60 
41 44 45 46 55 57 58 59 
41 43 44 57 59 69 73 
41 43 44 57 59 69 71 72 
41 43 44 57 59 67 68 73 
41 43 44 57 59 67 68 71 72 
41 43 44 55 57 60 73 
41 43 44 55 57 60 71 73 
41 43 44 55 57 60 69 70 73 
41 43 44 55 57 60 69 70 71 72 
41 43 44 55 57 58 59 73 
41 43 44 55 57 58 59 71 73 
41 43 44 55 57 58 59 69 70 73 
41 43 44 55 57 58 59 69 70 71 72 
41 43 44 46 57 59 69 
41 43 44 46 57 59 67 68 
41 43 44 46 55 57 60 
41 43 44 46 55 57 60 71 
41 43 44 46 55 57 60 69 70 
41 43 44 46 55 57 58 59 
41 43 44 46 55 57 58 59 71 
41 43 44 46 55 57 58 59 69 70 
41 42 59 60 71 73 
41 42 59 60 71 72 
41 42 59 60 69 70 73 
41 42 59 60 69 70 71 72 
41 42 58 59 71 73 
41 42 58 59 71 72 
41 42 58 59 69 70 73 
41 42 58 59 69 70 71 72 
41 42 57 59 73 77 
41 42 57 59 73 75 76 
41 42 57 59 71 72 77 
41 42 57 59 71 72 75 76 
41 42 57 59 60 71 
41 42 57 59 60 69 70 
41 42 57 58 59 71 
41 42 57 58 59 69 70 
41 42 56 57 58 59 73 
41 42 56 57 58 59 71 72 
41 42 50 57 59 73 
41 42 50 57 59 71 72 
41 42 46 59 60 71 
41 42 46 59 60 69 70 
41 42 46 58 59 71 
41 42 46 58 59 69 70 
41 42 46 57 59 77 
41 42 46 57 59 75 76 
41 42 46 56 57 58 59 
41 42 46 50 57 59 
41 42 45 57 59 73 
41 42 45 57 59 71 72 
41 42 45 46 57 59 
41 42 44 59 60 73 
41 42 44 59 60 71 72 
41 42 44 58 59 73 
41 42 44 58 59 71 72 
41 42 44 57 59 60 
41 42 44 57 58 59 
41 42 44 46 59 60 
41 42 44 46 58 59 
41 42 43 44 57 59 73 
41 42 43 44 57 59 71 72 
41 42 43 44 46 57 59 
40 
40 79 
40 77 78 
40 71 79 
40 71 77 78 
40 69 79 
40 69 77 
40 69 77 79 
40 69 75 76 
40 69 75 76 79 
40 69 75 76 77 78 
40 69 70 79 
40 69 70 77 78 
40 67 
40 67 68 79 
40 67 68 77 
40 67 68 77 79 
40 67 68 75 76 
40 67 68 75 76 79 
40 67 68 75 76 77 78 
40 65 
40 65 71 
40 65 69 
40 65 69 77 
40 65 69 75 76 
40 65 69 70 
40 65 67 68 
40 65 67 68 77 
40 65 67 68 75 76 
40 59 77 
40 59 75 76 
40 59 71 
40 59 69 
40 59 69 70 
40 59 67 
40 59 67 68 
40 59 65 79 
40 59 65 77 78 
40 59 63 
40 59 63 67 
40 52 
40 52 71 
40 52 69 
40 52 69 77 
40 52 69 75 76 
40 52 69 70 
40 52 67 68 
40 52 67 68 77 
40 52 67 68 75 76 
40 52 59 65 
40 50 69 
40 50 69 79 
40 50 69 77 78 
40 50 67 68 
40 50 67 68 79 
40 50 67 68 77 78 
40 50 65 69 
40 50 65 67 68 
40 50 59 
40 50 52 69 
40 50 52 67 68 
40 44 79 
40 44 77 78 
40 44 65 
40 44 59 
40 44 52 
40 42 79 
40 42 77 
40 42 77 79 
40 42 75 76 
40 42 75 76 79 
40 42 75 76 77 78 
40 42 65 
40 42 65 77 
40 42 65 75 76 
40 42 59 
40 42 52 
40 42 52 77 
40 42 52 75 76 
40 42 50 
40 42 50 79 
40 42 50 77 78 
40 42 50 65 
40 42 50 52 
39 40 59 60 71 
39 40 59 60 69 71 73 
39 40 59 60 69 71 72 
39 40 59 60 69 70 
39 40 59 60 69 70 73 
39 40 59 60 69 70 71 72 
39 40 59 60 67 68 71 73 
39 40 59 60 67 68 71 72 
39 40 59 60 67 68 69 70 73 
39 40 59 60 67 68 69 70 71 72 
39 40 58 59 71 
39 40 58 59 69 71 73 
39 40 58 59 69 71 72 
39 40 58 59 69 70 
39 40 58 59 69 70 73 
39 40 58 59 69 70 71 72 
39 40 58 59 67 68 71 73 
39 40 58 59 67 68 71 72 
39 40 58 59 67 68 69 70 73 
39 40 58 59 67 68 69 70 71 72 
39 40 57 60 61 71 73 
39 40 57 60 61 71 72 
39 40 57 60 61 69 70 73 
39 40 57 60 61 69 70 71 72 
39 40 57 59 69 73 77 
39 40 57 59 69 73 75 76 
39 40 57 59 69 71 72 77 
39 40 57 59 69 71 72 75 76 
39 40 57 59 67 68 73 77 
39 40 57 59 67 68 73 75 76 
39 40 57 59 67 68 71 72 77 
39 40 57 59 67 68 71 72 75 76 
39 40 57 59 60 69 71 
39 40 57 59 60 69 70 
39 40 57 59 60 67 68 71 
39 40 57 59 60 67 68 69 70 
39 40 57 58 59 69 71 
39 40 57 58 59 69 70 
39 40 57 58 59 67 68 71 
39 40 57 58 59 67 68 69 70 
39 40 57 58 59 61 71 73 
39 40 57 58 59 61 71 72 
39 40 57 58 59 61 69 70 73 
39 40 57 58 59 61 69 70 71 72 
39 40 56 57 58 59 69 73 
39 40 56 57 58 59 69 71 72 
39 40 56 57 58 59 67 68 73 
39 40 56 57 58 59 67 68 71 72 
39 40 55 59 63 73 75 
39 40 55 59 63 73 74 
39 40 55 59 63 71 72 75 
39 40 55 59 63 71 72 73 74 
39 40 55 59 60 71 75 
39 40 55 59 60 71 73 
39 40 55 59 60 71 73 74 
39 40 55 59 60 71 72 
39 40 55 59 60 69 70 75 
39 40 55 59 60 69 70 73 
39 40 55 59 60 69 70 73 74 
39 40 55 59 60 69 70 71 72 
39 40 55 58 59 71 75 
39 40 55 58 59 71 73 
39 40 55 58 59 71 73 74 
39 40 55 58 59 71 72 
39 40 55 58 59 69 70 75 
39 40 55 58 59 69 70 73 
39 40 55 58 59 69 70 73 74 
39 40 55 58 59 69 70 71 72 
39 40 50 57 59 69 73 
39 40 50 57 59 69 71 72 
39 40 50 57 59 67 68 73 
39 40 50 57 59 67 68 71 72 
39 40 48 55 59 63 73 
39 40 48 55 59 63 71 72 
39 40 48 55 59 60 71 
39 40 48 55 59 60 69 70 
39 40 48 55 58 59 71 
39 40 48 55 58 59 69 70 
39 40 46 59 60 69 71 
39 40 46 59 60 69 70 
39 40 46 59 60 67 68 71 
39 40 46 59 60 67 68 69 70 
39 40 46 58 59 69 71 
39 40 46 58 59 69 70 
39 40 46 58 59 67 68 71 
39 40 46 58 59 67 68 69 70 
39 40 46 57 60 61 71 
39 40 46 57 60 61 69 70 
39 40 46 57 59 69 77 
39 40 46 57 59 69 75 76 
39 40 46 57 59 67 68 77 
39 40 46 57 59 67 68 75 76 
39 40 46 57 58 59 61 71 
39 40 46 57 58 59 61 69 70 
39 40 46 56 57 58 59 69 
39 40 46 56 57 58 59 67 68 
39 40 46 55 59 63 75 
39 40 46 55 59 63 73 74 
39 40 46 55 59 60 71 
39 40 46 55 59 60 69 70 
39 40 46 55 58 59 71 
39 40 46 55 58 59 69 70 
39 40 46 50 57 59 69 
39 40 46 50 57 59 67 68 
39 40 46 48 55 59 63 
39 40 45 57 59 69 73 
39 40 45 57 59 69 71 72 
39 40 45 57 59 67 68 73 
39 40 45 57 59 67 68 71 72 
39 40 45 55 57 60 71 73 
39 40 45 55 57 60 71 72 
39 40 45 55 57 60 69 70 73 
39 40 45 55 57 60 69 70 71 72 
39 40 45 55 57 58 59 71 73 
39 40 45 55 57 58 59 71 72 
39 40 45 55 57 58 59 69 70 73 
39 40 45 55 57 58 59 69 70 71 72 
39 40 45 46 57 59 69 
39 40 45 46 57 59 67 68 
39 40 45 46 55 57 60 71 
39 40 45 46 55 57 60 69 70 
39 40 45 46 55 57 58 59 71 
39 40 45 46 55 57 58 59 69 70 
39 40 44 59 60 
39 40 44 59 60 69 73 
39 40 44 59 60 69 71 72 
39 40 44 59 60 67 68 73 
39 40 44 59 60 67 68 71 72 
39 40 44 58 59 
39 40 44 58 59 69 73 
39 40 44 58 59 69 71 72 
39 40 44 58 59 67 68 73 
39 40 44 58 59 67 68 71 72 
39 40 44 57 60 61 73 
39 40 44 57 60 61 71 72 
39 40 44 57 59 60 69 
39 40 44 57 59 60 67 68 
39 40 44 57 58 59 69 
39 40 44 57 58 59 67 68 
39 40 44 57 58 59 61 73 
39 40 44 57 58 59 61 71 72 
39 40 44 55 59 60 75 
39 40 44 55 59 60 73 
39 40 44 55 59 60 73 74 
39 40 44 55 59 60 71 72 
39 40 44 55 58 59 75 
39 40 44 55 58 59 73 
39 40 44 55 58 59 73 74 
39 40 44 55 58 59 71 72 
39 40 44 48 55 59 60 
39 40 44 48 55 58 59 
39 40 44 46 59 60 69 
39 40 44 46 59 60 67 68 
39 40 44 46 58 59 69 
39 40 44 46 58 59 67 68 
39 40 44 46 57 60 61 
39 40 44 46 57 58 59 61 
39 40 44 46 55 59 60 
39 40 44 46 55 58 59 
39 40 44 45 55 57 60 73 
39 40 44 45 55 57 60 71 72 
39 40 44 45 55 57 58 59 73 
39 40 44 45 55 57 58 59 71 72 
39 40 44 45 46 55 57 60 
39 40 44 45 46 55 57 58 59 
39 40 43 44 57 59 69 73 
39 40 43 44 57 59 69 71 72 
39 40 43 44 57 59 67 68 73 
39 40 43 44 57 59 67 68 71 72 
39 40 43 44 55 57 60 73 
39 40 43 44 55 57 60 71 73 
39 40 43 44 55 57 60 69 70 73 
39 40 43 44 55 57 60 69 70 71 72 
39 40 43 44 55 57 58 59 73 
39 40 43 44 55 57 58 59 71 73 
39 40 43 44 55 57 58 59 69 70 73 
39 40 43 44 55 57 58 59 69 70 71 72 
39 40 43 44 46 57 59 69 
39 40 43 44 46 57 59 67 68 
39 40 43 44 46 55 57 60 
39 40 43 44 46 55 57 60 71 
39 40 43 44 46 55 57 60 69 70 
39 40 43 44 46 55 57 58 59 
39 40 43 44 46 55 57 58 59 71 
39 40 43 44 46 55 57 58 59 69 70 
39 40 42 59 60 71 73 
39 40 42 59 60 71 72 
39 40 42 59 60 69 70 73 
39 40 42 59 60 69 70 71 72 
39 40 42 58 59 71 73 
39 40 42 58 59 71 72 
39 40 42 58 59 69 70 73 
39 40 42 58 59 69 70 71 72 
39 40 42 57 59 73 77 
39 40 42 57 59 73 75 76 
39 40 42 57 59 71 72 77 
39 40 42 57 59 71 72 75 76 
39 40 42 57 59 60 71 
39 40 42 57 59 60 69 70 
39 40 42 57 58 59 71 
39 40 42 57 58 59 69 70 
39 40 42 56 57 58 59 73 
39 40 42 56 57 58 59 71 72 
39 40 42 50 57 59 73 
39 40 42 50 57 59 71 72 
39 40 42 46 59 60 71 
39 40 42 46 59 60 69 70 
39 40 42 46 58 59 71 
39 40 42 46 58 59 69 70 
39 40 42 46 57 59 77 
39 40 42 46 57 59 75 76 
39 40 42 46 56 57 58 59 
39 40 42 46 50 57 59 
39 40 42 45 57 59 73 
39 40 42 45 57 59 71 72 
39 40 42 45 46 57 59 
39 40 42 44 59 60 73 
39 40 42 44 59 60 71 72 
39 40 42 44 58 59 73 
39 40 42 44 58 59 71 72 
39 40 42 44 57 59 60 
39 40 42 44 57 58 59 
39 40 42 44 46 59 60 
39 40 42 44 46 58 59 
39 40 42 43 44 57 59 73 
39 40 42 43 44 57 59 71 72 
39 40 42 43 44 46 57 59 
33 79 
33 77 78 
33 65 
33 65 66 79 
33 65 66 77 78 
33 59 
33 59 69 
33 59 67 
33 59 67 68 
33 59 65 67 79 
33 59 65 67 77 78 
33 59 65 66 79 
33 59 65 66 77 78 
33 59 63 
33 59 63 67 
33 52 
33 52 65 66 
33 52 59 65 67 
33 52 59 65 66 
33 42 59 
33 41 59 71 
33 41 59 69 71 73 
33 41 59 69 71 72 
33 41 59 69 70 
33 41 59 69 70 73 
33 41 59 69 70 71 72 
33 41 59 67 68 71 73 
33 41 59 67 68 71 72 
33 41 59 67 68 69 70 73 
33 41 59 67 68 69 70 71 72 
33 41 57 61 71 73 
33 41 57 61 71 72 
33 41 57 61 69 70 73 
33 41 57 61 69 70 71 72 
33 41 57 59 69 71 
33 41 57 59 69 70 
33 41 57 59 67 68 71 
33 41 57 59 67 68 69 70 
33 41 55 59 71 75 
33 41 55 59 71 73 
33 41 55 59 71 73 74 
33 41 55 59 71 72 
33 41 55 59 69 70 75 
33 41 55 59 69 70 73 
33 41 55 59 69 70 73 74 
33 41 55 59 69 70 71 72 
33 41 48 55 59 71 
33 41 48 55 59 69 70 
33 41 46 59 69 71 
33 41 46 59 69 70 
33 41 46 59 67 68 71 
33 41 46 59 67 68 69 70 
33 41 46 57 61 71 
33 41 46 57 61 69 70 
33 41 46 55 59 71 
33 41 46 55 59 69 70 
33 41 45 55 57 71 73 
33 41 45 55 57 71 72 
33 41 45 55 57 69 70 73 
33 41 45 55 57 69 70 71 72 
33 41 45 46 55 57 71 
33 41 45 46 55 57 69 70 
33 41 44 59 
33 41 44 59 69 73 
33 41 44 59 69 71 72 
33 41 44 59 67 68 73 
33 41 44 59 67 68 71 72 
33 41 44 57 61 73 
33 41 44 57 61 71 72 
33 41 44 57 59 69 
33 41 44 57 59 67 68 
33 41 44 55 59 75 
33 41 44 55 59 73 
33 41 44 55 59 73 74 
33 41 44 55 59 71 72 
33 41 44 48 55 59 
33 41 44 46 59 69 
33 41 44 46 59 67 68 
33 41 44 46 57 61 
33 41 44 46 55 59 
33 41 44 45 55 57 73 
33 41 44 45 55 57 71 72 
33 41 44 45 46 55 57 
33 41 43 44 55 57 73 
33 41 43 44 55 57 71 73 
33 41 43 44 55 57 69 70 73 
33 41 43 44 55 57 69 70 71 72 
33 41 43 44 46 55 57 
33 41 43 44 46 55 57 71 
33 41 43 44 46 55 57 69 70 
33 41 42 59 71 73 
33 41 42 59 71 72 
33 41 42 59 69 70 73 
33 41 42 59 69 70 71 72 
33 41 42 57 59 71 
33 41 42 57 59 69 70 
33 41 42 46 59 71 
33 41 42 46 59 69 70 
33 41 42 44 59 73 
33 41 42 44 59 71 72 
33 41 42 44 57 59 
33 41 42 44 46 59 
33 40 
33 40 79 
33 40 77 78 
33 40 65 
33 40 59 65 79 
33 40 59 65 77 78 
33 40 52 
33 40 52 59 65 
33 39 40 59 71 
33 39 40 59 69 71 73 
33 39 40 59 69 71 72 
33 39 40 59 69 70 
33 39 40 59 69 70 73 
33 39 40 59 69 70 71 72 
33 39 40 59 67 68 71 73 
33 39 40 59 67 68 71 72 
33 39 40 59 67 68 69 70 73 
33 39 40 59 67 68 69 70 71 72 
33 39 40 57 61 71 73 
33 39 40 57 61 71 72 
33 39 40 57 61 69 70 73 
33 39 40 57 61 69 70 71 72 
33 39 40 57 59 69 71 
33 39 40 57 59 69 70 
33 39 40 57 59 67 68 71 
33 39 40 57 59 67 68 69 70 
33 39 40 55 59 71 75 
33 39 40 55 59 71 73 
33 39 40 55 59 71 73 74 
33 39 40 55 59 71 72 
33 39 40 55 59 69 70 75 
33 39 40 55 59 69 70 73 
33 39 40 55 59 69 70 73 74 
33 39 40 55 59 69 70 71 72 
33 39 40 48 55 59 71 
33 39 40 48 55 59 69 70 
33 39 40 46 59 69 71 
33 39 40 46 59 69 70 
33 39 40 46 59 67 68 71 
33 39 40 46 59 67 68 69 70 
33 39 40 46 57 61 71 
33 39 40 46 57 61 69 70 
33 39 40 46 55 59 71 
33 39 40 46 55 59 69 70 
33 39 40 45 55 57 71 73 
33 39 40 45 55 57 71 72 
33 39 40 45 55 57 69 70 73 
33 39 40 45 55 57 69 70 71 72 
33 39 40 45 46 55 57 71 
33 39 40 45 46 55 57 69 70 
33 39 40 44 59 
33 39 40 44 59 69 73 
33 39 40 44 59 69 71 72 
33 39 40 44 59 67 68 73 
33 39 40 44 59 67 68 71 72 
33 39 40 44 57 61 73 
33 39 40 44 57 61 71 72 
33 39 40 44 57 59 69 
33 39 40 44 57 59 67 68 
33 39 40 44 55 59 75 
33 39 40 44 55 59 73 
33 39 40 44 55 59 73 74 
33 39 40 44 55 59 71 72 
33 39 40 44 48 55 59 
33 39 40 44 46 59 69 
33 39 40 44 46 59 67 68 
33 39 40 44 46 57 61 
33 39 40 44 46 55 59 
33 39 40 44 45 55 57 73 
33 39 40 44 45 55 57 71 72 
33 39 40 44 45 46 55 57 
33 39 40 43 44 55 57 73 
33 39 40 43 44 55 57 71 73 
33 39 40 43 44 55 57 69 70 73 
33 39 40 43 44 55 57 69 70 71 72 
33 39 40 43 44 46 55 57 
33 39 40 43 44 46 55 57 71 
33 39 40 43 44 46 55 57 69 70 
33 39 40 42 59 71 73 
33 39 40 42 59 71 72 
33 39 40 42 59 69 70 73 
33 39 40 42 59 69 70 71 72 
33 39 40 42 57 59 71 
33 39 40 42 57 59 69 70 
33 39 40 42 46 59 71 
33 39 40 42 46 59 69 70 
33 39 40 42 44 59 73 
33 39 40 42 44 59 71 72 
33 39 40 42 44 57 59 
33 39 40 42 44 46 59 
32 41 57 59 69 73 
32 41 57 59 69 71 72 
32 41 57 59 67 68 73 
32 41 57 59 67 68 71 72 
32 41 57 58 59 69 73 
32 41 57 58 59 69 71 72 
32 41 57 58 59 67 68 73 
32 41 57 58 59 67 68 71 72 
32 41 56 57 59 69 73 
32 41 56 57 59 69 71 72 
32 41 56 57 59 67 68 73 
32 41 56 57 59 67 68 71 72 
32 41 46 57 59 69 
32 41 46 57 59 67 68 
32 41 46 57 58 59 69 
32 41 46 57 58 59 67 68 
32 41 46 56 57 59 69 
32 41 46 56 57 59 67 68 
32 41 42 57 59 73 
32 41 42 57 59 71 72 
32 41 42 57 58 59 73 
32 41 42 57 58 59 71 72 
32 41 42 56 57 59 73 
32 41 42 56 57 59 71 72 
32 41 42 46 57 59 
32 41 42 46 57 58 59 
32 41 42 46 56 57 59 
32 39 40 57 59 69 73 
32 39 40 57 59 69 71 72 
32 39 40 57 59 67 68 73 
32 39 40 57 59 67 68 71 72 
32 39 40 57 58 59 69 73 
32 39 40 57 58 59 69 71 72 
32 39 40 57 58 59 67 68 73 
32 39 40 57 58 59 67 68 71 72 
32 39 40 56 57 59 69 73 
32 39 40 56 57 59 69 71 72 
32 39 40 56 57 59 67 68 73 
32 39 40 56 57 59 67 68 71 72 
32 39 40 46 57 59 69 
32 39 40 46 57 59 67 68 
32 39 40 46 57 58 59 69 
32 39 40 46 57 58 59 67 68 
32 39 40 46 56 57 59 69 
32 39 40 46 56 57 59 67 68 
32 39 40 42 57 59 73 
32 39 40 42 57 59 71 72 
32 39 40 42 57 58 59 73 
32 39 40 42 57 58 59 71 72 
32 39 40 42 56 57 59 73 
32 39 40 42 56 57 59 71 72 
32 39 40 42 46 57 59 
32 39 40 42 46 57 58 59 
32 39 40 42 46 56 57 59 
31 79 
31 77 78 
31 69 79 
31 69 77 78 
31 67 79 
31 67 77 78 
31 67 69 79 
31 67 69 77 
31 67 69 77 79 
31 67 69 75 76 
31 67 69 75 76 79 
31 67 69 75 76 77 78 
31 67 68 77 
31 67 68 77 79 
31 67 68 77 78 
31 67 68 75 76 
31 67 68 75 76 79 
31 67 68 75 76 77 78 
31 65 
31 65 69 
31 65 69 79 
31 65 69 77 78 
31 65 67 
31 65 67 69 
31 65 67 69 77 
31 65 67 69 75 76 
31 65 67 68 79 
31 65 67 68 77 
31 65 67 68 77 78 
31 65 67 68 75 76 
31 65 66 
31 65 66 79 
31 65 66 77 78 
31 65 66 69 
31 65 66 69 79 
31 65 66 69 77 79 
31 65 66 69 75 76 79 
31 65 66 69 75 76 77 78 
31 65 66 67 68 
31 65 66 67 68 79 
31 65 66 67 68 77 79 
31 65 66 67 68 75 76 79 
31 65 66 67 68 75 76 77 78 
31 59 
31 59 67 
31 59 67 77 
31 59 67 75 76 
31 59 65 79 
31 59 65 77 78 
31 59 65 66 77 
31 59 65 66 75 76 
31 59 65 66 69 
31 59 65 66 67 
31 59 65 66 67 68 
31 59 63 69 
31 59 63 67 69 
31 59 63 65 66 
31 59 63 65 66 67 
31 52 
31 52 69 
31 52 67 
31 52 67 69 
31 52 67 69 77 
31 52 67 69 75 76 
31 52 67 68 77 
31 52 67 68 75 76 
31 52 65 69 
31 52 65 67 68 
31 52 65 66 
31 52 65 66 69 
31 52 65 66 69 77 
31 52 65 66 69 75 76 
31 52 65 66 67 68 
31 52 65 66 67 68 77 
31 52 65 66 67 68 75 76 
31 52 59 65 
31 50 67 69 
31 50 67 69 79 
31 50 67 69 77 78 
31 50 67 68 
31 50 67 68 79 
31 50 67 68 77 78 
31 50 65 67 69 
31 50 65 67 68 
31 50 65 66 69 79 
31 50 65 66 69 77 78 
31 50 65 66 67 68 79 
31 50 65 66 67 68 77 78 
31 50 59 67 
31 50 59 65 66 
31 50 52 67 69 
31 50 52 67 68 
31 50 52 65 66 69 
31 50 52 65 66 67 68 
31 42 79 
31 42 77 78 
31 42 67 79 
31 42 67 77 
31 42 67 77 79 
31 42 67 75 76 
31 42 67 75 76 79 
31 42 67 75 76 77 78 
31 42 65 
31 42 65 79 
31 42 65 77 78 
31 42 65 67 
31 42 65 67 77 
31 42 65 67 75 76 
31 42 65 66 
31 42 65 66 79 
31 42 65 66 77 79 
31 42 65 66 75 76 79 
31 42 65 66 75 76 77 78 
31 42 59 65 66 
31 42 59 63 
31 42 59 63 67 
31 42 52 
31 42 52 67 
31 42 52 67 77 
31 42 52 67 75 76 
31 42 52 65 
31 42 52 65 66 
31 42 52 65 66 77 
31 42 52 65 66 75 76 
31 42 50 67 
31 42 50 67 79 
31 42 50 67 77 78 
31 42 50 65 67 
31 42 50 65 66 79 
31 42 50 65 66 77 78 
31 42 50 52 67 
31 42 50 52 65 66 
31 41 57 58 59 69 73 
31 41 57 58 59 69 71 72 
31 41 57 58 59 67 68 73 
31 41 57 58 59 67 68 71 72 
31 41 46 57 58 59 69 
31 41 46 57 58 59 67 68 
31 41 42 57 58 59 73 
31 41 42 57 58 59 71 72 
31 41 42 46 57 58 59 
31 40 79 
31 40 77 78 
31 40 69 79 
31 40 69 77 
31 40 69 77 79 
31 40 69 75 76 
31 40 69 75 76 79 
31 40 69 75 76 77 78 
31 40 67 68 79 
31 40 67 68 77 
31 40 67 68 77 79 
31 40 67 68 75 76 
31 40 67 68 75 76 79 
31 40 67 68 75 76 77 78 
31 40 65 
31 40 65 69 
31 40 65 69 77 
31 40 65 69 75 76 
31 40 65 67 68 
31 40 65 67 68 77 
31 40 65 67 68 75 76 
31 40 59 77 
31 40 59 75 76 
31 40 59 69 
31 40 59 67 
31 40 59 67 68 
31 40 59 63 
31 40 59 63 67 
31 40 52 
31 40 52 69 
31 40 52 69 77 
31 40 52 69 75 76 
31 40 52 67 68 
31 40 52 67 68 77 
31 40 52 67 68 75 76 
31 40 50 69 
31 40 50 69 79 
31 40 50 69 77 78 
31 40 50 67 68 
31 40 50 67 68 79 
31 40 50 67 68 77 78 
31 40 50 65 69 
31 40 50 65 67 68 
31 40 50 59 
31 40 50 52 69 
31 40 50 52 67 68 
31 40 42 79 
31 40 42 77 
31 40 42 77 79 
31 40 42 75 76 
31 40 42 75 76 79 
31 40 42 75 76 77 78 
31 40 42 65 
31 40 42 65 77 
31 40 42 65 75 76 
31 40 42 59 
31 40 42 52 
31 40 42 52 77 
31 40 42 52 75 76 
31 40 42 50 
31 40 42 50 79 
31 40 42 50 77 78 
31 40 42 50 65 
31 40 42 50 52 
31 39 40 57 58 59 69 73 
31 39 40 57 58 59 69 71 72 
31 39 40 57 58 59 67 68 73 
31 39 40 57 58 59 67 68 71 72 
31 39 40 46 57 58 59 69 
31 39 40 46 57 58 59 67 68 
31 39 40 42 57 58 59 73 
31 39 40 42 57 58 59 71 72 
31 39 40 42 46 57 58 59 
31 33 67 
31 33 67 79 
31 33 67 77 78 
31 33 65 67 
31 33 65 66 79 
31 33 65 66 77 78 
31 33 59 
31 33 59 67 
31 33 59 63 
31 33 59 63 67 
31 33 52 67 
31 33 52 65 66 
31 33 40 
31 33 40 79 
31 33 40 77 78 
31 33 40 65 
31 33 40 52 
31 32 41 57 59 69 73 
31 32 41 57 59 69 71 72 
31 32 41 57 59 67 68 73 
31 32 41 57 59 67 68 71 72 
31 32 41 46 57 59 69 
31 32 41 46 57 59 67 68 
31 32 41 42 57 59 73 
31 32 41 42 57 59 71 72 
31 32 41 42 46 57 59 
31 32 39 40 57 59 69 73 
31 32 39 40 57 59 69 71 72 
31 32 39 40 57 59 67 68 73 
31 32 39 40 57 59 67 68 71 72 
31 32 39 40 46 57 59 69 
31 32 39 40 46 57 59 67 68 
31 32 39 40 42 57 59 73 
31 32 39 40 42 57 59 71 72 
31 32 39 40 42 46 57 59 
29 
18 67 
18 67 71 
18 67 69 70 
18 65 66 
18 65 66 71 
18 65 66 69 70 
18 59 67 
18 59 67 69 
18 59 67 68 
18 59 65 67 
18 59 65 66 69 
18 59 65 66 67 68 
18 59 63 64 67 
18 59 63 64 65 66 
18 57 
18 44 67 
18 44 65 66 
18 42 59 67 
18 42 59 65 66 
18 41 57 59 69 73 
18 41 57 59 69 71 72 
18 41 57 59 67 68 73 
18 41 57 59 67 68 71 72 
18 41 55 57 60 71 73 
18 41 55 57 60 71 72 
18 41 55 57 60 69 70 73 
18 41 55 57 60 69 70 71 72 
18 41 55 57 58 59 71 73 
18 41 55 57 58 59 71 72 
18 41 55 57 58 59 69 70 73 
18 41 55 57 58 59 69 70 71 72 
18 41 46 57 59 69 
18 41 46 57 59 67 68 
18 41 46 55 57 60 71 
18 41 46 55 57 60 69 70 
18 41 46 55 57 58 59 71 
18 41 46 55 57 58 59 69 70 
18 41 44 55 57 60 73 
18 41 44 55 57 60 71 72 
18 41 44 55 57 58 59 73 
18 41 44 55 57 58 59 71 72 
18 41 44 46 55 57 60 
18 41 44 46 55 57 58 59 
18 41 42 57 59 73 
18 41 42 57 59 71 72 
18 41 42 46 57 59 
18 40 
18 40 71 
18 40 69 70 
18 40 59 
18 40 59 69 
18 40 59 67 68 
18 40 59 65 
18 40 59 63 64 
18 40 44 
18 40 42 59 
18 39 40 57 59 69 73 
18 39 40 57 59 69 71 72 
18 39 40 57 59 67 68 73 
18 39 40 57 59 67 68 71 72 
18 39 40 55 57 60 71 73 
18 39 40 55 57 60 71 72 
18 39 40 55 57 60 69 70 73 
18 39 40 55 57 60 69 70 71 72 
18 39 40 55 57 58 59 71 73 
18 39 40 55 57 58 59 71 72 
18 39 40 55 57 58 59 69 70 73 
18 39 40 55 57 58 59 69 70 71 72 
18 39 40 46 57 59 69 
18 39 40 46 57 59 67 68 
18 39 40 46 55 57 60 71 
18 39 40 46 55 57 60 69 70 
18 39 40 46 55 57 58 59 71 
18 39 40 46 55 57 58 59 69 70 
18 39 40 44 55 57 60 73 
18 39 40 44 55 57 60 71 72 
18 39 40 44 55 57 58 59 73 
18 39 40 44 55 57 58 59 71 72 
18 39 40 44 46 55 57 60 
18 39 40 44 46 55 57 58 59 
18 39 40 42 57 59 73 
18 39 40 42 57 59 71 72 
18 39 40 42 46 57 59 
18 38 59 67 
18 38 59 65 66 
18 38 40 59 
18 33 41 55 57 71 73 
18 33 41 55 57 71 72 
18 33 41 55 57 69 70 73 
18 33 41 55 57 69 70 71 72 
18 33 41 46 55 57 71 
18 33 41 46 55 57 69 70 
18 33 41 44 55 57 73 
18 33 41 44 55 57 71 72 
18 33 41 44 46 55 57 
18 33 39 40 55 57 71 73 
18 33 39 40 55 57 71 72 
18 33 39 40 55 57 69 70 73 
18 33 39 40 55 57 69 70 71 72 
18 33 39 40 46 55 57 71 
18 33 39 40 46 55 57 69 70 
18 33 39 40 44 55 57 73 
18 33 39 40 44 55 57 71 72 
18 33 39 40 44 46 55 57 
18 31 59 67 
18 31 59 67 69 
18 31 59 67 68 
18 31 59 65 66 
18 31 59 65 66 69 
18 31 59 65 66 67 68 
18 31 42 59 67 
18 31 42 59 65 66 
18 31 40 59 
18 31 40 59 69 
18 31 40 59 67 68 
18 31 40 42 59 
14 59 60 71 
14 59 60 69 71 73 
14 59 60 69 71 72 
14 59 60 69 70 
14 59 60 69 70 73 
14 59 60 69 70 71 72 
14 59 60 67 68 71 73 
14 59 60 67 68 71 72 
14 59 60 67 68 69 70 73 
14 59 60 67 68 69 70 71 72 
14 58 59 71 
14 58 59 69 71 73 
14 58 59 69 71 72 
14 58 59 69 70 
14 58 59 69 70 73 
14 58 59 69 70 71 72 
14 58 59 67 68 71 73 
14 58 59 67 68 71 72 
14 58 59 67 68 69 70 73 
14 58 59 67 68 69 70 71 72 
14 57 60 61 71 73 
14 57 60 61 71 72 
14 57 60 61 69 70 73 
14 57 60 61 69 70 71 72 
14 57 59 69 73 77 
14 57 59 69 73 75 76 
14 57 59 69 71 72 77 
14 57 59 69 71 72 75 76 
14 57 59 67 68 73 77 
14 57 59 67 68 73 75 76 
14 57 59 67 68 71 72 77 
14 57 59 67 68 71 72 75 76 
14 57 59 60 69 71 
14 57 59 60 69 70 
14 57 59 60 67 68 71 
14 57 59 60 67 68 69 70 
14 57 58 59 69 71 
14 57 58 59 69 70 
14 57 58 59 67 68 71 
14 57 58 59 67 68 69 70 
14 57 58 59 61 71 73 
14 57 58 59 61 71 72 
14 57 58 59 61 69 70 73 
14 57 58 59 61 69 70 71 72 
14 56 57 58 59 69 73 
14 56 57 58 59 69 71 72 
14 56 57 58 59 67 68 73 
14 56 57 58 59 67 68 71 72 
14 55 59 63 73 75 
14 55 59 63 73 74 
14 55 59 63 71 72 75 
14 55 59 63 71 72 73 74 
14 55 59 60 71 75 
14 55 59 60 71 73 
14 55 59 60 71 73 74 
14 55 59 60 71 72 
14 55 59 60 69 70 75 
14 55 59 60 69 70 73 
14 55 59 60 69 70 73 74 
14 55 59 60 69 70 71 72 
14 55 58 59 71 75 
14 55 58 59 71 73 
14 55 58 59 71 73 74 
14 55 58 59 71 72 
14 55 58 59 69 70 75 
14 55 58 59 69 70 73 
14 55 58 59 69 70 73 74 
14 55 58 59 69 70 71 72 
14 50 57 59 69 73 
14 50 57 59 69 71 72 
14 50 57 59 67 68 73 
14 50 57 59 67 68 71 72 
14 48 55 59 63 73 
14 48 55 59 63 71 72 
14 48 55 59 60 71 
14 48 55 59 60 69 70 
14 48 55 58 59 71 
14 48 55 58 59 69 70 
14 46 59 60 69 71 
14 46 59 60 69 70 
14 46 59 60 67 68 71 
14 46 59 60 67 68 69 70 
14 46 58 59 69 71 
14 46 58 59 69 70 
14 46 58 59 67 68 71 
14 46 58 59 67 68 69 70 
14 46 57 60 61 71 
14 46 57 60 61 69 70 
14 46 57 59 69 77 
14 46 57 59 69 75 76 
14 46 57 59 67 68 77 
14 46 57 59 67 68 75 76 
14 46 57 58 59 61 71 
14 46 57 58 59 61 69 70 
14 46 56 57 58 59 69 
14 46 56 57 58 59 67 68 
14 46 55 59 63 75 
14 46 55 59 63 73 74 
14 46 55 59 60 71 
14 46 55 59 60 69 70 
14 46 55 58 59 71 
14 46 55 58 59 69 70 
14 46 50 57 59 69 
14 46 50 57 59 67 68 
14 46 48 55 59 63 
14 45 57 59 69 73 
14 45 57 59 69 71 72 
14 45 57 59 67 68 73 
14 45 57 59 67 68 71 72 
14 45 55 57 60 71 73 
14 45 55 57 60 71 72 
14 45 55 57 60 69 70 73 
14 45 55 57 60 69 70 71 72 
14 45 55 57 58 59 71 73 
14 45 55 57 58 59 71 72 
14 45 55 57 58 59 69 70 73 
14 45 55 57 58 59 69 70 71 72 
14 45 46 57 59 69 
14 45 46 57 59 67 68 
14 45 46 55 57 60 71 
14 45 46 55 57 60 69 70 
14 45 46 55 57 58 59 71 
14 45 46 55 57 58 59 69 70 
14 44 59 60 
14 44 59 60 69 73 
14 44 59 60 69 71 72 
14 44 59 60 67 68 73 
14 44 59 60 67 68 71 72 
14 44 58 59 
14 44 58 59 69 73 
14 44 58 59 69 71 72 
14 44 58 59 67 68 73 
14 44 58 59 67 68 71 72 
14 44 57 60 61 73 
14 44 57 60 61 71 72 
14 44 57 59 60 69 
14 44 57 59 60 67 68 
14 44 57 58 59 69 
14 44 57 58 59 67 68 
14 44 57 58 59 61 73 
14 44 57 58 59 61 71 72 
14 44 55 59 60 75 
14 44 55 59 60 73 
14 44 55 59 60 73 74 
14 44 55 59 60 71 72 
14 44 55 58 59 75 
14 44 55 58 59 73 
14 44 55 58 59 73 74 
14 44 55 58 59 71 72 
14 44 48 55 59 60 
14 44 48 55 58 59 
14 44 46 59 60 69 
14 44 46 59 60 67 68 
14 44 46 58 59 69 
14 44 46 58 59 67 68 
14 44 46 57 60 61 
14 44 46 57 58 59 61 
14 44 46 55 59 60 
14 44 46 55 58 59 
14 44 45 55 57 60 73 
14 44 45 55 57 60 71 72 
14 44 45 55 57 58 59 73 
14 44 45 55 57 58 59 71 72 
14 44 45 46 55 57 60 
14 44 45 46 55 57 58 59 
14 43 44 57 59 69 73 
14 43 44 57 59 69 71 72 
14 43 44 57 59 67 68 73 
14 43 44 57 59 67 68 71 72 
14 43 44 55 57 60 73 
14 43 44 55 57 60 71 73 
14 43 44 55 57 60 69 70 73 
14 43 44 55 57 60 69 70 71 72 
14 43 44 55 57 58 59 73 
14 43 44 55 57 58 59 71 73 
14 43 44 55 57 58 59 69 70 73 
14 43 44 55 57 58 59 69 70 71 72 
14 43 44 46 57 59 69 
14 43 44 46 57 59 67 68 
14 43 44 46 55 57 60 
14 43 44 46 55 57 60 71 
14 43 44 46 55 57 60 69 70 
14 43 44 46 55 57 58 59 
14 43 44 46 55 57 58 59 71 
14 43 44 46 55 57 58 59 69 70 
14 42 59 60 71 73 
14 42 59 60 71 72 
14 42 59 60 69 70 73 
14 42 59 60 69 70 71 72 
14 42 58 59 71 73 
14 42 58 59 71 72 
14 42 58 59 69 70 73 
14 42 58 59 69 70 71 72 
14 42 57 59 73 77 
14 42 57 59 73 75 76 
14 42 57 59 71 72 77 
14 42 57 59 71 72 75 76 
14 42 57 59 60 71 
14 42 57 59 60 69 70 
14 42 57 58 59 71 
14 42 57 58 59 69 70 
14 42 56 57 58 59 73 
14 42 56 57 58 59 71 72 
14 42 50 57 59 73 
14 42 50 57 59 71 72 
14 42 46 59 60 71 
14 42 46 59 60 69 70 
14 42 46 58 59 71 
14 42 46 58 59 69 70 
14 42 46 57 59 77 
14 42 46 57 59 75 76 
14 42 46 56 57 58 59 
14 42 46 50 57 59 
14 42 45 57 59 73 
14 42 45 57 59 71 72 
14 42 45 46 57 59 
14 42 44 59 60 73 
14 42 44 59 60 71 72 
14 42 44 58 59 73 
14 42 44 58 59 71 72 
14 42 44 57 59 60 
14 42 44 57 58 59 
14 42 44 46 59 60 
14 42 44 46 58 59 
14 42 43 44 57 59 73 
14 42 43 44 57 59 71 72 
14 42 43 44 46 57 59 
14 33 59 71 
14 33 59 69 71 73 
14 33 59 69 71 72 
14 33 59 69 70 
14 33 59 69 70 73 
14 33 59 69 70 71 72 
14 33 59 67 68 71 73 
14 33 59 67 68 71 72 
14 33 59 67 68 69 70 73 
14 33 59 67 68 69 70 71 72 
14 33 57 61 71 73 
14 33 57 61 71 72 
14 33 57 61 69 70 73 
14 33 57 61 69 70 71 72 
14 33 57 59 69 71 
14 33 57 59 69 70 
14 33 57 59 67 68 71 
14 33 57 59 67 68 69 70 
14 33 55 59 71 75 
14 33 55 59 71 73 
14 33 55 59 71 73 74 
14 33 55 59 71 72 
14 33 55 59 69 70 75 
14 33 55 59 69 70 73 
14 33 55 59 69 70 73 74 
14 33 55 59 69 70 71 72 
14 33 48 55 59 71 
14 33 48 55 59 69 70 
14 33 46 59 69 71 
14 33 46 59 69 70 
14 33 46 59 67 68 71 
14 33 46 59 67 68 69 70 
14 33 46 57 61 71 
14 33 46 57 61 69 70 
14 33 46 55 59 71 
14 33 46 55 59 69 70 
14 33 45 55 57 71 73 
14 33 45 55 57 71 72 
14 33 45 55 57 69 70 73 
14 33 45 55 57 69 70 71 72 
14 33 45 46 55 57 71 
14 33 45 46 55 57 69 70 
14 33 44 59 
14 33 44 59 69 73 
14 33 44 59 69 71 72 
14 33 44 59 67 68 73 
14 33 44 59 67 68 71 72 
14 33 44 57 61 73 
14 33 44 57 61 71 72 
14 33 44 57 59 69 
14 33 44 57 59 67 68 
14 33 44 55 59 75 
14 33 44 55 59 73 
14 33 44 55 59 73 74 
14 33 44 55 59 71 72 
14 33 44 48 55 59 
14 33 44 46 59 69 
14 33 44 46 59 67 68 
14 33 44 46 57 61 
14 33 44 46 55 59 
14 33 44 45 55 57 73 
14 33 44 45 55 57 71 72 
14 33 44 45 46 55 57 
14 33 43 44 55 57 73 
14 33 43 44 55 57 71 73 
14 33 43 44 55 57 69 70 73 
14 33 43 44 55 57 69 70 71 72 
14 33 43 44 46 55 57 
14 33 43 44 46 55 57 71 
14 33 43 44 46 55 57 69 70 
14 33 42 59 71 73 
14 33 42 59 71 72 
14 33 42 59 69 70 73 
14 33 42 59 69 70 71 72 
14 33 42 57 59 71 
14 33 42 57 59 69 70 
14 33 42 46 59 71 
14 33 42 46 59 69 70 
14 33 42 44 59 73 
14 33 42 44 59 71 72 
14 33 42 44 57 59 
14 33 42 44 46 59 
14 32 57 59 69 73 
14 32 57 59 69 71 72 
14 32 57 59 67 68 73 
14 32 57 59 67 68 71 72 
14 32 57 58 59 69 73 
14 32 57 58 59 69 71 72 
14 32 57 58 59 67 68 73 
14 32 57 58 59 67 68 71 72 
14 32 56 57 59 69 73 
14 32 56 57 59 69 71 72 
14 32 56 57 59 67 68 73 
14 32 56 57 59 67 68 71 72 
14 32 46 57 59 69 
14 32 46 57 59 67 68 
14 32 46 57 58 59 69 
14 32 46 57 58 59 67 68 
14 32 46 56 57 59 69 
14 32 46 56 57 59 67 68 
14 32 42 57 59 73 
14 32 42 57 59 71 72 
14 32 42 57 58 59 73 
14 32 42 57 58 59 71 72 
14 32 42 56 57 59 73 
14 32 42 56 57 59 71 72 
14 32 42 46 57 59 
14 32 42 46 57 58 59 
14 32 42 46 56 57 59 
14 31 57 58 59 69 73 
14 31 57 58 59 69 71 72 
14 31 57 58 59 67 68 73 
14 31 57 58 59 67 68 71 72 
14 31 46 57 58 59 69 
14 31 46 57 58 59 67 68 
14 31 42 57 58 59 73 
14 31 42 57 58 59 71 72 
14 31 42 46 57 58 59 
14 31 32 57 59 69 73 
14 31 32 57 59 69 71 72 
14 31 32 57 59 67 68 73 
14 31 32 57 59 67 68 71 72 
14 31 32 46 57 59 69 
14 31 32 46 57 59 67 68 
14 31 32 42 57 59 73 
14 31 32 42 57 59 71 72 
14 31 32 42 46 57 59 
14 18 57 59 69 73 
14 18 57 59 69 71 72 
14 18 57 59 67 68 73 
14 18 57 59 67 68 71 72 
14 18 55 57 60 71 73 
14 18 55 57 60 71 72 
14 18 55 57 60 69 70 73 
14 18 55 57 60 69 70 71 72 
14 18 55 57 58 59 71 73 
14 18 55 57 58 59 71 72 
14 18 55 57 58 59 69 70 73 
14 18 55 57 58 59 69 70 71 72 
14 18 46 57 59 69 
14 18 46 57 59 67 68 
14 18 46 55 57 60 71 
14 18 46 55 57 60 69 70 
14 18 46 55 57 58 59 71 
14 18 46 55 57 58 59 69 70 
14 18 44 55 57 60 73 
14 18 44 55 57 60 71 72 
14 18 44 55 57 58 59 73 
14 18 44 55 57 58 59 71 72 
14 18 44 46 55 57 60 
14 18 44 46 55 57 58 59 
14 18 42 57 59 73 
14 18 42 57 59 71 72 
14 18 42 46 57 59 
14 18 33 55 57 71 73 
14 18 33 55 57 71 72 
14 18 33 55 57 69 70 73 
14 18 33 55 57 69 70 71 72 
14 18 33 46 55 57 71 
14 18 33 46 55 57 69 70 
14 18 33 44 55 57 73 
14 18 33 44 55 57 71 72 
14 18 33 44 46 55 57 
5 59 67 
5 59 67 71 
5 59 67 69 70 
5 59 65 66 
5 59 65 66 71 
5 59 65 66 69 70 
5 44 59 67 
5 44 59 65 66 
5 40 59 
5 40 59 71 
5 40 59 69 70 
5 40 44 59 
