79
77 78
72
71
71 79
71 77
71 77 78
71 75 76
70 71
69
69 78 79
69 70
69 70 79
69 70 77
69 70 77 78
69 70 75 76
68
68 79
68 78 79
68 77 78
68 71
68 71 79
68 71 77 78
68 69
68 69 79
68 69 77 78
68 69 70
68 69 70 79
68 69 70 77 78
67
67 79
67 77
67 77 78
67 77 78 79
67 75 76
67 71 79
67 71 78 79
67 71 77 79
67 71 77 78 79
67 71 75 76 79
67 71 75 76 77 78
67 69 79
67 69 77
67 69 77 78
67 69 75 76
67 69 70 79
67 69 70 78 79
67 69 70 77 79
67 69 70 77 78 79
67 69 70 75 76 79
67 69 70 75 76 77 78
67 68
67 68 77
67 68 75 76
67 68 69
66 67
65
65 79
65 77 78
65 71
65 71 77
65 71 77 79
65 71 77 78
65 71 75 76
65 71 75 76 79
65 71 75 76 77 78
65 69
65 69 79
65 69 77
65 69 77 79
65 69 75 76
65 69 75 76 79
65 69 75 76 77 78
65 69 70
65 69 70 77
65 69 70 77 79
65 69 70 77 78
65 69 70 75 76
65 69 70 75 76 79
65 69 70 75 76 77 78
65 68 79
65 68 77 78
65 68 69 79
65 68 69 77 78
65 67
65 67 69 79
65 67 69 77 78
65 67 68
65 67 68 77
65 67 68 77 79
65 67 68 77 78
65 67 68 75 76
65 67 68 75 76 79
65 67 68 75 76 77 78
65 66
65 66 79
65 66 77
65 66 77 78
65 66 77 78 79
65 66 75 76
65 66 71 79
65 66 71 78 79
65 66 71 77 79
65 66 71 77 78 79
65 66 71 75 76 79
65 66 71 75 76 77 78
65 66 69 77
65 66 69 75 76
65 66 69 70 79
65 66 69 70 78 79
65 66 69 70 77 79
65 66 69 70 77 78 79
65 66 69 70 75 76 79
65 66 69 70 75 76 77 78
65 66 68 79
65 66 68 78 79
65 66 68 77 78
65 66 68 69
65 66 67 68
65 66 67 68 77
65 66 67 68 75 76
64 67
64 67 71 77
64 67 71 75 76
64 67 69 70 77
64 67 69 70 75 76
64 65 79
64 65 77 78
64 65 69 79
64 65 69 77 78
64 65 68 79
64 65 68 77 78
64 65 67 71 77
64 65 67 71 75 76
64 65 67 69 70 77
64 65 67 69 70 75 76
64 65 66
64 65 66 68 79
64 65 66 68 77 78
63 79
63 77 78
63 67
63 65 66
63 64
63 64 79
63 64 77 78
63 64 71 77
63 64 71 75 76
63 64 69
63 64 69 77
63 64 69 75 76
63 64 69 70 77
63 64 69 70 75 76
63 64 68
63 64 67 68 77
63 64 67 68 75 76
63 64 65 71 77 79
63 64 65 71 77 78
63 64 65 71 75 76 79
63 64 65 71 75 76 77 78
63 64 65 69 77 79
63 64 65 69 77 78
63 64 65 69 75 76 79
63 64 65 69 75 76 77 78
63 64 65 69 70 77 79
63 64 65 69 70 77 78
63 64 65 69 70 75 76 79
63 64 65 69 70 75 76 77 78
63 64 65 67 68 77 79
63 64 65 67 68 77 78
63 64 65 67 68 75 76 79
63 64 65 67 68 75 76 77 78
63 64 65 66 68
62 63 67 71 77
62 63 67 71 75 76
62 63 67 69 70 77
62 63 67 69 70 75 76
62 63 65 66 71 77
62 63 65 66 71 75 76
62 63 65 66 69 70 77
62 63 65 66 69 70 75 76
61 67 71 77
61 67 71 75 76
61 67 69 70 77
61 67 69 70 75 76
61 65 66 71 77
61 65 66 71 75 76
61 65 66 69 70 77
61 65 66 69 70 75 76
60 68 79
60 68 77 78
60 67 79
60 67 77 78
60 65 66 79
60 65 66 77 78
59
59 77 78 79
59 71
59 71 79
59 71 78 79
59 71 77 78
59 71 77 78 79
59 69 79
59 69 77 78
59 69 70
59 69 70 79
59 69 70 78 79
59 69 70 77 78
59 69 70 77 78 79
59 67 79
59 67 78 79
59 67 77
59 67 77 78
59 67 75 76
59 67 75 76 78 79
59 67 71 77
59 67 71 75 76
59 67 69 71 79
59 67 69 71 77 78
59 67 69 70 79
59 67 69 70 77
59 67 69 70 77 78
59 67 69 70 75 76
59 67 68
59 67 68 79
59 67 68 77 78
59 67 68 71 79
59 67 68 71 77 78
59 67 68 69 70 79
59 67 68 69 70 77 78
59 65
59 65 78 79
59 65 67 79
59 65 67 78 79
59 65 67 77 78
59 65 67 77 78 79
59 65 66 77
59 65 66 77 78 79
59 65 66 75 76
59 65 66 75 76 78 79
59 65 66 71 77
59 65 66 71 75 76
59 65 66 69 71 79
59 65 66 69 71 77 78
59 65 66 69 70 79
59 65 66 69 70 77
59 65 66 69 70 77 78
59 65 66 69 70 75 76
59 65 66 68
59 65 66 67 68 71 79
59 65 66 67 68 71 77 78
59 65 66 67 68 69 70 79
59 65 66 67 68 69 70 77 78
59 63
59 63 71
59 63 69 70
59 63 64 77 78 79
59 63 64 67 78 79
59 63 64 67 77 78 79
59 63 64 65 77 78 79
59 63 64 65 66 78 79
59 63 64 65 66 77 78 79
59 60 79
59 60 77 78
59 60 67 79
59 60 67 77 78
59 60 65 66 79
59 60 65 66 77 78
58 59 79
58 59 77 78
58 59 68 79
58 59 68 77 78
57
57 79
57 78 79
57 77 78
57 75 76 78 79
57 69 71 79
57 69 71 77 78
57 69 70 79
57 69 70 77 78
57 68
57 67
57 67 79
57 67 77
57 67 77 78
57 67 77 78 79
57 67 75 76
57 67 71 77
57 67 71 75 76
57 67 69 70 77
57 67 69 70 75 76
57 67 68 79
57 67 68 77 78
57 65
57 65 67 79
57 65 67 78 79
57 65 67 77 78
57 65 67 77 78 79
57 65 66
57 65 66 78 79
57 65 66 77
57 65 66 75 76
57 65 66 71 77
57 65 66 71 75 76
57 65 66 69 70 77
57 65 66 69 70 75 76
57 65 66 68 79
57 65 66 68 77 78
57 65 66 68 71 79
57 65 66 68 71 77 78
57 65 66 68 69 70 79
57 65 66 68 69 70 77 78
57 63 64 67 78 79
57 63 64 67 77 78 79
57 63 64 65 66 78 79
57 63 64 65 66 77 78 79
57 59 67 79
57 59 67 77 78
57 59 65 78 79
57 59 65 77 78 79
57 59 65 66 79
57 59 65 66 77 78
57 59 63 64 65 78 79
57 59 63 64 65 77 78 79
56 59 79
56 59 77 78
56 59 67 79
56 59 67 77 78
56 59 65 66 79
56 59 65 66 77 78
55 67 71 77
55 67 71 75 76
55 67 69 70 77
55 67 69 70 75 76
55 65 66 71 77
55 65 66 71 75 76
55 65 66 69 70 77
55 65 66 69 70 75 76
54 67 68 71 77
54 67 68 71 75 76
54 67 68 69 70 77
54 67 68 69 70 75 76
54 65 66 68 71 77
54 65 66 68 71 75 76
54 65 66 68 69 70 77
54 65 66 68 69 70 75 76
54 59
54 59 79
54 59 77 78
54 59 67 79
54 59 67 77
54 59 67 77 78
54 59 67 75 76
54 59 67 71 77
54 59 67 71 75 76
54 59 67 69 77
54 59 67 69 75 76
54 59 67 69 70 77
54 59 67 69 70 75 76
54 59 67 68 77
54 59 67 68 75 76
54 59 65
54 59 65 66 79
54 59 65 66 77
54 59 65 66 77 78
54 59 65 66 75 76
54 59 65 66 71 77
54 59 65 66 71 75 76
54 59 65 66 69 77
54 59 65 66 69 75 76
54 59 65 66 69 70 77
54 59 65 66 69 70 75 76
54 59 65 66 67 68 77
54 59 65 66 67 68 75 76
54 55 59 79
54 55 59 77 78
54 55 59 67 79
54 55 59 67 77 78
54 55 59 65 66 79
54 55 59 65 66 77 78
53 69
53 68
53 67
53 67 79
53 67 77 78
53 67 71 79
53 67 71 77 78
53 67 69 70 79
53 67 69 70 77 78
53 65 66
53 65 66 79
53 65 66 77 78
53 65 66 71 79
53 65 66 71 77 78
53 65 66 69 70 79
53 65 66 69 70 77 78
53 65 66 68
53 59
53 59 79
53 59 77 78
53 59 71 79
53 59 71 77 78
53 59 69 70 79
53 59 69 70 77 78
53 59 67 79
53 59 67 77
53 59 67 77 78
53 59 67 75 76
53 59 65
53 59 65 67 79
53 59 65 67 77 78
53 59 65 66 77
53 59 65 66 75 76
53 59 63 64
53 59 63 64 79
53 59 63 64 77 78
53 59 63 64 67 79
53 59 63 64 67 77 78
53 59 63 64 65
53 59 63 64 65 79
53 59 63 64 65 77 78
53 59 63 64 65 66 79
53 59 63 64 65 66 77 78
53 57 79
53 57 77
53 57 77 78
53 57 75 76
53 57 67
53 57 67 79
53 57 67 77 78
53 57 65 67 79
53 57 65 67 77 78
53 57 65 66
53 57 63 64 67 79
53 57 63 64 67 77 78
53 57 63 64 65 66 79
53 57 63 64 65 66 77 78
53 57 59 65 79
53 57 59 65 77 78
53 57 59 63 64 65 79
53 57 59 63 64 65 77 78
52
52 71
52 69 70
52 68
52 68 71
52 68 69
52 68 69 70
52 67 79
52 67 78 79
52 67 77 78
52 67 71
52 67 71 78 79
52 67 71 77
52 67 71 75 76
52 67 69
52 67 69 70
52 67 69 70 78 79
52 67 69 70 77
52 67 69 70 75 76
52 65
52 65 71 77
52 65 71 75 76
52 65 69
52 65 69 77
52 65 69 75 76
52 65 69 70 77
52 65 69 70 75 76
52 65 68
52 65 68 69
52 65 67 69
52 65 67 68 77
52 65 67 68 75 76
52 65 66 79
52 65 66 78 79
52 65 66 77 78
52 65 66 71
52 65 66 71 78 79
52 65 66 71 77
52 65 66 71 75 76
52 65 66 69 70
52 65 66 69 70 78 79
52 65 66 69 70 77
52 65 66 69 70 75 76
52 65 66 68
52 64 65
52 64 65 69
52 64 65 68
52 64 65 66 68
52 63
52 63 64
52 63 64 65 71 77
52 63 64 65 71 75 76
52 63 64 65 69 77
52 63 64 65 69 75 76
52 63 64 65 69 70 77
52 63 64 65 69 70 75 76
52 63 64 65 67 68 77
52 63 64 65 67 68 75 76
52 60 68
52 60 67
52 60 65 66
52 59 78 79
52 59 71
52 59 71 78 79
52 59 69
52 59 69 70
52 59 69 70 78 79
52 59 67
52 59 67 78 79
52 59 67 69 71
52 59 67 69 70
52 59 67 68
52 59 67 68 71
52 59 67 68 69 70
52 59 65 67
52 59 65 67 78 79
52 59 65 66 69 71
52 59 65 66 69 70
52 59 65 66 67 68 71
52 59 65 66 67 68 69 70
52 59 63 64 78 79
52 59 63 64 67 78 79
52 59 63 64 65 78 79
52 59 63 64 65 66 78 79
52 59 60
52 59 60 67
52 59 60 65 66
52 58 59
52 58 59 68
52 57
52 57 78 79
52 57 69 71
52 57 69 70
52 57 67
52 57 67 78 79
52 57 67 68
52 57 65 67
52 57 65 67 78 79
52 57 65 66 68
52 57 65 66 68 71
52 57 65 66 68 69 70
52 57 63 64 67 78 79
52 57 63 64 65 66 78 79
52 57 59 67
52 57 59 65 78 79
52 57 59 65 66
52 57 59 63 64 65 78 79
52 56 59
52 56 59 67
52 56 59 65 66
52 54 59
52 54 59 67
52 54 59 65 66
52 54 55 59
52 54 55 59 67
52 54 55 59 65 66
52 53
52 53 67
52 53 67 71
52 53 67 69 70
52 53 65 66
52 53 65 66 71
52 53 65 66 69 70
52 53 59
52 53 59 79
52 53 59 77 78
52 53 59 71
52 53 59 69 70
52 53 59 67 79
52 53 59 67 77
52 53 59 67 77 78
52 53 59 67 75 76
52 53 59 67 71 77
52 53 59 67 71 75 76
52 53 59 67 69 77
52 53 59 67 69 75 76
52 53 59 67 69 70 77
52 53 59 67 69 70 75 76
52 53 59 67 68 77
52 53 59 67 68 75 76
52 53 59 65
52 53 59 65 67
52 53 59 65 66
52 53 59 65 66 79
52 53 59 65 66 77
52 53 59 65 66 77 78
52 53 59 65 66 75 76
52 53 59 65 66 71 77
52 53 59 65 66 71 75 76
52 53 59 65 66 69 77
52 53 59 65 66 69 75 76
52 53 59 65 66 69 70 77
52 53 59 65 66 69 70 75 76
52 53 59 65 66 67 68 77
52 53 59 65 66 67 68 75 76
52 53 59 63 64
52 53 59 63 64 67
52 53 59 63 64 65
52 53 59 63 64 65 66
52 53 57
52 53 57 67
52 53 57 65 67
52 53 57 63 64 67
52 53 57 63 64 65 66
52 53 57 59 65
52 53 57 59 63 64 65
51
51 68 79
51 68 77 78
51 67 79
51 67 77 78
51 65 66 79
51 65 66 77 78
51 59 79
51 59 77 78
51 59 67 79
51 59 67 77 78
51 59 65 66 79
51 59 65 66 77 78
51 52 68
51 52 67
51 52 65 66
51 52 59
51 52 59 67
51 52 59 65 66
50 71
50 69 70
50 67
50 67 71 79
50 67 71 77 78
50 67 69
50 67 69 70 79
50 67 69 70 77 78
50 67 68 77
50 67 68 75 76
50 67 68 69
50 67 68 69 77
50 67 68 69 75 76
50 65 71
50 65 71 79
50 65 71 77 78
50 65 69
50 65 69 79
50 65 69 77 78
50 65 69 70
50 65 69 70 79
50 65 69 70 77 78
50 65 67 68
50 65 67 68 79
50 65 67 68 77 78
50 65 66
50 65 66 71 79
50 65 66 71 77 78
50 65 66 69
50 65 66 69 70 79
50 65 66 69 70 77 78
50 65 66 68 69
50 65 66 68 69 77
50 65 66 68 69 75 76
50 65 66 67 68 77
50 65 66 67 68 75 76
50 64 67 71
50 64 67 69 70
50 64 65 67 71
50 64 65 67 69 70
50 63 64 71
50 63 64 69
50 63 64 69 70
50 63 64 67 68
50 63 64 65 71 79
50 63 64 65 71 77 78
50 63 64 65 69 79
50 63 64 65 69 77 78
50 63 64 65 69 70 79
50 63 64 65 69 70 77 78
50 63 64 65 67 68 79
50 63 64 65 67 68 77 78
50 62 63 67 71
50 62 63 67 69 70
50 62 63 65 66 71
50 62 63 65 66 69 70
50 61 67 71
50 61 67 69 70
50 61 65 66 71
50 61 65 66 69 70
50 59 67
50 59 67 78 79
50 59 67 71
50 59 67 69 70
50 59 65 66
50 59 65 66 78 79
50 59 65 66 71
50 59 65 66 69 70
50 57 78 79
50 57 67
50 57 67 71
50 57 67 69 70
50 57 65 66
50 57 65 66 71
50 57 65 66 69 70
50 55 67 71
50 55 67 69 70
50 55 65 66 71
50 55 65 66 69 70
50 54 67 68 71
50 54 67 68 69 70
50 54 65 66 68 71
50 54 65 66 68 69 70
50 54 59 67
50 54 59 67 71
50 54 59 67 69
50 54 59 67 69 70
50 54 59 67 68
50 54 59 65 66
50 54 59 65 66 71
50 54 59 65 66 69
50 54 59 65 66 69 70
50 54 59 65 66 67 68
50 53 59 67
50 53 59 65 66
50 53 57
50 52 67 71
50 52 67 69 70
50 52 65 71
50 52 65 69
50 52 65 69 70
50 52 65 67 68
50 52 65 66 71
50 52 65 66 69 70
50 52 63 64 65 71
50 52 63 64 65 69
50 52 63 64 65 69 70
50 52 63 64 65 67 68
50 52 53 59 67
50 52 53 59 67 71
50 52 53 59 67 69
50 52 53 59 67 69 70
50 52 53 59 67 68
50 52 53 59 65 66
50 52 53 59 65 66 71
50 52 53 59 65 66 69
50 52 53 59 65 66 69 70
50 52 53 59 65 66 67 68
50 51 67 79
50 51 67 77 78
50 51 67 71
50 51 67 71 77
50 51 67 71 75 76
50 51 67 69 70
50 51 67 69 70 77
50 51 67 69 70 75 76
50 51 65 66 79
50 51 65 66 77 78
50 51 65 66 71
50 51 65 66 71 77
50 51 65 66 71 75 76
50 51 65 66 69 70
50 51 65 66 69 70 77
50 51 65 66 69 70 75 76
50 51 52 67
50 51 52 65 66
49 59 79
49 59 77 78
49 52 59
49 50 68 79
49 50 68 77 78
49 50 67 79
49 50 67 77 78
49 50 65 66 79
49 50 65 66 77 78
49 50 59 79
49 50 59 77 78
49 50 59 67 79
49 50 59 67 77 78
49 50 59 65 66 79
49 50 59 65 66 77 78
49 50 52 68
49 50 52 67
49 50 52 65 66
49 50 52 59
49 50 52 59 67
49 50 52 59 65 66
48 49 67 68 77
48 49 67 68 75 76
48 49 67 68 69 77
48 49 67 68 69 75 76
48 49 65 66 68 69 77
48 49 65 66 68 69 75 76
48 49 65 66 67 68 77
48 49 65 66 67 68 75 76
48 49 50 67 68
48 49 50 67 68 69
48 49 50 65 66 68 69
48 49 50 65 66 67 68
47 48 59 79
47 48 59 77 78
47 48 52 59
45
44 79
44 77
44 77 78
44 75 76
44 69
44 68 79
44 68 77 78
44 67 79
44 67 78 79
44 67 77 79
44 67 77 78 79
44 67 75 76 79
44 67 75 76 77 78
44 65
44 65 77
44 65 77 79
44 65 77 78
44 65 75 76
44 65 75 76 79
44 65 75 76 77 78
44 65 66 79
44 65 66 78 79
44 65 66 77 79
44 65 66 77 78 79
44 65 66 75 76 79
44 65 66 75 76 77 78
44 65 66 68
44 64 67 77
44 64 67 75 76
44 64 65 67 77
44 64 65 67 75 76
44 63 64 77
44 63 64 75 76
44 63 64 65 77 79
44 63 64 65 77 78
44 63 64 65 75 76 79
44 63 64 65 75 76 77 78
44 62 63 67 77
44 62 63 67 75 76
44 62 63 65 66 77
44 62 63 65 66 75 76
44 61 67 77
44 61 67 75 76
44 61 65 66 77
44 61 65 66 75 76
44 59
44 59 79
44 59 78 79
44 59 77 78
44 59 77 78 79
44 59 67 77
44 59 67 75 76
44 59 67 69 79
44 59 67 69 77 78
44 59 67 68 79
44 59 67 68 77 78
44 59 65 66 77
44 59 65 66 75 76
44 59 65 66 69 79
44 59 65 66 69 77 78
44 59 65 66 67 68 79
44 59 65 66 67 68 77 78
44 59 63
44 57 69 79
44 57 69 77 78
44 57 67 77
44 57 67 75 76
44 57 65 66 77
44 57 65 66 75 76
44 57 65 66 68 79
44 57 65 66 68 77 78
44 55 67 77
44 55 67 75 76
44 55 65 66 77
44 55 65 66 75 76
44 54 67 68 77
44 54 67 68 75 76
44 54 65 66 68 77
44 54 65 66 68 75 76
44 54 59 67 77
44 54 59 67 75 76
44 54 59 65 66 77
44 54 59 65 66 75 76
44 53 67 79
44 53 67 77 78
44 53 65 66 79
44 53 65 66 77 78
44 53 59 79
44 53 59 77 78
44 52
44 52 68
44 52 67
44 52 67 78 79
44 52 67 77
44 52 67 75 76
44 52 65 77
44 52 65 75 76
44 52 65 66
44 52 65 66 78 79
44 52 65 66 77
44 52 65 66 75 76
44 52 63 64 65 77
44 52 63 64 65 75 76
44 52 59
44 52 59 78 79
44 52 59 67 69
44 52 59 67 68
44 52 59 65 66 69
44 52 59 65 66 67 68
44 52 57 69
44 52 57 65 66 68
44 52 53 67
44 52 53 65 66
44 52 53 59
44 52 53 59 67 77
44 52 53 59 67 75 76
44 52 53 59 65 66 77
44 52 53 59 65 66 75 76
44 50
44 50 67 79
44 50 67 77 78
44 50 65
44 50 65 79
44 50 65 77 78
44 50 65 66 79
44 50 65 66 77 78
44 50 64 67
44 50 64 65 67
44 50 63 64
44 50 63 64 65 79
44 50 63 64 65 77 78
44 50 62 63 67
44 50 62 63 65 66
44 50 61 67
44 50 61 65 66
44 50 59 67
44 50 59 65 66
44 50 57 67
44 50 57 65 66
44 50 55 67
44 50 55 65 66
44 50 54 67 68
44 50 54 65 66 68
44 50 54 59 67
44 50 54 59 65 66
44 50 52 67
44 50 52 65
44 50 52 65 66
44 50 52 63 64 65
44 50 52 53 59 67
44 50 52 53 59 65 66
44 50 51 67
44 50 51 67 77
44 50 51 67 75 76
44 50 51 65 66
44 50 51 65 66 77
44 50 51 65 66 75 76
43 67 79
43 67 77 78
43 67 71 77
43 67 71 75 76
43 67 69 70 77
43 67 69 70 75 76
43 65 66 79
43 65 66 77 78
43 65 66 71 77
43 65 66 71 75 76
43 65 66 69 70 77
43 65 66 69 70 75 76
43 52 67
43 52 65 66
43 50 67 71
43 50 67 69 70
43 50 65 66 71
43 50 65 66 69 70
43 44 67 77
43 44 67 75 76
43 44 65 66 77
43 44 65 66 75 76
43 44 50 67
43 44 50 65 66
42
42 78 79
42 68
42 68 79
42 68 77 78
42 67 79
42 67 77
42 67 77 78
42 67 75 76
42 67 68
42 65
42 65 79
42 65 77
42 65 77 79
42 65 75 76
42 65 75 76 79
42 65 75 76 77 78
42 65 68 79
42 65 68 77 78
42 65 67 79
42 65 67 77 78
42 65 66 77
42 65 66 75 76
42 65 66 68
42 64 65 79
42 64 65 77 78
42 63 64
42 63 64 77
42 63 64 75 76
42 63 64 65 77 79
42 63 64 65 77 78
42 63 64 65 75 76 79
42 63 64 65 75 76 77 78
42 59 79
42 59 77 78
42 59 67 71 79
42 59 67 71 77 78
42 59 67 69 70 79
42 59 67 69 70 77 78
42 59 65 66 71 79
42 59 65 66 71 77 78
42 59 65 66 69 70 79
42 59 65 66 69 70 77 78
42 57 71 79
42 57 71 77 78
42 57 69 70 79
42 57 69 70 77 78
42 54 59 67 77
42 54 59 67 75 76
42 54 59 65 66 77
42 54 59 65 66 75 76
42 53
42 52 68
42 52 67
42 52 65
42 52 65 77
42 52 65 75 76
42 52 65 68
42 52 65 67
42 52 64 65
42 52 63 64 65 77
42 52 63 64 65 75 76
42 52 59
42 52 59 67 71
42 52 59 67 69 70
42 52 59 65 66 71
42 52 59 65 66 69 70
42 52 57 71
42 52 57 69 70
42 52 53 59 67 77
42 52 53 59 67 75 76
42 52 53 59 65 66 77
42 52 53 59 65 66 75 76
42 50 67
42 50 67 68
42 50 67 68 77
42 50 67 68 75 76
42 50 65
42 50 65 79
42 50 65 77 78
42 50 65 66
42 50 65 66 68
42 50 65 66 68 77
42 50 65 66 68 75 76
42 50 63 64
42 50 63 64 65 79
42 50 63 64 65 77 78
42 50 54 59 67
42 50 54 59 65 66
42 50 52 65
42 50 52 63 64 65
42 50 52 53 59 67
42 50 52 53 59 65 66
42 48 49 67 68 77
42 48 49 67 68 75 76
42 48 49 65 66 68 77
42 48 49 65 66 68 75 76
42 48 49 50 67 68
42 48 49 50 65 66 68
42 44
42 44 59 67 79
42 44 59 67 77 78
42 44 59 65 66 79
42 44 59 65 66 77 78
42 44 57 79
42 44 57 77 78
42 44 52 59 67
42 44 52 59 65 66
42 44 52 57
41 67
41 65 66
41 42 67 79
41 42 67 77 78
41 42 67 71 77
41 42 67 71 75 76
41 42 67 69 70 77
41 42 67 69 70 75 76
41 42 65 66 79
41 42 65 66 77 78
41 42 65 66 71 77
41 42 65 66 71 75 76
41 42 65 66 69 70 77
41 42 65 66 69 70 75 76
41 42 52 67
41 42 52 65 66
41 42 50 67 71
41 42 50 67 69 70
41 42 50 65 66 71
41 42 50 65 66 69 70
41 42 44 67 77
41 42 44 67 75 76
41 42 44 65 66 77
41 42 44 65 66 75 76
41 42 44 50 67
41 42 44 50 65 66
40 79
40 77
40 77 78
40 77 78 79
40 75 76
40 71 79
40 71 78 79
40 71 77 79
40 71 77 78 79
40 71 75 76 79
40 71 75 76 77 78
40 69 79
40 69 77
40 69 77 78
40 69 75 76
40 69 70 79
40 69 70 78 79
40 69 70 77 79
40 69 70 77 78 79
40 69 70 75 76 79
40 69 70 75 76 77 78
40 68 78 79
40 68 69
40 67
40 67 68
40 67 68 79
40 67 68 77
40 67 68 77 78
40 67 68 75 76
40 66 67
40 65
40 65 69 79
40 65 69 77 78
40 65 68 79
40 65 68 77 78
40 65 67 68 79
40 65 67 68 77 78
40 64
40 64 71 77
40 64 71 75 76
40 64 69 70 77
40 64 69 70 75 76
40 64 65 71 77
40 64 65 71 75 76
40 64 65 69 70 77
40 64 65 69 70 75 76
40 64 65 68 79
40 64 65 68 77 78
40 63
40 63 64 68
40 62 63 71 77
40 62 63 71 75 76
40 62 63 69 70 77
40 62 63 69 70 75 76
40 61 71 77
40 61 71 75 76
40 61 69 70 77
40 61 69 70 75 76
40 60 79
40 60 77 78
40 59 79
40 59 78 79
40 59 77
40 59 77 78
40 59 75 76
40 59 75 76 78 79
40 59 71 77
40 59 71 75 76
40 59 69 71 79
40 59 69 71 77 78
40 59 69 70 79
40 59 69 70 77
40 59 69 70 77 78
40 59 69 70 75 76
40 59 68
40 59 67 68 71 79
40 59 67 68 71 77 78
40 59 67 68 69 70 79
40 59 67 68 69 70 77 78
40 59 65 79
40 59 65 78 79
40 59 65 77 78
40 59 65 77 78 79
40 59 63 64 78 79
40 59 63 64 77 78 79
40 59 60 79
40 59 60 77 78
40 57
40 57 79
40 57 77
40 57 77 78
40 57 77 78 79
40 57 75 76
40 57 71 77
40 57 71 75 76
40 57 69 70 77
40 57 69 70 75 76
40 57 68 79
40 57 68 77 78
40 57 68 71 79
40 57 68 71 77 78
40 57 68 69 70 79
40 57 68 69 70 77 78
40 57 65 79
40 57 65 78 79
40 57 65 77 78
40 57 65 77 78 79
40 57 63 64 78 79
40 57 63 64 77 78 79
40 57 59 79
40 57 59 77 78
40 56 59 79
40 56 59 77 78
40 55 71 77
40 55 71 75 76
40 55 69 70 77
40 55 69 70 75 76
40 54 68 71 77
40 54 68 71 75 76
40 54 68 69 70 77
40 54 68 69 70 75 76
40 54 59 79
40 54 59 77
40 54 59 77 78
40 54 59 75 76
40 54 59 71 77
40 54 59 71 75 76
40 54 59 69 77
40 54 59 69 75 76
40 54 59 69 70 77
40 54 59 69 70 75 76
40 54 59 67 68 77
40 54 59 67 68 75 76
40 54 55 59 79
40 54 55 59 77 78
40 53
40 53 79
40 53 77 78
40 53 71 79
40 53 71 77 78
40 53 69 70 79
40 53 69 70 77 78
40 53 68
40 53 59 79
40 53 59 77
40 53 59 77 78
40 53 59 75 76
40 53 59 65 79
40 53 59 65 77 78
40 53 59 63 64 79
40 53 59 63 64 77 78
40 53 57
40 53 57 79
40 53 57 77 78
40 53 57 65 79
40 53 57 65 77 78
40 53 57 63 64 79
40 53 57 63 64 77 78
40 52 79
40 52 78 79
40 52 77 78
40 52 71
40 52 71 78 79
40 52 71 77
40 52 71 75 76
40 52 69
40 52 69 70
40 52 69 70 78 79
40 52 69 70 77
40 52 69 70 75 76
40 52 67 68
40 52 65 69
40 52 65 68
40 52 65 67 68
40 52 64 65 68
40 52 60
40 52 59
40 52 59 78 79
40 52 59 69 71
40 52 59 69 70
40 52 59 67 68 71
40 52 59 67 68 69 70
40 52 59 65
40 52 59 65 78 79
40 52 59 63 64 78 79
40 52 59 60
40 52 57
40 52 57 78 79
40 52 57 68
40 52 57 68 71
40 52 57 68 69 70
40 52 57 65
40 52 57 65 78 79
40 52 57 63 64 78 79
40 52 57 59
40 52 56 59
40 52 54 59
40 52 54 55 59
40 52 53
40 52 53 71
40 52 53 69 70
40 52 53 59 79
40 52 53 59 77
40 52 53 59 77 78
40 52 53 59 75 76
40 52 53 59 71 77
40 52 53 59 71 75 76
40 52 53 59 69 77
40 52 53 59 69 75 76
40 52 53 59 69 70 77
40 52 53 59 69 70 75 76
40 52 53 59 67 68 77
40 52 53 59 67 68 75 76
40 52 53 59 65
40 52 53 59 63 64
40 52 53 57
40 52 53 57 65
40 52 53 57 63 64
40 51 79
40 51 77 78
40 51 59 79
40 51 59 77 78
40 51 52
40 51 52 59
40 50
40 50 71 79
40 50 71 77 78
40 50 69
40 50 69 70 79
40 50 69 70 77 78
40 50 68 69
40 50 68 69 77
40 50 68 69 75 76
40 50 67 68 77
40 50 67 68 75 76
40 50 64 71
40 50 64 69 70
40 50 64 65 71
40 50 64 65 69 70
40 50 62 63 71
40 50 62 63 69 70
40 50 61 71
40 50 61 69 70
40 50 59
40 50 59 78 79
40 50 59 71
40 50 59 69 70
40 50 57
40 50 57 71
40 50 57 69 70
40 50 55 71
40 50 55 69 70
40 50 54 68 71
40 50 54 68 69 70
40 50 54 59
40 50 54 59 71
40 50 54 59 69
40 50 54 59 69 70
40 50 54 59 67 68
40 50 53 59
40 50 52 71
40 50 52 69 70
40 50 52 53 59
40 50 52 53 59 71
40 50 52 53 59 69
40 50 52 53 59 69 70
40 50 52 53 59 67 68
40 50 51 79
40 50 51 77 78
40 50 51 71
40 50 51 71 77
40 50 51 71 75 76
40 50 51 69 70
40 50 51 69 70 77
40 50 51 69 70 75 76
40 50 51 52
40 49 50 79
40 49 50 77 78
40 49 50 59 79
40 49 50 59 77 78
40 49 50 52
40 49 50 52 59
40 48 49 68 69 77
40 48 49 68 69 75 76
40 48 49 67 68 77
40 48 49 67 68 75 76
40 48 49 50 68 69
40 48 49 50 67 68
40 44 79
40 44 78 79
40 44 77 79
40 44 77 78 79
40 44 75 76 79
40 44 75 76 77 78
40 44 68
40 44 64 77
40 44 64 75 76
40 44 64 65 77
40 44 64 65 75 76
40 44 62 63 77
40 44 62 63 75 76
40 44 61 77
40 44 61 75 76
40 44 59 77
40 44 59 75 76
40 44 59 69 79
40 44 59 69 77 78
40 44 59 67 68 79
40 44 59 67 68 77 78
40 44 57 77
40 44 57 75 76
40 44 57 68 79
40 44 57 68 77 78
40 44 55 77
40 44 55 75 76
40 44 54 68 77
40 44 54 68 75 76
40 44 54 59 77
40 44 54 59 75 76
40 44 53 79
40 44 53 77 78
40 44 52
40 44 52 78 79
40 44 52 77
40 44 52 75 76
40 44 52 59 69
40 44 52 59 67 68
40 44 52 57 68
40 44 52 53
40 44 52 53 59 77
40 44 52 53 59 75 76
40 44 50 79
40 44 50 77 78
40 44 50 64
40 44 50 64 65
40 44 50 62 63
40 44 50 61
40 44 50 59
40 44 50 57
40 44 50 55
40 44 50 54 68
40 44 50 54 59
40 44 50 52
40 44 50 52 53 59
40 44 50 51
40 44 50 51 77
40 44 50 51 75 76
40 43 79
40 43 77 78
40 43 71 77
40 43 71 75 76
40 43 69 70 77
40 43 69 70 75 76
40 43 52
40 43 50 71
40 43 50 69 70
40 43 44 77
40 43 44 75 76
40 43 44 50
40 42 79
40 42 77
40 42 77 78
40 42 75 76
40 42 68
40 42 65 79
40 42 65 77 78
40 42 59 71 79
40 42 59 71 77 78
40 42 59 69 70 79
40 42 59 69 70 77 78
40 42 54 59 77
40 42 54 59 75 76
40 42 52
40 42 52 65
40 42 52 59 71
40 42 52 59 69 70
40 42 52 53 59 77
40 42 52 53 59 75 76
40 42 50
40 42 50 68
40 42 50 68 77
40 42 50 68 75 76
40 42 50 54 59
40 42 50 52 53 59
40 42 48 49 68 77
40 42 48 49 68 75 76
40 42 48 49 50 68
40 42 44 59 79
40 42 44 59 77 78
40 42 44 52 59
40 41
40 41 42 79
40 41 42 77 78
40 41 42 71 77
40 41 42 71 75 76
40 41 42 69 70 77
40 41 42 69 70 75 76
40 41 42 52
40 41 42 50 71
40 41 42 50 69 70
40 41 42 44 77
40 41 42 44 75 76
40 41 42 44 50
38
38 79
38 77 78
38 71 77
38 71 75 76
38 69
38 69 77
38 69 75 76
38 69 70 77
38 69 70 75 76
38 68
38 67
38 67 68 77
38 67 68 75 76
38 65 71 77 79
38 65 71 77 78
38 65 71 75 76 79
38 65 71 75 76 77 78
38 65 69 77 79
38 65 69 77 78
38 65 69 75 76 79
38 65 69 75 76 77 78
38 65 69 70 77 79
38 65 69 70 77 78
38 65 69 70 75 76 79
38 65 69 70 75 76 77 78
38 65 67 68 77 79
38 65 67 68 77 78
38 65 67 68 75 76 79
38 65 67 68 75 76 77 78
38 65 66
38 65 66 68
38 59 77 78 79
38 59 67 78 79
38 59 67 77 78 79
38 59 65 77 78 79
38 59 65 66 78 79
38 59 65 66 77 78 79
38 57 67 78 79
38 57 67 77 78 79
38 57 65 66 78 79
38 57 65 66 77 78 79
38 57 59 65 78 79
38 57 59 65 77 78 79
38 53 59
38 53 59 79
38 53 59 77 78
38 53 59 67 79
38 53 59 67 77 78
38 53 59 65
38 53 59 65 79
38 53 59 65 77 78
38 53 59 65 66 79
38 53 59 65 66 77 78
38 53 57 67 79
38 53 57 67 77 78
38 53 57 65 66 79
38 53 57 65 66 77 78
38 53 57 59 65 79
38 53 57 59 65 77 78
38 52
38 52 65 71 77
38 52 65 71 75 76
38 52 65 69 77
38 52 65 69 75 76
38 52 65 69 70 77
38 52 65 69 70 75 76
38 52 65 67 68 77
38 52 65 67 68 75 76
38 52 59 78 79
38 52 59 67 78 79
38 52 59 65 78 79
38 52 59 65 66 78 79
38 52 57 67 78 79
38 52 57 65 66 78 79
38 52 57 59 65 78 79
38 52 53 59
38 52 53 59 67
38 52 53 59 65
38 52 53 59 65 66
38 52 53 57 67
38 52 53 57 65 66
38 52 53 57 59 65
38 50 71
38 50 69
38 50 69 70
38 50 67 68
38 50 65 71 79
38 50 65 71 77 78
38 50 65 69 79
38 50 65 69 77 78
38 50 65 69 70 79
38 50 65 69 70 77 78
38 50 65 67 68 79
38 50 65 67 68 77 78
38 50 52 65 71
38 50 52 65 69
38 50 52 65 69 70
38 50 52 65 67 68
38 44 77
38 44 75 76
38 44 65 77 79
38 44 65 77 78
38 44 65 75 76 79
38 44 65 75 76 77 78
38 44 52 65 77
38 44 52 65 75 76
38 44 50
38 44 50 65 79
38 44 50 65 77 78
38 44 50 52 65
38 42
38 42 77
38 42 75 76
38 42 65 77 79
38 42 65 77 78
38 42 65 75 76 79
38 42 65 75 76 77 78
38 42 52 65 77
38 42 52 65 75 76
38 42 50
38 42 50 65 79
38 42 50 65 77 78
38 42 50 52 65
38 40
38 40 68
38 40 59 78 79
38 40 59 77 78 79
38 40 57 78 79
38 40 57 77 78 79
38 40 53 59 79
38 40 53 59 77 78
38 40 53 57 79
38 40 53 57 77 78
38 40 52 59 78 79
38 40 52 57 78 79
38 40 52 53 59
38 40 52 53 57
37 67 71 77
37 67 71 75 76
37 67 69 70 77
37 67 69 70 75 76
37 65 66 71 77
37 65 66 71 75 76
37 65 66 69 70 77
37 65 66 69 70 75 76
37 50 67 71
37 50 67 69 70
37 50 65 66 71
37 50 65 66 69 70
37 44 67 77
37 44 67 75 76
37 44 65 66 77
37 44 65 66 75 76
37 44 50 67
37 44 50 65 66
37 40 71 77
37 40 71 75 76
37 40 69 70 77
37 40 69 70 75 76
37 40 50 71
37 40 50 69 70
37 40 44 77
37 40 44 75 76
37 40 44 50
35 57 67 79
35 57 67 77 78
35 57 65 66 79
35 57 65 66 77 78
35 52 57 67
35 52 57 65 66
35 40 57 79
35 40 57 77 78
35 40 52 57
34 67 79
34 67 77 78
34 67 71 77
34 67 71 75 76
34 67 69 70 77
34 67 69 70 75 76
34 65 66 79
34 65 66 77 78
34 65 66 71 77
34 65 66 71 75 76
34 65 66 69 70 77
34 65 66 69 70 75 76
34 52 67
34 52 65 66
34 50 67 71
34 50 67 69 70
34 50 65 66 71
34 50 65 66 69 70
34 44 67 77
34 44 67 75 76
34 44 65 66 77
34 44 65 66 75 76
34 44 50 67
34 44 50 65 66
34 40 79
34 40 77 78
34 40 71 77
34 40 71 75 76
34 40 69 70 77
34 40 69 70 75 76
34 40 52
34 40 50 71
34 40 50 69 70
34 40 44 77
34 40 44 75 76
34 40 44 50
33 78 79
33 71 79
33 71 77
33 71 77 78
33 71 75 76
33 69 79
33 69 78 79
33 69 77 78
33 69 70 79
33 69 70 77
33 69 70 77 78
33 69 70 75 76
33 68
33 68 79
33 68 78 79
33 68 77 78
33 68 69
33 67 71
33 67 71 77
33 67 71 77 79
33 67 71 77 78
33 67 71 75 76
33 67 71 75 76 79
33 67 71 75 76 77 78
33 67 69
33 67 69 77
33 67 69 75 76
33 67 69 70
33 67 69 70 77
33 67 69 70 77 79
33 67 69 70 77 78
33 67 69 70 75 76
33 67 69 70 75 76 79
33 67 69 70 75 76 77 78
33 67 68
33 67 68 77
33 67 68 75 76
33 67 68 71
33 67 68 71 77
33 67 68 71 75 76
33 67 68 69 70
33 67 68 69 70 77
33 67 68 69 70 75 76
33 65
33 65 71 77
33 65 71 77 79
33 65 71 77 78
33 65 71 75 76
33 65 71 75 76 79
33 65 71 75 76 77 78
33 65 69
33 65 69 79
33 65 69 77
33 65 69 77 79
33 65 69 75 76
33 65 69 75 76 79
33 65 69 75 76 77 78
33 65 69 70 77
33 65 69 70 77 79
33 65 69 70 77 78
33 65 69 70 75 76
33 65 69 70 75 76 79
33 65 69 70 75 76 77 78
33 65 68
33 65 68 79
33 65 68 77 78
33 65 68 69 79
33 65 68 69 77 78
33 65 67 69 79
33 65 67 69 77 78
33 65 67 68 77
33 65 67 68 77 79
33 65 67 68 77 78
33 65 67 68 75 76
33 65 67 68 75 76 79
33 65 67 68 75 76 77 78
33 65 66
33 65 66 71
33 65 66 71 77
33 65 66 71 77 79
33 65 66 71 77 78
33 65 66 71 75 76
33 65 66 71 75 76 79
33 65 66 71 75 76 77 78
33 65 66 69
33 65 66 69 79
33 65 66 69 77
33 65 66 69 77 78
33 65 66 69 75 76
33 65 66 69 70
33 65 66 69 70 77
33 65 66 69 70 77 79
33 65 66 69 70 77 78
33 65 66 69 70 75 76
33 65 66 69 70 75 76 79
33 65 66 69 70 75 76 77 78
33 65 66 68 78 79
33 65 66 68 71
33 65 66 68 71 77
33 65 66 68 71 75 76
33 65 66 68 69 70
33 65 66 68 69 70 77
33 65 66 68 69 70 75 76
33 65 66 67
33 65 66 67 68
33 65 66 67 68 79
33 65 66 67 68 77
33 65 66 67 68 77 78
33 65 66 67 68 75 76
33 64 67 71 77
33 64 67 71 75 76
33 64 67 69 70 77
33 64 67 69 70 75 76
33 64 65 79
33 64 65 77 78
33 64 65 69 79
33 64 65 69 77 78
33 64 65 68 79
33 64 65 68 77 78
33 64 65 67 71 77
33 64 65 67 71 75 76
33 64 65 67 69 70 77
33 64 65 67 69 70 75 76
33 64 65 66 68 79
33 64 65 66 68 77 78
33 63 64
33 63 64 71 77
33 63 64 71 75 76
33 63 64 69
33 63 64 69 77
33 63 64 69 75 76
33 63 64 69 70 77
33 63 64 69 70 75 76
33 63 64 68
33 63 64 67 68 77
33 63 64 67 68 75 76
33 63 64 65 71 77 79
33 63 64 65 71 77 78
33 63 64 65 71 75 76 79
33 63 64 65 71 75 76 77 78
33 63 64 65 69 77 79
33 63 64 65 69 77 78
33 63 64 65 69 75 76 79
33 63 64 65 69 75 76 77 78
33 63 64 65 69 70 77 79
33 63 64 65 69 70 77 78
33 63 64 65 69 70 75 76 79
33 63 64 65 69 70 75 76 77 78
33 63 64 65 67 68 77 79
33 63 64 65 67 68 77 78
33 63 64 65 67 68 75 76 79
33 63 64 65 67 68 75 76 77 78
33 63 64 65 66 68
33 62 63 67 71 77
33 62 63 67 71 75 76
33 62 63 67 69 70 77
33 62 63 67 69 70 75 76
33 62 63 65 66 71 77
33 62 63 65 66 71 75 76
33 62 63 65 66 69 70 77
33 62 63 65 66 69 70 75 76
33 61 67 71 77
33 61 67 71 75 76
33 61 67 69 70 77
33 61 67 69 70 75 76
33 61 65 66 71 77
33 61 65 66 71 75 76
33 61 65 66 69 70 77
33 61 65 66 69 70 75 76
33 59
33 59 78 79
33 59 67 77
33 59 67 75 76
33 59 67 68
33 59 65 67 79
33 59 65 67 77 78
33 59 65 66 79
33 59 65 66 77
33 59 65 66 77 78
33 59 65 66 75 76
33 59 65 66 68
33 57 67 79
33 57 67 78 79
33 57 67 77 78
33 57 67 71 77
33 57 67 71 75 76
33 57 67 69 70 77
33 57 67 69 70 75 76
33 57 65 67 79
33 57 65 67 77 78
33 57 65 66 78 79
33 57 65 66 71 77
33 57 65 66 71 75 76
33 57 65 66 69 70 77
33 57 65 66 69 70 75 76
33 57 59 67 79
33 57 59 67 77 78
33 57 59 65 66 79
33 57 59 65 66 77 78
33 55 67 71 77
33 55 67 71 75 76
33 55 67 69 70 77
33 55 67 69 70 75 76
33 55 65 66 71 77
33 55 65 66 71 75 76
33 55 65 66 69 70 77
33 55 65 66 69 70 75 76
33 54 67 68 71 77
33 54 67 68 71 75 76
33 54 67 68 69 70 77
33 54 67 68 69 70 75 76
33 54 65 66 68 71 77
33 54 65 66 68 71 75 76
33 54 65 66 68 69 70 77
33 54 65 66 68 69 70 75 76
33 53
33 53 69
33 53 68
33 53 65 66 68
33 53 59
33 53 57 67
33 53 57 65 66
33 52 71
33 52 69
33 52 69 70
33 52 68
33 52 65 71 77
33 52 65 71 75 76
33 52 65 69
33 52 65 69 77
33 52 65 69 75 76
33 52 65 69 70 77
33 52 65 69 70 75 76
33 52 65 68
33 52 65 68 69
33 52 65 67 69
33 52 65 67 68 77
33 52 65 67 68 75 76
33 52 65 66 69
33 52 65 66 67 68
33 52 64 65
33 52 64 65 69
33 52 64 65 68
33 52 64 65 66 68
33 52 63 64 65 71 77
33 52 63 64 65 71 75 76
33 52 63 64 65 69 77
33 52 63 64 65 69 75 76
33 52 63 64 65 69 70 77
33 52 63 64 65 69 70 75 76
33 52 63 64 65 67 68 77
33 52 63 64 65 67 68 75 76
33 52 59 65 67
33 52 59 65 66
33 52 57 67
33 52 57 65 67
33 52 57 59 67
33 52 57 59 65 66
33 50 71
33 50 69 70
33 50 67 71
33 50 67 71 79
33 50 67 71 77 78
33 50 67 69
33 50 67 69 70
33 50 67 69 70 79
33 50 67 69 70 77 78
33 50 67 68
33 50 67 68 71
33 50 67 68 69 70
33 50 65 71
33 50 65 71 79
33 50 65 71 77 78
33 50 65 69
33 50 65 69 79
33 50 65 69 77 78
33 50 65 69 70
33 50 65 69 70 79
33 50 65 69 70 77 78
33 50 65 67 68
33 50 65 67 68 79
33 50 65 67 68 77 78
33 50 65 66 71
33 50 65 66 71 79
33 50 65 66 71 77 78
33 50 65 66 69
33 50 65 66 69 70
33 50 65 66 69 70 79
33 50 65 66 69 70 77 78
33 50 65 66 68 71
33 50 65 66 68 69 70
33 50 65 66 67 68
33 50 64 67 71
33 50 64 67 69 70
33 50 64 65 67 71
33 50 64 65 67 69 70
33 50 63 64 71
33 50 63 64 69
33 50 63 64 69 70
33 50 63 64 67 68
33 50 63 64 65 71 79
33 50 63 64 65 71 77 78
33 50 63 64 65 69 79
33 50 63 64 65 69 77 78
33 50 63 64 65 69 70 79
33 50 63 64 65 69 70 77 78
33 50 63 64 65 67 68 79
33 50 63 64 65 67 68 77 78
33 50 62 63 67 71
33 50 62 63 67 69 70
33 50 62 63 65 66 71
33 50 62 63 65 66 69 70
33 50 61 67 71
33 50 61 67 69 70
33 50 61 65 66 71
33 50 61 65 66 69 70
33 50 59 67
33 50 59 65 66
33 50 57 67 71
33 50 57 67 69 70
33 50 57 65 66 71
33 50 57 65 66 69 70
33 50 55 67 71
33 50 55 67 69 70
33 50 55 65 66 71
33 50 55 65 66 69 70
33 50 54 67 68 71
33 50 54 67 68 69 70
33 50 54 65 66 68 71
33 50 54 65 66 68 69 70
33 50 52 65 71
33 50 52 65 69
33 50 52 65 69 70
33 50 52 65 67 68
33 50 52 63 64 65 71
33 50 52 63 64 65 69
33 50 52 63 64 65 69 70
33 50 52 63 64 65 67 68
33 44
33 44 79
33 44 77
33 44 77 78
33 44 75 76
33 44 69
33 44 68
33 44 67
33 44 67 77
33 44 67 77 79
33 44 67 77 78
33 44 67 75 76
33 44 67 75 76 79
33 44 67 75 76 77 78
33 44 67 68
33 44 67 68 77
33 44 67 68 75 76
33 44 65 77
33 44 65 77 79
33 44 65 77 78
33 44 65 75 76
33 44 65 75 76 79
33 44 65 75 76 77 78
33 44 65 66
33 44 65 66 77
33 44 65 66 77 79
33 44 65 66 77 78
33 44 65 66 75 76
33 44 65 66 75 76 79
33 44 65 66 75 76 77 78
33 44 65 66 68 77
33 44 65 66 68 75 76
33 44 64 67 77
33 44 64 67 75 76
33 44 64 65 67 77
33 44 64 65 67 75 76
33 44 63 64 77
33 44 63 64 75 76
33 44 63 64 65 77 79
33 44 63 64 65 77 78
33 44 63 64 65 75 76 79
33 44 63 64 65 75 76 77 78
33 44 62 63 67 77
33 44 62 63 67 75 76
33 44 62 63 65 66 77
33 44 62 63 65 66 75 76
33 44 61 67 77
33 44 61 67 75 76
33 44 61 65 66 77
33 44 61 65 66 75 76
33 44 57 67 77
33 44 57 67 75 76
33 44 57 65 66 77
33 44 57 65 66 75 76
33 44 55 67 77
33 44 55 67 75 76
33 44 55 65 66 77
33 44 55 65 66 75 76
33 44 54 67 68 77
33 44 54 67 68 75 76
33 44 54 65 66 68 77
33 44 54 65 66 68 75 76
33 44 52
33 44 52 65 77
33 44 52 65 75 76
33 44 52 63 64 65 77
33 44 52 63 64 65 75 76
33 44 50
33 44 50 67
33 44 50 67 79
33 44 50 67 77 78
33 44 50 67 68
33 44 50 65
33 44 50 65 79
33 44 50 65 77 78
33 44 50 65 66
33 44 50 65 66 79
33 44 50 65 66 77 78
33 44 50 65 66 68
33 44 50 64 67
33 44 50 64 65 67
33 44 50 63 64
33 44 50 63 64 65 79
33 44 50 63 64 65 77 78
33 44 50 62 63 67
33 44 50 62 63 65 66
33 44 50 61 67
33 44 50 61 65 66
33 44 50 57 67
33 44 50 57 65 66
33 44 50 55 67
33 44 50 55 65 66
33 44 50 54 67 68
33 44 50 54 65 66 68
33 44 50 52 65
33 44 50 52 63 64 65
33 42 79
33 42 78 79
33 42 77 78
33 42 68
33 42 67
33 42 67 77
33 42 67 75 76
33 42 65
33 42 65 79
33 42 65 77
33 42 65 77 79
33 42 65 75 76
33 42 65 75 76 79
33 42 65 75 76 77 78
33 42 65 68 79
33 42 65 68 77 78
33 42 65 67 79
33 42 65 67 77 78
33 42 65 66
33 42 65 66 79
33 42 65 66 77
33 42 65 66 77 78
33 42 65 66 75 76
33 42 64 65 79
33 42 64 65 77 78
33 42 63 64
33 42 63 64 77
33 42 63 64 75 76
33 42 63 64 65 77 79
33 42 63 64 65 77 78
33 42 63 64 65 75 76 79
33 42 63 64 65 75 76 77 78
33 42 53
33 42 52
33 42 52 65
33 42 52 65 77
33 42 52 65 75 76
33 42 52 65 68
33 42 52 65 67
33 42 52 65 66
33 42 52 64 65
33 42 52 63 64 65 77
33 42 52 63 64 65 75 76
33 42 50 67
33 42 50 65
33 42 50 65 79
33 42 50 65 77 78
33 42 50 65 66
33 42 50 63 64
33 42 50 63 64 65 79
33 42 50 63 64 65 77 78
33 42 50 52 65
33 42 50 52 63 64 65
33 42 44
33 40
33 40 71
33 40 71 77
33 40 71 77 79
33 40 71 77 78
33 40 71 75 76
33 40 71 75 76 79
33 40 71 75 76 77 78
33 40 69
33 40 69 77
33 40 69 75 76
33 40 69 70
33 40 69 70 77
33 40 69 70 77 79
33 40 69 70 77 78
33 40 69 70 75 76
33 40 69 70 75 76 79
33 40 69 70 75 76 77 78
33 40 68
33 40 68 79
33 40 68 78 79
33 40 68 77 78
33 40 68 71
33 40 68 71 77
33 40 68 71 75 76
33 40 68 69 70
33 40 68 69 70 77
33 40 68 69 70 75 76
33 40 67
33 40 67 68
33 40 67 68 77
33 40 67 68 75 76
33 40 65 69 79
33 40 65 69 77 78
33 40 65 68
33 40 65 68 79
33 40 65 68 77 78
33 40 65 67 68 79
33 40 65 67 68 77 78
33 40 64 71 77
33 40 64 71 75 76
33 40 64 69 70 77
33 40 64 69 70 75 76
33 40 64 65 71 77
33 40 64 65 71 75 76
33 40 64 65 69 70 77
33 40 64 65 69 70 75 76
33 40 64 65 68 79
33 40 64 65 68 77 78
33 40 63 64 68
33 40 62 63 71 77
33 40 62 63 71 75 76
33 40 62 63 69 70 77
33 40 62 63 69 70 75 76
33 40 61 71 77
33 40 61 71 75 76
33 40 61 69 70 77
33 40 61 69 70 75 76
33 40 59 77
33 40 59 75 76
33 40 59 68
33 40 59 65 79
33 40 59 65 77 78
33 40 57 79
33 40 57 78 79
33 40 57 77 78
33 40 57 71 77
33 40 57 71 75 76
33 40 57 69 70 77
33 40 57 69 70 75 76
33 40 57 65 79
33 40 57 65 77 78
33 40 57 59 79
33 40 57 59 77 78
33 40 55 71 77
33 40 55 71 75 76
33 40 55 69 70 77
33 40 55 69 70 75 76
33 40 54 68 71 77
33 40 54 68 71 75 76
33 40 54 68 69 70 77
33 40 54 68 69 70 75 76
33 40 53 68
33 40 53 57
33 40 52 68
33 40 52 65 69
33 40 52 65 68
33 40 52 65 67 68
33 40 52 64 65 68
33 40 52 59 65
33 40 52 57
33 40 52 57 65
33 40 52 57 59
33 40 50 71
33 40 50 71 79
33 40 50 71 77 78
33 40 50 69
33 40 50 69 70
33 40 50 69 70 79
33 40 50 69 70 77 78
33 40 50 68 71
33 40 50 68 69 70
33 40 50 67 68
33 40 50 64 71
33 40 50 64 69 70
33 40 50 64 65 71
33 40 50 64 65 69 70
33 40 50 62 63 71
33 40 50 62 63 69 70
33 40 50 61 71
33 40 50 61 69 70
33 40 50 59
33 40 50 57 71
33 40 50 57 69 70
33 40 50 55 71
33 40 50 55 69 70
33 40 50 54 68 71
33 40 50 54 68 69 70
33 40 44
33 40 44 77
33 40 44 77 79
33 40 44 77 78
33 40 44 75 76
33 40 44 75 76 79
33 40 44 75 76 77 78
33 40 44 68 77
33 40 44 68 75 76
33 40 44 64 77
33 40 44 64 75 76
33 40 44 64 65 77
33 40 44 64 65 75 76
33 40 44 62 63 77
33 40 44 62 63 75 76
33 40 44 61 77
33 40 44 61 75 76
33 40 44 57 77
33 40 44 57 75 76
33 40 44 55 77
33 40 44 55 75 76
33 40 44 54 68 77
33 40 44 54 68 75 76
33 40 44 50
33 40 44 50 79
33 40 44 50 77 78
33 40 44 50 68
33 40 44 50 64
33 40 44 50 64 65
33 40 44 50 62 63
33 40 44 50 61
33 40 44 50 57
33 40 44 50 55
33 40 44 50 54 68
33 40 42
33 40 42 77
33 40 42 75 76
33 40 42 65 79
33 40 42 65 77 78
33 40 42 52 65
33 40 42 50
33 38
33 38 71 77
33 38 71 75 76
33 38 69
33 38 69 77
33 38 69 75 76
33 38 69 70 77
33 38 69 70 75 76
33 38 68
33 38 67 68 77
33 38 67 68 75 76
33 38 65 71 77 79
33 38 65 71 77 78
33 38 65 71 75 76 79
33 38 65 71 75 76 77 78
33 38 65 69 77 79
33 38 65 69 77 78
33 38 65 69 75 76 79
33 38 65 69 75 76 77 78
33 38 65 69 70 77 79
33 38 65 69 70 77 78
33 38 65 69 70 75 76 79
33 38 65 69 70 75 76 77 78
33 38 65 67 68 77 79
33 38 65 67 68 77 78
33 38 65 67 68 75 76 79
33 38 65 67 68 75 76 77 78
33 38 65 66 68
33 38 52 65 71 77
33 38 52 65 71 75 76
33 38 52 65 69 77
33 38 52 65 69 75 76
33 38 52 65 69 70 77
33 38 52 65 69 70 75 76
33 38 52 65 67 68 77
33 38 52 65 67 68 75 76
33 38 50 71
33 38 50 69
33 38 50 69 70
33 38 50 67 68
33 38 50 65 71 79
33 38 50 65 71 77 78
33 38 50 65 69 79
33 38 50 65 69 77 78
33 38 50 65 69 70 79
33 38 50 65 69 70 77 78
33 38 50 65 67 68 79
33 38 50 65 67 68 77 78
33 38 50 52 65 71
33 38 50 52 65 69
33 38 50 52 65 69 70
33 38 50 52 65 67 68
33 38 44 77
33 38 44 75 76
33 38 44 65 77 79
33 38 44 65 77 78
33 38 44 65 75 76 79
33 38 44 65 75 76 77 78
33 38 44 52 65 77
33 38 44 52 65 75 76
33 38 44 50
33 38 44 50 65 79
33 38 44 50 65 77 78
33 38 44 50 52 65
33 38 42
33 38 42 77
33 38 42 75 76
33 38 42 65 77 79
33 38 42 65 77 78
33 38 42 65 75 76 79
33 38 42 65 75 76 77 78
33 38 42 52 65 77
33 38 42 52 65 75 76
33 38 42 50
33 38 42 50 65 79
33 38 42 50 65 77 78
33 38 42 50 52 65
33 38 40 68
33 37 67 71 77
33 37 67 71 75 76
33 37 67 69 70 77
33 37 67 69 70 75 76
33 37 65 66 71 77
33 37 65 66 71 75 76
33 37 65 66 69 70 77
33 37 65 66 69 70 75 76
33 37 50 67 71
33 37 50 67 69 70
33 37 50 65 66 71
33 37 50 65 66 69 70
33 37 44 67 77
33 37 44 67 75 76
33 37 44 65 66 77
33 37 44 65 66 75 76
33 37 44 50 67
33 37 44 50 65 66
33 37 40 71 77
33 37 40 71 75 76
33 37 40 69 70 77
33 37 40 69 70 75 76
33 37 40 50 71
33 37 40 50 69 70
33 37 40 44 77
33 37 40 44 75 76
33 37 40 44 50
32 67 79
32 67 77 78
32 67 71 77
32 67 71 75 76
32 67 69 70 77
32 67 69 70 75 76
32 65 66 79
32 65 66 77 78
32 65 66 71 77
32 65 66 71 75 76
32 65 66 69 70 77
32 65 66 69 70 75 76
32 52 67
32 52 65 66
32 50 67 71
32 50 67 69 70
32 50 65 66 71
32 50 65 66 69 70
32 44 67 77
32 44 67 75 76
32 44 65 66 77
32 44 65 66 75 76
32 44 50 67
32 44 50 65 66
32 40 79
32 40 77 78
32 40 71 77
32 40 71 75 76
32 40 69 70 77
32 40 69 70 75 76
32 40 52
32 40 50 71
32 40 50 69 70
32 40 44 77
32 40 44 75 76
32 40 44 50
32 33 67 79
32 33 67 77 78
32 33 67 71 77
32 33 67 71 75 76
32 33 67 69 70 77
32 33 67 69 70 75 76
32 33 65 66 79
32 33 65 66 77 78
32 33 65 66 71 77
32 33 65 66 71 75 76
32 33 65 66 69 70 77
32 33 65 66 69 70 75 76
32 33 52 67
32 33 52 65 66
32 33 50 67 71
32 33 50 67 69 70
32 33 50 65 66 71
32 33 50 65 66 69 70
32 33 44 67 77
32 33 44 67 75 76
32 33 44 65 66 77
32 33 44 65 66 75 76
32 33 44 50 67
32 33 44 50 65 66
32 33 40 79
32 33 40 77 78
32 33 40 71 77
32 33 40 71 75 76
32 33 40 69 70 77
32 33 40 69 70 75 76
32 33 40 52
32 33 40 50 71
32 33 40 50 69 70
32 33 40 44 77
32 33 40 44 75 76
32 33 40 44 50
31 67
31 67 68
31 65 66
31 65 66 68
31 59 67 77
31 59 67 75 76
31 59 65 66 77
31 59 65 66 75 76
31 57 79
31 57 77 78
31 52 57
31 50 59 67
31 50 59 65 66
31 40
31 40 68
31 40 59 77
31 40 59 75 76
31 40 50 59
29 59 79
29 59 77 78
29 59 67 79
29 59 67 77 78
29 59 65 66 79
29 59 65 66 77 78
29 52 59
29 52 59 67
29 52 59 65 66
29 40 59 79
29 40 59 77 78
29 40 52 59
27 59
27 59 79
27 59 77 78
27 59 67 79
27 59 67 77
27 59 67 77 78
27 59 67 75 76
27 59 67 71 77
27 59 67 71 75 76
27 59 67 69 77
27 59 67 69 75 76
27 59 67 69 70 77
27 59 67 69 70 75 76
27 59 67 68 77
27 59 67 68 75 76
27 59 65
27 59 65 66 79
27 59 65 66 77
27 59 65 66 77 78
27 59 65 66 75 76
27 59 65 66 71 77
27 59 65 66 71 75 76
27 59 65 66 69 77
27 59 65 66 69 75 76
27 59 65 66 69 70 77
27 59 65 66 69 70 75 76
27 59 65 66 67 68 77
27 59 65 66 67 68 75 76
27 52 59
27 52 59 67
27 52 59 65 66
27 50 59 67
27 50 59 67 71
27 50 59 67 69
27 50 59 67 69 70
27 50 59 67 68
27 50 59 65 66
27 50 59 65 66 71
27 50 59 65 66 69
27 50 59 65 66 69 70
27 50 59 65 66 67 68
27 44 59 67 77
27 44 59 67 75 76
27 44 59 65 66 77
27 44 59 65 66 75 76
27 44 50 59 67
27 44 50 59 65 66
27 42 59 67 77
27 42 59 67 75 76
27 42 59 65 66 77
27 42 59 65 66 75 76
27 42 50 59 67
27 42 50 59 65 66
27 40 59 79
27 40 59 77
27 40 59 77 78
27 40 59 75 76
27 40 59 71 77
27 40 59 71 75 76
27 40 59 69 77
27 40 59 69 75 76
27 40 59 69 70 77
27 40 59 69 70 75 76
27 40 59 67 68 77
27 40 59 67 68 75 76
27 40 52 59
27 40 50 59
27 40 50 59 71
27 40 50 59 69
27 40 50 59 69 70
27 40 50 59 67 68
27 40 44 59 77
27 40 44 59 75 76
27 40 44 50 59
27 40 42 59 77
27 40 42 59 75 76
27 40 42 50 59
26 79
26 78 79
26 77 78
26 71
26 69 70
26 67 79
26 67 78 79
26 67 77 78
26 67 69
26 67 68
26 65 79
26 65 77 78
26 65 67 79
26 65 67 77 78
26 65 66 78 79
26 65 66 69
26 65 66 67 68
26 64 65 79
26 64 65 77 78
26 64 65 67 79
26 64 65 67 77 78
26 64 65 66 79
26 64 65 66 77 78
26 63 64
26 63 64 67
26 63 64 65 66
26 53
26 53 67
26 53 65 66
26 52
26 52 67
26 52 65
26 52 65 67
26 52 64 65
26 52 64 65 67
26 52 64 65 66
26 44 67
26 44 65 66
26 42 67
26 42 65 66
26 40 79
26 40 78 79
26 40 77 78
26 40 69
26 40 67 68
26 40 65 79
26 40 65 77 78
26 40 64 65 79
26 40 64 65 77 78
26 40 63 64
26 40 53
26 40 52
26 40 52 65
26 40 52 64 65
26 40 44
26 40 42
26 38
26 38 67
26 38 65 66
26 38 40
26 33 79
26 33 78 79
26 33 77 78
26 33 67
26 33 67 79
26 33 67 78 79
26 33 67 77 78
26 33 67 71
26 33 67 69 70
26 33 65
26 33 65 79
26 33 65 77 78
26 33 65 67
26 33 65 67 79
26 33 65 67 77 78
26 33 65 66 78 79
26 33 65 66 71
26 33 65 66 69 70
26 33 64 65 79
26 33 64 65 77 78
26 33 64 65 67 79
26 33 64 65 67 77 78
26 33 64 65 66 79
26 33 64 65 66 77 78
26 33 63 64
26 33 63 64 67
26 33 63 64 65 66
26 33 53
26 33 53 67
26 33 53 65 66
26 33 52
26 33 52 67
26 33 52 65
26 33 52 65 67
26 33 52 64 65
26 33 52 64 65 67
26 33 52 64 65 66
26 33 44
26 33 40
26 33 40 79
26 33 40 78 79
26 33 40 77 78
26 33 40 71
26 33 40 69 70
26 33 40 65
26 33 40 65 79
26 33 40 65 77 78
26 33 40 64 65 79
26 33 40 64 65 77 78
26 33 40 63 64
26 33 40 53
26 33 40 52
26 33 40 52 65
26 33 40 52 64 65
26 33 38
26 33 38 67
26 33 38 65 66
26 33 38 40
26 31 67
26 31 65 66
26 31 40
25 67 79
25 67 77 78
25 67 71 77
25 67 71 75 76
25 67 69 70 77
25 67 69 70 75 76
25 65 66 79
25 65 66 77 78
25 65 66 71 77
25 65 66 71 75 76
25 65 66 69 70 77
25 65 66 69 70 75 76
25 52 67
25 52 65 66
25 50 67 71
25 50 67 69 70
25 50 65 66 71
25 50 65 66 69 70
25 44 67 77
25 44 67 75 76
25 44 65 66 77
25 44 65 66 75 76
25 44 50 67
25 44 50 65 66
25 40 79
25 40 77 78
25 40 71 77
25 40 71 75 76
25 40 69 70 77
25 40 69 70 75 76
25 40 52
25 40 50 71
25 40 50 69 70
25 40 44 77
25 40 44 75 76
25 40 44 50
25 26
24 68 79
24 68 77 78
24 67 79
24 67 77 78
24 65 66 79
24 65 66 77 78
24 59 79
24 59 77 78
24 59 67 79
24 59 67 77 78
24 59 65 66 79
24 59 65 66 77 78
24 52 68
24 52 67
24 52 65 66
24 52 59
24 52 59 67
24 52 59 65 66
24 40 79
24 40 77 78
24 40 59 79
24 40 59 77 78
24 40 52
24 40 52 59
24 25 79
24 25 78 79
24 25 77 78
24 25 71
24 25 69 70
24 25 67 79
24 25 67 78 79
24 25 67 77 78
24 25 67 69
24 25 67 68
24 25 65 79
24 25 65 77 78
24 25 65 67 79
24 25 65 67 77 78
24 25 65 66 78 79
24 25 65 66 69
24 25 65 66 67 68
24 25 64 65 79
24 25 64 65 77 78
24 25 64 65 67 79
24 25 64 65 67 77 78
24 25 64 65 66 79
24 25 64 65 66 77 78
24 25 63 64
24 25 63 64 67
24 25 63 64 65 66
24 25 53
24 25 53 67
24 25 53 65 66
24 25 52
24 25 52 67
24 25 52 65
24 25 52 65 67
24 25 52 64 65
24 25 52 64 65 67
24 25 52 64 65 66
24 25 44 67
24 25 44 65 66
24 25 42 67
24 25 42 65 66
24 25 40 79
24 25 40 78 79
24 25 40 77 78
24 25 40 69
24 25 40 67 68
24 25 40 65 79
24 25 40 65 77 78
24 25 40 64 65 79
24 25 40 64 65 77 78
24 25 40 63 64
24 25 40 53
24 25 40 52
24 25 40 52 65
24 25 40 52 64 65
24 25 40 44
24 25 40 42
24 25 38
24 25 38 67
24 25 38 65 66
24 25 38 40
24 25 33 79
24 25 33 78 79
24 25 33 77 78
24 25 33 67
24 25 33 67 79
24 25 33 67 78 79
24 25 33 67 77 78
24 25 33 67 71
24 25 33 67 69 70
24 25 33 65
24 25 33 65 79
24 25 33 65 77 78
24 25 33 65 67
24 25 33 65 67 79
24 25 33 65 67 77 78
24 25 33 65 66 78 79
24 25 33 65 66 71
24 25 33 65 66 69 70
24 25 33 64 65 79
24 25 33 64 65 77 78
24 25 33 64 65 67 79
24 25 33 64 65 67 77 78
24 25 33 64 65 66 79
24 25 33 64 65 66 77 78
24 25 33 63 64
24 25 33 63 64 67
24 25 33 63 64 65 66
24 25 33 53
24 25 33 53 67
24 25 33 53 65 66
24 25 33 52
24 25 33 52 67
24 25 33 52 65
24 25 33 52 65 67
24 25 33 52 64 65
24 25 33 52 64 65 67
24 25 33 52 64 65 66
24 25 33 44
24 25 33 40
24 25 33 40 79
24 25 33 40 78 79
24 25 33 40 77 78
24 25 33 40 71
24 25 33 40 69 70
24 25 33 40 65
24 25 33 40 65 79
24 25 33 40 65 77 78
24 25 33 40 64 65 79
24 25 33 40 64 65 77 78
24 25 33 40 63 64
24 25 33 40 53
24 25 33 40 52
24 25 33 40 52 65
24 25 33 40 52 64 65
24 25 33 38
24 25 33 38 67
24 25 33 38 65 66
24 25 33 38 40
24 25 31 67
24 25 31 65 66
24 25 31 40
23 67 68 77
23 67 68 75 76
23 67 68 69 77
23 67 68 69 75 76
23 65 66 68 69 77
23 65 66 68 69 75 76
23 65 66 67 68 77
23 65 66 67 68 75 76
23 50 67 68
23 50 67 68 69
23 50 65 66 68 69
23 50 65 66 67 68
23 42 67 68 77
23 42 67 68 75 76
23 42 65 66 68 77
23 42 65 66 68 75 76
23 42 50 67 68
23 42 50 65 66 68
23 40 68 69 77
23 40 68 69 75 76
23 40 67 68 77
23 40 67 68 75 76
23 40 50 68 69
23 40 50 67 68
23 40 42 68 77
23 40 42 68 75 76
23 40 42 50 68
22 59 79
22 59 77 78
22 52 59
21 57 79
21 57 77 78
21 52 57
20
20 69
20 68
20 65 66 68
20 57 79
20 57 77 78
20 52 57
20 42
20 40 68
20 33
20 33 69
20 33 68
20 33 65 66 68
20 33 42
20 33 40 68
20 26
20 26 67
20 26 65 66
20 26 40
20 26 33
20 26 33 67
20 26 33 65 66
20 26 33 40
20 24 25
20 24 25 67
20 24 25 65 66
20 24 25 40
20 24 25 33
20 24 25 33 67
20 24 25 33 65 66
20 24 25 33 40
19
19 69
19 68
19 65 66 68
19 42
19 40 68
19 33
19 33 69
19 33 68
19 33 65 66 68
19 33 42
19 33 40 68
19 26
19 26 67
19 26 65 66
19 26 40
19 26 33
19 26 33 67
19 26 33 65 66
19 26 33 40
19 24 25
19 24 25 67
19 24 25 65 66
19 24 25 40
19 24 25 33
19 24 25 33 67
19 24 25 33 65 66
19 24 25 33 40
18
18 67 71
18 67 69
18 67 69 70
18 67 68
18 65 66
18 65 66 71
18 65 66 69
18 65 66 69 70
18 65 66 67
18 65 66 67 68
18 59
18 57
18 54 59
18 54 59 79
18 54 59 77 78
18 54 59 67
18 54 59 65
18 54 59 65 66
18 52 54 59
18 52 53 59 79
18 52 53 59 77 78
18 52 53 59 67
18 52 53 59 65
18 52 53 59 65 66
18 44 67
18 44 65 66
18 42 67
18 42 65 66
18 40
18 40 71
18 40 69
18 40 69 70
18 40 67
18 40 67 68
18 40 54 59
18 40 52 53 59
18 40 44
18 40 42
18 33 67
18 33 67 71
18 33 67 69
18 33 67 69 70
18 33 67 68
18 33 65 66 71
18 33 65 66 69
18 33 65 66 69 70
18 33 65 66 67
18 33 65 66 67 68
18 33 54 59 67
18 33 54 59 65 66
18 33 52 53 59 67
18 33 52 53 59 65 66
18 33 44 67
18 33 44 65 66
18 33 42 67
18 33 42 65 66
18 33 40 71
18 33 40 69
18 33 40 69 70
18 33 40 67
18 33 40 67 68
18 33 40 54 59
18 33 40 52 53 59
18 33 40 44
18 33 40 42
18 27 59
18 27 59 79
18 27 59 77 78
18 27 59 67
18 27 59 65
18 27 59 65 66
18 27 52 59
18 27 40 59
18 27 33 59 67
18 27 33 59 65 66
18 27 33 40 59
16 67 71 77
16 67 71 75 76
16 67 69 70 77
16 67 69 70 75 76
16 65 66 71 77
16 65 66 71 75 76
16 65 66 69 70 77
16 65 66 69 70 75 76
16 54 59 67 79
16 54 59 67 77 78
16 54 59 65 66 79
16 54 59 65 66 77 78
16 52 54 59 67
16 52 54 59 65 66
16 52 53 59 67
16 52 53 59 67 79
16 52 53 59 67 77 78
16 52 53 59 65 66
16 52 53 59 65 66 79
16 52 53 59 65 66 77 78
16 50 67 71
16 50 67 69 70
16 50 65 66 71
16 50 65 66 69 70
16 44 67 77
16 44 67 75 76
16 44 65 66 77
16 44 65 66 75 76
16 44 50 67
16 44 50 65 66
16 40 71 77
16 40 71 75 76
16 40 69 70 77
16 40 69 70 75 76
16 40 54 59 79
16 40 54 59 77 78
16 40 52 54 59
16 40 52 53 59
16 40 52 53 59 79
16 40 52 53 59 77 78
16 40 50 71
16 40 50 69 70
16 40 44 77
16 40 44 75 76
16 40 44 50
16 27 59 67 79
16 27 59 67 77 78
16 27 59 65 66 79
16 27 59 65 66 77 78
16 27 52 59 67
16 27 52 59 65 66
16 27 40 59 79
16 27 40 59 77 78
16 27 40 52 59
16 17
10 67 71 77
10 67 71 75 76
10 67 69 70 77
10 67 69 70 75 76
10 65 66 71 77
10 65 66 71 75 76
10 65 66 69 70 77
10 65 66 69 70 75 76
10 50 67 71
10 50 67 69 70
10 50 65 66 71
10 50 65 66 69 70
10 44 67 77
10 44 67 75 76
10 44 65 66 77
10 44 65 66 75 76
10 44 50 67
10 44 50 65 66
10 40 71 77
10 40 71 75 76
10 40 69 70 77
10 40 69 70 75 76
10 40 50 71
10 40 50 69 70
10 40 44 77
10 40 44 75 76
10 40 44 50
10 33 67 71 77
10 33 67 71 75 76
10 33 67 69 70 77
10 33 67 69 70 75 76
10 33 65 66 71 77
10 33 65 66 71 75 76
10 33 65 66 69 70 77
10 33 65 66 69 70 75 76
10 33 50 67 71
10 33 50 67 69 70
10 33 50 65 66 71
10 33 50 65 66 69 70
10 33 44 67 77
10 33 44 67 75 76
10 33 44 65 66 77
10 33 44 65 66 75 76
10 33 44 50 67
10 33 44 50 65 66
10 33 40 71 77
10 33 40 71 75 76
10 33 40 69 70 77
10 33 40 69 70 75 76
10 33 40 50 71
10 33 40 50 69 70
10 33 40 44 77
10 33 40 44 75 76
10 33 40 44 50
8
8 67
8 65 66
8 40
8 9 67 71 77
8 9 67 71 75 76
8 9 67 69 70 77
8 9 67 69 70 75 76
8 9 65 66 71 77
8 9 65 66 71 75 76
8 9 65 66 69 70 77
8 9 65 66 69 70 75 76
8 9 50 67 71
8 9 50 67 69 70
8 9 50 65 66 71
8 9 50 65 66 69 70
8 9 44 67 77
8 9 44 67 75 76
8 9 44 65 66 77
8 9 44 65 66 75 76
8 9 44 50 67
8 9 44 50 65 66
8 9 40 71 77
8 9 40 71 75 76
8 9 40 69 70 77
8 9 40 69 70 75 76
8 9 40 50 71
8 9 40 50 69 70
8 9 40 44 77
8 9 40 44 75 76
8 9 40 44 50
8 9 33 67 71 77
8 9 33 67 71 75 76
8 9 33 67 69 70 77
8 9 33 67 69 70 75 76
8 9 33 65 66 71 77
8 9 33 65 66 71 75 76
8 9 33 65 66 69 70 77
8 9 33 65 66 69 70 75 76
8 9 33 50 67 71
8 9 33 50 67 69 70
8 9 33 50 65 66 71
8 9 33 50 65 66 69 70
8 9 33 44 67 77
8 9 33 44 67 75 76
8 9 33 44 65 66 77
8 9 33 44 65 66 75 76
8 9 33 44 50 67
8 9 33 44 50 65 66
8 9 33 40 71 77
8 9 33 40 71 75 76
8 9 33 40 69 70 77
8 9 33 40 69 70 75 76
8 9 33 40 50 71
8 9 33 40 50 69 70
8 9 33 40 44 77
8 9 33 40 44 75 76
8 9 33 40 44 50
7 78 79
7 67
7 67 79
7 67 77 78
7 67 71 77
7 67 71 75 76
7 67 69 70 77
7 67 69 70 75 76
7 65 66
7 65 66 79
7 65 66 77 78
7 65 66 71 77
7 65 66 71 75 76
7 65 66 69 70 77
7 65 66 69 70 75 76
7 59 79
7 59 77 78
7 59 77 78 79
7 59 75 76 78 79
7 59 67 77 78 79
7 59 67 75 76 78 79
7 59 65 66 77 78 79
7 59 65 66 75 76 78 79
7 57 79
7 57 77 78
7 53
7 53 59 77
7 53 59 75 76
7 53 59 67 77
7 53 59 67 75 76
7 53 59 65 66 77
7 53 59 65 66 75 76
7 52 67
7 52 65 66
7 52 59
7 52 57
7 50 67 71
7 50 67 69 70
7 50 65 66 71
7 50 65 66 69 70
7 50 59 78 79
7 50 59 67 78 79
7 50 59 65 66 78 79
7 50 53 59
7 50 53 59 67
7 50 53 59 65 66
7 44 67 77
7 44 67 75 76
7 44 65 66 77
7 44 65 66 75 76
7 44 50 67
7 44 50 65 66
7 40
7 40 79
7 40 77 78
7 40 71 77
7 40 71 75 76
7 40 69 70 77
7 40 69 70 75 76
7 40 59 77 78 79
7 40 59 75 76 78 79
7 40 53 59 77
7 40 53 59 75 76
7 40 52
7 40 50 71
7 40 50 69 70
7 40 50 59 78 79
7 40 50 53 59
7 40 44 77
7 40 44 75 76
7 40 44 50
7 33 67 71 77
7 33 67 71 75 76
7 33 67 69 70 77
7 33 67 69 70 75 76
7 33 65 66 71 77
7 33 65 66 71 75 76
7 33 65 66 69 70 77
7 33 65 66 69 70 75 76
7 33 59 79
7 33 59 77 78
7 33 52 59
7 33 50 67 71
7 33 50 67 69 70
7 33 50 65 66 71
7 33 50 65 66 69 70
7 33 44 67 77
7 33 44 67 75 76
7 33 44 65 66 77
7 33 44 65 66 75 76
7 33 44 50 67
7 33 44 50 65 66
7 33 40 71 77
7 33 40 71 75 76
7 33 40 69 70 77
7 33 40 69 70 75 76
7 33 40 50 71
7 33 40 50 69 70
7 33 40 44 77
7 33 40 44 75 76
7 33 40 44 50
5 67 71 77
5 67 71 75 76
5 67 69 70 77
5 67 69 70 75 76
5 65 66 71 77
5 65 66 71 75 76
5 65 66 69 70 77
5 65 66 69 70 75 76
5 59
5 59 78 79
5 59 77 78 79
5 59 67
5 59 67 79
5 59 67 78 79
5 59 67 77 78
5 59 67 77 78 79
5 59 65 66
5 59 65 66 79
5 59 65 66 78 79
5 59 65 66 77 78
5 59 65 66 77 78 79
5 57 67 78 79
5 57 67 77 78 79
5 57 65 66 78 79
5 57 65 66 77 78 79
5 53 59 79
5 53 59 77 78
5 53 59 67 79
5 53 59 67 77 78
5 53 59 65 66 79
5 53 59 65 66 77 78
5 53 57 67 79
5 53 57 67 77 78
5 53 57 65 66 79
5 53 57 65 66 77 78
5 52 59 78 79
5 52 59 67
5 52 59 67 78 79
5 52 59 65 66
5 52 59 65 66 78 79
5 52 57 67 78 79
5 52 57 65 66 78 79
5 52 53 59
5 52 53 59 67
5 52 53 59 65 66
5 52 53 57 67
5 52 53 57 65 66
5 50 67 71
5 50 67 69 70
5 50 65 66 71
5 50 65 66 69 70
5 44 67 77
5 44 67 75 76
5 44 65 66 77
5 44 65 66 75 76
5 44 50 67
5 44 50 65 66
5 40 71 77
5 40 71 75 76
5 40 69 70 77
5 40 69 70 75 76
5 40 59
5 40 59 79
5 40 59 78 79
5 40 59 77 78
5 40 59 77 78 79
5 40 57 78 79
5 40 57 77 78 79
5 40 53 59 79
5 40 53 59 77 78
5 40 53 57 79
5 40 53 57 77 78
5 40 52 59
5 40 52 59 78 79
5 40 52 57 78 79
5 40 52 53 59
5 40 52 53 57
5 40 50 71
5 40 50 69 70
5 40 44 77
5 40 44 75 76
5 40 44 50
5 33 67 71 77
5 33 67 71 75 76
5 33 67 69 70 77
5 33 67 69 70 75 76
5 33 65 66 71 77
5 33 65 66 71 75 76
5 33 65 66 69 70 77
5 33 65 66 69 70 75 76
5 33 50 67 71
5 33 50 67 69 70
5 33 50 65 66 71
5 33 50 65 66 69 70
5 33 44 67 77
5 33 44 67 75 76
5 33 44 65 66 77
5 33 44 65 66 75 76
5 33 44 50 67
5 33 44 50 65 66
5 33 40 71 77
5 33 40 71 75 76
5 33 40 69 70 77
5 33 40 69 70 75 76
5 33 40 50 71
5 33 40 50 69 70
5 33 40 44 77
5 33 40 44 75 76
5 33 40 44 50
1 67 71 77
1 67 71 75 76
1 67 69 70 77
1 67 69 70 75 76
1 65 66 71 77
1 65 66 71 75 76
1 65 66 69 70 77
1 65 66 69 70 75 76
1 50 67 71
1 50 67 69 70
1 50 65 66 71
1 50 65 66 69 70
1 44 67 77
1 44 67 75 76
1 44 65 66 77
1 44 65 66 75 76
1 44 50 67
1 44 50 65 66
1 40 71 77
1 40 71 75 76
1 40 69 70 77
1 40 69 70 75 76
1 40 50 71
1 40 50 69 70
1 40 44 77
1 40 44 75 76
1 40 44 50
1 33 67 71 77
1 33 67 71 75 76
1 33 67 69 70 77
1 33 67 69 70 75 76
1 33 65 66 71 77
1 33 65 66 71 75 76
1 33 65 66 69 70 77
1 33 65 66 69 70 75 76
1 33 50 67 71
1 33 50 67 69 70
1 33 50 65 66 71
1 33 50 65 66 69 70
1 33 44 67 77
1 33 44 67 75 76
1 33 44 65 66 77
1 33 44 65 66 75 76
1 33 44 50 67
1 33 44 50 65 66
1 33 40 71 77
1 33 40 71 75 76
1 33 40 69 70 77
1 33 40 69 70 75 76
1 33 40 50 71
1 33 40 50 69 70
1 33 40 44 77
1 33 40 44 75 76
1 33 40 44 50
0
0 67 68 71 77
0 67 68 71 75 76
0 67 68 69 70 77
0 67 68 69 70 75 76
0 65 66 68 71 77
0 65 66 68 71 75 76
0 65 66 68 69 70 77
0 65 66 68 69 70 75 76
0 50 67 68 71
0 50 67 68 69 70
0 50 65 66 68 71
0 50 65 66 68 69 70
0 44 67 68 77
0 44 67 68 75 76
0 44 65 66 68 77
0 44 65 66 68 75 76
0 44 50 67 68
0 44 50 65 66 68
0 40 68 71 77
0 40 68 71 75 76
0 40 68 69 70 77
0 40 68 69 70 75 76
0 40 50 68 71
0 40 50 68 69 70
0 40 44 68 77
0 40 44 68 75 76
0 40 44 50 68
0 33 67 68 71 77
0 33 67 68 71 75 76
0 33 67 68 69 70 77
0 33 67 68 69 70 75 76
0 33 65 66 68 71 77
0 33 65 66 68 71 75 76
0 33 65 66 68 69 70 77
0 33 65 66 68 69 70 75 76
0 33 50 67 68 71
0 33 50 67 68 69 70
0 33 50 65 66 68 71
0 33 50 65 66 68 69 70
0 33 44 67 68 77
0 33 44 67 68 75 76
0 33 44 65 66 68 77
0 33 44 65 66 68 75 76
0 33 44 50 67 68
0 33 44 50 65 66 68
0 33 40 68 71 77
0 33 40 68 71 75 76
0 33 40 68 69 70 77
0 33 40 68 69 70 75 76
0 33 40 50 68 71
0 33 40 50 68 69 70
0 33 40 44 68 77
0 33 40 44 68 75 76
0 33 40 44 50 68
