
79
77 78
74
73
72 73
71
71 72
69 70
68
68 79
68 77 78
67
67 78
67 77
67 76 77
67 75 76
67 73
67 71
67 71 72
67 69
67 69 70
67 68
66 67
65
65 68
65 66
65 66 78
65 66 77
65 66 76 77
65 66 75 76
65 66 73
65 66 71
65 66 71 72
65 66 69
65 66 69 70
65 66 67
65 66 67 68
64 67
64 65 67
63
63 67
63 67 68
63 65 66
63 65 66 68
63 64
63 64 67
63 64 66
61 68
61 67
61 67 68
61 65
61 65 79
61 65 77 78
61 65 66
61 63 64 79
61 63 64 77 78
61 63 64 65
59
59 71
59 69
59 69 79
59 69 77 78
59 69 70
59 68
59 67 79
59 67 78
59 67 77 78
59 67 76 77
59 67 69
59 67 69 79
59 67 69 77 78
59 67 68 79
59 67 68 77 78
59 66
59 65
59 65 79
59 65 77
59 65 77 78
59 65 75 76
59 65 69
59 65 67
59 65 67 69
59 65 67 68
59 65 66
59 65 66 79
59 65 66 78
59 65 66 77 79
59 65 66 76 77
59 65 66 75 76 79
59 65 66 75 76 77 78
59 65 66 68
59 65 66 68 79
59 65 66 68 77 78
59 65 66 67 77 79
59 65 66 67 77 78
59 65 66 67 75 76 79
59 65 66 67 75 76 77 78
59 65 66 67 68
59 64
59 64 65 77
59 64 65 75 76
59 64 65 67
59 64 65 66
59 63 64
59 63 64 79
59 63 64 77 78
59 63 64 67
59 63 64 65
59 62
59 62 69 71
59 62 69 71 77
59 62 69 71 75 76
59 62 69 70
59 62 69 70 77
59 62 69 70 75 76
59 62 68 69 71
59 62 68 69 70
59 62 67
59 62 67 69 71
59 62 67 69 70
59 62 67 68 71
59 62 67 68 71 77
59 62 67 68 71 75 76
59 62 67 68 69 70
59 62 67 68 69 70 77
59 62 67 68 69 70 75 76
59 62 66 69 71
59 62 66 69 70
59 62 66 67 69 71
59 62 66 67 69 70
59 62 65 66
59 62 63
59 61
59 60 61
59 60 61 69 71
59 60 61 69 71 77
59 60 61 69 71 75 76
59 60 61 69 70
59 60 61 69 70 77
59 60 61 69 70 75 76
59 60 61 68 69 71
59 60 61 68 69 70
59 60 61 67 69 71
59 60 61 67 69 70
59 60 61 67 68 71
59 60 61 67 68 71 77
59 60 61 67 68 71 75 76
59 60 61 67 68 69 70
59 60 61 67 68 69 70 77
59 60 61 67 68 69 70 75 76
59 60 61 66 69 71
59 60 61 66 69 70
59 60 61 66 67 69 71
59 60 61 66 67 69 70
57 79
57 78 79
57 77 78
57 69
57 69 71
57 69 70
57 67 78 79
57 67 77 78 79
57 67 71
57 67 69
57 67 69 79
57 67 69 77 78
57 67 69 70
57 67 68
57 67 68 79
57 67 68 77 78
57 67 68 71
57 67 68 69 70
57 65
57 65 67
57 65 67 78 79
57 65 66
57 65 66 78 79
57 65 66 77 78 79
57 65 66 71
57 65 66 69
57 65 66 69 79
57 65 66 69 77 78
57 65 66 69 70
57 65 66 68
57 65 66 67
57 65 66 67 68
57 65 66 67 68 79
57 65 66 67 68 77 78
57 63 65 66
57 63 65 66 67
57 60 67
57 60 67 79
57 60 67 78 79
57 60 67 77 78
57 60 65 66
57 60 65 66 79
57 60 65 66 78 79
57 60 65 66 77 78
57 59 69
57 59 69 73 75
57 59 69 73 74
57 59 69 71
57 59 69 71 72 75
57 59 69 71 72 73 74
57 59 69 70
57 59 68
57 59 67
57 59 67 68 73 75
57 59 67 68 73 74
57 59 67 68 71
57 59 67 68 71 72 75
57 59 67 68 71 72 73 74
57 59 67 68 69 70
57 59 65 66
57 59 65 66 68
57 58 61 69 73 75
57 58 61 69 73 74
57 58 61 69 71 72 75
57 58 61 69 71 72 73 74
57 58 61 67 68 73 75
57 58 61 67 68 73 74
57 58 61 67 68 71 72 75
57 58 61 67 68 71 72 73 74
57 58 59 67
57 58 59 67 79
57 58 59 67 78 79
57 58 59 67 77 78
57 58 59 65 66
57 58 59 65 66 79
57 58 59 65 66 78 79
57 58 59 65 66 77 78
56 67
56 65 66
56 57 65 66
56 57 65 66 67
56 57 61 69 73 75
56 57 61 69 73 74
56 57 61 69 71 72 75
56 57 61 69 71 72 73 74
56 57 61 67 68 73 75
56 57 61 67 68 73 74
56 57 61 67 68 71 72 75
56 57 61 67 68 71 72 73 74
55 59
54 61
54 59
54 59 67
54 59 65 66
54 57 67 77 78 79
54 57 65 67 78 79
54 57 65 66 78 79
54 57 65 66 77 78 79
54 55 57 65 66
54 55 57 65 66 67
53
53 65
53 63 64
53 57
53 57 67 79
53 57 67 77 78
53 57 65 67
53 57 65 66 79
53 57 65 66 77 78
53 57 60 67
53 57 60 65 66
53 57 58 59 67
53 57 58 59 65 66
53 54 57 67
53 54 57 67 79
53 54 57 67 77 78
53 54 57 65 67
53 54 57 65 66 79
53 54 57 65 66 77 78
52 68
52 61 65
52 61 63 64
52 59
52 59 69
52 59 67
52 59 67 69
52 59 67 68
52 59 65
52 59 65 66
52 59 65 66 77
52 59 65 66 75 76
52 59 65 66 68
52 59 65 66 67 77
52 59 65 66 67 75 76
52 59 63 64
52 57
52 57 67 78 79
52 57 67 69
52 57 67 68
52 57 65 66 78 79
52 57 65 66 69
52 57 65 66 67 68
52 57 60 67
52 57 60 65 66
52 57 58 59 67
52 57 58 59 65 66
52 54 57 67 78 79
52 54 57 65 66 78 79
52 53 59 67
52 53 59 65 66
52 53 57 67
52 53 57 67 79
52 53 57 67 78 79
52 53 57 67 77 78
52 53 57 67 77 78 79
52 53 57 65 67
52 53 57 65 67 78 79
52 53 57 65 66 79
52 53 57 65 66 77 78
52 53 57 65 66 77 78 79
52 53 54 57 67
52 53 54 57 65 66
51 67
51 65 66
51 61
51 59
51 57 67
51 57 67 78 79
51 57 65 66
51 57 65 66 78 79
51 53 57 67
51 53 57 65 66
51 52 65
51 52 63 64
50 65
50 63 64
50 59 65
50 59 65 66 79
50 59 65 66 77 78
50 59 65 66 67 79
50 59 65 66 67 77 78
50 59 64 65
50 59 62 69 71
50 59 62 69 70
50 59 62 67 68 71
50 59 62 67 68 69 70
50 59 60 61 69 71
50 59 60 61 69 70
50 59 60 61 67 68 71
50 59 60 61 67 68 69 70
50 52 59 65 66
50 52 59 65 66 67
50 51 67
50 51 65 66
49
49 59 68
49 50 57 67
49 50 57 67 78 79
49 50 57 65 66
49 50 57 65 66 78 79
49 50 53 57 67
49 50 53 57 65 66
48
48 57 67
48 57 65 66
48 57 59 69 73
48 57 59 69 71 72
48 57 59 67 68 73
48 57 59 67 68 71 72
48 57 58 61 69 73
48 57 58 61 69 71 72
48 57 58 61 67 68 73
48 57 58 61 67 68 71 72
48 56 57 61 69 73
48 56 57 61 69 71 72
48 56 57 61 67 68 73
48 56 57 61 67 68 71 72
48 49
48 49 59
47
47 59 68
47 59 67
47 59 65 66
47 48 59 68
46
46 67
46 65 66
46 57 59 69 75
46 57 59 69 73 74
46 57 59 67 68 75
46 57 59 67 68 73 74
46 57 58 61 69 75
46 57 58 61 69 73 74
46 57 58 61 67 68 75
46 57 58 61 67 68 73 74
46 56 57 61 69 75
46 56 57 61 69 73 74
46 56 57 61 67 68 75
46 56 57 61 67 68 73 74
46 48 57 59 69
46 48 57 59 67 68
46 48 57 58 61 69
46 48 57 58 61 67 68
46 48 56 57 61 69
46 48 56 57 61 67 68
46 47
46 47 57 67
46 47 57 65 66
46 47 49
46 47 48
45 62 69 71 77
45 62 69 71 75 76
45 62 69 70 77
45 62 69 70 75 76
45 62 67 68 71 77
45 62 67 68 71 75 76
45 62 67 68 69 70 77
45 62 67 68 69 70 75 76
45 60 61 69 71 77
45 60 61 69 71 75 76
45 60 61 69 70 77
45 60 61 69 70 75 76
45 60 61 67 68 71 77
45 60 61 67 68 71 75 76
45 60 61 67 68 69 70 77
45 60 61 67 68 69 70 75 76
45 59 61 62 69
45 59 61 62 67 68
45 59 60 61 69
45 59 60 61 67 68
45 55 59 64 71 73
45 55 59 64 71 73 77
45 55 59 64 71 73 75
45 55 59 64 71 73 75 76
45 55 59 64 71 73 74
45 55 59 64 71 72
45 55 59 64 71 72 77
45 55 59 64 71 72 75
45 55 59 64 71 72 75 76
45 55 59 64 71 72 73 74
45 55 59 64 69 70 73
45 55 59 64 69 70 73 77
45 55 59 64 69 70 73 75
45 55 59 64 69 70 73 75 76
45 55 59 64 69 70 73 74
45 55 59 64 69 70 71 72
45 55 59 64 69 70 71 72 77
45 55 59 64 69 70 71 72 75
45 55 59 64 69 70 71 72 75 76
45 55 59 64 69 70 71 72 73 74
45 55 59 62 63 71 73
45 55 59 62 63 71 73 77
45 55 59 62 63 71 73 75
45 55 59 62 63 71 73 75 76
45 55 59 62 63 71 73 74
45 55 59 62 63 71 72
45 55 59 62 63 71 72 77
45 55 59 62 63 71 72 75
45 55 59 62 63 71 72 75 76
45 55 59 62 63 71 72 73 74
45 55 59 62 63 69 70 73
45 55 59 62 63 69 70 73 77
45 55 59 62 63 69 70 73 75
45 55 59 62 63 69 70 73 75 76
45 55 59 62 63 69 70 73 74
45 55 59 62 63 69 70 71 72
45 55 59 62 63 69 70 71 72 77
45 55 59 62 63 69 70 71 72 75
45 55 59 62 63 69 70 71 72 75 76
45 55 59 62 63 69 70 71 72 73 74
45 50 62 69 71
45 50 62 69 70
45 50 62 67 68 71
45 50 62 67 68 69 70
45 50 60 61 69 71
45 50 60 61 69 70
45 50 60 61 67 68 71
45 50 60 61 67 68 69 70
45 50 55 59 64 71 73
45 50 55 59 64 71 72
45 50 55 59 64 69 70 73
45 50 55 59 64 69 70 71 72
45 50 55 59 62 63 71 73
45 50 55 59 62 63 71 72
45 50 55 59 62 63 69 70 73
45 50 55 59 62 63 69 70 71 72
45 48 55 59 64 71 73
45 48 55 59 64 71 72
45 48 55 59 64 69 70 73
45 48 55 59 64 69 70 71 72
45 48 55 59 62 63 71 73
45 48 55 59 62 63 71 72
45 48 55 59 62 63 69 70 73
45 48 55 59 62 63 69 70 71 72
45 46 59 68
45 46 59 67
45 46 59 65 66
45 46 55 59 64 71
45 46 55 59 64 71 77
45 46 55 59 64 71 75
45 46 55 59 64 71 75 76
45 46 55 59 64 71 73 74
45 46 55 59 64 69 70
45 46 55 59 64 69 70 77
45 46 55 59 64 69 70 75
45 46 55 59 64 69 70 75 76
45 46 55 59 64 69 70 73 74
45 46 55 59 62 63 71
45 46 55 59 62 63 71 77
45 46 55 59 62 63 71 75
45 46 55 59 62 63 71 75 76
45 46 55 59 62 63 71 73 74
45 46 55 59 62 63 69 70
45 46 55 59 62 63 69 70 77
45 46 55 59 62 63 69 70 75
45 46 55 59 62 63 69 70 75 76
45 46 55 59 62 63 69 70 73 74
45 46 50 55 59 64 71
45 46 50 55 59 64 69 70
45 46 50 55 59 62 63 71
45 46 50 55 59 62 63 69 70
45 46 48 55 59 64 71
45 46 48 55 59 64 69 70
45 46 48 55 59 62 63 71
45 46 48 55 59 62 63 69 70
44
44 67
44 65 66
44 59 62 69
44 59 62 69 77
44 59 62 69 75 76
44 59 62 68 69
44 59 62 67 69
44 59 62 67 68
44 59 62 67 68 77
44 59 62 67 68 75 76
44 59 62 66 69
44 59 62 66 67 69
44 59 60 61 69
44 59 60 61 69 77
44 59 60 61 69 75 76
44 59 60 61 68 69
44 59 60 61 67 69
44 59 60 61 67 68
44 59 60 61 67 68 77
44 59 60 61 67 68 75 76
44 59 60 61 66 69
44 59 60 61 66 67 69
44 57 69
44 57 67
44 57 67 68
44 57 65 66
44 57 59 69
44 57 59 67 68
44 50 59 62 69
44 50 59 62 67 68
44 50 59 60 61 69
44 50 59 60 61 67 68
44 45 62 69 77
44 45 62 69 75 76
44 45 62 67 68 77
44 45 62 67 68 75 76
44 45 60 61 69 77
44 45 60 61 69 75 76
44 45 60 61 67 68 77
44 45 60 61 67 68 75 76
44 45 55 59 64 73
44 45 55 59 64 73 77
44 45 55 59 64 73 75
44 45 55 59 64 73 75 76
44 45 55 59 64 73 74
44 45 55 59 64 71 72
44 45 55 59 64 71 72 77
44 45 55 59 64 71 72 75
44 45 55 59 64 71 72 75 76
44 45 55 59 64 71 72 73 74
44 45 55 59 62 63 73
44 45 55 59 62 63 73 77
44 45 55 59 62 63 73 75
44 45 55 59 62 63 73 75 76
44 45 55 59 62 63 73 74
44 45 55 59 62 63 71 72
44 45 55 59 62 63 71 72 77
44 45 55 59 62 63 71 72 75
44 45 55 59 62 63 71 72 75 76
44 45 55 59 62 63 71 72 73 74
44 45 50 62 69
44 45 50 62 67 68
44 45 50 60 61 69
44 45 50 60 61 67 68
44 45 50 55 59 64 73
44 45 50 55 59 64 71 72
44 45 50 55 59 62 63 73
44 45 50 55 59 62 63 71 72
44 45 48 55 59 64 73
44 45 48 55 59 64 71 72
44 45 48 55 59 62 63 73
44 45 48 55 59 62 63 71 72
44 45 46 55 59 64
44 45 46 55 59 64 77
44 45 46 55 59 64 75
44 45 46 55 59 64 75 76
44 45 46 55 59 64 73 74
44 45 46 55 59 62 63
44 45 46 55 59 62 63 77
44 45 46 55 59 62 63 75
44 45 46 55 59 62 63 75 76
44 45 46 55 59 62 63 73 74
44 45 46 50 55 59 64
44 45 46 50 55 59 62 63
44 45 46 48 55 59 64
44 45 46 48 55 59 62 63
43 44 62 69 77
43 44 62 69 75 76
43 44 62 69 71 77
43 44 62 69 71 75 76
43 44 62 69 70 77
43 44 62 69 70 75 76
43 44 62 67 68 77
43 44 62 67 68 75 76
43 44 62 67 68 71 77
43 44 62 67 68 71 75 76
43 44 62 67 68 69 70 77
43 44 62 67 68 69 70 75 76
43 44 60 61 69 77
43 44 60 61 69 75 76
43 44 60 61 69 71 77
43 44 60 61 69 71 75 76
43 44 60 61 69 70 77
43 44 60 61 69 70 75 76
43 44 60 61 67 68 77
43 44 60 61 67 68 75 76
43 44 60 61 67 68 71 77
43 44 60 61 67 68 71 75 76
43 44 60 61 67 68 69 70 77
43 44 60 61 67 68 69 70 75 76
43 44 59 61 62 69
43 44 59 61 62 67 68
43 44 59 60 61 69
43 44 59 60 61 67 68
43 44 55 59 64 73
43 44 55 59 64 73 77
43 44 55 59 64 73 75
43 44 55 59 64 73 75 76
43 44 55 59 64 73 74
43 44 55 59 64 71 73
43 44 55 59 64 71 73 77
43 44 55 59 64 71 73 75
43 44 55 59 64 71 73 75 76
43 44 55 59 64 71 73 74
43 44 55 59 64 69 70 73
43 44 55 59 64 69 70 73 77
43 44 55 59 64 69 70 73 75
43 44 55 59 64 69 70 73 75 76
43 44 55 59 64 69 70 73 74
43 44 55 59 64 69 70 71 72
43 44 55 59 64 69 70 71 72 77
43 44 55 59 64 69 70 71 72 75
43 44 55 59 64 69 70 71 72 75 76
43 44 55 59 64 69 70 71 72 73 74
43 44 55 59 62 63 73
43 44 55 59 62 63 73 77
43 44 55 59 62 63 73 75
43 44 55 59 62 63 73 75 76
43 44 55 59 62 63 73 74
43 44 55 59 62 63 71 73
43 44 55 59 62 63 71 73 77
43 44 55 59 62 63 71 73 75
43 44 55 59 62 63 71 73 75 76
43 44 55 59 62 63 71 73 74
43 44 55 59 62 63 69 70 73
43 44 55 59 62 63 69 70 73 77
43 44 55 59 62 63 69 70 73 75
43 44 55 59 62 63 69 70 73 75 76
43 44 55 59 62 63 69 70 73 74
43 44 55 59 62 63 69 70 71 72
43 44 55 59 62 63 69 70 71 72 77
43 44 55 59 62 63 69 70 71 72 75
43 44 55 59 62 63 69 70 71 72 75 76
43 44 55 59 62 63 69 70 71 72 73 74
43 44 50 62 69
43 44 50 62 69 71
43 44 50 62 69 70
43 44 50 62 67 68
43 44 50 62 67 68 71
43 44 50 62 67 68 69 70
43 44 50 60 61 69
43 44 50 60 61 69 71
43 44 50 60 61 69 70
43 44 50 60 61 67 68
43 44 50 60 61 67 68 71
43 44 50 60 61 67 68 69 70
43 44 50 55 59 64 73
43 44 50 55 59 64 71 73
43 44 50 55 59 64 69 70 73
43 44 50 55 59 64 69 70 71 72
43 44 50 55 59 62 63 73
43 44 50 55 59 62 63 71 73
43 44 50 55 59 62 63 69 70 73
43 44 50 55 59 62 63 69 70 71 72
43 44 48 55 59 64 73
43 44 48 55 59 64 71 73
43 44 48 55 59 64 69 70 73
43 44 48 55 59 64 69 70 71 72
43 44 48 55 59 62 63 73
43 44 48 55 59 62 63 71 73
43 44 48 55 59 62 63 69 70 73
43 44 48 55 59 62 63 69 70 71 72
43 44 46 55 59 64
43 44 46 55 59 64 77
43 44 46 55 59 64 75
43 44 46 55 59 64 75 76
43 44 46 55 59 64 73 74
43 44 46 55 59 64 71
43 44 46 55 59 64 71 77
43 44 46 55 59 64 71 75
43 44 46 55 59 64 71 75 76
43 44 46 55 59 64 71 73 74
43 44 46 55 59 64 69 70
43 44 46 55 59 64 69 70 77
43 44 46 55 59 64 69 70 75
43 44 46 55 59 64 69 70 75 76
43 44 46 55 59 64 69 70 73 74
43 44 46 55 59 62 63
43 44 46 55 59 62 63 77
43 44 46 55 59 62 63 75
43 44 46 55 59 62 63 75 76
43 44 46 55 59 62 63 73 74
43 44 46 55 59 62 63 71
43 44 46 55 59 62 63 71 77
43 44 46 55 59 62 63 71 75
43 44 46 55 59 62 63 71 75 76
43 44 46 55 59 62 63 71 73 74
43 44 46 55 59 62 63 69 70
43 44 46 55 59 62 63 69 70 77
43 44 46 55 59 62 63 69 70 75
43 44 46 55 59 62 63 69 70 75 76
43 44 46 55 59 62 63 69 70 73 74
43 44 46 50 55 59 64
43 44 46 50 55 59 64 71
43 44 46 50 55 59 64 69 70
43 44 46 50 55 59 62 63
43 44 46 50 55 59 62 63 71
43 44 46 50 55 59 62 63 69 70
43 44 46 48 55 59 64
43 44 46 48 55 59 64 71
43 44 46 48 55 59 64 69 70
43 44 46 48 55 59 62 63
43 44 46 48 55 59 62 63 71
43 44 46 48 55 59 62 63 69 70
42 67
42 65 66
42 61
42 59 79
42 59 77 78
42 59 67 79
42 59 67 77 78
42 59 65
42 59 65 67
42 59 65 66
42 59 62 71
42 59 62 71 77
42 59 62 71 75 76
42 59 62 69 70
42 59 62 69 70 77
42 59 62 69 70 75 76
42 59 62 68 71
42 59 62 68 69 70
42 59 62 67 71
42 59 62 67 69 70
42 59 62 66 71
42 59 62 66 69 70
42 59 62 66 67 71
42 59 62 66 67 69 70
42 59 60 61 71
42 59 60 61 71 77
42 59 60 61 71 75 76
42 59 60 61 69 70
42 59 60 61 69 70 77
42 59 60 61 69 70 75 76
42 59 60 61 68 71
42 59 60 61 68 69 70
42 59 60 61 67 71
42 59 60 61 67 69 70
42 59 60 61 66 71
42 59 60 61 66 69 70
42 59 60 61 66 67 71
42 59 60 61 66 67 69 70
42 57
42 57 71
42 57 69 70
42 57 67
42 57 67 79
42 57 67 77 78
42 57 65 66
42 57 65 66 79
42 57 65 66 77 78
42 57 59
42 57 59 73 75
42 57 59 73 74
42 57 59 71
42 57 59 71 72 75
42 57 59 71 72 73 74
42 57 59 69 70
42 57 58 61 73 75
42 57 58 61 73 74
42 57 58 61 71 72 75
42 57 58 61 71 72 73 74
42 56 57 61 73 75
42 56 57 61 73 74
42 56 57 61 71 72 75
42 56 57 61 71 72 73 74
42 52 59
42 52 59 67
42 52 57 67
42 52 57 65 66
42 50 59 62 71
42 50 59 62 69 70
42 50 59 60 61 71
42 50 59 60 61 69 70
42 48 57 59 73
42 48 57 59 71 72
42 48 57 58 61 73
42 48 57 58 61 71 72
42 48 56 57 61 73
42 48 56 57 61 71 72
42 46 57 59 75
42 46 57 59 73 74
42 46 57 58 61 75
42 46 57 58 61 73 74
42 46 56 57 61 75
42 46 56 57 61 73 74
42 46 48 57 59
42 46 48 57 58 61
42 46 48 56 57 61
42 45 62 71 77
42 45 62 71 75 76
42 45 62 69 70 77
42 45 62 69 70 75 76
42 45 60 61 71 77
42 45 60 61 71 75 76
42 45 60 61 69 70 77
42 45 60 61 69 70 75 76
42 45 59 61 62
42 45 59 60 61
42 45 50 62 71
42 45 50 62 69 70
42 45 50 60 61 71
42 45 50 60 61 69 70
42 44 59 62
42 44 59 62 77
42 44 59 62 75 76
42 44 59 62 68
42 44 59 62 67
42 44 59 62 66
42 44 59 62 66 67
42 44 59 60 61
42 44 59 60 61 77
42 44 59 60 61 75 76
42 44 59 60 61 68
42 44 59 60 61 67
42 44 59 60 61 66
42 44 59 60 61 66 67
42 44 57
42 44 57 59
42 44 50 59 62
42 44 50 59 60 61
42 44 45 62 77
42 44 45 62 75 76
42 44 45 60 61 77
42 44 45 60 61 75 76
42 44 45 50 62
42 44 45 50 60 61
42 43 59
42 43 44 62 77
42 43 44 62 75 76
42 43 44 62 71 77
42 43 44 62 71 75 76
42 43 44 62 69 70 77
42 43 44 62 69 70 75 76
42 43 44 60 61 77
42 43 44 60 61 75 76
42 43 44 60 61 71 77
42 43 44 60 61 71 75 76
42 43 44 60 61 69 70 77
42 43 44 60 61 69 70 75 76
42 43 44 59 61 62
42 43 44 59 60 61
42 43 44 50 62
42 43 44 50 62 71
42 43 44 50 62 69 70
42 43 44 50 60 61
42 43 44 50 60 61 71
42 43 44 50 60 61 69 70
41 59
41 59 67
41 59 65 66
41 59 62 69 71
41 59 62 69 70
41 59 62 67 68 71
41 59 62 67 68 69 70
41 59 60 61 69 71
41 59 60 61 69 70
41 59 60 61 67 68 71
41 59 60 61 67 68 69 70
41 44 59 62 69
41 44 59 62 67 68
41 44 59 60 61 69
41 44 59 60 61 67 68
41 42 59 62 71
41 42 59 62 69 70
41 42 59 60 61 71
41 42 59 60 61 69 70
41 42 44 59 62
41 42 44 59 60 61
40 78
40 77
40 76 77
40 75 76
40 73
40 71
40 71 72
40 69
40 69 70
40 67
40 67 68
40 66
40 65
40 64
40 64 65
40 63
40 63 68
40 61
40 59
40 59 79
40 59 78
40 59 77
40 59 77 79
40 59 76 77
40 59 75 76
40 59 75 76 79
40 59 75 76 77 78
40 59 68 79
40 59 68 77 78
40 59 67
40 59 67 77
40 59 67 77 79
40 59 67 77 78
40 59 67 75 76
40 59 67 75 76 79
40 59 67 75 76 77 78
40 59 67 68
40 59 66 67
40 59 65 77
40 59 65 75 76
40 59 65 68
40 59 65 67 77
40 59 65 67 75 76
40 59 64 65
40 59 62
40 57 77 78 79
40 57 71
40 57 69
40 57 69 79
40 57 69 77 78
40 57 69 70
40 57 68
40 57 67
40 57 67 68
40 57 67 68 79
40 57 67 68 77 78
40 57 65
40 57 65 78 79
40 57 63
40 57 63 67
40 57 60
40 57 60 79
40 57 60 78 79
40 57 60 77 78
40 57 59
40 57 59 68
40 57 58 59
40 57 58 59 79
40 57 58 59 78 79
40 57 58 59 77 78
40 56
40 56 57
40 56 57 67
40 54 59
40 54 57 77 78 79
40 54 57 65 78 79
40 54 55 57
40 54 55 57 67
40 53 57
40 53 57 79
40 53 57 77 78
40 53 57 65
40 53 57 60
40 53 57 58 59
40 53 54 57
40 53 54 57 79
40 53 54 57 77 78
40 53 54 57 65
40 52 59
40 52 59 77
40 52 59 75 76
40 52 59 68
40 52 59 67 77
40 52 59 67 75 76
40 52 57 78 79
40 52 57 69
40 52 57 67 68
40 52 57 60
40 52 57 58 59
40 52 54 57 78 79
40 52 53 59
40 52 53 57
40 52 53 57 79
40 52 53 57 78 79
40 52 53 57 77 78
40 52 53 57 77 78 79
40 52 53 57 65
40 52 53 57 65 78 79
40 52 53 54 57
40 51
40 51 57
40 51 57 78 79
40 51 53 57
40 50 59
40 50 59 79
40 50 59 77 78
40 50 59 67
40 50 59 67 79
40 50 59 67 77 78
40 50 59 65
40 50 59 65 67
40 50 52 59
40 50 52 59 67
40 50 51
40 49 50 57
40 49 50 57 78 79
40 49 50 53 57
40 48 57
40 47 59
40 46
40 46 47 57
40 45 46 59
40 44
40 44 57
40 42
40 42 59
40 42 57
40 42 57 79
40 42 57 77 78
40 42 52 57
40 41 59
39 57 67
39 57 65 66
39 40 57
38
38 67
38 66
38 61 79
38 61 77 78
38 61 65
38 59
38 59 79
38 59 77 78
38 59 68
38 59 65
38 59 65 66
38 53
38 52 61
38 52 59
38 51 52
38 50
38 40 59
37 59
37 45 55 59 71 73
37 45 55 59 71 73 77
37 45 55 59 71 73 75
37 45 55 59 71 73 75 76
37 45 55 59 71 73 74
37 45 55 59 71 72
37 45 55 59 71 72 77
37 45 55 59 71 72 75
37 45 55 59 71 72 75 76
37 45 55 59 71 72 73 74
37 45 55 59 69 70 73
37 45 55 59 69 70 73 77
37 45 55 59 69 70 73 75
37 45 55 59 69 70 73 75 76
37 45 55 59 69 70 73 74
37 45 55 59 69 70 71 72
37 45 55 59 69 70 71 72 77
37 45 55 59 69 70 71 72 75
37 45 55 59 69 70 71 72 75 76
37 45 55 59 69 70 71 72 73 74
37 45 50 55 59 71 73
37 45 50 55 59 71 72
37 45 50 55 59 69 70 73
37 45 50 55 59 69 70 71 72
37 45 48 55 59 71 73
37 45 48 55 59 71 72
37 45 48 55 59 69 70 73
37 45 48 55 59 69 70 71 72
37 45 46 55 59 71
37 45 46 55 59 71 77
37 45 46 55 59 71 75
37 45 46 55 59 71 75 76
37 45 46 55 59 71 73 74
37 45 46 55 59 69 70
37 45 46 55 59 69 70 77
37 45 46 55 59 69 70 75
37 45 46 55 59 69 70 75 76
37 45 46 55 59 69 70 73 74
37 45 46 50 55 59 71
37 45 46 50 55 59 69 70
37 45 46 48 55 59 71
37 45 46 48 55 59 69 70
37 44 45 55 59 73
37 44 45 55 59 73 77
37 44 45 55 59 73 75
37 44 45 55 59 73 75 76
37 44 45 55 59 73 74
37 44 45 55 59 71 72
37 44 45 55 59 71 72 77
37 44 45 55 59 71 72 75
37 44 45 55 59 71 72 75 76
37 44 45 55 59 71 72 73 74
37 44 45 50 55 59 73
37 44 45 50 55 59 71 72
37 44 45 48 55 59 73
37 44 45 48 55 59 71 72
37 44 45 46 55 59
37 44 45 46 55 59 77
37 44 45 46 55 59 75
37 44 45 46 55 59 75 76
37 44 45 46 55 59 73 74
37 44 45 46 50 55 59
37 44 45 46 48 55 59
37 43 44 55 59 73
37 43 44 55 59 73 77
37 43 44 55 59 73 75
37 43 44 55 59 73 75 76
37 43 44 55 59 73 74
37 43 44 55 59 71 73
37 43 44 55 59 71 73 77
37 43 44 55 59 71 73 75
37 43 44 55 59 71 73 75 76
37 43 44 55 59 71 73 74
37 43 44 55 59 69 70 73
37 43 44 55 59 69 70 73 77
37 43 44 55 59 69 70 73 75
37 43 44 55 59 69 70 73 75 76
37 43 44 55 59 69 70 73 74
37 43 44 55 59 69 70 71 72
37 43 44 55 59 69 70 71 72 77
37 43 44 55 59 69 70 71 72 75
37 43 44 55 59 69 70 71 72 75 76
37 43 44 55 59 69 70 71 72 73 74
37 43 44 50 55 59 73
37 43 44 50 55 59 71 73
37 43 44 50 55 59 69 70 73
37 43 44 50 55 59 69 70 71 72
37 43 44 48 55 59 73
37 43 44 48 55 59 71 73
37 43 44 48 55 59 69 70 73
37 43 44 48 55 59 69 70 71 72
37 43 44 46 55 59
37 43 44 46 55 59 77
37 43 44 46 55 59 75
37 43 44 46 55 59 75 76
37 43 44 46 55 59 73 74
37 43 44 46 55 59 71
37 43 44 46 55 59 71 77
37 43 44 46 55 59 71 75
37 43 44 46 55 59 71 75 76
37 43 44 46 55 59 71 73 74
37 43 44 46 55 59 69 70
37 43 44 46 55 59 69 70 77
37 43 44 46 55 59 69 70 75
37 43 44 46 55 59 69 70 75 76
37 43 44 46 55 59 69 70 73 74
37 43 44 46 50 55 59
37 43 44 46 50 55 59 71
37 43 44 46 50 55 59 69 70
37 43 44 46 48 55 59
37 43 44 46 48 55 59 71
37 43 44 46 48 55 59 69 70
37 38 57 67
37 38 57 65 66
37 38 40 57
36 37 67
36 37 65 66
36 37 59 68
36 37 59 67
36 37 59 65 66
36 37 40
36 37 40 59
35
35 59
35 59 69 71
35 59 69 71 77
35 59 69 71 75 76
35 59 69 70
35 59 69 70 77
35 59 69 70 75 76
35 59 68
35 59 68 79
35 59 68 77 78
35 59 68 69 71
35 59 68 69 70
35 59 67 79
35 59 67 77 78
35 59 67 69 71
35 59 67 69 70
35 59 67 68 71
35 59 67 68 71 77
35 59 67 68 71 75 76
35 59 67 68 69 70
35 59 67 68 69 70 77
35 59 67 68 69 70 75 76
35 59 66 69 71
35 59 66 69 70
35 59 66 67 69 71
35 59 66 67 69 70
35 59 65 68
35 59 65 67
35 59 65 66
35 59 65 66 79
35 59 65 66 77 78
35 52 59 68
35 52 59 67
35 52 59 65 66
35 50 59 69 71
35 50 59 69 70
35 50 59 67 68 71
35 50 59 67 68 69 70
35 45 69 71 77
35 45 69 71 75 76
35 45 69 70 77
35 45 69 70 75 76
35 45 67 68 71 77
35 45 67 68 71 75 76
35 45 67 68 69 70 77
35 45 67 68 69 70 75 76
35 45 59 61 69
35 45 59 61 67 68
35 45 50 69 71
35 45 50 69 70
35 45 50 67 68 71
35 45 50 67 68 69 70
35 44 59 69
35 44 59 69 77
35 44 59 69 75 76
35 44 59 68 69
35 44 59 67 69
35 44 59 67 68
35 44 59 67 68 77
35 44 59 67 68 75 76
35 44 59 66 69
35 44 59 66 67 69
35 44 50 59 69
35 44 50 59 67 68
35 44 45 69 77
35 44 45 69 75 76
35 44 45 67 68 77
35 44 45 67 68 75 76
35 44 45 50 69
35 44 45 50 67 68
35 43 44 69 77
35 43 44 69 75 76
35 43 44 69 71 77
35 43 44 69 71 75 76
35 43 44 69 70 77
35 43 44 69 70 75 76
35 43 44 67 68 77
35 43 44 67 68 75 76
35 43 44 67 68 71 77
35 43 44 67 68 71 75 76
35 43 44 67 68 69 70 77
35 43 44 67 68 69 70 75 76
35 43 44 59 61 69
35 43 44 59 61 67 68
35 43 44 50 69
35 43 44 50 69 71
35 43 44 50 69 70
35 43 44 50 67 68
35 43 44 50 67 68 71
35 43 44 50 67 68 69 70
35 42 59 71
35 42 59 71 77
35 42 59 71 75 76
35 42 59 69 70
35 42 59 69 70 77
35 42 59 69 70 75 76
35 42 59 68 71
35 42 59 68 69 70
35 42 59 67 71
35 42 59 67 69 70
35 42 59 66 71
35 42 59 66 69 70
35 42 59 66 67 71
35 42 59 66 67 69 70
35 42 50 59 71
35 42 50 59 69 70
35 42 45 71 77
35 42 45 71 75 76
35 42 45 69 70 77
35 42 45 69 70 75 76
35 42 45 59 61
35 42 45 50 71
35 42 45 50 69 70
35 42 44 59
35 42 44 59 77
35 42 44 59 75 76
35 42 44 59 68
35 42 44 59 67
35 42 44 59 66
35 42 44 59 66 67
35 42 44 50 59
35 42 44 45 77
35 42 44 45 75 76
35 42 44 45 50
35 42 43 44 77
35 42 43 44 75 76
35 42 43 44 71 77
35 42 43 44 71 75 76
35 42 43 44 69 70 77
35 42 43 44 69 70 75 76
35 42 43 44 59 61
35 42 43 44 50
35 42 43 44 50 71
35 42 43 44 50 69 70
35 41 59 69 71
35 41 59 69 70
35 41 59 67 68 71
35 41 59 67 68 69 70
35 41 44 59 69
35 41 44 59 67 68
35 41 42 59 71
35 41 42 59 69 70
35 41 42 44 59
35 40 59 79
35 40 59 77 78
35 40 59 65
35 40 52 59
34 59
34 57 65 66
34 57 65 66 67
34 57 63 65 66
34 57 63 65 66 67
34 40 57
34 40 57 67
34 40 57 63
34 40 57 63 67
33 59
33 57 67
33 57 67 79
33 57 67 78 79
33 57 67 77 78
33 57 67 77 78 79
33 57 67 71
33 57 67 69 70
33 57 65 67 78 79
33 57 65 66
33 57 65 66 79
33 57 65 66 77 78
33 57 65 66 77 78 79
33 57 65 66 67 71
33 57 65 66 67 69 70
33 56 57 65 66
33 56 57 65 66 67
33 54 55 57 65 66
33 54 55 57 65 66 67
33 53 57 67 79
33 53 57 67 77 78
33 53 57 65 67
33 53 57 65 66
33 53 57 65 66 79
33 53 57 65 66 77 78
33 52 57 67
33 52 57 67 78 79
33 52 57 65 66
33 52 57 65 66 78 79
33 52 53 57 67
33 52 53 57 65 66
33 44 57 67
33 44 57 65 66 67
33 40 57
33 40 57 79
33 40 57 78 79
33 40 57 77 78
33 40 57 77 78 79
33 40 57 67 71
33 40 57 67 69 70
33 40 57 65 78 79
33 40 56 57
33 40 56 57 67
33 40 54 55 57
33 40 54 55 57 67
33 40 53 57 79
33 40 53 57 77 78
33 40 53 57 65
33 40 52 57
33 40 52 57 78 79
33 40 52 53 57
33 40 44 57 67
33 34
33 34 59
31 67
31 65 66
31 57 67
31 57 65 67
31 57 61 69 73 75
31 57 61 69 73 74
31 57 61 69 71 72 75
31 57 61 69 71 72 73 74
31 57 61 67 68 73 75
31 57 61 67 68 73 74
31 57 61 67 68 71 72 75
31 57 61 67 68 71 72 73 74
31 48 57 61 69 73
31 48 57 61 69 71 72
31 48 57 61 67 68 73
31 48 57 61 67 68 71 72
31 46 57 61 69 75
31 46 57 61 69 73 74
31 46 57 61 67 68 75
31 46 57 61 67 68 73 74
31 46 48 57 61 69
31 46 48 57 61 67 68
31 42 57 61 73 75
31 42 57 61 73 74
31 42 57 61 71 72 75
31 42 57 61 71 72 73 74
31 42 48 57 61 73
31 42 48 57 61 71 72
31 42 46 57 61 75
31 42 46 57 61 73 74
31 42 46 48 57 61
31 40
31 40 57
31 40 57 65
29
29 67
29 65 66
29 57 65 66
29 57 65 66 67
29 40
29 40 57
29 40 57 67
29 33 57 65 66
29 33 57 65 66 67
29 33 40 57
29 33 40 57 67
28
28 67
28 65 66
28 59 62 69 71
28 59 62 69 71 77
28 59 62 69 71 75 76
28 59 62 69 70
28 59 62 69 70 77
28 59 62 69 70 75 76
28 59 62 68 69 71
28 59 62 68 69 70
28 59 62 67 69 71
28 59 62 67 69 70
28 59 62 67 68 71
28 59 62 67 68 71 77
28 59 62 67 68 71 75 76
28 59 62 67 68 69 70
28 59 62 67 68 69 70 77
28 59 62 67 68 69 70 75 76
28 59 62 66 69 71
28 59 62 66 69 70
28 59 62 66 67 69 71
28 59 62 66 67 69 70
28 59 60 61 69 71
28 59 60 61 69 71 77
28 59 60 61 69 71 75 76
28 59 60 61 69 70
28 59 60 61 69 70 77
28 59 60 61 69 70 75 76
28 59 60 61 68 69 71
28 59 60 61 68 69 70
28 59 60 61 67 69 71
28 59 60 61 67 69 70
28 59 60 61 67 68 71
28 59 60 61 67 68 71 77
28 59 60 61 67 68 71 75 76
28 59 60 61 67 68 69 70
28 59 60 61 67 68 69 70 77
28 59 60 61 67 68 69 70 75 76
28 59 60 61 66 69 71
28 59 60 61 66 69 70
28 59 60 61 66 67 69 71
28 59 60 61 66 67 69 70
28 50 59 62 69 71
28 50 59 62 69 70
28 50 59 62 67 68 71
28 50 59 62 67 68 69 70
28 50 59 60 61 69 71
28 50 59 60 61 69 70
28 50 59 60 61 67 68 71
28 50 59 60 61 67 68 69 70
28 45 62 69 71 77
28 45 62 69 71 75 76
28 45 62 69 70 77
28 45 62 69 70 75 76
28 45 62 67 68 71 77
28 45 62 67 68 71 75 76
28 45 62 67 68 69 70 77
28 45 62 67 68 69 70 75 76
28 45 60 61 69 71 77
28 45 60 61 69 71 75 76
28 45 60 61 69 70 77
28 45 60 61 69 70 75 76
28 45 60 61 67 68 71 77
28 45 60 61 67 68 71 75 76
28 45 60 61 67 68 69 70 77
28 45 60 61 67 68 69 70 75 76
28 45 59 61 62 69
28 45 59 61 62 67 68
28 45 59 60 61 69
28 45 59 60 61 67 68
28 45 50 62 69 71
28 45 50 62 69 70
28 45 50 62 67 68 71
28 45 50 62 67 68 69 70
28 45 50 60 61 69 71
28 45 50 60 61 69 70
28 45 50 60 61 67 68 71
28 45 50 60 61 67 68 69 70
28 44 59 62 69
28 44 59 62 69 77
28 44 59 62 69 75 76
28 44 59 62 68 69
28 44 59 62 67 69
28 44 59 62 67 68
28 44 59 62 67 68 77
28 44 59 62 67 68 75 76
28 44 59 62 66 69
28 44 59 62 66 67 69
28 44 59 60 61 69
28 44 59 60 61 69 77
28 44 59 60 61 69 75 76
28 44 59 60 61 68 69
28 44 59 60 61 67 69
28 44 59 60 61 67 68
28 44 59 60 61 67 68 77
28 44 59 60 61 67 68 75 76
28 44 59 60 61 66 69
28 44 59 60 61 66 67 69
28 44 50 59 62 69
28 44 50 59 62 67 68
28 44 50 59 60 61 69
28 44 50 59 60 61 67 68
28 44 45 62 69 77
28 44 45 62 69 75 76
28 44 45 62 67 68 77
28 44 45 62 67 68 75 76
28 44 45 60 61 69 77
28 44 45 60 61 69 75 76
28 44 45 60 61 67 68 77
28 44 45 60 61 67 68 75 76
28 44 45 50 62 69
28 44 45 50 62 67 68
28 44 45 50 60 61 69
28 44 45 50 60 61 67 68
28 43 44 62 69 77
28 43 44 62 69 75 76
28 43 44 62 69 71 77
28 43 44 62 69 71 75 76
28 43 44 62 69 70 77
28 43 44 62 69 70 75 76
28 43 44 62 67 68 77
28 43 44 62 67 68 75 76
28 43 44 62 67 68 71 77
28 43 44 62 67 68 71 75 76
28 43 44 62 67 68 69 70 77
28 43 44 62 67 68 69 70 75 76
28 43 44 60 61 69 77
28 43 44 60 61 69 75 76
28 43 44 60 61 69 71 77
28 43 44 60 61 69 71 75 76
28 43 44 60 61 69 70 77
28 43 44 60 61 69 70 75 76
28 43 44 60 61 67 68 77
28 43 44 60 61 67 68 75 76
28 43 44 60 61 67 68 71 77
28 43 44 60 61 67 68 71 75 76
28 43 44 60 61 67 68 69 70 77
28 43 44 60 61 67 68 69 70 75 76
28 43 44 59 61 62 69
28 43 44 59 61 62 67 68
28 43 44 59 60 61 69
28 43 44 59 60 61 67 68
28 43 44 50 62 69
28 43 44 50 62 69 71
28 43 44 50 62 69 70
28 43 44 50 62 67 68
28 43 44 50 62 67 68 71
28 43 44 50 62 67 68 69 70
28 43 44 50 60 61 69
28 43 44 50 60 61 69 71
28 43 44 50 60 61 69 70
28 43 44 50 60 61 67 68
28 43 44 50 60 61 67 68 71
28 43 44 50 60 61 67 68 69 70
28 42 59 62 71
28 42 59 62 71 77
28 42 59 62 71 75 76
28 42 59 62 69 70
28 42 59 62 69 70 77
28 42 59 62 69 70 75 76
28 42 59 62 68 71
28 42 59 62 68 69 70
28 42 59 62 67 71
28 42 59 62 67 69 70
28 42 59 62 66 71
28 42 59 62 66 69 70
28 42 59 62 66 67 71
28 42 59 62 66 67 69 70
28 42 59 60 61 71
28 42 59 60 61 71 77
28 42 59 60 61 71 75 76
28 42 59 60 61 69 70
28 42 59 60 61 69 70 77
28 42 59 60 61 69 70 75 76
28 42 59 60 61 68 71
28 42 59 60 61 68 69 70
28 42 59 60 61 67 71
28 42 59 60 61 67 69 70
28 42 59 60 61 66 71
28 42 59 60 61 66 69 70
28 42 59 60 61 66 67 71
28 42 59 60 61 66 67 69 70
28 42 50 59 62 71
28 42 50 59 62 69 70
28 42 50 59 60 61 71
28 42 50 59 60 61 69 70
28 42 45 62 71 77
28 42 45 62 71 75 76
28 42 45 62 69 70 77
28 42 45 62 69 70 75 76
28 42 45 60 61 71 77
28 42 45 60 61 71 75 76
28 42 45 60 61 69 70 77
28 42 45 60 61 69 70 75 76
28 42 45 59 61 62
28 42 45 59 60 61
28 42 45 50 62 71
28 42 45 50 62 69 70
28 42 45 50 60 61 71
28 42 45 50 60 61 69 70
28 42 44 59 62
28 42 44 59 62 77
28 42 44 59 62 75 76
28 42 44 59 62 68
28 42 44 59 62 67
28 42 44 59 62 66
28 42 44 59 62 66 67
28 42 44 59 60 61
28 42 44 59 60 61 77
28 42 44 59 60 61 75 76
28 42 44 59 60 61 68
28 42 44 59 60 61 67
28 42 44 59 60 61 66
28 42 44 59 60 61 66 67
28 42 44 50 59 62
28 42 44 50 59 60 61
28 42 44 45 62 77
28 42 44 45 62 75 76
28 42 44 45 60 61 77
28 42 44 45 60 61 75 76
28 42 44 45 50 62
28 42 44 45 50 60 61
28 42 43 44 62 77
28 42 43 44 62 75 76
28 42 43 44 62 71 77
28 42 43 44 62 71 75 76
28 42 43 44 62 69 70 77
28 42 43 44 62 69 70 75 76
28 42 43 44 60 61 77
28 42 43 44 60 61 75 76
28 42 43 44 60 61 71 77
28 42 43 44 60 61 71 75 76
28 42 43 44 60 61 69 70 77
28 42 43 44 60 61 69 70 75 76
28 42 43 44 59 61 62
28 42 43 44 59 60 61
28 42 43 44 50 62
28 42 43 44 50 62 71
28 42 43 44 50 62 69 70
28 42 43 44 50 60 61
28 42 43 44 50 60 61 71
28 42 43 44 50 60 61 69 70
28 41 59 62 69 71
28 41 59 62 69 70
28 41 59 62 67 68 71
28 41 59 62 67 68 69 70
28 41 59 60 61 69 71
28 41 59 60 61 69 70
28 41 59 60 61 67 68 71
28 41 59 60 61 67 68 69 70
28 41 44 59 62 69
28 41 44 59 62 67 68
28 41 44 59 60 61 69
28 41 44 59 60 61 67 68
28 41 42 59 62 71
28 41 42 59 62 69 70
28 41 42 59 60 61 71
28 41 42 59 60 61 69 70
28 41 42 44 59 62
28 41 42 44 59 60 61
28 40
28 35 59 69 71
28 35 59 69 71 77
28 35 59 69 71 75 76
28 35 59 69 70
28 35 59 69 70 77
28 35 59 69 70 75 76
28 35 59 68 69 71
28 35 59 68 69 70
28 35 59 67 69 71
28 35 59 67 69 70
28 35 59 67 68 71
28 35 59 67 68 71 77
28 35 59 67 68 71 75 76
28 35 59 67 68 69 70
28 35 59 67 68 69 70 77
28 35 59 67 68 69 70 75 76
28 35 59 66 69 71
28 35 59 66 69 70
28 35 59 66 67 69 71
28 35 59 66 67 69 70
28 35 50 59 69 71
28 35 50 59 69 70
28 35 50 59 67 68 71
28 35 50 59 67 68 69 70
28 35 45 69 71 77
28 35 45 69 71 75 76
28 35 45 69 70 77
28 35 45 69 70 75 76
28 35 45 67 68 71 77
28 35 45 67 68 71 75 76
28 35 45 67 68 69 70 77
28 35 45 67 68 69 70 75 76
28 35 45 59 61 69
28 35 45 59 61 67 68
28 35 45 50 69 71
28 35 45 50 69 70
28 35 45 50 67 68 71
28 35 45 50 67 68 69 70
28 35 44 59 69
28 35 44 59 69 77
28 35 44 59 69 75 76
28 35 44 59 68 69
28 35 44 59 67 69
28 35 44 59 67 68
28 35 44 59 67 68 77
28 35 44 59 67 68 75 76
28 35 44 59 66 69
28 35 44 59 66 67 69
28 35 44 50 59 69
28 35 44 50 59 67 68
28 35 44 45 69 77
28 35 44 45 69 75 76
28 35 44 45 67 68 77
28 35 44 45 67 68 75 76
28 35 44 45 50 69
28 35 44 45 50 67 68
28 35 43 44 69 77
28 35 43 44 69 75 76
28 35 43 44 69 71 77
28 35 43 44 69 71 75 76
28 35 43 44 69 70 77
28 35 43 44 69 70 75 76
28 35 43 44 67 68 77
28 35 43 44 67 68 75 76
28 35 43 44 67 68 71 77
28 35 43 44 67 68 71 75 76
28 35 43 44 67 68 69 70 77
28 35 43 44 67 68 69 70 75 76
28 35 43 44 59 61 69
28 35 43 44 59 61 67 68
28 35 43 44 50 69
28 35 43 44 50 69 71
28 35 43 44 50 69 70
28 35 43 44 50 67 68
28 35 43 44 50 67 68 71
28 35 43 44 50 67 68 69 70
28 35 42 59 71
28 35 42 59 71 77
28 35 42 59 71 75 76
28 35 42 59 69 70
28 35 42 59 69 70 77
28 35 42 59 69 70 75 76
28 35 42 59 68 71
28 35 42 59 68 69 70
28 35 42 59 67 71
28 35 42 59 67 69 70
28 35 42 59 66 71
28 35 42 59 66 69 70
28 35 42 59 66 67 71
28 35 42 59 66 67 69 70
28 35 42 50 59 71
28 35 42 50 59 69 70
28 35 42 45 71 77
28 35 42 45 71 75 76
28 35 42 45 69 70 77
28 35 42 45 69 70 75 76
28 35 42 45 59 61
28 35 42 45 50 71
28 35 42 45 50 69 70
28 35 42 44 59
28 35 42 44 59 77
28 35 42 44 59 75 76
28 35 42 44 59 68
28 35 42 44 59 67
28 35 42 44 59 66
28 35 42 44 59 66 67
28 35 42 44 50 59
28 35 42 44 45 77
28 35 42 44 45 75 76
28 35 42 44 45 50
28 35 42 43 44 77
28 35 42 43 44 75 76
28 35 42 43 44 71 77
28 35 42 43 44 71 75 76
28 35 42 43 44 69 70 77
28 35 42 43 44 69 70 75 76
28 35 42 43 44 59 61
28 35 42 43 44 50
28 35 42 43 44 50 71
28 35 42 43 44 50 69 70
28 35 41 59 69 71
28 35 41 59 69 70
28 35 41 59 67 68 71
28 35 41 59 67 68 69 70
28 35 41 44 59 69
28 35 41 44 59 67 68
28 35 41 42 59 71
28 35 41 42 59 69 70
28 35 41 42 44 59
27 59 67
27 59 65 66
27 57 67 77 78 79
27 57 65 67 78 79
27 57 65 66 78 79
27 57 65 66 77 78 79
27 53 57 67
27 53 57 67 79
27 53 57 67 77 78
27 53 57 65 67
27 53 57 65 66 79
27 53 57 65 66 77 78
27 52 57 67 78 79
27 52 57 65 66 78 79
27 52 53 57 67
27 52 53 57 65 66
27 40 59
27 40 57 77 78 79
27 40 57 65 78 79
27 40 53 57
27 40 53 57 79
27 40 53 57 77 78
27 40 53 57 65
27 40 52 57 78 79
27 40 52 53 57
27 28
27 28 67
27 28 65 66
27 28 40
26 65
26 63 64
26 38
26 27
26 27 67
26 27 65 66
26 27 59 62 69 71
26 27 59 62 69 71 77
26 27 59 62 69 71 75 76
26 27 59 62 69 70
26 27 59 62 69 70 77
26 27 59 62 69 70 75 76
26 27 59 62 68 69 71
26 27 59 62 68 69 70
26 27 59 62 67 69 71
26 27 59 62 67 69 70
26 27 59 62 67 68 71
26 27 59 62 67 68 71 77
26 27 59 62 67 68 71 75 76
26 27 59 62 67 68 69 70
26 27 59 62 67 68 69 70 77
26 27 59 62 67 68 69 70 75 76
26 27 59 62 66 69 71
26 27 59 62 66 69 70
26 27 59 62 66 67 69 71
26 27 59 62 66 67 69 70
26 27 59 60 61 69 71
26 27 59 60 61 69 71 77
26 27 59 60 61 69 71 75 76
26 27 59 60 61 69 70
26 27 59 60 61 69 70 77
26 27 59 60 61 69 70 75 76
26 27 59 60 61 68 69 71
26 27 59 60 61 68 69 70
26 27 59 60 61 67 69 71
26 27 59 60 61 67 69 70
26 27 59 60 61 67 68 71
26 27 59 60 61 67 68 71 77
26 27 59 60 61 67 68 71 75 76
26 27 59 60 61 67 68 69 70
26 27 59 60 61 67 68 69 70 77
26 27 59 60 61 67 68 69 70 75 76
26 27 59 60 61 66 69 71
26 27 59 60 61 66 69 70
26 27 59 60 61 66 67 69 71
26 27 59 60 61 66 67 69 70
26 27 50 59 62 69 71
26 27 50 59 62 69 70
26 27 50 59 62 67 68 71
26 27 50 59 62 67 68 69 70
26 27 50 59 60 61 69 71
26 27 50 59 60 61 69 70
26 27 50 59 60 61 67 68 71
26 27 50 59 60 61 67 68 69 70
26 27 45 62 69 71 77
26 27 45 62 69 71 75 76
26 27 45 62 69 70 77
26 27 45 62 69 70 75 76
26 27 45 62 67 68 71 77
26 27 45 62 67 68 71 75 76
26 27 45 62 67 68 69 70 77
26 27 45 62 67 68 69 70 75 76
26 27 45 60 61 69 71 77
26 27 45 60 61 69 71 75 76
26 27 45 60 61 69 70 77
26 27 45 60 61 69 70 75 76
26 27 45 60 61 67 68 71 77
26 27 45 60 61 67 68 71 75 76
26 27 45 60 61 67 68 69 70 77
26 27 45 60 61 67 68 69 70 75 76
26 27 45 59 61 62 69
26 27 45 59 61 62 67 68
26 27 45 59 60 61 69
26 27 45 59 60 61 67 68
26 27 45 50 62 69 71
26 27 45 50 62 69 70
26 27 45 50 62 67 68 71
26 27 45 50 62 67 68 69 70
26 27 45 50 60 61 69 71
26 27 45 50 60 61 69 70
26 27 45 50 60 61 67 68 71
26 27 45 50 60 61 67 68 69 70
26 27 44 59 62 69
26 27 44 59 62 69 77
26 27 44 59 62 69 75 76
26 27 44 59 62 68 69
26 27 44 59 62 67 69
26 27 44 59 62 67 68
26 27 44 59 62 67 68 77
26 27 44 59 62 67 68 75 76
26 27 44 59 62 66 69
26 27 44 59 62 66 67 69
26 27 44 59 60 61 69
26 27 44 59 60 61 69 77
26 27 44 59 60 61 69 75 76
26 27 44 59 60 61 68 69
26 27 44 59 60 61 67 69
26 27 44 59 60 61 67 68
26 27 44 59 60 61 67 68 77
26 27 44 59 60 61 67 68 75 76
26 27 44 59 60 61 66 69
26 27 44 59 60 61 66 67 69
26 27 44 50 59 62 69
26 27 44 50 59 62 67 68
26 27 44 50 59 60 61 69
26 27 44 50 59 60 61 67 68
26 27 44 45 62 69 77
26 27 44 45 62 69 75 76
26 27 44 45 62 67 68 77
26 27 44 45 62 67 68 75 76
26 27 44 45 60 61 69 77
26 27 44 45 60 61 69 75 76
26 27 44 45 60 61 67 68 77
26 27 44 45 60 61 67 68 75 76
26 27 44 45 50 62 69
26 27 44 45 50 62 67 68
26 27 44 45 50 60 61 69
26 27 44 45 50 60 61 67 68
26 27 43 44 62 69 77
26 27 43 44 62 69 75 76
26 27 43 44 62 69 71 77
26 27 43 44 62 69 71 75 76
26 27 43 44 62 69 70 77
26 27 43 44 62 69 70 75 76
26 27 43 44 62 67 68 77
26 27 43 44 62 67 68 75 76
26 27 43 44 62 67 68 71 77
26 27 43 44 62 67 68 71 75 76
26 27 43 44 62 67 68 69 70 77
26 27 43 44 62 67 68 69 70 75 76
26 27 43 44 60 61 69 77
26 27 43 44 60 61 69 75 76
26 27 43 44 60 61 69 71 77
26 27 43 44 60 61 69 71 75 76
26 27 43 44 60 61 69 70 77
26 27 43 44 60 61 69 70 75 76
26 27 43 44 60 61 67 68 77
26 27 43 44 60 61 67 68 75 76
26 27 43 44 60 61 67 68 71 77
26 27 43 44 60 61 67 68 71 75 76
26 27 43 44 60 61 67 68 69 70 77
26 27 43 44 60 61 67 68 69 70 75 76
26 27 43 44 59 61 62 69
26 27 43 44 59 61 62 67 68
26 27 43 44 59 60 61 69
26 27 43 44 59 60 61 67 68
26 27 43 44 50 62 69
26 27 43 44 50 62 69 71
26 27 43 44 50 62 69 70
26 27 43 44 50 62 67 68
26 27 43 44 50 62 67 68 71
26 27 43 44 50 62 67 68 69 70
26 27 43 44 50 60 61 69
26 27 43 44 50 60 61 69 71
26 27 43 44 50 60 61 69 70
26 27 43 44 50 60 61 67 68
26 27 43 44 50 60 61 67 68 71
26 27 43 44 50 60 61 67 68 69 70
26 27 42 59 62 71
26 27 42 59 62 71 77
26 27 42 59 62 71 75 76
26 27 42 59 62 69 70
26 27 42 59 62 69 70 77
26 27 42 59 62 69 70 75 76
26 27 42 59 62 68 71
26 27 42 59 62 68 69 70
26 27 42 59 62 67 71
26 27 42 59 62 67 69 70
26 27 42 59 62 66 71
26 27 42 59 62 66 69 70
26 27 42 59 62 66 67 71
26 27 42 59 62 66 67 69 70
26 27 42 59 60 61 71
26 27 42 59 60 61 71 77
26 27 42 59 60 61 71 75 76
26 27 42 59 60 61 69 70
26 27 42 59 60 61 69 70 77
26 27 42 59 60 61 69 70 75 76
26 27 42 59 60 61 68 71
26 27 42 59 60 61 68 69 70
26 27 42 59 60 61 67 71
26 27 42 59 60 61 67 69 70
26 27 42 59 60 61 66 71
26 27 42 59 60 61 66 69 70
26 27 42 59 60 61 66 67 71
26 27 42 59 60 61 66 67 69 70
26 27 42 50 59 62 71
26 27 42 50 59 62 69 70
26 27 42 50 59 60 61 71
26 27 42 50 59 60 61 69 70
26 27 42 45 62 71 77
26 27 42 45 62 71 75 76
26 27 42 45 62 69 70 77
26 27 42 45 62 69 70 75 76
26 27 42 45 60 61 71 77
26 27 42 45 60 61 71 75 76
26 27 42 45 60 61 69 70 77
26 27 42 45 60 61 69 70 75 76
26 27 42 45 59 61 62
26 27 42 45 59 60 61
26 27 42 45 50 62 71
26 27 42 45 50 62 69 70
26 27 42 45 50 60 61 71
26 27 42 45 50 60 61 69 70
26 27 42 44 59 62
26 27 42 44 59 62 77
26 27 42 44 59 62 75 76
26 27 42 44 59 62 68
26 27 42 44 59 62 67
26 27 42 44 59 62 66
26 27 42 44 59 62 66 67
26 27 42 44 59 60 61
26 27 42 44 59 60 61 77
26 27 42 44 59 60 61 75 76
26 27 42 44 59 60 61 68
26 27 42 44 59 60 61 67
26 27 42 44 59 60 61 66
26 27 42 44 59 60 61 66 67
26 27 42 44 50 59 62
26 27 42 44 50 59 60 61
26 27 42 44 45 62 77
26 27 42 44 45 62 75 76
26 27 42 44 45 60 61 77
26 27 42 44 45 60 61 75 76
26 27 42 44 45 50 62
26 27 42 44 45 50 60 61
26 27 42 43 44 62 77
26 27 42 43 44 62 75 76
26 27 42 43 44 62 71 77
26 27 42 43 44 62 71 75 76
26 27 42 43 44 62 69 70 77
26 27 42 43 44 62 69 70 75 76
26 27 42 43 44 60 61 77
26 27 42 43 44 60 61 75 76
26 27 42 43 44 60 61 71 77
26 27 42 43 44 60 61 71 75 76
26 27 42 43 44 60 61 69 70 77
26 27 42 43 44 60 61 69 70 75 76
26 27 42 43 44 59 61 62
26 27 42 43 44 59 60 61
26 27 42 43 44 50 62
26 27 42 43 44 50 62 71
26 27 42 43 44 50 62 69 70
26 27 42 43 44 50 60 61
26 27 42 43 44 50 60 61 71
26 27 42 43 44 50 60 61 69 70
26 27 41 59 62 69 71
26 27 41 59 62 69 70
26 27 41 59 62 67 68 71
26 27 41 59 62 67 68 69 70
26 27 41 59 60 61 69 71
26 27 41 59 60 61 69 70
26 27 41 59 60 61 67 68 71
26 27 41 59 60 61 67 68 69 70
26 27 41 44 59 62 69
26 27 41 44 59 62 67 68
26 27 41 44 59 60 61 69
26 27 41 44 59 60 61 67 68
26 27 41 42 59 62 71
26 27 41 42 59 62 69 70
26 27 41 42 59 60 61 71
26 27 41 42 59 60 61 69 70
26 27 41 42 44 59 62
26 27 41 42 44 59 60 61
26 27 40
26 27 35 59 69 71
26 27 35 59 69 71 77
26 27 35 59 69 71 75 76
26 27 35 59 69 70
26 27 35 59 69 70 77
26 27 35 59 69 70 75 76
26 27 35 59 68 69 71
26 27 35 59 68 69 70
26 27 35 59 67 69 71
26 27 35 59 67 69 70
26 27 35 59 67 68 71
26 27 35 59 67 68 71 77
26 27 35 59 67 68 71 75 76
26 27 35 59 67 68 69 70
26 27 35 59 67 68 69 70 77
26 27 35 59 67 68 69 70 75 76
26 27 35 59 66 69 71
26 27 35 59 66 69 70
26 27 35 59 66 67 69 71
26 27 35 59 66 67 69 70
26 27 35 50 59 69 71
26 27 35 50 59 69 70
26 27 35 50 59 67 68 71
26 27 35 50 59 67 68 69 70
26 27 35 45 69 71 77
26 27 35 45 69 71 75 76
26 27 35 45 69 70 77
26 27 35 45 69 70 75 76
26 27 35 45 67 68 71 77
26 27 35 45 67 68 71 75 76
26 27 35 45 67 68 69 70 77
26 27 35 45 67 68 69 70 75 76
26 27 35 45 59 61 69
26 27 35 45 59 61 67 68
26 27 35 45 50 69 71
26 27 35 45 50 69 70
26 27 35 45 50 67 68 71
26 27 35 45 50 67 68 69 70
26 27 35 44 59 69
26 27 35 44 59 69 77
26 27 35 44 59 69 75 76
26 27 35 44 59 68 69
26 27 35 44 59 67 69
26 27 35 44 59 67 68
26 27 35 44 59 67 68 77
26 27 35 44 59 67 68 75 76
26 27 35 44 59 66 69
26 27 35 44 59 66 67 69
26 27 35 44 50 59 69
26 27 35 44 50 59 67 68
26 27 35 44 45 69 77
26 27 35 44 45 69 75 76
26 27 35 44 45 67 68 77
26 27 35 44 45 67 68 75 76
26 27 35 44 45 50 69
26 27 35 44 45 50 67 68
26 27 35 43 44 69 77
26 27 35 43 44 69 75 76
26 27 35 43 44 69 71 77
26 27 35 43 44 69 71 75 76
26 27 35 43 44 69 70 77
26 27 35 43 44 69 70 75 76
26 27 35 43 44 67 68 77
26 27 35 43 44 67 68 75 76
26 27 35 43 44 67 68 71 77
26 27 35 43 44 67 68 71 75 76
26 27 35 43 44 67 68 69 70 77
26 27 35 43 44 67 68 69 70 75 76
26 27 35 43 44 59 61 69
26 27 35 43 44 59 61 67 68
26 27 35 43 44 50 69
26 27 35 43 44 50 69 71
26 27 35 43 44 50 69 70
26 27 35 43 44 50 67 68
26 27 35 43 44 50 67 68 71
26 27 35 43 44 50 67 68 69 70
26 27 35 42 59 71
26 27 35 42 59 71 77
26 27 35 42 59 71 75 76
26 27 35 42 59 69 70
26 27 35 42 59 69 70 77
26 27 35 42 59 69 70 75 76
26 27 35 42 59 68 71
26 27 35 42 59 68 69 70
26 27 35 42 59 67 71
26 27 35 42 59 67 69 70
26 27 35 42 59 66 71
26 27 35 42 59 66 69 70
26 27 35 42 59 66 67 71
26 27 35 42 59 66 67 69 70
26 27 35 42 50 59 71
26 27 35 42 50 59 69 70
26 27 35 42 45 71 77
26 27 35 42 45 71 75 76
26 27 35 42 45 69 70 77
26 27 35 42 45 69 70 75 76
26 27 35 42 45 59 61
26 27 35 42 45 50 71
26 27 35 42 45 50 69 70
26 27 35 42 44 59
26 27 35 42 44 59 77
26 27 35 42 44 59 75 76
26 27 35 42 44 59 68
26 27 35 42 44 59 67
26 27 35 42 44 59 66
26 27 35 42 44 59 66 67
26 27 35 42 44 50 59
26 27 35 42 44 45 77
26 27 35 42 44 45 75 76
26 27 35 42 44 45 50
26 27 35 42 43 44 77
26 27 35 42 43 44 75 76
26 27 35 42 43 44 71 77
26 27 35 42 43 44 71 75 76
26 27 35 42 43 44 69 70 77
26 27 35 42 43 44 69 70 75 76
26 27 35 42 43 44 59 61
26 27 35 42 43 44 50
26 27 35 42 43 44 50 71
26 27 35 42 43 44 50 69 70
26 27 35 41 59 69 71
26 27 35 41 59 69 70
26 27 35 41 59 67 68 71
26 27 35 41 59 67 68 69 70
26 27 35 41 44 59 69
26 27 35 41 44 59 67 68
26 27 35 41 42 59 71
26 27 35 41 42 59 69 70
26 27 35 41 42 44 59
25 67
25 65 66
25 40
24
24 67 68
24 65 66 68
24 59 68
24 59 67
24 59 65 66
24 57 67
24 57 67 78 79
24 57 65 66
24 57 65 66 78 79
24 53 57 67
24 53 57 65 66
24 40 68
24 40 59
24 40 57
24 40 57 78 79
24 40 53 57
23
23 67
23 65
23 65 67
23 65 66
23 63 64
23 63 64 67
23 59
23 57 67 69
23 57 67 69 79
23 57 67 69 77 78
23 57 67 68
23 57 67 68 79
23 57 67 68 77 78
23 57 65 66 69
23 57 65 66 69 79
23 57 65 66 69 77 78
23 57 65 66 67 68
23 57 65 66 67 68 79
23 57 65 66 67 68 77 78
23 52 57 67 69
23 52 57 67 68
23 52 57 65 66 69
23 52 57 65 66 67 68
23 49
23 47 48
23 42 57 67
23 42 57 67 79
23 42 57 67 77 78
23 42 57 65 66
23 42 57 65 66 79
23 42 57 65 66 77 78
23 42 52 57 67
23 42 52 57 65 66
23 40
23 40 57 69
23 40 57 69 79
23 40 57 69 77 78
23 40 57 67 68
23 40 57 67 68 79
23 40 57 67 68 77 78
23 40 52 57 69
23 40 52 57 67 68
23 40 42 57
23 40 42 57 79
23 40 42 57 77 78
23 40 42 52 57
23 38
23 38 67
22
22 59 68
22 48
22 46 47
22 23
21
21 57 67
21 57 65 66
21 49
21 47 48
21 40 57
21 22
20
20 59 68
19
19 59 67
19 59 65 66
19 40 59
18 67
18 65 66
18 62 69 71 77
18 62 69 71 75 76
18 62 69 70 77
18 62 69 70 75 76
18 62 67 68 71 77
18 62 67 68 71 75 76
18 62 67 68 69 70 77
18 62 67 68 69 70 75 76
18 60 61 69 71 77
18 60 61 69 71 75 76
18 60 61 69 70 77
18 60 61 69 70 75 76
18 60 61 67 68 71 77
18 60 61 67 68 71 75 76
18 60 61 67 68 69 70 77
18 60 61 67 68 69 70 75 76
18 59 61 62 69
18 59 61 62 67 68
18 59 60 61 69
18 59 60 61 67 68
18 57 67
18 57 65 66
18 55 59 64 71 73
18 55 59 64 71 73 77
18 55 59 64 71 73 75
18 55 59 64 71 73 75 76
18 55 59 64 71 73 74
18 55 59 64 71 72
18 55 59 64 71 72 77
18 55 59 64 71 72 75
18 55 59 64 71 72 75 76
18 55 59 64 71 72 73 74
18 55 59 64 69 70 73
18 55 59 64 69 70 73 77
18 55 59 64 69 70 73 75
18 55 59 64 69 70 73 75 76
18 55 59 64 69 70 73 74
18 55 59 64 69 70 71 72
18 55 59 64 69 70 71 72 77
18 55 59 64 69 70 71 72 75
18 55 59 64 69 70 71 72 75 76
18 55 59 64 69 70 71 72 73 74
18 55 59 62 63 71 73
18 55 59 62 63 71 73 77
18 55 59 62 63 71 73 75
18 55 59 62 63 71 73 75 76
18 55 59 62 63 71 73 74
18 55 59 62 63 71 72
18 55 59 62 63 71 72 77
18 55 59 62 63 71 72 75
18 55 59 62 63 71 72 75 76
18 55 59 62 63 71 72 73 74
18 55 59 62 63 69 70 73
18 55 59 62 63 69 70 73 77
18 55 59 62 63 69 70 73 75
18 55 59 62 63 69 70 73 75 76
18 55 59 62 63 69 70 73 74
18 55 59 62 63 69 70 71 72
18 55 59 62 63 69 70 71 72 77
18 55 59 62 63 69 70 71 72 75
18 55 59 62 63 69 70 71 72 75 76
18 55 59 62 63 69 70 71 72 73 74
18 50 62 69 71
18 50 62 69 70
18 50 62 67 68 71
18 50 62 67 68 69 70
18 50 60 61 69 71
18 50 60 61 69 70
18 50 60 61 67 68 71
18 50 60 61 67 68 69 70
18 50 55 59 64 71 73
18 50 55 59 64 71 72
18 50 55 59 64 69 70 73
18 50 55 59 64 69 70 71 72
18 50 55 59 62 63 71 73
18 50 55 59 62 63 71 72
18 50 55 59 62 63 69 70 73
18 50 55 59 62 63 69 70 71 72
18 48 55 59 64 71 73
18 48 55 59 64 71 72
18 48 55 59 64 69 70 73
18 48 55 59 64 69 70 71 72
18 48 55 59 62 63 71 73
18 48 55 59 62 63 71 72
18 48 55 59 62 63 69 70 73
18 48 55 59 62 63 69 70 71 72
18 46 55 59 64 71
18 46 55 59 64 71 77
18 46 55 59 64 71 75
18 46 55 59 64 71 75 76
18 46 55 59 64 71 73 74
18 46 55 59 64 69 70
18 46 55 59 64 69 70 77
18 46 55 59 64 69 70 75
18 46 55 59 64 69 70 75 76
18 46 55 59 64 69 70 73 74
18 46 55 59 62 63 71
18 46 55 59 62 63 71 77
18 46 55 59 62 63 71 75
18 46 55 59 62 63 71 75 76
18 46 55 59 62 63 71 73 74
18 46 55 59 62 63 69 70
18 46 55 59 62 63 69 70 77
18 46 55 59 62 63 69 70 75
18 46 55 59 62 63 69 70 75 76
18 46 55 59 62 63 69 70 73 74
18 46 50 55 59 64 71
18 46 50 55 59 64 69 70
18 46 50 55 59 62 63 71
18 46 50 55 59 62 63 69 70
18 46 48 55 59 64 71
18 46 48 55 59 64 69 70
18 46 48 55 59 62 63 71
18 46 48 55 59 62 63 69 70
18 44 62 69 77
18 44 62 69 75 76
18 44 62 67 68 77
18 44 62 67 68 75 76
18 44 60 61 69 77
18 44 60 61 69 75 76
18 44 60 61 67 68 77
18 44 60 61 67 68 75 76
18 44 55 59 64 73
18 44 55 59 64 73 77
18 44 55 59 64 73 75
18 44 55 59 64 73 75 76
18 44 55 59 64 73 74
18 44 55 59 64 71 72
18 44 55 59 64 71 72 77
18 44 55 59 64 71 72 75
18 44 55 59 64 71 72 75 76
18 44 55 59 64 71 72 73 74
18 44 55 59 62 63 73
18 44 55 59 62 63 73 77
18 44 55 59 62 63 73 75
18 44 55 59 62 63 73 75 76
18 44 55 59 62 63 73 74
18 44 55 59 62 63 71 72
18 44 55 59 62 63 71 72 77
18 44 55 59 62 63 71 72 75
18 44 55 59 62 63 71 72 75 76
18 44 55 59 62 63 71 72 73 74
18 44 50 62 69
18 44 50 62 67 68
18 44 50 60 61 69
18 44 50 60 61 67 68
18 44 50 55 59 64 73
18 44 50 55 59 64 71 72
18 44 50 55 59 62 63 73
18 44 50 55 59 62 63 71 72
18 44 48 55 59 64 73
18 44 48 55 59 64 71 72
18 44 48 55 59 62 63 73
18 44 48 55 59 62 63 71 72
18 44 46 55 59 64
18 44 46 55 59 64 77
18 44 46 55 59 64 75
18 44 46 55 59 64 75 76
18 44 46 55 59 64 73 74
18 44 46 55 59 62 63
18 44 46 55 59 62 63 77
18 44 46 55 59 62 63 75
18 44 46 55 59 62 63 75 76
18 44 46 55 59 62 63 73 74
18 44 46 50 55 59 64
18 44 46 50 55 59 62 63
18 44 46 48 55 59 64
18 44 46 48 55 59 62 63
18 42 62 71 77
18 42 62 71 75 76
18 42 62 69 70 77
18 42 62 69 70 75 76
18 42 60 61 71 77
18 42 60 61 71 75 76
18 42 60 61 69 70 77
18 42 60 61 69 70 75 76
18 42 59 61 62
18 42 59 60 61
18 42 50 62 71
18 42 50 62 69 70
18 42 50 60 61 71
18 42 50 60 61 69 70
18 42 44 62 77
18 42 44 62 75 76
18 42 44 60 61 77
18 42 44 60 61 75 76
18 42 44 50 62
18 42 44 50 60 61
18 40
18 40 57
18 37 55 59 71 73
18 37 55 59 71 73 77
18 37 55 59 71 73 75
18 37 55 59 71 73 75 76
18 37 55 59 71 73 74
18 37 55 59 71 72
18 37 55 59 71 72 77
18 37 55 59 71 72 75
18 37 55 59 71 72 75 76
18 37 55 59 71 72 73 74
18 37 55 59 69 70 73
18 37 55 59 69 70 73 77
18 37 55 59 69 70 73 75
18 37 55 59 69 70 73 75 76
18 37 55 59 69 70 73 74
18 37 55 59 69 70 71 72
18 37 55 59 69 70 71 72 77
18 37 55 59 69 70 71 72 75
18 37 55 59 69 70 71 72 75 76
18 37 55 59 69 70 71 72 73 74
18 37 50 55 59 71 73
18 37 50 55 59 71 72
18 37 50 55 59 69 70 73
18 37 50 55 59 69 70 71 72
18 37 48 55 59 71 73
18 37 48 55 59 71 72
18 37 48 55 59 69 70 73
18 37 48 55 59 69 70 71 72
18 37 46 55 59 71
18 37 46 55 59 71 77
18 37 46 55 59 71 75
18 37 46 55 59 71 75 76
18 37 46 55 59 71 73 74
18 37 46 55 59 69 70
18 37 46 55 59 69 70 77
18 37 46 55 59 69 70 75
18 37 46 55 59 69 70 75 76
18 37 46 55 59 69 70 73 74
18 37 46 50 55 59 71
18 37 46 50 55 59 69 70
18 37 46 48 55 59 71
18 37 46 48 55 59 69 70
18 37 44 55 59 73
18 37 44 55 59 73 77
18 37 44 55 59 73 75
18 37 44 55 59 73 75 76
18 37 44 55 59 73 74
18 37 44 55 59 71 72
18 37 44 55 59 71 72 77
18 37 44 55 59 71 72 75
18 37 44 55 59 71 72 75 76
18 37 44 55 59 71 72 73 74
18 37 44 50 55 59 73
18 37 44 50 55 59 71 72
18 37 44 48 55 59 73
18 37 44 48 55 59 71 72
18 37 44 46 55 59
18 37 44 46 55 59 77
18 37 44 46 55 59 75
18 37 44 46 55 59 75 76
18 37 44 46 55 59 73 74
18 37 44 46 50 55 59
18 37 44 46 48 55 59
18 35 69 71 77
18 35 69 71 75 76
18 35 69 70 77
18 35 69 70 75 76
18 35 67 68 71 77
18 35 67 68 71 75 76
18 35 67 68 69 70 77
18 35 67 68 69 70 75 76
18 35 59 61 69
18 35 59 61 67 68
18 35 50 69 71
18 35 50 69 70
18 35 50 67 68 71
18 35 50 67 68 69 70
18 35 44 69 77
18 35 44 69 75 76
18 35 44 67 68 77
18 35 44 67 68 75 76
18 35 44 50 69
18 35 44 50 67 68
18 35 42 71 77
18 35 42 71 75 76
18 35 42 69 70 77
18 35 42 69 70 75 76
18 35 42 59 61
18 35 42 50 71
18 35 42 50 69 70
18 35 42 44 77
18 35 42 44 75 76
18 35 42 44 50
18 31 57 67
18 31 57 65 66
18 31 40 57
18 28 62 69 71 77
18 28 62 69 71 75 76
18 28 62 69 70 77
18 28 62 69 70 75 76
18 28 62 67 68 71 77
18 28 62 67 68 71 75 76
18 28 62 67 68 69 70 77
18 28 62 67 68 69 70 75 76
18 28 60 61 69 71 77
18 28 60 61 69 71 75 76
18 28 60 61 69 70 77
18 28 60 61 69 70 75 76
18 28 60 61 67 68 71 77
18 28 60 61 67 68 71 75 76
18 28 60 61 67 68 69 70 77
18 28 60 61 67 68 69 70 75 76
18 28 59 61 62 69
18 28 59 61 62 67 68
18 28 59 60 61 69
18 28 59 60 61 67 68
18 28 50 62 69 71
18 28 50 62 69 70
18 28 50 62 67 68 71
18 28 50 62 67 68 69 70
18 28 50 60 61 69 71
18 28 50 60 61 69 70
18 28 50 60 61 67 68 71
18 28 50 60 61 67 68 69 70
18 28 44 62 69 77
18 28 44 62 69 75 76
18 28 44 62 67 68 77
18 28 44 62 67 68 75 76
18 28 44 60 61 69 77
18 28 44 60 61 69 75 76
18 28 44 60 61 67 68 77
18 28 44 60 61 67 68 75 76
18 28 44 50 62 69
18 28 44 50 62 67 68
18 28 44 50 60 61 69
18 28 44 50 60 61 67 68
18 28 42 62 71 77
18 28 42 62 71 75 76
18 28 42 62 69 70 77
18 28 42 62 69 70 75 76
18 28 42 60 61 71 77
18 28 42 60 61 71 75 76
18 28 42 60 61 69 70 77
18 28 42 60 61 69 70 75 76
18 28 42 59 61 62
18 28 42 59 60 61
18 28 42 50 62 71
18 28 42 50 62 69 70
18 28 42 50 60 61 71
18 28 42 50 60 61 69 70
18 28 42 44 62 77
18 28 42 44 62 75 76
18 28 42 44 60 61 77
18 28 42 44 60 61 75 76
18 28 42 44 50 62
18 28 42 44 50 60 61
18 28 35 69 71 77
18 28 35 69 71 75 76
18 28 35 69 70 77
18 28 35 69 70 75 76
18 28 35 67 68 71 77
18 28 35 67 68 71 75 76
18 28 35 67 68 69 70 77
18 28 35 67 68 69 70 75 76
18 28 35 59 61 69
18 28 35 59 61 67 68
18 28 35 50 69 71
18 28 35 50 69 70
18 28 35 50 67 68 71
18 28 35 50 67 68 69 70
18 28 35 44 69 77
18 28 35 44 69 75 76
18 28 35 44 67 68 77
18 28 35 44 67 68 75 76
18 28 35 44 50 69
18 28 35 44 50 67 68
18 28 35 42 71 77
18 28 35 42 71 75 76
18 28 35 42 69 70 77
18 28 35 42 69 70 75 76
18 28 35 42 59 61
18 28 35 42 50 71
18 28 35 42 50 69 70
18 28 35 42 44 77
18 28 35 42 44 75 76
18 28 35 42 44 50
18 26 27 62 69 71 77
18 26 27 62 69 71 75 76
18 26 27 62 69 70 77
18 26 27 62 69 70 75 76
18 26 27 62 67 68 71 77
18 26 27 62 67 68 71 75 76
18 26 27 62 67 68 69 70 77
18 26 27 62 67 68 69 70 75 76
18 26 27 60 61 69 71 77
18 26 27 60 61 69 71 75 76
18 26 27 60 61 69 70 77
18 26 27 60 61 69 70 75 76
18 26 27 60 61 67 68 71 77
18 26 27 60 61 67 68 71 75 76
18 26 27 60 61 67 68 69 70 77
18 26 27 60 61 67 68 69 70 75 76
18 26 27 59 61 62 69
18 26 27 59 61 62 67 68
18 26 27 59 60 61 69
18 26 27 59 60 61 67 68
18 26 27 50 62 69 71
18 26 27 50 62 69 70
18 26 27 50 62 67 68 71
18 26 27 50 62 67 68 69 70
18 26 27 50 60 61 69 71
18 26 27 50 60 61 69 70
18 26 27 50 60 61 67 68 71
18 26 27 50 60 61 67 68 69 70
18 26 27 44 62 69 77
18 26 27 44 62 69 75 76
18 26 27 44 62 67 68 77
18 26 27 44 62 67 68 75 76
18 26 27 44 60 61 69 77
18 26 27 44 60 61 69 75 76
18 26 27 44 60 61 67 68 77
18 26 27 44 60 61 67 68 75 76
18 26 27 44 50 62 69
18 26 27 44 50 62 67 68
18 26 27 44 50 60 61 69
18 26 27 44 50 60 61 67 68
18 26 27 42 62 71 77
18 26 27 42 62 71 75 76
18 26 27 42 62 69 70 77
18 26 27 42 62 69 70 75 76
18 26 27 42 60 61 71 77
18 26 27 42 60 61 71 75 76
18 26 27 42 60 61 69 70 77
18 26 27 42 60 61 69 70 75 76
18 26 27 42 59 61 62
18 26 27 42 59 60 61
18 26 27 42 50 62 71
18 26 27 42 50 62 69 70
18 26 27 42 50 60 61 71
18 26 27 42 50 60 61 69 70
18 26 27 42 44 62 77
18 26 27 42 44 62 75 76
18 26 27 42 44 60 61 77
18 26 27 42 44 60 61 75 76
18 26 27 42 44 50 62
18 26 27 42 44 50 60 61
18 26 27 35 69 71 77
18 26 27 35 69 71 75 76
18 26 27 35 69 70 77
18 26 27 35 69 70 75 76
18 26 27 35 67 68 71 77
18 26 27 35 67 68 71 75 76
18 26 27 35 67 68 69 70 77
18 26 27 35 67 68 69 70 75 76
18 26 27 35 59 61 69
18 26 27 35 59 61 67 68
18 26 27 35 50 69 71
18 26 27 35 50 69 70
18 26 27 35 50 67 68 71
18 26 27 35 50 67 68 69 70
18 26 27 35 44 69 77
18 26 27 35 44 69 75 76
18 26 27 35 44 67 68 77
18 26 27 35 44 67 68 75 76
18 26 27 35 44 50 69
18 26 27 35 44 50 67 68
18 26 27 35 42 71 77
18 26 27 35 42 71 75 76
18 26 27 35 42 69 70 77
18 26 27 35 42 69 70 75 76
18 26 27 35 42 59 61
18 26 27 35 42 50 71
18 26 27 35 42 50 69 70
18 26 27 35 42 44 77
18 26 27 35 42 44 75 76
18 26 27 35 42 44 50
18 19
17 59
17 18
17 18 67
17 18 65 66
17 18 40
14
12 57 67
12 57 65 66
12 40 57
11
11 67
11 65 66
11 59 68
11 59 67
11 59 65 66
11 40
11 40 59
10
10 67
10 65 66
10 63
10 59
10 57
10 40
10 24
9
9 67 68
9 65 66 68
9 61
9 59
9 59 67
9 59 65 66
9 40 68
9 40 59
9 10
8 67
8 65
8 65 66
8 63
8 63 67
8 63 65 66
8 63 64
8 59 68
8 59 67
8 59 66
8 59 66 67
8 59 65
8 57
8 57 67
8 57 65 66
8 50 59
8 41 59
8 40
8 40 63
8 40 57
8 38
8 24
8 24 67
8 24 65 66
8 24 40
8 23 59
8 23 59 67
8 9
8 9 67
8 9 65 66
8 9 59
8 9 40
7 59 68
7 59 67
7 59 65 66
7 57 67
7 57 65 66
7 55 59
7 54
7 52 53
7 40 59
7 40 57
7 27
7 8 61
7 8 59
7 8 59 67
7 8 59 65 66
7 8 40 59
6 7 67
6 7 65
6 7 65 66
6 7 63 64
6 7 59
6 7 40
6 7 38
6 7 8 59
5 59 68
5 59 67
5 59 65 66
5 40 59
2
2 67
2 65 66
2 40
1
1 67
1 65 66
1 59
1 59 62 69 71
1 59 62 69 71 77
1 59 62 69 71 75 76
1 59 62 69 70
1 59 62 69 70 77
1 59 62 69 70 75 76
1 59 62 68 69 71
1 59 62 68 69 70
1 59 62 67 69 71
1 59 62 67 69 70
1 59 62 67 68 71
1 59 62 67 68 71 77
1 59 62 67 68 71 75 76
1 59 62 67 68 69 70
1 59 62 67 68 69 70 77
1 59 62 67 68 69 70 75 76
1 59 62 66 69 71
1 59 62 66 69 70
1 59 62 66 67 69 71
1 59 62 66 67 69 70
1 59 60 61 69 71
1 59 60 61 69 71 77
1 59 60 61 69 71 75 76
1 59 60 61 69 70
1 59 60 61 69 70 77
1 59 60 61 69 70 75 76
1 59 60 61 68 69 71
1 59 60 61 68 69 70
1 59 60 61 67 69 71
1 59 60 61 67 69 70
1 59 60 61 67 68 71
1 59 60 61 67 68 71 77
1 59 60 61 67 68 71 75 76
1 59 60 61 67 68 69 70
1 59 60 61 67 68 69 70 77
1 59 60 61 67 68 69 70 75 76
1 59 60 61 66 69 71
1 59 60 61 66 69 70
1 59 60 61 66 67 69 71
1 59 60 61 66 67 69 70
1 50 59 62 69 71
1 50 59 62 69 70
1 50 59 62 67 68 71
1 50 59 62 67 68 69 70
1 50 59 60 61 69 71
1 50 59 60 61 69 70
1 50 59 60 61 67 68 71
1 50 59 60 61 67 68 69 70
1 45 62 69 71 77
1 45 62 69 71 75 76
1 45 62 69 70 77
1 45 62 69 70 75 76
1 45 62 67 68 71 77
1 45 62 67 68 71 75 76
1 45 62 67 68 69 70 77
1 45 62 67 68 69 70 75 76
1 45 60 61 69 71 77
1 45 60 61 69 71 75 76
1 45 60 61 69 70 77
1 45 60 61 69 70 75 76
1 45 60 61 67 68 71 77
1 45 60 61 67 68 71 75 76
1 45 60 61 67 68 69 70 77
1 45 60 61 67 68 69 70 75 76
1 45 59 61 62 69
1 45 59 61 62 67 68
1 45 59 60 61 69
1 45 59 60 61 67 68
1 45 50 62 69 71
1 45 50 62 69 70
1 45 50 62 67 68 71
1 45 50 62 67 68 69 70
1 45 50 60 61 69 71
1 45 50 60 61 69 70
1 45 50 60 61 67 68 71
1 45 50 60 61 67 68 69 70
1 44 59 62 69
1 44 59 62 69 77
1 44 59 62 69 75 76
1 44 59 62 68 69
1 44 59 62 67 69
1 44 59 62 67 68
1 44 59 62 67 68 77
1 44 59 62 67 68 75 76
1 44 59 62 66 69
1 44 59 62 66 67 69
1 44 59 60 61 69
1 44 59 60 61 69 77
1 44 59 60 61 69 75 76
1 44 59 60 61 68 69
1 44 59 60 61 67 69
1 44 59 60 61 67 68
1 44 59 60 61 67 68 77
1 44 59 60 61 67 68 75 76
1 44 59 60 61 66 69
1 44 59 60 61 66 67 69
1 44 50 59 62 69
1 44 50 59 62 67 68
1 44 50 59 60 61 69
1 44 50 59 60 61 67 68
1 44 45 62 69 77
1 44 45 62 69 75 76
1 44 45 62 67 68 77
1 44 45 62 67 68 75 76
1 44 45 60 61 69 77
1 44 45 60 61 69 75 76
1 44 45 60 61 67 68 77
1 44 45 60 61 67 68 75 76
1 44 45 50 62 69
1 44 45 50 62 67 68
1 44 45 50 60 61 69
1 44 45 50 60 61 67 68
1 43 44 62 69 77
1 43 44 62 69 75 76
1 43 44 62 69 71 77
1 43 44 62 69 71 75 76
1 43 44 62 69 70 77
1 43 44 62 69 70 75 76
1 43 44 62 67 68 77
1 43 44 62 67 68 75 76
1 43 44 62 67 68 71 77
1 43 44 62 67 68 71 75 76
1 43 44 62 67 68 69 70 77
1 43 44 62 67 68 69 70 75 76
1 43 44 60 61 69 77
1 43 44 60 61 69 75 76
1 43 44 60 61 69 71 77
1 43 44 60 61 69 71 75 76
1 43 44 60 61 69 70 77
1 43 44 60 61 69 70 75 76
1 43 44 60 61 67 68 77
1 43 44 60 61 67 68 75 76
1 43 44 60 61 67 68 71 77
1 43 44 60 61 67 68 71 75 76
1 43 44 60 61 67 68 69 70 77
1 43 44 60 61 67 68 69 70 75 76
1 43 44 59 61 62 69
1 43 44 59 61 62 67 68
1 43 44 59 60 61 69
1 43 44 59 60 61 67 68
1 43 44 50 62 69
1 43 44 50 62 69 71
1 43 44 50 62 69 70
1 43 44 50 62 67 68
1 43 44 50 62 67 68 71
1 43 44 50 62 67 68 69 70
1 43 44 50 60 61 69
1 43 44 50 60 61 69 71
1 43 44 50 60 61 69 70
1 43 44 50 60 61 67 68
1 43 44 50 60 61 67 68 71
1 43 44 50 60 61 67 68 69 70
1 42 59 62 71
1 42 59 62 71 77
1 42 59 62 71 75 76
1 42 59 62 69 70
1 42 59 62 69 70 77
1 42 59 62 69 70 75 76
1 42 59 62 68 71
1 42 59 62 68 69 70
1 42 59 62 67 71
1 42 59 62 67 69 70
1 42 59 62 66 71
1 42 59 62 66 69 70
1 42 59 62 66 67 71
1 42 59 62 66 67 69 70
1 42 59 60 61 71
1 42 59 60 61 71 77
1 42 59 60 61 71 75 76
1 42 59 60 61 69 70
1 42 59 60 61 69 70 77
1 42 59 60 61 69 70 75 76
1 42 59 60 61 68 71
1 42 59 60 61 68 69 70
1 42 59 60 61 67 71
1 42 59 60 61 67 69 70
1 42 59 60 61 66 71
1 42 59 60 61 66 69 70
1 42 59 60 61 66 67 71
1 42 59 60 61 66 67 69 70
1 42 50 59 62 71
1 42 50 59 62 69 70
1 42 50 59 60 61 71
1 42 50 59 60 61 69 70
1 42 45 62 71 77
1 42 45 62 71 75 76
1 42 45 62 69 70 77
1 42 45 62 69 70 75 76
1 42 45 60 61 71 77
1 42 45 60 61 71 75 76
1 42 45 60 61 69 70 77
1 42 45 60 61 69 70 75 76
1 42 45 59 61 62
1 42 45 59 60 61
1 42 45 50 62 71
1 42 45 50 62 69 70
1 42 45 50 60 61 71
1 42 45 50 60 61 69 70
1 42 44 59 62
1 42 44 59 62 77
1 42 44 59 62 75 76
1 42 44 59 62 68
1 42 44 59 62 67
1 42 44 59 62 66
1 42 44 59 62 66 67
1 42 44 59 60 61
1 42 44 59 60 61 77
1 42 44 59 60 61 75 76
1 42 44 59 60 61 68
1 42 44 59 60 61 67
1 42 44 59 60 61 66
1 42 44 59 60 61 66 67
1 42 44 50 59 62
1 42 44 50 59 60 61
1 42 44 45 62 77
1 42 44 45 62 75 76
1 42 44 45 60 61 77
1 42 44 45 60 61 75 76
1 42 44 45 50 62
1 42 44 45 50 60 61
1 42 43 44 62 77
1 42 43 44 62 75 76
1 42 43 44 62 71 77
1 42 43 44 62 71 75 76
1 42 43 44 62 69 70 77
1 42 43 44 62 69 70 75 76
1 42 43 44 60 61 77
1 42 43 44 60 61 75 76
1 42 43 44 60 61 71 77
1 42 43 44 60 61 71 75 76
1 42 43 44 60 61 69 70 77
1 42 43 44 60 61 69 70 75 76
1 42 43 44 59 61 62
1 42 43 44 59 60 61
1 42 43 44 50 62
1 42 43 44 50 62 71
1 42 43 44 50 62 69 70
1 42 43 44 50 60 61
1 42 43 44 50 60 61 71
1 42 43 44 50 60 61 69 70
1 41 59 62 69 71
1 41 59 62 69 70
1 41 59 62 67 68 71
1 41 59 62 67 68 69 70
1 41 59 60 61 69 71
1 41 59 60 61 69 70
1 41 59 60 61 67 68 71
1 41 59 60 61 67 68 69 70
1 41 44 59 62 69
1 41 44 59 62 67 68
1 41 44 59 60 61 69
1 41 44 59 60 61 67 68
1 41 42 59 62 71
1 41 42 59 62 69 70
1 41 42 59 60 61 71
1 41 42 59 60 61 69 70
1 41 42 44 59 62
1 41 42 44 59 60 61
1 40
1 35 59 69 71
1 35 59 69 71 77
1 35 59 69 71 75 76
1 35 59 69 70
1 35 59 69 70 77
1 35 59 69 70 75 76
1 35 59 68 69 71
1 35 59 68 69 70
1 35 59 67 69 71
1 35 59 67 69 70
1 35 59 67 68 71
1 35 59 67 68 71 77
1 35 59 67 68 71 75 76
1 35 59 67 68 69 70
1 35 59 67 68 69 70 77
1 35 59 67 68 69 70 75 76
1 35 59 66 69 71
1 35 59 66 69 70
1 35 59 66 67 69 71
1 35 59 66 67 69 70
1 35 50 59 69 71
1 35 50 59 69 70
1 35 50 59 67 68 71
1 35 50 59 67 68 69 70
1 35 45 69 71 77
1 35 45 69 71 75 76
1 35 45 69 70 77
1 35 45 69 70 75 76
1 35 45 67 68 71 77
1 35 45 67 68 71 75 76
1 35 45 67 68 69 70 77
1 35 45 67 68 69 70 75 76
1 35 45 59 61 69
1 35 45 59 61 67 68
1 35 45 50 69 71
1 35 45 50 69 70
1 35 45 50 67 68 71
1 35 45 50 67 68 69 70
1 35 44 59 69
1 35 44 59 69 77
1 35 44 59 69 75 76
1 35 44 59 68 69
1 35 44 59 67 69
1 35 44 59 67 68
1 35 44 59 67 68 77
1 35 44 59 67 68 75 76
1 35 44 59 66 69
1 35 44 59 66 67 69
1 35 44 50 59 69
1 35 44 50 59 67 68
1 35 44 45 69 77
1 35 44 45 69 75 76
1 35 44 45 67 68 77
1 35 44 45 67 68 75 76
1 35 44 45 50 69
1 35 44 45 50 67 68
1 35 43 44 69 77
1 35 43 44 69 75 76
1 35 43 44 69 71 77
1 35 43 44 69 71 75 76
1 35 43 44 69 70 77
1 35 43 44 69 70 75 76
1 35 43 44 67 68 77
1 35 43 44 67 68 75 76
1 35 43 44 67 68 71 77
1 35 43 44 67 68 71 75 76
1 35 43 44 67 68 69 70 77
1 35 43 44 67 68 69 70 75 76
1 35 43 44 59 61 69
1 35 43 44 59 61 67 68
1 35 43 44 50 69
1 35 43 44 50 69 71
1 35 43 44 50 69 70
1 35 43 44 50 67 68
1 35 43 44 50 67 68 71
1 35 43 44 50 67 68 69 70
1 35 42 59 71
1 35 42 59 71 77
1 35 42 59 71 75 76
1 35 42 59 69 70
1 35 42 59 69 70 77
1 35 42 59 69 70 75 76
1 35 42 59 68 71
1 35 42 59 68 69 70
1 35 42 59 67 71
1 35 42 59 67 69 70
1 35 42 59 66 71
1 35 42 59 66 69 70
1 35 42 59 66 67 71
1 35 42 59 66 67 69 70
1 35 42 50 59 71
1 35 42 50 59 69 70
1 35 42 45 71 77
1 35 42 45 71 75 76
1 35 42 45 69 70 77
1 35 42 45 69 70 75 76
1 35 42 45 59 61
1 35 42 45 50 71
1 35 42 45 50 69 70
1 35 42 44 59
1 35 42 44 59 77
1 35 42 44 59 75 76
1 35 42 44 59 68
1 35 42 44 59 67
1 35 42 44 59 66
1 35 42 44 59 66 67
1 35 42 44 50 59
1 35 42 44 45 77
1 35 42 44 45 75 76
1 35 42 44 45 50
1 35 42 43 44 77
1 35 42 43 44 75 76
1 35 42 43 44 71 77
1 35 42 43 44 71 75 76
1 35 42 43 44 69 70 77
1 35 42 43 44 69 70 75 76
1 35 42 43 44 59 61
1 35 42 43 44 50
1 35 42 43 44 50 71
1 35 42 43 44 50 69 70
1 35 41 59 69 71
1 35 41 59 69 70
1 35 41 59 67 68 71
1 35 41 59 67 68 69 70
1 35 41 44 59 69
1 35 41 44 59 67 68
1 35 41 42 59 71
1 35 41 42 59 69 70
1 35 41 42 44 59
1 18 62 69 71 77
1 18 62 69 71 75 76
1 18 62 69 70 77
1 18 62 69 70 75 76
1 18 62 67 68 71 77
1 18 62 67 68 71 75 76
1 18 62 67 68 69 70 77
1 18 62 67 68 69 70 75 76
1 18 60 61 69 71 77
1 18 60 61 69 71 75 76
1 18 60 61 69 70 77
1 18 60 61 69 70 75 76
1 18 60 61 67 68 71 77
1 18 60 61 67 68 71 75 76
1 18 60 61 67 68 69 70 77
1 18 60 61 67 68 69 70 75 76
1 18 59 61 62 69
1 18 59 61 62 67 68
1 18 59 60 61 69
1 18 59 60 61 67 68
1 18 50 62 69 71
1 18 50 62 69 70
1 18 50 62 67 68 71
1 18 50 62 67 68 69 70
1 18 50 60 61 69 71
1 18 50 60 61 69 70
1 18 50 60 61 67 68 71
1 18 50 60 61 67 68 69 70
1 18 44 62 69 77
1 18 44 62 69 75 76
1 18 44 62 67 68 77
1 18 44 62 67 68 75 76
1 18 44 60 61 69 77
1 18 44 60 61 69 75 76
1 18 44 60 61 67 68 77
1 18 44 60 61 67 68 75 76
1 18 44 50 62 69
1 18 44 50 62 67 68
1 18 44 50 60 61 69
1 18 44 50 60 61 67 68
1 18 42 62 71 77
1 18 42 62 71 75 76
1 18 42 62 69 70 77
1 18 42 62 69 70 75 76
1 18 42 60 61 71 77
1 18 42 60 61 71 75 76
1 18 42 60 61 69 70 77
1 18 42 60 61 69 70 75 76
1 18 42 59 61 62
1 18 42 59 60 61
1 18 42 50 62 71
1 18 42 50 62 69 70
1 18 42 50 60 61 71
1 18 42 50 60 61 69 70
1 18 42 44 62 77
1 18 42 44 62 75 76
1 18 42 44 60 61 77
1 18 42 44 60 61 75 76
1 18 42 44 50 62
1 18 42 44 50 60 61
1 18 35 69 71 77
1 18 35 69 71 75 76
1 18 35 69 70 77
1 18 35 69 70 75 76
1 18 35 67 68 71 77
1 18 35 67 68 71 75 76
1 18 35 67 68 69 70 77
1 18 35 67 68 69 70 75 76
1 18 35 59 61 69
1 18 35 59 61 67 68
1 18 35 50 69 71
1 18 35 50 69 70
1 18 35 50 67 68 71
1 18 35 50 67 68 69 70
1 18 35 44 69 77
1 18 35 44 69 75 76
1 18 35 44 67 68 77
1 18 35 44 67 68 75 76
1 18 35 44 50 69
1 18 35 44 50 67 68
1 18 35 42 71 77
1 18 35 42 71 75 76
1 18 35 42 69 70 77
1 18 35 42 69 70 75 76
1 18 35 42 59 61
1 18 35 42 50 71
1 18 35 42 50 69 70
1 18 35 42 44 77
1 18 35 42 44 75 76
1 18 35 42 44 50
0 61
0 59
0 59 68
0 59 67
0 59 65 66
0 40 59
