79
77 78
67 71
67 69 70
65
65 66 71
65 66 69
65 66 69 70
65 66 67 69
59
59 67 69
59 67 68
59 65 66
59 65 66 69
59 65 66 67 68
57 65 66
57 65 66 67
52
44 67
44 65 66
42 65 66
42 65 66 67
42 59 67
42 59 65 66
40 71
40 69
40 69 70
40 67 69
40 59
40 59 69
40 59 67 68
40 57
40 57 67
40 44
40 42
40 42 67
40 42 59
33 67 71
33 67 69 70
33 65 66 71
33 65 66 69 70
33 44 67
33 44 65 66
33 40 71
33 40 69 70
33 40 44
31 65 66 69
31 65 66 67 69
31 59
31 59 67
31 42 65 66
31 42 65 66 67
31 40 69
31 40 67 69
31 40 42
31 40 42 67
7 59 65 66
7 59 65 66 67
7 40 59
7 40 59 67
