
67
65 66
57 58 60 69 73
57 58 60 69 71 72
57 58 60 67 68 73
57 58 60 67 68 71 72
57 58 59 69 73
57 58 59 69 71 72
57 58 59 67 68 73
57 58 59 67 68 71 72
56 57 60 69 73
56 57 60 69 71 72
56 57 60 67 68 73
56 57 60 67 68 71 72
56 57 58 59 69 73
56 57 58 59 69 71 72
56 57 58 59 67 68 73
56 57 58 59 67 68 71 72
46 57 58 60 69
46 57 58 60 67 68
46 57 58 59 69
46 57 58 59 67 68
46 56 57 60 69
46 56 57 60 67 68
46 56 57 58 59 69
46 56 57 58 59 67 68
42 57 58 60 73
42 57 58 60 71 72
42 57 58 59 73
42 57 58 59 71 72
42 56 57 60 73
42 56 57 60 71 72
42 56 57 58 59 73
42 56 57 58 59 71 72
42 46 57 58 60
42 46 57 58 59
42 46 56 57 60
42 46 56 57 58 59
40
33 59
33 57 58 69 73
33 57 58 69 71 72
33 57 58 67 68 73
33 57 58 67 68 71 72
33 56 57 69 73
33 56 57 69 71 72
33 56 57 67 68 73
33 56 57 67 68 71 72
33 46 57 58 69
33 46 57 58 67 68
33 46 56 57 69
33 46 56 57 67 68
33 42 57 58 73
33 42 57 58 71 72
33 42 56 57 73
33 42 56 57 71 72
33 42 46 57 58
33 42 46 56 57
31 57 60 69 73
31 57 60 69 71 72
31 57 60 67 68 73
31 57 60 67 68 71 72
31 57 58 59 69 73
31 57 58 59 69 71 72
31 57 58 59 67 68 73
31 57 58 59 67 68 71 72
31 46 57 60 69
31 46 57 60 67 68
31 46 57 58 59 69
31 46 57 58 59 67 68
31 42 57 60 73
31 42 57 60 71 72
31 42 57 58 59 73
31 42 57 58 59 71 72
31 42 46 57 60
31 42 46 57 58 59
31 33 57 69 73
31 33 57 69 71 72
31 33 57 67 68 73
31 33 57 67 68 71 72
31 33 46 57 69
31 33 46 57 67 68
31 33 42 57 73
31 33 42 57 71 72
31 33 42 46 57
28 43 57 58 59 64 69 73
28 43 57 58 59 64 69 71 72
28 43 57 58 59 64 67 68 73
28 43 57 58 59 64 67 68 71 72
28 43 57 58 59 62 63 69 73
28 43 57 58 59 62 63 69 71 72
28 43 57 58 59 62 63 67 68 73
28 43 57 58 59 62 63 67 68 71 72
28 43 56 57 59 64 69 73
28 43 56 57 59 64 69 71 72
28 43 56 57 59 64 67 68 73
28 43 56 57 59 64 67 68 71 72
28 43 56 57 59 62 63 69 73
28 43 56 57 59 62 63 69 71 72
28 43 56 57 59 62 63 67 68 73
28 43 56 57 59 62 63 67 68 71 72
28 43 46 57 58 59 64 69
28 43 46 57 58 59 64 67 68
28 43 46 57 58 59 62 63 69
28 43 46 57 58 59 62 63 67 68
28 43 46 56 57 59 64 69
28 43 46 56 57 59 64 67 68
28 43 46 56 57 59 62 63 69
28 43 46 56 57 59 62 63 67 68
28 42 43 57 58 59 64 73
28 42 43 57 58 59 64 71 72
28 42 43 57 58 59 62 63 73
28 42 43 57 58 59 62 63 71 72
28 42 43 56 57 59 64 73
28 42 43 56 57 59 64 71 72
28 42 43 56 57 59 62 63 73
28 42 43 56 57 59 62 63 71 72
28 42 43 46 57 58 59 64
28 42 43 46 57 58 59 62 63
28 42 43 46 56 57 59 64
28 42 43 46 56 57 59 62 63
28 41 42 57 58 59 64 73
28 41 42 57 58 59 64 71 72
28 41 42 57 58 59 64 69 73
28 41 42 57 58 59 64 69 71 72
28 41 42 57 58 59 64 67 68 73
28 41 42 57 58 59 64 67 68 71 72
28 41 42 57 58 59 62 63 73
28 41 42 57 58 59 62 63 71 72
28 41 42 57 58 59 62 63 69 73
28 41 42 57 58 59 62 63 69 71 72
28 41 42 57 58 59 62 63 67 68 73
28 41 42 57 58 59 62 63 67 68 71 72
28 41 42 56 57 59 64 73
28 41 42 56 57 59 64 71 72
28 41 42 56 57 59 64 69 73
28 41 42 56 57 59 64 69 71 72
28 41 42 56 57 59 64 67 68 73
28 41 42 56 57 59 64 67 68 71 72
28 41 42 56 57 59 62 63 73
28 41 42 56 57 59 62 63 71 72
28 41 42 56 57 59 62 63 69 73
28 41 42 56 57 59 62 63 69 71 72
28 41 42 56 57 59 62 63 67 68 73
28 41 42 56 57 59 62 63 67 68 71 72
28 41 42 46 57 58 59 64
28 41 42 46 57 58 59 64 69
28 41 42 46 57 58 59 64 67 68
28 41 42 46 57 58 59 62 63
28 41 42 46 57 58 59 62 63 69
28 41 42 46 57 58 59 62 63 67 68
28 41 42 46 56 57 59 64
28 41 42 46 56 57 59 64 69
28 41 42 46 56 57 59 64 67 68
28 41 42 46 56 57 59 62 63
28 41 42 46 56 57 59 62 63 69
28 41 42 46 56 57 59 62 63 67 68
28 37 43 57 58 59 69 73
28 37 43 57 58 59 69 71 72
28 37 43 57 58 59 67 68 73
28 37 43 57 58 59 67 68 71 72
28 37 43 56 57 59 69 73
28 37 43 56 57 59 69 71 72
28 37 43 56 57 59 67 68 73
28 37 43 56 57 59 67 68 71 72
28 37 43 46 57 58 59 69
28 37 43 46 57 58 59 67 68
28 37 43 46 56 57 59 69
28 37 43 46 56 57 59 67 68
28 37 42 43 57 58 59 73
28 37 42 43 57 58 59 71 72
28 37 42 43 56 57 59 73
28 37 42 43 56 57 59 71 72
28 37 42 43 46 57 58 59
28 37 42 43 46 56 57 59
28 37 41 42 57 58 59 73
28 37 41 42 57 58 59 71 72
28 37 41 42 57 58 59 69 73
28 37 41 42 57 58 59 69 71 72
28 37 41 42 57 58 59 67 68 73
28 37 41 42 57 58 59 67 68 71 72
28 37 41 42 56 57 59 73
28 37 41 42 56 57 59 71 72
28 37 41 42 56 57 59 69 73
28 37 41 42 56 57 59 69 71 72
28 37 41 42 56 57 59 67 68 73
28 37 41 42 56 57 59 67 68 71 72
28 37 41 42 46 57 58 59
28 37 41 42 46 57 58 59 69
28 37 41 42 46 57 58 59 67 68
28 37 41 42 46 56 57 59
28 37 41 42 46 56 57 59 69
28 37 41 42 46 56 57 59 67 68
28 31 43 57 59 64 69 73
28 31 43 57 59 64 69 71 72
28 31 43 57 59 64 67 68 73
28 31 43 57 59 64 67 68 71 72
28 31 43 57 59 62 63 69 73
28 31 43 57 59 62 63 69 71 72
28 31 43 57 59 62 63 67 68 73
28 31 43 57 59 62 63 67 68 71 72
28 31 43 46 57 59 64 69
28 31 43 46 57 59 64 67 68
28 31 43 46 57 59 62 63 69
28 31 43 46 57 59 62 63 67 68
28 31 42 43 57 59 64 73
28 31 42 43 57 59 64 71 72
28 31 42 43 57 59 62 63 73
28 31 42 43 57 59 62 63 71 72
28 31 42 43 46 57 59 64
28 31 42 43 46 57 59 62 63
28 31 41 42 57 59 64 73
28 31 41 42 57 59 64 71 72
28 31 41 42 57 59 64 69 73
28 31 41 42 57 59 64 69 71 72
28 31 41 42 57 59 64 67 68 73
28 31 41 42 57 59 64 67 68 71 72
28 31 41 42 57 59 62 63 73
28 31 41 42 57 59 62 63 71 72
28 31 41 42 57 59 62 63 69 73
28 31 41 42 57 59 62 63 69 71 72
28 31 41 42 57 59 62 63 67 68 73
28 31 41 42 57 59 62 63 67 68 71 72
28 31 41 42 46 57 59 64
28 31 41 42 46 57 59 64 69
28 31 41 42 46 57 59 64 67 68
28 31 41 42 46 57 59 62 63
28 31 41 42 46 57 59 62 63 69
28 31 41 42 46 57 59 62 63 67 68
28 31 37 43 57 59 69 73
28 31 37 43 57 59 69 71 72
28 31 37 43 57 59 67 68 73
28 31 37 43 57 59 67 68 71 72
28 31 37 43 46 57 59 69
28 31 37 43 46 57 59 67 68
28 31 37 42 43 57 59 73
28 31 37 42 43 57 59 71 72
28 31 37 42 43 46 57 59
28 31 37 41 42 57 59 73
28 31 37 41 42 57 59 71 72
28 31 37 41 42 57 59 69 73
28 31 37 41 42 57 59 69 71 72
28 31 37 41 42 57 59 67 68 73
28 31 37 41 42 57 59 67 68 71 72
28 31 37 41 42 46 57 59
28 31 37 41 42 46 57 59 69
28 31 37 41 42 46 57 59 67 68
26 27 43 57 58 59 64 69 73
26 27 43 57 58 59 64 69 71 72
26 27 43 57 58 59 64 67 68 73
26 27 43 57 58 59 64 67 68 71 72
26 27 43 57 58 59 62 63 69 73
26 27 43 57 58 59 62 63 69 71 72
26 27 43 57 58 59 62 63 67 68 73
26 27 43 57 58 59 62 63 67 68 71 72
26 27 43 56 57 59 64 69 73
26 27 43 56 57 59 64 69 71 72
26 27 43 56 57 59 64 67 68 73
26 27 43 56 57 59 64 67 68 71 72
26 27 43 56 57 59 62 63 69 73
26 27 43 56 57 59 62 63 69 71 72
26 27 43 56 57 59 62 63 67 68 73
26 27 43 56 57 59 62 63 67 68 71 72
26 27 43 46 57 58 59 64 69
26 27 43 46 57 58 59 64 67 68
26 27 43 46 57 58 59 62 63 69
26 27 43 46 57 58 59 62 63 67 68
26 27 43 46 56 57 59 64 69
26 27 43 46 56 57 59 64 67 68
26 27 43 46 56 57 59 62 63 69
26 27 43 46 56 57 59 62 63 67 68
26 27 42 43 57 58 59 64 73
26 27 42 43 57 58 59 64 71 72
26 27 42 43 57 58 59 62 63 73
26 27 42 43 57 58 59 62 63 71 72
26 27 42 43 56 57 59 64 73
26 27 42 43 56 57 59 64 71 72
26 27 42 43 56 57 59 62 63 73
26 27 42 43 56 57 59 62 63 71 72
26 27 42 43 46 57 58 59 64
26 27 42 43 46 57 58 59 62 63
26 27 42 43 46 56 57 59 64
26 27 42 43 46 56 57 59 62 63
26 27 41 42 57 58 59 64 73
26 27 41 42 57 58 59 64 71 72
26 27 41 42 57 58 59 64 69 73
26 27 41 42 57 58 59 64 69 71 72
26 27 41 42 57 58 59 64 67 68 73
26 27 41 42 57 58 59 64 67 68 71 72
26 27 41 42 57 58 59 62 63 73
26 27 41 42 57 58 59 62 63 71 72
26 27 41 42 57 58 59 62 63 69 73
26 27 41 42 57 58 59 62 63 69 71 72
26 27 41 42 57 58 59 62 63 67 68 73
26 27 41 42 57 58 59 62 63 67 68 71 72
26 27 41 42 56 57 59 64 73
26 27 41 42 56 57 59 64 71 72
26 27 41 42 56 57 59 64 69 73
26 27 41 42 56 57 59 64 69 71 72
26 27 41 42 56 57 59 64 67 68 73
26 27 41 42 56 57 59 64 67 68 71 72
26 27 41 42 56 57 59 62 63 73
26 27 41 42 56 57 59 62 63 71 72
26 27 41 42 56 57 59 62 63 69 73
26 27 41 42 56 57 59 62 63 69 71 72
26 27 41 42 56 57 59 62 63 67 68 73
26 27 41 42 56 57 59 62 63 67 68 71 72
26 27 41 42 46 57 58 59 64
26 27 41 42 46 57 58 59 64 69
26 27 41 42 46 57 58 59 64 67 68
26 27 41 42 46 57 58 59 62 63
26 27 41 42 46 57 58 59 62 63 69
26 27 41 42 46 57 58 59 62 63 67 68
26 27 41 42 46 56 57 59 64
26 27 41 42 46 56 57 59 64 69
26 27 41 42 46 56 57 59 64 67 68
26 27 41 42 46 56 57 59 62 63
26 27 41 42 46 56 57 59 62 63 69
26 27 41 42 46 56 57 59 62 63 67 68
26 27 37 43 57 58 59 69 73
26 27 37 43 57 58 59 69 71 72
26 27 37 43 57 58 59 67 68 73
26 27 37 43 57 58 59 67 68 71 72
26 27 37 43 56 57 59 69 73
26 27 37 43 56 57 59 69 71 72
26 27 37 43 56 57 59 67 68 73
26 27 37 43 56 57 59 67 68 71 72
26 27 37 43 46 57 58 59 69
26 27 37 43 46 57 58 59 67 68
26 27 37 43 46 56 57 59 69
26 27 37 43 46 56 57 59 67 68
26 27 37 42 43 57 58 59 73
26 27 37 42 43 57 58 59 71 72
26 27 37 42 43 56 57 59 73
26 27 37 42 43 56 57 59 71 72
26 27 37 42 43 46 57 58 59
26 27 37 42 43 46 56 57 59
26 27 37 41 42 57 58 59 73
26 27 37 41 42 57 58 59 71 72
26 27 37 41 42 57 58 59 69 73
26 27 37 41 42 57 58 59 69 71 72
26 27 37 41 42 57 58 59 67 68 73
26 27 37 41 42 57 58 59 67 68 71 72
26 27 37 41 42 56 57 59 73
26 27 37 41 42 56 57 59 71 72
26 27 37 41 42 56 57 59 69 73
26 27 37 41 42 56 57 59 69 71 72
26 27 37 41 42 56 57 59 67 68 73
26 27 37 41 42 56 57 59 67 68 71 72
26 27 37 41 42 46 57 58 59
26 27 37 41 42 46 57 58 59 69
26 27 37 41 42 46 57 58 59 67 68
26 27 37 41 42 46 56 57 59
26 27 37 41 42 46 56 57 59 69
26 27 37 41 42 46 56 57 59 67 68
26 27 31 43 57 59 64 69 73
26 27 31 43 57 59 64 69 71 72
26 27 31 43 57 59 64 67 68 73
26 27 31 43 57 59 64 67 68 71 72
26 27 31 43 57 59 62 63 69 73
26 27 31 43 57 59 62 63 69 71 72
26 27 31 43 57 59 62 63 67 68 73
26 27 31 43 57 59 62 63 67 68 71 72
26 27 31 43 46 57 59 64 69
26 27 31 43 46 57 59 64 67 68
26 27 31 43 46 57 59 62 63 69
26 27 31 43 46 57 59 62 63 67 68
26 27 31 42 43 57 59 64 73
26 27 31 42 43 57 59 64 71 72
26 27 31 42 43 57 59 62 63 73
26 27 31 42 43 57 59 62 63 71 72
26 27 31 42 43 46 57 59 64
26 27 31 42 43 46 57 59 62 63
26 27 31 41 42 57 59 64 73
26 27 31 41 42 57 59 64 71 72
26 27 31 41 42 57 59 64 69 73
26 27 31 41 42 57 59 64 69 71 72
26 27 31 41 42 57 59 64 67 68 73
26 27 31 41 42 57 59 64 67 68 71 72
26 27 31 41 42 57 59 62 63 73
26 27 31 41 42 57 59 62 63 71 72
26 27 31 41 42 57 59 62 63 69 73
26 27 31 41 42 57 59 62 63 69 71 72
26 27 31 41 42 57 59 62 63 67 68 73
26 27 31 41 42 57 59 62 63 67 68 71 72
26 27 31 41 42 46 57 59 64
26 27 31 41 42 46 57 59 64 69
26 27 31 41 42 46 57 59 64 67 68
26 27 31 41 42 46 57 59 62 63
26 27 31 41 42 46 57 59 62 63 69
26 27 31 41 42 46 57 59 62 63 67 68
26 27 31 37 43 57 59 69 73
26 27 31 37 43 57 59 69 71 72
26 27 31 37 43 57 59 67 68 73
26 27 31 37 43 57 59 67 68 71 72
26 27 31 37 43 46 57 59 69
26 27 31 37 43 46 57 59 67 68
26 27 31 37 42 43 57 59 73
26 27 31 37 42 43 57 59 71 72
26 27 31 37 42 43 46 57 59
26 27 31 37 41 42 57 59 73
26 27 31 37 41 42 57 59 71 72
26 27 31 37 41 42 57 59 69 73
26 27 31 37 41 42 57 59 69 71 72
26 27 31 37 41 42 57 59 67 68 73
26 27 31 37 41 42 57 59 67 68 71 72
26 27 31 37 41 42 46 57 59
26 27 31 37 41 42 46 57 59 69
26 27 31 37 41 42 46 57 59 67 68
16 28 57 58 59 64 69 73
16 28 57 58 59 64 69 71 72
16 28 57 58 59 64 67 68 73
16 28 57 58 59 64 67 68 71 72
16 28 57 58 59 62 63 69 73
16 28 57 58 59 62 63 69 71 72
16 28 57 58 59 62 63 67 68 73
16 28 57 58 59 62 63 67 68 71 72
16 28 56 57 59 64 69 73
16 28 56 57 59 64 69 71 72
16 28 56 57 59 64 67 68 73
16 28 56 57 59 64 67 68 71 72
16 28 56 57 59 62 63 69 73
16 28 56 57 59 62 63 69 71 72
16 28 56 57 59 62 63 67 68 73
16 28 56 57 59 62 63 67 68 71 72
16 28 46 57 58 59 64 69
16 28 46 57 58 59 64 67 68
16 28 46 57 58 59 62 63 69
16 28 46 57 58 59 62 63 67 68
16 28 46 56 57 59 64 69
16 28 46 56 57 59 64 67 68
16 28 46 56 57 59 62 63 69
16 28 46 56 57 59 62 63 67 68
16 28 42 57 58 59 64 73
16 28 42 57 58 59 64 71 72
16 28 42 57 58 59 62 63 73
16 28 42 57 58 59 62 63 71 72
16 28 42 56 57 59 64 73
16 28 42 56 57 59 64 71 72
16 28 42 56 57 59 62 63 73
16 28 42 56 57 59 62 63 71 72
16 28 42 46 57 58 59 64
16 28 42 46 57 58 59 62 63
16 28 42 46 56 57 59 64
16 28 42 46 56 57 59 62 63
16 28 37 57 58 59 69 73
16 28 37 57 58 59 69 71 72
16 28 37 57 58 59 67 68 73
16 28 37 57 58 59 67 68 71 72
16 28 37 56 57 59 69 73
16 28 37 56 57 59 69 71 72
16 28 37 56 57 59 67 68 73
16 28 37 56 57 59 67 68 71 72
16 28 37 46 57 58 59 69
16 28 37 46 57 58 59 67 68
16 28 37 46 56 57 59 69
16 28 37 46 56 57 59 67 68
16 28 37 42 57 58 59 73
16 28 37 42 57 58 59 71 72
16 28 37 42 56 57 59 73
16 28 37 42 56 57 59 71 72
16 28 37 42 46 57 58 59
16 28 37 42 46 56 57 59
16 28 31 57 59 64 69 73
16 28 31 57 59 64 69 71 72
16 28 31 57 59 64 67 68 73
16 28 31 57 59 64 67 68 71 72
16 28 31 57 59 62 63 69 73
16 28 31 57 59 62 63 69 71 72
16 28 31 57 59 62 63 67 68 73
16 28 31 57 59 62 63 67 68 71 72
16 28 31 46 57 59 64 69
16 28 31 46 57 59 64 67 68
16 28 31 46 57 59 62 63 69
16 28 31 46 57 59 62 63 67 68
16 28 31 42 57 59 64 73
16 28 31 42 57 59 64 71 72
16 28 31 42 57 59 62 63 73
16 28 31 42 57 59 62 63 71 72
16 28 31 42 46 57 59 64
16 28 31 42 46 57 59 62 63
16 28 31 37 57 59 69 73
16 28 31 37 57 59 69 71 72
16 28 31 37 57 59 67 68 73
16 28 31 37 57 59 67 68 71 72
16 28 31 37 46 57 59 69
16 28 31 37 46 57 59 67 68
16 28 31 37 42 57 59 73
16 28 31 37 42 57 59 71 72
16 28 31 37 42 46 57 59
16 26 27 57 58 59 64 69 73
16 26 27 57 58 59 64 69 71 72
16 26 27 57 58 59 64 67 68 73
16 26 27 57 58 59 64 67 68 71 72
16 26 27 57 58 59 62 63 69 73
16 26 27 57 58 59 62 63 69 71 72
16 26 27 57 58 59 62 63 67 68 73
16 26 27 57 58 59 62 63 67 68 71 72
16 26 27 56 57 59 64 69 73
16 26 27 56 57 59 64 69 71 72
16 26 27 56 57 59 64 67 68 73
16 26 27 56 57 59 64 67 68 71 72
16 26 27 56 57 59 62 63 69 73
16 26 27 56 57 59 62 63 69 71 72
16 26 27 56 57 59 62 63 67 68 73
16 26 27 56 57 59 62 63 67 68 71 72
16 26 27 46 57 58 59 64 69
16 26 27 46 57 58 59 64 67 68
16 26 27 46 57 58 59 62 63 69
16 26 27 46 57 58 59 62 63 67 68
16 26 27 46 56 57 59 64 69
16 26 27 46 56 57 59 64 67 68
16 26 27 46 56 57 59 62 63 69
16 26 27 46 56 57 59 62 63 67 68
16 26 27 42 57 58 59 64 73
16 26 27 42 57 58 59 64 71 72
16 26 27 42 57 58 59 62 63 73
16 26 27 42 57 58 59 62 63 71 72
16 26 27 42 56 57 59 64 73
16 26 27 42 56 57 59 64 71 72
16 26 27 42 56 57 59 62 63 73
16 26 27 42 56 57 59 62 63 71 72
16 26 27 42 46 57 58 59 64
16 26 27 42 46 57 58 59 62 63
16 26 27 42 46 56 57 59 64
16 26 27 42 46 56 57 59 62 63
16 26 27 37 57 58 59 69 73
16 26 27 37 57 58 59 69 71 72
16 26 27 37 57 58 59 67 68 73
16 26 27 37 57 58 59 67 68 71 72
16 26 27 37 56 57 59 69 73
16 26 27 37 56 57 59 69 71 72
16 26 27 37 56 57 59 67 68 73
16 26 27 37 56 57 59 67 68 71 72
16 26 27 37 46 57 58 59 69
16 26 27 37 46 57 58 59 67 68
16 26 27 37 46 56 57 59 69
16 26 27 37 46 56 57 59 67 68
16 26 27 37 42 57 58 59 73
16 26 27 37 42 57 58 59 71 72
16 26 27 37 42 56 57 59 73
16 26 27 37 42 56 57 59 71 72
16 26 27 37 42 46 57 58 59
16 26 27 37 42 46 56 57 59
16 26 27 31 57 59 64 69 73
16 26 27 31 57 59 64 69 71 72
16 26 27 31 57 59 64 67 68 73
16 26 27 31 57 59 64 67 68 71 72
16 26 27 31 57 59 62 63 69 73
16 26 27 31 57 59 62 63 69 71 72
16 26 27 31 57 59 62 63 67 68 73
16 26 27 31 57 59 62 63 67 68 71 72
16 26 27 31 46 57 59 64 69
16 26 27 31 46 57 59 64 67 68
16 26 27 31 46 57 59 62 63 69
16 26 27 31 46 57 59 62 63 67 68
16 26 27 31 42 57 59 64 73
16 26 27 31 42 57 59 64 71 72
16 26 27 31 42 57 59 62 63 73
16 26 27 31 42 57 59 62 63 71 72
16 26 27 31 42 46 57 59 64
16 26 27 31 42 46 57 59 62 63
16 26 27 31 37 57 59 69 73
16 26 27 31 37 57 59 69 71 72
16 26 27 31 37 57 59 67 68 73
16 26 27 31 37 57 59 67 68 71 72
16 26 27 31 37 46 57 59 69
16 26 27 31 37 46 57 59 67 68
16 26 27 31 37 42 57 59 73
16 26 27 31 37 42 57 59 71 72
16 26 27 31 37 42 46 57 59
1 43 57 58 59 64 69 73
1 43 57 58 59 64 69 71 72
1 43 57 58 59 64 67 68 73
1 43 57 58 59 64 67 68 71 72
1 43 57 58 59 62 63 69 73
1 43 57 58 59 62 63 69 71 72
1 43 57 58 59 62 63 67 68 73
1 43 57 58 59 62 63 67 68 71 72
1 43 56 57 59 64 69 73
1 43 56 57 59 64 69 71 72
1 43 56 57 59 64 67 68 73
1 43 56 57 59 64 67 68 71 72
1 43 56 57 59 62 63 69 73
1 43 56 57 59 62 63 69 71 72
1 43 56 57 59 62 63 67 68 73
1 43 56 57 59 62 63 67 68 71 72
1 43 46 57 58 59 64 69
1 43 46 57 58 59 64 67 68
1 43 46 57 58 59 62 63 69
1 43 46 57 58 59 62 63 67 68
1 43 46 56 57 59 64 69
1 43 46 56 57 59 64 67 68
1 43 46 56 57 59 62 63 69
1 43 46 56 57 59 62 63 67 68
1 42 43 57 58 59 64 73
1 42 43 57 58 59 64 71 72
1 42 43 57 58 59 62 63 73
1 42 43 57 58 59 62 63 71 72
1 42 43 56 57 59 64 73
1 42 43 56 57 59 64 71 72
1 42 43 56 57 59 62 63 73
1 42 43 56 57 59 62 63 71 72
1 42 43 46 57 58 59 64
1 42 43 46 57 58 59 62 63
1 42 43 46 56 57 59 64
1 42 43 46 56 57 59 62 63
1 41 42 57 58 59 64 73
1 41 42 57 58 59 64 71 72
1 41 42 57 58 59 64 69 73
1 41 42 57 58 59 64 69 71 72
1 41 42 57 58 59 64 67 68 73
1 41 42 57 58 59 64 67 68 71 72
1 41 42 57 58 59 62 63 73
1 41 42 57 58 59 62 63 71 72
1 41 42 57 58 59 62 63 69 73
1 41 42 57 58 59 62 63 69 71 72
1 41 42 57 58 59 62 63 67 68 73
1 41 42 57 58 59 62 63 67 68 71 72
1 41 42 56 57 59 64 73
1 41 42 56 57 59 64 71 72
1 41 42 56 57 59 64 69 73
1 41 42 56 57 59 64 69 71 72
1 41 42 56 57 59 64 67 68 73
1 41 42 56 57 59 64 67 68 71 72
1 41 42 56 57 59 62 63 73
1 41 42 56 57 59 62 63 71 72
1 41 42 56 57 59 62 63 69 73
1 41 42 56 57 59 62 63 69 71 72
1 41 42 56 57 59 62 63 67 68 73
1 41 42 56 57 59 62 63 67 68 71 72
1 41 42 46 57 58 59 64
1 41 42 46 57 58 59 64 69
1 41 42 46 57 58 59 64 67 68
1 41 42 46 57 58 59 62 63
1 41 42 46 57 58 59 62 63 69
1 41 42 46 57 58 59 62 63 67 68
1 41 42 46 56 57 59 64
1 41 42 46 56 57 59 64 69
1 41 42 46 56 57 59 64 67 68
1 41 42 46 56 57 59 62 63
1 41 42 46 56 57 59 62 63 69
1 41 42 46 56 57 59 62 63 67 68
1 37 43 57 58 59 69 73
1 37 43 57 58 59 69 71 72
1 37 43 57 58 59 67 68 73
1 37 43 57 58 59 67 68 71 72
1 37 43 56 57 59 69 73
1 37 43 56 57 59 69 71 72
1 37 43 56 57 59 67 68 73
1 37 43 56 57 59 67 68 71 72
1 37 43 46 57 58 59 69
1 37 43 46 57 58 59 67 68
1 37 43 46 56 57 59 69
1 37 43 46 56 57 59 67 68
1 37 42 43 57 58 59 73
1 37 42 43 57 58 59 71 72
1 37 42 43 56 57 59 73
1 37 42 43 56 57 59 71 72
1 37 42 43 46 57 58 59
1 37 42 43 46 56 57 59
1 37 41 42 57 58 59 73
1 37 41 42 57 58 59 71 72
1 37 41 42 57 58 59 69 73
1 37 41 42 57 58 59 69 71 72
1 37 41 42 57 58 59 67 68 73
1 37 41 42 57 58 59 67 68 71 72
1 37 41 42 56 57 59 73
1 37 41 42 56 57 59 71 72
1 37 41 42 56 57 59 69 73
1 37 41 42 56 57 59 69 71 72
1 37 41 42 56 57 59 67 68 73
1 37 41 42 56 57 59 67 68 71 72
1 37 41 42 46 57 58 59
1 37 41 42 46 57 58 59 69
1 37 41 42 46 57 58 59 67 68
1 37 41 42 46 56 57 59
1 37 41 42 46 56 57 59 69
1 37 41 42 46 56 57 59 67 68
1 31 43 57 59 64 69 73
1 31 43 57 59 64 69 71 72
1 31 43 57 59 64 67 68 73
1 31 43 57 59 64 67 68 71 72
1 31 43 57 59 62 63 69 73
1 31 43 57 59 62 63 69 71 72
1 31 43 57 59 62 63 67 68 73
1 31 43 57 59 62 63 67 68 71 72
1 31 43 46 57 59 64 69
1 31 43 46 57 59 64 67 68
1 31 43 46 57 59 62 63 69
1 31 43 46 57 59 62 63 67 68
1 31 42 43 57 59 64 73
1 31 42 43 57 59 64 71 72
1 31 42 43 57 59 62 63 73
1 31 42 43 57 59 62 63 71 72
1 31 42 43 46 57 59 64
1 31 42 43 46 57 59 62 63
1 31 41 42 57 59 64 73
1 31 41 42 57 59 64 71 72
1 31 41 42 57 59 64 69 73
1 31 41 42 57 59 64 69 71 72
1 31 41 42 57 59 64 67 68 73
1 31 41 42 57 59 64 67 68 71 72
1 31 41 42 57 59 62 63 73
1 31 41 42 57 59 62 63 71 72
1 31 41 42 57 59 62 63 69 73
1 31 41 42 57 59 62 63 69 71 72
1 31 41 42 57 59 62 63 67 68 73
1 31 41 42 57 59 62 63 67 68 71 72
1 31 41 42 46 57 59 64
1 31 41 42 46 57 59 64 69
1 31 41 42 46 57 59 64 67 68
1 31 41 42 46 57 59 62 63
1 31 41 42 46 57 59 62 63 69
1 31 41 42 46 57 59 62 63 67 68
1 31 37 43 57 59 69 73
1 31 37 43 57 59 69 71 72
1 31 37 43 57 59 67 68 73
1 31 37 43 57 59 67 68 71 72
1 31 37 43 46 57 59 69
1 31 37 43 46 57 59 67 68
1 31 37 42 43 57 59 73
1 31 37 42 43 57 59 71 72
1 31 37 42 43 46 57 59
1 31 37 41 42 57 59 73
1 31 37 41 42 57 59 71 72
1 31 37 41 42 57 59 69 73
1 31 37 41 42 57 59 69 71 72
1 31 37 41 42 57 59 67 68 73
1 31 37 41 42 57 59 67 68 71 72
1 31 37 41 42 46 57 59
1 31 37 41 42 46 57 59 69
1 31 37 41 42 46 57 59 67 68
1 16 57 58 59 64 69 73
1 16 57 58 59 64 69 71 72
1 16 57 58 59 64 67 68 73
1 16 57 58 59 64 67 68 71 72
1 16 57 58 59 62 63 69 73
1 16 57 58 59 62 63 69 71 72
1 16 57 58 59 62 63 67 68 73
1 16 57 58 59 62 63 67 68 71 72
1 16 56 57 59 64 69 73
1 16 56 57 59 64 69 71 72
1 16 56 57 59 64 67 68 73
1 16 56 57 59 64 67 68 71 72
1 16 56 57 59 62 63 69 73
1 16 56 57 59 62 63 69 71 72
1 16 56 57 59 62 63 67 68 73
1 16 56 57 59 62 63 67 68 71 72
1 16 46 57 58 59 64 69
1 16 46 57 58 59 64 67 68
1 16 46 57 58 59 62 63 69
1 16 46 57 58 59 62 63 67 68
1 16 46 56 57 59 64 69
1 16 46 56 57 59 64 67 68
1 16 46 56 57 59 62 63 69
1 16 46 56 57 59 62 63 67 68
1 16 42 57 58 59 64 73
1 16 42 57 58 59 64 71 72
1 16 42 57 58 59 62 63 73
1 16 42 57 58 59 62 63 71 72
1 16 42 56 57 59 64 73
1 16 42 56 57 59 64 71 72
1 16 42 56 57 59 62 63 73
1 16 42 56 57 59 62 63 71 72
1 16 42 46 57 58 59 64
1 16 42 46 57 58 59 62 63
1 16 42 46 56 57 59 64
1 16 42 46 56 57 59 62 63
1 16 37 57 58 59 69 73
1 16 37 57 58 59 69 71 72
1 16 37 57 58 59 67 68 73
1 16 37 57 58 59 67 68 71 72
1 16 37 56 57 59 69 73
1 16 37 56 57 59 69 71 72
1 16 37 56 57 59 67 68 73
1 16 37 56 57 59 67 68 71 72
1 16 37 46 57 58 59 69
1 16 37 46 57 58 59 67 68
1 16 37 46 56 57 59 69
1 16 37 46 56 57 59 67 68
1 16 37 42 57 58 59 73
1 16 37 42 57 58 59 71 72
1 16 37 42 56 57 59 73
1 16 37 42 56 57 59 71 72
1 16 37 42 46 57 58 59
1 16 37 42 46 56 57 59
1 16 31 57 59 64 69 73
1 16 31 57 59 64 69 71 72
1 16 31 57 59 64 67 68 73
1 16 31 57 59 64 67 68 71 72
1 16 31 57 59 62 63 69 73
1 16 31 57 59 62 63 69 71 72
1 16 31 57 59 62 63 67 68 73
1 16 31 57 59 62 63 67 68 71 72
1 16 31 46 57 59 64 69
1 16 31 46 57 59 64 67 68
1 16 31 46 57 59 62 63 69
1 16 31 46 57 59 62 63 67 68
1 16 31 42 57 59 64 73
1 16 31 42 57 59 64 71 72
1 16 31 42 57 59 62 63 73
1 16 31 42 57 59 62 63 71 72
1 16 31 42 46 57 59 64
1 16 31 42 46 57 59 62 63
1 16 31 37 57 59 69 73
1 16 31 37 57 59 69 71 72
1 16 31 37 57 59 67 68 73
1 16 31 37 57 59 67 68 71 72
1 16 31 37 46 57 59 69
1 16 31 37 46 57 59 67 68
1 16 31 37 42 57 59 73
1 16 31 37 42 57 59 71 72
1 16 31 37 42 46 57 59
