73
72
71 72
69
68
68 71
68 69
68 69 78 79
68 69 73
68 69 71
68 69 71 72
67
67 68
67 68 78 79
67 68 73
67 68 71 72
67 68 70
67 68 69
65 78 79
65 66
64
61
61 71
61 69
61 69 78 79
61 69 70
61 68
61 67 68
61 67 68 78 79
59 73 78
59 73 76 77
59 71 73 78
59 71 73 76 77
59 69 71
59 69 70
59 69 70 73 78
59 69 70 73 76 77
59 69 70 71 72 78
59 69 70 71 72 76 77
59 68 69
59 67 69
59 67 68 71
59 67 68 69 70
59 65 66 69
59 65 66 67 68
59 61 73
59 61 73 78
59 61 73 77
59 61 73 76 77
59 61 73 75 76
59 61 71 72
59 61 71 72 78
59 61 71 72 77
59 61 71 72 76 77
59 61 71 72 75 76
59 61 68 73
59 61 68 71 72
59 61 67 68 73
59 61 67 68 71 72
59 61 65 68 73
59 61 65 68 71 72
59 61 65 67 68 73
59 61 65 67 68 71 72
59 61 63 64 68 73
59 61 63 64 68 71 72
59 61 63 64 67 68 73
59 61 63 64 67 68 71 72
59 60 73 78
59 60 73 76 77
59 60 71 72 78
59 60 71 72 76 77
59 60 68 73
59 60 68 71 72
59 60 67 68 73
59 60 67 68 71 72
59 60 61 73
59 60 61 73 77
59 60 61 73 75 76
59 60 61 71 72
59 60 61 71 72 77
59 60 61 71 72 75 76
58 59 61 73
58 59 61 71 72
57
57 61 75
57 61 73 78
57 61 73 76 77
57 61 73 75
57 61 73 74
57 61 72 73
57 61 71 72 78
57 61 71 72 76 77
57 61 71 72 75
57 61 71 72 74
57 61 71 72 73
57 61 71 72 73 74
57 61 69
57 61 67 68
57 61 62 73
57 61 62 71 72
57 60 61
57 59 73 78
57 59 73 78 79
57 59 73 76 78
57 59 73 75
57 59 73 75 78 79
57 59 73 75 76 78
57 59 73 75 76 77
57 59 73 74
57 59 73 74 78 79
57 59 73 74 76 78
57 59 73 74 76 77
57 59 73 74 75 78
57 59 73 74 75 76 77
57 59 71 72 78
57 59 71 72 78 79
57 59 71 72 76 78
57 59 71 72 75
57 59 71 72 75 78 79
57 59 71 72 75 76 78
57 59 71 72 75 76 77
57 59 71 72 73 74
57 59 71 72 73 74 78 79
57 59 71 72 73 74 76 78
57 59 71 72 73 74 76 77
57 59 71 72 73 74 75 78
57 59 71 72 73 74 75 76 77
57 59 65 73 78
57 59 65 73 76 77
57 59 65 71 72 78
57 59 65 71 72 76 77
57 59 62 73 78
57 59 62 73 76 77
57 59 62 71 72 78
57 59 62 71 72 76 77
57 59 61 75
57 59 61 73 78
57 59 61 73 76 77
57 59 61 72 73
57 59 61 71 72 78
57 59 61 71 72 76 77
57 59 61 71 72 74
57 59 61 71 72 73
57 59 61 62 73
57 59 61 62 71 72
57 59 60 73
57 59 60 73 78
57 59 60 73 76 77
57 59 60 73 75 78
57 59 60 73 75 76 77
57 59 60 73 74 78
57 59 60 73 74 76 77
57 59 60 71 72
57 59 60 71 72 78
57 59 60 71 72 76 77
57 59 60 71 72 75 78
57 59 60 71 72 75 76 77
57 59 60 71 72 73 74 78
57 59 60 71 72 73 74 76 77
57 59 60 61
57 59 60 61 73 78
57 59 60 61 73 76 77
57 59 60 61 71 72 78
57 59 60 61 71 72 76 77
57 58 59 73
57 58 59 73 78
57 58 59 73 76 77
57 58 59 73 75 78
57 58 59 73 75 76 77
57 58 59 73 74 78
57 58 59 73 74 76 77
57 58 59 71 72
57 58 59 71 72 78
57 58 59 71 72 76 77
57 58 59 71 72 75 78
57 58 59 71 72 75 76 77
57 58 59 71 72 73 74 78
57 58 59 71 72 73 74 76 77
56 69
56 67 68
55
55 56
55 56 61 69
55 56 61 67 68
54
54 68 71
54 68 69 78 79
54 68 69 70
54 67 68 78 79
54 55 69
54 55 67 68
53 68 69
53 67 68
53 65
53 61 69
53 61 67 68
53 57 59 73
53 57 59 73 75
53 57 59 73 74
53 57 59 71 72
53 57 59 71 72 75
53 57 59 71 72 73 74
53 54 68 69
53 54 67 68
52 71
52 69 78 79
52 69 70
52 67 68 78 79
52 53
52 53 69
52 53 67 68
51 61 68
51 59 73
51 59 71 73
51 59 69 70 73
51 59 69 70 71 72
51 59 61 73
51 59 61 71 72
51 59 60 73
51 59 60 71 72
51 57 61 73
51 57 61 71 72
51 57 59 73
51 57 59 73 76
51 57 59 73 75 76
51 57 59 73 74 76
51 57 59 73 74 75
51 57 59 71 72
51 57 59 71 72 76
51 57 59 71 72 75 76
51 57 59 71 72 73 74 76
51 57 59 71 72 73 74 75
51 57 59 65 73
51 57 59 65 71 72
51 57 59 62 73
51 57 59 62 71 72
51 57 59 61 73
51 57 59 61 71 72
51 57 59 60 73
51 57 59 60 73 75
51 57 59 60 73 74
51 57 59 60 71 72
51 57 59 60 71 72 75
51 57 59 60 71 72 73 74
51 57 59 60 61 73
51 57 59 60 61 71 72
51 57 58 59 73
51 57 58 59 73 75
51 57 58 59 73 74
51 57 58 59 71 72
51 57 58 59 71 72 75
51 57 58 59 71 72 73 74
51 55 68
50 59 61 73
50 59 61 71 72
50 59 60 61 73
50 59 60 61 71 72
49 57 59 73 78
49 57 59 73 76 77
49 57 59 73 75 78
49 57 59 73 75 76 77
49 57 59 73 74 78
49 57 59 73 74 76 77
49 57 59 71 72 78
49 57 59 71 72 76 77
49 57 59 71 72 75 78
49 57 59 71 72 75 76 77
49 57 59 71 72 73 74 78
49 57 59 71 72 73 74 76 77
49 51 57 59 73
49 51 57 59 73 75
49 51 57 59 73 74
49 51 57 59 71 72
49 51 57 59 71 72 75
49 51 57 59 71 72 73 74
49 50 61 68
49 50 55 68
48 57 61
48 57 61 73
48 57 61 71 72
48 57 59 73
48 57 59 73 78
48 57 59 73 78 79
48 57 59 73 76 78
48 57 59 73 74 75 78
48 57 59 73 74 75 76 77
48 57 59 71 72
48 57 59 71 72 78
48 57 59 71 72 78 79
48 57 59 71 72 76 78
48 57 59 71 72 74 75 78
48 57 59 71 72 74 75 76 77
48 57 59 61
48 57 59 60 73 78
48 57 59 60 73 76 77
48 57 59 60 71 72 78
48 57 59 60 71 72 76 77
48 57 58 59 73 78
48 57 58 59 73 76 77
48 57 58 59 71 72 78
48 57 58 59 71 72 76 77
48 53 57 59 73
48 53 57 59 71 72
48 51 57 59 73
48 51 57 59 73 76
48 51 57 59 73 74 75
48 51 57 59 71 72
48 51 57 59 71 72 76
48 51 57 59 71 72 74 75
48 51 57 59 60 73
48 51 57 59 60 71 72
48 51 57 58 59 73
48 51 57 58 59 71 72
48 49 57 59 73 78
48 49 57 59 73 76 77
48 49 57 59 71 72 78
48 49 57 59 71 72 76 77
48 49 51 57 59 73
48 49 51 57 59 71 72
47 57 61 73
47 57 61 71 72
47 57 59 61 73
47 57 59 61 71 72
46
46 68 69
46 67 68
46 59 78
46 59 76 77
46 59 71 78
46 59 71 76 77
46 59 69 70 78
46 59 69 70 76 77
46 59 61
46 59 61 78
46 59 61 77
46 59 61 76 77
46 59 61 75 76
46 59 61 68
46 59 61 67 68
46 59 61 65 68
46 59 61 65 67 68
46 59 61 63 64 68
46 59 61 63 64 67 68
46 59 60 78
46 59 60 76 77
46 59 60 68
46 59 60 67 68
46 59 60 61
46 59 60 61 77
46 59 60 61 75 76
46 58 59 61
46 57 61 78
46 57 61 76 77
46 57 61 75
46 57 61 74
46 57 61 73 74
46 57 61 72 73
46 57 61 62
46 57 59 78
46 57 59 78 79
46 57 59 76 78
46 57 59 75
46 57 59 75 78 79
46 57 59 75 76 78
46 57 59 75 76 77
46 57 59 73 74
46 57 59 73 74 78 79
46 57 59 73 74 76 78
46 57 59 73 74 76 77
46 57 59 73 74 75 78
46 57 59 73 74 75 76 77
46 57 59 65 78
46 57 59 65 76 77
46 57 59 62 78
46 57 59 62 76 77
46 57 59 61 78
46 57 59 61 76 77
46 57 59 61 74
46 57 59 61 72 73
46 57 59 61 62
46 57 59 60
46 57 59 60 78
46 57 59 60 76 77
46 57 59 60 75 78
46 57 59 60 75 76 77
46 57 59 60 73 74 78
46 57 59 60 73 74 76 77
46 57 59 60 61 78
46 57 59 60 61 76 77
46 57 58 59
46 57 58 59 78
46 57 58 59 76 77
46 57 58 59 75 78
46 57 58 59 75 76 77
46 57 58 59 73 74 78
46 57 58 59 73 74 76 77
46 53 57 59
46 53 57 59 75
46 53 57 59 73 74
46 51 59
46 51 59 71
46 51 59 69 70
46 51 59 61
46 51 59 60
46 51 57 61
46 51 57 59
46 51 57 59 76
46 51 57 59 75 76
46 51 57 59 73 74 76
46 51 57 59 73 74 75
46 51 57 59 65
46 51 57 59 62
46 51 57 59 61
46 51 57 59 60
46 51 57 59 60 75
46 51 57 59 60 73 74
46 51 57 59 60 61
46 51 57 58 59
46 51 57 58 59 75
46 51 57 58 59 73 74
46 50 59 61
46 50 59 60 61
46 49 57 59 78
46 49 57 59 76 77
46 49 57 59 75 78
46 49 57 59 75 76 77
46 49 57 59 73 74 78
46 49 57 59 73 74 76 77
46 49 51 57 59
46 49 51 57 59 75
46 49 51 57 59 73 74
46 48 57 61
46 48 57 59
46 48 57 59 78
46 48 57 59 78 79
46 48 57 59 76 78
46 48 57 59 74 75 78
46 48 57 59 74 75 76 77
46 48 57 59 60 78
46 48 57 59 60 76 77
46 48 57 58 59 78
46 48 57 58 59 76 77
46 48 53 57 59
46 48 51 57 59
46 48 51 57 59 76
46 48 51 57 59 74 75
46 48 51 57 59 60
46 48 51 57 58 59
46 48 49 57 59 78
46 48 49 57 59 76 77
46 48 49 51 57 59
46 47 57 61
46 47 57 59 78
46 47 57 59 76 77
46 47 57 59 73 78
46 47 57 59 73 76 77
46 47 57 59 71 72 78
46 47 57 59 71 72 76 77
46 47 57 59 61
46 47 51 57 59
46 47 51 57 59 73
46 47 51 57 59 71 72
44 70
44 68
44 68 69
44 61
44 59 73 78
44 59 73 76 77
44 59 71 72 78
44 59 71 72 76 77
44 59 69
44 59 67 68
44 59 60 73
44 59 60 71 72
44 57 59 73
44 57 59 73 78
44 57 59 73 77
44 57 59 73 76 77
44 57 59 73 75 76
44 57 59 71 72
44 57 59 71 72 78
44 57 59 71 72 77
44 57 59 71 72 76 77
44 57 59 71 72 75 76
44 57 59 61 73
44 57 59 61 71 72
44 57 58 59 73
44 57 58 59 71 72
44 54 68
44 52
44 51 59 73
44 51 59 71 72
44 51 57 59 73
44 51 57 59 71 72
44 50 57 59 73
44 50 57 59 71 72
44 46 59 78
44 46 59 76 77
44 46 59 60
44 46 57 59
44 46 57 59 78
44 46 57 59 77
44 46 57 59 76 77
44 46 57 59 75 76
44 46 57 59 61
44 46 57 58 59
44 46 51 59
44 46 51 57 59
44 46 50 57 59
43 69
43 69 78 79
43 67 68
43 67 68 78 79
43 53 69
43 53 67 68
43 44
42
42 70
42 68 78 79
42 68 73
42 68 71 72
42 68 69
42 61
42 61 78 79
42 61 75
42 61 73 74
42 59 71
42 59 69 70
42 59 68
42 59 67
42 59 65 66
42 59 61 73 78
42 59 61 73 76 77
42 59 61 71 72 78
42 59 61 71 72 76 77
42 59 61 65 73
42 59 61 65 71 72
42 59 61 63 73
42 59 61 63 71 72
42 59 61 63 64 73
42 59 61 63 64 71 72
42 59 60 61 75
42 59 60 61 73 74
42 59 60 61 63 73
42 59 60 61 63 71 72
42 57 61
42 57 61 73
42 57 61 71 72
42 57 59 73
42 57 59 71 72
42 57 59 65 73
42 57 59 65 73 78
42 57 59 65 73 76 77
42 57 59 65 71 72
42 57 59 65 71 72 78
42 57 59 65 71 72 76 77
42 57 59 61 73 77 78
42 57 59 61 73 76 77
42 57 59 61 73 75 76 78
42 57 59 61 73 75 76 77
42 57 59 61 71 72 77 78
42 57 59 61 71 72 76 77
42 57 59 61 71 72 75 76 78
42 57 59 61 71 72 75 76 77
42 57 59 61 68 73 77
42 57 59 61 68 73 75 76
42 57 59 61 68 71 72 77
42 57 59 61 68 71 72 75 76
42 57 59 61 67 68 73 77
42 57 59 61 67 68 73 75 76
42 57 59 61 67 68 71 72 77
42 57 59 61 67 68 71 72 75 76
42 57 59 61 63 73
42 57 59 61 63 71 72
42 57 59 61 62 73
42 57 59 61 62 71 72
42 57 59 60 61 73
42 57 59 60 61 73 77
42 57 59 60 61 73 75 76
42 57 59 60 61 71 72
42 57 59 60 61 71 72 77
42 57 59 60 61 71 72 75 76
42 56
42 55 56 61
42 54 68 78 79
42 54 55
42 53 68
42 53 61
42 53 54 68
42 52 78 79
42 52 53
42 51 59 61 73
42 51 59 61 71 72
42 51 57 59 65 73
42 51 57 59 65 71 72
42 51 57 59 61 73 77
42 51 57 59 61 73 75 76
42 51 57 59 61 71 72 77
42 51 57 59 61 71 72 75 76
42 50 57 59 61 73 78
42 50 57 59 61 73 76 77
42 50 57 59 61 71 72 78
42 50 57 59 61 71 72 76 77
42 50 57 59 61 68 73
42 50 57 59 61 68 71 72
42 50 57 59 61 67 68 73
42 50 57 59 61 67 68 71 72
42 50 57 59 60 61 73
42 50 57 59 60 61 71 72
42 50 51 57 59 61 73
42 50 51 57 59 61 71 72
42 48 61
42 48 59 60 61
42 46 68
42 46 59 61 78
42 46 59 61 76 77
42 46 59 61 65
42 46 59 61 63
42 46 59 61 63 64
42 46 59 60 61 63
42 46 57 61
42 46 57 59
42 46 57 59 65
42 46 57 59 65 78
42 46 57 59 65 76 77
42 46 57 59 61 77 78
42 46 57 59 61 76 77
42 46 57 59 61 75 76 78
42 46 57 59 61 75 76 77
42 46 57 59 61 68 77
42 46 57 59 61 68 75 76
42 46 57 59 61 67 68 77
42 46 57 59 61 67 68 75 76
42 46 57 59 61 63
42 46 57 59 61 62
42 46 57 59 60 61
42 46 57 59 60 61 77
42 46 57 59 60 61 75 76
42 46 51 59 61
42 46 51 57 59 65
42 46 51 57 59 61 77
42 46 51 57 59 61 75 76
42 46 50 57 59 61 78
42 46 50 57 59 61 76 77
42 46 50 57 59 61 68
42 46 50 57 59 61 67 68
42 46 50 57 59 60 61
42 46 50 51 57 59 61
42 44 59
42 43
42 43 78 79
42 43 59 60 73
42 43 59 60 71 72
42 43 57 59 73
42 43 57 59 73 78
42 43 57 59 73 77
42 43 57 59 73 76 77
42 43 57 59 73 75 76
42 43 57 59 71 72
42 43 57 59 71 72 78
42 43 57 59 71 72 77
42 43 57 59 71 72 76 77
42 43 57 59 71 72 75 76
42 43 57 59 61 73
42 43 57 59 61 71 72
42 43 57 58 59 73
42 43 57 58 59 71 72
42 43 53
42 43 51 57 59 73
42 43 51 57 59 71 72
42 43 50 57 59 73
42 43 50 57 59 71 72
42 43 46 59 60
42 43 46 57 59
42 43 46 57 59 78
42 43 46 57 59 77
42 43 46 57 59 76 77
42 43 46 57 59 75 76
42 43 46 57 59 61
42 43 46 57 58 59
42 43 46 51 57 59
42 43 46 50 57 59
40
40 59 69
40 59 67 68
40 42 59
40 41 61 75
40 41 61 73 74
40 41 59 61 73
40 41 59 61 73 78
40 41 59 61 73 76 77
40 41 59 61 71 72
40 41 59 61 71 72 78
40 41 59 61 71 72 76 77
40 41 59 61 63 73
40 41 59 61 63 71 72
40 41 59 60 73
40 41 59 60 71 72
40 41 59 60 61 75
40 41 59 60 61 73 74
40 41 59 60 61 63 73
40 41 59 60 61 63 71 72
40 41 57 61 73
40 41 57 61 71 72
40 41 57 59 73
40 41 57 59 71 72
40 41 57 59 65 73
40 41 57 59 65 73 78
40 41 57 59 65 73 76 77
40 41 57 59 65 71 72
40 41 57 59 65 71 72 78
40 41 57 59 65 71 72 76 77
40 41 57 59 61 73 77
40 41 57 59 61 73 77 78
40 41 57 59 61 73 76 77
40 41 57 59 61 73 75 76
40 41 57 59 61 73 75 76 78
40 41 57 59 61 73 75 76 77
40 41 57 59 61 71 72 77
40 41 57 59 61 71 72 77 78
40 41 57 59 61 71 72 76 77
40 41 57 59 61 71 72 75 76
40 41 57 59 61 71 72 75 76 78
40 41 57 59 61 71 72 75 76 77
40 41 57 59 61 68 73 77
40 41 57 59 61 68 73 75 76
40 41 57 59 61 68 71 72 77
40 41 57 59 61 68 71 72 75 76
40 41 57 59 61 67 68 73 77
40 41 57 59 61 67 68 73 75 76
40 41 57 59 61 67 68 71 72 77
40 41 57 59 61 67 68 71 72 75 76
40 41 57 59 61 63 73
40 41 57 59 61 63 71 72
40 41 57 59 61 62 73
40 41 57 59 61 62 71 72
40 41 57 59 60 61 73
40 41 57 59 60 61 73 77
40 41 57 59 60 61 73 75 76
40 41 57 59 60 61 71 72
40 41 57 59 60 61 71 72 77
40 41 57 59 60 61 71 72 75 76
40 41 51 59 61 73
40 41 51 59 61 71 72
40 41 51 57 59 65 73
40 41 51 57 59 65 71 72
40 41 51 57 59 61 73 77
40 41 51 57 59 61 73 75 76
40 41 51 57 59 61 71 72 77
40 41 51 57 59 61 71 72 75 76
40 41 50 57 59 61 73
40 41 50 57 59 61 73 78
40 41 50 57 59 61 73 76 77
40 41 50 57 59 61 71 72
40 41 50 57 59 61 71 72 78
40 41 50 57 59 61 71 72 76 77
40 41 50 57 59 61 68 73
40 41 50 57 59 61 68 71 72
40 41 50 57 59 61 67 68 73
40 41 50 57 59 61 67 68 71 72
40 41 50 57 59 60 61 73
40 41 50 57 59 60 61 71 72
40 41 50 51 57 59 61 73
40 41 50 51 57 59 61 71 72
40 41 48 61
40 41 48 59 60 61
40 41 46 59 61
40 41 46 59 61 78
40 41 46 59 61 76 77
40 41 46 59 61 63
40 41 46 59 60
40 41 46 59 60 61 63
40 41 46 57 61
40 41 46 57 59
40 41 46 57 59 65
40 41 46 57 59 65 78
40 41 46 57 59 65 76 77
40 41 46 57 59 61 77
40 41 46 57 59 61 77 78
40 41 46 57 59 61 76 77
40 41 46 57 59 61 75 76
40 41 46 57 59 61 75 76 78
40 41 46 57 59 61 75 76 77
40 41 46 57 59 61 68 77
40 41 46 57 59 61 68 75 76
40 41 46 57 59 61 67 68 77
40 41 46 57 59 61 67 68 75 76
40 41 46 57 59 61 63
40 41 46 57 59 61 62
40 41 46 57 59 60 61
40 41 46 57 59 60 61 77
40 41 46 57 59 60 61 75 76
40 41 46 51 59 61
40 41 46 51 57 59 65
40 41 46 51 57 59 61 77
40 41 46 51 57 59 61 75 76
40 41 46 50 57 59 61
40 41 46 50 57 59 61 78
40 41 46 50 57 59 61 76 77
40 41 46 50 57 59 61 68
40 41 46 50 57 59 61 67 68
40 41 46 50 57 59 60 61
40 41 46 50 51 57 59 61
40 41 42 57 59 61 73 77
40 41 42 57 59 61 73 75 76
40 41 42 57 59 61 71 72 77
40 41 42 57 59 61 71 72 75 76
40 41 42 50 57 59 61 73
40 41 42 50 57 59 61 71 72
40 41 42 46 57 59 61 77
40 41 42 46 57 59 61 75 76
40 41 42 46 50 57 59 61
38 59 61 68 73
38 59 61 68 71 72
38 59 61 67 68 73
38 59 61 67 68 71 72
38 46 59 61 68
38 46 59 61 67 68
38 42 59 61 73
38 42 59 61 71 72
38 42 46 59 61
36 69
36 68 69
36 67
36 65 66
36 42
36 42 68
36 42 57 59 61 73
36 42 57 59 61 71 72
36 42 46 57 59 61
36 40
36 40 41 57 59 61 73
36 40 41 57 59 61 71 72
36 40 41 46 57 59 61
35 57 59 73 78
35 57 59 73 76 77
35 57 59 71 72 78
35 57 59 71 72 76 77
35 51 57 59 73
35 51 57 59 71 72
35 46 57 59 78
35 46 57 59 76 77
35 46 51 57 59
34
34 69
34 68 78 79
34 68 73
34 68 71 72
34 68 69
34 68 69 73
34 68 69 71 72
34 67 68 73
34 67 68 71 72
34 61
34 61 69
34 61 67 68
34 59 73 78
34 59 73 76 77
34 59 71 72 78
34 59 71 72 76 77
34 59 68 73
34 59 68 71 72
34 59 67 68 73
34 59 67 68 71 72
34 59 61 73 77
34 59 61 73 75 76
34 59 61 71 72 77
34 59 61 71 72 75 76
34 57 59 73 78
34 57 59 73 76 77
34 57 59 71 72 78
34 57 59 71 72 76 77
34 55 61
34 53 68
34 51 59 73
34 51 59 71 72
34 51 57 59 73
34 51 57 59 71 72
34 50 59 61 73
34 50 59 61 71 72
34 46 68
34 46 68 69
34 46 67 68
34 46 59 78
34 46 59 76 77
34 46 59 68
34 46 59 67 68
34 46 59 61 77
34 46 59 61 75 76
34 46 57 59 78
34 46 57 59 76 77
34 46 51 59
34 46 51 57 59
34 46 50 59 61
34 44 59 73
34 44 59 71 72
34 44 57 59 73
34 44 57 59 71 72
34 44 46 59
34 44 46 57 59
34 42
34 42 68
34 42 68 73
34 42 68 71 72
34 42 61
34 42 61 75
34 42 61 73 74
34 42 59 61 63 73
34 42 59 61 63 71 72
34 42 57 59 61 73
34 42 57 59 61 73 77
34 42 57 59 61 73 75 76
34 42 57 59 61 71 72
34 42 57 59 61 71 72 77
34 42 57 59 61 71 72 75 76
34 42 50 57 59 61 73
34 42 50 57 59 61 71 72
34 42 48 61
34 42 46 68
34 42 46 59 61 63
34 42 46 57 59 61
34 42 46 57 59 61 77
34 42 46 57 59 61 75 76
34 42 46 50 57 59 61
34 42 43 59 73
34 42 43 59 71 72
34 42 43 57 59 73
34 42 43 57 59 71 72
34 42 43 46 59
34 42 43 46 57 59
34 40 41 61 75
34 40 41 61 73 74
34 40 41 59 73
34 40 41 59 71 72
34 40 41 59 61 63 73
34 40 41 59 61 63 71 72
34 40 41 57 59 61 73
34 40 41 57 59 61 73 77
34 40 41 57 59 61 73 75 76
34 40 41 57 59 61 71 72
34 40 41 57 59 61 71 72 77
34 40 41 57 59 61 71 72 75 76
34 40 41 50 57 59 61 73
34 40 41 50 57 59 61 71 72
34 40 41 48 61
34 40 41 46 59
34 40 41 46 59 61 63
34 40 41 46 57 59 61
34 40 41 46 57 59 61 77
34 40 41 46 57 59 61 75 76
34 40 41 46 50 57 59 61
34 35
33 59 61 73
33 59 61 71 72
33 57 61
33 57 59 73
33 57 59 73 75 78
33 57 59 73 75 76 77
33 57 59 73 74 78
33 57 59 73 74 76 77
33 57 59 71 72
33 57 59 71 72 75 78
33 57 59 71 72 75 76 77
33 57 59 71 72 73 74 78
33 57 59 71 72 73 74 76 77
33 57 59 61
33 51 57 59 73 75
33 51 57 59 73 74
33 51 57 59 71 72 75
33 51 57 59 71 72 73 74
33 48 57 59 73 78
33 48 57 59 73 76 77
33 48 57 59 71 72 78
33 48 57 59 71 72 76 77
33 48 51 57 59 73
33 48 51 57 59 71 72
33 46 59 61
33 46 57 59
33 46 57 59 75 78
33 46 57 59 75 76 77
33 46 57 59 73 74 78
33 46 57 59 73 74 76 77
33 46 51 57 59 75
33 46 51 57 59 73 74
33 46 48 57 59 78
33 46 48 57 59 76 77
33 46 48 51 57 59
33 44 57 59 73
33 44 57 59 71 72
33 44 46 57 59
33 42 43 57 59 73
33 42 43 57 59 71 72
33 42 43 46 57 59
32 57 59 73 78
32 57 59 73 76 77
32 57 59 71 72 78
32 57 59 71 72 76 77
32 51 57 59 73
32 51 57 59 71 72
32 46 57 59 78
32 46 57 59 76 77
32 46 51 57 59
31 57 59 73 78
31 57 59 73 76 77
31 57 59 71 72 78
31 57 59 71 72 76 77
31 51 57 59 73
31 51 57 59 71 72
31 46 57 59 78
31 46 57 59 76 77
31 46 51 57 59
30
30 61 69
30 61 67 68
30 57 59 73
30 57 59 73 78
30 57 59 73 78 79
30 57 59 73 76 77
30 57 59 71 72
30 57 59 71 72 78
30 57 59 71 72 78 79
30 57 59 71 72 76 77
30 53 57 59 73
30 53 57 59 71 72
30 51 57 59 73
30 51 57 59 71 72
30 46 57 59
30 46 57 59 78
30 46 57 59 78 79
30 46 57 59 76 77
30 46 53 57 59
30 46 51 57 59
30 42 61
30 42 57 59 73 78
30 42 57 59 73 77 78
30 42 57 59 73 75 76 78
30 42 57 59 73 75 76 77
30 42 57 59 71 72 78
30 42 57 59 71 72 77 78
30 42 57 59 71 72 75 76 78
30 42 57 59 71 72 75 76 77
30 42 57 59 61 73 77
30 42 57 59 61 73 75 76
30 42 57 59 61 71 72 77
30 42 57 59 61 71 72 75 76
30 42 57 59 60 61 73 77
30 42 57 59 60 61 73 75 76
30 42 57 59 60 61 71 72 77
30 42 57 59 60 61 71 72 75 76
30 42 51 57 59 73
30 42 51 57 59 73 77
30 42 51 57 59 73 75 76
30 42 51 57 59 71 72
30 42 51 57 59 71 72 77
30 42 51 57 59 71 72 75 76
30 42 50 57 59 73 78
30 42 50 57 59 73 76 77
30 42 50 57 59 71 72 78
30 42 50 57 59 71 72 76 77
30 42 50 57 59 61 73
30 42 50 57 59 61 71 72
30 42 50 57 59 60 61 73
30 42 50 57 59 60 61 71 72
30 42 50 51 57 59 73
30 42 50 51 57 59 71 72
30 42 46 57 59 78
30 42 46 57 59 77 78
30 42 46 57 59 75 76 78
30 42 46 57 59 75 76 77
30 42 46 57 59 61 77
30 42 46 57 59 61 75 76
30 42 46 57 59 60 61 77
30 42 46 57 59 60 61 75 76
30 42 46 51 57 59
30 42 46 51 57 59 77
30 42 46 51 57 59 75 76
30 42 46 50 57 59 78
30 42 46 50 57 59 76 77
30 42 46 50 57 59 61
30 42 46 50 57 59 60 61
30 42 46 50 51 57 59
30 40 41 57 59 73 78
30 40 41 57 59 73 77 78
30 40 41 57 59 73 75 76 78
30 40 41 57 59 73 75 76 77
30 40 41 57 59 71 72 78
30 40 41 57 59 71 72 77 78
30 40 41 57 59 71 72 75 76 78
30 40 41 57 59 71 72 75 76 77
30 40 41 57 59 61 73 77
30 40 41 57 59 61 73 75 76
30 40 41 57 59 61 71 72 77
30 40 41 57 59 61 71 72 75 76
30 40 41 57 59 60 61 73 77
30 40 41 57 59 60 61 73 75 76
30 40 41 57 59 60 61 71 72 77
30 40 41 57 59 60 61 71 72 75 76
30 40 41 51 57 59 73
30 40 41 51 57 59 73 77
30 40 41 51 57 59 73 75 76
30 40 41 51 57 59 71 72
30 40 41 51 57 59 71 72 77
30 40 41 51 57 59 71 72 75 76
30 40 41 50 57 59 73 78
30 40 41 50 57 59 73 76 77
30 40 41 50 57 59 71 72 78
30 40 41 50 57 59 71 72 76 77
30 40 41 50 57 59 61 73
30 40 41 50 57 59 61 71 72
30 40 41 50 57 59 60 61 73
30 40 41 50 57 59 60 61 71 72
30 40 41 50 51 57 59 73
30 40 41 50 51 57 59 71 72
30 40 41 46 57 59 78
30 40 41 46 57 59 77 78
30 40 41 46 57 59 75 76 78
30 40 41 46 57 59 75 76 77
30 40 41 46 57 59 61 77
30 40 41 46 57 59 61 75 76
30 40 41 46 57 59 60 61 77
30 40 41 46 57 59 60 61 75 76
30 40 41 46 51 57 59
30 40 41 46 51 57 59 77
30 40 41 46 51 57 59 75 76
30 40 41 46 50 57 59 78
30 40 41 46 50 57 59 76 77
30 40 41 46 50 57 59 61
30 40 41 46 50 57 59 60 61
30 40 41 46 50 51 57 59
30 34 42 57 59 61 73 77
30 34 42 57 59 61 73 75 76
30 34 42 57 59 61 71 72 77
30 34 42 57 59 61 71 72 75 76
30 34 42 50 57 59 61 73
30 34 42 50 57 59 61 71 72
30 34 42 46 57 59 61 77
30 34 42 46 57 59 61 75 76
30 34 42 46 50 57 59 61
30 34 40 41 57 59 61 73 77
30 34 40 41 57 59 61 73 75 76
30 34 40 41 57 59 61 71 72 77
30 34 40 41 57 59 61 71 72 75 76
30 34 40 41 50 57 59 61 73
30 34 40 41 50 57 59 61 71 72
30 34 40 41 46 57 59 61 77
30 34 40 41 46 57 59 61 75 76
30 34 40 41 46 50 57 59 61
29 69
29 67 68
29 42
28 29 57 59 73
28 29 57 59 73 78
28 29 57 59 73 78 79
28 29 57 59 73 76 77
28 29 57 59 71 72
28 29 57 59 71 72 78
28 29 57 59 71 72 78 79
28 29 57 59 71 72 76 77
28 29 53 57 59 73
28 29 53 57 59 71 72
28 29 51 57 59 73
28 29 51 57 59 71 72
28 29 46 57 59
28 29 46 57 59 78
28 29 46 57 59 78 79
28 29 46 57 59 76 77
28 29 46 53 57 59
28 29 46 51 57 59
28 29 42 57 59 73 78
28 29 42 57 59 73 77 78
28 29 42 57 59 73 75 76 78
28 29 42 57 59 73 75 76 77
28 29 42 57 59 71 72 78
28 29 42 57 59 71 72 77 78
28 29 42 57 59 71 72 75 76 78
28 29 42 57 59 71 72 75 76 77
28 29 42 57 59 61 73 77
28 29 42 57 59 61 73 75 76
28 29 42 57 59 61 71 72 77
28 29 42 57 59 61 71 72 75 76
28 29 42 57 59 60 61 73 77
28 29 42 57 59 60 61 73 75 76
28 29 42 57 59 60 61 71 72 77
28 29 42 57 59 60 61 71 72 75 76
28 29 42 51 57 59 73
28 29 42 51 57 59 73 77
28 29 42 51 57 59 73 75 76
28 29 42 51 57 59 71 72
28 29 42 51 57 59 71 72 77
28 29 42 51 57 59 71 72 75 76
28 29 42 50 57 59 73 78
28 29 42 50 57 59 73 76 77
28 29 42 50 57 59 71 72 78
28 29 42 50 57 59 71 72 76 77
28 29 42 50 57 59 61 73
28 29 42 50 57 59 61 71 72
28 29 42 50 57 59 60 61 73
28 29 42 50 57 59 60 61 71 72
28 29 42 50 51 57 59 73
28 29 42 50 51 57 59 71 72
28 29 42 46 57 59 78
28 29 42 46 57 59 77 78
28 29 42 46 57 59 75 76 78
28 29 42 46 57 59 75 76 77
28 29 42 46 57 59 61 77
28 29 42 46 57 59 61 75 76
28 29 42 46 57 59 60 61 77
28 29 42 46 57 59 60 61 75 76
28 29 42 46 51 57 59
28 29 42 46 51 57 59 77
28 29 42 46 51 57 59 75 76
28 29 42 46 50 57 59 78
28 29 42 46 50 57 59 76 77
28 29 42 46 50 57 59 61
28 29 42 46 50 57 59 60 61
28 29 42 46 50 51 57 59
28 29 40 41 57 59 73 78
28 29 40 41 57 59 73 77 78
28 29 40 41 57 59 73 75 76 78
28 29 40 41 57 59 73 75 76 77
28 29 40 41 57 59 71 72 78
28 29 40 41 57 59 71 72 77 78
28 29 40 41 57 59 71 72 75 76 78
28 29 40 41 57 59 71 72 75 76 77
28 29 40 41 57 59 61 73 77
28 29 40 41 57 59 61 73 75 76
28 29 40 41 57 59 61 71 72 77
28 29 40 41 57 59 61 71 72 75 76
28 29 40 41 57 59 60 61 73 77
28 29 40 41 57 59 60 61 73 75 76
28 29 40 41 57 59 60 61 71 72 77
28 29 40 41 57 59 60 61 71 72 75 76
28 29 40 41 51 57 59 73
28 29 40 41 51 57 59 73 77
28 29 40 41 51 57 59 73 75 76
28 29 40 41 51 57 59 71 72
28 29 40 41 51 57 59 71 72 77
28 29 40 41 51 57 59 71 72 75 76
28 29 40 41 50 57 59 73 78
28 29 40 41 50 57 59 73 76 77
28 29 40 41 50 57 59 71 72 78
28 29 40 41 50 57 59 71 72 76 77
28 29 40 41 50 57 59 61 73
28 29 40 41 50 57 59 61 71 72
28 29 40 41 50 57 59 60 61 73
28 29 40 41 50 57 59 60 61 71 72
28 29 40 41 50 51 57 59 73
28 29 40 41 50 51 57 59 71 72
28 29 40 41 46 57 59 78
28 29 40 41 46 57 59 77 78
28 29 40 41 46 57 59 75 76 78
28 29 40 41 46 57 59 75 76 77
28 29 40 41 46 57 59 61 77
28 29 40 41 46 57 59 61 75 76
28 29 40 41 46 57 59 60 61 77
28 29 40 41 46 57 59 60 61 75 76
28 29 40 41 46 51 57 59
28 29 40 41 46 51 57 59 77
28 29 40 41 46 51 57 59 75 76
28 29 40 41 46 50 57 59 78
28 29 40 41 46 50 57 59 76 77
28 29 40 41 46 50 57 59 61
28 29 40 41 46 50 57 59 60 61
28 29 40 41 46 50 51 57 59
28 29 34 42 57 59 61 73 77
28 29 34 42 57 59 61 73 75 76
28 29 34 42 57 59 61 71 72 77
28 29 34 42 57 59 61 71 72 75 76
28 29 34 42 50 57 59 61 73
28 29 34 42 50 57 59 61 71 72
28 29 34 42 46 57 59 61 77
28 29 34 42 46 57 59 61 75 76
28 29 34 42 46 50 57 59 61
28 29 34 40 41 57 59 61 73 77
28 29 34 40 41 57 59 61 73 75 76
28 29 34 40 41 57 59 61 71 72 77
28 29 34 40 41 57 59 61 71 72 75 76
28 29 34 40 41 50 57 59 61 73
28 29 34 40 41 50 57 59 61 71 72
28 29 34 40 41 46 57 59 61 77
28 29 34 40 41 46 57 59 61 75 76
28 29 34 40 41 46 50 57 59 61
28 29 31 57 59 73 78
28 29 31 57 59 73 76 77
28 29 31 57 59 71 72 78
28 29 31 57 59 71 72 76 77
28 29 31 51 57 59 73
28 29 31 51 57 59 71 72
28 29 31 46 57 59 78
28 29 31 46 57 59 76 77
28 29 31 46 51 57 59
28 29 30 57 59 73 78
28 29 30 57 59 73 76 77
28 29 30 57 59 71 72 78
28 29 30 57 59 71 72 76 77
28 29 30 51 57 59 73
28 29 30 51 57 59 71 72
28 29 30 46 57 59 78
28 29 30 46 57 59 76 77
28 29 30 46 51 57 59
27
26 69
26 67 68
26 42
24 61 68
24 55 68
24 25 69
24 25 67 68
24 25 42
22 68
22 68 69
22 67 68
22 42 68
21 57 59 73 78
21 57 59 73 76 77
21 57 59 71 72 78
21 57 59 71 72 76 77
21 51 57 59 73
21 51 57 59 71 72
21 46 57 59 78
21 46 57 59 76 77
21 46 51 57 59
20 68 69
20 65 66 68
20 61 68
20 55 68
20 54 68 69
20 54 67 68
20 52 69
20 52 67 68
20 43 69
20 43 67 68
20 42 68
20 42 54 68
20 42 52
20 42 43
20 40 68
20 34
20 34 68 69 73
20 34 68 69 71 72
20 34 67 68 73
20 34 67 68 71 72
20 34 46 68 69
20 34 46 67 68
20 34 42 68 73
20 34 42 68 71 72
20 34 42 46 68
19 20 69
19 20 67 68
19 20 42
18
17 59 60 73
17 59 60 71 72
17 57 61 73
17 57 61 71 72
17 57 59 73
17 57 59 73 77
17 57 59 73 75 76
17 57 59 71 72
17 57 59 71 72 77
17 57 59 71 72 75 76
17 57 58 59 73
17 57 58 59 71 72
17 50 57 59 73
17 50 57 59 71 72
17 46 59 60
17 46 57 61
17 46 57 59
17 46 57 59 77
17 46 57 59 75 76
17 46 57 58 59
17 46 50 57 59
17 34 59 73
17 34 59 71 72
17 34 57 59 73
17 34 57 59 71 72
17 34 46 59
17 34 46 57 59
17 33 57 59 73
17 33 57 59 71 72
17 33 46 57 59
17 30 42 57 59 73 78
17 30 42 57 59 73 76 77
17 30 42 57 59 71 72 78
17 30 42 57 59 71 72 76 77
17 30 42 51 57 59 73
17 30 42 51 57 59 71 72
17 30 42 46 57 59 78
17 30 42 46 57 59 76 77
17 30 42 46 51 57 59
17 30 40 41 57 59 73 78
17 30 40 41 57 59 73 76 77
17 30 40 41 57 59 71 72 78
17 30 40 41 57 59 71 72 76 77
17 30 40 41 51 57 59 73
17 30 40 41 51 57 59 71 72
17 30 40 41 46 57 59 78
17 30 40 41 46 57 59 76 77
17 30 40 41 46 51 57 59
17 28 29 42 57 59 73 78
17 28 29 42 57 59 73 76 77
17 28 29 42 57 59 71 72 78
17 28 29 42 57 59 71 72 76 77
17 28 29 42 51 57 59 73
17 28 29 42 51 57 59 71 72
17 28 29 42 46 57 59 78
17 28 29 42 46 57 59 76 77
17 28 29 42 46 51 57 59
17 28 29 40 41 57 59 73 78
17 28 29 40 41 57 59 73 76 77
17 28 29 40 41 57 59 71 72 78
17 28 29 40 41 57 59 71 72 76 77
17 28 29 40 41 51 57 59 73
17 28 29 40 41 51 57 59 71 72
17 28 29 40 41 46 57 59 78
17 28 29 40 41 46 57 59 76 77
17 28 29 40 41 46 51 57 59
17 18 20 69
17 18 20 67 68
17 18 20 42
15 61 75
15 61 73 74
15 59 61 73
15 59 61 73 78
15 59 61 73 76 77
15 59 61 71 72
15 59 61 71 72 78
15 59 61 71 72 76 77
15 59 61 63 73
15 59 61 63 71 72
15 59 60 73
15 59 60 71 72
15 59 60 61 75
15 59 60 61 73 74
15 59 60 61 63 73
15 59 60 61 63 71 72
15 57 61 73
15 57 61 71 72
15 57 59 73
15 57 59 71 72
15 57 59 65 73
15 57 59 65 73 78
15 57 59 65 73 76 77
15 57 59 65 71 72
15 57 59 65 71 72 78
15 57 59 65 71 72 76 77
15 57 59 61 73 77
15 57 59 61 73 77 78
15 57 59 61 73 76 77
15 57 59 61 73 75 76
15 57 59 61 73 75 76 78
15 57 59 61 73 75 76 77
15 57 59 61 71 72 77
15 57 59 61 71 72 77 78
15 57 59 61 71 72 76 77
15 57 59 61 71 72 75 76
15 57 59 61 71 72 75 76 78
15 57 59 61 71 72 75 76 77
15 57 59 61 68 73 77
15 57 59 61 68 73 75 76
15 57 59 61 68 71 72 77
15 57 59 61 68 71 72 75 76
15 57 59 61 67 68 73 77
15 57 59 61 67 68 73 75 76
15 57 59 61 67 68 71 72 77
15 57 59 61 67 68 71 72 75 76
15 57 59 61 63 73
15 57 59 61 63 71 72
15 57 59 61 62 73
15 57 59 61 62 71 72
15 57 59 60 61 73
15 57 59 60 61 73 77
15 57 59 60 61 73 75 76
15 57 59 60 61 71 72
15 57 59 60 61 71 72 77
15 57 59 60 61 71 72 75 76
15 51 59 61 73
15 51 59 61 71 72
15 51 57 59 65 73
15 51 57 59 65 71 72
15 51 57 59 61 73 77
15 51 57 59 61 73 75 76
15 51 57 59 61 71 72 77
15 51 57 59 61 71 72 75 76
15 50 57 59 61 73
15 50 57 59 61 73 78
15 50 57 59 61 73 76 77
15 50 57 59 61 71 72
15 50 57 59 61 71 72 78
15 50 57 59 61 71 72 76 77
15 50 57 59 61 68 73
15 50 57 59 61 68 71 72
15 50 57 59 61 67 68 73
15 50 57 59 61 67 68 71 72
15 50 57 59 60 61 73
15 50 57 59 60 61 71 72
15 50 51 57 59 61 73
15 50 51 57 59 61 71 72
15 48 61
15 48 59 60 61
15 46 59 61
15 46 59 61 78
15 46 59 61 76 77
15 46 59 61 63
15 46 59 60
15 46 59 60 61 63
15 46 57 61
15 46 57 59
15 46 57 59 65
15 46 57 59 65 78
15 46 57 59 65 76 77
15 46 57 59 61 77
15 46 57 59 61 77 78
15 46 57 59 61 76 77
15 46 57 59 61 75 76
15 46 57 59 61 75 76 78
15 46 57 59 61 75 76 77
15 46 57 59 61 68 77
15 46 57 59 61 68 75 76
15 46 57 59 61 67 68 77
15 46 57 59 61 67 68 75 76
15 46 57 59 61 63
15 46 57 59 61 62
15 46 57 59 60 61
15 46 57 59 60 61 77
15 46 57 59 60 61 75 76
15 46 51 59 61
15 46 51 57 59 65
15 46 51 57 59 61 77
15 46 51 57 59 61 75 76
15 46 50 57 59 61
15 46 50 57 59 61 78
15 46 50 57 59 61 76 77
15 46 50 57 59 61 68
15 46 50 57 59 61 67 68
15 46 50 57 59 60 61
15 46 50 51 57 59 61
15 42 57 59 61 73 77
15 42 57 59 61 73 75 76
15 42 57 59 61 71 72 77
15 42 57 59 61 71 72 75 76
15 42 50 57 59 61 73
15 42 50 57 59 61 71 72
15 42 46 57 59 61 77
15 42 46 57 59 61 75 76
15 42 46 50 57 59 61
15 36 57 59 61 73
15 36 57 59 61 71 72
15 36 46 57 59 61
15 34 61 75
15 34 61 73 74
15 34 59 73
15 34 59 71 72
15 34 59 61 63 73
15 34 59 61 63 71 72
15 34 57 59 61 73
15 34 57 59 61 73 77
15 34 57 59 61 73 75 76
15 34 57 59 61 71 72
15 34 57 59 61 71 72 77
15 34 57 59 61 71 72 75 76
15 34 50 57 59 61 73
15 34 50 57 59 61 71 72
15 34 48 61
15 34 46 59
15 34 46 59 61 63
15 34 46 57 59 61
15 34 46 57 59 61 77
15 34 46 57 59 61 75 76
15 34 46 50 57 59 61
15 30 57 59 73 78
15 30 57 59 73 77 78
15 30 57 59 73 75 76 78
15 30 57 59 73 75 76 77
15 30 57 59 71 72 78
15 30 57 59 71 72 77 78
15 30 57 59 71 72 75 76 78
15 30 57 59 71 72 75 76 77
15 30 57 59 61 73 77
15 30 57 59 61 73 75 76
15 30 57 59 61 71 72 77
15 30 57 59 61 71 72 75 76
15 30 57 59 60 61 73 77
15 30 57 59 60 61 73 75 76
15 30 57 59 60 61 71 72 77
15 30 57 59 60 61 71 72 75 76
15 30 51 57 59 73
15 30 51 57 59 73 77
15 30 51 57 59 73 75 76
15 30 51 57 59 71 72
15 30 51 57 59 71 72 77
15 30 51 57 59 71 72 75 76
15 30 50 57 59 73 78
15 30 50 57 59 73 76 77
15 30 50 57 59 71 72 78
15 30 50 57 59 71 72 76 77
15 30 50 57 59 61 73
15 30 50 57 59 61 71 72
15 30 50 57 59 60 61 73
15 30 50 57 59 60 61 71 72
15 30 50 51 57 59 73
15 30 50 51 57 59 71 72
15 30 46 57 59 78
15 30 46 57 59 77 78
15 30 46 57 59 75 76 78
15 30 46 57 59 75 76 77
15 30 46 57 59 61 77
15 30 46 57 59 61 75 76
15 30 46 57 59 60 61 77
15 30 46 57 59 60 61 75 76
15 30 46 51 57 59
15 30 46 51 57 59 77
15 30 46 51 57 59 75 76
15 30 46 50 57 59 78
15 30 46 50 57 59 76 77
15 30 46 50 57 59 61
15 30 46 50 57 59 60 61
15 30 46 50 51 57 59
15 30 34 57 59 61 73 77
15 30 34 57 59 61 73 75 76
15 30 34 57 59 61 71 72 77
15 30 34 57 59 61 71 72 75 76
15 30 34 50 57 59 61 73
15 30 34 50 57 59 61 71 72
15 30 34 46 57 59 61 77
15 30 34 46 57 59 61 75 76
15 30 34 46 50 57 59 61
15 28 29 57 59 73 78
15 28 29 57 59 73 77 78
15 28 29 57 59 73 75 76 78
15 28 29 57 59 73 75 76 77
15 28 29 57 59 71 72 78
15 28 29 57 59 71 72 77 78
15 28 29 57 59 71 72 75 76 78
15 28 29 57 59 71 72 75 76 77
15 28 29 57 59 61 73 77
15 28 29 57 59 61 73 75 76
15 28 29 57 59 61 71 72 77
15 28 29 57 59 61 71 72 75 76
15 28 29 57 59 60 61 73 77
15 28 29 57 59 60 61 73 75 76
15 28 29 57 59 60 61 71 72 77
15 28 29 57 59 60 61 71 72 75 76
15 28 29 51 57 59 73
15 28 29 51 57 59 73 77
15 28 29 51 57 59 73 75 76
15 28 29 51 57 59 71 72
15 28 29 51 57 59 71 72 77
15 28 29 51 57 59 71 72 75 76
15 28 29 50 57 59 73 78
15 28 29 50 57 59 73 76 77
15 28 29 50 57 59 71 72 78
15 28 29 50 57 59 71 72 76 77
15 28 29 50 57 59 61 73
15 28 29 50 57 59 61 71 72
15 28 29 50 57 59 60 61 73
15 28 29 50 57 59 60 61 71 72
15 28 29 50 51 57 59 73
15 28 29 50 51 57 59 71 72
15 28 29 46 57 59 78
15 28 29 46 57 59 77 78
15 28 29 46 57 59 75 76 78
15 28 29 46 57 59 75 76 77
15 28 29 46 57 59 61 77
15 28 29 46 57 59 61 75 76
15 28 29 46 57 59 60 61 77
15 28 29 46 57 59 60 61 75 76
15 28 29 46 51 57 59
15 28 29 46 51 57 59 77
15 28 29 46 51 57 59 75 76
15 28 29 46 50 57 59 78
15 28 29 46 50 57 59 76 77
15 28 29 46 50 57 59 61
15 28 29 46 50 57 59 60 61
15 28 29 46 50 51 57 59
15 28 29 34 57 59 61 73 77
15 28 29 34 57 59 61 73 75 76
15 28 29 34 57 59 61 71 72 77
15 28 29 34 57 59 61 71 72 75 76
15 28 29 34 50 57 59 61 73
15 28 29 34 50 57 59 61 71 72
15 28 29 34 46 57 59 61 77
15 28 29 34 46 57 59 61 75 76
15 28 29 34 46 50 57 59 61
15 17 30 57 59 73 78
15 17 30 57 59 73 76 77
15 17 30 57 59 71 72 78
15 17 30 57 59 71 72 76 77
15 17 30 51 57 59 73
15 17 30 51 57 59 71 72
15 17 30 46 57 59 78
15 17 30 46 57 59 76 77
15 17 30 46 51 57 59
15 17 28 29 57 59 73 78
15 17 28 29 57 59 73 76 77
15 17 28 29 57 59 71 72 78
15 17 28 29 57 59 71 72 76 77
15 17 28 29 51 57 59 73
15 17 28 29 51 57 59 71 72
15 17 28 29 46 57 59 78
15 17 28 29 46 57 59 76 77
15 17 28 29 46 51 57 59
15 16 57 59 73 78
15 16 57 59 73 76 77
15 16 57 59 71 72 78
15 16 57 59 71 72 76 77
15 16 51 57 59 73
15 16 51 57 59 71 72
15 16 46 57 59 78
15 16 46 57 59 76 77
15 16 46 51 57 59
15 16 30 57 59 73 78
15 16 30 57 59 73 76 77
15 16 30 57 59 71 72 78
15 16 30 57 59 71 72 76 77
15 16 30 51 57 59 73
15 16 30 51 57 59 71 72
15 16 30 46 57 59 78
15 16 30 46 57 59 76 77
15 16 30 46 51 57 59
15 16 30 42 57 59 73 78
15 16 30 42 57 59 73 76 77
15 16 30 42 57 59 71 72 78
15 16 30 42 57 59 71 72 76 77
15 16 30 42 51 57 59 73
15 16 30 42 51 57 59 71 72
15 16 30 42 46 57 59 78
15 16 30 42 46 57 59 76 77
15 16 30 42 46 51 57 59
15 16 30 40 41 57 59 73 78
15 16 30 40 41 57 59 73 76 77
15 16 30 40 41 57 59 71 72 78
15 16 30 40 41 57 59 71 72 76 77
15 16 30 40 41 51 57 59 73
15 16 30 40 41 51 57 59 71 72
15 16 30 40 41 46 57 59 78
15 16 30 40 41 46 57 59 76 77
15 16 30 40 41 46 51 57 59
15 16 28 29 57 59 73 78
15 16 28 29 57 59 73 76 77
15 16 28 29 57 59 71 72 78
15 16 28 29 57 59 71 72 76 77
15 16 28 29 51 57 59 73
15 16 28 29 51 57 59 71 72
15 16 28 29 46 57 59 78
15 16 28 29 46 57 59 76 77
15 16 28 29 46 51 57 59
15 16 28 29 42 57 59 73 78
15 16 28 29 42 57 59 73 76 77
15 16 28 29 42 57 59 71 72 78
15 16 28 29 42 57 59 71 72 76 77
15 16 28 29 42 51 57 59 73
15 16 28 29 42 51 57 59 71 72
15 16 28 29 42 46 57 59 78
15 16 28 29 42 46 57 59 76 77
15 16 28 29 42 46 51 57 59
15 16 28 29 40 41 57 59 73 78
15 16 28 29 40 41 57 59 73 76 77
15 16 28 29 40 41 57 59 71 72 78
15 16 28 29 40 41 57 59 71 72 76 77
15 16 28 29 40 41 51 57 59 73
15 16 28 29 40 41 51 57 59 71 72
15 16 28 29 40 41 46 57 59 78
15 16 28 29 40 41 46 57 59 76 77
15 16 28 29 40 41 46 51 57 59
14 57 59 73 78
14 57 59 73 76 77
14 57 59 71 72 78
14 57 59 71 72 76 77
14 51 57 59 73
14 51 57 59 71 72
14 46 57 59 78
14 46 57 59 76 77
14 46 51 57 59
10
10 71
10 69 78 79
10 69 70
10 67 68 78 79
10 53 69
10 53 67 68
10 44
10 42 78 79
10 42 53
10 20 69
10 20 67 68
10 20 42
9
8 9 71
8 9 69 78 79
8 9 69 70
8 9 67 68 78 79
8 9 53 69
8 9 53 67 68
8 9 44
8 9 42 78 79
8 9 42 53
8 9 20 69
8 9 20 67 68
8 9 20 42
5 30 42 57 59 73 78
5 30 42 57 59 73 76 77
5 30 42 57 59 71 72 78
5 30 42 57 59 71 72 76 77
5 30 42 51 57 59 73
5 30 42 51 57 59 71 72
5 30 42 46 57 59 78
5 30 42 46 57 59 76 77
5 30 42 46 51 57 59
5 30 40 41 57 59 73 78
5 30 40 41 57 59 73 76 77
5 30 40 41 57 59 71 72 78
5 30 40 41 57 59 71 72 76 77
5 30 40 41 51 57 59 73
5 30 40 41 51 57 59 71 72
5 30 40 41 46 57 59 78
5 30 40 41 46 57 59 76 77
5 30 40 41 46 51 57 59
5 28 29 42 57 59 73 78
5 28 29 42 57 59 73 76 77
5 28 29 42 57 59 71 72 78
5 28 29 42 57 59 71 72 76 77
5 28 29 42 51 57 59 73
5 28 29 42 51 57 59 71 72
5 28 29 42 46 57 59 78
5 28 29 42 46 57 59 76 77
5 28 29 42 46 51 57 59
5 28 29 40 41 57 59 73 78
5 28 29 40 41 57 59 73 76 77
5 28 29 40 41 57 59 71 72 78
5 28 29 40 41 57 59 71 72 76 77
5 28 29 40 41 51 57 59 73
5 28 29 40 41 51 57 59 71 72
5 28 29 40 41 46 57 59 78
5 28 29 40 41 46 57 59 76 77
5 28 29 40 41 46 51 57 59
5 15 30 57 59 73 78
5 15 30 57 59 73 76 77
5 15 30 57 59 71 72 78
5 15 30 57 59 71 72 76 77
5 15 30 51 57 59 73
5 15 30 51 57 59 71 72
5 15 30 46 57 59 78
5 15 30 46 57 59 76 77
5 15 30 46 51 57 59
5 15 28 29 57 59 73 78
5 15 28 29 57 59 73 76 77
5 15 28 29 57 59 71 72 78
5 15 28 29 57 59 71 72 76 77
5 15 28 29 51 57 59 73
5 15 28 29 51 57 59 71 72
5 15 28 29 46 57 59 78
5 15 28 29 46 57 59 76 77
5 15 28 29 46 51 57 59
4 57 59 73 78
4 57 59 73 76 77
4 57 59 71 72 78
4 57 59 71 72 76 77
4 51 57 59 73
4 51 57 59 71 72
4 46 57 59 78
4 46 57 59 76 77
4 46 51 57 59
4 30 57 59 73 78
4 30 57 59 73 76 77
4 30 57 59 71 72 78
4 30 57 59 71 72 76 77
4 30 51 57 59 73
4 30 51 57 59 71 72
4 30 46 57 59 78
4 30 46 57 59 76 77
4 30 46 51 57 59
4 28 29 57 59 73 78
4 28 29 57 59 73 76 77
4 28 29 57 59 71 72 78
4 28 29 57 59 71 72 76 77
4 28 29 51 57 59 73
4 28 29 51 57 59 71 72
4 28 29 46 57 59 78
4 28 29 46 57 59 76 77
4 28 29 46 51 57 59
3 57 59 73
3 57 59 73 78
3 57 59 73 78 79
3 57 59 73 76 77
3 57 59 71 72
3 57 59 71 72 78
3 57 59 71 72 78 79
3 57 59 71 72 76 77
3 53 57 59 73
3 53 57 59 71 72
3 51 57 59 73
3 51 57 59 71 72
3 46 57 59
3 46 57 59 78
3 46 57 59 78 79
3 46 57 59 76 77
3 46 53 57 59
3 46 51 57 59
3 42 57 59 73 78
3 42 57 59 73 77 78
3 42 57 59 73 75 76 78
3 42 57 59 73 75 76 77
3 42 57 59 71 72 78
3 42 57 59 71 72 77 78
3 42 57 59 71 72 75 76 78
3 42 57 59 71 72 75 76 77
3 42 57 59 61 73 77
3 42 57 59 61 73 75 76
3 42 57 59 61 71 72 77
3 42 57 59 61 71 72 75 76
3 42 57 59 60 61 73 77
3 42 57 59 60 61 73 75 76
3 42 57 59 60 61 71 72 77
3 42 57 59 60 61 71 72 75 76
3 42 51 57 59 73
3 42 51 57 59 73 77
3 42 51 57 59 73 75 76
3 42 51 57 59 71 72
3 42 51 57 59 71 72 77
3 42 51 57 59 71 72 75 76
3 42 50 57 59 73 78
3 42 50 57 59 73 76 77
3 42 50 57 59 71 72 78
3 42 50 57 59 71 72 76 77
3 42 50 57 59 61 73
3 42 50 57 59 61 71 72
3 42 50 57 59 60 61 73
3 42 50 57 59 60 61 71 72
3 42 50 51 57 59 73
3 42 50 51 57 59 71 72
3 42 46 57 59 78
3 42 46 57 59 77 78
3 42 46 57 59 75 76 78
3 42 46 57 59 75 76 77
3 42 46 57 59 61 77
3 42 46 57 59 61 75 76
3 42 46 57 59 60 61 77
3 42 46 57 59 60 61 75 76
3 42 46 51 57 59
3 42 46 51 57 59 77
3 42 46 51 57 59 75 76
3 42 46 50 57 59 78
3 42 46 50 57 59 76 77
3 42 46 50 57 59 61
3 42 46 50 57 59 60 61
3 42 46 50 51 57 59
3 40 41 57 59 73 78
3 40 41 57 59 73 77 78
3 40 41 57 59 73 75 76 78
3 40 41 57 59 73 75 76 77
3 40 41 57 59 71 72 78
3 40 41 57 59 71 72 77 78
3 40 41 57 59 71 72 75 76 78
3 40 41 57 59 71 72 75 76 77
3 40 41 57 59 61 73 77
3 40 41 57 59 61 73 75 76
3 40 41 57 59 61 71 72 77
3 40 41 57 59 61 71 72 75 76
3 40 41 57 59 60 61 73 77
3 40 41 57 59 60 61 73 75 76
3 40 41 57 59 60 61 71 72 77
3 40 41 57 59 60 61 71 72 75 76
3 40 41 51 57 59 73
3 40 41 51 57 59 73 77
3 40 41 51 57 59 73 75 76
3 40 41 51 57 59 71 72
3 40 41 51 57 59 71 72 77
3 40 41 51 57 59 71 72 75 76
3 40 41 50 57 59 73 78
3 40 41 50 57 59 73 76 77
3 40 41 50 57 59 71 72 78
3 40 41 50 57 59 71 72 76 77
3 40 41 50 57 59 61 73
3 40 41 50 57 59 61 71 72
3 40 41 50 57 59 60 61 73
3 40 41 50 57 59 60 61 71 72
3 40 41 50 51 57 59 73
3 40 41 50 51 57 59 71 72
3 40 41 46 57 59 78
3 40 41 46 57 59 77 78
3 40 41 46 57 59 75 76 78
3 40 41 46 57 59 75 76 77
3 40 41 46 57 59 61 77
3 40 41 46 57 59 61 75 76
3 40 41 46 57 59 60 61 77
3 40 41 46 57 59 60 61 75 76
3 40 41 46 51 57 59
3 40 41 46 51 57 59 77
3 40 41 46 51 57 59 75 76
3 40 41 46 50 57 59 78
3 40 41 46 50 57 59 76 77
3 40 41 46 50 57 59 61
3 40 41 46 50 57 59 60 61
3 40 41 46 50 51 57 59
3 34 42 57 59 61 73 77
3 34 42 57 59 61 73 75 76
3 34 42 57 59 61 71 72 77
3 34 42 57 59 61 71 72 75 76
3 34 42 50 57 59 61 73
3 34 42 50 57 59 61 71 72
3 34 42 46 57 59 61 77
3 34 42 46 57 59 61 75 76
3 34 42 46 50 57 59 61
3 34 40 41 57 59 61 73 77
3 34 40 41 57 59 61 73 75 76
3 34 40 41 57 59 61 71 72 77
3 34 40 41 57 59 61 71 72 75 76
3 34 40 41 50 57 59 61 73
3 34 40 41 50 57 59 61 71 72
3 34 40 41 46 57 59 61 77
3 34 40 41 46 57 59 61 75 76
3 34 40 41 46 50 57 59 61
3 31 57 59 73 78
3 31 57 59 73 76 77
3 31 57 59 71 72 78
3 31 57 59 71 72 76 77
3 31 51 57 59 73
3 31 51 57 59 71 72
3 31 46 57 59 78
3 31 46 57 59 76 77
3 31 46 51 57 59
3 29 30 57 59 73 78
3 29 30 57 59 73 76 77
3 29 30 57 59 71 72 78
3 29 30 57 59 71 72 76 77
3 29 30 51 57 59 73
3 29 30 51 57 59 71 72
3 29 30 46 57 59 78
3 29 30 46 57 59 76 77
3 29 30 46 51 57 59
3 17 42 57 59 73 78
3 17 42 57 59 73 76 77
3 17 42 57 59 71 72 78
3 17 42 57 59 71 72 76 77
3 17 42 51 57 59 73
3 17 42 51 57 59 71 72
3 17 42 46 57 59 78
3 17 42 46 57 59 76 77
3 17 42 46 51 57 59
3 17 40 41 57 59 73 78
3 17 40 41 57 59 73 76 77
3 17 40 41 57 59 71 72 78
3 17 40 41 57 59 71 72 76 77
3 17 40 41 51 57 59 73
3 17 40 41 51 57 59 71 72
3 17 40 41 46 57 59 78
3 17 40 41 46 57 59 76 77
3 17 40 41 46 51 57 59
3 15 57 59 73 78
3 15 57 59 73 77 78
3 15 57 59 73 75 76 78
3 15 57 59 73 75 76 77
3 15 57 59 71 72 78
3 15 57 59 71 72 77 78
3 15 57 59 71 72 75 76 78
3 15 57 59 71 72 75 76 77
3 15 57 59 61 73 77
3 15 57 59 61 73 75 76
3 15 57 59 61 71 72 77
3 15 57 59 61 71 72 75 76
3 15 57 59 60 61 73 77
3 15 57 59 60 61 73 75 76
3 15 57 59 60 61 71 72 77
3 15 57 59 60 61 71 72 75 76
3 15 51 57 59 73
3 15 51 57 59 73 77
3 15 51 57 59 73 75 76
3 15 51 57 59 71 72
3 15 51 57 59 71 72 77
3 15 51 57 59 71 72 75 76
3 15 50 57 59 73 78
3 15 50 57 59 73 76 77
3 15 50 57 59 71 72 78
3 15 50 57 59 71 72 76 77
3 15 50 57 59 61 73
3 15 50 57 59 61 71 72
3 15 50 57 59 60 61 73
3 15 50 57 59 60 61 71 72
3 15 50 51 57 59 73
3 15 50 51 57 59 71 72
3 15 46 57 59 78
3 15 46 57 59 77 78
3 15 46 57 59 75 76 78
3 15 46 57 59 75 76 77
3 15 46 57 59 61 77
3 15 46 57 59 61 75 76
3 15 46 57 59 60 61 77
3 15 46 57 59 60 61 75 76
3 15 46 51 57 59
3 15 46 51 57 59 77
3 15 46 51 57 59 75 76
3 15 46 50 57 59 78
3 15 46 50 57 59 76 77
3 15 46 50 57 59 61
3 15 46 50 57 59 60 61
3 15 46 50 51 57 59
3 15 34 57 59 61 73 77
3 15 34 57 59 61 73 75 76
3 15 34 57 59 61 71 72 77
3 15 34 57 59 61 71 72 75 76
3 15 34 50 57 59 61 73
3 15 34 50 57 59 61 71 72
3 15 34 46 57 59 61 77
3 15 34 46 57 59 61 75 76
3 15 34 46 50 57 59 61
3 15 17 57 59 73 78
3 15 17 57 59 73 76 77
3 15 17 57 59 71 72 78
3 15 17 57 59 71 72 76 77
3 15 17 51 57 59 73
3 15 17 51 57 59 71 72
3 15 17 46 57 59 78
3 15 17 46 57 59 76 77
3 15 17 46 51 57 59
3 15 16 57 59 73 78
3 15 16 57 59 73 76 77
3 15 16 57 59 71 72 78
3 15 16 57 59 71 72 76 77
3 15 16 51 57 59 73
3 15 16 51 57 59 71 72
3 15 16 46 57 59 78
3 15 16 46 57 59 76 77
3 15 16 46 51 57 59
3 15 16 42 57 59 73 78
3 15 16 42 57 59 73 76 77
3 15 16 42 57 59 71 72 78
3 15 16 42 57 59 71 72 76 77
3 15 16 42 51 57 59 73
3 15 16 42 51 57 59 71 72
3 15 16 42 46 57 59 78
3 15 16 42 46 57 59 76 77
3 15 16 42 46 51 57 59
3 15 16 40 41 57 59 73 78
3 15 16 40 41 57 59 73 76 77
3 15 16 40 41 57 59 71 72 78
3 15 16 40 41 57 59 71 72 76 77
3 15 16 40 41 51 57 59 73
3 15 16 40 41 51 57 59 71 72
3 15 16 40 41 46 57 59 78
3 15 16 40 41 46 57 59 76 77
3 15 16 40 41 46 51 57 59
3 5 42 57 59 73 78
3 5 42 57 59 73 76 77
3 5 42 57 59 71 72 78
3 5 42 57 59 71 72 76 77
3 5 42 51 57 59 73
3 5 42 51 57 59 71 72
3 5 42 46 57 59 78
3 5 42 46 57 59 76 77
3 5 42 46 51 57 59
3 5 40 41 57 59 73 78
3 5 40 41 57 59 73 76 77
3 5 40 41 57 59 71 72 78
3 5 40 41 57 59 71 72 76 77
3 5 40 41 51 57 59 73
3 5 40 41 51 57 59 71 72
3 5 40 41 46 57 59 78
3 5 40 41 46 57 59 76 77
3 5 40 41 46 51 57 59
3 5 15 57 59 73 78
3 5 15 57 59 73 76 77
3 5 15 57 59 71 72 78
3 5 15 57 59 71 72 76 77
3 5 15 51 57 59 73
3 5 15 51 57 59 71 72
3 5 15 46 57 59 78
3 5 15 46 57 59 76 77
3 5 15 46 51 57 59
3 4 57 59 73 78
3 4 57 59 73 76 77
3 4 57 59 71 72 78
3 4 57 59 71 72 76 77
3 4 51 57 59 73
3 4 51 57 59 71 72
3 4 46 57 59 78
3 4 46 57 59 76 77
3 4 46 51 57 59
1 71
1 69
1 69 78 79
1 69 70
1 67
1 67 68
1 67 68 78 79
1 65
1 65 66
1 61 69
1 61 67
1 61 67 68
1 61 65 66
1 61 62 67
1 61 62 65 66
1 59 67
1 59 65 66
1 53 69
1 53 67 68
1 44
1 42
1 42 78 79
1 42 61
1 42 53
1 40
1 40 61
1 40 61 62
1 40 59
1 20 69
1 20 67 68
1 20 61 67
1 20 61 65 66
1 20 42
1 20 40 61
1 18 19 61 67
1 18 19 61 65 66
1 18 19 40 61
1 10 67
1 10 65 66
1 10 40
0 68 71
0 68 69 78 79
0 68 69 70
0 67 68 78 79
0 59 61 73
0 59 61 71 72
0 59 61 65 73
0 59 61 65 71 72
0 59 61 63 64 73
0 59 61 63 64 71 72
0 59 60 73
0 59 60 71 72
0 53 68 69
0 53 67 68
0 46 59 61
0 46 59 61 65
0 46 59 61 63 64
0 46 59 60
0 44 68
0 42 68 78 79
0 42 57 59 61 73 77
0 42 57 59 61 73 75 76
0 42 57 59 61 71 72 77
0 42 57 59 61 71 72 75 76
0 42 53 68
0 42 50 57 59 61 73
0 42 50 57 59 61 71 72
0 42 46 57 59 61 77
0 42 46 57 59 61 75 76
0 42 46 50 57 59 61
0 40 41 57 59 61 73 77
0 40 41 57 59 61 73 75 76
0 40 41 57 59 61 71 72 77
0 40 41 57 59 61 71 72 75 76
0 40 41 50 57 59 61 73
0 40 41 50 57 59 61 71 72
0 40 41 46 57 59 61 77
0 40 41 46 57 59 61 75 76
0 40 41 46 50 57 59 61
0 38 59 61 73
0 38 59 61 71 72
0 38 46 59 61
0 34 59 73
0 34 59 71 72
0 34 46 59
0 20 68 69
0 20 67 68
0 20 42 68
0 15 57 59 61 73 77
0 15 57 59 61 73 75 76
0 15 57 59 61 71 72 77
0 15 57 59 61 71 72 75 76
0 15 50 57 59 61 73
0 15 50 57 59 61 71 72
0 15 46 57 59 61 77
0 15 46 57 59 61 75 76
0 15 46 50 57 59 61

