67
65 66
61 68 69
61 67 68
59 69 71
59 69 70
59 68 69 71
59 68 69 70
59 61 73
59 61 73 78
59 61 73 76 77
59 61 71 72
59 61 71 72 78
59 61 71 72 76 77
59 60 73
59 60 73 78
59 60 73 76 77
59 60 71 72
59 60 71 72 78
59 60 71 72 76 77
57 61 73 78 79
57 61 71 72 78 79
57 59 61 73
57 59 61 71 72
57 59 60 73 78
57 59 60 73 78 79
57 59 60 73 76 77
57 59 60 71 72 78
57 59 60 71 72 78 79
57 59 60 71 72 76 77
57 59 60 61 73
57 59 60 61 73 78
57 59 60 61 73 76 77
57 59 60 61 71 72
57 59 60 61 71 72 78
57 59 60 61 71 72 76 77
55 67
55 65 66
55 61 69
55 61 67 68
55 59 69
55 59 67 68
53 57 61 73
53 57 61 71 72
53 57 59 60 73
53 57 59 60 71 72
53 54 59 69
53 54 59 67 68
51 59 61 73
51 59 61 71 72
51 59 60 73
51 59 60 71 72
51 57 59 60 73
51 57 59 60 71 72
51 57 59 60 61 73
51 57 59 60 61 71 72
48 57 59 73 78
48 57 59 73 76 77
48 57 59 71 72 78
48 57 59 71 72 76 77
48 57 59 61 73 78 79
48 57 59 61 71 72 78 79
48 57 59 60 73 78 79
48 57 59 60 71 72 78 79
48 53 57 59 61 73
48 53 57 59 61 71 72
48 53 57 59 60 73
48 53 57 59 60 71 72
48 51 57 59 73
48 51 57 59 71 72
46 59 61
46 59 61 78
46 59 61 76 77
46 59 60
46 59 60 78
46 59 60 76 77
46 57 61 78 79
46 57 59 61
46 57 59 60 78
46 57 59 60 78 79
46 57 59 60 76 77
46 57 59 60 61
46 57 59 60 61 78
46 57 59 60 61 76 77
46 53 57 61
46 53 57 59 60
46 51 59 61
46 51 59 60
46 51 57 59 60
46 51 57 59 60 61
46 48 57 59 78
46 48 57 59 76 77
46 48 57 59 61 78 79
46 48 57 59 60 78 79
46 48 53 57 59 61
46 48 53 57 59 60
46 48 51 57 59
46 47 57 59 78
46 47 57 59 76 77
46 47 57 59 73 78
46 47 57 59 73 76 77
46 47 57 59 71 72 78
46 47 57 59 71 72 76 77
46 47 57 59 61 78 79
46 47 57 59 61 73 78 79
46 47 57 59 61 71 72 78 79
46 47 57 59 60 78 79
46 47 57 59 60 73 78 79
46 47 57 59 60 71 72 78 79
46 47 53 57 59 61
46 47 53 57 59 61 73
46 47 53 57 59 61 71 72
46 47 53 57 59 60
46 47 53 57 59 60 73
46 47 53 57 59 60 71 72
46 47 51 57 59
46 47 51 57 59 73
46 47 51 57 59 71 72
44 59 69
44 59 68 69
44 59 61 73
44 59 61 71 72
44 59 60 61 73
44 59 60 61 71 72
44 57 59 61 73 78
44 57 59 61 73 76 77
44 57 59 61 71 72 78
44 57 59 61 71 72 76 77
44 57 59 61 63 73
44 57 59 61 63 71 72
44 57 59 61 62 73
44 57 59 61 62 71 72
44 57 59 60 61 73 78
44 57 59 60 61 73 76 77
44 57 59 60 61 71 72 78
44 57 59 60 61 71 72 76 77
44 51 57 59 61 73
44 51 57 59 61 71 72
44 51 57 59 60 61 73
44 51 57 59 60 61 71 72
44 46 59 61
44 46 59 60 61
44 46 57 59 61 78
44 46 57 59 61 76 77
44 46 57 59 61 63
44 46 57 59 61 62
44 46 57 59 60 61 78
44 46 57 59 60 61 76 77
44 46 51 57 59 61
44 46 51 57 59 60 61
42 61 68
42 59 71
42 59 69 70
42 59 68 71
42 59 68 69 70
42 59 61 73
42 59 61 71 73
42 59 61 69 70 73
42 59 61 69 70 71 72
42 59 61 67 73
42 59 61 67 71 72
42 59 61 65 73
42 59 61 65 71 72
42 59 61 65 66 73
42 59 61 65 66 71 72
42 59 61 64 73
42 59 61 64 71 72
42 59 61 64 65 73
42 59 61 64 65 71 72
42 59 61 63
42 59 61 63 65 71
42 59 61 63 65 69 70
42 59 61 62
42 59 61 62 65 71
42 59 61 62 65 69 70
42 59 61 62 63 73
42 59 61 62 63 71 72
42 59 61 62 63 65 73
42 59 61 62 63 65 71 72
42 59 61 62 63 64 73
42 59 61 62 63 64 71 72
42 59 60 71 73
42 59 60 71 72
42 59 60 69 70 73
42 59 60 69 70 71 72
42 59 60 61 73
42 59 60 61 71 72
42 59 60 61 67 73
42 59 60 61 67 71 72
42 59 60 61 65 73
42 59 60 61 65 71 72
42 59 60 61 65 66 73
42 59 60 61 65 66 71 72
42 59 60 61 64 73
42 59 60 61 64 71 72
42 59 60 61 64 65 73
42 59 60 61 64 65 71 72
42 59 60 61 63 73
42 59 60 61 63 71 72
42 59 60 61 63 65 73
42 59 60 61 63 65 71 72
42 59 60 61 63 64 73
42 59 60 61 63 64 71 72
42 59 60 61 62 73
42 59 60 61 62 71 72
42 59 60 61 62 65 73
42 59 60 61 62 65 71 72
42 59 60 61 62 63 73
42 59 60 61 62 63 71 72
42 59 60 61 62 63 65 73
42 59 60 61 62 63 65 71 72
42 57 59 61 73
42 57 59 61 73 78
42 57 59 61 73 76 77
42 57 59 61 71 72
42 57 59 61 71 72 78
42 57 59 61 71 72 76 77
42 57 59 60 61 73
42 57 59 60 61 73 78
42 57 59 60 61 73 76 77
42 57 59 60 61 71 72
42 57 59 60 61 71 72 78
42 57 59 60 61 71 72 76 77
42 55 61
42 55 59
42 53 54 59
42 51 57 59 61 73
42 51 57 59 61 71 72
42 51 57 59 60 61 73
42 51 57 59 60 61 71 72
42 49 59 61 73
42 49 59 61 71 72
42 49 59 61 65 73
42 49 59 61 65 71 72
42 49 59 61 63 64 73
42 49 59 61 63 64 71 72
42 49 59 60 61 73
42 49 59 60 61 71 72
42 49 59 60 61 65 73
42 49 59 60 61 65 71 72
42 49 59 60 61 63 64 73
42 49 59 60 61 63 64 71 72
42 48 59 61 71 73
42 48 59 61 71 72
42 48 59 61 69 70 73
42 48 59 61 69 70 71 72
42 48 59 60 71 73
42 48 59 60 71 72
42 48 59 60 69 70 73
42 48 59 60 69 70 71 72
42 48 57 59 73 78
42 48 57 59 73 76 77
42 48 57 59 71 72 78
42 48 57 59 71 72 76 77
42 48 51 57 59 73
42 48 51 57 59 71 72
42 47 48 59 61 73
42 47 48 59 61 71 72
42 47 48 59 61 65 73
42 47 48 59 61 65 71 72
42 47 48 59 61 63 64 73
42 47 48 59 61 63 64 71 72
42 47 48 59 60 61 73
42 47 48 59 60 61 71 72
42 47 48 59 60 61 65 73
42 47 48 59 60 61 65 71 72
42 47 48 59 60 61 63 64 73
42 47 48 59 60 61 63 64 71 72
42 46 59 61
42 46 59 61 71
42 46 59 61 69 70
42 46 59 61 67
42 46 59 61 65
42 46 59 61 65 66
42 46 59 61 64
42 46 59 61 64 65
42 46 59 61 62 63
42 46 59 61 62 63 65
42 46 59 61 62 63 64
42 46 59 60 71
42 46 59 60 69 70
42 46 59 60 61
42 46 59 60 61 67
42 46 59 60 61 65
42 46 59 60 61 65 66
42 46 59 60 61 64
42 46 59 60 61 64 65
42 46 59 60 61 63
42 46 59 60 61 63 65
42 46 59 60 61 63 64
42 46 59 60 61 62
42 46 59 60 61 62 65
42 46 59 60 61 62 63
42 46 59 60 61 62 63 65
42 46 57 59 61
42 46 57 59 61 78
42 46 57 59 61 76 77
42 46 57 59 60 61
42 46 57 59 60 61 78
42 46 57 59 60 61 76 77
42 46 51 57 59 61
42 46 51 57 59 60 61
42 46 49 59 61
42 46 49 59 61 65
42 46 49 59 61 63 64
42 46 49 59 60 61
42 46 49 59 60 61 65
42 46 49 59 60 61 63 64
42 46 48 59 61 71
42 46 48 59 61 69 70
42 46 48 59 60 71
42 46 48 59 60 69 70
42 46 48 57 59 78
42 46 48 57 59 76 77
42 46 48 51 57 59
42 46 47 59 61 71
42 46 47 59 61 71 73
42 46 47 59 61 71 72
42 46 47 59 61 69 70
42 46 47 59 61 69 70 73
42 46 47 59 61 69 70 71 72
42 46 47 59 60 71
42 46 47 59 60 71 73
42 46 47 59 60 71 72
42 46 47 59 60 69 70
42 46 47 59 60 69 70 73
42 46 47 59 60 69 70 71 72
42 46 47 57 59 78
42 46 47 57 59 76 77
42 46 47 57 59 73 78
42 46 47 57 59 73 76 77
42 46 47 57 59 71 72 78
42 46 47 57 59 71 72 76 77
42 46 47 51 57 59
42 46 47 51 57 59 73
42 46 47 51 57 59 71 72
42 46 47 48 59 61
42 46 47 48 59 61 65
42 46 47 48 59 61 63 64
42 46 47 48 59 60 61
42 46 47 48 59 60 61 65
42 46 47 48 59 60 61 63 64
42 44 59
42 44 59 68
42 44 59 61 73
42 44 59 61 71 72
42 44 59 61 63 65
42 44 59 61 62 65
42 44 59 60 73
42 44 59 60 71 72
42 44 48 59 61 73
42 44 48 59 61 71 72
42 44 48 59 60 73
42 44 48 59 60 71 72
42 44 46 59 61
42 44 46 59 60
42 44 46 48 59 61
42 44 46 48 59 60
42 44 46 47 59 61
42 44 46 47 59 61 73
42 44 46 47 59 61 71 72
42 44 46 47 59 60
42 44 46 47 59 60 73
42 44 46 47 59 60 71 72
42 43 59 61 73
42 43 59 61 71 72
42 43 59 60 61 73
42 43 59 60 61 71 72
42 43 57 59 61 73 78
42 43 57 59 61 73 76 77
42 43 57 59 61 71 72 78
42 43 57 59 61 71 72 76 77
42 43 57 59 61 63 73
42 43 57 59 61 63 71 72
42 43 57 59 61 62 73
42 43 57 59 61 62 71 72
42 43 57 59 60 61 73 78
42 43 57 59 60 61 73 76 77
42 43 57 59 60 61 71 72 78
42 43 57 59 60 61 71 72 76 77
42 43 51 57 59 61 73
42 43 51 57 59 61 71 72
42 43 51 57 59 60 61 73
42 43 51 57 59 60 61 71 72
42 43 46 59 61
42 43 46 59 60 61
42 43 46 57 59 61 78
42 43 46 57 59 61 76 77
42 43 46 57 59 61 63
42 43 46 57 59 61 62
42 43 46 57 59 60 61 78
42 43 46 57 59 60 61 76 77
42 43 46 51 57 59 61
42 43 46 51 57 59 60 61
40
40 55
40 42 59 61 73
40 42 59 61 71 72
40 42 59 60 61 73
40 42 59 60 61 71 72
40 42 46 59 61
40 42 46 59 60 61
40 41 59 61 71 73
40 41 59 61 71 72
40 41 59 61 69 70 73
40 41 59 61 69 70 71 72
40 41 59 61 67 73
40 41 59 61 67 71 72
40 41 59 61 65 73
40 41 59 61 65 71 72
40 41 59 61 65 66 73
40 41 59 61 65 66 71 72
40 41 59 61 64 73
40 41 59 61 64 71 72
40 41 59 61 64 65 73
40 41 59 61 64 65 71 72
40 41 59 61 63
40 41 59 61 63 65 71
40 41 59 61 63 65 69 70
40 41 59 61 62
40 41 59 61 62 65 71
40 41 59 61 62 65 69 70
40 41 59 61 62 63 73
40 41 59 61 62 63 71 72
40 41 59 61 62 63 65 73
40 41 59 61 62 63 65 71 72
40 41 59 61 62 63 64 73
40 41 59 61 62 63 64 71 72
40 41 59 60 71 73
40 41 59 60 71 72
40 41 59 60 69 70 73
40 41 59 60 69 70 71 72
40 41 59 60 61 67 73
40 41 59 60 61 67 71 72
40 41 59 60 61 65 73
40 41 59 60 61 65 71 72
40 41 59 60 61 65 66 73
40 41 59 60 61 65 66 71 72
40 41 59 60 61 64 73
40 41 59 60 61 64 71 72
40 41 59 60 61 64 65 73
40 41 59 60 61 64 65 71 72
40 41 59 60 61 63 73
40 41 59 60 61 63 71 72
40 41 59 60 61 63 65 73
40 41 59 60 61 63 65 71 72
40 41 59 60 61 63 64 73
40 41 59 60 61 63 64 71 72
40 41 59 60 61 62 73
40 41 59 60 61 62 71 72
40 41 59 60 61 62 65 73
40 41 59 60 61 62 65 71 72
40 41 59 60 61 62 63 73
40 41 59 60 61 62 63 71 72
40 41 59 60 61 62 63 65 73
40 41 59 60 61 62 63 65 71 72
40 41 57 59 61 73
40 41 57 59 61 73 78
40 41 57 59 61 73 76 77
40 41 57 59 61 71 72
40 41 57 59 61 71 72 78
40 41 57 59 61 71 72 76 77
40 41 57 59 60 61 73
40 41 57 59 60 61 73 78
40 41 57 59 60 61 73 76 77
40 41 57 59 60 61 71 72
40 41 57 59 60 61 71 72 78
40 41 57 59 60 61 71 72 76 77
40 41 51 57 59 61 73
40 41 51 57 59 61 71 72
40 41 51 57 59 60 61 73
40 41 51 57 59 60 61 71 72
40 41 49 59 61 73
40 41 49 59 61 71 72
40 41 49 59 61 65 73
40 41 49 59 61 65 71 72
40 41 49 59 61 63 64 73
40 41 49 59 61 63 64 71 72
40 41 49 59 60 61 73
40 41 49 59 60 61 71 72
40 41 49 59 60 61 65 73
40 41 49 59 60 61 65 71 72
40 41 49 59 60 61 63 64 73
40 41 49 59 60 61 63 64 71 72
40 41 48 59 61 71 73
40 41 48 59 61 71 72
40 41 48 59 61 69 70 73
40 41 48 59 61 69 70 71 72
40 41 48 59 60 71 73
40 41 48 59 60 71 72
40 41 48 59 60 69 70 73
40 41 48 59 60 69 70 71 72
40 41 48 57 59 73 78
40 41 48 57 59 73 76 77
40 41 48 57 59 71 72 78
40 41 48 57 59 71 72 76 77
40 41 48 51 57 59 73
40 41 48 51 57 59 71 72
40 41 47 48 59 61 73
40 41 47 48 59 61 71 72
40 41 47 48 59 61 65 73
40 41 47 48 59 61 65 71 72
40 41 47 48 59 61 63 64 73
40 41 47 48 59 61 63 64 71 72
40 41 47 48 59 60 61 73
40 41 47 48 59 60 61 71 72
40 41 47 48 59 60 61 65 73
40 41 47 48 59 60 61 65 71 72
40 41 47 48 59 60 61 63 64 73
40 41 47 48 59 60 61 63 64 71 72
40 41 46 59 61 71
40 41 46 59 61 69 70
40 41 46 59 61 67
40 41 46 59 61 65
40 41 46 59 61 65 66
40 41 46 59 61 64
40 41 46 59 61 64 65
40 41 46 59 61 62 63
40 41 46 59 61 62 63 65
40 41 46 59 61 62 63 64
40 41 46 59 60 71
40 41 46 59 60 69 70
40 41 46 59 60 61 67
40 41 46 59 60 61 65
40 41 46 59 60 61 65 66
40 41 46 59 60 61 64
40 41 46 59 60 61 64 65
40 41 46 59 60 61 63
40 41 46 59 60 61 63 65
40 41 46 59 60 61 63 64
40 41 46 59 60 61 62
40 41 46 59 60 61 62 65
40 41 46 59 60 61 62 63
40 41 46 59 60 61 62 63 65
40 41 46 57 59 61
40 41 46 57 59 61 78
40 41 46 57 59 61 76 77
40 41 46 57 59 60 61
40 41 46 57 59 60 61 78
40 41 46 57 59 60 61 76 77
40 41 46 51 57 59 61
40 41 46 51 57 59 60 61
40 41 46 49 59 61
40 41 46 49 59 61 65
40 41 46 49 59 61 63 64
40 41 46 49 59 60 61
40 41 46 49 59 60 61 65
40 41 46 49 59 60 61 63 64
40 41 46 48 59 61 71
40 41 46 48 59 61 69 70
40 41 46 48 59 60 71
40 41 46 48 59 60 69 70
40 41 46 48 57 59 78
40 41 46 48 57 59 76 77
40 41 46 48 51 57 59
40 41 46 47 59 61 71
40 41 46 47 59 61 71 73
40 41 46 47 59 61 71 72
40 41 46 47 59 61 69 70
40 41 46 47 59 61 69 70 73
40 41 46 47 59 61 69 70 71 72
40 41 46 47 59 60 71
40 41 46 47 59 60 71 73
40 41 46 47 59 60 71 72
40 41 46 47 59 60 69 70
40 41 46 47 59 60 69 70 73
40 41 46 47 59 60 69 70 71 72
40 41 46 47 57 59 78
40 41 46 47 57 59 76 77
40 41 46 47 57 59 73 78
40 41 46 47 57 59 73 76 77
40 41 46 47 57 59 71 72 78
40 41 46 47 57 59 71 72 76 77
40 41 46 47 51 57 59
40 41 46 47 51 57 59 73
40 41 46 47 51 57 59 71 72
40 41 46 47 48 59 61
40 41 46 47 48 59 61 65
40 41 46 47 48 59 61 63 64
40 41 46 47 48 59 60 61
40 41 46 47 48 59 60 61 65
40 41 46 47 48 59 60 61 63 64
40 41 44 59 61 73
40 41 44 59 61 71 72
40 41 44 59 61 63 65
40 41 44 59 61 62 65
40 41 44 59 60 73
40 41 44 59 60 71 72
40 41 44 48 59 61 73
40 41 44 48 59 61 71 72
40 41 44 48 59 60 73
40 41 44 48 59 60 71 72
40 41 44 46 59 61
40 41 44 46 59 60
40 41 44 46 48 59 61
40 41 44 46 48 59 60
40 41 44 46 47 59 61
40 41 44 46 47 59 61 73
40 41 44 46 47 59 61 71 72
40 41 44 46 47 59 60
40 41 44 46 47 59 60 73
40 41 44 46 47 59 60 71 72
38 69
38 67 68
38 42
38 42 59 61 73
38 42 59 61 71 72
38 42 59 61 64 73
38 42 59 61 64 71 72
38 42 59 61 62 63 73
38 42 59 61 62 63 71 72
38 42 59 60 61 73
38 42 59 60 61 71 72
38 42 59 60 61 64 73
38 42 59 60 61 64 71 72
38 42 59 60 61 63 73
38 42 59 60 61 63 71 72
38 42 59 60 61 62 73
38 42 59 60 61 62 71 72
38 42 59 60 61 62 63 73
38 42 59 60 61 62 63 71 72
38 42 49 59 61 73
38 42 49 59 61 71 72
38 42 49 59 60 61 73
38 42 49 59 60 61 71 72
38 42 47 48 59 61 73
38 42 47 48 59 61 71 72
38 42 47 48 59 60 61 73
38 42 47 48 59 60 61 71 72
38 42 46 59 61
38 42 46 59 61 64
38 42 46 59 61 62 63
38 42 46 59 60 61
38 42 46 59 60 61 64
38 42 46 59 60 61 63
38 42 46 59 60 61 62
38 42 46 59 60 61 62 63
38 42 46 49 59 61
38 42 46 49 59 60 61
38 42 46 47 48 59 61
38 42 46 47 48 59 60 61
38 40 41 59 61 73
38 40 41 59 61 71 72
38 40 41 59 61 64 73
38 40 41 59 61 64 71 72
38 40 41 59 61 62 63 73
38 40 41 59 61 62 63 71 72
38 40 41 59 60 61 73
38 40 41 59 60 61 71 72
38 40 41 59 60 61 64 73
38 40 41 59 60 61 64 71 72
38 40 41 59 60 61 63 73
38 40 41 59 60 61 63 71 72
38 40 41 59 60 61 62 73
38 40 41 59 60 61 62 71 72
38 40 41 59 60 61 62 63 73
38 40 41 59 60 61 62 63 71 72
38 40 41 49 59 61 73
38 40 41 49 59 61 71 72
38 40 41 49 59 60 61 73
38 40 41 49 59 60 61 71 72
38 40 41 47 48 59 61 73
38 40 41 47 48 59 61 71 72
38 40 41 47 48 59 60 61 73
38 40 41 47 48 59 60 61 71 72
38 40 41 46 59 61
38 40 41 46 59 61 64
38 40 41 46 59 61 62 63
38 40 41 46 59 60 61
38 40 41 46 59 60 61 64
38 40 41 46 59 60 61 63
38 40 41 46 59 60 61 62
38 40 41 46 59 60 61 62 63
38 40 41 46 49 59 61
38 40 41 46 49 59 60 61
38 40 41 46 47 48 59 61
38 40 41 46 47 48 59 60 61
37 42 59 61 73
37 42 59 61 71 72
37 42 59 61 65 73
37 42 59 61 65 71 72
37 42 59 61 63 64 73
37 42 59 61 63 64 71 72
37 42 59 60 61 73
37 42 59 60 61 71 72
37 42 59 60 61 65 73
37 42 59 60 61 65 71 72
37 42 59 60 61 63 64 73
37 42 59 60 61 63 64 71 72
37 42 46 59 61
37 42 46 59 61 65
37 42 46 59 61 63 64
37 42 46 59 60 61
37 42 46 59 60 61 65
37 42 46 59 60 61 63 64
37 40 41 59 61 73
37 40 41 59 61 71 72
37 40 41 59 61 65 73
37 40 41 59 61 65 71 72
37 40 41 59 61 63 64 73
37 40 41 59 61 63 64 71 72
37 40 41 59 60 61 73
37 40 41 59 60 61 71 72
37 40 41 59 60 61 65 73
37 40 41 59 60 61 65 71 72
37 40 41 59 60 61 63 64 73
37 40 41 59 60 61 63 64 71 72
37 40 41 46 59 61
37 40 41 46 59 61 65
37 40 41 46 59 61 63 64
37 40 41 46 59 60 61
37 40 41 46 59 60 61 65
37 40 41 46 59 60 61 63 64
37 38 42 59 61 73
37 38 42 59 61 71 72
37 38 42 59 60 61 73
37 38 42 59 60 61 71 72
37 38 42 46 59 61
37 38 42 46 59 60 61
37 38 40 41 59 61 73
37 38 40 41 59 61 71 72
37 38 40 41 59 60 61 73
37 38 40 41 59 60 61 71 72
37 38 40 41 46 59 61
37 38 40 41 46 59 60 61
36
36 69
36 67
36 67 68
36 65 66
36 61 69
36 61 68 69
36 59 69 71
36 59 69 70
36 59 68 69 71
36 59 68 69 70
36 55 61 69
36 55 61 67 68
36 44 59 69
36 44 59 68 69
36 44 57 59 61 73
36 44 57 59 61 71 72
36 44 46 57 59 61
36 42
36 42 61
36 42 61 68
36 42 59 71
36 42 59 69 70
36 42 59 68 71
36 42 59 68 69 70
36 42 59 61
36 42 59 61 65 71
36 42 59 61 65 69 70
36 42 59 60 61 73
36 42 59 60 61 71 72
36 42 59 60 61 65 73
36 42 59 60 61 65 71 72
36 42 59 60 61 63 64 73
36 42 59 60 61 63 64 71 72
36 42 55 61
36 42 46 59 60 61
36 42 46 59 60 61 65
36 42 46 59 60 61 63 64
36 42 44 59
36 42 44 59 68
36 42 44 59 61 65
36 42 43 57 59 61 73
36 42 43 57 59 61 71 72
36 42 43 46 57 59 61
36 40
36 40 41 59 61
36 40 41 59 61 65 71
36 40 41 59 61 65 69 70
36 40 41 59 60 61 73
36 40 41 59 60 61 71 72
36 40 41 59 60 61 65 73
36 40 41 59 60 61 65 71 72
36 40 41 59 60 61 63 64 73
36 40 41 59 60 61 63 64 71 72
36 40 41 46 59 60 61
36 40 41 46 59 60 61 65
36 40 41 46 59 60 61 63 64
36 40 41 44 59 61 65
36 38 42 59 60 61 73
36 38 42 59 60 61 71 72
36 38 42 46 59 60 61
36 38 40 41 59 60 61 73
36 38 40 41 59 60 61 71 72
36 38 40 41 46 59 60 61
34
34 69
34 68 69
34 61 69
34 61 68 69
34 59 73
34 59 73 78
34 59 73 76 77
34 59 71 72
34 59 71 72 78
34 59 71 72 76 77
34 59 69 71
34 59 69 70
34 59 68 69 71
34 59 68 69 70
34 57 73 78 79
34 57 71 72 78 79
34 57 59 73 78
34 57 59 73 76 77
34 57 59 71 72 78
34 57 59 71 72 76 77
34 57 59 61 73
34 57 59 61 73 78
34 57 59 61 73 76 77
34 57 59 61 71 72
34 57 59 61 71 72 78
34 57 59 61 71 72 76 77
34 55 61 69
34 55 61 67 68
34 53 57 73
34 53 57 71 72
34 51 59 73
34 51 59 71 72
34 51 57 59 73
34 51 57 59 71 72
34 51 57 59 61 73
34 51 57 59 61 71 72
34 48 57 59 73 78 79
34 48 57 59 71 72 78 79
34 48 53 57 59 73
34 48 53 57 59 71 72
34 46 59
34 46 59 78
34 46 59 76 77
34 46 57 78 79
34 46 57 59 78
34 46 57 59 76 77
34 46 57 59 61
34 46 57 59 61 78
34 46 57 59 61 76 77
34 46 53 57
34 46 51 59
34 46 51 57 59
34 46 51 57 59 61
34 46 48 57 59 78 79
34 46 48 53 57 59
34 46 47 57 59 78 79
34 46 47 57 59 73 78 79
34 46 47 57 59 71 72 78 79
34 46 47 53 57 59
34 46 47 53 57 59 73
34 46 47 53 57 59 71 72
34 44 59 69
34 44 59 68 69
34 44 59 61 73
34 44 59 61 71 72
34 44 57 59 61 73 78
34 44 57 59 61 73 76 77
34 44 57 59 61 71 72 78
34 44 57 59 61 71 72 76 77
34 44 51 57 59 61 73
34 44 51 57 59 61 71 72
34 44 46 59 61
34 44 46 57 59 61 78
34 44 46 57 59 61 76 77
34 44 46 51 57 59 61
34 42
34 42 68
34 42 61
34 42 61 68
34 42 59 71
34 42 59 71 73
34 42 59 71 72
34 42 59 69 70
34 42 59 69 70 73
34 42 59 69 70 71 72
34 42 59 68 71
34 42 59 68 69 70
34 42 59 61 73
34 42 59 61 71 72
34 42 59 61 67 73
34 42 59 61 67 71 72
34 42 59 61 65 73
34 42 59 61 65 71 72
34 42 59 61 65 66 73
34 42 59 61 65 66 71 72
34 42 59 61 64 73
34 42 59 61 64 71 72
34 42 59 61 64 65 73
34 42 59 61 64 65 71 72
34 42 59 61 63 73
34 42 59 61 63 71 72
34 42 59 61 63 65 73
34 42 59 61 63 65 71 72
34 42 59 61 63 64 73
34 42 59 61 63 64 71 72
34 42 59 61 62 73
34 42 59 61 62 71 72
34 42 59 61 62 65 73
34 42 59 61 62 65 71 72
34 42 59 61 62 63 73
34 42 59 61 62 63 71 72
34 42 59 61 62 63 65 73
34 42 59 61 62 63 65 71 72
34 42 57 59 61 73
34 42 57 59 61 73 78
34 42 57 59 61 73 76 77
34 42 57 59 61 71 72
34 42 57 59 61 71 72 78
34 42 57 59 61 71 72 76 77
34 42 55 61
34 42 51 57 59 61 73
34 42 51 57 59 61 71 72
34 42 49 59 61 73
34 42 49 59 61 71 72
34 42 49 59 61 65 73
34 42 49 59 61 65 71 72
34 42 49 59 61 63 64 73
34 42 49 59 61 63 64 71 72
34 42 48 59 71 73
34 42 48 59 71 72
34 42 48 59 69 70 73
34 42 48 59 69 70 71 72
34 42 47 48 59 61 73
34 42 47 48 59 61 71 72
34 42 47 48 59 61 65 73
34 42 47 48 59 61 65 71 72
34 42 47 48 59 61 63 64 73
34 42 47 48 59 61 63 64 71 72
34 42 46 59 71
34 42 46 59 69 70
34 42 46 59 61
34 42 46 59 61 67
34 42 46 59 61 65
34 42 46 59 61 65 66
34 42 46 59 61 64
34 42 46 59 61 64 65
34 42 46 59 61 63
34 42 46 59 61 63 65
34 42 46 59 61 63 64
34 42 46 59 61 62
34 42 46 59 61 62 65
34 42 46 59 61 62 63
34 42 46 59 61 62 63 65
34 42 46 57 59 61
34 42 46 57 59 61 78
34 42 46 57 59 61 76 77
34 42 46 51 57 59 61
34 42 46 49 59 61
34 42 46 49 59 61 65
34 42 46 49 59 61 63 64
34 42 46 48 59 71
34 42 46 48 59 69 70
34 42 46 47 59 71
34 42 46 47 59 71 73
34 42 46 47 59 71 72
34 42 46 47 59 69 70
34 42 46 47 59 69 70 73
34 42 46 47 59 69 70 71 72
34 42 46 47 48 59 61
34 42 46 47 48 59 61 65
34 42 46 47 48 59 61 63 64
34 42 44 59
34 42 44 59 73
34 42 44 59 71 72
34 42 44 59 68
34 42 44 48 59 73
34 42 44 48 59 71 72
34 42 44 46 59
34 42 44 46 48 59
34 42 44 46 47 59
34 42 44 46 47 59 73
34 42 44 46 47 59 71 72
34 42 43 59 61 73
34 42 43 59 61 71 72
34 42 43 57 59 61 73 78
34 42 43 57 59 61 73 76 77
34 42 43 57 59 61 71 72 78
34 42 43 57 59 61 71 72 76 77
34 42 43 51 57 59 61 73
34 42 43 51 57 59 61 71 72
34 42 43 46 59 61
34 42 43 46 57 59 61 78
34 42 43 46 57 59 61 76 77
34 42 43 46 51 57 59 61
34 40 42 59 61 73
34 40 42 59 61 71 72
34 40 42 46 59 61
34 40 41 59 71 73
34 40 41 59 71 72
34 40 41 59 69 70 73
34 40 41 59 69 70 71 72
34 40 41 59 61 67 73
34 40 41 59 61 67 71 72
34 40 41 59 61 65 73
34 40 41 59 61 65 71 72
34 40 41 59 61 65 66 73
34 40 41 59 61 65 66 71 72
34 40 41 59 61 64 73
34 40 41 59 61 64 71 72
34 40 41 59 61 64 65 73
34 40 41 59 61 64 65 71 72
34 40 41 59 61 63 73
34 40 41 59 61 63 71 72
34 40 41 59 61 63 65 73
34 40 41 59 61 63 65 71 72
34 40 41 59 61 63 64 73
34 40 41 59 61 63 64 71 72
34 40 41 59 61 62 73
34 40 41 59 61 62 71 72
34 40 41 59 61 62 65 73
34 40 41 59 61 62 65 71 72
34 40 41 59 61 62 63 73
34 40 41 59 61 62 63 71 72
34 40 41 59 61 62 63 65 73
34 40 41 59 61 62 63 65 71 72
34 40 41 57 59 61 73
34 40 41 57 59 61 73 78
34 40 41 57 59 61 73 76 77
34 40 41 57 59 61 71 72
34 40 41 57 59 61 71 72 78
34 40 41 57 59 61 71 72 76 77
34 40 41 51 57 59 61 73
34 40 41 51 57 59 61 71 72
34 40 41 49 59 61 73
34 40 41 49 59 61 71 72
34 40 41 49 59 61 65 73
34 40 41 49 59 61 65 71 72
34 40 41 49 59 61 63 64 73
34 40 41 49 59 61 63 64 71 72
34 40 41 48 59 71 73
34 40 41 48 59 71 72
34 40 41 48 59 69 70 73
34 40 41 48 59 69 70 71 72
34 40 41 47 48 59 61 73
34 40 41 47 48 59 61 71 72
34 40 41 47 48 59 61 65 73
34 40 41 47 48 59 61 65 71 72
34 40 41 47 48 59 61 63 64 73
34 40 41 47 48 59 61 63 64 71 72
34 40 41 46 59 71
34 40 41 46 59 69 70
34 40 41 46 59 61 67
34 40 41 46 59 61 65
34 40 41 46 59 61 65 66
34 40 41 46 59 61 64
34 40 41 46 59 61 64 65
34 40 41 46 59 61 63
34 40 41 46 59 61 63 65
34 40 41 46 59 61 63 64
34 40 41 46 59 61 62
34 40 41 46 59 61 62 65
34 40 41 46 59 61 62 63
34 40 41 46 59 61 62 63 65
34 40 41 46 57 59 61
34 40 41 46 57 59 61 78
34 40 41 46 57 59 61 76 77
34 40 41 46 51 57 59 61
34 40 41 46 49 59 61
34 40 41 46 49 59 61 65
34 40 41 46 49 59 61 63 64
34 40 41 46 48 59 71
34 40 41 46 48 59 69 70
34 40 41 46 47 59 71
34 40 41 46 47 59 71 73
34 40 41 46 47 59 71 72
34 40 41 46 47 59 69 70
34 40 41 46 47 59 69 70 73
34 40 41 46 47 59 69 70 71 72
34 40 41 46 47 48 59 61
34 40 41 46 47 48 59 61 65
34 40 41 46 47 48 59 61 63 64
34 40 41 44 59 73
34 40 41 44 59 71 72
34 40 41 44 48 59 73
34 40 41 44 48 59 71 72
34 40 41 44 46 59
34 40 41 44 46 48 59
34 40 41 44 46 47 59
34 40 41 44 46 47 59 73
34 40 41 44 46 47 59 71 72
34 38 42 59 61 73
34 38 42 59 61 71 72
34 38 42 59 61 64 73
34 38 42 59 61 64 71 72
34 38 42 59 61 63 73
34 38 42 59 61 63 71 72
34 38 42 59 61 62 73
34 38 42 59 61 62 71 72
34 38 42 59 61 62 63 73
34 38 42 59 61 62 63 71 72
34 38 42 49 59 61 73
34 38 42 49 59 61 71 72
34 38 42 47 48 59 61 73
34 38 42 47 48 59 61 71 72
34 38 42 46 59 61
34 38 42 46 59 61 64
34 38 42 46 59 61 63
34 38 42 46 59 61 62
34 38 42 46 59 61 62 63
34 38 42 46 49 59 61
34 38 42 46 47 48 59 61
34 38 40 41 59 61 73
34 38 40 41 59 61 71 72
34 38 40 41 59 61 64 73
34 38 40 41 59 61 64 71 72
34 38 40 41 59 61 63 73
34 38 40 41 59 61 63 71 72
34 38 40 41 59 61 62 73
34 38 40 41 59 61 62 71 72
34 38 40 41 59 61 62 63 73
34 38 40 41 59 61 62 63 71 72
34 38 40 41 49 59 61 73
34 38 40 41 49 59 61 71 72
34 38 40 41 47 48 59 61 73
34 38 40 41 47 48 59 61 71 72
34 38 40 41 46 59 61
34 38 40 41 46 59 61 64
34 38 40 41 46 59 61 63
34 38 40 41 46 59 61 62
34 38 40 41 46 59 61 62 63
34 38 40 41 46 49 59 61
34 38 40 41 46 47 48 59 61
34 37 42 59 61 73
34 37 42 59 61 71 72
34 37 42 59 61 65 73
34 37 42 59 61 65 71 72
34 37 42 59 61 63 64 73
34 37 42 59 61 63 64 71 72
34 37 42 46 59 61
34 37 42 46 59 61 65
34 37 42 46 59 61 63 64
34 37 40 41 59 61 73
34 37 40 41 59 61 71 72
34 37 40 41 59 61 65 73
34 37 40 41 59 61 65 71 72
34 37 40 41 59 61 63 64 73
34 37 40 41 59 61 63 64 71 72
34 37 40 41 46 59 61
34 37 40 41 46 59 61 65
34 37 40 41 46 59 61 63 64
34 37 38 42 59 61 73
34 37 38 42 59 61 71 72
34 37 38 42 46 59 61
34 37 38 40 41 59 61 73
34 37 38 40 41 59 61 71 72
34 37 38 40 41 46 59 61
34 36 42 59 61 73
34 36 42 59 61 71 72
34 36 42 59 61 65 73
34 36 42 59 61 65 71 72
34 36 42 59 61 63 64 73
34 36 42 59 61 63 64 71 72
34 36 42 46 59 61
34 36 42 46 59 61 65
34 36 42 46 59 61 63 64
34 36 40 41 59 61 73
34 36 40 41 59 61 71 72
34 36 40 41 59 61 65 73
34 36 40 41 59 61 65 71 72
34 36 40 41 59 61 63 64 73
34 36 40 41 59 61 63 64 71 72
34 36 40 41 46 59 61
34 36 40 41 46 59 61 65
34 36 40 41 46 59 61 63 64
34 36 38 42 59 61 73
34 36 38 42 59 61 71 72
34 36 38 42 46 59 61
34 36 38 40 41 59 61 73
34 36 38 40 41 59 61 71 72
34 36 38 40 41 46 59 61
30 42 59 61 73
30 42 59 61 71 72
30 42 59 60 61 73
30 42 59 60 61 71 72
30 42 46 59 61
30 42 46 59 60 61
30 40 41 59 61 73
30 40 41 59 61 71 72
30 40 41 59 60 61 73
30 40 41 59 60 61 71 72
30 40 41 46 59 61
30 40 41 46 59 60 61
30 34 42 59 61 73
30 34 42 59 61 71 72
30 34 42 46 59 61
30 34 40 41 59 61 73
30 34 40 41 59 61 71 72
30 34 40 41 46 59 61
28 59 69
28 59 67 68
28 42 59
28 29 42 59 61 73
28 29 42 59 61 71 72
28 29 42 59 60 61 73
28 29 42 59 60 61 71 72
28 29 42 46 59 61
28 29 42 46 59 60 61
28 29 40 41 59 61 73
28 29 40 41 59 61 71 72
28 29 40 41 59 60 61 73
28 29 40 41 59 60 61 71 72
28 29 40 41 46 59 61
28 29 40 41 46 59 60 61
28 29 34 42 59 61 73
28 29 34 42 59 61 71 72
28 29 34 42 46 59 61
28 29 34 40 41 59 61 73
28 29 34 40 41 59 61 71 72
28 29 34 40 41 46 59 61
22 42 59 61 73
22 42 59 61 71 72
22 42 59 61 65 73
22 42 59 61 65 71 72
22 42 59 61 63 64 73
22 42 59 61 63 64 71 72
22 42 59 60 61 73
22 42 59 60 61 71 72
22 42 59 60 61 65 73
22 42 59 60 61 65 71 72
22 42 59 60 61 63 64 73
22 42 59 60 61 63 64 71 72
22 42 46 59 61
22 42 46 59 61 65
22 42 46 59 61 63 64
22 42 46 59 60 61
22 42 46 59 60 61 65
22 42 46 59 60 61 63 64
22 40 41 59 61 73
22 40 41 59 61 71 72
22 40 41 59 61 65 73
22 40 41 59 61 65 71 72
22 40 41 59 61 63 64 73
22 40 41 59 61 63 64 71 72
22 40 41 59 60 61 73
22 40 41 59 60 61 71 72
22 40 41 59 60 61 65 73
22 40 41 59 60 61 65 71 72
22 40 41 59 60 61 63 64 73
22 40 41 59 60 61 63 64 71 72
22 40 41 46 59 61
22 40 41 46 59 61 65
22 40 41 46 59 61 63 64
22 40 41 46 59 60 61
22 40 41 46 59 60 61 65
22 40 41 46 59 60 61 63 64
22 38 42 59 61 73
22 38 42 59 61 71 72
22 38 42 59 60 61 73
22 38 42 59 60 61 71 72
22 38 42 46 59 61
22 38 42 46 59 60 61
22 38 40 41 59 61 73
22 38 40 41 59 61 71 72
22 38 40 41 59 60 61 73
22 38 40 41 59 60 61 71 72
22 38 40 41 46 59 61
22 38 40 41 46 59 60 61
22 34 42 59 61 73
22 34 42 59 61 71 72
22 34 42 59 61 65 73
22 34 42 59 61 65 71 72
22 34 42 59 61 63 64 73
22 34 42 59 61 63 64 71 72
22 34 42 46 59 61
22 34 42 46 59 61 65
22 34 42 46 59 61 63 64
22 34 40 41 59 61 73
22 34 40 41 59 61 71 72
22 34 40 41 59 61 65 73
22 34 40 41 59 61 65 71 72
22 34 40 41 59 61 63 64 73
22 34 40 41 59 61 63 64 71 72
22 34 40 41 46 59 61
22 34 40 41 46 59 61 65
22 34 40 41 46 59 61 63 64
22 34 38 42 59 61 73
22 34 38 42 59 61 71 72
22 34 38 42 46 59 61
22 34 38 40 41 59 61 73
22 34 38 40 41 59 61 71 72
22 34 38 40 41 46 59 61
21 57 59 73 78
21 57 59 73 76 77
21 57 59 71 72 78
21 57 59 71 72 76 77
21 57 59 61 73 78 79
21 57 59 61 71 72 78 79
21 57 59 60 73 78 79
21 57 59 60 71 72 78 79
21 53 57 59 61 73
21 53 57 59 61 71 72
21 53 57 59 60 73
21 53 57 59 60 71 72
21 51 57 59 73
21 51 57 59 71 72
21 46 57 59 78
21 46 57 59 76 77
21 46 57 59 61 78 79
21 46 57 59 60 78 79
21 46 53 57 59 61
21 46 53 57 59 60
21 46 51 57 59
21 42 59 61 71 73
21 42 59 61 71 72
21 42 59 61 69 70 73
21 42 59 61 69 70 71 72
21 42 59 60 71 73
21 42 59 60 71 72
21 42 59 60 69 70 73
21 42 59 60 69 70 71 72
21 42 57 59 73 78
21 42 57 59 73 76 77
21 42 57 59 71 72 78
21 42 57 59 71 72 76 77
21 42 51 57 59 73
21 42 51 57 59 71 72
21 42 46 59 61 71
21 42 46 59 61 69 70
21 42 46 59 60 71
21 42 46 59 60 69 70
21 42 46 57 59 78
21 42 46 57 59 76 77
21 42 46 51 57 59
21 42 44 59 61 73
21 42 44 59 61 71 72
21 42 44 59 60 73
21 42 44 59 60 71 72
21 42 44 46 59 61
21 42 44 46 59 60
21 40 41 59 61 71 73
21 40 41 59 61 71 72
21 40 41 59 61 69 70 73
21 40 41 59 61 69 70 71 72
21 40 41 59 60 71 73
21 40 41 59 60 71 72
21 40 41 59 60 69 70 73
21 40 41 59 60 69 70 71 72
21 40 41 57 59 73 78
21 40 41 57 59 73 76 77
21 40 41 57 59 71 72 78
21 40 41 57 59 71 72 76 77
21 40 41 51 57 59 73
21 40 41 51 57 59 71 72
21 40 41 46 59 61 71
21 40 41 46 59 61 69 70
21 40 41 46 59 60 71
21 40 41 46 59 60 69 70
21 40 41 46 57 59 78
21 40 41 46 57 59 76 77
21 40 41 46 51 57 59
21 40 41 44 59 61 73
21 40 41 44 59 61 71 72
21 40 41 44 59 60 73
21 40 41 44 59 60 71 72
21 40 41 44 46 59 61
21 40 41 44 46 59 60
21 34 57 59 73 78 79
21 34 57 59 71 72 78 79
21 34 53 57 59 73
21 34 53 57 59 71 72
21 34 46 57 59 78 79
21 34 46 53 57 59
21 34 42 59 71 73
21 34 42 59 71 72
21 34 42 59 69 70 73
21 34 42 59 69 70 71 72
21 34 42 46 59 71
21 34 42 46 59 69 70
21 34 42 44 59 73
21 34 42 44 59 71 72
21 34 42 44 46 59
21 34 40 41 59 71 73
21 34 40 41 59 71 72
21 34 40 41 59 69 70 73
21 34 40 41 59 69 70 71 72
21 34 40 41 46 59 71
21 34 40 41 46 59 69 70
21 34 40 41 44 59 73
21 34 40 41 44 59 71 72
21 34 40 41 44 46 59
17 59 61 73
17 59 61 71 72
17 59 60 61 73
17 59 60 61 71 72
17 57 59 61 73 78
17 57 59 61 73 76 77
17 57 59 61 71 72 78
17 57 59 61 71 72 76 77
17 57 59 61 63 73
17 57 59 61 63 71 72
17 57 59 61 62 73
17 57 59 61 62 71 72
17 57 59 60 61 73 78
17 57 59 60 61 73 76 77
17 57 59 60 61 71 72 78
17 57 59 60 61 71 72 76 77
17 51 57 59 61 73
17 51 57 59 61 71 72
17 51 57 59 60 61 73
17 51 57 59 60 61 71 72
17 46 59 61
17 46 59 60 61
17 46 57 59 61 78
17 46 57 59 61 76 77
17 46 57 59 61 63
17 46 57 59 61 62
17 46 57 59 60 61 78
17 46 57 59 60 61 76 77
17 46 51 57 59 61
17 46 51 57 59 60 61
17 36 57 59 61 73
17 36 57 59 61 71 72
17 36 46 57 59 61
17 34 59 61 73
17 34 59 61 71 72
17 34 57 59 61 73 78
17 34 57 59 61 73 76 77
17 34 57 59 61 71 72 78
17 34 57 59 61 71 72 76 77
17 34 51 57 59 61 73
17 34 51 57 59 61 71 72
17 34 46 59 61
17 34 46 57 59 61 78
17 34 46 57 59 61 76 77
17 34 46 51 57 59 61
15 59 61 73
15 59 61 71 73
15 59 61 69 70 73
15 59 61 69 70 71 72
15 59 61 67 73
15 59 61 67 71 72
15 59 61 65 73
15 59 61 65 71 72
15 59 61 65 66 73
15 59 61 65 66 71 72
15 59 61 64 73
15 59 61 64 71 72
15 59 61 64 65 73
15 59 61 64 65 71 72
15 59 61 63
15 59 61 63 65 71
15 59 61 63 65 69 70
15 59 61 62
15 59 61 62 65 71
15 59 61 62 65 69 70
15 59 61 62 63 73
15 59 61 62 63 71 72
15 59 61 62 63 65 73
15 59 61 62 63 65 71 72
15 59 61 62 63 64 73
15 59 61 62 63 64 71 72
15 59 60 71 73
15 59 60 71 72
15 59 60 69 70 73
15 59 60 69 70 71 72
15 59 60 61 73
15 59 60 61 71 72
15 59 60 61 67 73
15 59 60 61 67 71 72
15 59 60 61 65 73
15 59 60 61 65 71 72
15 59 60 61 65 66 73
15 59 60 61 65 66 71 72
15 59 60 61 64 73
15 59 60 61 64 71 72
15 59 60 61 64 65 73
15 59 60 61 64 65 71 72
15 59 60 61 63 73
15 59 60 61 63 71 72
15 59 60 61 63 65 73
15 59 60 61 63 65 71 72
15 59 60 61 63 64 73
15 59 60 61 63 64 71 72
15 59 60 61 62 73
15 59 60 61 62 71 72
15 59 60 61 62 65 73
15 59 60 61 62 65 71 72
15 59 60 61 62 63 73
15 59 60 61 62 63 71 72
15 59 60 61 62 63 65 73
15 59 60 61 62 63 65 71 72
15 57 59 61 73
15 57 59 61 73 78
15 57 59 61 73 76 77
15 57 59 61 71 72
15 57 59 61 71 72 78
15 57 59 61 71 72 76 77
15 57 59 60 61 73
15 57 59 60 61 73 78
15 57 59 60 61 73 76 77
15 57 59 60 61 71 72
15 57 59 60 61 71 72 78
15 57 59 60 61 71 72 76 77
15 51 57 59 61 73
15 51 57 59 61 71 72
15 51 57 59 60 61 73
15 51 57 59 60 61 71 72
15 49 59 61 73
15 49 59 61 71 72
15 49 59 61 65 73
15 49 59 61 65 71 72
15 49 59 61 63 64 73
15 49 59 61 63 64 71 72
15 49 59 60 61 73
15 49 59 60 61 71 72
15 49 59 60 61 65 73
15 49 59 60 61 65 71 72
15 49 59 60 61 63 64 73
15 49 59 60 61 63 64 71 72
15 48 59 61 71 73
15 48 59 61 71 72
15 48 59 61 69 70 73
15 48 59 61 69 70 71 72
15 48 59 60 71 73
15 48 59 60 71 72
15 48 59 60 69 70 73
15 48 59 60 69 70 71 72
15 48 57 59 73 78
15 48 57 59 73 76 77
15 48 57 59 71 72 78
15 48 57 59 71 72 76 77
15 48 51 57 59 73
15 48 51 57 59 71 72
15 47 48 59 61 73
15 47 48 59 61 71 72
15 47 48 59 61 65 73
15 47 48 59 61 65 71 72
15 47 48 59 61 63 64 73
15 47 48 59 61 63 64 71 72
15 47 48 59 60 61 73
15 47 48 59 60 61 71 72
15 47 48 59 60 61 65 73
15 47 48 59 60 61 65 71 72
15 47 48 59 60 61 63 64 73
15 47 48 59 60 61 63 64 71 72
15 46 59 61
15 46 59 61 71
15 46 59 61 69 70
15 46 59 61 67
15 46 59 61 65
15 46 59 61 65 66
15 46 59 61 64
15 46 59 61 64 65
15 46 59 61 62 63
15 46 59 61 62 63 65
15 46 59 61 62 63 64
15 46 59 60 71
15 46 59 60 69 70
15 46 59 60 61
15 46 59 60 61 67
15 46 59 60 61 65
15 46 59 60 61 65 66
15 46 59 60 61 64
15 46 59 60 61 64 65
15 46 59 60 61 63
15 46 59 60 61 63 65
15 46 59 60 61 63 64
15 46 59 60 61 62
15 46 59 60 61 62 65
15 46 59 60 61 62 63
15 46 59 60 61 62 63 65
15 46 57 59 61
15 46 57 59 61 78
15 46 57 59 61 76 77
15 46 57 59 60 61
15 46 57 59 60 61 78
15 46 57 59 60 61 76 77
15 46 51 57 59 61
15 46 51 57 59 60 61
15 46 49 59 61
15 46 49 59 61 65
15 46 49 59 61 63 64
15 46 49 59 60 61
15 46 49 59 60 61 65
15 46 49 59 60 61 63 64
15 46 48 59 61 71
15 46 48 59 61 69 70
15 46 48 59 60 71
15 46 48 59 60 69 70
15 46 48 57 59 78
15 46 48 57 59 76 77
15 46 48 51 57 59
15 46 47 59 61 71
15 46 47 59 61 71 73
15 46 47 59 61 71 72
15 46 47 59 61 69 70
15 46 47 59 61 69 70 73
15 46 47 59 61 69 70 71 72
15 46 47 59 60 71
15 46 47 59 60 71 73
15 46 47 59 60 71 72
15 46 47 59 60 69 70
15 46 47 59 60 69 70 73
15 46 47 59 60 69 70 71 72
15 46 47 57 59 78
15 46 47 57 59 76 77
15 46 47 57 59 73 78
15 46 47 57 59 73 76 77
15 46 47 57 59 71 72 78
15 46 47 57 59 71 72 76 77
15 46 47 51 57 59
15 46 47 51 57 59 73
15 46 47 51 57 59 71 72
15 46 47 48 59 61
15 46 47 48 59 61 65
15 46 47 48 59 61 63 64
15 46 47 48 59 60 61
15 46 47 48 59 60 61 65
15 46 47 48 59 60 61 63 64
15 44 59 61 73
15 44 59 61 71 72
15 44 59 61 63 65
15 44 59 61 62 65
15 44 59 60 73
15 44 59 60 71 72
15 44 48 59 61 73
15 44 48 59 61 71 72
15 44 48 59 60 73
15 44 48 59 60 71 72
15 44 46 59 61
15 44 46 59 60
15 44 46 48 59 61
15 44 46 48 59 60
15 44 46 47 59 61
15 44 46 47 59 61 73
15 44 46 47 59 61 71 72
15 44 46 47 59 60
15 44 46 47 59 60 73
15 44 46 47 59 60 71 72
15 40 59 61 73
15 40 59 61 71 72
15 40 59 60 61 73
15 40 59 60 61 71 72
15 40 46 59 61
15 40 46 59 60 61
15 38 59 61 73
15 38 59 61 71 72
15 38 59 61 64 73
15 38 59 61 64 71 72
15 38 59 61 62 63 73
15 38 59 61 62 63 71 72
15 38 59 60 61 73
15 38 59 60 61 71 72
15 38 59 60 61 64 73
15 38 59 60 61 64 71 72
15 38 59 60 61 63 73
15 38 59 60 61 63 71 72
15 38 59 60 61 62 73
15 38 59 60 61 62 71 72
15 38 59 60 61 62 63 73
15 38 59 60 61 62 63 71 72
15 38 49 59 61 73
15 38 49 59 61 71 72
15 38 49 59 60 61 73
15 38 49 59 60 61 71 72
15 38 47 48 59 61 73
15 38 47 48 59 61 71 72
15 38 47 48 59 60 61 73
15 38 47 48 59 60 61 71 72
15 38 46 59 61
15 38 46 59 61 64
15 38 46 59 61 62 63
15 38 46 59 60 61
15 38 46 59 60 61 64
15 38 46 59 60 61 63
15 38 46 59 60 61 62
15 38 46 59 60 61 62 63
15 38 46 49 59 61
15 38 46 49 59 60 61
15 38 46 47 48 59 61
15 38 46 47 48 59 60 61
15 37 59 61 73
15 37 59 61 71 72
15 37 59 61 65 73
15 37 59 61 65 71 72
15 37 59 61 63 64 73
15 37 59 61 63 64 71 72
15 37 59 60 61 73
15 37 59 60 61 71 72
15 37 59 60 61 65 73
15 37 59 60 61 65 71 72
15 37 59 60 61 63 64 73
15 37 59 60 61 63 64 71 72
15 37 46 59 61
15 37 46 59 61 65
15 37 46 59 61 63 64
15 37 46 59 60 61
15 37 46 59 60 61 65
15 37 46 59 60 61 63 64
15 37 38 59 61 73
15 37 38 59 61 71 72
15 37 38 59 60 61 73
15 37 38 59 60 61 71 72
15 37 38 46 59 61
15 37 38 46 59 60 61
15 36 59 61
15 36 59 61 65 71
15 36 59 61 65 69 70
15 36 59 60 61 73
15 36 59 60 61 71 72
15 36 59 60 61 65 73
15 36 59 60 61 65 71 72
15 36 59 60 61 63 64 73
15 36 59 60 61 63 64 71 72
15 36 46 59 60 61
15 36 46 59 60 61 65
15 36 46 59 60 61 63 64
15 36 44 59 61 65
15 36 38 59 60 61 73
15 36 38 59 60 61 71 72
15 36 38 46 59 60 61
15 34 59 71 73
15 34 59 71 72
15 34 59 69 70 73
15 34 59 69 70 71 72
15 34 59 61 73
15 34 59 61 71 72
15 34 59 61 67 73
15 34 59 61 67 71 72
15 34 59 61 65 73
15 34 59 61 65 71 72
15 34 59 61 65 66 73
15 34 59 61 65 66 71 72
15 34 59 61 64 73
15 34 59 61 64 71 72
15 34 59 61 64 65 73
15 34 59 61 64 65 71 72
15 34 59 61 63 73
15 34 59 61 63 71 72
15 34 59 61 63 65 73
15 34 59 61 63 65 71 72
15 34 59 61 63 64 73
15 34 59 61 63 64 71 72
15 34 59 61 62 73
15 34 59 61 62 71 72
15 34 59 61 62 65 73
15 34 59 61 62 65 71 72
15 34 59 61 62 63 73
15 34 59 61 62 63 71 72
15 34 59 61 62 63 65 73
15 34 59 61 62 63 65 71 72
15 34 57 59 61 73
15 34 57 59 61 73 78
15 34 57 59 61 73 76 77
15 34 57 59 61 71 72
15 34 57 59 61 71 72 78
15 34 57 59 61 71 72 76 77
15 34 51 57 59 61 73
15 34 51 57 59 61 71 72
15 34 49 59 61 73
15 34 49 59 61 71 72
15 34 49 59 61 65 73
15 34 49 59 61 65 71 72
15 34 49 59 61 63 64 73
15 34 49 59 61 63 64 71 72
15 34 48 59 71 73
15 34 48 59 71 72
15 34 48 59 69 70 73
15 34 48 59 69 70 71 72
15 34 47 48 59 61 73
15 34 47 48 59 61 71 72
15 34 47 48 59 61 65 73
15 34 47 48 59 61 65 71 72
15 34 47 48 59 61 63 64 73
15 34 47 48 59 61 63 64 71 72
15 34 46 59 71
15 34 46 59 69 70
15 34 46 59 61
15 34 46 59 61 67
15 34 46 59 61 65
15 34 46 59 61 65 66
15 34 46 59 61 64
15 34 46 59 61 64 65
15 34 46 59 61 63
15 34 46 59 61 63 65
15 34 46 59 61 63 64
15 34 46 59 61 62
15 34 46 59 61 62 65
15 34 46 59 61 62 63
15 34 46 59 61 62 63 65
15 34 46 57 59 61
15 34 46 57 59 61 78
15 34 46 57 59 61 76 77
15 34 46 51 57 59 61
15 34 46 49 59 61
15 34 46 49 59 61 65
15 34 46 49 59 61 63 64
15 34 46 48 59 71
15 34 46 48 59 69 70
15 34 46 47 59 71
15 34 46 47 59 71 73
15 34 46 47 59 71 72
15 34 46 47 59 69 70
15 34 46 47 59 69 70 73
15 34 46 47 59 69 70 71 72
15 34 46 47 48 59 61
15 34 46 47 48 59 61 65
15 34 46 47 48 59 61 63 64
15 34 44 59 73
15 34 44 59 71 72
15 34 44 48 59 73
15 34 44 48 59 71 72
15 34 44 46 59
15 34 44 46 48 59
15 34 44 46 47 59
15 34 44 46 47 59 73
15 34 44 46 47 59 71 72
15 34 40 59 61 73
15 34 40 59 61 71 72
15 34 40 46 59 61
15 34 38 59 61 73
15 34 38 59 61 71 72
15 34 38 59 61 64 73
15 34 38 59 61 64 71 72
15 34 38 59 61 63 73
15 34 38 59 61 63 71 72
15 34 38 59 61 62 73
15 34 38 59 61 62 71 72
15 34 38 59 61 62 63 73
15 34 38 59 61 62 63 71 72
15 34 38 49 59 61 73
15 34 38 49 59 61 71 72
15 34 38 47 48 59 61 73
15 34 38 47 48 59 61 71 72
15 34 38 46 59 61
15 34 38 46 59 61 64
15 34 38 46 59 61 63
15 34 38 46 59 61 62
15 34 38 46 59 61 62 63
15 34 38 46 49 59 61
15 34 38 46 47 48 59 61
15 34 37 59 61 73
15 34 37 59 61 71 72
15 34 37 59 61 65 73
15 34 37 59 61 65 71 72
15 34 37 59 61 63 64 73
15 34 37 59 61 63 64 71 72
15 34 37 46 59 61
15 34 37 46 59 61 65
15 34 37 46 59 61 63 64
15 34 37 38 59 61 73
15 34 37 38 59 61 71 72
15 34 37 38 46 59 61
15 34 36 59 61 73
15 34 36 59 61 71 72
15 34 36 59 61 65 73
15 34 36 59 61 65 71 72
15 34 36 59 61 63 64 73
15 34 36 59 61 63 64 71 72
15 34 36 46 59 61
15 34 36 46 59 61 65
15 34 36 46 59 61 63 64
15 34 36 38 59 61 73
15 34 36 38 59 61 71 72
15 34 36 38 46 59 61
15 30 59 61 73
15 30 59 61 71 72
15 30 59 60 61 73
15 30 59 60 61 71 72
15 30 46 59 61
15 30 46 59 60 61
15 30 34 59 61 73
15 30 34 59 61 71 72
15 30 34 46 59 61
15 28 29 59 61 73
15 28 29 59 61 71 72
15 28 29 59 60 61 73
15 28 29 59 60 61 71 72
15 28 29 46 59 61
15 28 29 46 59 60 61
15 28 29 34 59 61 73
15 28 29 34 59 61 71 72
15 28 29 34 46 59 61
15 22 59 61 73
15 22 59 61 71 72
15 22 59 61 65 73
15 22 59 61 65 71 72
15 22 59 61 63 64 73
15 22 59 61 63 64 71 72
15 22 59 60 61 73
15 22 59 60 61 71 72
15 22 59 60 61 65 73
15 22 59 60 61 65 71 72
15 22 59 60 61 63 64 73
15 22 59 60 61 63 64 71 72
15 22 46 59 61
15 22 46 59 61 65
15 22 46 59 61 63 64
15 22 46 59 60 61
15 22 46 59 60 61 65
15 22 46 59 60 61 63 64
15 22 38 59 61 73
15 22 38 59 61 71 72
15 22 38 59 60 61 73
15 22 38 59 60 61 71 72
15 22 38 46 59 61
15 22 38 46 59 60 61
15 22 34 59 61 73
15 22 34 59 61 71 72
15 22 34 59 61 65 73
15 22 34 59 61 65 71 72
15 22 34 59 61 63 64 73
15 22 34 59 61 63 64 71 72
15 22 34 46 59 61
15 22 34 46 59 61 65
15 22 34 46 59 61 63 64
15 22 34 38 59 61 73
15 22 34 38 59 61 71 72
15 22 34 38 46 59 61
15 21 59 61 71 73
15 21 59 61 71 72
15 21 59 61 69 70 73
15 21 59 61 69 70 71 72
15 21 59 60 71 73
15 21 59 60 71 72
15 21 59 60 69 70 73
15 21 59 60 69 70 71 72
15 21 57 59 73 78
15 21 57 59 73 76 77
15 21 57 59 71 72 78
15 21 57 59 71 72 76 77
15 21 51 57 59 73
15 21 51 57 59 71 72
15 21 46 59 61 71
15 21 46 59 61 69 70
15 21 46 59 60 71
15 21 46 59 60 69 70
15 21 46 57 59 78
15 21 46 57 59 76 77
15 21 46 51 57 59
15 21 44 59 61 73
15 21 44 59 61 71 72
15 21 44 59 60 73
15 21 44 59 60 71 72
15 21 44 46 59 61
15 21 44 46 59 60
15 21 34 59 71 73
15 21 34 59 71 72
15 21 34 59 69 70 73
15 21 34 59 69 70 71 72
15 21 34 46 59 71
15 21 34 46 59 69 70
15 21 34 44 59 73
15 21 34 44 59 71 72
15 21 34 44 46 59
3 42 59 61 73
3 42 59 61 71 72
3 42 59 60 61 73
3 42 59 60 61 71 72
3 42 46 59 61
3 42 46 59 60 61
3 40 41 59 61 73
3 40 41 59 61 71 72
3 40 41 59 60 61 73
3 40 41 59 60 61 71 72
3 40 41 46 59 61
3 40 41 46 59 60 61
3 34 42 59 61 73
3 34 42 59 61 71 72
3 34 42 46 59 61
3 34 40 41 59 61 73
3 34 40 41 59 61 71 72
3 34 40 41 46 59 61
3 15 59 61 73
3 15 59 61 71 72
3 15 59 60 61 73
3 15 59 60 61 71 72
3 15 46 59 61
3 15 46 59 60 61
3 15 34 59 61 73
3 15 34 59 61 71 72
3 15 34 46 59 61
1

