73
71 72
68 71
68 69 78 79
68 69 70
67
67 78 79
67 68
67 68 69
65 66
65 66 78 79
65 66 68 78 79
65 66 68 69
65 66 67 68
64
61
61 69 78 79
61 68
61 67 68 78 79
59
59 61 63 73
59 61 63 71 72
59 61 62 73
59 61 62 71 72
59 60 61 63 73
59 60 61 63 71 72
59 60 61 62 73
59 60 61 62 71 72
55
55 69
55 69 78 79
55 68
55 68 78 79
55 68 69
55 68 69 78 79
55 67
55 65 66
55 61
55 61 69
55 61 67 68
53 68 69
53 67
53 65 66
53 65 66 68
53 61 69
53 61 67 68
53 55 69
53 55 68
53 55 68 69
50
48 49
46
46 59 61 63
46 59 61 62
46 59 60 61 63
46 59 60 61 62
44 68
44 59 61 63 75
44 59 61 63 73 74
44 59 61 62 75
44 59 61 62 73 74
44 48 59 61 63
44 48 59 61 62
42 68 78 79
42 67 68
42 65 66 68
42 61 78 79
42 57 59 60 73 78
42 57 59 60 73 76 77
42 57 59 60 71 72 78
42 57 59 60 71 72 76 77
42 55
42 55 78 79
42 55 68
42 55 68 78 79
42 55 61
42 53 68
42 53 61
42 53 55
42 53 55 68
42 51 57 59 60 73
42 51 57 59 60 71 72
42 46 57 59 60 78
42 46 57 59 60 76 77
42 46 51 57 59 60
42 43 59 61 63 75
42 43 59 61 63 73 74
42 43 59 61 62 75
42 43 59 61 62 73 74
42 43 48 59 61 63
42 43 48 59 61 62
40 78 79
40 68 78 79
40 68 69
40 67 68
40 55
40 53
40 53 68
40 42 68
40 41 57 59 60 73 78
40 41 57 59 60 73 76 77
40 41 57 59 60 71 72 78
40 41 57 59 60 71 72 76 77
40 41 51 57 59 60 73
40 41 51 57 59 60 71 72
40 41 46 57 59 60 78
40 41 46 57 59 60 76 77
40 41 46 51 57 59 60
38 69
38 67
38 67 68
38 65 66
38 42
38 40
38 39
36 69 78 79
36 68
36 67
36 67 68 78 79
36 65 66
36 61 68
36 59 61 73
36 59 61 71 72
36 59 60 61 73
36 59 60 61 71 72
36 53 69
36 53 67 68
36 46 59 61
36 46 59 60 61
36 44 59 61 75
36 44 59 61 73 74
36 44 48 59 61
36 42 78 79
36 42 53
36 42 43 59 61 75
36 42 43 59 61 73 74
36 42 43 48 59 61
36 40
35 69
35 68 69
35 61
35 55
35 42
35 42 68
34
34 69
34 67
34 65 66
34 65 66 68
34 61
34 61 69 78 79
34 61 67 78 79
34 61 67 68 78 79
34 61 65 66 78 79
34 55
34 55 69
34 55 67 68
34 55 61 69
34 55 61 67 68
34 53 61 69
34 53 61 67
34 53 61 67 68
34 53 61 65 66
34 42
34 42 61 78 79
34 42 55
34 42 55 61
34 42 53 61
34 40
34 40 68
34 40 61 78 79
34 40 53 61
31
29 30
28 67
28 65 66
28 61 67
28 61 65 66
28 40
28 40 61
26 27 67
26 27 65 66
26 27 61 67
26 27 61 65 66
26 27 40
26 27 40 61
23
22 68 69
22 67 68
22 61 67
22 61 65 66
22 55 69
22 55 67 68
22 55 61
22 42 68
22 42 55
22 40 61
22 38 67
22 38 65 66
22 38 40
21
20 78 79
20 68
20 67 78 79
20 65 66 78 79
20 63
20 61
20 61 62
20 55
20 55 69
20 55 69 78 79
20 55 69 71
20 55 69 70
20 55 67 68
20 55 67 68 78 79
20 55 67 68 71
20 55 67 68 69 70
20 55 61
20 55 61 69
20 55 61 67 68
20 54
20 53
20 53 67
20 53 65 66
20 53 55 69
20 53 55 67 68
20 45
20 44 55 69
20 44 55 67 68
20 43 44
20 42 55
20 42 55 78 79
20 42 55 71
20 42 55 69 70
20 42 55 61
20 42 53 55
20 42 44 55
20 40 78 79
20 40 53
20 38
20 38 68 69
20 38 67
20 38 67 68
20 38 65 66
20 38 55
20 38 42 68
20 38 40
20 36
20 36 68 69
20 36 67
20 36 67 68
20 36 65 66
20 36 55 69
20 36 55 69 71
20 36 55 69 70
20 36 55 67 68
20 36 55 67 68 71
20 36 55 67 68 69 70
20 36 55 61 69
20 36 55 61 67 68
20 36 44 55 69
20 36 44 55 67 68
20 36 42 68
20 36 42 55
20 36 42 55 71
20 36 42 55 69 70
20 36 42 55 61
20 36 42 44 55
20 36 40
20 34
20 34 67 69
20 34 67 68
20 34 65 66 69
20 34 65 66 67 68
20 34 55 69
20 34 55 67
20 34 55 67 68
20 34 55 65 66
20 34 42 67
20 34 42 65 66
20 34 42 55
20 34 40 69
20 34 40 67 68
20 34 40 55
20 34 40 42
20 34 35
20 22 69
20 22 67 68
20 22 55 61 69
20 22 55 61 67 68
20 22 42
20 22 42 55 61
20 22 34 69
20 22 34 67
20 22 34 67 68
20 22 34 65 66
20 22 34 42
20 22 34 40
20 21
18 59 61 63 73
18 59 61 63 71 72
18 59 61 62 73
18 59 61 62 71 72
18 46 59 61 63
18 46 59 61 62
18 42 57 59 73 78
18 42 57 59 73 76 77
18 42 57 59 71 72 78
18 42 57 59 71 72 76 77
18 42 51 57 59 73
18 42 51 57 59 71 72
18 42 46 57 59 78
18 42 46 57 59 76 77
18 42 46 51 57 59
18 40 41 57 59 73 78
18 40 41 57 59 73 76 77
18 40 41 57 59 71 72 78
18 40 41 57 59 71 72 76 77
18 40 41 51 57 59 73
18 40 41 51 57 59 71 72
18 40 41 46 57 59 78
18 40 41 46 57 59 76 77
18 40 41 46 51 57 59
18 36 59 61 73
18 36 59 61 71 72
18 36 46 59 61
18 20
17 59 61 63 75
17 59 61 63 73 74
17 59 61 62 75
17 59 61 62 73 74
17 48 59 61 63
17 48 59 61 62
17 36 59 61 75
17 36 59 61 73 74
17 36 48 59 61
16 17 59 61 63 73
16 17 59 61 63 71 72
16 17 59 61 62 73
16 17 59 61 62 71 72
16 17 46 59 61 63
16 17 46 59 61 62
16 17 42 57 59 73 78
16 17 42 57 59 73 76 77
16 17 42 57 59 71 72 78
16 17 42 57 59 71 72 76 77
16 17 42 51 57 59 73
16 17 42 51 57 59 71 72
16 17 42 46 57 59 78
16 17 42 46 57 59 76 77
16 17 42 46 51 57 59
16 17 40 41 57 59 73 78
16 17 40 41 57 59 73 76 77
16 17 40 41 57 59 71 72 78
16 17 40 41 57 59 71 72 76 77
16 17 40 41 51 57 59 73
16 17 40 41 51 57 59 71 72
16 17 40 41 46 57 59 78
16 17 40 41 46 57 59 76 77
16 17 40 41 46 51 57 59
16 17 36 59 61 73
16 17 36 59 61 71 72
16 17 36 46 59 61
15 57 59 60 73 78
15 57 59 60 73 76 77
15 57 59 60 71 72 78
15 57 59 60 71 72 76 77
15 51 57 59 60 73
15 51 57 59 60 71 72
15 46 57 59 60 78
15 46 57 59 60 76 77
15 46 51 57 59 60
15 18 57 59 73 78
15 18 57 59 73 76 77
15 18 57 59 71 72 78
15 18 57 59 71 72 76 77
15 18 51 57 59 73
15 18 51 57 59 71 72
15 18 46 57 59 78
15 18 46 57 59 76 77
15 18 46 51 57 59
15 16 17 57 59 73 78
15 16 17 57 59 73 76 77
15 16 17 57 59 71 72 78
15 16 17 57 59 71 72 76 77
15 16 17 51 57 59 73
15 16 17 51 57 59 71 72
15 16 17 46 57 59 78
15 16 17 46 57 59 76 77
15 16 17 46 51 57 59
13
10
10 67
10 65 66
10 40
10 35
10 34 78 79
10 34 53
10 20
10 20 55
10 20 36 55
9 20
7
7 20
4
1
1 69
1 69 78 79
1 68 69
1 68 69 78 79
1 64 67
1 64 65 66
1 61 69
1 61 67 68
1 59 67
1 59 65 66
1 55 69
1 55 67
1 55 67 68
1 55 65 66
1 53 69
1 53 68 69
1 42
1 42 78 79
1 42 68
1 42 68 78 79
1 42 61
1 42 55
1 42 53
1 42 53 68
1 40
1 40 67
1 40 65 66
1 40 64
1 40 59
1 40 55
1 38 68 69
1 38 67 68
1 38 42 68
1 38 39 67
1 38 39 65 66
1 38 39 40
1 35
1 34 67 71
1 34 67 69 70
1 34 65 66 71
1 34 65 66 69 70
1 34 59 69 71
1 34 59 69 70
1 34 59 67 71 78 79
1 34 59 67 69 70 78 79
1 34 59 67 68 71
1 34 59 67 68 69 70
1 34 59 65 66 71 78 79
1 34 59 65 66 69 70 78 79
1 34 55
1 34 53 59 67 71
1 34 53 59 67 69 70
1 34 53 59 65 66 71
1 34 53 59 65 66 69 70
1 34 44 67
1 34 44 65 66
1 34 44 59 69
1 34 44 59 67 78 79
1 34 44 59 67 68
1 34 44 59 65 66 78 79
1 34 44 53 59 67
1 34 44 53 59 65 66
1 34 42 59 71
1 34 42 59 69 70
1 34 42 44 59
1 34 40 71
1 34 40 69 70
1 34 40 59 71 78 79
1 34 40 59 69 70 78 79
1 34 40 53 59 71
1 34 40 53 59 69 70
1 34 40 44
1 34 40 44 59 78 79
1 34 40 44 53 59
1 31 67
1 31 65 66
1 31 40
1 29 30 67
1 29 30 65 66
1 29 30 40
1 28 67
1 28 65 66
1 28 40
1 26 27 67
1 26 27 65 66
1 26 27 40
1 22 67
1 22 65 66
1 22 40
1 21 67
1 21 65 66
1 21 40
1 20 61 69
1 20 61 67
1 20 61 67 68
1 20 61 65 66
1 20 59 69
1 20 59 67 68
1 20 55 69
1 20 55 67
1 20 55 67 68
1 20 55 65 66
1 20 42 61
1 20 42 59
1 20 42 55
1 20 40 61
1 20 40 55
1 20 36 69
1 20 36 67 68
1 20 36 59 69
1 20 36 59 67 68
1 20 36 42
1 20 36 42 59
1 20 34 69
1 20 34 67
1 20 34 67 68
1 20 34 65 66
1 20 34 42
1 20 34 40
1 20 22 67
1 20 22 65 66
1 20 22 40
1 20 21 67
1 20 21 65 66
1 20 21 40
1 13 67
1 13 65 66
1 13 40
1 10 67
1 10 65 66
1 10 40
1 7 67
1 7 65 66
1 7 40
1 7 20 67
1 7 20 65 66
1 7 20 40
1 4 67
1 4 65 66
1 4 40

