78 79
69 71
69 70
68
68 69
67
67 78 79
67 68
67 68 71
67 68 69 70
65 66 78 79
61
61 78 79
61 73
61 71 72
61 69
61 67 78 79
61 67 68
61 65 66 78 79
59 78 79
59 73
59 71 72
59 69
59 67 78 79
59 67 68
59 65 66 78 79
59 63 78
59 63 76 77
59 63 65 73
59 63 65 71 72
59 63 64 73
59 63 64 71 72
59 61 75
59 61 73
59 61 73 74
59 61 71 72
59 61 67 73
59 61 67 71 72
59 61 65 66 73
59 61 65 66 71 72
59 61 62 78
59 61 62 76 77
59 61 62 65 73
59 61 62 65 71 72
59 61 62 63 64 73
59 61 62 63 64 71 72
57 61 63 73
57 61 63 71 72
57 61 62 73
57 61 62 71 72
57 59 63 73
57 59 63 71 72
57 59 61 63 73
57 59 61 63 71 72
55 68
53
53 67
53 65 66
53 61
53 61 67
53 61 65 66
53 59
53 59 67
53 59 65 66
53 54
51 67 68
51 65 66 68
51 59 63
51 59 61 62
49 50 67 68
49 50 65 66 68
48 59 61
46
46 61
46 59
46 59 63 65
46 59 63 64
46 59 61
46 59 61 67
46 59 61 65 66
46 59 61 62 65
46 59 61 62 63 64
46 57 61 63
46 57 61 62
46 57 59 63
46 57 59 61 63
44 69
44 67 68
44 61 73 77
44 61 73 75 76
44 61 71 72 77
44 61 71 72 75 76
44 60 61 73
44 60 61 71 72
44 59 73 77
44 59 73 77 78 79
44 59 73 75 76
44 59 73 75 76 78 79
44 59 71 72 77
44 59 71 72 77 78 79
44 59 71 72 75 76
44 59 71 72 75 76 78 79
44 59 61 73
44 59 61 73 77
44 59 61 73 77 78
44 59 61 73 76 77
44 59 61 73 75 78
44 59 61 73 75 78 79
44 59 61 73 75 76
44 59 61 73 75 76 78
44 59 61 73 74 78
44 59 61 73 74 78 79
44 59 61 73 74 76 77
44 59 61 71 72
44 59 61 71 72 77
44 59 61 71 72 77 78
44 59 61 71 72 76 77
44 59 61 71 72 75 78
44 59 61 71 72 75 78 79
44 59 61 71 72 75 76
44 59 61 71 72 75 76 78
44 59 61 71 72 73 74 78
44 59 61 71 72 73 74 78 79
44 59 61 71 72 73 74 76 77
44 59 60 61 73 75 78
44 59 60 61 73 75 78 79
44 59 60 61 73 75 76 77
44 59 60 61 73 74 78
44 59 60 61 73 74 78 79
44 59 60 61 73 74 76 77
44 59 60 61 71 72 75 78
44 59 60 61 71 72 75 78 79
44 59 60 61 71 72 75 76 77
44 59 60 61 71 72 73 74 78
44 59 60 61 71 72 73 74 78 79
44 59 60 61 71 72 73 74 76 77
44 59 60 61 63 73
44 59 60 61 63 71 72
44 58 59 61 73
44 58 59 61 71 72
44 57 61 73
44 57 61 71 72
44 57 59 73
44 57 59 71 72
44 53 59 73 77
44 53 59 73 75 76
44 53 59 71 72 77
44 53 59 71 72 75 76
44 53 59 61 73 75
44 53 59 61 73 74
44 53 59 61 71 72 75
44 53 59 61 71 72 73 74
44 53 59 60 61 73 75
44 53 59 60 61 73 74
44 53 59 60 61 71 72 75
44 53 59 60 61 71 72 73 74
44 51 59 61 73 77
44 51 59 61 73 75
44 51 59 61 73 75 76
44 51 59 61 73 74
44 51 59 61 71 72 77
44 51 59 61 71 72 75
44 51 59 61 71 72 75 76
44 51 59 61 71 72 73 74
44 51 59 60 61 73 75
44 51 59 60 61 73 74
44 51 59 60 61 71 72 75
44 51 59 60 61 71 72 73 74
44 50 61 73
44 50 61 71 72
44 50 59 73
44 50 59 73 78 79
44 50 59 71 72
44 50 59 71 72 78 79
44 50 59 61 73
44 50 59 61 73 78
44 50 59 61 73 76 77
44 50 59 61 71 72
44 50 59 61 71 72 78
44 50 59 61 71 72 76 77
44 50 53 59 73
44 50 53 59 71 72
44 50 51 59 61 73
44 50 51 59 61 71 72
44 48 59 61 73 78
44 48 59 61 73 78 79
44 48 59 61 73 76 77
44 48 59 61 71 72 78
44 48 59 61 71 72 78 79
44 48 59 61 71 72 76 77
44 48 59 60 61 73 78
44 48 59 60 61 73 78 79
44 48 59 60 61 73 76 77
44 48 59 60 61 71 72 78
44 48 59 60 61 71 72 78 79
44 48 59 60 61 71 72 76 77
44 48 53 59 61 73
44 48 53 59 61 71 72
44 48 53 59 60 61 73
44 48 53 59 60 61 71 72
44 48 51 59 61 73
44 48 51 59 61 71 72
44 48 51 59 60 61 73
44 48 51 59 60 61 71 72
44 46 61 77
44 46 61 75 76
44 46 60 61
44 46 59 77
44 46 59 77 78 79
44 46 59 75 76
44 46 59 75 76 78 79
44 46 59 61
44 46 59 61 77
44 46 59 61 77 78
44 46 59 61 76 77
44 46 59 61 75 78
44 46 59 61 75 78 79
44 46 59 61 75 76
44 46 59 61 75 76 78
44 46 59 61 73 74 78
44 46 59 61 73 74 78 79
44 46 59 61 73 74 76 77
44 46 59 60 61 75 78
44 46 59 60 61 75 78 79
44 46 59 60 61 75 76 77
44 46 59 60 61 73 74 78
44 46 59 60 61 73 74 78 79
44 46 59 60 61 73 74 76 77
44 46 59 60 61 63
44 46 58 59 61
44 46 57 61
44 46 57 59
44 46 53 59 77
44 46 53 59 75 76
44 46 53 59 61 75
44 46 53 59 61 73 74
44 46 53 59 60 61 75
44 46 53 59 60 61 73 74
44 46 51 59 61 77
44 46 51 59 61 75
44 46 51 59 61 75 76
44 46 51 59 61 73 74
44 46 51 59 60 61 75
44 46 51 59 60 61 73 74
44 46 50 61
44 46 50 59
44 46 50 59 78 79
44 46 50 59 61
44 46 50 59 61 78
44 46 50 59 61 76 77
44 46 50 53 59
44 46 50 51 59 61
44 46 48 59 61 78
44 46 48 59 61 78 79
44 46 48 59 61 76 77
44 46 48 59 60 61 78
44 46 48 59 60 61 78 79
44 46 48 59 60 61 76 77
44 46 48 53 59 61
44 46 48 53 59 60 61
44 46 48 51 59 61
44 46 48 51 59 60 61
44 45
42 71
42 69 70
42 68
42 61
42 61 73 78 79
42 61 71 72 78 79
42 59
42 59 73
42 59 73 77
42 59 73 75 76
42 59 71 72
42 59 71 72 77
42 59 71 72 75 76
42 59 61
42 59 61 77
42 59 61 75 76
42 59 61 73
42 59 61 71 72
42 59 60 61 73
42 59 60 61 71 72
42 58 59 61 73
42 58 59 61 71 72
42 57 59 73
42 57 59 71 72
42 57 59 63 73
42 57 59 63 73 78
42 57 59 63 73 76 77
42 57 59 63 71 72
42 57 59 63 71 72 78
42 57 59 63 71 72 76 77
42 57 59 61 62 73
42 57 59 61 62 73 78
42 57 59 61 62 73 76 77
42 57 59 61 62 71 72
42 57 59 61 62 71 72 78
42 57 59 61 62 71 72 76 77
42 53 61 73
42 53 61 71 72
42 51 57 59 63 73
42 51 57 59 63 71 72
42 51 57 59 61 62 73
42 51 57 59 61 62 71 72
42 50 59 73
42 50 59 71 72
42 50 59 61
42 48 59 60 61 63 65 73 78
42 48 59 60 61 63 65 73 76 77
42 48 59 60 61 63 65 71 72 78
42 48 59 60 61 63 65 71 72 76 77
42 48 59 60 61 63 64 73 78
42 48 59 60 61 63 64 73 76 77
42 48 59 60 61 63 64 71 72 78
42 48 59 60 61 63 64 71 72 76 77
42 48 58 59 61 63 65 73 78
42 48 58 59 61 63 65 73 76 77
42 48 58 59 61 63 65 71 72 78
42 48 58 59 61 63 65 71 72 76 77
42 48 58 59 61 63 64 73 78
42 48 58 59 61 63 64 73 76 77
42 48 58 59 61 63 64 71 72 78
42 48 58 59 61 63 64 71 72 76 77
42 48 57 59 73
42 48 57 59 73 78
42 48 57 59 73 76 77
42 48 57 59 71 72
42 48 57 59 71 72 78
42 48 57 59 71 72 76 77
42 48 51 59 60 61 63 65 73
42 48 51 59 60 61 63 65 71 72
42 48 51 59 60 61 63 64 73
42 48 51 59 60 61 63 64 71 72
42 48 51 58 59 61 63 65 73
42 48 51 58 59 61 63 65 71 72
42 48 51 58 59 61 63 64 73
42 48 51 58 59 61 63 64 71 72
42 48 51 57 59 73
42 48 51 57 59 71 72
42 46 61 78 79
42 46 59
42 46 59 77
42 46 59 75 76
42 46 59 61
42 46 59 60 61
42 46 58 59 61
42 46 57 59
42 46 57 59 63
42 46 57 59 63 78
42 46 57 59 63 76 77
42 46 57 59 61 62
42 46 57 59 61 62 78
42 46 57 59 61 62 76 77
42 46 53 61
42 46 51 57 59 63
42 46 51 57 59 61 62
42 46 50 59
42 46 48 59 60 61 63 65 78
42 46 48 59 60 61 63 65 76 77
42 46 48 59 60 61 63 64 78
42 46 48 59 60 61 63 64 76 77
42 46 48 58 59 61 63 65 78
42 46 48 58 59 61 63 65 76 77
42 46 48 58 59 61 63 64 78
42 46 48 58 59 61 63 64 76 77
42 46 48 57 59
42 46 48 57 59 78
42 46 48 57 59 76 77
42 46 48 51 59 60 61 63 65
42 46 48 51 59 60 61 63 64
42 46 48 51 58 59 61 63 65
42 46 48 51 58 59 61 63 64
42 46 48 51 57 59
42 46 47 59 60 61 63 65 78
42 46 47 59 60 61 63 65 76 77
42 46 47 59 60 61 63 65 73 78
42 46 47 59 60 61 63 65 73 76 77
42 46 47 59 60 61 63 65 71 72 78
42 46 47 59 60 61 63 65 71 72 76 77
42 46 47 59 60 61 63 64 78
42 46 47 59 60 61 63 64 76 77
42 46 47 59 60 61 63 64 73 78
42 46 47 59 60 61 63 64 73 76 77
42 46 47 59 60 61 63 64 71 72 78
42 46 47 59 60 61 63 64 71 72 76 77
42 46 47 58 59 61 63 65 78
42 46 47 58 59 61 63 65 76 77
42 46 47 58 59 61 63 65 73 78
42 46 47 58 59 61 63 65 73 76 77
42 46 47 58 59 61 63 65 71 72 78
42 46 47 58 59 61 63 65 71 72 76 77
42 46 47 58 59 61 63 64 78
42 46 47 58 59 61 63 64 76 77
42 46 47 58 59 61 63 64 73 78
42 46 47 58 59 61 63 64 73 76 77
42 46 47 58 59 61 63 64 71 72 78
42 46 47 58 59 61 63 64 71 72 76 77
42 46 47 57 59
42 46 47 57 59 78
42 46 47 57 59 76 77
42 46 47 57 59 73
42 46 47 57 59 73 78
42 46 47 57 59 73 76 77
42 46 47 57 59 71 72
42 46 47 57 59 71 72 78
42 46 47 57 59 71 72 76 77
42 46 47 51 59 60 61 63 65
42 46 47 51 59 60 61 63 65 73
42 46 47 51 59 60 61 63 65 71 72
42 46 47 51 59 60 61 63 64
42 46 47 51 59 60 61 63 64 73
42 46 47 51 59 60 61 63 64 71 72
42 46 47 51 58 59 61 63 65
42 46 47 51 58 59 61 63 65 73
42 46 47 51 58 59 61 63 65 71 72
42 46 47 51 58 59 61 63 64
42 46 47 51 58 59 61 63 64 73
42 46 47 51 58 59 61 63 64 71 72
42 46 47 51 57 59
42 46 47 51 57 59 73
42 46 47 51 57 59 71 72
42 44
42 43 61 73 77
42 43 61 73 75 76
42 43 61 71 72 77
42 43 61 71 72 75 76
42 43 60 61 73
42 43 60 61 71 72
42 43 59 73 77
42 43 59 73 77 78 79
42 43 59 73 75 76
42 43 59 73 75 76 78 79
42 43 59 71 72 77
42 43 59 71 72 77 78 79
42 43 59 71 72 75 76
42 43 59 71 72 75 76 78 79
42 43 59 61 73
42 43 59 61 73 77
42 43 59 61 73 77 78
42 43 59 61 73 76 77
42 43 59 61 73 75 78
42 43 59 61 73 75 78 79
42 43 59 61 73 75 76
42 43 59 61 73 75 76 78
42 43 59 61 73 74 78
42 43 59 61 73 74 78 79
42 43 59 61 73 74 76 77
42 43 59 61 71 72
42 43 59 61 71 72 77
42 43 59 61 71 72 77 78
42 43 59 61 71 72 76 77
42 43 59 61 71 72 75 78
42 43 59 61 71 72 75 78 79
42 43 59 61 71 72 75 76
42 43 59 61 71 72 75 76 78
42 43 59 61 71 72 73 74 78
42 43 59 61 71 72 73 74 78 79
42 43 59 61 71 72 73 74 76 77
42 43 59 60 61 73 75 78
42 43 59 60 61 73 75 78 79
42 43 59 60 61 73 75 76 77
42 43 59 60 61 73 74 78
42 43 59 60 61 73 74 78 79
42 43 59 60 61 73 74 76 77
42 43 59 60 61 71 72 75 78
42 43 59 60 61 71 72 75 78 79
42 43 59 60 61 71 72 75 76 77
42 43 59 60 61 71 72 73 74 78
42 43 59 60 61 71 72 73 74 78 79
42 43 59 60 61 71 72 73 74 76 77
42 43 59 60 61 63 73
42 43 59 60 61 63 71 72
42 43 58 59 61 73
42 43 58 59 61 71 72
42 43 57 61 73
42 43 57 61 71 72
42 43 57 59 73
42 43 57 59 71 72
42 43 53 59 73 77
42 43 53 59 73 75 76
42 43 53 59 71 72 77
42 43 53 59 71 72 75 76
42 43 53 59 61 73 75
42 43 53 59 61 73 74
42 43 53 59 61 71 72 75
42 43 53 59 61 71 72 73 74
42 43 53 59 60 61 73 75
42 43 53 59 60 61 73 74
42 43 53 59 60 61 71 72 75
42 43 53 59 60 61 71 72 73 74
42 43 51 59 61 73 77
42 43 51 59 61 73 75
42 43 51 59 61 73 75 76
42 43 51 59 61 73 74
42 43 51 59 61 71 72 77
42 43 51 59 61 71 72 75
42 43 51 59 61 71 72 75 76
42 43 51 59 61 71 72 73 74
42 43 51 59 60 61 73 75
42 43 51 59 60 61 73 74
42 43 51 59 60 61 71 72 75
42 43 51 59 60 61 71 72 73 74
42 43 50 61 73
42 43 50 61 71 72
42 43 50 59 73
42 43 50 59 73 78 79
42 43 50 59 71 72
42 43 50 59 71 72 78 79
42 43 50 59 61 73
42 43 50 59 61 73 78
42 43 50 59 61 73 76 77
42 43 50 59 61 71 72
42 43 50 59 61 71 72 78
42 43 50 59 61 71 72 76 77
42 43 50 53 59 73
42 43 50 53 59 71 72
42 43 50 51 59 61 73
42 43 50 51 59 61 71 72
42 43 48 59 61 73 78
42 43 48 59 61 73 78 79
42 43 48 59 61 73 76 77
42 43 48 59 61 71 72 78
42 43 48 59 61 71 72 78 79
42 43 48 59 61 71 72 76 77
42 43 48 59 60 61 73 78
42 43 48 59 60 61 73 78 79
42 43 48 59 60 61 73 76 77
42 43 48 59 60 61 71 72 78
42 43 48 59 60 61 71 72 78 79
42 43 48 59 60 61 71 72 76 77
42 43 48 53 59 61 73
42 43 48 53 59 61 71 72
42 43 48 53 59 60 61 73
42 43 48 53 59 60 61 71 72
42 43 48 51 59 61 73
42 43 48 51 59 61 71 72
42 43 48 51 59 60 61 73
42 43 48 51 59 60 61 71 72
42 43 46 61 77
42 43 46 61 75 76
42 43 46 60 61
42 43 46 59 77
42 43 46 59 77 78 79
42 43 46 59 75 76
42 43 46 59 75 76 78 79
42 43 46 59 61
42 43 46 59 61 77
42 43 46 59 61 77 78
42 43 46 59 61 76 77
42 43 46 59 61 75 78
42 43 46 59 61 75 78 79
42 43 46 59 61 75 76
42 43 46 59 61 75 76 78
42 43 46 59 61 73 74 78
42 43 46 59 61 73 74 78 79
42 43 46 59 61 73 74 76 77
42 43 46 59 60 61 75 78
42 43 46 59 60 61 75 78 79
42 43 46 59 60 61 75 76 77
42 43 46 59 60 61 73 74 78
42 43 46 59 60 61 73 74 78 79
42 43 46 59 60 61 73 74 76 77
42 43 46 59 60 61 63
42 43 46 58 59 61
42 43 46 57 61
42 43 46 57 59
42 43 46 53 59 77
42 43 46 53 59 75 76
42 43 46 53 59 61 75
42 43 46 53 59 61 73 74
42 43 46 53 59 60 61 75
42 43 46 53 59 60 61 73 74
42 43 46 51 59 61 77
42 43 46 51 59 61 75
42 43 46 51 59 61 75 76
42 43 46 51 59 61 73 74
42 43 46 51 59 60 61 75
42 43 46 51 59 60 61 73 74
42 43 46 50 61
42 43 46 50 59
42 43 46 50 59 78 79
42 43 46 50 59 61
42 43 46 50 59 61 78
42 43 46 50 59 61 76 77
42 43 46 50 53 59
42 43 46 50 51 59 61
42 43 46 48 59 61 78
42 43 46 48 59 61 78 79
42 43 46 48 59 61 76 77
42 43 46 48 59 60 61 78
42 43 46 48 59 60 61 78 79
42 43 46 48 59 60 61 76 77
42 43 46 48 53 59 61
42 43 46 48 53 59 60 61
42 43 46 48 51 59 61
42 43 46 48 51 59 60 61
40 78 79
40 61 78 79
40 59 78 79
40 59 61 73
40 59 61 71 72
40 53
40 53 61
40 53 59
40 51 68
40 49 50 68
40 46 59 61
40 41 61 73 78 79
40 41 61 71 72 78 79
40 41 59 73
40 41 59 73 77
40 41 59 73 75 76
40 41 59 71 72
40 41 59 71 72 77
40 41 59 71 72 75 76
40 41 59 61
40 41 59 61 77
40 41 59 61 75 76
40 41 59 61 73
40 41 59 61 71 72
40 41 59 60 61 73
40 41 59 60 61 71 72
40 41 58 59 61 73
40 41 58 59 61 71 72
40 41 57 59 73
40 41 57 59 71 72
40 41 57 59 63 73
40 41 57 59 63 73 78
40 41 57 59 63 73 76 77
40 41 57 59 63 71 72
40 41 57 59 63 71 72 78
40 41 57 59 63 71 72 76 77
40 41 57 59 61 62 73
40 41 57 59 61 62 73 78
40 41 57 59 61 62 73 76 77
40 41 57 59 61 62 71 72
40 41 57 59 61 62 71 72 78
40 41 57 59 61 62 71 72 76 77
40 41 53 61 73
40 41 53 61 71 72
40 41 51 57 59 63 73
40 41 51 57 59 63 71 72
40 41 51 57 59 61 62 73
40 41 51 57 59 61 62 71 72
40 41 50 59 73
40 41 50 59 71 72
40 41 50 59 61
40 41 48 59 60 61 63 65 73 78
40 41 48 59 60 61 63 65 73 76 77
40 41 48 59 60 61 63 65 71 72 78
40 41 48 59 60 61 63 65 71 72 76 77
40 41 48 59 60 61 63 64 73 78
40 41 48 59 60 61 63 64 73 76 77
40 41 48 59 60 61 63 64 71 72 78
40 41 48 59 60 61 63 64 71 72 76 77
40 41 48 58 59 61 63 65 73 78
40 41 48 58 59 61 63 65 73 76 77
40 41 48 58 59 61 63 65 71 72 78
40 41 48 58 59 61 63 65 71 72 76 77
40 41 48 58 59 61 63 64 73 78
40 41 48 58 59 61 63 64 73 76 77
40 41 48 58 59 61 63 64 71 72 78
40 41 48 58 59 61 63 64 71 72 76 77
40 41 48 57 59 73
40 41 48 57 59 73 78
40 41 48 57 59 73 76 77
40 41 48 57 59 71 72
40 41 48 57 59 71 72 78
40 41 48 57 59 71 72 76 77
40 41 48 51 59 60 61 63 65 73
40 41 48 51 59 60 61 63 65 71 72
40 41 48 51 59 60 61 63 64 73
40 41 48 51 59 60 61 63 64 71 72
40 41 48 51 58 59 61 63 65 73
40 41 48 51 58 59 61 63 65 71 72
40 41 48 51 58 59 61 63 64 73
40 41 48 51 58 59 61 63 64 71 72
40 41 48 51 57 59 73
40 41 48 51 57 59 71 72
40 41 46 61 78 79
40 41 46 59
40 41 46 59 77
40 41 46 59 75 76
40 41 46 59 61
40 41 46 59 60 61
40 41 46 58 59 61
40 41 46 57 59
40 41 46 57 59 63
40 41 46 57 59 63 78
40 41 46 57 59 63 76 77
40 41 46 57 59 61 62
40 41 46 57 59 61 62 78
40 41 46 57 59 61 62 76 77
40 41 46 53 61
40 41 46 51 57 59 63
40 41 46 51 57 59 61 62
40 41 46 50 59
40 41 46 48 59 60 61 63 65 78
40 41 46 48 59 60 61 63 65 76 77
40 41 46 48 59 60 61 63 64 78
40 41 46 48 59 60 61 63 64 76 77
40 41 46 48 58 59 61 63 65 78
40 41 46 48 58 59 61 63 65 76 77
40 41 46 48 58 59 61 63 64 78
40 41 46 48 58 59 61 63 64 76 77
40 41 46 48 57 59
40 41 46 48 57 59 78
40 41 46 48 57 59 76 77
40 41 46 48 51 59 60 61 63 65
40 41 46 48 51 59 60 61 63 64
40 41 46 48 51 58 59 61 63 65
40 41 46 48 51 58 59 61 63 64
40 41 46 48 51 57 59
40 41 46 47 59 60 61 63 65 78
40 41 46 47 59 60 61 63 65 76 77
40 41 46 47 59 60 61 63 65 73 78
40 41 46 47 59 60 61 63 65 73 76 77
40 41 46 47 59 60 61 63 65 71 72 78
40 41 46 47 59 60 61 63 65 71 72 76 77
40 41 46 47 59 60 61 63 64 78
40 41 46 47 59 60 61 63 64 76 77
40 41 46 47 59 60 61 63 64 73 78
40 41 46 47 59 60 61 63 64 73 76 77
40 41 46 47 59 60 61 63 64 71 72 78
40 41 46 47 59 60 61 63 64 71 72 76 77
40 41 46 47 58 59 61 63 65 78
40 41 46 47 58 59 61 63 65 76 77
40 41 46 47 58 59 61 63 65 73 78
40 41 46 47 58 59 61 63 65 73 76 77
40 41 46 47 58 59 61 63 65 71 72 78
40 41 46 47 58 59 61 63 65 71 72 76 77
40 41 46 47 58 59 61 63 64 78
40 41 46 47 58 59 61 63 64 76 77
40 41 46 47 58 59 61 63 64 73 78
40 41 46 47 58 59 61 63 64 73 76 77
40 41 46 47 58 59 61 63 64 71 72 78
40 41 46 47 58 59 61 63 64 71 72 76 77
40 41 46 47 57 59
40 41 46 47 57 59 78
40 41 46 47 57 59 76 77
40 41 46 47 57 59 73
40 41 46 47 57 59 73 78
40 41 46 47 57 59 73 76 77
40 41 46 47 57 59 71 72
40 41 46 47 57 59 71 72 78
40 41 46 47 57 59 71 72 76 77
40 41 46 47 51 59 60 61 63 65
40 41 46 47 51 59 60 61 63 65 73
40 41 46 47 51 59 60 61 63 65 71 72
40 41 46 47 51 59 60 61 63 64
40 41 46 47 51 59 60 61 63 64 73
40 41 46 47 51 59 60 61 63 64 71 72
40 41 46 47 51 58 59 61 63 65
40 41 46 47 51 58 59 61 63 65 73
40 41 46 47 51 58 59 61 63 65 71 72
40 41 46 47 51 58 59 61 63 64
40 41 46 47 51 58 59 61 63 64 73
40 41 46 47 51 58 59 61 63 64 71 72
40 41 46 47 51 57 59
40 41 46 47 51 57 59 73
40 41 46 47 51 57 59 71 72
38 59 63 73
38 59 63 71 72
38 59 61 62 73
38 59 61 62 71 72
38 46 59 63
38 46 59 61 62
38 42 48 59 60 61 63 73 78
38 42 48 59 60 61 63 73 76 77
38 42 48 59 60 61 63 71 72 78
38 42 48 59 60 61 63 71 72 76 77
38 42 48 58 59 61 63 73 78
38 42 48 58 59 61 63 73 76 77
38 42 48 58 59 61 63 71 72 78
38 42 48 58 59 61 63 71 72 76 77
38 42 48 51 59 60 61 63 73
38 42 48 51 59 60 61 63 71 72
38 42 48 51 58 59 61 63 73
38 42 48 51 58 59 61 63 71 72
38 42 46 48 59 60 61 63 78
38 42 46 48 59 60 61 63 76 77
38 42 46 48 58 59 61 63 78
38 42 46 48 58 59 61 63 76 77
38 42 46 48 51 59 60 61 63
38 42 46 48 51 58 59 61 63
38 42 46 47 59 60 61 63 78
38 42 46 47 59 60 61 63 76 77
38 42 46 47 59 60 61 63 73 78
38 42 46 47 59 60 61 63 73 76 77
38 42 46 47 59 60 61 63 71 72 78
38 42 46 47 59 60 61 63 71 72 76 77
38 42 46 47 58 59 61 63 78
38 42 46 47 58 59 61 63 76 77
38 42 46 47 58 59 61 63 73 78
38 42 46 47 58 59 61 63 73 76 77
38 42 46 47 58 59 61 63 71 72 78
38 42 46 47 58 59 61 63 71 72 76 77
38 42 46 47 51 59 60 61 63
38 42 46 47 51 59 60 61 63 73
38 42 46 47 51 59 60 61 63 71 72
38 42 46 47 51 58 59 61 63
38 42 46 47 51 58 59 61 63 73
38 42 46 47 51 58 59 61 63 71 72
38 40 41 48 59 60 61 63 73 78
38 40 41 48 59 60 61 63 73 76 77
38 40 41 48 59 60 61 63 71 72 78
38 40 41 48 59 60 61 63 71 72 76 77
38 40 41 48 58 59 61 63 73 78
38 40 41 48 58 59 61 63 73 76 77
38 40 41 48 58 59 61 63 71 72 78
38 40 41 48 58 59 61 63 71 72 76 77
38 40 41 48 51 59 60 61 63 73
38 40 41 48 51 59 60 61 63 71 72
38 40 41 48 51 58 59 61 63 73
38 40 41 48 51 58 59 61 63 71 72
38 40 41 46 48 59 60 61 63 78
38 40 41 46 48 59 60 61 63 76 77
38 40 41 46 48 58 59 61 63 78
38 40 41 46 48 58 59 61 63 76 77
38 40 41 46 48 51 59 60 61 63
38 40 41 46 48 51 58 59 61 63
38 40 41 46 47 59 60 61 63 78
38 40 41 46 47 59 60 61 63 76 77
38 40 41 46 47 59 60 61 63 73 78
38 40 41 46 47 59 60 61 63 73 76 77
38 40 41 46 47 59 60 61 63 71 72 78
38 40 41 46 47 59 60 61 63 71 72 76 77
38 40 41 46 47 58 59 61 63 78
38 40 41 46 47 58 59 61 63 76 77
38 40 41 46 47 58 59 61 63 73 78
38 40 41 46 47 58 59 61 63 73 76 77
38 40 41 46 47 58 59 61 63 71 72 78
38 40 41 46 47 58 59 61 63 71 72 76 77
38 40 41 46 47 51 59 60 61 63
38 40 41 46 47 51 59 60 61 63 73
38 40 41 46 47 51 59 60 61 63 71 72
38 40 41 46 47 51 58 59 61 63
38 40 41 46 47 51 58 59 61 63 73
38 40 41 46 47 51 58 59 61 63 71 72
37
36 59 78
36 59 76 77
36 59 65 73
36 59 65 71 72
36 59 63 64 73
36 59 63 64 71 72
36 57 61 73
36 57 61 71 72
36 57 59 73
36 57 59 71 72
36 57 59 61 73
36 57 59 61 71 72
36 51 59
36 46 59 65
36 46 59 63 64
36 46 57 61
36 46 57 59
36 46 57 59 61
36 42 57 59 73
36 42 57 59 73 78
36 42 57 59 73 76 77
36 42 57 59 71 72
36 42 57 59 71 72 78
36 42 57 59 71 72 76 77
36 42 51 57 59 73
36 42 51 57 59 71 72
36 42 46 57 59
36 42 46 57 59 78
36 42 46 57 59 76 77
36 42 46 51 57 59
36 40 41 57 59 73
36 40 41 57 59 73 78
36 40 41 57 59 73 76 77
36 40 41 57 59 71 72
36 40 41 57 59 71 72 78
36 40 41 57 59 71 72 76 77
36 40 41 51 57 59 73
36 40 41 51 57 59 71 72
36 40 41 46 57 59
36 40 41 46 57 59 78
36 40 41 46 57 59 76 77
36 40 41 46 51 57 59
36 38 59 73
36 38 59 71 72
36 38 46 59
35
35 36
34 69
34 68
34 67 68
34 61
34 52
34 44 59 61 73 75 78
34 44 59 61 73 75 78 79
34 44 59 61 73 75 76 77
34 44 59 61 73 74 78
34 44 59 61 73 74 78 79
34 44 59 61 73 74 76 77
34 44 59 61 71 72 75 78
34 44 59 61 71 72 75 78 79
34 44 59 61 71 72 75 76 77
34 44 59 61 71 72 73 74 78
34 44 59 61 71 72 73 74 78 79
34 44 59 61 71 72 73 74 76 77
34 44 59 61 63 73
34 44 59 61 63 71 72
34 44 53 59 61 73 75
34 44 53 59 61 73 74
34 44 53 59 61 71 72 75
34 44 53 59 61 71 72 73 74
34 44 51 59 61 73 75
34 44 51 59 61 73 74
34 44 51 59 61 71 72 75
34 44 51 59 61 71 72 73 74
34 44 48 59 61 73 78
34 44 48 59 61 73 78 79
34 44 48 59 61 73 76 77
34 44 48 59 61 71 72 78
34 44 48 59 61 71 72 78 79
34 44 48 59 61 71 72 76 77
34 44 48 53 59 61 73
34 44 48 53 59 61 71 72
34 44 48 51 59 61 73
34 44 48 51 59 61 71 72
34 44 46 59 61 75 78
34 44 46 59 61 75 78 79
34 44 46 59 61 75 76 77
34 44 46 59 61 73 74 78
34 44 46 59 61 73 74 78 79
34 44 46 59 61 73 74 76 77
34 44 46 59 61 63
34 44 46 53 59 61 75
34 44 46 53 59 61 73 74
34 44 46 51 59 61 75
34 44 46 51 59 61 73 74
34 44 46 48 59 61 78
34 44 46 48 59 61 78 79
34 44 46 48 59 61 76 77
34 44 46 48 53 59 61
34 44 46 48 51 59 61
34 43
34 42
34 42 43 59 61 73 75 78
34 42 43 59 61 73 75 78 79
34 42 43 59 61 73 75 76 77
34 42 43 59 61 73 74 78
34 42 43 59 61 73 74 78 79
34 42 43 59 61 73 74 76 77
34 42 43 59 61 71 72 75 78
34 42 43 59 61 71 72 75 78 79
34 42 43 59 61 71 72 75 76 77
34 42 43 59 61 71 72 73 74 78
34 42 43 59 61 71 72 73 74 78 79
34 42 43 59 61 71 72 73 74 76 77
34 42 43 59 61 63 73
34 42 43 59 61 63 71 72
34 42 43 53 59 61 73 75
34 42 43 53 59 61 73 74
34 42 43 53 59 61 71 72 75
34 42 43 53 59 61 71 72 73 74
34 42 43 51 59 61 73 75
34 42 43 51 59 61 73 74
34 42 43 51 59 61 71 72 75
34 42 43 51 59 61 71 72 73 74
34 42 43 48 59 61 73 78
34 42 43 48 59 61 73 78 79
34 42 43 48 59 61 73 76 77
34 42 43 48 59 61 71 72 78
34 42 43 48 59 61 71 72 78 79
34 42 43 48 59 61 71 72 76 77
34 42 43 48 53 59 61 73
34 42 43 48 53 59 61 71 72
34 42 43 48 51 59 61 73
34 42 43 48 51 59 61 71 72
34 42 43 46 59 61 75 78
34 42 43 46 59 61 75 78 79
34 42 43 46 59 61 75 76 77
34 42 43 46 59 61 73 74 78
34 42 43 46 59 61 73 74 78 79
34 42 43 46 59 61 73 74 76 77
34 42 43 46 59 61 63
34 42 43 46 53 59 61 75
34 42 43 46 53 59 61 73 74
34 42 43 46 51 59 61 75
34 42 43 46 51 59 61 73 74
34 42 43 46 48 59 61 78
34 42 43 46 48 59 61 78 79
34 42 43 46 48 59 61 76 77
34 42 43 46 48 53 59 61
34 42 43 46 48 51 59 61
33 44 61 73
33 44 61 71 72
33 44 46 61
33 42 59 61 73
33 42 59 61 71 72
33 42 48 59 61 63 65 73 78
33 42 48 59 61 63 65 73 76 77
33 42 48 59 61 63 65 71 72 78
33 42 48 59 61 63 65 71 72 76 77
33 42 48 59 61 63 64 73 78
33 42 48 59 61 63 64 73 76 77
33 42 48 59 61 63 64 71 72 78
33 42 48 59 61 63 64 71 72 76 77
33 42 48 51 59 61 63 65 73
33 42 48 51 59 61 63 65 71 72
33 42 48 51 59 61 63 64 73
33 42 48 51 59 61 63 64 71 72
33 42 46 59 61
33 42 46 48 59 61 63 65 78
33 42 46 48 59 61 63 65 76 77
33 42 46 48 59 61 63 64 78
33 42 46 48 59 61 63 64 76 77
33 42 46 48 51 59 61 63 65
33 42 46 48 51 59 61 63 64
33 42 46 47 59 61 63 65 78
33 42 46 47 59 61 63 65 76 77
33 42 46 47 59 61 63 65 73 78
33 42 46 47 59 61 63 65 73 76 77
33 42 46 47 59 61 63 65 71 72 78
33 42 46 47 59 61 63 65 71 72 76 77
33 42 46 47 59 61 63 64 78
33 42 46 47 59 61 63 64 76 77
33 42 46 47 59 61 63 64 73 78
33 42 46 47 59 61 63 64 73 76 77
33 42 46 47 59 61 63 64 71 72 78
33 42 46 47 59 61 63 64 71 72 76 77
33 42 46 47 51 59 61 63 65
33 42 46 47 51 59 61 63 65 73
33 42 46 47 51 59 61 63 65 71 72
33 42 46 47 51 59 61 63 64
33 42 46 47 51 59 61 63 64 73
33 42 46 47 51 59 61 63 64 71 72
33 42 43 61 73
33 42 43 61 71 72
33 42 43 46 61
33 40 41 59 61 73
33 40 41 59 61 71 72
33 40 41 48 59 61 63 65 73 78
33 40 41 48 59 61 63 65 73 76 77
33 40 41 48 59 61 63 65 71 72 78
33 40 41 48 59 61 63 65 71 72 76 77
33 40 41 48 59 61 63 64 73 78
33 40 41 48 59 61 63 64 73 76 77
33 40 41 48 59 61 63 64 71 72 78
33 40 41 48 59 61 63 64 71 72 76 77
33 40 41 48 51 59 61 63 65 73
33 40 41 48 51 59 61 63 65 71 72
33 40 41 48 51 59 61 63 64 73
33 40 41 48 51 59 61 63 64 71 72
33 40 41 46 59 61
33 40 41 46 48 59 61 63 65 78
33 40 41 46 48 59 61 63 65 76 77
33 40 41 46 48 59 61 63 64 78
33 40 41 46 48 59 61 63 64 76 77
33 40 41 46 48 51 59 61 63 65
33 40 41 46 48 51 59 61 63 64
33 40 41 46 47 59 61 63 65 78
33 40 41 46 47 59 61 63 65 76 77
33 40 41 46 47 59 61 63 65 73 78
33 40 41 46 47 59 61 63 65 73 76 77
33 40 41 46 47 59 61 63 65 71 72 78
33 40 41 46 47 59 61 63 65 71 72 76 77
33 40 41 46 47 59 61 63 64 78
33 40 41 46 47 59 61 63 64 76 77
33 40 41 46 47 59 61 63 64 73 78
33 40 41 46 47 59 61 63 64 73 76 77
33 40 41 46 47 59 61 63 64 71 72 78
33 40 41 46 47 59 61 63 64 71 72 76 77
33 40 41 46 47 51 59 61 63 65
33 40 41 46 47 51 59 61 63 65 73
33 40 41 46 47 51 59 61 63 65 71 72
33 40 41 46 47 51 59 61 63 64
33 40 41 46 47 51 59 61 63 64 73
33 40 41 46 47 51 59 61 63 64 71 72
33 38 42 48 59 61 63 73 78
33 38 42 48 59 61 63 73 76 77
33 38 42 48 59 61 63 71 72 78
33 38 42 48 59 61 63 71 72 76 77
33 38 42 48 51 59 61 63 73
33 38 42 48 51 59 61 63 71 72
33 38 42 46 48 59 61 63 78
33 38 42 46 48 59 61 63 76 77
33 38 42 46 48 51 59 61 63
33 38 42 46 47 59 61 63 78
33 38 42 46 47 59 61 63 76 77
33 38 42 46 47 59 61 63 73 78
33 38 42 46 47 59 61 63 73 76 77
33 38 42 46 47 59 61 63 71 72 78
33 38 42 46 47 59 61 63 71 72 76 77
33 38 42 46 47 51 59 61 63
33 38 42 46 47 51 59 61 63 73
33 38 42 46 47 51 59 61 63 71 72
33 38 40 41 48 59 61 63 73 78
33 38 40 41 48 59 61 63 73 76 77
33 38 40 41 48 59 61 63 71 72 78
33 38 40 41 48 59 61 63 71 72 76 77
33 38 40 41 48 51 59 61 63 73
33 38 40 41 48 51 59 61 63 71 72
33 38 40 41 46 48 59 61 63 78
33 38 40 41 46 48 59 61 63 76 77
33 38 40 41 46 48 51 59 61 63
33 38 40 41 46 47 59 61 63 78
33 38 40 41 46 47 59 61 63 76 77
33 38 40 41 46 47 59 61 63 73 78
33 38 40 41 46 47 59 61 63 73 76 77
33 38 40 41 46 47 59 61 63 71 72 78
33 38 40 41 46 47 59 61 63 71 72 76 77
33 38 40 41 46 47 51 59 61 63
33 38 40 41 46 47 51 59 61 63 73
33 38 40 41 46 47 51 59 61 63 71 72
32 68
30 44 59 61 73 77 78
30 44 59 61 73 76 77
30 44 59 61 73 75 78
30 44 59 61 73 75 76 78
30 44 59 61 73 74 78
30 44 59 61 73 74 76 77
30 44 59 61 71 72 77 78
30 44 59 61 71 72 76 77
30 44 59 61 71 72 75 78
30 44 59 61 71 72 75 76 78
30 44 59 61 71 72 73 74 78
30 44 59 61 71 72 73 74 76 77
30 44 59 60 61 73 75 78
30 44 59 60 61 73 75 76 77
30 44 59 60 61 73 74 78
30 44 59 60 61 73 74 76 77
30 44 59 60 61 71 72 75 78
30 44 59 60 61 71 72 75 76 77
30 44 59 60 61 71 72 73 74 78
30 44 59 60 61 71 72 73 74 76 77
30 44 51 59 61 73 77
30 44 51 59 61 73 75
30 44 51 59 61 73 75 76
30 44 51 59 61 73 74
30 44 51 59 61 71 72 77
30 44 51 59 61 71 72 75
30 44 51 59 61 71 72 75 76
30 44 51 59 61 71 72 73 74
30 44 51 59 60 61 73 75
30 44 51 59 60 61 73 74
30 44 51 59 60 61 71 72 75
30 44 51 59 60 61 71 72 73 74
30 44 50 59 61 73 78
30 44 50 59 61 73 76 77
30 44 50 59 61 71 72 78
30 44 50 59 61 71 72 76 77
30 44 50 51 59 61 73
30 44 50 51 59 61 71 72
30 44 48 59 61 73 78
30 44 48 59 61 73 76 77
30 44 48 59 61 71 72 78
30 44 48 59 61 71 72 76 77
30 44 48 59 60 61 73 78
30 44 48 59 60 61 73 76 77
30 44 48 59 60 61 71 72 78
30 44 48 59 60 61 71 72 76 77
30 44 48 51 59 61 73
30 44 48 51 59 61 71 72
30 44 48 51 59 60 61 73
30 44 48 51 59 60 61 71 72
30 44 46 59 61 77 78
30 44 46 59 61 76 77
30 44 46 59 61 75 78
30 44 46 59 61 75 76 78
30 44 46 59 61 73 74 78
30 44 46 59 61 73 74 76 77
30 44 46 59 60 61 75 78
30 44 46 59 60 61 75 76 77
30 44 46 59 60 61 73 74 78
30 44 46 59 60 61 73 74 76 77
30 44 46 51 59 61 77
30 44 46 51 59 61 75
30 44 46 51 59 61 75 76
30 44 46 51 59 61 73 74
30 44 46 51 59 60 61 75
30 44 46 51 59 60 61 73 74
30 44 46 50 59 61 78
30 44 46 50 59 61 76 77
30 44 46 50 51 59 61
30 44 46 48 59 61 78
30 44 46 48 59 61 76 77
30 44 46 48 59 60 61 78
30 44 46 48 59 60 61 76 77
30 44 46 48 51 59 61
30 44 46 48 51 59 60 61
30 42 57 59 73
30 42 57 59 73 78 79
30 42 57 59 71 72
30 42 57 59 71 72 78 79
30 42 53 57 59 73
30 42 53 57 59 71 72
30 42 46 57 59
30 42 46 57 59 78 79
30 42 46 53 57 59
30 42 43 59 61 73 77 78
30 42 43 59 61 73 76 77
30 42 43 59 61 73 75 78
30 42 43 59 61 73 75 76 78
30 42 43 59 61 73 74 78
30 42 43 59 61 73 74 76 77
30 42 43 59 61 71 72 77 78
30 42 43 59 61 71 72 76 77
30 42 43 59 61 71 72 75 78
30 42 43 59 61 71 72 75 76 78
30 42 43 59 61 71 72 73 74 78
30 42 43 59 61 71 72 73 74 76 77
30 42 43 59 60 61 73 75 78
30 42 43 59 60 61 73 75 76 77
30 42 43 59 60 61 73 74 78
30 42 43 59 60 61 73 74 76 77
30 42 43 59 60 61 71 72 75 78
30 42 43 59 60 61 71 72 75 76 77
30 42 43 59 60 61 71 72 73 74 78
30 42 43 59 60 61 71 72 73 74 76 77
30 42 43 51 59 61 73 77
30 42 43 51 59 61 73 75
30 42 43 51 59 61 73 75 76
30 42 43 51 59 61 73 74
30 42 43 51 59 61 71 72 77
30 42 43 51 59 61 71 72 75
30 42 43 51 59 61 71 72 75 76
30 42 43 51 59 61 71 72 73 74
30 42 43 51 59 60 61 73 75
30 42 43 51 59 60 61 73 74
30 42 43 51 59 60 61 71 72 75
30 42 43 51 59 60 61 71 72 73 74
30 42 43 50 59 61 73 78
30 42 43 50 59 61 73 76 77
30 42 43 50 59 61 71 72 78
30 42 43 50 59 61 71 72 76 77
30 42 43 50 51 59 61 73
30 42 43 50 51 59 61 71 72
30 42 43 48 59 61 73 78
30 42 43 48 59 61 73 76 77
30 42 43 48 59 61 71 72 78
30 42 43 48 59 61 71 72 76 77
30 42 43 48 59 60 61 73 78
30 42 43 48 59 60 61 73 76 77
30 42 43 48 59 60 61 71 72 78
30 42 43 48 59 60 61 71 72 76 77
30 42 43 48 51 59 61 73
30 42 43 48 51 59 61 71 72
30 42 43 48 51 59 60 61 73
30 42 43 48 51 59 60 61 71 72
30 42 43 46 59 61 77 78
30 42 43 46 59 61 76 77
30 42 43 46 59 61 75 78
30 42 43 46 59 61 75 76 78
30 42 43 46 59 61 73 74 78
30 42 43 46 59 61 73 74 76 77
30 42 43 46 59 60 61 75 78
30 42 43 46 59 60 61 75 76 77
30 42 43 46 59 60 61 73 74 78
30 42 43 46 59 60 61 73 74 76 77
30 42 43 46 51 59 61 77
30 42 43 46 51 59 61 75
30 42 43 46 51 59 61 75 76
30 42 43 46 51 59 61 73 74
30 42 43 46 51 59 60 61 75
30 42 43 46 51 59 60 61 73 74
30 42 43 46 50 59 61 78
30 42 43 46 50 59 61 76 77
30 42 43 46 50 51 59 61
30 42 43 46 48 59 61 78
30 42 43 46 48 59 61 76 77
30 42 43 46 48 59 60 61 78
30 42 43 46 48 59 60 61 76 77
30 42 43 46 48 51 59 61
30 42 43 46 48 51 59 60 61
30 40 41 57 59 73
30 40 41 57 59 73 78 79
30 40 41 57 59 71 72
30 40 41 57 59 71 72 78 79
30 40 41 53 57 59 73
30 40 41 53 57 59 71 72
30 40 41 46 57 59
30 40 41 46 57 59 78 79
30 40 41 46 53 57 59
30 34 44 59 61 73 75 78
30 34 44 59 61 73 75 76 77
30 34 44 59 61 73 74 78
30 34 44 59 61 73 74 76 77
30 34 44 59 61 71 72 75 78
30 34 44 59 61 71 72 75 76 77
30 34 44 59 61 71 72 73 74 78
30 34 44 59 61 71 72 73 74 76 77
30 34 44 51 59 61 73 75
30 34 44 51 59 61 73 74
30 34 44 51 59 61 71 72 75
30 34 44 51 59 61 71 72 73 74
30 34 44 48 59 61 73 78
30 34 44 48 59 61 73 76 77
30 34 44 48 59 61 71 72 78
30 34 44 48 59 61 71 72 76 77
30 34 44 48 51 59 61 73
30 34 44 48 51 59 61 71 72
30 34 44 46 59 61 75 78
30 34 44 46 59 61 75 76 77
30 34 44 46 59 61 73 74 78
30 34 44 46 59 61 73 74 76 77
30 34 44 46 51 59 61 75
30 34 44 46 51 59 61 73 74
30 34 44 46 48 59 61 78
30 34 44 46 48 59 61 76 77
30 34 44 46 48 51 59 61
30 34 42 43 59 61 73 75 78
30 34 42 43 59 61 73 75 76 77
30 34 42 43 59 61 73 74 78
30 34 42 43 59 61 73 74 76 77
30 34 42 43 59 61 71 72 75 78
30 34 42 43 59 61 71 72 75 76 77
30 34 42 43 59 61 71 72 73 74 78
30 34 42 43 59 61 71 72 73 74 76 77
30 34 42 43 51 59 61 73 75
30 34 42 43 51 59 61 73 74
30 34 42 43 51 59 61 71 72 75
30 34 42 43 51 59 61 71 72 73 74
30 34 42 43 48 59 61 73 78
30 34 42 43 48 59 61 73 76 77
30 34 42 43 48 59 61 71 72 78
30 34 42 43 48 59 61 71 72 76 77
30 34 42 43 48 51 59 61 73
30 34 42 43 48 51 59 61 71 72
30 34 42 43 46 59 61 75 78
30 34 42 43 46 59 61 75 76 77
30 34 42 43 46 59 61 73 74 78
30 34 42 43 46 59 61 73 74 76 77
30 34 42 43 46 51 59 61 75
30 34 42 43 46 51 59 61 73 74
30 34 42 43 46 48 59 61 78
30 34 42 43 46 48 59 61 76 77
30 34 42 43 46 48 51 59 61
29 42 57 59 63 73 78
29 42 57 59 63 73 76 77
29 42 57 59 63 71 72 78
29 42 57 59 63 71 72 76 77
29 42 57 59 61 62 73 78
29 42 57 59 61 62 73 76 77
29 42 57 59 61 62 71 72 78
29 42 57 59 61 62 71 72 76 77
29 42 51 57 59 63 73
29 42 51 57 59 63 71 72
29 42 51 57 59 61 62 73
29 42 51 57 59 61 62 71 72
29 42 46 57 59 63 78
29 42 46 57 59 63 76 77
29 42 46 57 59 61 62 78
29 42 46 57 59 61 62 76 77
29 42 46 51 57 59 63
29 42 46 51 57 59 61 62
29 40 41 57 59 63 73 78
29 40 41 57 59 63 73 76 77
29 40 41 57 59 63 71 72 78
29 40 41 57 59 63 71 72 76 77
29 40 41 57 59 61 62 73 78
29 40 41 57 59 61 62 73 76 77
29 40 41 57 59 61 62 71 72 78
29 40 41 57 59 61 62 71 72 76 77
29 40 41 51 57 59 63 73
29 40 41 51 57 59 63 71 72
29 40 41 51 57 59 61 62 73
29 40 41 51 57 59 61 62 71 72
29 40 41 46 57 59 63 78
29 40 41 46 57 59 63 76 77
29 40 41 46 57 59 61 62 78
29 40 41 46 57 59 61 62 76 77
29 40 41 46 51 57 59 63
29 40 41 46 51 57 59 61 62
29 36 42 57 59 73 78
29 36 42 57 59 73 76 77
29 36 42 57 59 71 72 78
29 36 42 57 59 71 72 76 77
29 36 42 51 57 59 73
29 36 42 51 57 59 71 72
29 36 42 46 57 59 78
29 36 42 46 57 59 76 77
29 36 42 46 51 57 59
29 36 40 41 57 59 73 78
29 36 40 41 57 59 73 76 77
29 36 40 41 57 59 71 72 78
29 36 40 41 57 59 71 72 76 77
29 36 40 41 51 57 59 73
29 36 40 41 51 57 59 71 72
29 36 40 41 46 57 59 78
29 36 40 41 46 57 59 76 77
29 36 40 41 46 51 57 59
28
28 29 44 59 61 73 77 78
28 29 44 59 61 73 76 77
28 29 44 59 61 73 75 78
28 29 44 59 61 73 75 76 78
28 29 44 59 61 73 74 78
28 29 44 59 61 73 74 76 77
28 29 44 59 61 71 72 77 78
28 29 44 59 61 71 72 76 77
28 29 44 59 61 71 72 75 78
28 29 44 59 61 71 72 75 76 78
28 29 44 59 61 71 72 73 74 78
28 29 44 59 61 71 72 73 74 76 77
28 29 44 59 60 61 73 75 78
28 29 44 59 60 61 73 75 76 77
28 29 44 59 60 61 73 74 78
28 29 44 59 60 61 73 74 76 77
28 29 44 59 60 61 71 72 75 78
28 29 44 59 60 61 71 72 75 76 77
28 29 44 59 60 61 71 72 73 74 78
28 29 44 59 60 61 71 72 73 74 76 77
28 29 44 51 59 61 73 77
28 29 44 51 59 61 73 75
28 29 44 51 59 61 73 75 76
28 29 44 51 59 61 73 74
28 29 44 51 59 61 71 72 77
28 29 44 51 59 61 71 72 75
28 29 44 51 59 61 71 72 75 76
28 29 44 51 59 61 71 72 73 74
28 29 44 51 59 60 61 73 75
28 29 44 51 59 60 61 73 74
28 29 44 51 59 60 61 71 72 75
28 29 44 51 59 60 61 71 72 73 74
28 29 44 50 59 61 73 78
28 29 44 50 59 61 73 76 77
28 29 44 50 59 61 71 72 78
28 29 44 50 59 61 71 72 76 77
28 29 44 50 51 59 61 73
28 29 44 50 51 59 61 71 72
28 29 44 48 59 61 73 78
28 29 44 48 59 61 73 76 77
28 29 44 48 59 61 71 72 78
28 29 44 48 59 61 71 72 76 77
28 29 44 48 59 60 61 73 78
28 29 44 48 59 60 61 73 76 77
28 29 44 48 59 60 61 71 72 78
28 29 44 48 59 60 61 71 72 76 77
28 29 44 48 51 59 61 73
28 29 44 48 51 59 61 71 72
28 29 44 48 51 59 60 61 73
28 29 44 48 51 59 60 61 71 72
28 29 44 46 59 61 77 78
28 29 44 46 59 61 76 77
28 29 44 46 59 61 75 78
28 29 44 46 59 61 75 76 78
28 29 44 46 59 61 73 74 78
28 29 44 46 59 61 73 74 76 77
28 29 44 46 59 60 61 75 78
28 29 44 46 59 60 61 75 76 77
28 29 44 46 59 60 61 73 74 78
28 29 44 46 59 60 61 73 74 76 77
28 29 44 46 51 59 61 77
28 29 44 46 51 59 61 75
28 29 44 46 51 59 61 75 76
28 29 44 46 51 59 61 73 74
28 29 44 46 51 59 60 61 75
28 29 44 46 51 59 60 61 73 74
28 29 44 46 50 59 61 78
28 29 44 46 50 59 61 76 77
28 29 44 46 50 51 59 61
28 29 44 46 48 59 61 78
28 29 44 46 48 59 61 76 77
28 29 44 46 48 59 60 61 78
28 29 44 46 48 59 60 61 76 77
28 29 44 46 48 51 59 61
28 29 44 46 48 51 59 60 61
28 29 42 57 59 73
28 29 42 57 59 73 78 79
28 29 42 57 59 71 72
28 29 42 57 59 71 72 78 79
28 29 42 53 57 59 73
28 29 42 53 57 59 71 72
28 29 42 46 57 59
28 29 42 46 57 59 78 79
28 29 42 46 53 57 59
28 29 42 43 59 61 73 77 78
28 29 42 43 59 61 73 76 77
28 29 42 43 59 61 73 75 78
28 29 42 43 59 61 73 75 76 78
28 29 42 43 59 61 73 74 78
28 29 42 43 59 61 73 74 76 77
28 29 42 43 59 61 71 72 77 78
28 29 42 43 59 61 71 72 76 77
28 29 42 43 59 61 71 72 75 78
28 29 42 43 59 61 71 72 75 76 78
28 29 42 43 59 61 71 72 73 74 78
28 29 42 43 59 61 71 72 73 74 76 77
28 29 42 43 59 60 61 73 75 78
28 29 42 43 59 60 61 73 75 76 77
28 29 42 43 59 60 61 73 74 78
28 29 42 43 59 60 61 73 74 76 77
28 29 42 43 59 60 61 71 72 75 78
28 29 42 43 59 60 61 71 72 75 76 77
28 29 42 43 59 60 61 71 72 73 74 78
28 29 42 43 59 60 61 71 72 73 74 76 77
28 29 42 43 51 59 61 73 77
28 29 42 43 51 59 61 73 75
28 29 42 43 51 59 61 73 75 76
28 29 42 43 51 59 61 73 74
28 29 42 43 51 59 61 71 72 77
28 29 42 43 51 59 61 71 72 75
28 29 42 43 51 59 61 71 72 75 76
28 29 42 43 51 59 61 71 72 73 74
28 29 42 43 51 59 60 61 73 75
28 29 42 43 51 59 60 61 73 74
28 29 42 43 51 59 60 61 71 72 75
28 29 42 43 51 59 60 61 71 72 73 74
28 29 42 43 50 59 61 73 78
28 29 42 43 50 59 61 73 76 77
28 29 42 43 50 59 61 71 72 78
28 29 42 43 50 59 61 71 72 76 77
28 29 42 43 50 51 59 61 73
28 29 42 43 50 51 59 61 71 72
28 29 42 43 48 59 61 73 78
28 29 42 43 48 59 61 73 76 77
28 29 42 43 48 59 61 71 72 78
28 29 42 43 48 59 61 71 72 76 77
28 29 42 43 48 59 60 61 73 78
28 29 42 43 48 59 60 61 73 76 77
28 29 42 43 48 59 60 61 71 72 78
28 29 42 43 48 59 60 61 71 72 76 77
28 29 42 43 48 51 59 61 73
28 29 42 43 48 51 59 61 71 72
28 29 42 43 48 51 59 60 61 73
28 29 42 43 48 51 59 60 61 71 72
28 29 42 43 46 59 61 77 78
28 29 42 43 46 59 61 76 77
28 29 42 43 46 59 61 75 78
28 29 42 43 46 59 61 75 76 78
28 29 42 43 46 59 61 73 74 78
28 29 42 43 46 59 61 73 74 76 77
28 29 42 43 46 59 60 61 75 78
28 29 42 43 46 59 60 61 75 76 77
28 29 42 43 46 59 60 61 73 74 78
28 29 42 43 46 59 60 61 73 74 76 77
28 29 42 43 46 51 59 61 77
28 29 42 43 46 51 59 61 75
28 29 42 43 46 51 59 61 75 76
28 29 42 43 46 51 59 61 73 74
28 29 42 43 46 51 59 60 61 75
28 29 42 43 46 51 59 60 61 73 74
28 29 42 43 46 50 59 61 78
28 29 42 43 46 50 59 61 76 77
28 29 42 43 46 50 51 59 61
28 29 42 43 46 48 59 61 78
28 29 42 43 46 48 59 61 76 77
28 29 42 43 46 48 59 60 61 78
28 29 42 43 46 48 59 60 61 76 77
28 29 42 43 46 48 51 59 61
28 29 42 43 46 48 51 59 60 61
28 29 40 41 57 59 73
28 29 40 41 57 59 73 78 79
28 29 40 41 57 59 71 72
28 29 40 41 57 59 71 72 78 79
28 29 40 41 53 57 59 73
28 29 40 41 53 57 59 71 72
28 29 40 41 46 57 59
28 29 40 41 46 57 59 78 79
28 29 40 41 46 53 57 59
28 29 34 44 59 61 73 75 78
28 29 34 44 59 61 73 75 76 77
28 29 34 44 59 61 73 74 78
28 29 34 44 59 61 73 74 76 77
28 29 34 44 59 61 71 72 75 78
28 29 34 44 59 61 71 72 75 76 77
28 29 34 44 59 61 71 72 73 74 78
28 29 34 44 59 61 71 72 73 74 76 77
28 29 34 44 51 59 61 73 75
28 29 34 44 51 59 61 73 74
28 29 34 44 51 59 61 71 72 75
28 29 34 44 51 59 61 71 72 73 74
28 29 34 44 48 59 61 73 78
28 29 34 44 48 59 61 73 76 77
28 29 34 44 48 59 61 71 72 78
28 29 34 44 48 59 61 71 72 76 77
28 29 34 44 48 51 59 61 73
28 29 34 44 48 51 59 61 71 72
28 29 34 44 46 59 61 75 78
28 29 34 44 46 59 61 75 76 77
28 29 34 44 46 59 61 73 74 78
28 29 34 44 46 59 61 73 74 76 77
28 29 34 44 46 51 59 61 75
28 29 34 44 46 51 59 61 73 74
28 29 34 44 46 48 59 61 78
28 29 34 44 46 48 59 61 76 77
28 29 34 44 46 48 51 59 61
28 29 34 42 43 59 61 73 75 78
28 29 34 42 43 59 61 73 75 76 77
28 29 34 42 43 59 61 73 74 78
28 29 34 42 43 59 61 73 74 76 77
28 29 34 42 43 59 61 71 72 75 78
28 29 34 42 43 59 61 71 72 75 76 77
28 29 34 42 43 59 61 71 72 73 74 78
28 29 34 42 43 59 61 71 72 73 74 76 77
28 29 34 42 43 51 59 61 73 75
28 29 34 42 43 51 59 61 73 74
28 29 34 42 43 51 59 61 71 72 75
28 29 34 42 43 51 59 61 71 72 73 74
28 29 34 42 43 48 59 61 73 78
28 29 34 42 43 48 59 61 73 76 77
28 29 34 42 43 48 59 61 71 72 78
28 29 34 42 43 48 59 61 71 72 76 77
28 29 34 42 43 48 51 59 61 73
28 29 34 42 43 48 51 59 61 71 72
28 29 34 42 43 46 59 61 75 78
28 29 34 42 43 46 59 61 75 76 77
28 29 34 42 43 46 59 61 73 74 78
28 29 34 42 43 46 59 61 73 74 76 77
28 29 34 42 43 46 51 59 61 75
28 29 34 42 43 46 51 59 61 73 74
28 29 34 42 43 46 48 59 61 78
28 29 34 42 43 46 48 59 61 76 77
28 29 34 42 43 46 48 51 59 61
27 28 42 57 59 63 73 78
27 28 42 57 59 63 73 76 77
27 28 42 57 59 63 71 72 78
27 28 42 57 59 63 71 72 76 77
27 28 42 57 59 61 62 73 78
27 28 42 57 59 61 62 73 76 77
27 28 42 57 59 61 62 71 72 78
27 28 42 57 59 61 62 71 72 76 77
27 28 42 51 57 59 63 73
27 28 42 51 57 59 63 71 72
27 28 42 51 57 59 61 62 73
27 28 42 51 57 59 61 62 71 72
27 28 42 46 57 59 63 78
27 28 42 46 57 59 63 76 77
27 28 42 46 57 59 61 62 78
27 28 42 46 57 59 61 62 76 77
27 28 42 46 51 57 59 63
27 28 42 46 51 57 59 61 62
27 28 40 41 57 59 63 73 78
27 28 40 41 57 59 63 73 76 77
27 28 40 41 57 59 63 71 72 78
27 28 40 41 57 59 63 71 72 76 77
27 28 40 41 57 59 61 62 73 78
27 28 40 41 57 59 61 62 73 76 77
27 28 40 41 57 59 61 62 71 72 78
27 28 40 41 57 59 61 62 71 72 76 77
27 28 40 41 51 57 59 63 73
27 28 40 41 51 57 59 63 71 72
27 28 40 41 51 57 59 61 62 73
27 28 40 41 51 57 59 61 62 71 72
27 28 40 41 46 57 59 63 78
27 28 40 41 46 57 59 63 76 77
27 28 40 41 46 57 59 61 62 78
27 28 40 41 46 57 59 61 62 76 77
27 28 40 41 46 51 57 59 63
27 28 40 41 46 51 57 59 61 62
27 28 36 42 57 59 73 78
27 28 36 42 57 59 73 76 77
27 28 36 42 57 59 71 72 78
27 28 36 42 57 59 71 72 76 77
27 28 36 42 51 57 59 73
27 28 36 42 51 57 59 71 72
27 28 36 42 46 57 59 78
27 28 36 42 46 57 59 76 77
27 28 36 42 46 51 57 59
27 28 36 40 41 57 59 73 78
27 28 36 40 41 57 59 73 76 77
27 28 36 40 41 57 59 71 72 78
27 28 36 40 41 57 59 71 72 76 77
27 28 36 40 41 51 57 59 73
27 28 36 40 41 51 57 59 71 72
27 28 36 40 41 46 57 59 78
27 28 36 40 41 46 57 59 76 77
27 28 36 40 41 46 51 57 59
26
26 68
24 67 68
24 65 66 68
24 40 68
24 25
24 25 68
23 24
22
22 69
22 67 68
22 42
22 34 68
21 42 59 60 61 63 65 73 78
21 42 59 60 61 63 65 73 76 77
21 42 59 60 61 63 65 71 72 78
21 42 59 60 61 63 65 71 72 76 77
21 42 59 60 61 63 64 73 78
21 42 59 60 61 63 64 73 76 77
21 42 59 60 61 63 64 71 72 78
21 42 59 60 61 63 64 71 72 76 77
21 42 58 59 61 63 65 73 78
21 42 58 59 61 63 65 73 76 77
21 42 58 59 61 63 65 71 72 78
21 42 58 59 61 63 65 71 72 76 77
21 42 58 59 61 63 64 73 78
21 42 58 59 61 63 64 73 76 77
21 42 58 59 61 63 64 71 72 78
21 42 58 59 61 63 64 71 72 76 77
21 42 57 59 73
21 42 57 59 73 78
21 42 57 59 73 76 77
21 42 57 59 71 72
21 42 57 59 71 72 78
21 42 57 59 71 72 76 77
21 42 51 59 60 61 63 65 73
21 42 51 59 60 61 63 65 71 72
21 42 51 59 60 61 63 64 73
21 42 51 59 60 61 63 64 71 72
21 42 51 58 59 61 63 65 73
21 42 51 58 59 61 63 65 71 72
21 42 51 58 59 61 63 64 73
21 42 51 58 59 61 63 64 71 72
21 42 51 57 59 73
21 42 51 57 59 71 72
21 42 46 59 60 61 63 65 78
21 42 46 59 60 61 63 65 76 77
21 42 46 59 60 61 63 64 78
21 42 46 59 60 61 63 64 76 77
21 42 46 58 59 61 63 65 78
21 42 46 58 59 61 63 65 76 77
21 42 46 58 59 61 63 64 78
21 42 46 58 59 61 63 64 76 77
21 42 46 57 59
21 42 46 57 59 78
21 42 46 57 59 76 77
21 42 46 51 59 60 61 63 65
21 42 46 51 59 60 61 63 64
21 42 46 51 58 59 61 63 65
21 42 46 51 58 59 61 63 64
21 42 46 51 57 59
21 40 41 59 60 61 63 65 73 78
21 40 41 59 60 61 63 65 73 76 77
21 40 41 59 60 61 63 65 71 72 78
21 40 41 59 60 61 63 65 71 72 76 77
21 40 41 59 60 61 63 64 73 78
21 40 41 59 60 61 63 64 73 76 77
21 40 41 59 60 61 63 64 71 72 78
21 40 41 59 60 61 63 64 71 72 76 77
21 40 41 58 59 61 63 65 73 78
21 40 41 58 59 61 63 65 73 76 77
21 40 41 58 59 61 63 65 71 72 78
21 40 41 58 59 61 63 65 71 72 76 77
21 40 41 58 59 61 63 64 73 78
21 40 41 58 59 61 63 64 73 76 77
21 40 41 58 59 61 63 64 71 72 78
21 40 41 58 59 61 63 64 71 72 76 77
21 40 41 57 59 73
21 40 41 57 59 73 78
21 40 41 57 59 73 76 77
21 40 41 57 59 71 72
21 40 41 57 59 71 72 78
21 40 41 57 59 71 72 76 77
21 40 41 51 59 60 61 63 65 73
21 40 41 51 59 60 61 63 65 71 72
21 40 41 51 59 60 61 63 64 73
21 40 41 51 59 60 61 63 64 71 72
21 40 41 51 58 59 61 63 65 73
21 40 41 51 58 59 61 63 65 71 72
21 40 41 51 58 59 61 63 64 73
21 40 41 51 58 59 61 63 64 71 72
21 40 41 51 57 59 73
21 40 41 51 57 59 71 72
21 40 41 46 59 60 61 63 65 78
21 40 41 46 59 60 61 63 65 76 77
21 40 41 46 59 60 61 63 64 78
21 40 41 46 59 60 61 63 64 76 77
21 40 41 46 58 59 61 63 65 78
21 40 41 46 58 59 61 63 65 76 77
21 40 41 46 58 59 61 63 64 78
21 40 41 46 58 59 61 63 64 76 77
21 40 41 46 57 59
21 40 41 46 57 59 78
21 40 41 46 57 59 76 77
21 40 41 46 51 59 60 61 63 65
21 40 41 46 51 59 60 61 63 64
21 40 41 46 51 58 59 61 63 65
21 40 41 46 51 58 59 61 63 64
21 40 41 46 51 57 59
21 38 42 59 60 61 63 73 78
21 38 42 59 60 61 63 73 76 77
21 38 42 59 60 61 63 71 72 78
21 38 42 59 60 61 63 71 72 76 77
21 38 42 58 59 61 63 73 78
21 38 42 58 59 61 63 73 76 77
21 38 42 58 59 61 63 71 72 78
21 38 42 58 59 61 63 71 72 76 77
21 38 42 51 59 60 61 63 73
21 38 42 51 59 60 61 63 71 72
21 38 42 51 58 59 61 63 73
21 38 42 51 58 59 61 63 71 72
21 38 42 46 59 60 61 63 78
21 38 42 46 59 60 61 63 76 77
21 38 42 46 58 59 61 63 78
21 38 42 46 58 59 61 63 76 77
21 38 42 46 51 59 60 61 63
21 38 42 46 51 58 59 61 63
21 38 40 41 59 60 61 63 73 78
21 38 40 41 59 60 61 63 73 76 77
21 38 40 41 59 60 61 63 71 72 78
21 38 40 41 59 60 61 63 71 72 76 77
21 38 40 41 58 59 61 63 73 78
21 38 40 41 58 59 61 63 73 76 77
21 38 40 41 58 59 61 63 71 72 78
21 38 40 41 58 59 61 63 71 72 76 77
21 38 40 41 51 59 60 61 63 73
21 38 40 41 51 59 60 61 63 71 72
21 38 40 41 51 58 59 61 63 73
21 38 40 41 51 58 59 61 63 71 72
21 38 40 41 46 59 60 61 63 78
21 38 40 41 46 59 60 61 63 76 77
21 38 40 41 46 58 59 61 63 78
21 38 40 41 46 58 59 61 63 76 77
21 38 40 41 46 51 59 60 61 63
21 38 40 41 46 51 58 59 61 63
21 33 42 59 61 63 65 73 78
21 33 42 59 61 63 65 73 76 77
21 33 42 59 61 63 65 71 72 78
21 33 42 59 61 63 65 71 72 76 77
21 33 42 59 61 63 64 73 78
21 33 42 59 61 63 64 73 76 77
21 33 42 59 61 63 64 71 72 78
21 33 42 59 61 63 64 71 72 76 77
21 33 42 51 59 61 63 65 73
21 33 42 51 59 61 63 65 71 72
21 33 42 51 59 61 63 64 73
21 33 42 51 59 61 63 64 71 72
21 33 42 46 59 61 63 65 78
21 33 42 46 59 61 63 65 76 77
21 33 42 46 59 61 63 64 78
21 33 42 46 59 61 63 64 76 77
21 33 42 46 51 59 61 63 65
21 33 42 46 51 59 61 63 64
21 33 40 41 59 61 63 65 73 78
21 33 40 41 59 61 63 65 73 76 77
21 33 40 41 59 61 63 65 71 72 78
21 33 40 41 59 61 63 65 71 72 76 77
21 33 40 41 59 61 63 64 73 78
21 33 40 41 59 61 63 64 73 76 77
21 33 40 41 59 61 63 64 71 72 78
21 33 40 41 59 61 63 64 71 72 76 77
21 33 40 41 51 59 61 63 65 73
21 33 40 41 51 59 61 63 65 71 72
21 33 40 41 51 59 61 63 64 73
21 33 40 41 51 59 61 63 64 71 72
21 33 40 41 46 59 61 63 65 78
21 33 40 41 46 59 61 63 65 76 77
21 33 40 41 46 59 61 63 64 78
21 33 40 41 46 59 61 63 64 76 77
21 33 40 41 46 51 59 61 63 65
21 33 40 41 46 51 59 61 63 64
21 33 38 42 59 61 63 73 78
21 33 38 42 59 61 63 73 76 77
21 33 38 42 59 61 63 71 72 78
21 33 38 42 59 61 63 71 72 76 77
21 33 38 42 51 59 61 63 73
21 33 38 42 51 59 61 63 71 72
21 33 38 42 46 59 61 63 78
21 33 38 42 46 59 61 63 76 77
21 33 38 42 46 51 59 61 63
21 33 38 40 41 59 61 63 73 78
21 33 38 40 41 59 61 63 73 76 77
21 33 38 40 41 59 61 63 71 72 78
21 33 38 40 41 59 61 63 71 72 76 77
21 33 38 40 41 51 59 61 63 73
21 33 38 40 41 51 59 61 63 71 72
21 33 38 40 41 46 59 61 63 78
21 33 38 40 41 46 59 61 63 76 77
21 33 38 40 41 46 51 59 61 63
20
20 69
20 67 68
20 61
20 42
19
17 61 73 77
17 61 73 75 76
17 61 71 72 77
17 61 71 72 75 76
17 60 61 73
17 60 61 71 72
17 59 73 77
17 59 73 77 78 79
17 59 73 75 76
17 59 73 75 76 78 79
17 59 71 72 77
17 59 71 72 77 78 79
17 59 71 72 75 76
17 59 71 72 75 76 78 79
17 59 61 73
17 59 61 73 77
17 59 61 73 77 78
17 59 61 73 76 77
17 59 61 73 75 78
17 59 61 73 75 78 79
17 59 61 73 75 76
17 59 61 73 75 76 78
17 59 61 73 74 78
17 59 61 73 74 78 79
17 59 61 73 74 76 77
17 59 61 71 72
17 59 61 71 72 77
17 59 61 71 72 77 78
17 59 61 71 72 76 77
17 59 61 71 72 75 78
17 59 61 71 72 75 78 79
17 59 61 71 72 75 76
17 59 61 71 72 75 76 78
17 59 61 71 72 73 74 78
17 59 61 71 72 73 74 78 79
17 59 61 71 72 73 74 76 77
17 59 60 61 73 75 78
17 59 60 61 73 75 78 79
17 59 60 61 73 75 76 77
17 59 60 61 73 74 78
17 59 60 61 73 74 78 79
17 59 60 61 73 74 76 77
17 59 60 61 71 72 75 78
17 59 60 61 71 72 75 78 79
17 59 60 61 71 72 75 76 77
17 59 60 61 71 72 73 74 78
17 59 60 61 71 72 73 74 78 79
17 59 60 61 71 72 73 74 76 77
17 59 60 61 63 73
17 59 60 61 63 71 72
17 58 59 61 73
17 58 59 61 71 72
17 57 61 73
17 57 61 71 72
17 57 59 73
17 57 59 71 72
17 53 59 73 77
17 53 59 73 75 76
17 53 59 71 72 77
17 53 59 71 72 75 76
17 53 59 61 73 75
17 53 59 61 73 74
17 53 59 61 71 72 75
17 53 59 61 71 72 73 74
17 53 59 60 61 73 75
17 53 59 60 61 73 74
17 53 59 60 61 71 72 75
17 53 59 60 61 71 72 73 74
17 51 59 61 73 77
17 51 59 61 73 75
17 51 59 61 73 75 76
17 51 59 61 73 74
17 51 59 61 71 72 77
17 51 59 61 71 72 75
17 51 59 61 71 72 75 76
17 51 59 61 71 72 73 74
17 51 59 60 61 73 75
17 51 59 60 61 73 74
17 51 59 60 61 71 72 75
17 51 59 60 61 71 72 73 74
17 50 61 73
17 50 61 71 72
17 50 59 73
17 50 59 73 78 79
17 50 59 71 72
17 50 59 71 72 78 79
17 50 59 61 73
17 50 59 61 73 78
17 50 59 61 73 76 77
17 50 59 61 71 72
17 50 59 61 71 72 78
17 50 59 61 71 72 76 77
17 50 53 59 73
17 50 53 59 71 72
17 50 51 59 61 73
17 50 51 59 61 71 72
17 48 59 61 73 78
17 48 59 61 73 78 79
17 48 59 61 73 76 77
17 48 59 61 71 72 78
17 48 59 61 71 72 78 79
17 48 59 61 71 72 76 77
17 48 59 60 61 73 78
17 48 59 60 61 73 78 79
17 48 59 60 61 73 76 77
17 48 59 60 61 71 72 78
17 48 59 60 61 71 72 78 79
17 48 59 60 61 71 72 76 77
17 48 53 59 61 73
17 48 53 59 61 71 72
17 48 53 59 60 61 73
17 48 53 59 60 61 71 72
17 48 51 59 61 73
17 48 51 59 61 71 72
17 48 51 59 60 61 73
17 48 51 59 60 61 71 72
17 46 61 77
17 46 61 75 76
17 46 60 61
17 46 59 77
17 46 59 77 78 79
17 46 59 75 76
17 46 59 75 76 78 79
17 46 59 61
17 46 59 61 77
17 46 59 61 77 78
17 46 59 61 76 77
17 46 59 61 75 78
17 46 59 61 75 78 79
17 46 59 61 75 76
17 46 59 61 75 76 78
17 46 59 61 73 74 78
17 46 59 61 73 74 78 79
17 46 59 61 73 74 76 77
17 46 59 60 61 75 78
17 46 59 60 61 75 78 79
17 46 59 60 61 75 76 77
17 46 59 60 61 73 74 78
17 46 59 60 61 73 74 78 79
17 46 59 60 61 73 74 76 77
17 46 59 60 61 63
17 46 58 59 61
17 46 57 61
17 46 57 59
17 46 53 59 77
17 46 53 59 75 76
17 46 53 59 61 75
17 46 53 59 61 73 74
17 46 53 59 60 61 75
17 46 53 59 60 61 73 74
17 46 51 59 61 77
17 46 51 59 61 75
17 46 51 59 61 75 76
17 46 51 59 61 73 74
17 46 51 59 60 61 75
17 46 51 59 60 61 73 74
17 46 50 61
17 46 50 59
17 46 50 59 78 79
17 46 50 59 61
17 46 50 59 61 78
17 46 50 59 61 76 77
17 46 50 53 59
17 46 50 51 59 61
17 46 48 59 61 78
17 46 48 59 61 78 79
17 46 48 59 61 76 77
17 46 48 59 60 61 78
17 46 48 59 60 61 78 79
17 46 48 59 60 61 76 77
17 46 48 53 59 61
17 46 48 53 59 60 61
17 46 48 51 59 61
17 46 48 51 59 60 61
17 34 59 61 73 75 78
17 34 59 61 73 75 78 79
17 34 59 61 73 75 76 77
17 34 59 61 73 74 78
17 34 59 61 73 74 78 79
17 34 59 61 73 74 76 77
17 34 59 61 71 72 75 78
17 34 59 61 71 72 75 78 79
17 34 59 61 71 72 75 76 77
17 34 59 61 71 72 73 74 78
17 34 59 61 71 72 73 74 78 79
17 34 59 61 71 72 73 74 76 77
17 34 59 61 63 73
17 34 59 61 63 71 72
17 34 53 59 61 73 75
17 34 53 59 61 73 74
17 34 53 59 61 71 72 75
17 34 53 59 61 71 72 73 74
17 34 51 59 61 73 75
17 34 51 59 61 73 74
17 34 51 59 61 71 72 75
17 34 51 59 61 71 72 73 74
17 34 48 59 61 73 78
17 34 48 59 61 73 78 79
17 34 48 59 61 73 76 77
17 34 48 59 61 71 72 78
17 34 48 59 61 71 72 78 79
17 34 48 59 61 71 72 76 77
17 34 48 53 59 61 73
17 34 48 53 59 61 71 72
17 34 48 51 59 61 73
17 34 48 51 59 61 71 72
17 34 46 59 61 75 78
17 34 46 59 61 75 78 79
17 34 46 59 61 75 76 77
17 34 46 59 61 73 74 78
17 34 46 59 61 73 74 78 79
17 34 46 59 61 73 74 76 77
17 34 46 59 61 63
17 34 46 53 59 61 75
17 34 46 53 59 61 73 74
17 34 46 51 59 61 75
17 34 46 51 59 61 73 74
17 34 46 48 59 61 78
17 34 46 48 59 61 78 79
17 34 46 48 59 61 76 77
17 34 46 48 53 59 61
17 34 46 48 51 59 61
17 33 61 73
17 33 61 71 72
17 33 46 61
17 30 59 61 73 77 78
17 30 59 61 73 76 77
17 30 59 61 73 75 78
17 30 59 61 73 75 76 78
17 30 59 61 73 74 78
17 30 59 61 73 74 76 77
17 30 59 61 71 72 77 78
17 30 59 61 71 72 76 77
17 30 59 61 71 72 75 78
17 30 59 61 71 72 75 76 78
17 30 59 61 71 72 73 74 78
17 30 59 61 71 72 73 74 76 77
17 30 59 60 61 73 75 78
17 30 59 60 61 73 75 76 77
17 30 59 60 61 73 74 78
17 30 59 60 61 73 74 76 77
17 30 59 60 61 71 72 75 78
17 30 59 60 61 71 72 75 76 77
17 30 59 60 61 71 72 73 74 78
17 30 59 60 61 71 72 73 74 76 77
17 30 51 59 61 73 77
17 30 51 59 61 73 75
17 30 51 59 61 73 75 76
17 30 51 59 61 73 74
17 30 51 59 61 71 72 77
17 30 51 59 61 71 72 75
17 30 51 59 61 71 72 75 76
17 30 51 59 61 71 72 73 74
17 30 51 59 60 61 73 75
17 30 51 59 60 61 73 74
17 30 51 59 60 61 71 72 75
17 30 51 59 60 61 71 72 73 74
17 30 50 59 61 73 78
17 30 50 59 61 73 76 77
17 30 50 59 61 71 72 78
17 30 50 59 61 71 72 76 77
17 30 50 51 59 61 73
17 30 50 51 59 61 71 72
17 30 48 59 61 73 78
17 30 48 59 61 73 76 77
17 30 48 59 61 71 72 78
17 30 48 59 61 71 72 76 77
17 30 48 59 60 61 73 78
17 30 48 59 60 61 73 76 77
17 30 48 59 60 61 71 72 78
17 30 48 59 60 61 71 72 76 77
17 30 48 51 59 61 73
17 30 48 51 59 61 71 72
17 30 48 51 59 60 61 73
17 30 48 51 59 60 61 71 72
17 30 46 59 61 77 78
17 30 46 59 61 76 77
17 30 46 59 61 75 78
17 30 46 59 61 75 76 78
17 30 46 59 61 73 74 78
17 30 46 59 61 73 74 76 77
17 30 46 59 60 61 75 78
17 30 46 59 60 61 75 76 77
17 30 46 59 60 61 73 74 78
17 30 46 59 60 61 73 74 76 77
17 30 46 51 59 61 77
17 30 46 51 59 61 75
17 30 46 51 59 61 75 76
17 30 46 51 59 61 73 74
17 30 46 51 59 60 61 75
17 30 46 51 59 60 61 73 74
17 30 46 50 59 61 78
17 30 46 50 59 61 76 77
17 30 46 50 51 59 61
17 30 46 48 59 61 78
17 30 46 48 59 61 76 77
17 30 46 48 59 60 61 78
17 30 46 48 59 60 61 76 77
17 30 46 48 51 59 61
17 30 46 48 51 59 60 61
17 30 34 59 61 73 75 78
17 30 34 59 61 73 75 76 77
17 30 34 59 61 73 74 78
17 30 34 59 61 73 74 76 77
17 30 34 59 61 71 72 75 78
17 30 34 59 61 71 72 75 76 77
17 30 34 59 61 71 72 73 74 78
17 30 34 59 61 71 72 73 74 76 77
17 30 34 51 59 61 73 75
17 30 34 51 59 61 73 74
17 30 34 51 59 61 71 72 75
17 30 34 51 59 61 71 72 73 74
17 30 34 48 59 61 73 78
17 30 34 48 59 61 73 76 77
17 30 34 48 59 61 71 72 78
17 30 34 48 59 61 71 72 76 77
17 30 34 48 51 59 61 73
17 30 34 48 51 59 61 71 72
17 30 34 46 59 61 75 78
17 30 34 46 59 61 75 76 77
17 30 34 46 59 61 73 74 78
17 30 34 46 59 61 73 74 76 77
17 30 34 46 51 59 61 75
17 30 34 46 51 59 61 73 74
17 30 34 46 48 59 61 78
17 30 34 46 48 59 61 76 77
17 30 34 46 48 51 59 61
17 28 29 59 61 73 77 78
17 28 29 59 61 73 76 77
17 28 29 59 61 73 75 78
17 28 29 59 61 73 75 76 78
17 28 29 59 61 73 74 78
17 28 29 59 61 73 74 76 77
17 28 29 59 61 71 72 77 78
17 28 29 59 61 71 72 76 77
17 28 29 59 61 71 72 75 78
17 28 29 59 61 71 72 75 76 78
17 28 29 59 61 71 72 73 74 78
17 28 29 59 61 71 72 73 74 76 77
17 28 29 59 60 61 73 75 78
17 28 29 59 60 61 73 75 76 77
17 28 29 59 60 61 73 74 78
17 28 29 59 60 61 73 74 76 77
17 28 29 59 60 61 71 72 75 78
17 28 29 59 60 61 71 72 75 76 77
17 28 29 59 60 61 71 72 73 74 78
17 28 29 59 60 61 71 72 73 74 76 77
17 28 29 51 59 61 73 77
17 28 29 51 59 61 73 75
17 28 29 51 59 61 73 75 76
17 28 29 51 59 61 73 74
17 28 29 51 59 61 71 72 77
17 28 29 51 59 61 71 72 75
17 28 29 51 59 61 71 72 75 76
17 28 29 51 59 61 71 72 73 74
17 28 29 51 59 60 61 73 75
17 28 29 51 59 60 61 73 74
17 28 29 51 59 60 61 71 72 75
17 28 29 51 59 60 61 71 72 73 74
17 28 29 50 59 61 73 78
17 28 29 50 59 61 73 76 77
17 28 29 50 59 61 71 72 78
17 28 29 50 59 61 71 72 76 77
17 28 29 50 51 59 61 73
17 28 29 50 51 59 61 71 72
17 28 29 48 59 61 73 78
17 28 29 48 59 61 73 76 77
17 28 29 48 59 61 71 72 78
17 28 29 48 59 61 71 72 76 77
17 28 29 48 59 60 61 73 78
17 28 29 48 59 60 61 73 76 77
17 28 29 48 59 60 61 71 72 78
17 28 29 48 59 60 61 71 72 76 77
17 28 29 48 51 59 61 73
17 28 29 48 51 59 61 71 72
17 28 29 48 51 59 60 61 73
17 28 29 48 51 59 60 61 71 72
17 28 29 46 59 61 77 78
17 28 29 46 59 61 76 77
17 28 29 46 59 61 75 78
17 28 29 46 59 61 75 76 78
17 28 29 46 59 61 73 74 78
17 28 29 46 59 61 73 74 76 77
17 28 29 46 59 60 61 75 78
17 28 29 46 59 60 61 75 76 77
17 28 29 46 59 60 61 73 74 78
17 28 29 46 59 60 61 73 74 76 77
17 28 29 46 51 59 61 77
17 28 29 46 51 59 61 75
17 28 29 46 51 59 61 75 76
17 28 29 46 51 59 61 73 74
17 28 29 46 51 59 60 61 75
17 28 29 46 51 59 60 61 73 74
17 28 29 46 50 59 61 78
17 28 29 46 50 59 61 76 77
17 28 29 46 50 51 59 61
17 28 29 46 48 59 61 78
17 28 29 46 48 59 61 76 77
17 28 29 46 48 59 60 61 78
17 28 29 46 48 59 60 61 76 77
17 28 29 46 48 51 59 61
17 28 29 46 48 51 59 60 61
17 28 29 34 59 61 73 75 78
17 28 29 34 59 61 73 75 76 77
17 28 29 34 59 61 73 74 78
17 28 29 34 59 61 73 74 76 77
17 28 29 34 59 61 71 72 75 78
17 28 29 34 59 61 71 72 75 76 77
17 28 29 34 59 61 71 72 73 74 78
17 28 29 34 59 61 71 72 73 74 76 77
17 28 29 34 51 59 61 73 75
17 28 29 34 51 59 61 73 74
17 28 29 34 51 59 61 71 72 75
17 28 29 34 51 59 61 71 72 73 74
17 28 29 34 48 59 61 73 78
17 28 29 34 48 59 61 73 76 77
17 28 29 34 48 59 61 71 72 78
17 28 29 34 48 59 61 71 72 76 77
17 28 29 34 48 51 59 61 73
17 28 29 34 48 51 59 61 71 72
17 28 29 34 46 59 61 75 78
17 28 29 34 46 59 61 75 76 77
17 28 29 34 46 59 61 73 74 78
17 28 29 34 46 59 61 73 74 76 77
17 28 29 34 46 51 59 61 75
17 28 29 34 46 51 59 61 73 74
17 28 29 34 46 48 59 61 78
17 28 29 34 46 48 59 61 76 77
17 28 29 34 46 48 51 59 61
15 61 73 78 79
15 61 71 72 78 79
15 59 73
15 59 73 77
15 59 73 75 76
15 59 71 72
15 59 71 72 77
15 59 71 72 75 76
15 59 61
15 59 61 77
15 59 61 75 76
15 59 61 73
15 59 61 71 72
15 59 60 61 73
15 59 60 61 71 72
15 58 59 61 73
15 58 59 61 71 72
15 57 59 73
15 57 59 71 72
15 57 59 63 73
15 57 59 63 73 78
15 57 59 63 73 76 77
15 57 59 63 71 72
15 57 59 63 71 72 78
15 57 59 63 71 72 76 77
15 57 59 61 62 73
15 57 59 61 62 73 78
15 57 59 61 62 73 76 77
15 57 59 61 62 71 72
15 57 59 61 62 71 72 78
15 57 59 61 62 71 72 76 77
15 53 61 73
15 53 61 71 72
15 51 57 59 63 73
15 51 57 59 63 71 72
15 51 57 59 61 62 73
15 51 57 59 61 62 71 72
15 50 59 73
15 50 59 71 72
15 50 59 61
15 48 59 60 61 63 65 73 78
15 48 59 60 61 63 65 73 76 77
15 48 59 60 61 63 65 71 72 78
15 48 59 60 61 63 65 71 72 76 77
15 48 59 60 61 63 64 73 78
15 48 59 60 61 63 64 73 76 77
15 48 59 60 61 63 64 71 72 78
15 48 59 60 61 63 64 71 72 76 77
15 48 58 59 61 63 65 73 78
15 48 58 59 61 63 65 73 76 77
15 48 58 59 61 63 65 71 72 78
15 48 58 59 61 63 65 71 72 76 77
15 48 58 59 61 63 64 73 78
15 48 58 59 61 63 64 73 76 77
15 48 58 59 61 63 64 71 72 78
15 48 58 59 61 63 64 71 72 76 77
15 48 57 59 73
15 48 57 59 73 78
15 48 57 59 73 76 77
15 48 57 59 71 72
15 48 57 59 71 72 78
15 48 57 59 71 72 76 77
15 48 51 59 60 61 63 65 73
15 48 51 59 60 61 63 65 71 72
15 48 51 59 60 61 63 64 73
15 48 51 59 60 61 63 64 71 72
15 48 51 58 59 61 63 65 73
15 48 51 58 59 61 63 65 71 72
15 48 51 58 59 61 63 64 73
15 48 51 58 59 61 63 64 71 72
15 48 51 57 59 73
15 48 51 57 59 71 72
15 46 61 78 79
15 46 59
15 46 59 77
15 46 59 75 76
15 46 59 61
15 46 59 60 61
15 46 58 59 61
15 46 57 59
15 46 57 59 63
15 46 57 59 63 78
15 46 57 59 63 76 77
15 46 57 59 61 62
15 46 57 59 61 62 78
15 46 57 59 61 62 76 77
15 46 53 61
15 46 51 57 59 63
15 46 51 57 59 61 62
15 46 50 59
15 46 48 59 60 61 63 65 78
15 46 48 59 60 61 63 65 76 77
15 46 48 59 60 61 63 64 78
15 46 48 59 60 61 63 64 76 77
15 46 48 58 59 61 63 65 78
15 46 48 58 59 61 63 65 76 77
15 46 48 58 59 61 63 64 78
15 46 48 58 59 61 63 64 76 77
15 46 48 57 59
15 46 48 57 59 78
15 46 48 57 59 76 77
15 46 48 51 59 60 61 63 65
15 46 48 51 59 60 61 63 64
15 46 48 51 58 59 61 63 65
15 46 48 51 58 59 61 63 64
15 46 48 51 57 59
15 46 47 59 60 61 63 65 78
15 46 47 59 60 61 63 65 76 77
15 46 47 59 60 61 63 65 73 78
15 46 47 59 60 61 63 65 73 76 77
15 46 47 59 60 61 63 65 71 72 78
15 46 47 59 60 61 63 65 71 72 76 77
15 46 47 59 60 61 63 64 78
15 46 47 59 60 61 63 64 76 77
15 46 47 59 60 61 63 64 73 78
15 46 47 59 60 61 63 64 73 76 77
15 46 47 59 60 61 63 64 71 72 78
15 46 47 59 60 61 63 64 71 72 76 77
15 46 47 58 59 61 63 65 78
15 46 47 58 59 61 63 65 76 77
15 46 47 58 59 61 63 65 73 78
15 46 47 58 59 61 63 65 73 76 77
15 46 47 58 59 61 63 65 71 72 78
15 46 47 58 59 61 63 65 71 72 76 77
15 46 47 58 59 61 63 64 78
15 46 47 58 59 61 63 64 76 77
15 46 47 58 59 61 63 64 73 78
15 46 47 58 59 61 63 64 73 76 77
15 46 47 58 59 61 63 64 71 72 78
15 46 47 58 59 61 63 64 71 72 76 77
15 46 47 57 59
15 46 47 57 59 78
15 46 47 57 59 76 77
15 46 47 57 59 73
15 46 47 57 59 73 78
15 46 47 57 59 73 76 77
15 46 47 57 59 71 72
15 46 47 57 59 71 72 78
15 46 47 57 59 71 72 76 77
15 46 47 51 59 60 61 63 65
15 46 47 51 59 60 61 63 65 73
15 46 47 51 59 60 61 63 65 71 72
15 46 47 51 59 60 61 63 64
15 46 47 51 59 60 61 63 64 73
15 46 47 51 59 60 61 63 64 71 72
15 46 47 51 58 59 61 63 65
15 46 47 51 58 59 61 63 65 73
15 46 47 51 58 59 61 63 65 71 72
15 46 47 51 58 59 61 63 64
15 46 47 51 58 59 61 63 64 73
15 46 47 51 58 59 61 63 64 71 72
15 46 47 51 57 59
15 46 47 51 57 59 73
15 46 47 51 57 59 71 72
15 38 48 59 60 61 63 73 78
15 38 48 59 60 61 63 73 76 77
15 38 48 59 60 61 63 71 72 78
15 38 48 59 60 61 63 71 72 76 77
15 38 48 58 59 61 63 73 78
15 38 48 58 59 61 63 73 76 77
15 38 48 58 59 61 63 71 72 78
15 38 48 58 59 61 63 71 72 76 77
15 38 48 51 59 60 61 63 73
15 38 48 51 59 60 61 63 71 72
15 38 48 51 58 59 61 63 73
15 38 48 51 58 59 61 63 71 72
15 38 46 48 59 60 61 63 78
15 38 46 48 59 60 61 63 76 77
15 38 46 48 58 59 61 63 78
15 38 46 48 58 59 61 63 76 77
15 38 46 48 51 59 60 61 63
15 38 46 48 51 58 59 61 63
15 38 46 47 59 60 61 63 78
15 38 46 47 59 60 61 63 76 77
15 38 46 47 59 60 61 63 73 78
15 38 46 47 59 60 61 63 73 76 77
15 38 46 47 59 60 61 63 71 72 78
15 38 46 47 59 60 61 63 71 72 76 77
15 38 46 47 58 59 61 63 78
15 38 46 47 58 59 61 63 76 77
15 38 46 47 58 59 61 63 73 78
15 38 46 47 58 59 61 63 73 76 77
15 38 46 47 58 59 61 63 71 72 78
15 38 46 47 58 59 61 63 71 72 76 77
15 38 46 47 51 59 60 61 63
15 38 46 47 51 59 60 61 63 73
15 38 46 47 51 59 60 61 63 71 72
15 38 46 47 51 58 59 61 63
15 38 46 47 51 58 59 61 63 73
15 38 46 47 51 58 59 61 63 71 72
15 36 57 59 73
15 36 57 59 73 78
15 36 57 59 73 76 77
15 36 57 59 71 72
15 36 57 59 71 72 78
15 36 57 59 71 72 76 77
15 36 51 57 59 73
15 36 51 57 59 71 72
15 36 46 57 59
15 36 46 57 59 78
15 36 46 57 59 76 77
15 36 46 51 57 59
15 33 59 61 73
15 33 59 61 71 72
15 33 48 59 61 63 65 73 78
15 33 48 59 61 63 65 73 76 77
15 33 48 59 61 63 65 71 72 78
15 33 48 59 61 63 65 71 72 76 77
15 33 48 59 61 63 64 73 78
15 33 48 59 61 63 64 73 76 77
15 33 48 59 61 63 64 71 72 78
15 33 48 59 61 63 64 71 72 76 77
15 33 48 51 59 61 63 65 73
15 33 48 51 59 61 63 65 71 72
15 33 48 51 59 61 63 64 73
15 33 48 51 59 61 63 64 71 72
15 33 46 59 61
15 33 46 48 59 61 63 65 78
15 33 46 48 59 61 63 65 76 77
15 33 46 48 59 61 63 64 78
15 33 46 48 59 61 63 64 76 77
15 33 46 48 51 59 61 63 65
15 33 46 48 51 59 61 63 64
15 33 46 47 59 61 63 65 78
15 33 46 47 59 61 63 65 76 77
15 33 46 47 59 61 63 65 73 78
15 33 46 47 59 61 63 65 73 76 77
15 33 46 47 59 61 63 65 71 72 78
15 33 46 47 59 61 63 65 71 72 76 77
15 33 46 47 59 61 63 64 78
15 33 46 47 59 61 63 64 76 77
15 33 46 47 59 61 63 64 73 78
15 33 46 47 59 61 63 64 73 76 77
15 33 46 47 59 61 63 64 71 72 78
15 33 46 47 59 61 63 64 71 72 76 77
15 33 46 47 51 59 61 63 65
15 33 46 47 51 59 61 63 65 73
15 33 46 47 51 59 61 63 65 71 72
15 33 46 47 51 59 61 63 64
15 33 46 47 51 59 61 63 64 73
15 33 46 47 51 59 61 63 64 71 72
15 33 38 48 59 61 63 73 78
15 33 38 48 59 61 63 73 76 77
15 33 38 48 59 61 63 71 72 78
15 33 38 48 59 61 63 71 72 76 77
15 33 38 48 51 59 61 63 73
15 33 38 48 51 59 61 63 71 72
15 33 38 46 48 59 61 63 78
15 33 38 46 48 59 61 63 76 77
15 33 38 46 48 51 59 61 63
15 33 38 46 47 59 61 63 78
15 33 38 46 47 59 61 63 76 77
15 33 38 46 47 59 61 63 73 78
15 33 38 46 47 59 61 63 73 76 77
15 33 38 46 47 59 61 63 71 72 78
15 33 38 46 47 59 61 63 71 72 76 77
15 33 38 46 47 51 59 61 63
15 33 38 46 47 51 59 61 63 73
15 33 38 46 47 51 59 61 63 71 72
15 30 57 59 73
15 30 57 59 73 78 79
15 30 57 59 71 72
15 30 57 59 71 72 78 79
15 30 53 57 59 73
15 30 53 57 59 71 72
15 30 46 57 59
15 30 46 57 59 78 79
15 30 46 53 57 59
15 29 57 59 63 73 78
15 29 57 59 63 73 76 77
15 29 57 59 63 71 72 78
15 29 57 59 63 71 72 76 77
15 29 57 59 61 62 73 78
15 29 57 59 61 62 73 76 77
15 29 57 59 61 62 71 72 78
15 29 57 59 61 62 71 72 76 77
15 29 51 57 59 63 73
15 29 51 57 59 63 71 72
15 29 51 57 59 61 62 73
15 29 51 57 59 61 62 71 72
15 29 46 57 59 63 78
15 29 46 57 59 63 76 77
15 29 46 57 59 61 62 78
15 29 46 57 59 61 62 76 77
15 29 46 51 57 59 63
15 29 46 51 57 59 61 62
15 29 36 57 59 73 78
15 29 36 57 59 73 76 77
15 29 36 57 59 71 72 78
15 29 36 57 59 71 72 76 77
15 29 36 51 57 59 73
15 29 36 51 57 59 71 72
15 29 36 46 57 59 78
15 29 36 46 57 59 76 77
15 29 36 46 51 57 59
15 28 29 57 59 73
15 28 29 57 59 73 78 79
15 28 29 57 59 71 72
15 28 29 57 59 71 72 78 79
15 28 29 53 57 59 73
15 28 29 53 57 59 71 72
15 28 29 46 57 59
15 28 29 46 57 59 78 79
15 28 29 46 53 57 59
15 27 28 57 59 63 73 78
15 27 28 57 59 63 73 76 77
15 27 28 57 59 63 71 72 78
15 27 28 57 59 63 71 72 76 77
15 27 28 57 59 61 62 73 78
15 27 28 57 59 61 62 73 76 77
15 27 28 57 59 61 62 71 72 78
15 27 28 57 59 61 62 71 72 76 77
15 27 28 51 57 59 63 73
15 27 28 51 57 59 63 71 72
15 27 28 51 57 59 61 62 73
15 27 28 51 57 59 61 62 71 72
15 27 28 46 57 59 63 78
15 27 28 46 57 59 63 76 77
15 27 28 46 57 59 61 62 78
15 27 28 46 57 59 61 62 76 77
15 27 28 46 51 57 59 63
15 27 28 46 51 57 59 61 62
15 27 28 36 57 59 73 78
15 27 28 36 57 59 73 76 77
15 27 28 36 57 59 71 72 78
15 27 28 36 57 59 71 72 76 77
15 27 28 36 51 57 59 73
15 27 28 36 51 57 59 71 72
15 27 28 36 46 57 59 78
15 27 28 36 46 57 59 76 77
15 27 28 36 46 51 57 59
15 21 59 60 61 63 65 73 78
15 21 59 60 61 63 65 73 76 77
15 21 59 60 61 63 65 71 72 78
15 21 59 60 61 63 65 71 72 76 77
15 21 59 60 61 63 64 73 78
15 21 59 60 61 63 64 73 76 77
15 21 59 60 61 63 64 71 72 78
15 21 59 60 61 63 64 71 72 76 77
15 21 58 59 61 63 65 73 78
15 21 58 59 61 63 65 73 76 77
15 21 58 59 61 63 65 71 72 78
15 21 58 59 61 63 65 71 72 76 77
15 21 58 59 61 63 64 73 78
15 21 58 59 61 63 64 73 76 77
15 21 58 59 61 63 64 71 72 78
15 21 58 59 61 63 64 71 72 76 77
15 21 57 59 73
15 21 57 59 73 78
15 21 57 59 73 76 77
15 21 57 59 71 72
15 21 57 59 71 72 78
15 21 57 59 71 72 76 77
15 21 51 59 60 61 63 65 73
15 21 51 59 60 61 63 65 71 72
15 21 51 59 60 61 63 64 73
15 21 51 59 60 61 63 64 71 72
15 21 51 58 59 61 63 65 73
15 21 51 58 59 61 63 65 71 72
15 21 51 58 59 61 63 64 73
15 21 51 58 59 61 63 64 71 72
15 21 51 57 59 73
15 21 51 57 59 71 72
15 21 46 59 60 61 63 65 78
15 21 46 59 60 61 63 65 76 77
15 21 46 59 60 61 63 64 78
15 21 46 59 60 61 63 64 76 77
15 21 46 58 59 61 63 65 78
15 21 46 58 59 61 63 65 76 77
15 21 46 58 59 61 63 64 78
15 21 46 58 59 61 63 64 76 77
15 21 46 57 59
15 21 46 57 59 78
15 21 46 57 59 76 77
15 21 46 51 59 60 61 63 65
15 21 46 51 59 60 61 63 64
15 21 46 51 58 59 61 63 65
15 21 46 51 58 59 61 63 64
15 21 46 51 57 59
15 21 38 59 60 61 63 73 78
15 21 38 59 60 61 63 73 76 77
15 21 38 59 60 61 63 71 72 78
15 21 38 59 60 61 63 71 72 76 77
15 21 38 58 59 61 63 73 78
15 21 38 58 59 61 63 73 76 77
15 21 38 58 59 61 63 71 72 78
15 21 38 58 59 61 63 71 72 76 77
15 21 38 51 59 60 61 63 73
15 21 38 51 59 60 61 63 71 72
15 21 38 51 58 59 61 63 73
15 21 38 51 58 59 61 63 71 72
15 21 38 46 59 60 61 63 78
15 21 38 46 59 60 61 63 76 77
15 21 38 46 58 59 61 63 78
15 21 38 46 58 59 61 63 76 77
15 21 38 46 51 59 60 61 63
15 21 38 46 51 58 59 61 63
15 21 33 59 61 63 65 73 78
15 21 33 59 61 63 65 73 76 77
15 21 33 59 61 63 65 71 72 78
15 21 33 59 61 63 65 71 72 76 77
15 21 33 59 61 63 64 73 78
15 21 33 59 61 63 64 73 76 77
15 21 33 59 61 63 64 71 72 78
15 21 33 59 61 63 64 71 72 76 77
15 21 33 51 59 61 63 65 73
15 21 33 51 59 61 63 65 71 72
15 21 33 51 59 61 63 64 73
15 21 33 51 59 61 63 64 71 72
15 21 33 46 59 61 63 65 78
15 21 33 46 59 61 63 65 76 77
15 21 33 46 59 61 63 64 78
15 21 33 46 59 61 63 64 76 77
15 21 33 46 51 59 61 63 65
15 21 33 46 51 59 61 63 64
15 21 33 38 59 61 63 73 78
15 21 33 38 59 61 63 73 76 77
15 21 33 38 59 61 63 71 72 78
15 21 33 38 59 61 63 71 72 76 77
15 21 33 38 51 59 61 63 73
15 21 33 38 51 59 61 63 71 72
15 21 33 38 46 59 61 63 78
15 21 33 38 46 59 61 63 76 77
15 21 33 38 46 51 59 61 63
14 42 57 59 73
14 42 57 59 71 72
14 42 46 57 59
14 40 41 57 59 73
14 40 41 57 59 71 72
14 40 41 46 57 59
14 15 57 59 73
14 15 57 59 71 72
14 15 46 57 59
10
10 34
9 34 68
8 9 34
3 44 59 61 73 77 78
3 44 59 61 73 76 77
3 44 59 61 73 75 78
3 44 59 61 73 75 76 78
3 44 59 61 73 74 78
3 44 59 61 73 74 76 77
3 44 59 61 71 72 77 78
3 44 59 61 71 72 76 77
3 44 59 61 71 72 75 78
3 44 59 61 71 72 75 76 78
3 44 59 61 71 72 73 74 78
3 44 59 61 71 72 73 74 76 77
3 44 59 60 61 73 75 78
3 44 59 60 61 73 75 76 77
3 44 59 60 61 73 74 78
3 44 59 60 61 73 74 76 77
3 44 59 60 61 71 72 75 78
3 44 59 60 61 71 72 75 76 77
3 44 59 60 61 71 72 73 74 78
3 44 59 60 61 71 72 73 74 76 77
3 44 51 59 61 73 77
3 44 51 59 61 73 75
3 44 51 59 61 73 75 76
3 44 51 59 61 73 74
3 44 51 59 61 71 72 77
3 44 51 59 61 71 72 75
3 44 51 59 61 71 72 75 76
3 44 51 59 61 71 72 73 74
3 44 51 59 60 61 73 75
3 44 51 59 60 61 73 74
3 44 51 59 60 61 71 72 75
3 44 51 59 60 61 71 72 73 74
3 44 50 59 61 73 78
3 44 50 59 61 73 76 77
3 44 50 59 61 71 72 78
3 44 50 59 61 71 72 76 77
3 44 50 51 59 61 73
3 44 50 51 59 61 71 72
3 44 48 59 61 73 78
3 44 48 59 61 73 76 77
3 44 48 59 61 71 72 78
3 44 48 59 61 71 72 76 77
3 44 48 59 60 61 73 78
3 44 48 59 60 61 73 76 77
3 44 48 59 60 61 71 72 78
3 44 48 59 60 61 71 72 76 77
3 44 48 51 59 61 73
3 44 48 51 59 61 71 72
3 44 48 51 59 60 61 73
3 44 48 51 59 60 61 71 72
3 44 46 59 61 77 78
3 44 46 59 61 76 77
3 44 46 59 61 75 78
3 44 46 59 61 75 76 78
3 44 46 59 61 73 74 78
3 44 46 59 61 73 74 76 77
3 44 46 59 60 61 75 78
3 44 46 59 60 61 75 76 77
3 44 46 59 60 61 73 74 78
3 44 46 59 60 61 73 74 76 77
3 44 46 51 59 61 77
3 44 46 51 59 61 75
3 44 46 51 59 61 75 76
3 44 46 51 59 61 73 74
3 44 46 51 59 60 61 75
3 44 46 51 59 60 61 73 74
3 44 46 50 59 61 78
3 44 46 50 59 61 76 77
3 44 46 50 51 59 61
3 44 46 48 59 61 78
3 44 46 48 59 61 76 77
3 44 46 48 59 60 61 78
3 44 46 48 59 60 61 76 77
3 44 46 48 51 59 61
3 44 46 48 51 59 60 61
3 42 57 59 73
3 42 57 59 73 78 79
3 42 57 59 71 72
3 42 57 59 71 72 78 79
3 42 53 57 59 73
3 42 53 57 59 71 72
3 42 46 57 59
3 42 46 57 59 78 79
3 42 46 53 57 59
3 42 43 59 61 73 77 78
3 42 43 59 61 73 76 77
3 42 43 59 61 73 75 78
3 42 43 59 61 73 75 76 78
3 42 43 59 61 73 74 78
3 42 43 59 61 73 74 76 77
3 42 43 59 61 71 72 77 78
3 42 43 59 61 71 72 76 77
3 42 43 59 61 71 72 75 78
3 42 43 59 61 71 72 75 76 78
3 42 43 59 61 71 72 73 74 78
3 42 43 59 61 71 72 73 74 76 77
3 42 43 59 60 61 73 75 78
3 42 43 59 60 61 73 75 76 77
3 42 43 59 60 61 73 74 78
3 42 43 59 60 61 73 74 76 77
3 42 43 59 60 61 71 72 75 78
3 42 43 59 60 61 71 72 75 76 77
3 42 43 59 60 61 71 72 73 74 78
3 42 43 59 60 61 71 72 73 74 76 77
3 42 43 51 59 61 73 77
3 42 43 51 59 61 73 75
3 42 43 51 59 61 73 75 76
3 42 43 51 59 61 73 74
3 42 43 51 59 61 71 72 77
3 42 43 51 59 61 71 72 75
3 42 43 51 59 61 71 72 75 76
3 42 43 51 59 61 71 72 73 74
3 42 43 51 59 60 61 73 75
3 42 43 51 59 60 61 73 74
3 42 43 51 59 60 61 71 72 75
3 42 43 51 59 60 61 71 72 73 74
3 42 43 50 59 61 73 78
3 42 43 50 59 61 73 76 77
3 42 43 50 59 61 71 72 78
3 42 43 50 59 61 71 72 76 77
3 42 43 50 51 59 61 73
3 42 43 50 51 59 61 71 72
3 42 43 48 59 61 73 78
3 42 43 48 59 61 73 76 77
3 42 43 48 59 61 71 72 78
3 42 43 48 59 61 71 72 76 77
3 42 43 48 59 60 61 73 78
3 42 43 48 59 60 61 73 76 77
3 42 43 48 59 60 61 71 72 78
3 42 43 48 59 60 61 71 72 76 77
3 42 43 48 51 59 61 73
3 42 43 48 51 59 61 71 72
3 42 43 48 51 59 60 61 73
3 42 43 48 51 59 60 61 71 72
3 42 43 46 59 61 77 78
3 42 43 46 59 61 76 77
3 42 43 46 59 61 75 78
3 42 43 46 59 61 75 76 78
3 42 43 46 59 61 73 74 78
3 42 43 46 59 61 73 74 76 77
3 42 43 46 59 60 61 75 78
3 42 43 46 59 60 61 75 76 77
3 42 43 46 59 60 61 73 74 78
3 42 43 46 59 60 61 73 74 76 77
3 42 43 46 51 59 61 77
3 42 43 46 51 59 61 75
3 42 43 46 51 59 61 75 76
3 42 43 46 51 59 61 73 74
3 42 43 46 51 59 60 61 75
3 42 43 46 51 59 60 61 73 74
3 42 43 46 50 59 61 78
3 42 43 46 50 59 61 76 77
3 42 43 46 50 51 59 61
3 42 43 46 48 59 61 78
3 42 43 46 48 59 61 76 77
3 42 43 46 48 59 60 61 78
3 42 43 46 48 59 60 61 76 77
3 42 43 46 48 51 59 61
3 42 43 46 48 51 59 60 61
3 40 41 57 59 73
3 40 41 57 59 73 78 79
3 40 41 57 59 71 72
3 40 41 57 59 71 72 78 79
3 40 41 53 57 59 73
3 40 41 53 57 59 71 72
3 40 41 46 57 59
3 40 41 46 57 59 78 79
3 40 41 46 53 57 59
3 34 44 59 61 73 75 78
3 34 44 59 61 73 75 76 77
3 34 44 59 61 73 74 78
3 34 44 59 61 73 74 76 77
3 34 44 59 61 71 72 75 78
3 34 44 59 61 71 72 75 76 77
3 34 44 59 61 71 72 73 74 78
3 34 44 59 61 71 72 73 74 76 77
3 34 44 51 59 61 73 75
3 34 44 51 59 61 73 74
3 34 44 51 59 61 71 72 75
3 34 44 51 59 61 71 72 73 74
3 34 44 48 59 61 73 78
3 34 44 48 59 61 73 76 77
3 34 44 48 59 61 71 72 78
3 34 44 48 59 61 71 72 76 77
3 34 44 48 51 59 61 73
3 34 44 48 51 59 61 71 72
3 34 44 46 59 61 75 78
3 34 44 46 59 61 75 76 77
3 34 44 46 59 61 73 74 78
3 34 44 46 59 61 73 74 76 77
3 34 44 46 51 59 61 75
3 34 44 46 51 59 61 73 74
3 34 44 46 48 59 61 78
3 34 44 46 48 59 61 76 77
3 34 44 46 48 51 59 61
3 34 42 43 59 61 73 75 78
3 34 42 43 59 61 73 75 76 77
3 34 42 43 59 61 73 74 78
3 34 42 43 59 61 73 74 76 77
3 34 42 43 59 61 71 72 75 78
3 34 42 43 59 61 71 72 75 76 77
3 34 42 43 59 61 71 72 73 74 78
3 34 42 43 59 61 71 72 73 74 76 77
3 34 42 43 51 59 61 73 75
3 34 42 43 51 59 61 73 74
3 34 42 43 51 59 61 71 72 75
3 34 42 43 51 59 61 71 72 73 74
3 34 42 43 48 59 61 73 78
3 34 42 43 48 59 61 73 76 77
3 34 42 43 48 59 61 71 72 78
3 34 42 43 48 59 61 71 72 76 77
3 34 42 43 48 51 59 61 73
3 34 42 43 48 51 59 61 71 72
3 34 42 43 46 59 61 75 78
3 34 42 43 46 59 61 75 76 77
3 34 42 43 46 59 61 73 74 78
3 34 42 43 46 59 61 73 74 76 77
3 34 42 43 46 51 59 61 75
3 34 42 43 46 51 59 61 73 74
3 34 42 43 46 48 59 61 78
3 34 42 43 46 48 59 61 76 77
3 34 42 43 46 48 51 59 61
3 17 59 61 73 77 78
3 17 59 61 73 76 77
3 17 59 61 73 75 78
3 17 59 61 73 75 76 78
3 17 59 61 73 74 78
3 17 59 61 73 74 76 77
3 17 59 61 71 72 77 78
3 17 59 61 71 72 76 77
3 17 59 61 71 72 75 78
3 17 59 61 71 72 75 76 78
3 17 59 61 71 72 73 74 78
3 17 59 61 71 72 73 74 76 77
3 17 59 60 61 73 75 78
3 17 59 60 61 73 75 76 77
3 17 59 60 61 73 74 78
3 17 59 60 61 73 74 76 77
3 17 59 60 61 71 72 75 78
3 17 59 60 61 71 72 75 76 77
3 17 59 60 61 71 72 73 74 78
3 17 59 60 61 71 72 73 74 76 77
3 17 51 59 61 73 77
3 17 51 59 61 73 75
3 17 51 59 61 73 75 76
3 17 51 59 61 73 74
3 17 51 59 61 71 72 77
3 17 51 59 61 71 72 75
3 17 51 59 61 71 72 75 76
3 17 51 59 61 71 72 73 74
3 17 51 59 60 61 73 75
3 17 51 59 60 61 73 74
3 17 51 59 60 61 71 72 75
3 17 51 59 60 61 71 72 73 74
3 17 50 59 61 73 78
3 17 50 59 61 73 76 77
3 17 50 59 61 71 72 78
3 17 50 59 61 71 72 76 77
3 17 50 51 59 61 73
3 17 50 51 59 61 71 72
3 17 48 59 61 73 78
3 17 48 59 61 73 76 77
3 17 48 59 61 71 72 78
3 17 48 59 61 71 72 76 77
3 17 48 59 60 61 73 78
3 17 48 59 60 61 73 76 77
3 17 48 59 60 61 71 72 78
3 17 48 59 60 61 71 72 76 77
3 17 48 51 59 61 73
3 17 48 51 59 61 71 72
3 17 48 51 59 60 61 73
3 17 48 51 59 60 61 71 72
3 17 46 59 61 77 78
3 17 46 59 61 76 77
3 17 46 59 61 75 78
3 17 46 59 61 75 76 78
3 17 46 59 61 73 74 78
3 17 46 59 61 73 74 76 77
3 17 46 59 60 61 75 78
3 17 46 59 60 61 75 76 77
3 17 46 59 60 61 73 74 78
3 17 46 59 60 61 73 74 76 77
3 17 46 51 59 61 77
3 17 46 51 59 61 75
3 17 46 51 59 61 75 76
3 17 46 51 59 61 73 74
3 17 46 51 59 60 61 75
3 17 46 51 59 60 61 73 74
3 17 46 50 59 61 78
3 17 46 50 59 61 76 77
3 17 46 50 51 59 61
3 17 46 48 59 61 78
3 17 46 48 59 61 76 77
3 17 46 48 59 60 61 78
3 17 46 48 59 60 61 76 77
3 17 46 48 51 59 61
3 17 46 48 51 59 60 61
3 17 34 59 61 73 75 78
3 17 34 59 61 73 75 76 77
3 17 34 59 61 73 74 78
3 17 34 59 61 73 74 76 77
3 17 34 59 61 71 72 75 78
3 17 34 59 61 71 72 75 76 77
3 17 34 59 61 71 72 73 74 78
3 17 34 59 61 71 72 73 74 76 77
3 17 34 51 59 61 73 75
3 17 34 51 59 61 73 74
3 17 34 51 59 61 71 72 75
3 17 34 51 59 61 71 72 73 74
3 17 34 48 59 61 73 78
3 17 34 48 59 61 73 76 77
3 17 34 48 59 61 71 72 78
3 17 34 48 59 61 71 72 76 77
3 17 34 48 51 59 61 73
3 17 34 48 51 59 61 71 72
3 17 34 46 59 61 75 78
3 17 34 46 59 61 75 76 77
3 17 34 46 59 61 73 74 78
3 17 34 46 59 61 73 74 76 77
3 17 34 46 51 59 61 75
3 17 34 46 51 59 61 73 74
3 17 34 46 48 59 61 78
3 17 34 46 48 59 61 76 77
3 17 34 46 48 51 59 61
3 15 57 59 73
3 15 57 59 73 78 79
3 15 57 59 71 72
3 15 57 59 71 72 78 79
3 15 53 57 59 73
3 15 53 57 59 71 72
3 15 46 57 59
3 15 46 57 59 78 79
3 15 46 53 57 59
2 42 57 59 63 73 78
2 42 57 59 63 73 76 77
2 42 57 59 63 71 72 78
2 42 57 59 63 71 72 76 77
2 42 57 59 61 62 73 78
2 42 57 59 61 62 73 76 77
2 42 57 59 61 62 71 72 78
2 42 57 59 61 62 71 72 76 77
2 42 51 57 59 63 73
2 42 51 57 59 63 71 72
2 42 51 57 59 61 62 73
2 42 51 57 59 61 62 71 72
2 42 46 57 59 63 78
2 42 46 57 59 63 76 77
2 42 46 57 59 61 62 78
2 42 46 57 59 61 62 76 77
2 42 46 51 57 59 63
2 42 46 51 57 59 61 62
2 40 41 57 59 63 73 78
2 40 41 57 59 63 73 76 77
2 40 41 57 59 63 71 72 78
2 40 41 57 59 63 71 72 76 77
2 40 41 57 59 61 62 73 78
2 40 41 57 59 61 62 73 76 77
2 40 41 57 59 61 62 71 72 78
2 40 41 57 59 61 62 71 72 76 77
2 40 41 51 57 59 63 73
2 40 41 51 57 59 63 71 72
2 40 41 51 57 59 61 62 73
2 40 41 51 57 59 61 62 71 72
2 40 41 46 57 59 63 78
2 40 41 46 57 59 63 76 77
2 40 41 46 57 59 61 62 78
2 40 41 46 57 59 61 62 76 77
2 40 41 46 51 57 59 63
2 40 41 46 51 57 59 61 62
2 36 42 57 59 73 78
2 36 42 57 59 73 76 77
2 36 42 57 59 71 72 78
2 36 42 57 59 71 72 76 77
2 36 42 51 57 59 73
2 36 42 51 57 59 71 72
2 36 42 46 57 59 78
2 36 42 46 57 59 76 77
2 36 42 46 51 57 59
2 36 40 41 57 59 73 78
2 36 40 41 57 59 73 76 77
2 36 40 41 57 59 71 72 78
2 36 40 41 57 59 71 72 76 77
2 36 40 41 51 57 59 73
2 36 40 41 51 57 59 71 72
2 36 40 41 46 57 59 78
2 36 40 41 46 57 59 76 77
2 36 40 41 46 51 57 59
2 15 57 59 63 73 78
2 15 57 59 63 73 76 77
2 15 57 59 63 71 72 78
2 15 57 59 63 71 72 76 77
2 15 57 59 61 62 73 78
2 15 57 59 61 62 73 76 77
2 15 57 59 61 62 71 72 78
2 15 57 59 61 62 71 72 76 77
2 15 51 57 59 63 73
2 15 51 57 59 63 71 72
2 15 51 57 59 61 62 73
2 15 51 57 59 61 62 71 72
2 15 46 57 59 63 78
2 15 46 57 59 63 76 77
2 15 46 57 59 61 62 78
2 15 46 57 59 61 62 76 77
2 15 46 51 57 59 63
2 15 46 51 57 59 61 62
2 15 36 57 59 73 78
2 15 36 57 59 73 76 77
2 15 36 57 59 71 72 78
2 15 36 57 59 71 72 76 77
2 15 36 51 57 59 73
2 15 36 51 57 59 71 72
2 15 36 46 57 59 78
2 15 36 46 57 59 76 77
2 15 36 46 51 57 59
1 67
1 67 69
1 67 68
1 65 66
1 65 66 69
1 65 66 67 68
1 61 69
1 61 67 78 79
1 61 67 73 78 79
1 61 67 71 72 78 79
1 61 67 69
1 61 65 66 78 79
1 61 65 66 73 78 79
1 61 65 66 71 72 78 79
1 61 65 66 69
1 61 65 66 67 68
1 59 69 78 79
1 59 67 78 79
1 59 67 68 78 79
1 59 65 66 78 79
1 59 61 69
1 59 61 67 68
1 53 61 67
1 53 61 67 73
1 53 61 67 71 72
1 53 61 65 66
1 53 61 65 66 73
1 53 61 65 66 71 72
1 53 59 69
1 53 59 67
1 53 59 67 68
1 53 59 65 66
1 46 61 67 78 79
1 46 61 65 66 78 79
1 46 53 61 67
1 46 53 61 65 66
1 42 67
1 42 65 66
1 42 61
1 42 61 67
1 42 61 65 66
1 42 59 78 79
1 42 59 61
1 42 53 59
1 40
1 40 69
1 40 67 68
1 40 61 78 79
1 40 61 73 78 79
1 40 61 71 72 78 79
1 40 61 69
1 40 61 67 68
1 40 59 78 79
1 40 53 61
1 40 53 61 73
1 40 53 61 71 72
1 40 53 59
1 40 46 61 78 79
1 40 46 53 61
1 40 42
1 40 42 61
1 34
1 20
0 34 68

