42 57 59 61 73
42 57 59 61 71 72
42 48 57 59 61 73
42 48 57 59 61 71 72
42 48 57 59 60 73
42 48 57 59 60 71 72
42 46 57 59 61
42 46 48 57 59 61
42 46 48 57 59 60
42 46 47 57 59 61
42 46 47 57 59 61 73
42 46 47 57 59 61 71 72
42 46 47 57 59 60
42 46 47 57 59 60 73
42 46 47 57 59 60 71 72
40 41 57 59 61 73
40 41 57 59 61 71 72
40 41 48 57 59 61 73
40 41 48 57 59 61 71 72
40 41 48 57 59 60 73
40 41 48 57 59 60 71 72
40 41 46 57 59 61
40 41 46 48 57 59 61
40 41 46 48 57 59 60
40 41 46 47 57 59 61
40 41 46 47 57 59 61 73
40 41 46 47 57 59 61 71 72
40 41 46 47 57 59 60
40 41 46 47 57 59 60 73
40 41 46 47 57 59 60 71 72
34 42 57 59 73
34 42 57 59 71 72
34 42 48 57 59 73
34 42 48 57 59 71 72
34 42 46 57 59
34 42 46 48 57 59
34 42 46 47 57 59
34 42 46 47 57 59 73
34 42 46 47 57 59 71 72
34 40 41 57 59 73
34 40 41 57 59 71 72
34 40 41 48 57 59 73
34 40 41 48 57 59 71 72
34 40 41 46 57 59
34 40 41 46 48 57 59
34 40 41 46 47 57 59
34 40 41 46 47 57 59 73
34 40 41 46 47 57 59 71 72
21 42 57 59 61 73
21 42 57 59 61 71 72
21 42 57 59 60 73
21 42 57 59 60 71 72
21 42 46 57 59 61
21 42 46 57 59 60
21 40 41 57 59 61 73
21 40 41 57 59 61 71 72
21 40 41 57 59 60 73
21 40 41 57 59 60 71 72
21 40 41 46 57 59 61
21 40 41 46 57 59 60
21 34 42 57 59 73
21 34 42 57 59 71 72
21 34 42 46 57 59
21 34 40 41 57 59 73
21 34 40 41 57 59 71 72
21 34 40 41 46 57 59
15 57 59 61 73
15 57 59 61 71 72
15 48 57 59 61 73
15 48 57 59 61 71 72
15 48 57 59 60 73
15 48 57 59 60 71 72
15 46 57 59 61
15 46 48 57 59 61
15 46 48 57 59 60
15 46 47 57 59 61
15 46 47 57 59 61 73
15 46 47 57 59 61 71 72
15 46 47 57 59 60
15 46 47 57 59 60 73
15 46 47 57 59 60 71 72
15 34 57 59 73
15 34 57 59 71 72
15 34 48 57 59 73
15 34 48 57 59 71 72
15 34 46 57 59
15 34 46 48 57 59
15 34 46 47 57 59
15 34 46 47 57 59 73
15 34 46 47 57 59 71 72
15 21 57 59 61 73
15 21 57 59 61 71 72
15 21 57 59 60 73
15 21 57 59 60 71 72
15 21 46 57 59 61
15 21 46 57 59 60
15 21 34 57 59 73
15 21 34 57 59 71 72
15 21 34 46 57 59
44 59 61 63 73 78 79
44 59 61 63 71 72 78 79
44 59 61 62 73 78 79
44 59 61 62 71 72 78 79
44 53 59 61 63 73
44 53 59 61 63 71 72
44 53 59 61 62 73
44 53 59 61 62 71 72
44 46 59 61 63 78 79
44 46 59 61 62 78 79
44 46 53 59 61 63
44 46 53 59 61 62
42 59 61 63 73 78 79
42 59 61 63 71 72 78 79
42 59 61 62 73 78 79
42 59 61 62 71 72 78 79
42 53 59 61 63 73
42 53 59 61 63 71 72
42 53 59 61 62 73
42 53 59 61 62 71 72
42 46 59 61 63 78 79
42 46 59 61 62 78 79
42 46 53 59 61 63
42 46 53 59 61 62
42 43 59 61 63 73 78 79
42 43 59 61 63 71 72 78 79
42 43 59 61 62 73 78 79
42 43 59 61 62 71 72 78 79
42 43 53 59 61 63 73
42 43 53 59 61 63 71 72
42 43 53 59 61 62 73
42 43 53 59 61 62 71 72
42 43 46 59 61 63 78 79
42 43 46 59 61 62 78 79
42 43 46 53 59 61 63
42 43 46 53 59 61 62
40 41 59 61 63 73 78 79
40 41 59 61 63 71 72 78 79
40 41 59 61 62 73 78 79
40 41 59 61 62 71 72 78 79
40 41 53 59 61 63 73
40 41 53 59 61 63 71 72
40 41 53 59 61 62 73
40 41 53 59 61 62 71 72
40 41 46 59 61 63 78 79
40 41 46 59 61 62 78 79
40 41 46 53 59 61 63
40 41 46 53 59 61 62
36 44 59 61 73 78 79
36 44 59 61 71 72 78 79
36 44 53 59 61 73
36 44 53 59 61 71 72
36 44 46 59 61 78 79
36 44 46 53 59 61
36 42 59 61 73 78 79
36 42 59 61 71 72 78 79
36 42 53 59 61 73
36 42 53 59 61 71 72
36 42 46 59 61 78 79
36 42 46 53 59 61
36 42 43 59 61 73 78 79
36 42 43 59 61 71 72 78 79
36 42 43 53 59 61 73
36 42 43 53 59 61 71 72
36 42 43 46 59 61 78 79
36 42 43 46 53 59 61
36 40 41 59 61 73 78 79
36 40 41 59 61 71 72 78 79
36 40 41 53 59 61 73
36 40 41 53 59 61 71 72
36 40 41 46 59 61 78 79
36 40 41 46 53 59 61
17 59 61 63 73 78 79
17 59 61 63 71 72 78 79
17 59 61 62 73 78 79
17 59 61 62 71 72 78 79
17 53 59 61 63 73
17 53 59 61 63 71 72
17 53 59 61 62 73
17 53 59 61 62 71 72
17 46 59 61 63 78 79
17 46 59 61 62 78 79
17 46 53 59 61 63
17 46 53 59 61 62
17 36 59 61 73 78 79
17 36 59 61 71 72 78 79
17 36 53 59 61 73
17 36 53 59 61 71 72
17 36 46 59 61 78 79
17 36 46 53 59 61
15 59 61 63 73 78 79
15 59 61 63 71 72 78 79
15 59 61 62 73 78 79
15 59 61 62 71 72 78 79
15 53 59 61 63 73
15 53 59 61 63 71 72
15 53 59 61 62 73
15 53 59 61 62 71 72
15 46 59 61 63 78 79
15 46 59 61 62 78 79
15 46 53 59 61 63
15 46 53 59 61 62
15 36 59 61 73 78 79
15 36 59 61 71 72 78 79
15 36 53 59 61 73
15 36 53 59 61 71 72
15 36 46 59 61 78 79
15 36 46 53 59 61
42 58 59 61 73 78
42 58 59 61 73 76 77
42 58 59 61 71 72 78
42 58 59 61 71 72 76 77
42 58 59 60 61 73 78
42 58 59 60 61 73 76 77
42 58 59 60 61 71 72 78
42 58 59 60 61 71 72 76 77
42 51 58 59 61 73
42 51 58 59 61 71 72
42 51 58 59 60 61 73
42 51 58 59 60 61 71 72
42 46 58 59 61 78
42 46 58 59 61 76 77
42 46 58 59 60 61 78
42 46 58 59 60 61 76 77
42 46 51 58 59 61
42 46 51 58 59 60 61
40 41 58 59 61 73 78
40 41 58 59 61 73 76 77
40 41 58 59 61 71 72 78
40 41 58 59 61 71 72 76 77
40 41 58 59 60 61 73 78
40 41 58 59 60 61 73 76 77
40 41 58 59 60 61 71 72 78
40 41 58 59 60 61 71 72 76 77
40 41 51 58 59 61 73
40 41 51 58 59 61 71 72
40 41 51 58 59 60 61 73
40 41 51 58 59 60 61 71 72
40 41 46 58 59 61 78
40 41 46 58 59 61 76 77
40 41 46 58 59 60 61 78
40 41 46 58 59 60 61 76 77
40 41 46 51 58 59 61
40 41 46 51 58 59 60 61
34 42 59 60 61 73 78
34 42 59 60 61 73 76 77
34 42 59 60 61 71 72 78
34 42 59 60 61 71 72 76 77
34 42 58 59 61 73 78
34 42 58 59 61 73 76 77
34 42 58 59 61 71 72 78
34 42 58 59 61 71 72 76 77
34 42 51 59 60 61 73
34 42 51 59 60 61 71 72
34 42 51 58 59 61 73
34 42 51 58 59 61 71 72
34 42 46 59 60 61 78
34 42 46 59 60 61 76 77
34 42 46 58 59 61 78
34 42 46 58 59 61 76 77
34 42 46 51 59 60 61
34 42 46 51 58 59 61
34 40 41 59 60 61 73 78
34 40 41 59 60 61 73 76 77
34 40 41 59 60 61 71 72 78
34 40 41 59 60 61 71 72 76 77
34 40 41 58 59 61 73 78
34 40 41 58 59 61 73 76 77
34 40 41 58 59 61 71 72 78
34 40 41 58 59 61 71 72 76 77
34 40 41 51 59 60 61 73
34 40 41 51 59 60 61 71 72
34 40 41 51 58 59 61 73
34 40 41 51 58 59 61 71 72
34 40 41 46 59 60 61 78
34 40 41 46 59 60 61 76 77
34 40 41 46 58 59 61 78
34 40 41 46 58 59 61 76 77
34 40 41 46 51 59 60 61
34 40 41 46 51 58 59 61
33 42 59 61 73 78
33 42 59 61 73 76 77
33 42 59 61 71 72 78
33 42 59 61 71 72 76 77
33 42 59 60 61 73 78
33 42 59 60 61 73 76 77
33 42 59 60 61 71 72 78
33 42 59 60 61 71 72 76 77
33 42 51 59 61 73
33 42 51 59 61 71 72
33 42 51 59 60 61 73
33 42 51 59 60 61 71 72
33 42 46 59 61 78
33 42 46 59 61 76 77
33 42 46 59 60 61 78
33 42 46 59 60 61 76 77
33 42 46 51 59 61
33 42 46 51 59 60 61
33 40 41 59 61 73 78
33 40 41 59 61 73 76 77
33 40 41 59 61 71 72 78
33 40 41 59 61 71 72 76 77
33 40 41 59 60 61 73 78
33 40 41 59 60 61 73 76 77
33 40 41 59 60 61 71 72 78
33 40 41 59 60 61 71 72 76 77
33 40 41 51 59 61 73
33 40 41 51 59 61 71 72
33 40 41 51 59 60 61 73
33 40 41 51 59 60 61 71 72
33 40 41 46 59 61 78
33 40 41 46 59 61 76 77
33 40 41 46 59 60 61 78
33 40 41 46 59 60 61 76 77
33 40 41 46 51 59 61
33 40 41 46 51 59 60 61
33 34 42 59 61 73 78
33 34 42 59 61 73 76 77
33 34 42 59 61 71 72 78
33 34 42 59 61 71 72 76 77
33 34 42 51 59 61 73
33 34 42 51 59 61 71 72
33 34 42 46 59 61 78
33 34 42 46 59 61 76 77
33 34 42 46 51 59 61
33 34 40 41 59 61 73 78
33 34 40 41 59 61 73 76 77
33 34 40 41 59 61 71 72 78
33 34 40 41 59 61 71 72 76 77
33 34 40 41 51 59 61 73
33 34 40 41 51 59 61 71 72
33 34 40 41 46 59 61 78
33 34 40 41 46 59 61 76 77
33 34 40 41 46 51 59 61
15 58 59 61 73 78
15 58 59 61 73 76 77
15 58 59 61 71 72 78
15 58 59 61 71 72 76 77
15 58 59 60 61 73 78
15 58 59 60 61 73 76 77
15 58 59 60 61 71 72 78
15 58 59 60 61 71 72 76 77
15 51 58 59 61 73
15 51 58 59 61 71 72
15 51 58 59 60 61 73
15 51 58 59 60 61 71 72
15 46 58 59 61 78
15 46 58 59 61 76 77
15 46 58 59 60 61 78
15 46 58 59 60 61 76 77
15 46 51 58 59 61
15 46 51 58 59 60 61
15 34 59 60 61 73 78
15 34 59 60 61 73 76 77
15 34 59 60 61 71 72 78
15 34 59 60 61 71 72 76 77
15 34 58 59 61 73 78
15 34 58 59 61 73 76 77
15 34 58 59 61 71 72 78
15 34 58 59 61 71 72 76 77
15 34 51 59 60 61 73
15 34 51 59 60 61 71 72
15 34 51 58 59 61 73
15 34 51 58 59 61 71 72
15 34 46 59 60 61 78
15 34 46 59 60 61 76 77
15 34 46 58 59 61 78
15 34 46 58 59 61 76 77
15 34 46 51 59 60 61
15 34 46 51 58 59 61
15 33 59 61 73 78
15 33 59 61 73 76 77
15 33 59 61 71 72 78
15 33 59 61 71 72 76 77
15 33 59 60 61 73 78
15 33 59 60 61 73 76 77
15 33 59 60 61 71 72 78
15 33 59 60 61 71 72 76 77
15 33 51 59 61 73
15 33 51 59 61 71 72
15 33 51 59 60 61 73
15 33 51 59 60 61 71 72
15 33 46 59 61 78
15 33 46 59 61 76 77
15 33 46 59 60 61 78
15 33 46 59 60 61 76 77
15 33 46 51 59 61
15 33 46 51 59 60 61
15 33 34 59 61 73 78
15 33 34 59 61 73 76 77
15 33 34 59 61 71 72 78
15 33 34 59 61 71 72 76 77
15 33 34 51 59 61 73
15 33 34 51 59 61 71 72
15 33 34 46 59 61 78
15 33 34 46 59 61 76 77
15 33 34 46 51 59 61
42 59 73
42 59 73 75
42 59 73 74
42 59 71 72
42 59 71 72 75
42 59 71 72 73 74
42 59 63 73
42 59 63 71 72
42 59 61 75
42 59 61 73 78
42 59 61 73 76 77
42 59 61 72 73
42 59 61 71 72 78
42 59 61 71 72 76 77
42 59 61 71 72 74
42 59 61 71 72 73
42 59 60 61
42 58 59 61
42 51 59 61 73
42 51 59 61 71 72
42 48 59 73
42 48 59 71 72
42 48 59 61
42 47 59 61 73
42 47 59 61 71 72
42 46 59
42 46 59 75
42 46 59 73 74
42 46 59 63
42 46 59 61 78
42 46 59 61 76 77
42 46 59 61 74
42 46 59 61 72 73
42 46 51 59 61
42 46 48 59
42 46 47 59 61
40 41 59 73
40 41 59 73 75
40 41 59 73 74
40 41 59 71 72
40 41 59 71 72 75
40 41 59 71 72 73 74
40 41 59 63 73
40 41 59 63 71 72
40 41 59 61 75
40 41 59 61 73
40 41 59 61 73 78
40 41 59 61 73 76 77
40 41 59 61 72 73
40 41 59 61 71 72
40 41 59 61 71 72 78
40 41 59 61 71 72 76 77
40 41 59 61 71 72 74
40 41 59 61 71 72 73
40 41 59 60 61
40 41 58 59 61
40 41 51 59 61 73
40 41 51 59 61 71 72
40 41 48 59 73
40 41 48 59 71 72
40 41 48 59 61
40 41 47 59 61 73
40 41 47 59 61 71 72
40 41 46 59
40 41 46 59 75
40 41 46 59 73 74
40 41 46 59 63
40 41 46 59 61
40 41 46 59 61 78
40 41 46 59 61 76 77
40 41 46 59 61 74
40 41 46 59 61 72 73
40 41 46 51 59 61
40 41 46 48 59
40 41 46 47 59 61
33 42 59 61
33 40 41 59 61
17 42 59 61 73
17 42 59 61 71 72
17 42 46 59 61
17 40 41 59 61 73
17 40 41 59 61 71 72
17 40 41 46 59 61
15 59 73
15 59 73 75
15 59 73 74
15 59 71 72
15 59 71 72 75
15 59 71 72 73 74
15 59 63 73
15 59 63 71 72
15 59 61 75
15 59 61 73
15 59 61 73 78
15 59 61 73 76 77
15 59 61 72 73
15 59 61 71 72
15 59 61 71 72 78
15 59 61 71 72 76 77
15 59 61 71 72 74
15 59 61 71 72 73
15 59 60 61
15 58 59 61
15 51 59 61 73
15 51 59 61 71 72
15 48 59 73
15 48 59 71 72
15 48 59 61
15 47 59 61 73
15 47 59 61 71 72
15 46 59
15 46 59 75
15 46 59 73 74
15 46 59 63
15 46 59 61
15 46 59 61 78
15 46 59 61 76 77
15 46 59 61 74
15 46 59 61 72 73
15 46 51 59 61
15 46 48 59
15 46 47 59 61
15 33 59 61
15 17 59 61 73
15 17 59 61 71 72
15 17 46 59 61
17 59 61 65 71 72 78
17 59 61 65 71 72 76 77
17 59 61 63 64 71 72 78
17 59 61 63 64 71 72 76 77
17 51 59 61 65 71 72
17 51 59 61 63 64 71 72
17 38 59 61 71 72 78
17 38 59 61 71 72 76 77
17 38 51 59 61 71 72
57 59 61 73
57 59 61 71 72
57 59 60 61 73
57 59 60 61 71 72
46 57 59 61
46 57 59 60 61
34 57 59 61 73
34 57 59 61 71 72
34 46 57 59 61
44 59 61 65 73 78
44 59 61 65 73 76 77
44 59 61 63 64 73 78
44 59 61 63 64 73 76 77
44 51 59 61 65 73
44 51 59 61 63 64 73
44 46 59 61 65 78
44 46 59 61 65 76 77
44 46 59 61 63 64 78
44 46 59 61 63 64 76 77
44 46 51 59 61 65
44 46 51 59 61 63 64
38 44 59 61 73 78
38 44 59 61 73 76 77
38 44 51 59 61 73
38 44 46 59 61 78
38 44 46 59 61 76 77
38 44 46 51 59 61
57 61 73 78 79
57 61 71 72 78 79
57 59 61 73 78 79
57 59 61 71 72 78 79
53 57 61 73
53 57 61 71 72
53 57 59 61 73
53 57 59 61 71 72
46 57 61 78 79
46 57 59 61 78 79
46 53 57 61
46 53 57 59 61
34 57 61 73 78 79
34 57 61 71 72 78 79
34 53 57 61 73
34 53 57 61 71 72
34 46 57 61 78 79
34 46 53 57 61
42 59 60 61 73
42 59 60 61 71 72
42 46 59 60 61
40 41 59 60 61 73
40 41 59 60 61 71 72
40 41 46 59 60 61
34 42 59 61 73
34 42 59 61 71 72
34 42 46 59 61
34 40 41 59 61 73
34 40 41 59 61 71 72
34 40 41 46 59 61
15 59 60 61 73
15 59 60 61 71 72
15 46 59 60 61
15 34 59 61 73
15 34 59 61 71 72
15 34 46 59 61
42 57 59 61 73 78 79
42 57 59 61 71 72 78 79
42 57 59 60 73 78 79
42 57 59 60 71 72 78 79
42 53 57 59 61 73
42 53 57 59 61 71 72
42 53 57 59 60 73
42 53 57 59 60 71 72
42 46 57 59 61 78 79
42 46 57 59 60 78 79
42 46 53 57 59 61
42 46 53 57 59 60
40 41 57 59 61 73 78 79
40 41 57 59 61 71 72 78 79
40 41 57 59 60 73 78 79
40 41 57 59 60 71 72 78 79
40 41 53 57 59 61 73
40 41 53 57 59 61 71 72
40 41 53 57 59 60 73
40 41 53 57 59 60 71 72
40 41 46 57 59 61 78 79
40 41 46 57 59 60 78 79
40 41 46 53 57 59 61
40 41 46 53 57 59 60
34 42 57 59 73 78 79
34 42 57 59 71 72 78 79
34 42 53 57 59 73
34 42 53 57 59 71 72
34 42 46 57 59 78 79
34 42 46 53 57 59
34 40 41 57 59 73 78 79
34 40 41 57 59 71 72 78 79
34 40 41 53 57 59 73
34 40 41 53 57 59 71 72
34 40 41 46 57 59 78 79
34 40 41 46 53 57 59
15 57 59 61 73 78 79
15 57 59 61 71 72 78 79
15 57 59 60 73 78 79
15 57 59 60 71 72 78 79
15 53 57 59 61 73
15 53 57 59 61 71 72
15 53 57 59 60 73
15 53 57 59 60 71 72
15 46 57 59 61 78 79
15 46 57 59 60 78 79
15 46 53 57 59 61
15 46 53 57 59 60
15 34 57 59 73 78 79
15 34 57 59 71 72 78 79
15 34 53 57 59 73
15 34 53 57 59 71 72
15 34 46 57 59 78 79
15 34 46 53 57 59
42 57 59 60 61 73
42 57 59 60 61 71 72
42 46 57 59 60 61
40 41 57 59 60 61 73
40 41 57 59 60 61 71 72
40 41 46 57 59 60 61
15 57 59 60 61 73
15 57 59 60 61 71 72
15 46 57 59 60 61
44 59 61 63 64 71 72 78
44 59 61 63 64 71 72 76 77
44 51 59 61 63 64 71 72
42 43 59 61 63 64 73 78
42 43 59 61 63 64 73 76 77
42 43 59 61 63 64 71 72 78
42 43 59 61 63 64 71 72 76 77
42 43 51 59 61 63 64 73
42 43 51 59 61 63 64 71 72
42 43 46 59 61 63 64 78
42 43 46 59 61 63 64 76 77
42 43 46 51 59 61 63 64
17 59 61 63 64 73 78
17 59 61 63 64 73 76 77
17 51 59 61 63 64 73
17 46 59 61 63 64 78
17 46 59 61 63 64 76 77
17 46 51 59 61 63 64
42 59 61 63 73
42 59 61 63 71 72
42 46 59 61 63
40 41 59 61 63 73
40 41 59 61 63 71 72
40 41 46 59 61 63
36 42 59 61 73
36 42 59 61 71 72
36 42 46 59 61
36 40 41 59 61 73
36 40 41 59 61 71 72
36 40 41 46 59 61
15 59 61 63 73
15 59 61 63 71 72
15 46 59 61 63
15 36 59 61 73
15 36 59 61 71 72
15 36 46 59 61
34 42 57 73
34 42 57 71 72
34 42 57 61 73
34 42 57 61 71 72
34 42 46 57
34 42 46 57 61
34 40 41 57 73
34 40 41 57 71 72
34 40 41 57 61 73
34 40 41 57 61 71 72
34 40 41 46 57
34 40 41 46 57 61
15 34 57 73
15 34 57 71 72
15 34 57 61 73
15 34 57 61 71 72
15 34 46 57
15 34 46 57 61
15 59 61 64 73 78
15 59 61 64 73 76 77
15 59 61 64 71 72 78
15 59 61 64 71 72 76 77
15 59 61 62 63 73 78
15 59 61 62 63 73 76 77
15 59 61 62 63 71 72 78
15 59 61 62 63 71 72 76 77
15 59 60 61 64 73 78
15 59 60 61 64 73 76 77
15 59 60 61 64 71 72 78
15 59 60 61 64 71 72 76 77
15 59 60 61 62 63 73 78
15 59 60 61 62 63 73 76 77
15 59 60 61 62 63 71 72 78
15 59 60 61 62 63 71 72 76 77
15 51 59 61 64 73
15 51 59 61 64 71 72
15 51 59 61 62 63 73
15 51 59 61 62 63 71 72
15 51 59 60 61 64 73
15 51 59 60 61 64 71 72
15 51 59 60 61 62 63 73
15 51 59 60 61 62 63 71 72
15 49 59 61 73 78
15 49 59 61 73 76 77
15 49 59 61 71 72 78
15 49 59 61 71 72 76 77
15 49 59 60 61 73 78
15 49 59 60 61 73 76 77
15 49 59 60 61 71 72 78
15 49 59 60 61 71 72 76 77
15 49 51 59 61 73
15 49 51 59 61 71 72
15 49 51 59 60 61 73
15 49 51 59 60 61 71 72
15 47 48 59 61 73 78
15 47 48 59 61 73 76 77
15 47 48 59 61 71 72 78
15 47 48 59 61 71 72 76 77
15 47 48 59 60 61 73 78
15 47 48 59 60 61 73 76 77
15 47 48 59 60 61 71 72 78
15 47 48 59 60 61 71 72 76 77
15 47 48 51 59 61 73
15 47 48 51 59 61 71 72
15 47 48 51 59 60 61 73
15 47 48 51 59 60 61 71 72
15 46 59 61 64 78
15 46 59 61 64 76 77
15 46 59 61 62 63 78
15 46 59 61 62 63 76 77
15 46 59 60 61 64 78
15 46 59 60 61 64 76 77
15 46 59 60 61 62 63 78
15 46 59 60 61 62 63 76 77
15 46 51 59 61 64
15 46 51 59 61 62 63
15 46 51 59 60 61 64
15 46 51 59 60 61 62 63
15 46 49 59 61 78
15 46 49 59 61 76 77
15 46 49 59 60 61 78
15 46 49 59 60 61 76 77
15 46 49 51 59 61
15 46 49 51 59 60 61
15 46 47 48 59 61 78
15 46 47 48 59 61 76 77
15 46 47 48 59 60 61 78
15 46 47 48 59 60 61 76 77
15 46 47 48 51 59 61
15 46 47 48 51 59 60 61
15 37 59 61 73 78
15 37 59 61 73 76 77
15 37 59 61 71 72 78
15 37 59 61 71 72 76 77
15 37 59 60 61 73 78
15 37 59 60 61 73 76 77
15 37 59 60 61 71 72 78
15 37 59 60 61 71 72 76 77
15 37 51 59 61 73
15 37 51 59 61 71 72
15 37 51 59 60 61 73
15 37 51 59 60 61 71 72
15 37 46 59 61 78
15 37 46 59 61 76 77
15 37 46 59 60 61 78
15 37 46 59 60 61 76 77
15 37 46 51 59 61
15 37 46 51 59 60 61
15 34 59 61 64 73 78
15 34 59 61 64 73 76 77
15 34 59 61 64 71 72 78
15 34 59 61 64 71 72 76 77
15 34 59 61 62 63 73 78
15 34 59 61 62 63 73 76 77
15 34 59 61 62 63 71 72 78
15 34 59 61 62 63 71 72 76 77
15 34 51 59 61 64 73
15 34 51 59 61 64 71 72
15 34 51 59 61 62 63 73
15 34 51 59 61 62 63 71 72
15 34 49 59 61 73 78
15 34 49 59 61 73 76 77
15 34 49 59 61 71 72 78
15 34 49 59 61 71 72 76 77
15 34 49 51 59 61 73
15 34 49 51 59 61 71 72
15 34 47 48 59 61 73 78
15 34 47 48 59 61 73 76 77
15 34 47 48 59 61 71 72 78
15 34 47 48 59 61 71 72 76 77
15 34 47 48 51 59 61 73
15 34 47 48 51 59 61 71 72
15 34 46 59 61 64 78
15 34 46 59 61 64 76 77
15 34 46 59 61 62 63 78
15 34 46 59 61 62 63 76 77
15 34 46 51 59 61 64
15 34 46 51 59 61 62 63
15 34 46 49 59 61 78
15 34 46 49 59 61 76 77
15 34 46 49 51 59 61
15 34 46 47 48 59 61 78
15 34 46 47 48 59 61 76 77
15 34 46 47 48 51 59 61
15 34 37 59 61 73 78
15 34 37 59 61 73 76 77
15 34 37 59 61 71 72 78
15 34 37 59 61 71 72 76 77
15 34 37 51 59 61 73
15 34 37 51 59 61 71 72
15 34 37 46 59 61 78
15 34 37 46 59 61 76 77
15 34 37 46 51 59 61
15 22 59 61 73 78
15 22 59 61 73 76 77
15 22 59 61 71 72 78
15 22 59 61 71 72 76 77
15 22 59 60 61 73 78
15 22 59 60 61 73 76 77
15 22 59 60 61 71 72 78
15 22 59 60 61 71 72 76 77
15 22 51 59 61 73
15 22 51 59 61 71 72
15 22 51 59 60 61 73
15 22 51 59 60 61 71 72
15 22 46 59 61 78
15 22 46 59 61 76 77
15 22 46 59 60 61 78
15 22 46 59 60 61 76 77
15 22 46 51 59 61
15 22 46 51 59 60 61
15 22 34 59 61 73 78
15 22 34 59 61 73 76 77
15 22 34 59 61 71 72 78
15 22 34 59 61 71 72 76 77
15 22 34 51 59 61 73
15 22 34 51 59 61 71 72
15 22 34 46 59 61 78
15 22 34 46 59 61 76 77
15 22 34 46 51 59 61
42 57 63 65 73
42 57 63 65 71 72
42 57 61 65 73
42 57 61 65 71 72
42 57 61 62 65 73
42 57 61 62 65 71 72
42 57 59 61 65 73
42 57 59 61 65 71 72
42 57 59 60 65 73
42 57 59 60 65 71 72
42 57 59 60 61 65 73
42 57 59 60 61 65 71 72
42 46 57 63 65
42 46 57 61 65
42 46 57 61 62 65
42 46 57 59 61 65
42 46 57 59 60 65
42 46 57 59 60 61 65
40 41 57 63 65 73
40 41 57 63 65 71 72
40 41 57 61 65 73
40 41 57 61 65 71 72
40 41 57 61 62 65 73
40 41 57 61 62 65 71 72
40 41 57 59 61 65 73
40 41 57 59 61 65 71 72
40 41 57 59 60 65 73
40 41 57 59 60 65 71 72
40 41 57 59 60 61 65 73
40 41 57 59 60 61 65 71 72
40 41 46 57 63 65
40 41 46 57 61 65
40 41 46 57 61 62 65
40 41 46 57 59 61 65
40 41 46 57 59 60 65
40 41 46 57 59 60 61 65
36 42 57 65 73
36 42 57 65 71 72
36 42 46 57 65
36 40 41 57 65 73
36 40 41 57 65 71 72
36 40 41 46 57 65
34 42 57 61 65 73
34 42 57 61 65 71 72
34 42 57 59 65 73
34 42 57 59 65 71 72
34 42 46 57 61 65
34 42 46 57 59 65
34 40 41 57 61 65 73
34 40 41 57 61 65 71 72
34 40 41 57 59 65 73
34 40 41 57 59 65 71 72
34 40 41 46 57 61 65
34 40 41 46 57 59 65
15 57 63 65 73
15 57 63 65 71 72
15 57 61 65 73
15 57 61 65 71 72
15 57 61 62 65 73
15 57 61 62 65 71 72
15 57 59 61 65 73
15 57 59 61 65 71 72
15 57 59 60 65 73
15 57 59 60 65 71 72
15 57 59 60 61 65 73
15 57 59 60 61 65 71 72
15 46 57 63 65
15 46 57 61 65
15 46 57 61 62 65
15 46 57 59 61 65
15 46 57 59 60 65
15 46 57 59 60 61 65
15 36 57 65 73
15 36 57 65 71 72
15 36 46 57 65
15 34 57 61 65 73
15 34 57 61 65 71 72
15 34 57 59 65 73
15 34 57 59 65 71 72
15 34 46 57 61 65
15 34 46 57 59 65
42 61 63 73 78 79
42 61 63 71 72 78 79
42 61 62 63 73 78 79
42 61 62 63 71 72 78 79
42 53 61 63 73
42 53 61 63 71 72
42 53 61 62 63 73
42 53 61 62 63 71 72
42 46 61 63 78 79
42 46 61 62 63 78 79
42 46 53 61 63
42 46 53 61 62 63
40 41 61 63 73 78 79
40 41 61 63 71 72 78 79
40 41 61 62 63 73 78 79
40 41 61 62 63 71 72 78 79
40 41 53 61 63 73
40 41 53 61 63 71 72
40 41 53 61 62 63 73
40 41 53 61 62 63 71 72
40 41 46 61 63 78 79
40 41 46 61 62 63 78 79
40 41 46 53 61 63
40 41 46 53 61 62 63
36 42 61 63 73 78 79
36 42 61 63 71 72 78 79
36 42 53 61 63 73
36 42 53 61 63 71 72
36 42 46 61 63 78 79
36 42 46 53 61 63
36 40 41 61 63 73 78 79
36 40 41 61 63 71 72 78 79
36 40 41 53 61 63 73
36 40 41 53 61 63 71 72
36 40 41 46 61 63 78 79
36 40 41 46 53 61 63
15 61 63 73 78 79
15 61 63 71 72 78 79
15 61 62 63 73 78 79
15 61 62 63 71 72 78 79
15 53 61 63 73
15 53 61 63 71 72
15 53 61 62 63 73
15 53 61 62 63 71 72
15 46 61 63 78 79
15 46 61 62 63 78 79
15 46 53 61 63
15 46 53 61 62 63
15 36 61 63 73 78 79
15 36 61 63 71 72 78 79
15 36 53 61 63 73
15 36 53 61 63 71 72
15 36 46 61 63 78 79
15 36 46 53 61 63
42 43 59 61 65 71 72 78
42 43 59 61 65 71 72 76 77
42 43 51 59 61 65 71 72
38 42 43 59 61 71 72 78
38 42 43 59 61 71 72 76 77
38 42 43 51 59 61 71 72
44 57 59 61 73
44 57 59 61 71 72
44 57 59 60 61 73
44 57 59 60 61 71 72
44 46 57 59 61
44 46 57 59 60 61
34 57 59 61 73 78 79
34 57 59 61 71 72 78 79
34 53 57 59 61 73
34 53 57 59 61 71 72
34 46 57 59 61 78 79
34 46 53 57 59 61
34 44 57 59 61 73
34 44 57 59 61 71 72
34 44 46 57 59 61
17 57 59 61 73
17 57 59 61 71 72
17 57 59 60 61 73
17 57 59 60 61 71 72
17 46 57 59 61
17 46 57 59 60 61
17 34 57 59 61 73
17 34 57 59 61 71 72
17 34 46 57 59 61
42 57 61 73 78 79
42 57 61 71 72 78 79
42 57 59 61 63 73 78 79
42 57 59 61 63 71 72 78 79
42 57 59 60 63 73 78 79
42 57 59 60 63 71 72 78 79
42 57 59 60 61 73 78 79
42 57 59 60 61 71 72 78 79
42 53 57 61 73
42 53 57 61 71 72
42 53 57 59 61 63 73
42 53 57 59 61 63 71 72
42 53 57 59 60 63 73
42 53 57 59 60 63 71 72
42 53 57 59 60 61 73
42 53 57 59 60 61 71 72
42 46 57 61 78 79
42 46 57 59 61 63 78 79
42 46 57 59 60 63 78 79
42 46 57 59 60 61 78 79
42 46 53 57 61
42 46 53 57 59 61 63
42 46 53 57 59 60 63
42 46 53 57 59 60 61
40 41 57 61 73 78 79
40 41 57 61 71 72 78 79
40 41 57 59 61 63 73 78 79
40 41 57 59 61 63 71 72 78 79
40 41 57 59 60 63 73 78 79
40 41 57 59 60 63 71 72 78 79
40 41 57 59 60 61 73 78 79
40 41 57 59 60 61 71 72 78 79
40 41 53 57 61 73
40 41 53 57 61 71 72
40 41 53 57 59 61 63 73
40 41 53 57 59 61 63 71 72
40 41 53 57 59 60 63 73
40 41 53 57 59 60 63 71 72
40 41 53 57 59 60 61 73
40 41 53 57 59 60 61 71 72
40 41 46 57 61 78 79
40 41 46 57 59 61 63 78 79
40 41 46 57 59 60 63 78 79
40 41 46 57 59 60 61 78 79
40 41 46 53 57 61
40 41 46 53 57 59 61 63
40 41 46 53 57 59 60 63
40 41 46 53 57 59 60 61
34 42 57 61 73 78 79
34 42 57 61 71 72 78 79
34 42 57 59 63 73 78 79
34 42 57 59 63 71 72 78 79
34 42 53 57 61 73
34 42 53 57 61 71 72
34 42 53 57 59 63 73
34 42 53 57 59 63 71 72
34 42 46 57 61 78 79
34 42 46 57 59 63 78 79
34 42 46 53 57 61
34 42 46 53 57 59 63
34 40 41 57 61 73 78 79
34 40 41 57 61 71 72 78 79
34 40 41 57 59 63 73 78 79
34 40 41 57 59 63 71 72 78 79
34 40 41 53 57 61 73
34 40 41 53 57 61 71 72
34 40 41 53 57 59 63 73
34 40 41 53 57 59 63 71 72
34 40 41 46 57 61 78 79
34 40 41 46 57 59 63 78 79
34 40 41 46 53 57 61
34 40 41 46 53 57 59 63
15 57 61 73 78 79
15 57 61 71 72 78 79
15 57 59 61 63 73 78 79
15 57 59 61 63 71 72 78 79
15 57 59 60 63 73 78 79
15 57 59 60 63 71 72 78 79
15 57 59 60 61 73 78 79
15 57 59 60 61 71 72 78 79
15 53 57 61 73
15 53 57 61 71 72
15 53 57 59 61 63 73
15 53 57 59 61 63 71 72
15 53 57 59 60 63 73
15 53 57 59 60 63 71 72
15 53 57 59 60 61 73
15 53 57 59 60 61 71 72
15 46 57 61 78 79
15 46 57 59 61 63 78 79
15 46 57 59 60 63 78 79
15 46 57 59 60 61 78 79
15 46 53 57 61
15 46 53 57 59 61 63
15 46 53 57 59 60 63
15 46 53 57 59 60 61
15 34 57 61 73 78 79
15 34 57 61 71 72 78 79
15 34 57 59 63 73 78 79
15 34 57 59 63 71 72 78 79
15 34 53 57 61 73
15 34 53 57 61 71 72
15 34 53 57 59 63 73
15 34 53 57 59 63 71 72
15 34 46 57 61 78 79
15 34 46 57 59 63 78 79
15 34 46 53 57 61
15 34 46 53 57 59 63
42 57 58 59 61 73
42 57 58 59 61 71 72
42 57 58 59 60 61 73
42 57 58 59 60 61 71 72
42 46 57 58 59 61
42 46 57 58 59 60 61
40 41 57 58 59 61 73
40 41 57 58 59 61 71 72
40 41 57 58 59 60 61 73
40 41 57 58 59 60 61 71 72
40 41 46 57 58 59 61
40 41 46 57 58 59 60 61
34 42 57 58 59 61 73
34 42 57 58 59 61 71 72
34 42 46 57 58 59 61
34 40 41 57 58 59 61 73
34 40 41 57 58 59 61 71 72
34 40 41 46 57 58 59 61
16 42 57 59 61 73
16 42 57 59 61 71 72
16 42 57 59 60 61 73
16 42 57 59 60 61 71 72
16 42 46 57 59 61
16 42 46 57 59 60 61
16 40 41 57 59 61 73
16 40 41 57 59 61 71 72
16 40 41 57 59 60 61 73
16 40 41 57 59 60 61 71 72
16 40 41 46 57 59 61
16 40 41 46 57 59 60 61
16 34 42 57 59 61 73
16 34 42 57 59 61 71 72
16 34 42 46 57 59 61
16 34 40 41 57 59 61 73
16 34 40 41 57 59 61 71 72
16 34 40 41 46 57 59 61
15 57 58 59 61 73
15 57 58 59 61 71 72
15 57 58 59 60 61 73
15 57 58 59 60 61 71 72
15 46 57 58 59 61
15 46 57 58 59 60 61
15 34 57 58 59 61 73
15 34 57 58 59 61 71 72
15 34 46 57 58 59 61
15 16 57 59 61 73
15 16 57 59 61 71 72
15 16 57 59 60 61 73
15 16 57 59 60 61 71 72
15 16 46 57 59 61
15 16 46 57 59 60 61
15 16 34 57 59 61 73
15 16 34 57 59 61 71 72
15 16 34 46 57 59 61
14 42 57 59 61 73
14 42 57 59 61 71 72
14 42 57 59 60 61 73
14 42 57 59 60 61 71 72
14 42 57 58 59 61 73
14 42 57 58 59 61 71 72
14 42 57 58 59 60 61 73
14 42 57 58 59 60 61 71 72
14 42 46 57 59 61
14 42 46 57 59 60 61
14 42 46 57 58 59 61
14 42 46 57 58 59 60 61
14 40 41 57 59 61 73
14 40 41 57 59 61 71 72
14 40 41 57 59 60 61 73
14 40 41 57 59 60 61 71 72
14 40 41 57 58 59 61 73
14 40 41 57 58 59 61 71 72
14 40 41 57 58 59 60 61 73
14 40 41 57 58 59 60 61 71 72
14 40 41 46 57 59 61
14 40 41 46 57 59 60 61
14 40 41 46 57 58 59 61
14 40 41 46 57 58 59 60 61
14 34 42 57 59 61 73
14 34 42 57 59 61 71 72
14 34 42 57 58 59 61 73
14 34 42 57 58 59 61 71 72
14 34 42 46 57 59 61
14 34 42 46 57 58 59 61
14 34 40 41 57 59 61 73
14 34 40 41 57 59 61 71 72
14 34 40 41 57 58 59 61 73
14 34 40 41 57 58 59 61 71 72
14 34 40 41 46 57 59 61
14 34 40 41 46 57 58 59 61
14 16 42 57 59 61 73
14 16 42 57 59 61 71 72
14 16 42 57 59 60 61 73
14 16 42 57 59 60 61 71 72
14 16 42 46 57 59 61
14 16 42 46 57 59 60 61
14 16 40 41 57 59 61 73
14 16 40 41 57 59 61 71 72
14 16 40 41 57 59 60 61 73
14 16 40 41 57 59 60 61 71 72
14 16 40 41 46 57 59 61
14 16 40 41 46 57 59 60 61
14 16 34 42 57 59 61 73
14 16 34 42 57 59 61 71 72
14 16 34 42 46 57 59 61
14 16 34 40 41 57 59 61 73
14 16 34 40 41 57 59 61 71 72
14 16 34 40 41 46 57 59 61
14 15 57 59 61 73
14 15 57 59 61 71 72
14 15 57 59 60 61 73
14 15 57 59 60 61 71 72
14 15 57 58 59 61 73
14 15 57 58 59 61 71 72
14 15 57 58 59 60 61 73
14 15 57 58 59 60 61 71 72
14 15 46 57 59 61
14 15 46 57 59 60 61
14 15 46 57 58 59 61
14 15 46 57 58 59 60 61
14 15 34 57 59 61 73
14 15 34 57 59 61 71 72
14 15 34 57 58 59 61 73
14 15 34 57 58 59 61 71 72
14 15 34 46 57 59 61
14 15 34 46 57 58 59 61
14 15 16 57 59 61 73
14 15 16 57 59 61 71 72
14 15 16 57 59 60 61 73
14 15 16 57 59 60 61 71 72
14 15 16 46 57 59 61
14 15 16 46 57 59 60 61
14 15 16 34 57 59 61 73
14 15 16 34 57 59 61 71 72
14 15 16 34 46 57 59 61
44 59 61 73
44 59 61 71 72
44 46 59 61
42 43 59 61 73
42 43 59 61 71 72
42 43 46 59 61
34 44 59 61 73
34 44 59 61 71 72
34 44 46 59 61
34 42 43 59 61 73
34 42 43 59 61 71 72
34 42 43 46 59 61
17 59 61 73
17 59 61 71 72
17 46 59 61
17 34 59 61 73
17 34 59 61 71 72
17 34 46 59 61

73
71 72
68 71
68 69 70
61
55 68
46
44 68
36 69
36 67 68
36 61 69
36 61 67 68
36 42
36 42 61
10
44 58 59 61 73
44 58 59 61 71 72
44 46 58 59 61
42 43 58 59 61 73
42 43 58 59 61 71 72
42 43 46 58 59 61
33 44 59 61 73
33 44 59 61 71 72
33 44 46 59 61
33 42 43 59 61 73
33 42 43 59 61 71 72
33 42 43 46 59 61
17 58 59 61 73
17 58 59 61 71 72
17 46 58 59 61
17 33 59 61 73
17 33 59 61 71 72
17 33 46 59 61
44 59 61 73 78
44 59 61 73 76 77
44 59 61 71 72 78
44 59 61 71 72 76 77
44 59 60 61 73 78
44 59 60 61 73 76 77
44 59 60 61 71 72 78
44 59 60 61 71 72 76 77
44 51 59 61 73
44 51 59 61 71 72
44 51 59 60 61 73
44 51 59 60 61 71 72
44 46 59 61 78
44 46 59 61 76 77
44 46 59 60 61 78
44 46 59 60 61 76 77
44 46 51 59 61
44 46 51 59 60 61
42 43 59 61 73 78
42 43 59 61 73 76 77
42 43 59 61 71 72 78
42 43 59 61 71 72 76 77
42 43 59 60 61 73 78
42 43 59 60 61 73 76 77
42 43 59 60 61 71 72 78
42 43 59 60 61 71 72 76 77
42 43 51 59 61 73
42 43 51 59 61 71 72
42 43 51 59 60 61 73
42 43 51 59 60 61 71 72
42 43 46 59 61 78
42 43 46 59 61 76 77
42 43 46 59 60 61 78
42 43 46 59 60 61 76 77
42 43 46 51 59 61
42 43 46 51 59 60 61
34 44 59 61 73 78
34 44 59 61 73 76 77
34 44 59 61 71 72 78
34 44 59 61 71 72 76 77
34 44 51 59 61 73
34 44 51 59 61 71 72
34 44 46 59 61 78
34 44 46 59 61 76 77
34 44 46 51 59 61
34 42 43 59 61 73 78
34 42 43 59 61 73 76 77
34 42 43 59 61 71 72 78
34 42 43 59 61 71 72 76 77
34 42 43 51 59 61 73
34 42 43 51 59 61 71 72
34 42 43 46 59 61 78
34 42 43 46 59 61 76 77
34 42 43 46 51 59 61
17 59 61 73 78
17 59 61 73 76 77
17 59 61 71 72 78
17 59 61 71 72 76 77
17 59 60 61 73 78
17 59 60 61 73 76 77
17 59 60 61 71 72 78
17 59 60 61 71 72 76 77
17 51 59 61 73
17 51 59 61 71 72
17 51 59 60 61 73
17 51 59 60 61 71 72
17 46 59 61 78
17 46 59 61 76 77
17 46 59 60 61 78
17 46 59 60 61 76 77
17 46 51 59 61
17 46 51 59 60 61
17 34 59 61 73 78
17 34 59 61 73 76 77
17 34 59 61 71 72 78
17 34 59 61 71 72 76 77
17 34 51 59 61 73
17 34 51 59 61 71 72
17 34 46 59 61 78
17 34 46 59 61 76 77
17 34 46 51 59 61
42 59 61 63 73 78
42 59 61 63 73 76 77
42 59 61 63 71 72 78
42 59 61 63 71 72 76 77
42 59 61 62 73 78
42 59 61 62 73 76 77
42 59 61 62 71 72 78
42 59 61 62 71 72 76 77
42 51 59 61 63 73
42 51 59 61 63 71 72
42 51 59 61 62 73
42 51 59 61 62 71 72
42 46 59 61 63 78
42 46 59 61 63 76 77
42 46 59 61 62 78
42 46 59 61 62 76 77
42 46 51 59 61 63
42 46 51 59 61 62
40 41 59 61 63 73 78
40 41 59 61 63 73 76 77
40 41 59 61 63 71 72 78
40 41 59 61 63 71 72 76 77
40 41 59 61 62 73 78
40 41 59 61 62 73 76 77
40 41 59 61 62 71 72 78
40 41 59 61 62 71 72 76 77
40 41 51 59 61 63 73
40 41 51 59 61 63 71 72
40 41 51 59 61 62 73
40 41 51 59 61 62 71 72
40 41 46 59 61 63 78
40 41 46 59 61 63 76 77
40 41 46 59 61 62 78
40 41 46 59 61 62 76 77
40 41 46 51 59 61 63
40 41 46 51 59 61 62
36 42 59 61 73 78
36 42 59 61 73 76 77
36 42 59 61 71 72 78
36 42 59 61 71 72 76 77
36 42 51 59 61 73
36 42 51 59 61 71 72
36 42 46 59 61 78
36 42 46 59 61 76 77
36 42 46 51 59 61
36 40 41 59 61 73 78
36 40 41 59 61 73 76 77
36 40 41 59 61 71 72 78
36 40 41 59 61 71 72 76 77
36 40 41 51 59 61 73
36 40 41 51 59 61 71 72
36 40 41 46 59 61 78
36 40 41 46 59 61 76 77
36 40 41 46 51 59 61
15 59 61 63 73 78
15 59 61 63 73 76 77
15 59 61 63 71 72 78
15 59 61 63 71 72 76 77
15 59 61 62 73 78
15 59 61 62 73 76 77
15 59 61 62 71 72 78
15 59 61 62 71 72 76 77
15 51 59 61 63 73
15 51 59 61 63 71 72
15 51 59 61 62 73
15 51 59 61 62 71 72
15 46 59 61 63 78
15 46 59 61 63 76 77
15 46 59 61 62 78
15 46 59 61 62 76 77
15 46 51 59 61 63
15 46 51 59 61 62
15 36 59 61 73 78
15 36 59 61 73 76 77
15 36 59 61 71 72 78
15 36 59 61 71 72 76 77
15 36 51 59 61 73
15 36 51 59 61 71 72
15 36 46 59 61 78
15 36 46 59 61 76 77
15 36 46 51 59 61
41 42 57 59 61 73
41 42 57 59 61 71 72
41 42 57 59 61 65 73
41 42 57 59 61 65 71 72
41 42 57 59 60 61 73
41 42 57 59 60 61 71 72
41 42 57 59 60 61 65 73
41 42 57 59 60 61 65 71 72
41 42 46 57 59 61
41 42 46 57 59 61 65
41 42 46 57 59 60 61
41 42 46 57 59 60 61 65
40 41 43 57 59 61 73
40 41 43 57 59 61 71 72
40 41 43 57 59 61 65 73
40 41 43 57 59 61 65 71 72
40 41 43 57 59 60 61 73
40 41 43 57 59 60 61 71 72
40 41 43 57 59 60 61 65 73
40 41 43 57 59 60 61 65 71 72
40 41 43 46 57 59 61
40 41 43 46 57 59 61 65
40 41 43 46 57 59 60 61
40 41 43 46 57 59 60 61 65
40 41 42 57 59 61 73
40 41 42 57 59 61 71 72
40 41 42 57 59 61 65 73
40 41 42 57 59 61 65 71 72
40 41 42 57 59 60 61 73
40 41 42 57 59 60 61 71 72
40 41 42 57 59 60 61 65 73
40 41 42 57 59 60 61 65 71 72
40 41 42 46 57 59 61
40 41 42 46 57 59 61 65
40 41 42 46 57 59 60 61
40 41 42 46 57 59 60 61 65
34 41 42 57 59 61 73
34 41 42 57 59 61 71 72
34 41 42 57 59 61 65 73
34 41 42 57 59 61 65 71 72
34 41 42 46 57 59 61
34 41 42 46 57 59 61 65
34 40 41 43 57 59 61 73
34 40 41 43 57 59 61 71 72
34 40 41 43 57 59 61 65 73
34 40 41 43 57 59 61 65 71 72
34 40 41 43 46 57 59 61
34 40 41 43 46 57 59 61 65
34 40 41 42 57 59 61 73
34 40 41 42 57 59 61 71 72
34 40 41 42 57 59 61 65 73
34 40 41 42 57 59 61 65 71 72
34 40 41 42 46 57 59 61
34 40 41 42 46 57 59 61 65
15 43 57 59 61 73
15 43 57 59 61 71 72
15 43 57 59 61 65 73
15 43 57 59 61 65 71 72
15 43 57 59 60 61 73
15 43 57 59 60 61 71 72
15 43 57 59 60 61 65 73
15 43 57 59 60 61 65 71 72
15 43 46 57 59 61
15 43 46 57 59 61 65
15 43 46 57 59 60 61
15 43 46 57 59 60 61 65
15 41 42 57 59 61 73
15 41 42 57 59 61 71 72
15 41 42 57 59 61 65 73
15 41 42 57 59 61 65 71 72
15 41 42 57 59 60 61 73
15 41 42 57 59 60 61 71 72
15 41 42 57 59 60 61 65 73
15 41 42 57 59 60 61 65 71 72
15 41 42 46 57 59 61
15 41 42 46 57 59 61 65
15 41 42 46 57 59 60 61
15 41 42 46 57 59 60 61 65
15 34 43 57 59 61 73
15 34 43 57 59 61 71 72
15 34 43 57 59 61 65 73
15 34 43 57 59 61 65 71 72
15 34 43 46 57 59 61
15 34 43 46 57 59 61 65
15 34 41 42 57 59 61 73
15 34 41 42 57 59 61 71 72
15 34 41 42 57 59 61 65 73
15 34 41 42 57 59 61 65 71 72
15 34 41 42 46 57 59 61
15 34 41 42 46 57 59 61 65
59 65 73
59 65 71 72
59 63 64 73
59 63 64 71 72
46 59 65
46 59 63 64
38 59 73
38 59 71 72
38 46 59
44 59 61 65 71 72 78
44 59 61 65 71 72 76 77
44 51 59 61 65 71 72
44 48 59 61 65 73 78
44 48 59 61 65 73 76 77
44 48 59 61 65 71 72 78
44 48 59 61 65 71 72 76 77
44 48 59 61 63 64 73 78
44 48 59 61 63 64 73 76 77
44 48 59 61 63 64 71 72 78
44 48 59 61 63 64 71 72 76 77
44 48 51 59 61 65 73
44 48 51 59 61 65 71 72
44 48 51 59 61 63 64 73
44 48 51 59 61 63 64 71 72
44 46 48 59 61 65 78
44 46 48 59 61 65 76 77
44 46 48 59 61 63 64 78
44 46 48 59 61 63 64 76 77
44 46 48 51 59 61 65
44 46 48 51 59 61 63 64
44 46 47 59 61 65 78
44 46 47 59 61 65 76 77
44 46 47 59 61 65 73 78
44 46 47 59 61 65 73 76 77
44 46 47 59 61 65 71 72 78
44 46 47 59 61 65 71 72 76 77
44 46 47 59 61 63 64 78
44 46 47 59 61 63 64 76 77
44 46 47 59 61 63 64 73 78
44 46 47 59 61 63 64 73 76 77
44 46 47 59 61 63 64 71 72 78
44 46 47 59 61 63 64 71 72 76 77
44 46 47 51 59 61 65
44 46 47 51 59 61 65 73
44 46 47 51 59 61 65 71 72
44 46 47 51 59 61 63 64
44 46 47 51 59 61 63 64 73
44 46 47 51 59 61 63 64 71 72
42 43 59 61 65 73 78
42 43 59 61 65 73 76 77
42 43 51 59 61 65 73
42 43 48 59 61 65 73 78
42 43 48 59 61 65 73 76 77
42 43 48 59 61 65 71 72 78
42 43 48 59 61 65 71 72 76 77
42 43 48 59 61 63 64 73 78
42 43 48 59 61 63 64 73 76 77
42 43 48 59 61 63 64 71 72 78
42 43 48 59 61 63 64 71 72 76 77
42 43 48 51 59 61 65 73
42 43 48 51 59 61 65 71 72
42 43 48 51 59 61 63 64 73
42 43 48 51 59 61 63 64 71 72
42 43 46 59 61 65 78
42 43 46 59 61 65 76 77
42 43 46 51 59 61 65
42 43 46 48 59 61 65 78
42 43 46 48 59 61 65 76 77
42 43 46 48 59 61 63 64 78
42 43 46 48 59 61 63 64 76 77
42 43 46 48 51 59 61 65
42 43 46 48 51 59 61 63 64
42 43 46 47 59 61 65 78
42 43 46 47 59 61 65 76 77
42 43 46 47 59 61 65 73 78
42 43 46 47 59 61 65 73 76 77
42 43 46 47 59 61 65 71 72 78
42 43 46 47 59 61 65 71 72 76 77
42 43 46 47 59 61 63 64 78
42 43 46 47 59 61 63 64 76 77
42 43 46 47 59 61 63 64 73 78
42 43 46 47 59 61 63 64 73 76 77
42 43 46 47 59 61 63 64 71 72 78
42 43 46 47 59 61 63 64 71 72 76 77
42 43 46 47 51 59 61 65
42 43 46 47 51 59 61 65 73
42 43 46 47 51 59 61 65 71 72
42 43 46 47 51 59 61 63 64
42 43 46 47 51 59 61 63 64 73
42 43 46 47 51 59 61 63 64 71 72
38 44 59 61 71 72 78
38 44 59 61 71 72 76 77
38 44 51 59 61 71 72
38 44 48 59 61 73 78
38 44 48 59 61 73 76 77
38 44 48 59 61 71 72 78
38 44 48 59 61 71 72 76 77
38 44 48 51 59 61 73
38 44 48 51 59 61 71 72
38 44 46 48 59 61 78
38 44 46 48 59 61 76 77
38 44 46 48 51 59 61
38 44 46 47 59 61 78
38 44 46 47 59 61 76 77
38 44 46 47 59 61 73 78
38 44 46 47 59 61 73 76 77
38 44 46 47 59 61 71 72 78
38 44 46 47 59 61 71 72 76 77
38 44 46 47 51 59 61
38 44 46 47 51 59 61 73
38 44 46 47 51 59 61 71 72
38 42 43 59 61 73 78
38 42 43 59 61 73 76 77
38 42 43 51 59 61 73
38 42 43 48 59 61 73 78
38 42 43 48 59 61 73 76 77
38 42 43 48 59 61 71 72 78
38 42 43 48 59 61 71 72 76 77
38 42 43 48 51 59 61 73
38 42 43 48 51 59 61 71 72
38 42 43 46 59 61 78
38 42 43 46 59 61 76 77
38 42 43 46 51 59 61
38 42 43 46 48 59 61 78
38 42 43 46 48 59 61 76 77
38 42 43 46 48 51 59 61
38 42 43 46 47 59 61 78
38 42 43 46 47 59 61 76 77
38 42 43 46 47 59 61 73 78
38 42 43 46 47 59 61 73 76 77
38 42 43 46 47 59 61 71 72 78
38 42 43 46 47 59 61 71 72 76 77
38 42 43 46 47 51 59 61
38 42 43 46 47 51 59 61 73
38 42 43 46 47 51 59 61 71 72
21 44 59 61 65 73 78
21 44 59 61 65 73 76 77
21 44 59 61 65 71 72 78
21 44 59 61 65 71 72 76 77
21 44 59 61 63 64 73 78
21 44 59 61 63 64 73 76 77
21 44 59 61 63 64 71 72 78
21 44 59 61 63 64 71 72 76 77
21 44 51 59 61 65 73
21 44 51 59 61 65 71 72
21 44 51 59 61 63 64 73
21 44 51 59 61 63 64 71 72
21 44 46 59 61 65 78
21 44 46 59 61 65 76 77
21 44 46 59 61 63 64 78
21 44 46 59 61 63 64 76 77
21 44 46 51 59 61 65
21 44 46 51 59 61 63 64
21 42 43 59 61 65 73 78
21 42 43 59 61 65 73 76 77
21 42 43 59 61 65 71 72 78
21 42 43 59 61 65 71 72 76 77
21 42 43 59 61 63 64 73 78
21 42 43 59 61 63 64 73 76 77
21 42 43 59 61 63 64 71 72 78
21 42 43 59 61 63 64 71 72 76 77
21 42 43 51 59 61 65 73
21 42 43 51 59 61 65 71 72
21 42 43 51 59 61 63 64 73
21 42 43 51 59 61 63 64 71 72
21 42 43 46 59 61 65 78
21 42 43 46 59 61 65 76 77
21 42 43 46 59 61 63 64 78
21 42 43 46 59 61 63 64 76 77
21 42 43 46 51 59 61 65
21 42 43 46 51 59 61 63 64
21 38 44 59 61 73 78
21 38 44 59 61 73 76 77
21 38 44 59 61 71 72 78
21 38 44 59 61 71 72 76 77
21 38 44 51 59 61 73
21 38 44 51 59 61 71 72
21 38 44 46 59 61 78
21 38 44 46 59 61 76 77
21 38 44 46 51 59 61
21 38 42 43 59 61 73 78
21 38 42 43 59 61 73 76 77
21 38 42 43 59 61 71 72 78
21 38 42 43 59 61 71 72 76 77
21 38 42 43 51 59 61 73
21 38 42 43 51 59 61 71 72
21 38 42 43 46 59 61 78
21 38 42 43 46 59 61 76 77
21 38 42 43 46 51 59 61
17 59 61 65 73 78
17 59 61 65 73 76 77
17 51 59 61 65 73
17 48 59 61 65 73 78
17 48 59 61 65 73 76 77
17 48 59 61 65 71 72 78
17 48 59 61 65 71 72 76 77
17 48 59 61 63 64 73 78
17 48 59 61 63 64 73 76 77
17 48 59 61 63 64 71 72 78
17 48 59 61 63 64 71 72 76 77
17 48 51 59 61 65 73
17 48 51 59 61 65 71 72
17 48 51 59 61 63 64 73
17 48 51 59 61 63 64 71 72
17 46 59 61 65 78
17 46 59 61 65 76 77
17 46 51 59 61 65
17 46 48 59 61 65 78
17 46 48 59 61 65 76 77
17 46 48 59 61 63 64 78
17 46 48 59 61 63 64 76 77
17 46 48 51 59 61 65
17 46 48 51 59 61 63 64
17 46 47 59 61 65 78
17 46 47 59 61 65 76 77
17 46 47 59 61 65 73 78
17 46 47 59 61 65 73 76 77
17 46 47 59 61 65 71 72 78
17 46 47 59 61 65 71 72 76 77
17 46 47 59 61 63 64 78
17 46 47 59 61 63 64 76 77
17 46 47 59 61 63 64 73 78
17 46 47 59 61 63 64 73 76 77
17 46 47 59 61 63 64 71 72 78
17 46 47 59 61 63 64 71 72 76 77
17 46 47 51 59 61 65
17 46 47 51 59 61 65 73
17 46 47 51 59 61 65 71 72
17 46 47 51 59 61 63 64
17 46 47 51 59 61 63 64 73
17 46 47 51 59 61 63 64 71 72
17 38 59 61 73 78
17 38 59 61 73 76 77
17 38 51 59 61 73
17 38 48 59 61 73 78
17 38 48 59 61 73 76 77
17 38 48 59 61 71 72 78
17 38 48 59 61 71 72 76 77
17 38 48 51 59 61 73
17 38 48 51 59 61 71 72
17 38 46 59 61 78
17 38 46 59 61 76 77
17 38 46 51 59 61
17 38 46 48 59 61 78
17 38 46 48 59 61 76 77
17 38 46 48 51 59 61
17 38 46 47 59 61 78
17 38 46 47 59 61 76 77
17 38 46 47 59 61 73 78
17 38 46 47 59 61 73 76 77
17 38 46 47 59 61 71 72 78
17 38 46 47 59 61 71 72 76 77
17 38 46 47 51 59 61
17 38 46 47 51 59 61 73
17 38 46 47 51 59 61 71 72
17 21 59 61 65 73 78
17 21 59 61 65 73 76 77
17 21 59 61 65 71 72 78
17 21 59 61 65 71 72 76 77
17 21 59 61 63 64 73 78
17 21 59 61 63 64 73 76 77
17 21 59 61 63 64 71 72 78
17 21 59 61 63 64 71 72 76 77
17 21 51 59 61 65 73
17 21 51 59 61 65 71 72
17 21 51 59 61 63 64 73
17 21 51 59 61 63 64 71 72
17 21 46 59 61 65 78
17 21 46 59 61 65 76 77
17 21 46 59 61 63 64 78
17 21 46 59 61 63 64 76 77
17 21 46 51 59 61 65
17 21 46 51 59 61 63 64
17 21 38 59 61 73 78
17 21 38 59 61 73 76 77
17 21 38 59 61 71 72 78
17 21 38 59 61 71 72 76 77
17 21 38 51 59 61 73
17 21 38 51 59 61 71 72
17 21 38 46 59 61 78
17 21 38 46 59 61 76 77
17 21 38 46 51 59 61
42 43 57 59 61 65 73
42 43 57 59 61 65 71 72
42 43 57 59 60 61 65 73
42 43 57 59 60 61 65 71 72
42 43 46 57 59 61 65
42 43 46 57 59 60 61 65
34 42 43 57 59 61 65 73
34 42 43 57 59 61 65 71 72
34 42 43 46 57 59 61 65
40 41 59 61 64 73 78
40 41 59 61 64 73 76 77
40 41 59 61 64 71 72 78
40 41 59 61 64 71 72 76 77
40 41 59 61 62 63 73 78
40 41 59 61 62 63 73 76 77
40 41 59 61 62 63 71 72 78
40 41 59 61 62 63 71 72 76 77
40 41 59 60 61 64 73 78
40 41 59 60 61 64 73 76 77
40 41 59 60 61 64 71 72 78
40 41 59 60 61 64 71 72 76 77
40 41 59 60 61 62 63 73 78
40 41 59 60 61 62 63 73 76 77
40 41 59 60 61 62 63 71 72 78
40 41 59 60 61 62 63 71 72 76 77
40 41 51 59 61 64 73
40 41 51 59 61 64 71 72
40 41 51 59 61 62 63 73
40 41 51 59 61 62 63 71 72
40 41 51 59 60 61 64 73
40 41 51 59 60 61 64 71 72
40 41 51 59 60 61 62 63 73
40 41 51 59 60 61 62 63 71 72
40 41 49 59 61 73 78
40 41 49 59 61 73 76 77
40 41 49 59 61 71 72 78
40 41 49 59 61 71 72 76 77
40 41 49 59 60 61 73 78
40 41 49 59 60 61 73 76 77
40 41 49 59 60 61 71 72 78
40 41 49 59 60 61 71 72 76 77
40 41 49 51 59 61 73
40 41 49 51 59 61 71 72
40 41 49 51 59 60 61 73
40 41 49 51 59 60 61 71 72
40 41 47 48 59 61 73 78
40 41 47 48 59 61 73 76 77
40 41 47 48 59 61 71 72 78
40 41 47 48 59 61 71 72 76 77
40 41 47 48 59 60 61 73 78
40 41 47 48 59 60 61 73 76 77
40 41 47 48 59 60 61 71 72 78
40 41 47 48 59 60 61 71 72 76 77
40 41 47 48 51 59 61 73
40 41 47 48 51 59 61 71 72
40 41 47 48 51 59 60 61 73
40 41 47 48 51 59 60 61 71 72
40 41 46 59 61 64 78
40 41 46 59 61 64 76 77
40 41 46 59 61 62 63 78
40 41 46 59 61 62 63 76 77
40 41 46 59 60 61 64 78
40 41 46 59 60 61 64 76 77
40 41 46 59 60 61 62 63 78
40 41 46 59 60 61 62 63 76 77
40 41 46 51 59 61 64
40 41 46 51 59 61 62 63
40 41 46 51 59 60 61 64
40 41 46 51 59 60 61 62 63
40 41 46 49 59 61 78
40 41 46 49 59 61 76 77
40 41 46 49 59 60 61 78
40 41 46 49 59 60 61 76 77
40 41 46 49 51 59 61
40 41 46 49 51 59 60 61
40 41 46 47 48 59 61 78
40 41 46 47 48 59 61 76 77
40 41 46 47 48 59 60 61 78
40 41 46 47 48 59 60 61 76 77
40 41 46 47 48 51 59 61
40 41 46 47 48 51 59 60 61
37 40 41 59 61 73 78
37 40 41 59 61 73 76 77
37 40 41 59 61 71 72 78
37 40 41 59 61 71 72 76 77
37 40 41 59 60 61 73 78
37 40 41 59 60 61 73 76 77
37 40 41 59 60 61 71 72 78
37 40 41 59 60 61 71 72 76 77
37 40 41 51 59 61 73
37 40 41 51 59 61 71 72
37 40 41 51 59 60 61 73
37 40 41 51 59 60 61 71 72
37 40 41 46 59 61 78
37 40 41 46 59 61 76 77
37 40 41 46 59 60 61 78
37 40 41 46 59 60 61 76 77
37 40 41 46 51 59 61
37 40 41 46 51 59 60 61
34 40 41 59 61 64 73 78
34 40 41 59 61 64 73 76 77
34 40 41 59 61 64 71 72 78
34 40 41 59 61 64 71 72 76 77
34 40 41 59 61 62 63 73 78
34 40 41 59 61 62 63 73 76 77
34 40 41 59 61 62 63 71 72 78
34 40 41 59 61 62 63 71 72 76 77
34 40 41 51 59 61 64 73
34 40 41 51 59 61 64 71 72
34 40 41 51 59 61 62 63 73
34 40 41 51 59 61 62 63 71 72
34 40 41 49 59 61 73 78
34 40 41 49 59 61 73 76 77
34 40 41 49 59 61 71 72 78
34 40 41 49 59 61 71 72 76 77
34 40 41 49 51 59 61 73
34 40 41 49 51 59 61 71 72
34 40 41 47 48 59 61 73 78
34 40 41 47 48 59 61 73 76 77
34 40 41 47 48 59 61 71 72 78
34 40 41 47 48 59 61 71 72 76 77
34 40 41 47 48 51 59 61 73
34 40 41 47 48 51 59 61 71 72
34 40 41 46 59 61 64 78
34 40 41 46 59 61 64 76 77
34 40 41 46 59 61 62 63 78
34 40 41 46 59 61 62 63 76 77
34 40 41 46 51 59 61 64
34 40 41 46 51 59 61 62 63
34 40 41 46 49 59 61 78
34 40 41 46 49 59 61 76 77
34 40 41 46 49 51 59 61
34 40 41 46 47 48 59 61 78
34 40 41 46 47 48 59 61 76 77
34 40 41 46 47 48 51 59 61
34 37 40 41 59 61 73 78
34 37 40 41 59 61 73 76 77
34 37 40 41 59 61 71 72 78
34 37 40 41 59 61 71 72 76 77
34 37 40 41 51 59 61 73
34 37 40 41 51 59 61 71 72
34 37 40 41 46 59 61 78
34 37 40 41 46 59 61 76 77
34 37 40 41 46 51 59 61
22 40 41 59 61 73 78
22 40 41 59 61 73 76 77
22 40 41 59 61 71 72 78
22 40 41 59 61 71 72 76 77
22 40 41 59 60 61 73 78
22 40 41 59 60 61 73 76 77
22 40 41 59 60 61 71 72 78
22 40 41 59 60 61 71 72 76 77
22 40 41 51 59 61 73
22 40 41 51 59 61 71 72
22 40 41 51 59 60 61 73
22 40 41 51 59 60 61 71 72
22 40 41 46 59 61 78
22 40 41 46 59 61 76 77
22 40 41 46 59 60 61 78
22 40 41 46 59 60 61 76 77
22 40 41 46 51 59 61
22 40 41 46 51 59 60 61
22 34 40 41 59 61 73 78
22 34 40 41 59 61 73 76 77
22 34 40 41 59 61 71 72 78
22 34 40 41 59 61 71 72 76 77
22 34 40 41 51 59 61 73
22 34 40 41 51 59 61 71 72
22 34 40 41 46 59 61 78
22 34 40 41 46 59 61 76 77
22 34 40 41 46 51 59 61
42 59 60 61 63 73 78
42 59 60 61 63 73 76 77
42 59 60 61 63 71 72 78
42 59 60 61 63 71 72 76 77
42 59 60 61 62 73 78
42 59 60 61 62 73 76 77
42 59 60 61 62 71 72 78
42 59 60 61 62 71 72 76 77
42 51 59 60 61 63 73
42 51 59 60 61 63 71 72
42 51 59 60 61 62 73
42 51 59 60 61 62 71 72
42 46 59 60 61 63 78
42 46 59 60 61 63 76 77
42 46 59 60 61 62 78
42 46 59 60 61 62 76 77
42 46 51 59 60 61 63
42 46 51 59 60 61 62
40 41 59 60 61 63 73 78
40 41 59 60 61 63 73 76 77
40 41 59 60 61 63 71 72 78
40 41 59 60 61 63 71 72 76 77
40 41 59 60 61 62 73 78
40 41 59 60 61 62 73 76 77
40 41 59 60 61 62 71 72 78
40 41 59 60 61 62 71 72 76 77
40 41 51 59 60 61 63 73
40 41 51 59 60 61 63 71 72
40 41 51 59 60 61 62 73
40 41 51 59 60 61 62 71 72
40 41 46 59 60 61 63 78
40 41 46 59 60 61 63 76 77
40 41 46 59 60 61 62 78
40 41 46 59 60 61 62 76 77
40 41 46 51 59 60 61 63
40 41 46 51 59 60 61 62
36 42 59 60 61 73 78
36 42 59 60 61 73 76 77
36 42 59 60 61 71 72 78
36 42 59 60 61 71 72 76 77
36 42 51 59 60 61 73
36 42 51 59 60 61 71 72
36 42 46 59 60 61 78
36 42 46 59 60 61 76 77
36 42 46 51 59 60 61
36 40 41 59 60 61 73 78
36 40 41 59 60 61 73 76 77
36 40 41 59 60 61 71 72 78
36 40 41 59 60 61 71 72 76 77
36 40 41 51 59 60 61 73
36 40 41 51 59 60 61 71 72
36 40 41 46 59 60 61 78
36 40 41 46 59 60 61 76 77
36 40 41 46 51 59 60 61
34 42 59 61 63 73 78
34 42 59 61 63 73 76 77
34 42 59 61 63 71 72 78
34 42 59 61 63 71 72 76 77
34 42 59 61 62 73 78
34 42 59 61 62 73 76 77
34 42 59 61 62 71 72 78
34 42 59 61 62 71 72 76 77
34 42 51 59 61 63 73
34 42 51 59 61 63 71 72
34 42 51 59 61 62 73
34 42 51 59 61 62 71 72
34 42 46 59 61 63 78
34 42 46 59 61 63 76 77
34 42 46 59 61 62 78
34 42 46 59 61 62 76 77
34 42 46 51 59 61 63
34 42 46 51 59 61 62
34 40 41 59 61 63 73 78
34 40 41 59 61 63 73 76 77
34 40 41 59 61 63 71 72 78
34 40 41 59 61 63 71 72 76 77
34 40 41 59 61 62 73 78
34 40 41 59 61 62 73 76 77
34 40 41 59 61 62 71 72 78
34 40 41 59 61 62 71 72 76 77
34 40 41 51 59 61 63 73
34 40 41 51 59 61 63 71 72
34 40 41 51 59 61 62 73
34 40 41 51 59 61 62 71 72
34 40 41 46 59 61 63 78
34 40 41 46 59 61 63 76 77
34 40 41 46 59 61 62 78
34 40 41 46 59 61 62 76 77
34 40 41 46 51 59 61 63
34 40 41 46 51 59 61 62
34 36 42 59 61 73 78
34 36 42 59 61 73 76 77
34 36 42 59 61 71 72 78
34 36 42 59 61 71 72 76 77
34 36 42 51 59 61 73
34 36 42 51 59 61 71 72
34 36 42 46 59 61 78
34 36 42 46 59 61 76 77
34 36 42 46 51 59 61
34 36 40 41 59 61 73 78
34 36 40 41 59 61 73 76 77
34 36 40 41 59 61 71 72 78
34 36 40 41 59 61 71 72 76 77
34 36 40 41 51 59 61 73
34 36 40 41 51 59 61 71 72
34 36 40 41 46 59 61 78
34 36 40 41 46 59 61 76 77
34 36 40 41 46 51 59 61
15 59 60 61 63 73 78
15 59 60 61 63 73 76 77
15 59 60 61 63 71 72 78
15 59 60 61 63 71 72 76 77
15 59 60 61 62 73 78
15 59 60 61 62 73 76 77
15 59 60 61 62 71 72 78
15 59 60 61 62 71 72 76 77
15 51 59 60 61 63 73
15 51 59 60 61 63 71 72
15 51 59 60 61 62 73
15 51 59 60 61 62 71 72
15 46 59 60 61 63 78
15 46 59 60 61 63 76 77
15 46 59 60 61 62 78
15 46 59 60 61 62 76 77
15 46 51 59 60 61 63
15 46 51 59 60 61 62
15 36 59 60 61 73 78
15 36 59 60 61 73 76 77
15 36 59 60 61 71 72 78
15 36 59 60 61 71 72 76 77
15 36 51 59 60 61 73
15 36 51 59 60 61 71 72
15 36 46 59 60 61 78
15 36 46 59 60 61 76 77
15 36 46 51 59 60 61
15 34 59 61 63 73 78
15 34 59 61 63 73 76 77
15 34 59 61 63 71 72 78
15 34 59 61 63 71 72 76 77
15 34 59 61 62 73 78
15 34 59 61 62 73 76 77
15 34 59 61 62 71 72 78
15 34 59 61 62 71 72 76 77
15 34 51 59 61 63 73
15 34 51 59 61 63 71 72
15 34 51 59 61 62 73
15 34 51 59 61 62 71 72
15 34 46 59 61 63 78
15 34 46 59 61 63 76 77
15 34 46 59 61 62 78
15 34 46 59 61 62 76 77
15 34 46 51 59 61 63
15 34 46 51 59 61 62
15 34 36 59 61 73 78
15 34 36 59 61 73 76 77
15 34 36 59 61 71 72 78
15 34 36 59 61 71 72 76 77
15 34 36 51 59 61 73
15 34 36 51 59 61 71 72
15 34 36 46 59 61 78
15 34 36 46 59 61 76 77
15 34 36 46 51 59 61
42 48 59 61 63 73
42 48 59 61 63 71 72
42 48 59 61 62 73
42 48 59 61 62 71 72
42 46 48 59 61 63
42 46 48 59 61 62
42 46 47 59 61 63
42 46 47 59 61 63 73
42 46 47 59 61 63 71 72
42 46 47 59 61 62
42 46 47 59 61 62 73
42 46 47 59 61 62 71 72
40 41 48 59 61 63 73
40 41 48 59 61 63 71 72
40 41 48 59 61 62 73
40 41 48 59 61 62 71 72
40 41 46 48 59 61 63
40 41 46 48 59 61 62
40 41 46 47 59 61 63
40 41 46 47 59 61 63 73
40 41 46 47 59 61 63 71 72
40 41 46 47 59 61 62
40 41 46 47 59 61 62 73
40 41 46 47 59 61 62 71 72
36 42 48 59 61 73
36 42 48 59 61 71 72
36 42 46 48 59 61
36 42 46 47 59 61
36 42 46 47 59 61 73
36 42 46 47 59 61 71 72
36 40 41 48 59 61 73
36 40 41 48 59 61 71 72
36 40 41 46 48 59 61
36 40 41 46 47 59 61
36 40 41 46 47 59 61 73
36 40 41 46 47 59 61 71 72
21 42 59 61 63 73
21 42 59 61 63 71 72
21 42 59 61 62 73
21 42 59 61 62 71 72
21 42 46 59 61 63
21 42 46 59 61 62
21 40 41 59 61 63 73
21 40 41 59 61 63 71 72
21 40 41 59 61 62 73
21 40 41 59 61 62 71 72
21 40 41 46 59 61 63
21 40 41 46 59 61 62
21 36 42 59 61 73
21 36 42 59 61 71 72
21 36 42 46 59 61
21 36 40 41 59 61 73
21 36 40 41 59 61 71 72
21 36 40 41 46 59 61
15 48 59 61 63 73
15 48 59 61 63 71 72
15 48 59 61 62 73
15 48 59 61 62 71 72
15 46 48 59 61 63
15 46 48 59 61 62
15 46 47 59 61 63
15 46 47 59 61 63 73
15 46 47 59 61 63 71 72
15 46 47 59 61 62
15 46 47 59 61 62 73
15 46 47 59 61 62 71 72
15 36 48 59 61 73
15 36 48 59 61 71 72
15 36 46 48 59 61
15 36 46 47 59 61
15 36 46 47 59 61 73
15 36 46 47 59 61 71 72
15 21 59 61 63 73
15 21 59 61 63 71 72
15 21 59 61 62 73
15 21 59 61 62 71 72
15 21 46 59 61 63
15 21 46 59 61 62
15 21 36 59 61 73
15 21 36 59 61 71 72
15 21 36 46 59 61
42 59 61 64 73 78
42 59 61 64 73 76 77
42 59 61 64 71 72 78
42 59 61 64 71 72 76 77
42 59 61 62 63 73 78
42 59 61 62 63 73 76 77
42 59 61 62 63 71 72 78
42 59 61 62 63 71 72 76 77
42 59 60 61 64 73 78
42 59 60 61 64 73 76 77
42 59 60 61 64 71 72 78
42 59 60 61 64 71 72 76 77
42 59 60 61 62 63 73 78
42 59 60 61 62 63 73 76 77
42 59 60 61 62 63 71 72 78
42 59 60 61 62 63 71 72 76 77
42 51 59 61 64 73
42 51 59 61 64 71 72
42 51 59 61 62 63 73
42 51 59 61 62 63 71 72
42 51 59 60 61 64 73
42 51 59 60 61 64 71 72
42 51 59 60 61 62 63 73
42 51 59 60 61 62 63 71 72
42 49 59 61 73 78
42 49 59 61 73 76 77
42 49 59 61 71 72 78
42 49 59 61 71 72 76 77
42 49 59 60 61 73 78
42 49 59 60 61 73 76 77
42 49 59 60 61 71 72 78
42 49 59 60 61 71 72 76 77
42 49 51 59 61 73
42 49 51 59 61 71 72
42 49 51 59 60 61 73
42 49 51 59 60 61 71 72
42 47 48 59 61 73 78
42 47 48 59 61 73 76 77
42 47 48 59 61 71 72 78
42 47 48 59 61 71 72 76 77
42 47 48 59 60 61 73 78
42 47 48 59 60 61 73 76 77
42 47 48 59 60 61 71 72 78
42 47 48 59 60 61 71 72 76 77
42 47 48 51 59 61 73
42 47 48 51 59 61 71 72
42 47 48 51 59 60 61 73
42 47 48 51 59 60 61 71 72
42 46 59 61 64 78
42 46 59 61 64 76 77
42 46 59 61 62 63 78
42 46 59 61 62 63 76 77
42 46 59 60 61 64 78
42 46 59 60 61 64 76 77
42 46 59 60 61 62 63 78
42 46 59 60 61 62 63 76 77
42 46 51 59 61 64
42 46 51 59 61 62 63
42 46 51 59 60 61 64
42 46 51 59 60 61 62 63
42 46 49 59 61 78
42 46 49 59 61 76 77
42 46 49 59 60 61 78
42 46 49 59 60 61 76 77
42 46 49 51 59 61
42 46 49 51 59 60 61
42 46 47 48 59 61 78
42 46 47 48 59 61 76 77
42 46 47 48 59 60 61 78
42 46 47 48 59 60 61 76 77
42 46 47 48 51 59 61
42 46 47 48 51 59 60 61
37 42 59 61 73 78
37 42 59 61 73 76 77
37 42 59 61 71 72 78
37 42 59 61 71 72 76 77
37 42 59 60 61 73 78
37 42 59 60 61 73 76 77
37 42 59 60 61 71 72 78
37 42 59 60 61 71 72 76 77
37 42 51 59 61 73
37 42 51 59 61 71 72
37 42 51 59 60 61 73
37 42 51 59 60 61 71 72
37 42 46 59 61 78
37 42 46 59 61 76 77
37 42 46 59 60 61 78
37 42 46 59 60 61 76 77
37 42 46 51 59 61
37 42 46 51 59 60 61
34 42 59 61 64 73 78
34 42 59 61 64 73 76 77
34 42 59 61 64 71 72 78
34 42 59 61 64 71 72 76 77
34 42 59 61 62 63 73 78
34 42 59 61 62 63 73 76 77
34 42 59 61 62 63 71 72 78
34 42 59 61 62 63 71 72 76 77
34 42 51 59 61 64 73
34 42 51 59 61 64 71 72
34 42 51 59 61 62 63 73
34 42 51 59 61 62 63 71 72
34 42 49 59 61 73 78
34 42 49 59 61 73 76 77
34 42 49 59 61 71 72 78
34 42 49 59 61 71 72 76 77
34 42 49 51 59 61 73
34 42 49 51 59 61 71 72
34 42 47 48 59 61 73 78
34 42 47 48 59 61 73 76 77
34 42 47 48 59 61 71 72 78
34 42 47 48 59 61 71 72 76 77
34 42 47 48 51 59 61 73
34 42 47 48 51 59 61 71 72
34 42 46 59 61 64 78
34 42 46 59 61 64 76 77
34 42 46 59 61 62 63 78
34 42 46 59 61 62 63 76 77
34 42 46 51 59 61 64
34 42 46 51 59 61 62 63
34 42 46 49 59 61 78
34 42 46 49 59 61 76 77
34 42 46 49 51 59 61
34 42 46 47 48 59 61 78
34 42 46 47 48 59 61 76 77
34 42 46 47 48 51 59 61
34 37 42 59 61 73 78
34 37 42 59 61 73 76 77
34 37 42 59 61 71 72 78
34 37 42 59 61 71 72 76 77
34 37 42 51 59 61 73
34 37 42 51 59 61 71 72
34 37 42 46 59 61 78
34 37 42 46 59 61 76 77
34 37 42 46 51 59 61
22 42 59 61 73 78
22 42 59 61 73 76 77
22 42 59 61 71 72 78
22 42 59 61 71 72 76 77
22 42 59 60 61 73 78
22 42 59 60 61 73 76 77
22 42 59 60 61 71 72 78
22 42 59 60 61 71 72 76 77
22 42 51 59 61 73
22 42 51 59 61 71 72
22 42 51 59 60 61 73
22 42 51 59 60 61 71 72
22 42 46 59 61 78
22 42 46 59 61 76 77
22 42 46 59 60 61 78
22 42 46 59 60 61 76 77
22 42 46 51 59 61
22 42 46 51 59 60 61
22 34 42 59 61 73 78
22 34 42 59 61 73 76 77
22 34 42 59 61 71 72 78
22 34 42 59 61 71 72 76 77
22 34 42 51 59 61 73
22 34 42 51 59 61 71 72
22 34 42 46 59 61 78
22 34 42 46 59 61 76 77
22 34 42 46 51 59 61
59 61 69 73
59 61 69 71 72
59 61 67 68 73
59 61 67 68 71 72
59 61 65 69 73
59 61 65 69 71 72
59 61 65 67 68 73
59 61 65 67 68 71 72
59 60 69 73
59 60 69 71 72
59 60 67 68 73
59 60 67 68 71 72
59 60 65 69 73
59 60 65 69 71 72
59 60 65 67 68 73
59 60 65 67 68 71 72
46 59 61 69
46 59 61 67 68
46 59 61 65 69
46 59 61 65 67 68
46 59 60 69
46 59 60 67 68
46 59 60 65 69
46 59 60 65 67 68
42 59 61 65 73
42 59 61 65 71 72
42 59 60 73
42 59 60 71 72
42 59 60 65 73
42 59 60 65 71 72
42 46 59 61 65
42 46 59 60
42 46 59 60 65
34 59 69 73
34 59 69 71 72
34 59 67 68 73
34 59 67 68 71 72
34 59 65 69 73
34 59 65 69 71 72
34 59 65 67 68 73
34 59 65 67 68 71 72
34 46 59 69
34 46 59 67 68
34 46 59 65 69
34 46 59 65 67 68
34 42 59 73
34 42 59 71 72
34 42 59 65 73
34 42 59 65 71 72
34 42 46 59
34 42 46 59 65
