69 78 79
67 68 78 79
55 59 69
55 59 67 68
53 69
53 67 68
53 54 59 69
53 54 59 67 68
42 78 79
42 55 59
42 53
42 53 54 59
34 55
28 59 69
28 59 67 68
28 42 59
27 69 78 79
27 67 68 78 79
27 53 69
27 53 67 68
27 42 78 79
27 42 53

78 79
55 78 79
55 67
55 65 66
53
53 55
40 55
36 59
1 59 69 78 79
1 59 67 68 78 79
1 53 59 69
1 53 59 67 68
1 42 59 78 79
1 42 53 59
59 61 73 78 79
59 61 71 72 78 79
53 59 61 73
53 59 61 71 72
46 59 61 78 79
46 53 59 61
59 61 72 73 78 79
59 61 71 72 74 78 79
59 61 71 72 73 78 79
59 61 62 73 78 79
59 61 62 71 72 78 79
59 61 62 63 73 78 79
59 61 62 63 71 72 78 79
59 60 61 78 79
59 60 61 63 73 78 79
59 60 61 63 71 72 78 79
59 60 61 62 73 78 79
59 60 61 62 71 72 78 79
58 59 61 78 79
58 59 61 63 73 78 79
58 59 61 63 71 72 78 79
58 59 61 62 73 78 79
58 59 61 62 71 72 78 79
57 58 59 61 73 78 79
57 58 59 61 71 72 78 79
56 57 59 61 63 73 78 79
56 57 59 61 63 71 72 78 79
56 57 59 61 62 73 78 79
56 57 59 61 62 71 72 78 79
53 59 61 72 73
53 59 61 71 72 74
53 59 61 71 72 73
53 59 61 62 73
53 59 61 62 71 72
53 59 61 62 63 73
53 59 61 62 63 71 72
53 59 60 61
53 59 60 61 63 73
53 59 60 61 63 71 72
53 59 60 61 62 73
53 59 60 61 62 71 72
53 58 59 61
53 58 59 61 63 73
53 58 59 61 63 71 72
53 58 59 61 62 73
53 58 59 61 62 71 72
53 57 58 59 61 73
53 57 58 59 61 71 72
53 56 57 59 61 63 73
53 56 57 59 61 63 71 72
53 56 57 59 61 62 73
53 56 57 59 61 62 71 72
50 59 61 73 78 79
50 59 61 71 72 78 79
50 53 59 61 73
50 53 59 61 71 72
49 59 61 63 73 78 79
49 59 61 63 71 72 78 79
49 59 61 62 73 78 79
49 59 61 62 71 72 78 79
49 53 59 61 63 73
49 53 59 61 63 71 72
49 53 59 61 62 73
49 53 59 61 62 71 72
48 49 59 61 73 78 79
48 49 59 61 71 72 78 79
48 49 53 59 61 73
48 49 53 59 61 71 72
47 59 61 73 78 79
47 59 61 71 72 78 79
47 53 59 61 73
47 53 59 61 71 72
47 48 59 61 63 73 78 79
47 48 59 61 63 71 72 78 79
47 48 59 61 62 73 78 79
47 48 59 61 62 71 72 78 79
47 48 53 59 61 63 73
47 48 53 59 61 63 71 72
47 48 53 59 61 62 73
47 48 53 59 61 62 71 72
46 59 61 74 78 79
46 59 61 72 73 78 79
46 59 61 62 78 79
46 59 61 62 63 78 79
46 59 60 61 63 78 79
46 59 60 61 62 78 79
46 58 59 61 63 78 79
46 58 59 61 62 78 79
46 57 58 59 61 78 79
46 56 57 59 61 63 78 79
46 56 57 59 61 62 78 79
46 53 59 61 74
46 53 59 61 72 73
46 53 59 61 62
46 53 59 61 62 63
46 53 59 60 61 63
46 53 59 60 61 62
46 53 58 59 61 63
46 53 58 59 61 62
46 53 57 58 59 61
46 53 56 57 59 61 63
46 53 56 57 59 61 62
46 50 59 61 78 79
46 50 53 59 61
46 49 59 61 63 78 79
46 49 59 61 62 78 79
46 49 53 59 61 63
46 49 53 59 61 62
46 48 49 59 61 78 79
46 48 49 53 59 61
46 47 59 61 78 79
46 47 53 59 61
46 47 48 59 61 63 78 79
46 47 48 59 61 62 78 79
46 47 48 53 59 61 63
46 47 48 53 59 61 62
36 59 61 62 73 78 79
36 59 61 62 71 72 78 79
36 59 60 61 73 78 79
36 59 60 61 71 72 78 79
36 58 59 61 73 78 79
36 58 59 61 71 72 78 79
36 56 57 59 61 73 78 79
36 56 57 59 61 71 72 78 79
36 53 59 61 62 73
36 53 59 61 62 71 72
36 53 59 60 61 73
36 53 59 60 61 71 72
36 53 58 59 61 73
36 53 58 59 61 71 72
36 53 56 57 59 61 73
36 53 56 57 59 61 71 72
36 49 59 61 73 78 79
36 49 59 61 71 72 78 79
36 49 53 59 61 73
36 49 53 59 61 71 72
36 47 48 59 61 73 78 79
36 47 48 59 61 71 72 78 79
36 47 48 53 59 61 73
36 47 48 53 59 61 71 72
36 46 59 61 62 78 79
36 46 59 60 61 78 79
36 46 58 59 61 78 79
36 46 56 57 59 61 78 79
36 46 53 59 61 62
36 46 53 59 60 61
36 46 53 58 59 61
36 46 53 56 57 59 61
36 46 49 59 61 78 79
36 46 49 53 59 61
36 46 47 48 59 61 78 79
36 46 47 48 53 59 61
35 59 61 63 73 78 79
35 59 61 63 71 72 78 79
35 59 61 62 73 78 79
35 59 61 62 71 72 78 79
35 53 59 61 63 73
35 53 59 61 63 71 72
35 53 59 61 62 73
35 53 59 61 62 71 72
35 46 59 61 63 78 79
35 46 59 61 62 78 79
35 46 53 59 61 63
35 46 53 59 61 62
35 36 59 61 73 78 79
35 36 59 61 71 72 78 79
35 36 53 59 61 73
35 36 53 59 61 71 72
35 36 46 59 61 78 79
35 36 46 53 59 61
33 59 61 78 79
33 53 59 61
32 59 61 73 78 79
32 59 61 71 72 78 79
32 53 59 61 73
32 53 59 61 71 72
32 46 59 61 78 79
32 46 53 59 61
31 59 61 63 73 78 79
31 59 61 63 71 72 78 79
31 59 61 62 73 78 79
31 59 61 62 71 72 78 79
31 53 59 61 63 73
31 53 59 61 63 71 72
31 53 59 61 62 73
31 53 59 61 62 71 72
31 46 59 61 63 78 79
31 46 59 61 62 78 79
31 46 53 59 61 63
31 46 53 59 61 62
31 36 59 61 73 78 79
31 36 59 61 71 72 78 79
31 36 53 59 61 73
31 36 53 59 61 71 72
31 36 46 59 61 78 79
31 36 46 53 59 61
23 59 61 73 78 79
23 59 61 71 72 78 79
23 53 59 61 73
23 53 59 61 71 72
23 46 59 61 78 79
23 46 53 59 61
22 59 61 63 73 78 79
22 59 61 63 71 72 78 79
22 59 61 62 73 78 79
22 59 61 62 71 72 78 79
22 53 59 61 63 73
22 53 59 61 63 71 72
22 53 59 61 62 73
22 53 59 61 62 71 72
22 46 59 61 63 78 79
22 46 59 61 62 78 79
22 46 53 59 61 63
22 46 53 59 61 62
22 36 59 61 73 78 79
22 36 59 61 71 72 78 79
22 36 53 59 61 73
22 36 53 59 61 71 72
22 36 46 59 61 78 79
22 36 46 53 59 61
44 59 61 65 73
44 59 61 65 71 72
44 59 61 63 64 73
44 59 61 63 64 71 72
44 46 59 61 65
44 46 59 61 63 64
42 43 59 61 65 73
42 43 59 61 65 71 72
42 43 59 61 63 64 73
42 43 59 61 63 64 71 72
42 43 46 59 61 65
42 43 46 59 61 63 64
38 44 59 61 73
38 44 59 61 71 72
38 44 46 59 61
38 42 43 59 61 73
38 42 43 59 61 71 72
38 42 43 46 59 61
30 44 59 61 65 73
30 44 59 61 65 71 72
30 44 59 61 63 64 73
30 44 59 61 63 64 71 72
30 44 46 59 61 65
30 44 46 59 61 63 64
30 42 43 59 61 65 73
30 42 43 59 61 65 71 72
30 42 43 59 61 63 64 73
30 42 43 59 61 63 64 71 72
30 42 43 46 59 61 65
30 42 43 46 59 61 63 64
30 38 44 59 61 73
30 38 44 59 61 71 72
30 38 44 46 59 61
30 38 42 43 59 61 73
30 38 42 43 59 61 71 72
30 38 42 43 46 59 61
28 29 44 59 61 65 73
28 29 44 59 61 65 71 72
28 29 44 59 61 63 64 73
28 29 44 59 61 63 64 71 72
28 29 44 46 59 61 65
28 29 44 46 59 61 63 64
28 29 42 43 59 61 65 73
28 29 42 43 59 61 65 71 72
28 29 42 43 59 61 63 64 73
28 29 42 43 59 61 63 64 71 72
28 29 42 43 46 59 61 65
28 29 42 43 46 59 61 63 64
28 29 38 44 59 61 73
28 29 38 44 59 61 71 72
28 29 38 44 46 59 61
28 29 38 42 43 59 61 73
28 29 38 42 43 59 61 71 72
28 29 38 42 43 46 59 61
17 59 61 65 73
17 59 61 65 71 72
17 59 61 63 64 73
17 59 61 63 64 71 72
17 46 59 61 65
17 46 59 61 63 64
17 38 59 61 73
17 38 59 61 71 72
17 38 46 59 61
17 30 59 61 65 73
17 30 59 61 65 71 72
17 30 59 61 63 64 73
17 30 59 61 63 64 71 72
17 30 46 59 61 65
17 30 46 59 61 63 64
17 30 38 59 61 73
17 30 38 59 61 71 72
17 30 38 46 59 61
17 28 29 59 61 65 73
17 28 29 59 61 65 71 72
17 28 29 59 61 63 64 73
17 28 29 59 61 63 64 71 72
17 28 29 46 59 61 65
17 28 29 46 59 61 63 64
17 28 29 38 59 61 73
17 28 29 38 59 61 71 72
17 28 29 38 46 59 61
3 44 59 61 65 73
3 44 59 61 65 71 72
3 44 59 61 63 64 73
3 44 59 61 63 64 71 72
3 44 46 59 61 65
3 44 46 59 61 63 64
3 42 43 59 61 65 73
3 42 43 59 61 65 71 72
3 42 43 59 61 63 64 73
3 42 43 59 61 63 64 71 72
3 42 43 46 59 61 65
3 42 43 46 59 61 63 64
3 38 44 59 61 73
3 38 44 59 61 71 72
3 38 44 46 59 61
3 38 42 43 59 61 73
3 38 42 43 59 61 71 72
3 38 42 43 46 59 61
3 17 59 61 65 73
3 17 59 61 65 71 72
3 17 59 61 63 64 73
3 17 59 61 63 64 71 72
3 17 46 59 61 65
3 17 46 59 61 63 64
3 17 38 59 61 73
3 17 38 59 61 71 72
3 17 38 46 59 61
59 61 73 74 78 79
53 59 61 73 74
57 59 73
57 59 71 72
46 57 59
34 61
71
71 78 79
69 70
69 70 78 79
53 71
53 69 70
44
44 78 79
44 53
8
1 69
1 67 68
1 42
34
34 68 69 78 79
34 67 68 78 79
34 53
34 53 78 79
34 53 68 69
34 53 67 68
34 51 52 78 79
34 51 52 53
34 42 68 78 79
34 42 53 68
26 34 78 79
26 34 53
20 34 69
20 34 67 68
20 34 42
1 34 69
1 34 67 68
1 34 42
59 61 63 73 75 78 79
59 61 63 73 74 78 79
59 61 63 71 72 75 78 79
59 61 63 71 72 73 74 78 79
59 61 62 73 75 78 79
59 61 62 73 74 78 79
59 61 62 71 72 75 78 79
59 61 62 71 72 73 74 78 79
53 59 61 63 73 75
53 59 61 63 73 74
53 59 61 63 71 72 75
53 59 61 63 71 72 73 74
53 59 61 62 73 75
53 59 61 62 73 74
53 59 61 62 71 72 75
53 59 61 62 71 72 73 74
48 59 61 63 73 78 79
48 59 61 63 71 72 78 79
48 59 61 62 73 78 79
48 59 61 62 71 72 78 79
48 53 59 61 63 73
48 53 59 61 63 71 72
48 53 59 61 62 73
48 53 59 61 62 71 72
46 59 61 63 75 78 79
46 59 61 63 73 74 78 79
46 59 61 62 75 78 79
46 59 61 62 73 74 78 79
46 53 59 61 63 75
46 53 59 61 63 73 74
46 53 59 61 62 75
46 53 59 61 62 73 74
46 48 59 61 63 78 79
46 48 59 61 62 78 79
46 48 53 59 61 63
46 48 53 59 61 62
36 59 61 73 75 78 79
36 59 61 73 74 78 79
36 59 61 71 72 75 78 79
36 59 61 71 72 73 74 78 79
36 53 59 61 73 75
36 53 59 61 73 74
36 53 59 61 71 72 75
36 53 59 61 71 72 73 74
36 48 59 61 73 78 79
36 48 59 61 71 72 78 79
36 48 53 59 61 73
36 48 53 59 61 71 72
36 46 59 61 75 78 79
36 46 59 61 73 74 78 79
36 46 53 59 61 75
36 46 53 59 61 73 74
36 46 48 59 61 78 79
36 46 48 53 59 61
59 61 63 73 77 78 79
59 61 63 73 75 76 78 79
59 61 63 71 72 77 78 79
59 61 63 71 72 75 76 78 79
59 61 62 73 77 78 79
59 61 62 73 75 76 78 79
59 61 62 71 72 77 78 79
59 61 62 71 72 75 76 78 79
53 59 61 63 73 77
53 59 61 63 73 75 76
53 59 61 63 71 72 77
53 59 61 63 71 72 75 76
53 59 61 62 73 77
53 59 61 62 73 75 76
53 59 61 62 71 72 77
53 59 61 62 71 72 75 76
50 59 61 63 73 78 79
50 59 61 63 71 72 78 79
50 59 61 62 73 78 79
50 59 61 62 71 72 78 79
50 53 59 61 63 73
50 53 59 61 63 71 72
50 53 59 61 62 73
50 53 59 61 62 71 72
46 59 61 63 77 78 79
46 59 61 63 75 76 78 79
46 59 61 62 77 78 79
46 59 61 62 75 76 78 79
46 53 59 61 63 77
46 53 59 61 63 75 76
46 53 59 61 62 77
46 53 59 61 62 75 76
46 50 59 61 63 78 79
46 50 59 61 62 78 79
46 50 53 59 61 63
46 50 53 59 61 62
36 59 61 73 77 78 79
36 59 61 73 75 76 78 79
36 59 61 71 72 77 78 79
36 59 61 71 72 75 76 78 79
36 53 59 61 73 77
36 53 59 61 73 75 76
36 53 59 61 71 72 77
36 53 59 61 71 72 75 76
36 50 59 61 73 78 79
36 50 59 61 71 72 78 79
36 50 53 59 61 73
36 50 53 59 61 71 72
36 46 59 61 77 78 79
36 46 59 61 75 76 78 79
36 46 53 59 61 77
36 46 53 59 61 75 76
36 46 50 59 61 78 79
36 46 50 53 59 61
57 59 63 73
57 59 63 71 72
57 59 61 62 73
57 59 61 62 71 72
46 57 59 63
46 57 59 61 62
36 57 59 73
36 57 59 71 72
36 46 57 59
