69 78 79
68 78 79
68 69
68 69 78 79
67 68
61
61 69
61 67 68
59 69
59 67 68
59 61 69
59 61 67 68
57 61 73 77
57 61 73 75 76
57 61 71 72 77
57 61 71 72 75 76
57 59 63 73
57 59 63 73 78 79
57 59 63 71 72
57 59 63 71 72 78 79
57 59 63 65 73 78 79
57 59 63 65 71 72 78 79
57 59 61 73 77
57 59 61 73 75 76
57 59 61 71 72 77
57 59 61 71 72 75 76
57 59 61 62 73
57 59 61 62 73 78 79
57 59 61 62 71 72
57 59 61 62 71 72 78 79
57 59 61 62 65 73 78 79
57 59 61 62 65 71 72 78 79
57 59 60 73 77
57 59 60 73 75 76
57 59 60 71 72 77
57 59 60 71 72 75 76
57 59 60 61 73 77
57 59 60 61 73 75 76
57 59 60 61 71 72 77
57 59 60 61 71 72 75 76
55 69
55 69 78 79
55 67 68
55 67 68 78 79
55 57 61 73 77
55 57 61 73 75 76
55 57 61 71 72 77
55 57 61 71 72 75 76
55 57 59 60 73 77
55 57 59 60 73 75 76
55 57 59 60 71 72 77
55 57 59 60 71 72 75 76
53 69
53 68
53 68 69
53 57 59 63 73
53 57 59 63 71 72
53 57 59 63 65 73
53 57 59 63 65 71 72
53 57 59 61 62 73
53 57 59 61 62 71 72
53 57 59 61 62 65 73
53 57 59 61 62 65 71 72
53 55 69
53 55 67 68
52
50 57 61 73
50 57 61 71 72
50 57 59 61 73
50 57 59 61 71 72
50 57 59 60 73
50 57 59 60 71 72
50 57 59 60 61 73
50 57 59 60 61 71 72
50 55 57 61 73
50 55 57 61 71 72
50 55 57 59 60 73
50 55 57 59 60 71 72
46 57 61 73 77
46 57 61 73 75 76
46 57 61 71 72 77
46 57 61 71 72 75 76
46 57 59 63
46 57 59 63 78 79
46 57 59 63 65 78 79
46 57 59 61 77
46 57 59 61 75 76
46 57 59 61 62
46 57 59 61 62 78 79
46 57 59 61 62 65 78 79
46 57 59 60 73 77
46 57 59 60 73 75 76
46 57 59 60 71 72 77
46 57 59 60 71 72 75 76
46 57 59 60 61 77
46 57 59 60 61 75 76
46 55 57 61 77
46 55 57 61 75 76
46 55 57 59 60 77
46 55 57 59 60 75 76
46 53 57 59 63
46 53 57 59 63 65
46 53 57 59 61 62
46 53 57 59 61 62 65
46 50 57 61 73
46 50 57 61 71 72
46 50 57 59 61
46 50 57 59 60 73
46 50 57 59 60 71 72
46 50 57 59 60 61
46 50 55 57 61
46 50 55 57 59 60
44 57 59 63 73 78 79
44 57 59 63 71 72 78 79
44 57 59 61 73 77
44 57 59 61 73 75 76
44 57 59 61 71 72 77
44 57 59 61 71 72 75 76
44 57 59 61 62 73 78 79
44 57 59 61 62 71 72 78 79
44 57 59 60 73 77
44 57 59 60 73 75 76
44 57 59 60 71 72 77
44 57 59 60 71 72 75 76
44 53 57 59 63 73
44 53 57 59 63 71 72
44 53 57 59 61 62 73
44 53 57 59 61 62 71 72
44 50 57 59 61 73
44 50 57 59 61 71 72
44 50 57 59 60 73
44 50 57 59 60 71 72
44 46 57 59 63 78 79
44 46 57 59 61 77
44 46 57 59 61 75 76
44 46 57 59 61 62 78 79
44 46 57 59 60 77
44 46 57 59 60 75 76
44 46 53 57 59 63
44 46 53 57 59 61 62
44 46 50 57 59 61
44 46 50 57 59 60
43
42 78 79
42 68
42 68 78 79
42 61
42 59
42 59 61
42 59 61 78
42 59 61 77 78
42 59 61 75 76 78
42 59 61 75 76 77
42 57 59 73
42 57 59 71 72
42 57 59 61 73
42 57 59 61 73 77
42 57 59 61 73 75 76
42 57 59 61 71 72
42 57 59 61 71 72 77
42 57 59 61 71 72 75 76
42 57 59 60 73
42 57 59 60 73 77
42 57 59 60 73 75 76
42 57 59 60 71 72
42 57 59 60 71 72 77
42 57 59 60 71 72 75 76
42 55
42 55 78 79
42 53
42 53 68
42 53 55
42 51 59 61
42 51 59 61 77
42 51 59 61 75 76
42 50 59 61 78
42 50 59 61 76 77
42 50 57 59 61 73
42 50 57 59 61 71 72
42 50 57 59 60 73
42 50 57 59 60 71 72
42 50 51 59 61
42 48 57 59 73
42 48 57 59 71 72
42 46 57 59
42 46 57 59 61
42 46 57 59 61 77
42 46 57 59 61 75 76
42 46 57 59 60
42 46 57 59 60 77
42 46 57 59 60 75 76
42 46 50 57 59 61
42 46 50 57 59 60
42 46 48 57 59
42 46 47 57 59
42 46 47 57 59 73
42 46 47 57 59 71 72
42 43 57 59 63 73 78 79
42 43 57 59 63 71 72 78 79
42 43 57 59 61 73 77
42 43 57 59 61 73 75 76
42 43 57 59 61 71 72 77
42 43 57 59 61 71 72 75 76
42 43 57 59 61 62 73 78 79
42 43 57 59 61 62 71 72 78 79
42 43 57 59 60 73 77
42 43 57 59 60 73 75 76
42 43 57 59 60 71 72 77
42 43 57 59 60 71 72 75 76
42 43 53 57 59 63 73
42 43 53 57 59 63 71 72
42 43 53 57 59 61 62 73
42 43 53 57 59 61 62 71 72
42 43 50 57 59 61 73
42 43 50 57 59 61 71 72
42 43 50 57 59 60 73
42 43 50 57 59 60 71 72
42 43 46 57 59 63 78 79
42 43 46 57 59 61 77
42 43 46 57 59 61 75 76
42 43 46 57 59 61 62 78 79
42 43 46 57 59 60 77
42 43 46 57 59 60 75 76
42 43 46 53 57 59 63
42 43 46 53 57 59 61 62
42 43 46 50 57 59 61
42 43 46 50 57 59 60
40 41 59 61 78
40 41 59 61 77 78
40 41 59 61 75 76 78
40 41 59 61 75 76 77
40 41 57 59 73
40 41 57 59 71 72
40 41 57 59 61 73
40 41 57 59 61 73 77
40 41 57 59 61 73 75 76
40 41 57 59 61 71 72
40 41 57 59 61 71 72 77
40 41 57 59 61 71 72 75 76
40 41 57 59 60 73
40 41 57 59 60 73 77
40 41 57 59 60 73 75 76
40 41 57 59 60 71 72
40 41 57 59 60 71 72 77
40 41 57 59 60 71 72 75 76
40 41 51 59 61
40 41 51 59 61 77
40 41 51 59 61 75 76
40 41 50 59 61 78
40 41 50 59 61 76 77
40 41 50 57 59 61 73
40 41 50 57 59 61 71 72
40 41 50 57 59 60 73
40 41 50 57 59 60 71 72
40 41 50 51 59 61
40 41 48 57 59 73
40 41 48 57 59 71 72
40 41 46 57 59
40 41 46 57 59 61
40 41 46 57 59 61 77
40 41 46 57 59 61 75 76
40 41 46 57 59 60
40 41 46 57 59 60 77
40 41 46 57 59 60 75 76
40 41 46 50 57 59 61
40 41 46 50 57 59 60
40 41 46 48 57 59
40 41 46 47 57 59
40 41 46 47 57 59 73
40 41 46 47 57 59 71 72
36
36 69 78 79
36 68 78 79
36 68 69 78 79
36 57 59 73
36 57 59 73 78 79
36 57 59 71 72
36 57 59 71 72 78 79
36 57 59 65 73 78 79
36 57 59 65 71 72 78 79
36 53 69
36 53 68
36 53 68 69
36 53 57 59 73
36 53 57 59 71 72
36 53 57 59 65 73
36 53 57 59 65 71 72
36 46 57 59
36 46 57 59 78 79
36 46 57 59 65 78 79
36 46 53 57 59
36 46 53 57 59 65
36 44 57 59 73 78 79
36 44 57 59 71 72 78 79
36 44 53 57 59 73
36 44 53 57 59 71 72
36 44 46 57 59 78 79
36 44 46 53 57 59
36 42 78 79
36 42 68 78 79
36 42 53
36 42 53 68
36 42 43 57 59 73 78 79
36 42 43 57 59 71 72 78 79
36 42 43 53 57 59 73
36 42 43 53 57 59 71 72
36 42 43 46 57 59 78 79
36 42 43 46 53 57 59
34
34 61
34 57 61 73 77
34 57 61 73 75 76
34 57 61 71 72 77
34 57 61 71 72 75 76
34 57 59 73 77
34 57 59 73 75 76
34 57 59 71 72 77
34 57 59 71 72 75 76
34 55 57 73 77
34 55 57 73 75 76
34 55 57 71 72 77
34 55 57 71 72 75 76
34 50 57 61 73
34 50 57 61 71 72
34 50 57 59 73
34 50 57 59 71 72
34 50 55 57 73
34 50 55 57 71 72
34 46 57 77
34 46 57 75 76
34 46 57 73 77
34 46 57 73 75 76
34 46 57 71 72 77
34 46 57 71 72 75 76
34 46 57 61 77
34 46 57 61 75 76
34 46 57 59 77
34 46 57 59 75 76
34 46 55 57 77
34 46 55 57 75 76
34 46 50 57
34 46 50 57 73
34 46 50 57 71 72
34 46 50 57 61
34 46 50 57 59
34 46 50 55 57
34 44 57 59 73 77
34 44 57 59 73 75 76
34 44 57 59 71 72 77
34 44 57 59 71 72 75 76
34 44 50 57 59 73
34 44 50 57 59 71 72
34 44 46 57 59 77
34 44 46 57 59 75 76
34 44 46 50 57 59
34 42 57 59 73
34 42 57 59 73 77
34 42 57 59 73 75 76
34 42 57 59 71 72
34 42 57 59 71 72 77
34 42 57 59 71 72 75 76
34 42 50 57 59 73
34 42 50 57 59 71 72
34 42 46 57 59
34 42 46 57 59 77
34 42 46 57 59 75 76
34 42 46 50 57 59
34 42 43 57 59 73 77
34 42 43 57 59 73 75 76
34 42 43 57 59 71 72 77
34 42 43 57 59 71 72 75 76
34 42 43 50 57 59 73
34 42 43 50 57 59 71 72
34 42 43 46 57 59 77
34 42 43 46 57 59 75 76
34 42 43 46 50 57 59
34 40 41 57 59 73
34 40 41 57 59 73 77
34 40 41 57 59 73 75 76
34 40 41 57 59 71 72
34 40 41 57 59 71 72 77
34 40 41 57 59 71 72 75 76
34 40 41 50 57 59 73
34 40 41 50 57 59 71 72
34 40 41 46 57 59
34 40 41 46 57 59 77
34 40 41 46 57 59 75 76
34 40 41 46 50 57 59
22 69
22 67 68
22 42
21 42 57 59 73
21 42 57 59 71 72
21 42 46 57 59
21 40 41 57 59 73
21 40 41 57 59 71 72
21 40 41 46 57 59
20 69
20 67 68
20 42
17 57 59 63 73 78 79
17 57 59 63 71 72 78 79
17 57 59 61 73 77
17 57 59 61 73 75 76
17 57 59 61 71 72 77
17 57 59 61 71 72 75 76
17 57 59 61 62 73 78 79
17 57 59 61 62 71 72 78 79
17 57 59 60 73 77
17 57 59 60 73 75 76
17 57 59 60 71 72 77
17 57 59 60 71 72 75 76
17 53 57 59 63 73
17 53 57 59 63 71 72
17 53 57 59 61 62 73
17 53 57 59 61 62 71 72
17 50 57 59 61 73
17 50 57 59 61 71 72
17 50 57 59 60 73
17 50 57 59 60 71 72
17 46 57 59 63 78 79
17 46 57 59 61 77
17 46 57 59 61 75 76
17 46 57 59 61 62 78 79
17 46 57 59 60 77
17 46 57 59 60 75 76
17 46 53 57 59 63
17 46 53 57 59 61 62
17 46 50 57 59 61
17 46 50 57 59 60
17 36 57 59 73 78 79
17 36 57 59 71 72 78 79
17 36 53 57 59 73
17 36 53 57 59 71 72
17 36 46 57 59 78 79
17 36 46 53 57 59
17 34 57 59 73 77
17 34 57 59 73 75 76
17 34 57 59 71 72 77
17 34 57 59 71 72 75 76
17 34 50 57 59 73
17 34 50 57 59 71 72
17 34 46 57 59 77
17 34 46 57 59 75 76
17 34 46 50 57 59
15 59 61 78
15 59 61 77 78
15 59 61 75 76 78
15 59 61 75 76 77
15 57 59 73
15 57 59 71 72
15 57 59 61 73
15 57 59 61 73 77
15 57 59 61 73 75 76
15 57 59 61 71 72
15 57 59 61 71 72 77
15 57 59 61 71 72 75 76
15 57 59 60 73
15 57 59 60 73 77
15 57 59 60 73 75 76
15 57 59 60 71 72
15 57 59 60 71 72 77
15 57 59 60 71 72 75 76
15 51 59 61
15 51 59 61 77
15 51 59 61 75 76
15 50 59 61 78
15 50 59 61 76 77
15 50 57 59 61 73
15 50 57 59 61 71 72
15 50 57 59 60 73
15 50 57 59 60 71 72
15 50 51 59 61
15 48 57 59 73
15 48 57 59 71 72
15 46 57 59
15 46 57 59 61
15 46 57 59 61 77
15 46 57 59 61 75 76
15 46 57 59 60
15 46 57 59 60 77
15 46 57 59 60 75 76
15 46 50 57 59 61
15 46 50 57 59 60
15 46 48 57 59
15 46 47 57 59
15 46 47 57 59 73
15 46 47 57 59 71 72
15 34 57 59 73
15 34 57 59 73 77
15 34 57 59 73 75 76
15 34 57 59 71 72
15 34 57 59 71 72 77
15 34 57 59 71 72 75 76
15 34 50 57 59 73
15 34 50 57 59 71 72
15 34 46 57 59
15 34 46 57 59 77
15 34 46 57 59 75 76
15 34 46 50 57 59
15 21 57 59 73
15 21 57 59 71 72
15 21 46 57 59
14 42 57 59 73
14 42 57 59 71 72
14 42 48 57 59 73
14 42 48 57 59 71 72
14 42 46 57 59
14 42 46 48 57 59
14 42 46 47 57 59
14 42 46 47 57 59 73
14 42 46 47 57 59 71 72
14 40 41 57 59 73
14 40 41 57 59 71 72
14 40 41 48 57 59 73
14 40 41 48 57 59 71 72
14 40 41 46 57 59
14 40 41 46 48 57 59
14 40 41 46 47 57 59
14 40 41 46 47 57 59 73
14 40 41 46 47 57 59 71 72
14 21 42 57 59 73
14 21 42 57 59 71 72
14 21 42 46 57 59
14 21 40 41 57 59 73
14 21 40 41 57 59 71 72
14 21 40 41 46 57 59
14 15 57 59 73
14 15 57 59 71 72
14 15 48 57 59 73
14 15 48 57 59 71 72
14 15 46 57 59
14 15 46 48 57 59
14 15 46 47 57 59
14 15 46 47 57 59 73
14 15 46 47 57 59 71 72
14 15 21 57 59 73
14 15 21 57 59 71 72
14 15 21 46 57 59
10
10 61 69
10 61 67 68
10 42 61
9 68
8 9
4 57 61 73 77
4 57 61 73 75 76
4 57 61 71 72 77
4 57 61 71 72 75 76
4 57 59 60 73 77
4 57 59 60 73 75 76
4 57 59 60 71 72 77
4 57 59 60 71 72 75 76
4 50 57 61 73
4 50 57 61 71 72
4 50 57 59 60 73
4 50 57 59 60 71 72
4 46 57 61 77
4 46 57 61 75 76
4 46 57 59 60 77
4 46 57 59 60 75 76
4 46 50 57 61
4 46 50 57 59 60
4 34 57 73 77
4 34 57 73 75 76
4 34 57 71 72 77
4 34 57 71 72 75 76
4 34 50 57 73
4 34 50 57 71 72
4 34 46 57 77
4 34 46 57 75 76
4 34 46 50 57
2 3 57 61 73 77
2 3 57 61 73 75 76
2 3 57 61 71 72 77
2 3 57 61 71 72 75 76
2 3 57 59 60 73 77
2 3 57 59 60 73 75 76
2 3 57 59 60 71 72 77
2 3 57 59 60 71 72 75 76
2 3 50 57 61 73
2 3 50 57 61 71 72
2 3 50 57 59 60 73
2 3 50 57 59 60 71 72
2 3 46 57 61 77
2 3 46 57 61 75 76
2 3 46 57 59 60 77
2 3 46 57 59 60 75 76
2 3 46 50 57 61
2 3 46 50 57 59 60
2 3 34 57 73 77
2 3 34 57 73 75 76
2 3 34 57 71 72 77
2 3 34 57 71 72 75 76
2 3 34 50 57 73
2 3 34 50 57 71 72
2 3 34 46 57 77
2 3 34 46 57 75 76
2 3 34 46 50 57
1
1 69
1 68
1 67
1 67 68
1 65 66
1 59 69
1 59 67 68
1 55
1 55 59 69
1 55 59 67 68
1 42
1 42 59
1 42 55 59
1 40
1 36 69
1 36 68 69
1 36 59 67
1 36 59 65 66
1 36 42
1 36 42 68
1 36 40 59
1 35 67
1 35 65 66
1 35 40
1 34
1 34 67
1 34 65 66
1 34 40
1 20 69
1 20 67
1 20 67 68
1 20 65 66
1 20 42
1 20 40
0 68

