42 59 71 73
42 59 71 72
42 59 69 70 73
42 59 69 70 71 72
42 46 59 71
42 46 59 69 70
42 44 59 73
42 44 59 71 72
42 44 46 59
40 41 59 71 73
40 41 59 71 72
40 41 59 69 70 73
40 41 59 69 70 71 72
40 41 46 59 71
40 41 46 59 69 70
40 41 44 59 73
40 41 44 59 71 72
40 41 44 46 59
15 59 71 73
15 59 71 72
15 59 69 70 73
15 59 69 70 71 72
15 46 59 71
15 46 59 69 70
15 44 59 73
15 44 59 71 72
15 44 46 59
42 59 60 61 73
42 59 60 61 71 72
42 58 59 61 73
42 58 59 61 71 72
42 46 59 60 61
42 46 58 59 61
40 41 59 60 61 73
40 41 59 60 61 71 72
40 41 58 59 61 73
40 41 58 59 61 71 72
40 41 46 59 60 61
40 41 46 58 59 61
33 42 59 61 73
33 42 59 61 71 72
33 42 46 59 61
33 40 41 59 61 73
33 40 41 59 61 71 72
33 40 41 46 59 61
15 59 60 61 73
15 59 60 61 71 72
15 58 59 61 73
15 58 59 61 71 72
15 46 59 60 61
15 46 58 59 61
15 33 59 61 73
15 33 59 61 71 72
15 33 46 59 61
44 59 60 73
44 59 60 73 78
44 59 60 73 76 77
44 59 60 71 72
44 59 60 71 72 78
44 59 60 71 72 76 77
44 58 59 73
44 58 59 73 78
44 58 59 73 76 77
44 58 59 71 72
44 58 59 71 72 78
44 58 59 71 72 76 77
44 51 59 60 73
44 51 59 60 71 72
44 51 58 59 73
44 51 58 59 71 72
44 46 59 60
44 46 59 60 78
44 46 59 60 76 77
44 46 58 59
44 46 58 59 78
44 46 58 59 76 77
44 46 51 59 60
44 46 51 58 59
42 43 59 60 73
42 43 59 60 73 78
42 43 59 60 73 76 77
42 43 59 60 71 72
42 43 59 60 71 72 78
42 43 59 60 71 72 76 77
42 43 58 59 73
42 43 58 59 73 78
42 43 58 59 73 76 77
42 43 58 59 71 72
42 43 58 59 71 72 78
42 43 58 59 71 72 76 77
42 43 51 59 60 73
42 43 51 59 60 71 72
42 43 51 58 59 73
42 43 51 58 59 71 72
42 43 46 59 60
42 43 46 59 60 78
42 43 46 59 60 76 77
42 43 46 58 59
42 43 46 58 59 78
42 43 46 58 59 76 77
42 43 46 51 59 60
42 43 46 51 58 59
33 44 59 73
33 44 59 73 78
33 44 59 73 76 77
33 44 59 71 72
33 44 59 71 72 78
33 44 59 71 72 76 77
33 44 51 59 73
33 44 51 59 71 72
33 44 46 59
33 44 46 59 78
33 44 46 59 76 77
33 44 46 51 59
33 42 43 59 73
33 42 43 59 73 78
33 42 43 59 73 76 77
33 42 43 59 71 72
33 42 43 59 71 72 78
33 42 43 59 71 72 76 77
33 42 43 51 59 73
33 42 43 51 59 71 72
33 42 43 46 59
33 42 43 46 59 78
33 42 43 46 59 76 77
33 42 43 46 51 59
17 59 60 73
17 59 60 73 78
17 59 60 73 76 77
17 59 60 71 72
17 59 60 71 72 78
17 59 60 71 72 76 77
17 58 59 73
17 58 59 73 78
17 58 59 73 76 77
17 58 59 71 72
17 58 59 71 72 78
17 58 59 71 72 76 77
17 51 59 60 73
17 51 59 60 71 72
17 51 58 59 73
17 51 58 59 71 72
17 46 59 60
17 46 59 60 78
17 46 59 60 76 77
17 46 58 59
17 46 58 59 78
17 46 58 59 76 77
17 46 51 59 60
17 46 51 58 59
17 33 59 73
17 33 59 73 78
17 33 59 73 76 77
17 33 59 71 72
17 33 59 71 72 78
17 33 59 71 72 76 77
17 33 51 59 73
17 33 51 59 71 72
17 33 46 59
17 33 46 59 78
17 33 46 59 76 77
17 33 46 51 59
67 78 79
65 66 78 79
53 67
53 65 66
40 78 79
40 53
69
67 68
59 68
55 59 69
55 59 67 68
54 68
52
43
42
42 55 59
34
10
8 9
1
1 59 69
1 59 67 68
1 42 59
0 68
42 59 61 71 72
44 59 61 73
44 59 61 71 72
44 46 59 61
42 43 59 61 73
42 43 59 61 71 72
42 43 46 59 61
17 59 61 73
17 59 61 71 72
17 46 59 61
14 42 59 73
14 42 59 71 72
14 42 46 59
14 40 41 59 73
14 40 41 59 71 72
14 40 41 46 59
14 15 59 73
14 15 59 71 72
14 15 46 59
44 59 61 65 73
44 59 61 65 71 72
42 43 59 61 65 73
42 43 59 61 65 71 72
17 59 61 65 73
17 59 61 65 71 72
42 59 61 65 71 75
42 59 61 65 71 73 74
42 59 61 65 69 70 75
42 59 61 65 69 70 73 74
42 59 61 63 65 75
42 59 61 63 65 73 74
42 59 61 63 64 75
42 59 61 63 64 73 74
42 59 61 63 64 71 75
42 59 61 63 64 71 73 74
42 59 61 63 64 69 70 75
42 59 61 63 64 69 70 73 74
42 59 61 62 65 75
42 59 61 62 65 73 74
42 59 61 62 63 64 75
42 59 61 62 63 64 73 74
42 59 60 61 65 71 75
42 59 60 61 65 71 73 74
42 59 60 61 65 69 70 75
42 59 60 61 65 69 70 73 74
42 59 60 61 63 64 71 75
42 59 60 61 63 64 71 73 74
42 59 60 61 63 64 69 70 75
42 59 60 61 63 64 69 70 73 74
42 48 59 61 65 71
42 48 59 61 65 69 70
42 48 59 61 63 65
42 48 59 61 63 64
42 48 59 61 63 64 71
42 48 59 61 63 64 69 70
42 48 59 61 62 65
42 48 59 61 62 63 64
42 48 59 60 61 65 71
42 48 59 60 61 65 69 70
42 48 59 60 61 63 64 71
42 48 59 60 61 63 64 69 70
42 44 59 61 65 75
42 44 59 61 65 73 74
42 44 59 61 63 64 75
42 44 59 61 63 64 73 74
42 44 59 60 61 65 75
42 44 59 60 61 65 73 74
42 44 59 60 61 63 64 75
42 44 59 60 61 63 64 73 74
42 44 48 59 61 65
42 44 48 59 61 63 64
42 44 48 59 60 61 65
42 44 48 59 60 61 63 64
40 41 59 61 65 71 75
40 41 59 61 65 71 73 74
40 41 59 61 65 69 70 75
40 41 59 61 65 69 70 73 74
40 41 59 61 63 65 75
40 41 59 61 63 65 73 74
40 41 59 61 63 64 75
40 41 59 61 63 64 73 74
40 41 59 61 63 64 71 75
40 41 59 61 63 64 71 73 74
40 41 59 61 63 64 69 70 75
40 41 59 61 63 64 69 70 73 74
40 41 59 61 62 65 75
40 41 59 61 62 65 73 74
40 41 59 61 62 63 64 75
40 41 59 61 62 63 64 73 74
40 41 59 60 61 65 71 75
40 41 59 60 61 65 71 73 74
40 41 59 60 61 65 69 70 75
40 41 59 60 61 65 69 70 73 74
40 41 59 60 61 63 64 71 75
40 41 59 60 61 63 64 71 73 74
40 41 59 60 61 63 64 69 70 75
40 41 59 60 61 63 64 69 70 73 74
40 41 48 59 61 65 71
40 41 48 59 61 65 69 70
40 41 48 59 61 63 65
40 41 48 59 61 63 64
40 41 48 59 61 63 64 71
40 41 48 59 61 63 64 69 70
40 41 48 59 61 62 65
40 41 48 59 61 62 63 64
40 41 48 59 60 61 65 71
40 41 48 59 60 61 65 69 70
40 41 48 59 60 61 63 64 71
40 41 48 59 60 61 63 64 69 70
40 41 44 59 61 65 75
40 41 44 59 61 65 73 74
40 41 44 59 61 63 64 75
40 41 44 59 61 63 64 73 74
40 41 44 59 60 61 65 75
40 41 44 59 60 61 65 73 74
40 41 44 59 60 61 63 64 75
40 41 44 59 60 61 63 64 73 74
40 41 44 48 59 61 65
40 41 44 48 59 61 63 64
40 41 44 48 59 60 61 65
40 41 44 48 59 60 61 63 64
38 42 59 61 71 75
38 42 59 61 71 73 74
38 42 59 61 69 70 75
38 42 59 61 69 70 73 74
38 42 59 61 63 75
38 42 59 61 63 73 74
38 42 59 61 62 75
38 42 59 61 62 73 74
38 42 59 60 61 71 75
38 42 59 60 61 71 73 74
38 42 59 60 61 69 70 75
38 42 59 60 61 69 70 73 74
38 42 48 59 61 71
38 42 48 59 61 69 70
38 42 48 59 61 63
38 42 48 59 61 62
38 42 48 59 60 61 71
38 42 48 59 60 61 69 70
38 42 44 59 61 75
38 42 44 59 61 73 74
38 42 44 59 60 61 75
38 42 44 59 60 61 73 74
38 42 44 48 59 61
38 42 44 48 59 60 61
38 40 41 59 61 71 75
38 40 41 59 61 71 73 74
38 40 41 59 61 69 70 75
38 40 41 59 61 69 70 73 74
38 40 41 59 61 63 75
38 40 41 59 61 63 73 74
38 40 41 59 61 62 75
38 40 41 59 61 62 73 74
38 40 41 59 60 61 71 75
38 40 41 59 60 61 71 73 74
38 40 41 59 60 61 69 70 75
38 40 41 59 60 61 69 70 73 74
38 40 41 48 59 61 71
38 40 41 48 59 61 69 70
38 40 41 48 59 61 63
38 40 41 48 59 61 62
38 40 41 48 59 60 61 71
38 40 41 48 59 60 61 69 70
38 40 41 44 59 61 75
38 40 41 44 59 61 73 74
38 40 41 44 59 60 61 75
38 40 41 44 59 60 61 73 74
38 40 41 44 48 59 61
38 40 41 44 48 59 60 61
36 42 59 61 65 75
36 42 59 61 65 73 74
36 42 59 61 63 64 75
36 42 59 61 63 64 73 74
36 42 48 59 61 65
36 42 48 59 61 63 64
36 40 41 59 61 65 75
36 40 41 59 61 65 73 74
36 40 41 59 61 63 64 75
36 40 41 59 61 63 64 73 74
36 40 41 48 59 61 65
36 40 41 48 59 61 63 64
36 38 42 59 61 75
36 38 42 59 61 73 74
36 38 42 48 59 61
36 38 40 41 59 61 75
36 38 40 41 59 61 73 74
36 38 40 41 48 59 61
34 42 59 61 65 71 75
34 42 59 61 65 71 73 74
34 42 59 61 65 69 70 75
34 42 59 61 65 69 70 73 74
34 42 59 61 63 64 71 75
34 42 59 61 63 64 71 73 74
34 42 59 61 63 64 69 70 75
34 42 59 61 63 64 69 70 73 74
34 42 48 59 61 65 71
34 42 48 59 61 65 69 70
34 42 48 59 61 63 64 71
34 42 48 59 61 63 64 69 70
34 42 44 59 61 65 75
34 42 44 59 61 65 73 74
34 42 44 59 61 63 64 75
34 42 44 59 61 63 64 73 74
34 42 44 48 59 61 65
34 42 44 48 59 61 63 64
34 40 41 59 61 65 71 75
34 40 41 59 61 65 71 73 74
34 40 41 59 61 65 69 70 75
34 40 41 59 61 65 69 70 73 74
34 40 41 59 61 63 64 71 75
34 40 41 59 61 63 64 71 73 74
34 40 41 59 61 63 64 69 70 75
34 40 41 59 61 63 64 69 70 73 74
34 40 41 48 59 61 65 71
34 40 41 48 59 61 65 69 70
34 40 41 48 59 61 63 64 71
34 40 41 48 59 61 63 64 69 70
34 40 41 44 59 61 65 75
34 40 41 44 59 61 65 73 74
34 40 41 44 59 61 63 64 75
34 40 41 44 59 61 63 64 73 74
34 40 41 44 48 59 61 65
34 40 41 44 48 59 61 63 64
34 38 42 59 61 71 75
34 38 42 59 61 71 73 74
34 38 42 59 61 69 70 75
34 38 42 59 61 69 70 73 74
34 38 42 48 59 61 71
34 38 42 48 59 61 69 70
34 38 42 44 59 61 75
34 38 42 44 59 61 73 74
34 38 42 44 48 59 61
34 38 40 41 59 61 71 75
34 38 40 41 59 61 71 73 74
34 38 40 41 59 61 69 70 75
34 38 40 41 59 61 69 70 73 74
34 38 40 41 48 59 61 71
34 38 40 41 48 59 61 69 70
34 38 40 41 44 59 61 75
34 38 40 41 44 59 61 73 74
34 38 40 41 44 48 59 61
15 59 61 65 71 75
15 59 61 65 71 73 74
15 59 61 65 69 70 75
15 59 61 65 69 70 73 74
15 59 61 63 65 75
15 59 61 63 65 73 74
15 59 61 63 64 75
15 59 61 63 64 73 74
15 59 61 63 64 71 75
15 59 61 63 64 71 73 74
15 59 61 63 64 69 70 75
15 59 61 63 64 69 70 73 74
15 59 61 62 65 75
15 59 61 62 65 73 74
15 59 61 62 63 64 75
15 59 61 62 63 64 73 74
15 59 60 61 65 71 75
15 59 60 61 65 71 73 74
15 59 60 61 65 69 70 75
15 59 60 61 65 69 70 73 74
15 59 60 61 63 64 71 75
15 59 60 61 63 64 71 73 74
15 59 60 61 63 64 69 70 75
15 59 60 61 63 64 69 70 73 74
15 48 59 61 65 71
15 48 59 61 65 69 70
15 48 59 61 63 65
15 48 59 61 63 64
15 48 59 61 63 64 71
15 48 59 61 63 64 69 70
15 48 59 61 62 65
15 48 59 61 62 63 64
15 48 59 60 61 65 71
15 48 59 60 61 65 69 70
15 48 59 60 61 63 64 71
15 48 59 60 61 63 64 69 70
15 44 59 61 65 75
15 44 59 61 65 73 74
15 44 59 61 63 64 75
15 44 59 61 63 64 73 74
15 44 59 60 61 65 75
15 44 59 60 61 65 73 74
15 44 59 60 61 63 64 75
15 44 59 60 61 63 64 73 74
15 44 48 59 61 65
15 44 48 59 61 63 64
15 44 48 59 60 61 65
15 44 48 59 60 61 63 64
15 38 59 61 71 75
15 38 59 61 71 73 74
15 38 59 61 69 70 75
15 38 59 61 69 70 73 74
15 38 59 61 63 75
15 38 59 61 63 73 74
15 38 59 61 62 75
15 38 59 61 62 73 74
15 38 59 60 61 71 75
15 38 59 60 61 71 73 74
15 38 59 60 61 69 70 75
15 38 59 60 61 69 70 73 74
15 38 48 59 61 71
15 38 48 59 61 69 70
15 38 48 59 61 63
15 38 48 59 61 62
15 38 48 59 60 61 71
15 38 48 59 60 61 69 70
15 38 44 59 61 75
15 38 44 59 61 73 74
15 38 44 59 60 61 75
15 38 44 59 60 61 73 74
15 38 44 48 59 61
15 38 44 48 59 60 61
15 36 59 61 65 75
15 36 59 61 65 73 74
15 36 59 61 63 64 75
15 36 59 61 63 64 73 74
15 36 48 59 61 65
15 36 48 59 61 63 64
15 36 38 59 61 75
15 36 38 59 61 73 74
15 36 38 48 59 61
15 34 59 61 65 71 75
15 34 59 61 65 71 73 74
15 34 59 61 65 69 70 75
15 34 59 61 65 69 70 73 74
15 34 59 61 63 64 71 75
15 34 59 61 63 64 71 73 74
15 34 59 61 63 64 69 70 75
15 34 59 61 63 64 69 70 73 74
15 34 48 59 61 65 71
15 34 48 59 61 65 69 70
15 34 48 59 61 63 64 71
15 34 48 59 61 63 64 69 70
15 34 44 59 61 65 75
15 34 44 59 61 65 73 74
15 34 44 59 61 63 64 75
15 34 44 59 61 63 64 73 74
15 34 44 48 59 61 65
15 34 44 48 59 61 63 64
15 34 38 59 61 71 75
15 34 38 59 61 71 73 74
15 34 38 59 61 69 70 75
15 34 38 59 61 69 70 73 74
15 34 38 48 59 61 71
15 34 38 48 59 61 69 70
15 34 38 44 59 61 75
15 34 38 44 59 61 73 74
15 34 38 44 48 59 61
42 59 60 61 63 73
42 59 60 61 63 71 72
42 58 59 61 63 73
42 58 59 61 63 71 72
42 46 59 60 61 63
42 46 58 59 61 63
40 41 59 60 61 63 73
40 41 59 60 61 63 71 72
40 41 58 59 61 63 73
40 41 58 59 61 63 71 72
40 41 46 59 60 61 63
40 41 46 58 59 61 63
33 42 59 61 63 73
33 42 59 61 63 71 72
33 42 46 59 61 63
33 40 41 59 61 63 73
33 40 41 59 61 63 71 72
33 40 41 46 59 61 63
15 59 60 61 63 73
15 59 60 61 63 71 72
15 58 59 61 63 73
15 58 59 61 63 71 72
15 46 59 60 61 63
15 46 58 59 61 63
15 33 59 61 63 73
15 33 59 61 63 71 72
15 33 46 59 61 63
59 61 73
59 61 71 72
59 61 68 73
59 61 68 71 72
59 61 67 68 73
59 61 67 68 71 72
46 59 61
44 59 61 73 78
44 59 61 73 76 77
44 59 61 71 72 78
44 59 61 71 72 76 77
44 51 59 61 73
44 51 59 61 71 72
42 59 61 73
42 43 59 61 73 78
42 43 59 61 73 76 77
42 43 59 61 71 72 78
42 43 59 61 71 72 76 77
42 43 51 59 61 73
42 43 51 59 61 71 72
17 59 61 73 78
17 59 61 73 76 77
17 59 61 71 72 78
17 59 61 71 72 76 77
17 51 59 61 73
17 51 59 61 71 72
14 44 59 61 73
14 44 59 61 71 72
14 42 43 59 61 73
14 42 43 59 61 71 72
14 17 59 61 73
14 17 59 61 71 72
0 59 61 73
0 59 61 71 72
42 59 71 73 78
42 59 71 73 76 77
42 59 71 72 78
42 59 71 72 76 77
42 59 69 70 73 78
42 59 69 70 73 76 77
42 59 69 70 71 72 78
42 59 69 70 71 72 76 77
42 51 59 71 73
42 51 59 71 72
42 51 59 69 70 73
42 51 59 69 70 71 72
42 46 59 71 78
42 46 59 71 76 77
42 46 59 69 70 78
42 46 59 69 70 76 77
42 46 51 59 71
42 46 51 59 69 70
42 44 59 73 78
42 44 59 73 76 77
42 44 59 71 72 78
42 44 59 71 72 76 77
42 44 51 59 73
42 44 51 59 71 72
42 44 46 59 78
42 44 46 59 76 77
42 44 46 51 59
40 41 59 71 73 78
40 41 59 71 73 76 77
40 41 59 71 72 78
40 41 59 71 72 76 77
40 41 59 69 70 73 78
40 41 59 69 70 73 76 77
40 41 59 69 70 71 72 78
40 41 59 69 70 71 72 76 77
40 41 51 59 71 73
40 41 51 59 71 72
40 41 51 59 69 70 73
40 41 51 59 69 70 71 72
40 41 46 59 71 78
40 41 46 59 71 76 77
40 41 46 59 69 70 78
40 41 46 59 69 70 76 77
40 41 46 51 59 71
40 41 46 51 59 69 70
40 41 44 59 73 78
40 41 44 59 73 76 77
40 41 44 59 71 72 78
40 41 44 59 71 72 76 77
40 41 44 51 59 73
40 41 44 51 59 71 72
40 41 44 46 59 78
40 41 44 46 59 76 77
40 41 44 46 51 59
15 59 71 73 78
15 59 71 73 76 77
15 59 71 72 78
15 59 71 72 76 77
15 59 69 70 73 78
15 59 69 70 73 76 77
15 59 69 70 71 72 78
15 59 69 70 71 72 76 77
15 51 59 71 73
15 51 59 71 72
15 51 59 69 70 73
15 51 59 69 70 71 72
15 46 59 71 78
15 46 59 71 76 77
15 46 59 69 70 78
15 46 59 69 70 76 77
15 46 51 59 71
15 46 51 59 69 70
15 44 59 73 78
15 44 59 73 76 77
15 44 59 71 72 78
15 44 59 71 72 76 77
15 44 51 59 73
15 44 51 59 71 72
15 44 46 59 78
15 44 46 59 76 77
15 44 46 51 59
42 59 61 63 73 75 78
42 59 61 63 73 75 76 77
42 59 61 63 73 74 78
42 59 61 63 73 74 76 77
42 59 61 63 71 72 75 78
42 59 61 63 71 72 75 76 77
42 59 61 63 71 72 73 74 78
42 59 61 63 71 72 73 74 76 77
42 59 61 62 73 75 78
42 59 61 62 73 75 76 77
42 59 61 62 73 74 78
42 59 61 62 73 74 76 77
42 59 61 62 71 72 75 78
42 59 61 62 71 72 75 76 77
42 59 61 62 71 72 73 74 78
42 59 61 62 71 72 73 74 76 77
42 51 59 61 63 73 75
42 51 59 61 63 73 74
42 51 59 61 63 71 72 75
42 51 59 61 63 71 72 73 74
42 51 59 61 62 73 75
42 51 59 61 62 73 74
42 51 59 61 62 71 72 75
42 51 59 61 62 71 72 73 74
42 48 59 61 63 73 78
42 48 59 61 63 73 76 77
42 48 59 61 63 71 72 78
42 48 59 61 63 71 72 76 77
42 48 59 61 62 73 78
42 48 59 61 62 73 76 77
42 48 59 61 62 71 72 78
42 48 59 61 62 71 72 76 77
42 48 51 59 61 63 73
42 48 51 59 61 63 71 72
42 48 51 59 61 62 73
42 48 51 59 61 62 71 72
42 46 59 61 63 75 78
42 46 59 61 63 75 76 77
42 46 59 61 63 73 74 78
42 46 59 61 63 73 74 76 77
42 46 59 61 62 75 78
42 46 59 61 62 75 76 77
42 46 59 61 62 73 74 78
42 46 59 61 62 73 74 76 77
42 46 51 59 61 63 75
42 46 51 59 61 63 73 74
42 46 51 59 61 62 75
42 46 51 59 61 62 73 74
42 46 48 59 61 63 78
42 46 48 59 61 63 76 77
42 46 48 59 61 62 78
42 46 48 59 61 62 76 77
42 46 48 51 59 61 63
42 46 48 51 59 61 62
40 41 59 61 63 73 75 78
40 41 59 61 63 73 75 76 77
40 41 59 61 63 73 74 78
40 41 59 61 63 73 74 76 77
40 41 59 61 63 71 72 75 78
40 41 59 61 63 71 72 75 76 77
40 41 59 61 63 71 72 73 74 78
40 41 59 61 63 71 72 73 74 76 77
40 41 59 61 62 73 75 78
40 41 59 61 62 73 75 76 77
40 41 59 61 62 73 74 78
40 41 59 61 62 73 74 76 77
40 41 59 61 62 71 72 75 78
40 41 59 61 62 71 72 75 76 77
40 41 59 61 62 71 72 73 74 78
40 41 59 61 62 71 72 73 74 76 77
40 41 51 59 61 63 73 75
40 41 51 59 61 63 73 74
40 41 51 59 61 63 71 72 75
40 41 51 59 61 63 71 72 73 74
40 41 51 59 61 62 73 75
40 41 51 59 61 62 73 74
40 41 51 59 61 62 71 72 75
40 41 51 59 61 62 71 72 73 74
40 41 48 59 61 63 73 78
40 41 48 59 61 63 73 76 77
40 41 48 59 61 63 71 72 78
40 41 48 59 61 63 71 72 76 77
40 41 48 59 61 62 73 78
40 41 48 59 61 62 73 76 77
40 41 48 59 61 62 71 72 78
40 41 48 59 61 62 71 72 76 77
40 41 48 51 59 61 63 73
40 41 48 51 59 61 63 71 72
40 41 48 51 59 61 62 73
40 41 48 51 59 61 62 71 72
40 41 46 59 61 63 75 78
40 41 46 59 61 63 75 76 77
40 41 46 59 61 63 73 74 78
40 41 46 59 61 63 73 74 76 77
40 41 46 59 61 62 75 78
40 41 46 59 61 62 75 76 77
40 41 46 59 61 62 73 74 78
40 41 46 59 61 62 73 74 76 77
40 41 46 51 59 61 63 75
40 41 46 51 59 61 63 73 74
40 41 46 51 59 61 62 75
40 41 46 51 59 61 62 73 74
40 41 46 48 59 61 63 78
40 41 46 48 59 61 63 76 77
40 41 46 48 59 61 62 78
40 41 46 48 59 61 62 76 77
40 41 46 48 51 59 61 63
40 41 46 48 51 59 61 62
36 42 59 61 73 75 78
36 42 59 61 73 75 76 77
36 42 59 61 73 74 78
36 42 59 61 73 74 76 77
36 42 59 61 71 72 75 78
36 42 59 61 71 72 75 76 77
36 42 59 61 71 72 73 74 78
36 42 59 61 71 72 73 74 76 77
36 42 51 59 61 73 75
36 42 51 59 61 73 74
36 42 51 59 61 71 72 75
36 42 51 59 61 71 72 73 74
36 42 48 59 61 73 78
36 42 48 59 61 73 76 77
36 42 48 59 61 71 72 78
36 42 48 59 61 71 72 76 77
36 42 48 51 59 61 73
36 42 48 51 59 61 71 72
36 42 46 59 61 75 78
36 42 46 59 61 75 76 77
36 42 46 59 61 73 74 78
36 42 46 59 61 73 74 76 77
36 42 46 51 59 61 75
36 42 46 51 59 61 73 74
36 42 46 48 59 61 78
36 42 46 48 59 61 76 77
36 42 46 48 51 59 61
36 40 41 59 61 73 75 78
36 40 41 59 61 73 75 76 77
36 40 41 59 61 73 74 78
36 40 41 59 61 73 74 76 77
36 40 41 59 61 71 72 75 78
36 40 41 59 61 71 72 75 76 77
36 40 41 59 61 71 72 73 74 78
36 40 41 59 61 71 72 73 74 76 77
36 40 41 51 59 61 73 75
36 40 41 51 59 61 73 74
36 40 41 51 59 61 71 72 75
36 40 41 51 59 61 71 72 73 74
36 40 41 48 59 61 73 78
36 40 41 48 59 61 73 76 77
36 40 41 48 59 61 71 72 78
36 40 41 48 59 61 71 72 76 77
36 40 41 48 51 59 61 73
36 40 41 48 51 59 61 71 72
36 40 41 46 59 61 75 78
36 40 41 46 59 61 75 76 77
36 40 41 46 59 61 73 74 78
36 40 41 46 59 61 73 74 76 77
36 40 41 46 51 59 61 75
36 40 41 46 51 59 61 73 74
36 40 41 46 48 59 61 78
36 40 41 46 48 59 61 76 77
36 40 41 46 48 51 59 61
15 59 61 63 73 75 78
15 59 61 63 73 75 76 77
15 59 61 63 73 74 78
15 59 61 63 73 74 76 77
15 59 61 63 71 72 75 78
15 59 61 63 71 72 75 76 77
15 59 61 63 71 72 73 74 78
15 59 61 63 71 72 73 74 76 77
15 59 61 62 73 75 78
15 59 61 62 73 75 76 77
15 59 61 62 73 74 78
15 59 61 62 73 74 76 77
15 59 61 62 71 72 75 78
15 59 61 62 71 72 75 76 77
15 59 61 62 71 72 73 74 78
15 59 61 62 71 72 73 74 76 77
15 51 59 61 63 73 75
15 51 59 61 63 73 74
15 51 59 61 63 71 72 75
15 51 59 61 63 71 72 73 74
15 51 59 61 62 73 75
15 51 59 61 62 73 74
15 51 59 61 62 71 72 75
15 51 59 61 62 71 72 73 74
15 48 59 61 63 73 78
15 48 59 61 63 73 76 77
15 48 59 61 63 71 72 78
15 48 59 61 63 71 72 76 77
15 48 59 61 62 73 78
15 48 59 61 62 73 76 77
15 48 59 61 62 71 72 78
15 48 59 61 62 71 72 76 77
15 48 51 59 61 63 73
15 48 51 59 61 63 71 72
15 48 51 59 61 62 73
15 48 51 59 61 62 71 72
15 46 59 61 63 75 78
15 46 59 61 63 75 76 77
15 46 59 61 63 73 74 78
15 46 59 61 63 73 74 76 77
15 46 59 61 62 75 78
15 46 59 61 62 75 76 77
15 46 59 61 62 73 74 78
15 46 59 61 62 73 74 76 77
15 46 51 59 61 63 75
15 46 51 59 61 63 73 74
15 46 51 59 61 62 75
15 46 51 59 61 62 73 74
15 46 48 59 61 63 78
15 46 48 59 61 63 76 77
15 46 48 59 61 62 78
15 46 48 59 61 62 76 77
15 46 48 51 59 61 63
15 46 48 51 59 61 62
15 36 59 61 73 75 78
15 36 59 61 73 75 76 77
15 36 59 61 73 74 78
15 36 59 61 73 74 76 77
15 36 59 61 71 72 75 78
15 36 59 61 71 72 75 76 77
15 36 59 61 71 72 73 74 78
15 36 59 61 71 72 73 74 76 77
15 36 51 59 61 73 75
15 36 51 59 61 73 74
15 36 51 59 61 71 72 75
15 36 51 59 61 71 72 73 74
15 36 48 59 61 73 78
15 36 48 59 61 73 76 77
15 36 48 59 61 71 72 78
15 36 48 59 61 71 72 76 77
15 36 48 51 59 61 73
15 36 48 51 59 61 71 72
15 36 46 59 61 75 78
15 36 46 59 61 75 76 77
15 36 46 59 61 73 74 78
15 36 46 59 61 73 74 76 77
15 36 46 51 59 61 75
15 36 46 51 59 61 73 74
15 36 46 48 59 61 78
15 36 46 48 59 61 76 77
15 36 46 48 51 59 61
44 55 59 61 73
44 55 59 61 71 72
44 46 55 59 61
42 43 55 59 61 73
42 43 55 59 61 71 72
42 43 46 55 59 61
17 55 59 61 73
17 55 59 61 71 72
17 46 55 59 61
42 59 61 71
42 59 61 69 70
42 44 59 61
40 41 59 61 71
40 41 59 61 69 70
40 41 44 59 61
15 59 61 71
15 59 61 69 70
15 44 59 61

55
34 69 78 79
34 67
34 67 68 78 79
34 65 66
34 53 69
34 53 67 68
34 42 78 79
34 42 53
34 40
1 68 69
1 67
1 67 68
1 65 66
1 42 68
1 40
61 69
61 67 68
59 69
59 67
59 67 68
59 65 66
57 61
57 61 69
57 61 67 68
55 56 61
55 56 61 69
55 56 61 67 68
42 61
42 59
42 57 61
42 55 56 61
40 59
34 61
34 61 67 69
34 61 67 68
34 61 65 66 69
34 61 65 66 67 68
34 59 69
34 59 67 68
34 42 61 67
34 42 61 65 66
34 42 59
34 40 61 69
34 40 61 67 68
34 40 42 61
30 61
30 61 69
30 61 67 68
30 42 61
44 59 73 77
44 59 73 75 76
44 59 71 72 77
44 59 71 72 75 76
44 50 59 73
44 50 59 71 72
44 46 59 77
44 46 59 75 76
44 46 50 59
42 59 73 77
42 59 73 75 76
42 59 71 72 77
42 59 71 72 75 76
42 50 59 73
42 50 59 71 72
42 46 59 77
42 46 59 75 76
42 46 50 59
42 43 59 73 77
42 43 59 73 75 76
42 43 59 71 72 77
42 43 59 71 72 75 76
42 43 50 59 73
42 43 50 59 71 72
42 43 46 59 77
42 43 46 59 75 76
42 43 46 50 59
40 41 59 73 77
40 41 59 73 75 76
40 41 59 71 72 77
40 41 59 71 72 75 76
40 41 50 59 73
40 41 50 59 71 72
40 41 46 59 77
40 41 46 59 75 76
40 41 46 50 59
17 59 73 77
17 59 73 75 76
17 59 71 72 77
17 59 71 72 75 76
17 50 59 73
17 50 59 71 72
17 46 59 77
17 46 59 75 76
17 46 50 59
15 59 73 77
15 59 73 75 76
15 59 71 72 77
15 59 71 72 75 76
15 50 59 73
15 50 59 71 72
15 46 59 77
15 46 59 75 76
15 46 50 59
42 59 61 63 71 72
40 41 59 61 63 71 72
15 59 61 63 71 72
42 59 61 63 73
42 59 61 63 65 71 75
42 59 61 63 65 71 73 74
42 59 61 63 65 69 70 75
42 59 61 63 65 69 70 73 74
42 59 61 62 73
42 59 61 62 71 72
42 59 61 62 65 71 75
42 59 61 62 65 71 73 74
42 59 61 62 65 69 70 75
42 59 61 62 65 69 70 73 74
42 48 59 61 63 65 71
42 48 59 61 63 65 69 70
42 48 59 61 62 65 71
42 48 59 61 62 65 69 70
42 46 59 61 63
42 46 59 61 62
42 44 59 61 63 65 75
42 44 59 61 63 65 73 74
42 44 59 61 62 65 75
42 44 59 61 62 65 73 74
42 44 48 59 61 63 65
42 44 48 59 61 62 65
40 41 59 61 63 73
40 41 59 61 63 65 71 75
40 41 59 61 63 65 71 73 74
40 41 59 61 63 65 69 70 75
40 41 59 61 63 65 69 70 73 74
40 41 59 61 62 73
40 41 59 61 62 71 72
40 41 59 61 62 65 71 75
40 41 59 61 62 65 71 73 74
40 41 59 61 62 65 69 70 75
40 41 59 61 62 65 69 70 73 74
40 41 48 59 61 63 65 71
40 41 48 59 61 63 65 69 70
40 41 48 59 61 62 65 71
40 41 48 59 61 62 65 69 70
40 41 46 59 61 63
40 41 46 59 61 62
40 41 44 59 61 63 65 75
40 41 44 59 61 63 65 73 74
40 41 44 59 61 62 65 75
40 41 44 59 61 62 65 73 74
40 41 44 48 59 61 63 65
40 41 44 48 59 61 62 65
36 42 59 61 73
36 42 59 61 71 72
36 42 59 61 65 71 75
36 42 59 61 65 71 73 74
36 42 59 61 65 69 70 75
36 42 59 61 65 69 70 73 74
36 42 48 59 61 65 71
36 42 48 59 61 65 69 70
36 42 46 59 61
36 42 44 59 61 65 75
36 42 44 59 61 65 73 74
36 42 44 48 59 61 65
36 40 41 59 61 73
36 40 41 59 61 71 72
36 40 41 59 61 65 71 75
36 40 41 59 61 65 71 73 74
36 40 41 59 61 65 69 70 75
36 40 41 59 61 65 69 70 73 74
36 40 41 48 59 61 65 71
36 40 41 48 59 61 65 69 70
36 40 41 46 59 61
36 40 41 44 59 61 65 75
36 40 41 44 59 61 65 73 74
36 40 41 44 48 59 61 65
15 59 61 63 73
15 59 61 63 65 71 75
15 59 61 63 65 71 73 74
15 59 61 63 65 69 70 75
15 59 61 63 65 69 70 73 74
15 59 61 62 73
15 59 61 62 71 72
15 59 61 62 65 71 75
15 59 61 62 65 71 73 74
15 59 61 62 65 69 70 75
15 59 61 62 65 69 70 73 74
15 48 59 61 63 65 71
15 48 59 61 63 65 69 70
15 48 59 61 62 65 71
15 48 59 61 62 65 69 70
15 46 59 61 63
15 46 59 61 62
15 44 59 61 63 65 75
15 44 59 61 63 65 73 74
15 44 59 61 62 65 75
15 44 59 61 62 65 73 74
15 44 48 59 61 63 65
15 44 48 59 61 62 65
15 36 59 61 73
15 36 59 61 71 72
15 36 59 61 65 71 75
15 36 59 61 65 71 73 74
15 36 59 61 65 69 70 75
15 36 59 61 65 69 70 73 74
15 36 48 59 61 65 71
15 36 48 59 61 65 69 70
15 36 46 59 61
15 36 44 59 61 65 75
15 36 44 59 61 65 73 74
15 36 44 48 59 61 65
55 59 61 68 73
55 59 61 68 71 72
55 59 61 67 68 73
55 59 61 67 68 71 72
46 59 61 68 73
46 59 61 68 71 72
46 59 61 67 68 73
46 59 61 67 68 71 72
46 55 59 61 68
46 55 59 61 67 68
44 55 59 61 73 78
44 55 59 61 73 76 77
44 55 59 61 71 72 78
44 55 59 61 71 72 76 77
44 51 55 59 61 73
44 51 55 59 61 71 72
44 48 59 61 73
44 48 59 61 71 72
44 46 59 61 73 78
44 46 59 61 73 76 77
44 46 59 61 71 72 78
44 46 59 61 71 72 76 77
44 46 59 61 65 73
44 46 59 61 65 71 72
44 46 55 59 61 78
44 46 55 59 61 76 77
44 46 51 59 61 73
44 46 51 59 61 71 72
44 46 51 55 59 61
44 46 48 59 61
42 55 59 61 73
42 55 59 61 71 72
42 46 59 61 73
42 46 59 61 71 72
42 46 55 59 61
42 43 55 59 61 73 78
42 43 55 59 61 73 76 77
42 43 55 59 61 71 72 78
42 43 55 59 61 71 72 76 77
42 43 51 55 59 61 73
42 43 51 55 59 61 71 72
42 43 48 59 61 73
42 43 48 59 61 71 72
42 43 46 59 61 73 78
42 43 46 59 61 73 76 77
42 43 46 59 61 71 72 78
42 43 46 59 61 71 72 76 77
42 43 46 59 61 65 73
42 43 46 59 61 65 71 72
42 43 46 55 59 61 78
42 43 46 55 59 61 76 77
42 43 46 51 59 61 73
42 43 46 51 59 61 71 72
42 43 46 51 55 59 61
42 43 46 48 59 61
17 55 59 61 73 78
17 55 59 61 73 76 77
17 55 59 61 71 72 78
17 55 59 61 71 72 76 77
17 51 55 59 61 73
17 51 55 59 61 71 72
17 48 59 61 73
17 48 59 61 71 72
17 46 59 61 73 78
17 46 59 61 73 76 77
17 46 59 61 71 72 78
17 46 59 61 71 72 76 77
17 46 59 61 65 73
17 46 59 61 65 71 72
17 46 55 59 61 78
17 46 55 59 61 76 77
17 46 51 59 61 73
17 46 51 59 61 71 72
17 46 51 55 59 61
17 46 48 59 61
14 44 55 59 61 73
14 44 55 59 61 71 72
14 44 46 59 61 73
14 44 46 59 61 71 72
14 44 46 55 59 61
14 42 43 55 59 61 73
14 42 43 55 59 61 71 72
14 42 43 46 59 61 73
14 42 43 46 59 61 71 72
14 42 43 46 55 59 61
14 17 55 59 61 73
14 17 55 59 61 71 72
14 17 46 59 61 73
14 17 46 59 61 71 72
14 17 46 55 59 61
6 44 59 61 73
6 44 59 61 71 72
6 44 46 59 61
6 42 43 59 61 73
6 42 43 59 61 71 72
6 42 43 46 59 61
6 17 59 61 73
6 17 59 61 71 72
6 17 46 59 61
4 59 61 68 73
4 59 61 68 71 72
4 59 61 67 68 73
4 59 61 67 68 71 72
4 46 59 61 68
4 46 59 61 67 68
4 44 59 61 73 78
4 44 59 61 73 76 77
4 44 59 61 71 72 78
4 44 59 61 71 72 76 77
4 44 59 61 65 73
4 44 59 61 65 71 72
4 44 51 59 61 73
4 44 51 59 61 71 72
4 44 46 59 61 78
4 44 46 59 61 76 77
4 44 46 59 61 65
4 44 46 51 59 61
4 42 59 61 73
4 42 59 61 71 72
4 42 46 59 61
4 42 43 59 61 73 78
4 42 43 59 61 73 76 77
4 42 43 59 61 71 72 78
4 42 43 59 61 71 72 76 77
4 42 43 59 61 65 73
4 42 43 59 61 65 71 72
4 42 43 51 59 61 73
4 42 43 51 59 61 71 72
4 42 43 46 59 61 78
4 42 43 46 59 61 76 77
4 42 43 46 59 61 65
4 42 43 46 51 59 61
4 17 59 61 73 78
4 17 59 61 73 76 77
4 17 59 61 71 72 78
4 17 59 61 71 72 76 77
4 17 59 61 65 73
4 17 59 61 65 71 72
4 17 51 59 61 73
4 17 51 59 61 71 72
4 17 46 59 61 78
4 17 46 59 61 76 77
4 17 46 59 61 65
4 17 46 51 59 61
4 14 44 59 61 73
4 14 44 59 61 71 72
4 14 44 46 59 61
4 14 42 43 59 61 73
4 14 42 43 59 61 71 72
4 14 42 43 46 59 61
4 14 17 59 61 73
4 14 17 59 61 71 72
4 14 17 46 59 61
4 5 44 59 61 73
4 5 44 59 61 71 72
4 5 44 46 59 61
4 5 42 43 59 61 73
4 5 42 43 59 61 71 72
4 5 42 43 46 59 61
4 5 17 59 61 73
4 5 17 59 61 71 72
4 5 17 46 59 61
2 3 59 61 68 73
2 3 59 61 68 71 72
2 3 59 61 67 68 73
2 3 59 61 67 68 71 72
2 3 46 59 61 68
2 3 46 59 61 67 68
2 3 44 59 61 73 78
2 3 44 59 61 73 76 77
2 3 44 59 61 71 72 78
2 3 44 59 61 71 72 76 77
2 3 44 59 61 65 73
2 3 44 59 61 65 71 72
2 3 44 51 59 61 73
2 3 44 51 59 61 71 72
2 3 44 46 59 61 78
2 3 44 46 59 61 76 77
2 3 44 46 59 61 65
2 3 44 46 51 59 61
2 3 42 59 61 73
2 3 42 59 61 71 72
2 3 42 46 59 61
2 3 42 43 59 61 73 78
2 3 42 43 59 61 73 76 77
2 3 42 43 59 61 71 72 78
2 3 42 43 59 61 71 72 76 77
2 3 42 43 59 61 65 73
2 3 42 43 59 61 65 71 72
2 3 42 43 51 59 61 73
2 3 42 43 51 59 61 71 72
2 3 42 43 46 59 61 78
2 3 42 43 46 59 61 76 77
2 3 42 43 46 59 61 65
2 3 42 43 46 51 59 61
2 3 17 59 61 73 78
2 3 17 59 61 73 76 77
2 3 17 59 61 71 72 78
2 3 17 59 61 71 72 76 77
2 3 17 59 61 65 73
2 3 17 59 61 65 71 72
2 3 17 51 59 61 73
2 3 17 51 59 61 71 72
2 3 17 46 59 61 78
2 3 17 46 59 61 76 77
2 3 17 46 59 61 65
2 3 17 46 51 59 61
2 3 14 44 59 61 73
2 3 14 44 59 61 71 72
2 3 14 44 46 59 61
2 3 14 42 43 59 61 73
2 3 14 42 43 59 61 71 72
2 3 14 42 43 46 59 61
2 3 14 17 59 61 73
2 3 14 17 59 61 71 72
2 3 14 17 46 59 61
0 55 59 61 73
0 55 59 61 71 72
0 46 59 61 73
0 46 59 61 71 72
0 46 55 59 61
0 4 59 61 73
0 4 59 61 71 72
0 4 46 59 61
0 2 3 59 61 73
0 2 3 59 61 71 72
0 2 3 46 59 61
57 61 73 78
57 61 73 76 77
57 61 71 72 78
57 61 71 72 76 77
57 59 73 78
57 59 73 76 77
57 59 71 72 78
57 59 71 72 76 77
51 57 61 73
51 57 61 71 72
51 57 59 73
51 57 59 71 72
46 57 61 78
46 57 61 76 77
46 57 59 78
46 57 59 76 77
46 51 57 61
46 51 57 59
29 42 59 61 71 73 78
29 42 59 61 71 73 76 77
29 42 59 61 71 72 78
29 42 59 61 71 72 76 77
29 42 59 61 69 70 73 78
29 42 59 61 69 70 73 76 77
29 42 59 61 69 70 71 72 78
29 42 59 61 69 70 71 72 76 77
29 42 51 59 61 71 73
29 42 51 59 61 71 72
29 42 51 59 61 69 70 73
29 42 51 59 61 69 70 71 72
29 42 46 59 61 71 78
29 42 46 59 61 71 76 77
29 42 46 59 61 69 70 78
29 42 46 59 61 69 70 76 77
29 42 46 51 59 61 71
29 42 46 51 59 61 69 70
29 42 44 59 61 73 78
29 42 44 59 61 73 76 77
29 42 44 59 61 71 72 78
29 42 44 59 61 71 72 76 77
29 42 44 51 59 61 73
29 42 44 51 59 61 71 72
29 42 44 46 59 61 78
29 42 44 46 59 61 76 77
29 42 44 46 51 59 61
29 40 41 59 61 71 73 78
29 40 41 59 61 71 73 76 77
29 40 41 59 61 71 72 78
29 40 41 59 61 71 72 76 77
29 40 41 59 61 69 70 73 78
29 40 41 59 61 69 70 73 76 77
29 40 41 59 61 69 70 71 72 78
29 40 41 59 61 69 70 71 72 76 77
29 40 41 51 59 61 71 73
29 40 41 51 59 61 71 72
29 40 41 51 59 61 69 70 73
29 40 41 51 59 61 69 70 71 72
29 40 41 46 59 61 71 78
29 40 41 46 59 61 71 76 77
29 40 41 46 59 61 69 70 78
29 40 41 46 59 61 69 70 76 77
29 40 41 46 51 59 61 71
29 40 41 46 51 59 61 69 70
29 40 41 44 59 61 73 78
29 40 41 44 59 61 73 76 77
29 40 41 44 59 61 71 72 78
29 40 41 44 59 61 71 72 76 77
29 40 41 44 51 59 61 73
29 40 41 44 51 59 61 71 72
29 40 41 44 46 59 61 78
29 40 41 44 46 59 61 76 77
29 40 41 44 46 51 59 61
27 28 42 59 61 71 73 78
27 28 42 59 61 71 73 76 77
27 28 42 59 61 71 72 78
27 28 42 59 61 71 72 76 77
27 28 42 59 61 69 70 73 78
27 28 42 59 61 69 70 73 76 77
27 28 42 59 61 69 70 71 72 78
27 28 42 59 61 69 70 71 72 76 77
27 28 42 51 59 61 71 73
27 28 42 51 59 61 71 72
27 28 42 51 59 61 69 70 73
27 28 42 51 59 61 69 70 71 72
27 28 42 46 59 61 71 78
27 28 42 46 59 61 71 76 77
27 28 42 46 59 61 69 70 78
27 28 42 46 59 61 69 70 76 77
27 28 42 46 51 59 61 71
27 28 42 46 51 59 61 69 70
27 28 42 44 59 61 73 78
27 28 42 44 59 61 73 76 77
27 28 42 44 59 61 71 72 78
27 28 42 44 59 61 71 72 76 77
27 28 42 44 51 59 61 73
27 28 42 44 51 59 61 71 72
27 28 42 44 46 59 61 78
27 28 42 44 46 59 61 76 77
27 28 42 44 46 51 59 61
27 28 40 41 59 61 71 73 78
27 28 40 41 59 61 71 73 76 77
27 28 40 41 59 61 71 72 78
27 28 40 41 59 61 71 72 76 77
27 28 40 41 59 61 69 70 73 78
27 28 40 41 59 61 69 70 73 76 77
27 28 40 41 59 61 69 70 71 72 78
27 28 40 41 59 61 69 70 71 72 76 77
27 28 40 41 51 59 61 71 73
27 28 40 41 51 59 61 71 72
27 28 40 41 51 59 61 69 70 73
27 28 40 41 51 59 61 69 70 71 72
27 28 40 41 46 59 61 71 78
27 28 40 41 46 59 61 71 76 77
27 28 40 41 46 59 61 69 70 78
27 28 40 41 46 59 61 69 70 76 77
27 28 40 41 46 51 59 61 71
27 28 40 41 46 51 59 61 69 70
27 28 40 41 44 59 61 73 78
27 28 40 41 44 59 61 73 76 77
27 28 40 41 44 59 61 71 72 78
27 28 40 41 44 59 61 71 72 76 77
27 28 40 41 44 51 59 61 73
27 28 40 41 44 51 59 61 71 72
27 28 40 41 44 46 59 61 78
27 28 40 41 44 46 59 61 76 77
27 28 40 41 44 46 51 59 61
15 29 59 61 71 73 78
15 29 59 61 71 73 76 77
15 29 59 61 71 72 78
15 29 59 61 71 72 76 77
15 29 59 61 69 70 73 78
15 29 59 61 69 70 73 76 77
15 29 59 61 69 70 71 72 78
15 29 59 61 69 70 71 72 76 77
15 29 51 59 61 71 73
15 29 51 59 61 71 72
15 29 51 59 61 69 70 73
15 29 51 59 61 69 70 71 72
15 29 46 59 61 71 78
15 29 46 59 61 71 76 77
15 29 46 59 61 69 70 78
15 29 46 59 61 69 70 76 77
15 29 46 51 59 61 71
15 29 46 51 59 61 69 70
15 29 44 59 61 73 78
15 29 44 59 61 73 76 77
15 29 44 59 61 71 72 78
15 29 44 59 61 71 72 76 77
15 29 44 51 59 61 73
15 29 44 51 59 61 71 72
15 29 44 46 59 61 78
15 29 44 46 59 61 76 77
15 29 44 46 51 59 61
15 27 28 59 61 71 73 78
15 27 28 59 61 71 73 76 77
15 27 28 59 61 71 72 78
15 27 28 59 61 71 72 76 77
15 27 28 59 61 69 70 73 78
15 27 28 59 61 69 70 73 76 77
15 27 28 59 61 69 70 71 72 78
15 27 28 59 61 69 70 71 72 76 77
15 27 28 51 59 61 71 73
15 27 28 51 59 61 71 72
15 27 28 51 59 61 69 70 73
15 27 28 51 59 61 69 70 71 72
15 27 28 46 59 61 71 78
15 27 28 46 59 61 71 76 77
15 27 28 46 59 61 69 70 78
15 27 28 46 59 61 69 70 76 77
15 27 28 46 51 59 61 71
15 27 28 46 51 59 61 69 70
15 27 28 44 59 61 73 78
15 27 28 44 59 61 73 76 77
15 27 28 44 59 61 71 72 78
15 27 28 44 59 61 71 72 76 77
15 27 28 44 51 59 61 73
15 27 28 44 51 59 61 71 72
15 27 28 44 46 59 61 78
15 27 28 44 46 59 61 76 77
15 27 28 44 46 51 59 61
2 42 59 61 71 73 78
2 42 59 61 71 73 76 77
2 42 59 61 71 72 78
2 42 59 61 71 72 76 77
2 42 59 61 69 70 73 78
2 42 59 61 69 70 73 76 77
2 42 59 61 69 70 71 72 78
2 42 59 61 69 70 71 72 76 77
2 42 51 59 61 71 73
2 42 51 59 61 71 72
2 42 51 59 61 69 70 73
2 42 51 59 61 69 70 71 72
2 42 46 59 61 71 78
2 42 46 59 61 71 76 77
2 42 46 59 61 69 70 78
2 42 46 59 61 69 70 76 77
2 42 46 51 59 61 71
2 42 46 51 59 61 69 70
2 42 44 59 61 73 78
2 42 44 59 61 73 76 77
2 42 44 59 61 71 72 78
2 42 44 59 61 71 72 76 77
2 42 44 51 59 61 73
2 42 44 51 59 61 71 72
2 42 44 46 59 61 78
2 42 44 46 59 61 76 77
2 42 44 46 51 59 61
2 40 41 59 61 71 73 78
2 40 41 59 61 71 73 76 77
2 40 41 59 61 71 72 78
2 40 41 59 61 71 72 76 77
2 40 41 59 61 69 70 73 78
2 40 41 59 61 69 70 73 76 77
2 40 41 59 61 69 70 71 72 78
2 40 41 59 61 69 70 71 72 76 77
2 40 41 51 59 61 71 73
2 40 41 51 59 61 71 72
2 40 41 51 59 61 69 70 73
2 40 41 51 59 61 69 70 71 72
2 40 41 46 59 61 71 78
2 40 41 46 59 61 71 76 77
2 40 41 46 59 61 69 70 78
2 40 41 46 59 61 69 70 76 77
2 40 41 46 51 59 61 71
2 40 41 46 51 59 61 69 70
2 40 41 44 59 61 73 78
2 40 41 44 59 61 73 76 77
2 40 41 44 59 61 71 72 78
2 40 41 44 59 61 71 72 76 77
2 40 41 44 51 59 61 73
2 40 41 44 51 59 61 71 72
2 40 41 44 46 59 61 78
2 40 41 44 46 59 61 76 77
2 40 41 44 46 51 59 61
2 15 59 61 71 73 78
2 15 59 61 71 73 76 77
2 15 59 61 71 72 78
2 15 59 61 71 72 76 77
2 15 59 61 69 70 73 78
2 15 59 61 69 70 73 76 77
2 15 59 61 69 70 71 72 78
2 15 59 61 69 70 71 72 76 77
2 15 51 59 61 71 73
2 15 51 59 61 71 72
2 15 51 59 61 69 70 73
2 15 51 59 61 69 70 71 72
2 15 46 59 61 71 78
2 15 46 59 61 71 76 77
2 15 46 59 61 69 70 78
2 15 46 59 61 69 70 76 77
2 15 46 51 59 61 71
2 15 46 51 59 61 69 70
2 15 44 59 61 73 78
2 15 44 59 61 73 76 77
2 15 44 59 61 71 72 78
2 15 44 59 61 71 72 76 77
2 15 44 51 59 61 73
2 15 44 51 59 61 71 72
2 15 44 46 59 61 78
2 15 44 46 59 61 76 77
2 15 44 46 51 59 61
42 59 61 73 77
42 59 61 73 75 76
42 59 61 71 72 77
42 59 61 71 72 75 76
42 59 60 73 77
42 59 60 73 75 76
42 59 60 71 72 77
42 59 60 71 72 75 76
42 50 59 61 73
42 50 59 61 71 72
42 50 59 60 73
42 50 59 60 71 72
42 46 59 61 77
42 46 59 61 75 76
42 46 59 60 77
42 46 59 60 75 76
42 46 50 59 61
42 46 50 59 60
40 41 59 61 73 77
40 41 59 61 73 75 76
40 41 59 61 71 72 77
40 41 59 61 71 72 75 76
40 41 59 60 73 77
40 41 59 60 73 75 76
40 41 59 60 71 72 77
40 41 59 60 71 72 75 76
40 41 50 59 61 73
40 41 50 59 61 71 72
40 41 50 59 60 73
40 41 50 59 60 71 72
40 41 46 59 61 77
40 41 46 59 61 75 76
40 41 46 59 60 77
40 41 46 59 60 75 76
40 41 46 50 59 61
40 41 46 50 59 60
34 42 59 73 77
34 42 59 73 75 76
34 42 59 71 72 77
34 42 59 71 72 75 76
34 42 50 59 73
34 42 50 59 71 72
34 42 46 59 77
34 42 46 59 75 76
34 42 46 50 59
34 40 41 59 73 77
34 40 41 59 73 75 76
34 40 41 59 71 72 77
34 40 41 59 71 72 75 76
34 40 41 50 59 73
34 40 41 50 59 71 72
34 40 41 46 59 77
34 40 41 46 59 75 76
34 40 41 46 50 59
15 59 61 73 77
15 59 61 73 75 76
15 59 61 71 72 77
15 59 61 71 72 75 76
15 59 60 73 77
15 59 60 73 75 76
15 59 60 71 72 77
15 59 60 71 72 75 76
15 50 59 61 73
15 50 59 61 71 72
15 50 59 60 73
15 50 59 60 71 72
15 46 59 61 77
15 46 59 61 75 76
15 46 59 60 77
15 46 59 60 75 76
15 46 50 59 61
15 46 50 59 60
15 34 59 73 77
15 34 59 73 75 76
15 34 59 71 72 77
15 34 59 71 72 75 76
15 34 50 59 73
15 34 50 59 71 72
15 34 46 59 77
15 34 46 59 75 76
15 34 46 50 59
