42 59 61 75
42 59 61 75 78
42 59 61 75 76 77
42 59 61 73 74
42 59 61 73 74 78
42 59 61 73 74 76 77
42 51 59 61 75
42 51 59 61 73 74
42 48 59 61
42 48 59 61 78
42 48 59 61 76 77
42 48 51 59 61
40 41 59 61 75
40 41 59 61 75 78
40 41 59 61 75 76 77
40 41 59 61 73 74
40 41 59 61 73 74 78
40 41 59 61 73 74 76 77
40 41 51 59 61 75
40 41 51 59 61 73 74
40 41 48 59 61
40 41 48 59 61 78
40 41 48 59 61 76 77
40 41 48 51 59 61
15 59 61 75
15 59 61 75 78
15 59 61 75 76 77
15 59 61 73 74
15 59 61 73 74 78
15 59 61 73 74 76 77
15 51 59 61 75
15 51 59 61 73 74
15 48 59 61
15 48 59 61 78
15 48 59 61 76 77
15 48 51 59 61
42 57 59 73 78
42 57 59 73 76 77
42 57 59 71 72 78
42 57 59 71 72 76 77
42 51 57 59 73
42 51 57 59 71 72
42 46 57 59 78
42 46 57 59 76 77
42 46 51 57 59
40 41 57 59 73 78
40 41 57 59 73 76 77
40 41 57 59 71 72 78
40 41 57 59 71 72 76 77
40 41 51 57 59 73
40 41 51 57 59 71 72
40 41 46 57 59 78
40 41 46 57 59 76 77
40 41 46 51 57 59
15 57 59 73 78
15 57 59 73 76 77
15 57 59 71 72 78
15 57 59 71 72 76 77
15 51 57 59 73
15 51 57 59 71 72
15 46 57 59 78
15 46 57 59 76 77
15 46 51 57 59
42 57 59 73
42 57 59 71 72
40 41 46 57 59
15 57 59 73
15 57 59 71 72
42 59 71 73
42 59 69 70 73
42 59 69 70 71 72
42 57 59 75
42 57 59 73 76
42 57 59 73 75
42 57 59 73 74 75
42 57 59 71 72 76
42 57 59 71 72 75
42 57 59 71 72 74 75
42 57 59 71 72 73 74
42 57 59 60 75
42 57 59 60 73 74
42 57 58 59 75
42 57 58 59 73 74
42 57 58 59 60 73
42 57 58 59 60 71 72
42 49 57 59 73
42 49 57 59 71 72
42 48 57 59
42 48 57 59 60
42 48 57 58 59
42 46 59 71
42 46 59 69 70
42 46 57 59 76
42 46 57 59 75
42 46 57 59 74 75
42 46 57 59 73
42 46 57 59 73 74
42 46 57 59 71 72
42 46 57 58 59 60
42 46 49 57 59
42 44 59 73
42 44 59 71 72
42 44 46 59
42 44 45 57 59 73
42 44 45 57 59 71 72
42 44 45 46 57 59
40 41 59 71 73
40 41 59 69 70 73
40 41 59 69 70 71 72
40 41 57 59 75
40 41 57 59 73 76
40 41 57 59 73 75
40 41 57 59 73 74 75
40 41 57 59 71 72 76
40 41 57 59 71 72 75
40 41 57 59 71 72 74 75
40 41 57 59 71 72 73 74
40 41 57 59 60 75
40 41 57 59 60 73 74
40 41 57 58 59 75
40 41 57 58 59 73 74
40 41 57 58 59 60 73
40 41 57 58 59 60 71 72
40 41 49 57 59 73
40 41 49 57 59 71 72
40 41 48 57 59
40 41 48 57 59 73
40 41 48 57 59 71 72
40 41 48 57 59 60
40 41 48 57 58 59
40 41 46 59 71
40 41 46 59 69 70
40 41 46 57 59 76
40 41 46 57 59 75
40 41 46 57 59 74 75
40 41 46 57 59 73
40 41 46 57 59 73 74
40 41 46 57 59 71 72
40 41 46 57 58 59 60
40 41 46 49 57 59
40 41 46 48 57 59
40 41 44 59 73
40 41 44 59 71 72
40 41 44 46 59
40 41 44 45 57 59 73
40 41 44 45 57 59 71 72
40 41 44 45 46 57 59
33 42 57 59 75
33 42 57 59 73 74
33 42 57 58 59 73
33 42 57 58 59 71 72
33 42 48 57 59
33 42 46 57 58 59
33 40 41 57 59 75
33 40 41 57 59 73 74
33 40 41 57 58 59 73
33 40 41 57 58 59 71 72
33 40 41 48 57 59
33 40 41 46 57 58 59
32 42 57 59 60 73
32 42 57 59 60 71 72
32 42 57 58 59 73
32 42 57 58 59 71 72
32 42 46 57 59 60
32 42 46 57 58 59
32 40 41 57 59 60 73
32 40 41 57 59 60 71 72
32 40 41 57 58 59 73
32 40 41 57 58 59 71 72
32 40 41 46 57 59 60
32 40 41 46 57 58 59
32 33 42 57 59 73
32 33 42 57 59 71 72
32 33 42 46 57 59
32 33 40 41 57 59 73
32 33 40 41 57 59 71 72
32 33 40 41 46 57 59
19 42 57 59 73
19 42 57 59 71 72
19 42 46 57 59
19 40 41 57 59 73
19 40 41 57 59 71 72
19 40 41 46 57 59
15 59 71 73
15 59 69 70 73
15 59 69 70 71 72
15 57 59 75
15 57 59 73 76
15 57 59 73 75
15 57 59 73 74 75
15 57 59 71 72 76
15 57 59 71 72 75
15 57 59 71 72 74 75
15 57 59 71 72 73 74
15 57 59 60 75
15 57 59 60 73 74
15 57 58 59 75
15 57 58 59 73 74
15 57 58 59 60 73
15 57 58 59 60 71 72
15 49 57 59 73
15 49 57 59 71 72
15 48 57 59
15 48 57 59 60
15 48 57 58 59
15 46 59 71
15 46 59 69 70
15 46 57 59 76
15 46 57 59 75
15 46 57 59 74 75
15 46 57 59 73
15 46 57 59 73 74
15 46 57 59 71 72
15 46 57 58 59 60
15 46 49 57 59
15 44 59 73
15 44 59 71 72
15 44 46 59
15 44 45 57 59 73
15 44 45 57 59 71 72
15 44 45 46 57 59
15 33 57 59 75
15 33 57 59 73 74
15 33 57 58 59 73
15 33 57 58 59 71 72
15 33 48 57 59
15 33 46 57 58 59
15 32 57 59 60 73
15 32 57 59 60 71 72
15 32 57 58 59 73
15 32 57 58 59 71 72
15 32 46 57 59 60
15 32 46 57 58 59
15 32 33 57 59 73
15 32 33 57 59 71 72
15 32 33 46 57 59
15 19 57 59 73
15 19 57 59 71 72
15 19 46 57 59
42 59 63 73 78
42 59 63 73 76 77
42 59 63 71 72 78
42 59 63 71 72 76 77
42 51 59 63 73
42 51 59 63 71 72
42 49 59 63 73 78
42 49 59 63 73 76 77
42 49 59 63 71 72 78
42 49 59 63 71 72 76 77
42 49 51 59 63 73
42 49 51 59 63 71 72
42 47 48 59 63 73 78
42 47 48 59 63 73 76 77
42 47 48 59 63 71 72 78
42 47 48 59 63 71 72 76 77
42 47 48 51 59 63 73
42 47 48 51 59 63 71 72
42 46 59 63 78
42 46 59 63 76 77
42 46 51 59 63
42 46 49 59 63 78
42 46 49 59 63 76 77
42 46 49 51 59 63
42 46 47 48 59 63 78
42 46 47 48 59 63 76 77
42 46 47 48 51 59 63
40 41 59 63 73 78
40 41 59 63 73 76 77
40 41 59 63 71 72 78
40 41 59 63 71 72 76 77
40 41 51 59 63 73
40 41 51 59 63 71 72
40 41 49 59 63 73 78
40 41 49 59 63 73 76 77
40 41 49 59 63 71 72 78
40 41 49 59 63 71 72 76 77
40 41 49 51 59 63 73
40 41 49 51 59 63 71 72
40 41 47 48 59 63 73 78
40 41 47 48 59 63 73 76 77
40 41 47 48 59 63 71 72 78
40 41 47 48 59 63 71 72 76 77
40 41 47 48 51 59 63 73
40 41 47 48 51 59 63 71 72
40 41 46 59 63 78
40 41 46 59 63 76 77
40 41 46 51 59 63
40 41 46 49 59 63 78
40 41 46 49 59 63 76 77
40 41 46 49 51 59 63
40 41 46 47 48 59 63 78
40 41 46 47 48 59 63 76 77
40 41 46 47 48 51 59 63
31 42 59 63 73 78
31 42 59 63 73 76 77
31 42 59 63 71 72 78
31 42 59 63 71 72 76 77
31 42 51 59 63 73
31 42 51 59 63 71 72
31 42 49 59 63 73 78
31 42 49 59 63 73 76 77
31 42 49 59 63 71 72 78
31 42 49 59 63 71 72 76 77
31 42 49 51 59 63 73
31 42 49 51 59 63 71 72
31 42 47 48 59 63 73 78
31 42 47 48 59 63 73 76 77
31 42 47 48 59 63 71 72 78
31 42 47 48 59 63 71 72 76 77
31 42 47 48 51 59 63 73
31 42 47 48 51 59 63 71 72
31 42 46 59 63 78
31 42 46 59 63 76 77
31 42 46 51 59 63
31 42 46 49 59 63 78
31 42 46 49 59 63 76 77
31 42 46 49 51 59 63
31 42 46 47 48 59 63 78
31 42 46 47 48 59 63 76 77
31 42 46 47 48 51 59 63
31 40 41 59 63 73 78
31 40 41 59 63 73 76 77
31 40 41 59 63 71 72 78
31 40 41 59 63 71 72 76 77
31 40 41 51 59 63 73
31 40 41 51 59 63 71 72
31 40 41 49 59 63 73 78
31 40 41 49 59 63 73 76 77
31 40 41 49 59 63 71 72 78
31 40 41 49 59 63 71 72 76 77
31 40 41 49 51 59 63 73
31 40 41 49 51 59 63 71 72
31 40 41 47 48 59 63 73 78
31 40 41 47 48 59 63 73 76 77
31 40 41 47 48 59 63 71 72 78
31 40 41 47 48 59 63 71 72 76 77
31 40 41 47 48 51 59 63 73
31 40 41 47 48 51 59 63 71 72
31 40 41 46 59 63 78
31 40 41 46 59 63 76 77
31 40 41 46 51 59 63
31 40 41 46 49 59 63 78
31 40 41 46 49 59 63 76 77
31 40 41 46 49 51 59 63
31 40 41 46 47 48 59 63 78
31 40 41 46 47 48 59 63 76 77
31 40 41 46 47 48 51 59 63
29 30 42 59 63 73 78
29 30 42 59 63 73 76 77
29 30 42 59 63 71 72 78
29 30 42 59 63 71 72 76 77
29 30 42 51 59 63 73
29 30 42 51 59 63 71 72
29 30 42 49 59 63 73 78
29 30 42 49 59 63 73 76 77
29 30 42 49 59 63 71 72 78
29 30 42 49 59 63 71 72 76 77
29 30 42 49 51 59 63 73
29 30 42 49 51 59 63 71 72
29 30 42 47 48 59 63 73 78
29 30 42 47 48 59 63 73 76 77
29 30 42 47 48 59 63 71 72 78
29 30 42 47 48 59 63 71 72 76 77
29 30 42 47 48 51 59 63 73
29 30 42 47 48 51 59 63 71 72
29 30 42 46 59 63 78
29 30 42 46 59 63 76 77
29 30 42 46 51 59 63
29 30 42 46 49 59 63 78
29 30 42 46 49 59 63 76 77
29 30 42 46 49 51 59 63
29 30 42 46 47 48 59 63 78
29 30 42 46 47 48 59 63 76 77
29 30 42 46 47 48 51 59 63
29 30 40 41 59 63 73 78
29 30 40 41 59 63 73 76 77
29 30 40 41 59 63 71 72 78
29 30 40 41 59 63 71 72 76 77
29 30 40 41 51 59 63 73
29 30 40 41 51 59 63 71 72
29 30 40 41 49 59 63 73 78
29 30 40 41 49 59 63 73 76 77
29 30 40 41 49 59 63 71 72 78
29 30 40 41 49 59 63 71 72 76 77
29 30 40 41 49 51 59 63 73
29 30 40 41 49 51 59 63 71 72
29 30 40 41 47 48 59 63 73 78
29 30 40 41 47 48 59 63 73 76 77
29 30 40 41 47 48 59 63 71 72 78
29 30 40 41 47 48 59 63 71 72 76 77
29 30 40 41 47 48 51 59 63 73
29 30 40 41 47 48 51 59 63 71 72
29 30 40 41 46 59 63 78
29 30 40 41 46 59 63 76 77
29 30 40 41 46 51 59 63
29 30 40 41 46 49 59 63 78
29 30 40 41 46 49 59 63 76 77
29 30 40 41 46 49 51 59 63
29 30 40 41 46 47 48 59 63 78
29 30 40 41 46 47 48 59 63 76 77
29 30 40 41 46 47 48 51 59 63
22 42 59 63 73 78
22 42 59 63 73 76 77
22 42 59 63 71 72 78
22 42 59 63 71 72 76 77
22 42 51 59 63 73
22 42 51 59 63 71 72
22 42 46 59 63 78
22 42 46 59 63 76 77
22 42 46 51 59 63
22 40 41 59 63 73 78
22 40 41 59 63 73 76 77
22 40 41 59 63 71 72 78
22 40 41 59 63 71 72 76 77
22 40 41 51 59 63 73
22 40 41 51 59 63 71 72
22 40 41 46 59 63 78
22 40 41 46 59 63 76 77
22 40 41 46 51 59 63
22 31 42 59 63 73 78
22 31 42 59 63 73 76 77
22 31 42 59 63 71 72 78
22 31 42 59 63 71 72 76 77
22 31 42 51 59 63 73
22 31 42 51 59 63 71 72
22 31 42 46 59 63 78
22 31 42 46 59 63 76 77
22 31 42 46 51 59 63
22 31 40 41 59 63 73 78
22 31 40 41 59 63 73 76 77
22 31 40 41 59 63 71 72 78
22 31 40 41 59 63 71 72 76 77
22 31 40 41 51 59 63 73
22 31 40 41 51 59 63 71 72
22 31 40 41 46 59 63 78
22 31 40 41 46 59 63 76 77
22 31 40 41 46 51 59 63
22 29 30 42 59 63 73 78
22 29 30 42 59 63 73 76 77
22 29 30 42 59 63 71 72 78
22 29 30 42 59 63 71 72 76 77
22 29 30 42 51 59 63 73
22 29 30 42 51 59 63 71 72
22 29 30 42 46 59 63 78
22 29 30 42 46 59 63 76 77
22 29 30 42 46 51 59 63
22 29 30 40 41 59 63 73 78
22 29 30 40 41 59 63 73 76 77
22 29 30 40 41 59 63 71 72 78
22 29 30 40 41 59 63 71 72 76 77
22 29 30 40 41 51 59 63 73
22 29 30 40 41 51 59 63 71 72
22 29 30 40 41 46 59 63 78
22 29 30 40 41 46 59 63 76 77
22 29 30 40 41 46 51 59 63
15 59 63 73 78
15 59 63 73 76 77
15 59 63 71 72 78
15 59 63 71 72 76 77
15 51 59 63 73
15 51 59 63 71 72
15 49 59 63 73 78
15 49 59 63 73 76 77
15 49 59 63 71 72 78
15 49 59 63 71 72 76 77
15 49 51 59 63 73
15 49 51 59 63 71 72
15 47 48 59 63 73 78
15 47 48 59 63 73 76 77
15 47 48 59 63 71 72 78
15 47 48 59 63 71 72 76 77
15 47 48 51 59 63 73
15 47 48 51 59 63 71 72
15 46 59 63 78
15 46 59 63 76 77
15 46 51 59 63
15 46 49 59 63 78
15 46 49 59 63 76 77
15 46 49 51 59 63
15 46 47 48 59 63 78
15 46 47 48 59 63 76 77
15 46 47 48 51 59 63
15 31 59 63 73 78
15 31 59 63 73 76 77
15 31 59 63 71 72 78
15 31 59 63 71 72 76 77
15 31 51 59 63 73
15 31 51 59 63 71 72
15 31 49 59 63 73 78
15 31 49 59 63 73 76 77
15 31 49 59 63 71 72 78
15 31 49 59 63 71 72 76 77
15 31 49 51 59 63 73
15 31 49 51 59 63 71 72
15 31 47 48 59 63 73 78
15 31 47 48 59 63 73 76 77
15 31 47 48 59 63 71 72 78
15 31 47 48 59 63 71 72 76 77
15 31 47 48 51 59 63 73
15 31 47 48 51 59 63 71 72
15 31 46 59 63 78
15 31 46 59 63 76 77
15 31 46 51 59 63
15 31 46 49 59 63 78
15 31 46 49 59 63 76 77
15 31 46 49 51 59 63
15 31 46 47 48 59 63 78
15 31 46 47 48 59 63 76 77
15 31 46 47 48 51 59 63
15 29 30 59 63 73 78
15 29 30 59 63 73 76 77
15 29 30 59 63 71 72 78
15 29 30 59 63 71 72 76 77
15 29 30 51 59 63 73
15 29 30 51 59 63 71 72
15 29 30 49 59 63 73 78
15 29 30 49 59 63 73 76 77
15 29 30 49 59 63 71 72 78
15 29 30 49 59 63 71 72 76 77
15 29 30 49 51 59 63 73
15 29 30 49 51 59 63 71 72
15 29 30 47 48 59 63 73 78
15 29 30 47 48 59 63 73 76 77
15 29 30 47 48 59 63 71 72 78
15 29 30 47 48 59 63 71 72 76 77
15 29 30 47 48 51 59 63 73
15 29 30 47 48 51 59 63 71 72
15 29 30 46 59 63 78
15 29 30 46 59 63 76 77
15 29 30 46 51 59 63
15 29 30 46 49 59 63 78
15 29 30 46 49 59 63 76 77
15 29 30 46 49 51 59 63
15 29 30 46 47 48 59 63 78
15 29 30 46 47 48 59 63 76 77
15 29 30 46 47 48 51 59 63
15 22 59 63 73 78
15 22 59 63 73 76 77
15 22 59 63 71 72 78
15 22 59 63 71 72 76 77
15 22 51 59 63 73
15 22 51 59 63 71 72
15 22 46 59 63 78
15 22 46 59 63 76 77
15 22 46 51 59 63
15 22 31 59 63 73 78
15 22 31 59 63 73 76 77
15 22 31 59 63 71 72 78
15 22 31 59 63 71 72 76 77
15 22 31 51 59 63 73
15 22 31 51 59 63 71 72
15 22 31 46 59 63 78
15 22 31 46 59 63 76 77
15 22 31 46 51 59 63
15 22 29 30 59 63 73 78
15 22 29 30 59 63 73 76 77
15 22 29 30 59 63 71 72 78
15 22 29 30 59 63 71 72 76 77
15 22 29 30 51 59 63 73
15 22 29 30 51 59 63 71 72
15 22 29 30 46 59 63 78
15 22 29 30 46 59 63 76 77
15 22 29 30 46 51 59 63
4 42 59 63 73 78
4 42 59 63 73 76 77
4 42 59 63 71 72 78
4 42 59 63 71 72 76 77
4 42 51 59 63 73
4 42 51 59 63 71 72
4 42 49 59 63 73 78
4 42 49 59 63 73 76 77
4 42 49 59 63 71 72 78
4 42 49 59 63 71 72 76 77
4 42 49 51 59 63 73
4 42 49 51 59 63 71 72
4 42 47 48 59 63 73 78
4 42 47 48 59 63 73 76 77
4 42 47 48 59 63 71 72 78
4 42 47 48 59 63 71 72 76 77
4 42 47 48 51 59 63 73
4 42 47 48 51 59 63 71 72
4 42 46 59 63 78
4 42 46 59 63 76 77
4 42 46 51 59 63
4 42 46 49 59 63 78
4 42 46 49 59 63 76 77
4 42 46 49 51 59 63
4 42 46 47 48 59 63 78
4 42 46 47 48 59 63 76 77
4 42 46 47 48 51 59 63
4 40 41 59 63 73 78
4 40 41 59 63 73 76 77
4 40 41 59 63 71 72 78
4 40 41 59 63 71 72 76 77
4 40 41 51 59 63 73
4 40 41 51 59 63 71 72
4 40 41 49 59 63 73 78
4 40 41 49 59 63 73 76 77
4 40 41 49 59 63 71 72 78
4 40 41 49 59 63 71 72 76 77
4 40 41 49 51 59 63 73
4 40 41 49 51 59 63 71 72
4 40 41 47 48 59 63 73 78
4 40 41 47 48 59 63 73 76 77
4 40 41 47 48 59 63 71 72 78
4 40 41 47 48 59 63 71 72 76 77
4 40 41 47 48 51 59 63 73
4 40 41 47 48 51 59 63 71 72
4 40 41 46 59 63 78
4 40 41 46 59 63 76 77
4 40 41 46 51 59 63
4 40 41 46 49 59 63 78
4 40 41 46 49 59 63 76 77
4 40 41 46 49 51 59 63
4 40 41 46 47 48 59 63 78
4 40 41 46 47 48 59 63 76 77
4 40 41 46 47 48 51 59 63
4 22 42 59 63 73 78
4 22 42 59 63 73 76 77
4 22 42 59 63 71 72 78
4 22 42 59 63 71 72 76 77
4 22 42 51 59 63 73
4 22 42 51 59 63 71 72
4 22 42 46 59 63 78
4 22 42 46 59 63 76 77
4 22 42 46 51 59 63
4 22 40 41 59 63 73 78
4 22 40 41 59 63 73 76 77
4 22 40 41 59 63 71 72 78
4 22 40 41 59 63 71 72 76 77
4 22 40 41 51 59 63 73
4 22 40 41 51 59 63 71 72
4 22 40 41 46 59 63 78
4 22 40 41 46 59 63 76 77
4 22 40 41 46 51 59 63
4 15 59 63 73 78
4 15 59 63 73 76 77
4 15 59 63 71 72 78
4 15 59 63 71 72 76 77
4 15 51 59 63 73
4 15 51 59 63 71 72
4 15 49 59 63 73 78
4 15 49 59 63 73 76 77
4 15 49 59 63 71 72 78
4 15 49 59 63 71 72 76 77
4 15 49 51 59 63 73
4 15 49 51 59 63 71 72
4 15 47 48 59 63 73 78
4 15 47 48 59 63 73 76 77
4 15 47 48 59 63 71 72 78
4 15 47 48 59 63 71 72 76 77
4 15 47 48 51 59 63 73
4 15 47 48 51 59 63 71 72
4 15 46 59 63 78
4 15 46 59 63 76 77
4 15 46 51 59 63
4 15 46 49 59 63 78
4 15 46 49 59 63 76 77
4 15 46 49 51 59 63
4 15 46 47 48 59 63 78
4 15 46 47 48 59 63 76 77
4 15 46 47 48 51 59 63
4 15 22 59 63 73 78
4 15 22 59 63 73 76 77
4 15 22 59 63 71 72 78
4 15 22 59 63 71 72 76 77
4 15 22 51 59 63 73
4 15 22 51 59 63 71 72
4 15 22 46 59 63 78
4 15 22 46 59 63 76 77
4 15 22 46 51 59 63
42 44 59 61 73
42 44 59 61 71 72
42 44 46 59 61
42 43 59 61 73
42 43 59 61 71 72
42 43 46 59 61
40 41 44 59 61 73
40 41 44 59 61 71 72
40 41 44 46 59 61
40 41 42 43 59 61 73
40 41 42 43 59 61 71 72
40 41 42 43 46 59 61
17 42 59 61 73
17 42 59 61 71 72
17 42 46 59 61
17 40 41 59 61 73
17 40 41 59 61 71 72
17 40 41 46 59 61
15 44 59 61 73
15 44 59 61 71 72
15 44 46 59 61
15 42 43 59 61 73
15 42 43 59 61 71 72
15 42 43 46 59 61
15 17 59 61 73
15 17 59 61 71 72
15 17 46 59 61
17 57 59 73
17 57 59 71 72
17 46 57 59
68 69 78 79
67 68
53 68 69
42 68
42 68 78 79
42 53 68
36 69 78 79
36 68 69 78 79
36 53 69
36 53 68 69
36 42 78 79
36 42 68 78 79
36 42 53
36 42 53 68
8 69 78 79
8 67 68 78 79
8 53 69
8 53 67 68
8 42 78 79
8 42 53
8 36 69 78 79
8 36 67 68 78 79
8 36 53 69
8 36 53 67 68
8 36 42 78 79
8 36 42 53
44 57 73
44 57 71 72
44 57 59 65 73
44 57 59 65 71 72
44 46 57
44 46 57 59 65
42 48 56 57 59 73
42 48 56 57 59 71 72
42 46 48 56 57 59
42 46 47 57 59
42 46 47 57 59 73
42 46 47 57 59 71 72
42 46 47 56 57 59
42 46 47 56 57 59 73
42 46 47 56 57 59 71 72
42 43 57 73
42 43 57 71 72
42 43 57 59 65 73
42 43 57 59 65 71 72
42 43 46 57
42 43 46 57 59 65
40 41 48 56 57 59 73
40 41 48 56 57 59 71 72
40 41 46 48 56 57 59
40 41 46 47 56 57 59
40 41 46 47 56 57 59 73
40 41 46 47 56 57 59 71 72
26 42 48 57 59 73
26 42 48 57 59 71 72
26 42 46 48 57 59
26 42 46 47 57 59
26 42 46 47 57 59 73
26 42 46 47 57 59 71 72
26 40 41 48 57 59 73
26 40 41 48 57 59 71 72
26 40 41 46 48 57 59
26 40 41 46 47 57 59
26 40 41 46 47 57 59 73
26 40 41 46 47 57 59 71 72
21 42 57 59 73
21 42 57 59 71 72
21 42 56 57 59 73
21 42 56 57 59 71 72
21 42 46 57 59
21 42 46 56 57 59
21 40 41 56 57 59 73
21 40 41 56 57 59 71 72
21 40 41 46 56 57 59
21 26 42 57 59 73
21 26 42 57 59 71 72
21 26 42 46 57 59
21 26 40 41 57 59 73
21 26 40 41 57 59 71 72
21 26 40 41 46 57 59
17 57 73
17 57 71 72
17 46 57
17 44 57 59 73
17 44 57 59 71 72
17 44 57 59 65 73
17 44 57 59 65 71 72
17 44 46 57 59
17 44 46 57 59 65
17 42 43 57 59 73
17 42 43 57 59 71 72
17 42 43 57 59 65 73
17 42 43 57 59 65 71 72
17 42 43 46 57 59
17 42 43 46 57 59 65
15 48 56 57 59 73
15 48 56 57 59 71 72
15 46 48 56 57 59
15 46 47 57 59
15 46 47 57 59 73
15 46 47 57 59 71 72
15 46 47 56 57 59
15 46 47 56 57 59 73
15 46 47 56 57 59 71 72
15 26 48 57 59 73
15 26 48 57 59 71 72
15 26 46 48 57 59
15 26 46 47 57 59
15 26 46 47 57 59 73
15 26 46 47 57 59 71 72
15 21 57 59 73
15 21 57 59 71 72
15 21 56 57 59 73
15 21 56 57 59 71 72
15 21 46 57 59
15 21 46 56 57 59
15 21 26 57 59 73
15 21 26 57 59 71 72
15 21 26 46 57 59
15 16 44 57 59 73
15 16 44 57 59 71 72
15 16 44 57 59 65 73
15 16 44 57 59 65 71 72
15 16 44 46 57 59
15 16 44 46 57 59 65
15 16 42 43 57 59 73
15 16 42 43 57 59 71 72
15 16 42 43 57 59 65 73
15 16 42 43 57 59 65 71 72
15 16 42 43 46 57 59
15 16 42 43 46 57 59 65
15 16 17 57 59 73
15 16 17 57 59 71 72
15 16 17 57 59 65 73
15 16 17 57 59 65 71 72
15 16 17 46 57 59
15 16 17 46 57 59 65
57 59 73
57 59 71 72
48 57 59 73
48 57 59 73 78
48 57 59 73 76 77
48 57 59 71 72
48 57 59 71 72 78
48 57 59 71 72 76 77
48 51 57 59 73
48 51 57 59 71 72
46 57 59
46 48 57 59
46 48 57 59 78
46 48 57 59 76 77
46 48 51 57 59
46 47 57 59
46 47 57 59 78
46 47 57 59 76 77
46 47 57 59 73
46 47 57 59 73 78
46 47 57 59 73 76 77
46 47 57 59 71 72
46 47 57 59 71 72 78
46 47 57 59 71 72 76 77
46 47 51 57 59
46 47 51 57 59 73
46 47 51 57 59 71 72
21 57 59 73
21 57 59 73 78
21 57 59 73 76 77
21 57 59 71 72
21 57 59 71 72 78
21 57 59 71 72 76 77
21 51 57 59 73
21 51 57 59 71 72
21 46 57 59
21 46 57 59 78
21 46 57 59 76 77
21 46 51 57 59
40 42 57 59 73
40 42 57 59 71 72
40 42 48 57 59 73
40 42 48 57 59 71 72
40 42 46 57 59
40 42 46 48 57 59
40 42 46 47 57 59
40 42 46 47 57 59 73
40 42 46 47 57 59 71 72
38 39 42 57 59 73
38 39 42 57 59 71 72
38 39 42 48 57 59 73
38 39 42 48 57 59 71 72
38 39 42 46 57 59
38 39 42 46 48 57 59
38 39 42 46 47 57 59
38 39 42 46 47 57 59 73
38 39 42 46 47 57 59 71 72
38 39 40 41 57 59 73
38 39 40 41 57 59 71 72
38 39 40 41 48 57 59 73
38 39 40 41 48 57 59 71 72
38 39 40 41 46 57 59
38 39 40 41 46 48 57 59
38 39 40 41 46 47 57 59
38 39 40 41 46 47 57 59 73
38 39 40 41 46 47 57 59 71 72
21 40 42 57 59 73
21 40 42 57 59 71 72
21 40 42 46 57 59
21 38 39 42 57 59 73
21 38 39 42 57 59 71 72
21 38 39 42 46 57 59
21 38 39 40 41 57 59 73
21 38 39 40 41 57 59 71 72
21 38 39 40 41 46 57 59
15 40 57 59 73
15 40 57 59 71 72
15 40 48 57 59 73
15 40 48 57 59 71 72
15 40 46 57 59
15 40 46 48 57 59
15 40 46 47 57 59
15 40 46 47 57 59 73
15 40 46 47 57 59 71 72
15 38 39 57 59 73
15 38 39 57 59 71 72
15 38 39 48 57 59 73
15 38 39 48 57 59 71 72
15 38 39 46 57 59
15 38 39 46 48 57 59
15 38 39 46 47 57 59
15 38 39 46 47 57 59 73
15 38 39 46 47 57 59 71 72
15 21 40 57 59 73
15 21 40 57 59 71 72
15 21 40 46 57 59
15 21 38 39 57 59 73
15 21 38 39 57 59 71 72
15 21 38 39 46 57 59
14 42 57 59 73
14 42 57 59 71 72
14 42 48 57 59 73
14 42 48 57 59 71 72
14 42 46 57 59
14 42 46 48 57 59
14 42 46 47 57 59
14 42 46 47 57 59 73
14 42 46 47 57 59 71 72
14 40 41 57 59 73
14 40 41 57 59 71 72
14 40 41 48 57 59 73
14 40 41 48 57 59 71 72
14 40 41 46 57 59
14 40 41 46 48 57 59
14 40 41 46 47 57 59
14 40 41 46 47 57 59 73
14 40 41 46 47 57 59 71 72
14 21 42 57 59 73
14 21 42 57 59 71 72
14 21 42 46 57 59
14 21 40 41 57 59 73
14 21 40 41 57 59 71 72
14 21 40 41 46 57 59
14 15 57 59 73
14 15 57 59 71 72
14 15 48 57 59 73
14 15 48 57 59 71 72
14 15 46 57 59
14 15 46 48 57 59
14 15 46 47 57 59
14 15 46 47 57 59 73
14 15 46 47 57 59 71 72
14 15 21 57 59 73
14 15 21 57 59 71 72
14 15 21 46 57 59
13 42 57 59 73
13 42 57 59 71 72
13 42 48 57 59 73
13 42 48 57 59 71 72
13 42 46 57 59
13 42 46 48 57 59
13 42 46 47 57 59
13 42 46 47 57 59 73
13 42 46 47 57 59 71 72
13 40 41 57 59 73
13 40 41 57 59 71 72
13 40 41 48 57 59 73
13 40 41 48 57 59 71 72
13 40 41 46 57 59
13 40 41 46 48 57 59
13 40 41 46 47 57 59
13 40 41 46 47 57 59 73
13 40 41 46 47 57 59 71 72
13 21 42 57 59 73
13 21 42 57 59 71 72
13 21 42 46 57 59
13 21 40 41 57 59 73
13 21 40 41 57 59 71 72
13 21 40 41 46 57 59
13 15 57 59 73
13 15 57 59 71 72
13 15 48 57 59 73
13 15 48 57 59 71 72
13 15 46 57 59
13 15 46 48 57 59
13 15 46 47 57 59
13 15 46 47 57 59 73
13 15 46 47 57 59 71 72
13 15 21 57 59 73
13 15 21 57 59 71 72
13 15 21 46 57 59

59 69 78 79
59 67 68 78 79
53 59 69
53 59 67 68
42 59 78 79
42 53 59
36 69
36 68 78 79
36 53 68
36 42
35
20
20 69
20 67 68
20 42
20 36 69
20 36 67 68
20 36 42
1 36 69
1 36 67 68
1 36 42
1 35 67
1 35 65 66
1 35 40
1 20 67
1 20 65 66
1 20 40
44 57 58 59 61 73
44 57 58 59 61 71 72
44 57 58 59 60 61 73
44 57 58 59 60 61 71 72
44 46 57 58 59 61
44 46 57 58 59 60 61
42 57 58 59 60 61 73 78
42 57 58 59 60 61 73 76 77
42 57 58 59 60 61 71 72 78
42 57 58 59 60 61 71 72 76 77
42 51 57 58 59 60 61 73
42 51 57 58 59 60 61 71 72
42 46 57 58 59 60 61 78
42 46 57 58 59 60 61 76 77
42 46 51 57 58 59 60 61
42 43 57 58 59 61 73
42 43 57 58 59 61 71 72
42 43 57 58 59 60 61 73
42 43 57 58 59 60 61 71 72
42 43 46 57 58 59 61
42 43 46 57 58 59 60 61
40 41 57 58 59 60 61 73 78
40 41 57 58 59 60 61 73 76 77
40 41 57 58 59 60 61 71 72 78
40 41 57 58 59 60 61 71 72 76 77
40 41 51 57 58 59 60 61 73
40 41 51 57 58 59 60 61 71 72
40 41 46 57 58 59 60 61 78
40 41 46 57 58 59 60 61 76 77
40 41 46 51 57 58 59 60 61
34 44 57 59 60 61 73
34 44 57 59 60 61 71 72
34 44 57 58 59 61 73
34 44 57 58 59 61 71 72
34 44 46 57 59 60 61
34 44 46 57 58 59 61
34 42 57 59 60 61 73 78
34 42 57 59 60 61 73 76 77
34 42 57 59 60 61 71 72 78
34 42 57 59 60 61 71 72 76 77
34 42 57 58 59 61 73 78
34 42 57 58 59 61 73 76 77
34 42 57 58 59 61 71 72 78
34 42 57 58 59 61 71 72 76 77
34 42 51 57 59 60 61 73
34 42 51 57 59 60 61 71 72
34 42 51 57 58 59 61 73
34 42 51 57 58 59 61 71 72
34 42 46 57 59 60 61 78
34 42 46 57 59 60 61 76 77
34 42 46 57 58 59 61 78
34 42 46 57 58 59 61 76 77
34 42 46 51 57 59 60 61
34 42 46 51 57 58 59 61
34 42 43 57 59 60 61 73
34 42 43 57 59 60 61 71 72
34 42 43 57 58 59 61 73
34 42 43 57 58 59 61 71 72
34 42 43 46 57 59 60 61
34 42 43 46 57 58 59 61
34 40 41 57 59 60 61 73 78
34 40 41 57 59 60 61 73 76 77
34 40 41 57 59 60 61 71 72 78
34 40 41 57 59 60 61 71 72 76 77
34 40 41 57 58 59 61 73 78
34 40 41 57 58 59 61 73 76 77
34 40 41 57 58 59 61 71 72 78
34 40 41 57 58 59 61 71 72 76 77
34 40 41 51 57 59 60 61 73
34 40 41 51 57 59 60 61 71 72
34 40 41 51 57 58 59 61 73
34 40 41 51 57 58 59 61 71 72
34 40 41 46 57 59 60 61 78
34 40 41 46 57 59 60 61 76 77
34 40 41 46 57 58 59 61 78
34 40 41 46 57 58 59 61 76 77
34 40 41 46 51 57 59 60 61
34 40 41 46 51 57 58 59 61
33 44 57 59 61 73
33 44 57 59 61 71 72
33 44 57 59 60 61 73
33 44 57 59 60 61 71 72
33 44 46 57 59 61
33 44 46 57 59 60 61
33 42 57 59 60 61 73 78
33 42 57 59 60 61 73 76 77
33 42 57 59 60 61 71 72 78
33 42 57 59 60 61 71 72 76 77
33 42 51 57 59 60 61 73
33 42 51 57 59 60 61 71 72
33 42 46 57 59 60 61 78
33 42 46 57 59 60 61 76 77
33 42 46 51 57 59 60 61
33 42 43 57 59 61 73
33 42 43 57 59 61 71 72
33 42 43 57 59 60 61 73
33 42 43 57 59 60 61 71 72
33 42 43 46 57 59 61
33 42 43 46 57 59 60 61
33 40 41 57 59 60 61 73 78
33 40 41 57 59 60 61 73 76 77
33 40 41 57 59 60 61 71 72 78
33 40 41 57 59 60 61 71 72 76 77
33 40 41 51 57 59 60 61 73
33 40 41 51 57 59 60 61 71 72
33 40 41 46 57 59 60 61 78
33 40 41 46 57 59 60 61 76 77
33 40 41 46 51 57 59 60 61
33 34 44 57 59 61 73
33 34 44 57 59 61 71 72
33 34 44 46 57 59 61
33 34 42 57 59 61 73 78
33 34 42 57 59 61 73 76 77
33 34 42 57 59 61 71 72 78
33 34 42 57 59 61 71 72 76 77
33 34 42 51 57 59 61 73
33 34 42 51 57 59 61 71 72
33 34 42 46 57 59 61 78
33 34 42 46 57 59 61 76 77
33 34 42 46 51 57 59 61
33 34 42 43 57 59 61 73
33 34 42 43 57 59 61 71 72
33 34 42 43 46 57 59 61
33 34 40 41 57 59 61 73 78
33 34 40 41 57 59 61 73 76 77
33 34 40 41 57 59 61 71 72 78
33 34 40 41 57 59 61 71 72 76 77
33 34 40 41 51 57 59 61 73
33 34 40 41 51 57 59 61 71 72
33 34 40 41 46 57 59 61 78
33 34 40 41 46 57 59 61 76 77
33 34 40 41 46 51 57 59 61
17 57 58 59 61 73
17 57 58 59 61 71 72
17 57 58 59 60 61 73
17 57 58 59 60 61 71 72
17 46 57 58 59 61
17 46 57 58 59 60 61
17 34 57 59 60 61 73
17 34 57 59 60 61 71 72
17 34 57 58 59 61 73
17 34 57 58 59 61 71 72
17 34 46 57 59 60 61
17 34 46 57 58 59 61
17 33 57 59 61 73
17 33 57 59 61 71 72
17 33 57 59 60 61 73
17 33 57 59 60 61 71 72
17 33 46 57 59 61
17 33 46 57 59 60 61
17 33 34 57 59 61 73
17 33 34 57 59 61 71 72
17 33 34 46 57 59 61
15 57 58 59 60 61 73 78
15 57 58 59 60 61 73 76 77
15 57 58 59 60 61 71 72 78
15 57 58 59 60 61 71 72 76 77
15 51 57 58 59 60 61 73
15 51 57 58 59 60 61 71 72
15 46 57 58 59 60 61 78
15 46 57 58 59 60 61 76 77
15 46 51 57 58 59 60 61
15 34 57 59 60 61 73 78
15 34 57 59 60 61 73 76 77
15 34 57 59 60 61 71 72 78
15 34 57 59 60 61 71 72 76 77
15 34 57 58 59 61 73 78
15 34 57 58 59 61 73 76 77
15 34 57 58 59 61 71 72 78
15 34 57 58 59 61 71 72 76 77
15 34 51 57 59 60 61 73
15 34 51 57 59 60 61 71 72
15 34 51 57 58 59 61 73
15 34 51 57 58 59 61 71 72
15 34 46 57 59 60 61 78
15 34 46 57 59 60 61 76 77
15 34 46 57 58 59 61 78
15 34 46 57 58 59 61 76 77
15 34 46 51 57 59 60 61
15 34 46 51 57 58 59 61
15 33 57 59 60 61 73 78
15 33 57 59 60 61 73 76 77
15 33 57 59 60 61 71 72 78
15 33 57 59 60 61 71 72 76 77
15 33 51 57 59 60 61 73
15 33 51 57 59 60 61 71 72
15 33 46 57 59 60 61 78
15 33 46 57 59 60 61 76 77
15 33 46 51 57 59 60 61
15 33 34 57 59 61 73 78
15 33 34 57 59 61 73 76 77
15 33 34 57 59 61 71 72 78
15 33 34 57 59 61 71 72 76 77
15 33 34 51 57 59 61 73
15 33 34 51 57 59 61 71 72
15 33 34 46 57 59 61 78
15 33 34 46 57 59 61 76 77
15 33 34 46 51 57 59 61
42 57 59 73 78 79
42 57 59 71 72 78 79
42 53 57 59 73
42 53 57 59 71 72
42 46 57 59 78 79
42 46 53 57 59
40 41 57 59 73 78 79
40 41 57 59 71 72 78 79
40 41 53 57 59 73
40 41 53 57 59 71 72
40 41 46 57 59 78 79
40 41 46 53 57 59
15 57 59 73 78 79
15 57 59 71 72 78 79
15 53 57 59 73
15 53 57 59 71 72
15 46 57 59 78 79
15 46 53 57 59
42 59 61 63 73 78
42 59 61 63 73 76 77
42 59 61 63 71 72 78
42 59 61 63 71 72 76 77
42 57 59 60 61 73 78
42 57 59 60 61 73 76 77
42 57 59 60 61 71 72 78
42 57 59 60 61 71 72 76 77
42 57 59 60 61 68 73
42 57 59 60 61 68 71 72
42 57 59 60 61 67 68 73
42 57 59 60 61 67 68 71 72
42 57 58 59 61 73
42 57 58 59 61 71 72
42 57 58 59 61 68 73
42 57 58 59 61 68 71 72
42 57 58 59 61 67 68 73
42 57 58 59 61 67 68 71 72
42 51 59 61 63 73
42 51 59 61 63 71 72
42 51 57 59 60 61 73
42 51 57 59 60 61 71 72
42 46 59 61 63 78
42 46 59 61 63 76 77
42 46 57 59 60 61 78
42 46 57 59 60 61 76 77
42 46 57 59 60 61 68
42 46 57 59 60 61 67 68
42 46 57 58 59 61
42 46 57 58 59 61 68
42 46 57 58 59 61 67 68
42 46 51 59 61 63
42 46 51 57 59 60 61
40 41 59 61 63 73 78
40 41 59 61 63 73 76 77
40 41 59 61 63 71 72 78
40 41 59 61 63 71 72 76 77
40 41 57 59 60 61 73 78
40 41 57 59 60 61 73 76 77
40 41 57 59 60 61 71 72 78
40 41 57 59 60 61 71 72 76 77
40 41 57 59 60 61 68 73
40 41 57 59 60 61 68 71 72
40 41 57 59 60 61 67 68 73
40 41 57 59 60 61 67 68 71 72
40 41 57 58 59 61 68 73
40 41 57 58 59 61 68 71 72
40 41 57 58 59 61 67 68 73
40 41 57 58 59 61 67 68 71 72
40 41 51 59 61 63 73
40 41 51 59 61 63 71 72
40 41 51 57 59 60 61 73
40 41 51 57 59 60 61 71 72
40 41 46 59 61 63 78
40 41 46 59 61 63 76 77
40 41 46 57 59 60 61 78
40 41 46 57 59 60 61 76 77
40 41 46 57 59 60 61 68
40 41 46 57 59 60 61 67 68
40 41 46 57 58 59 61 68
40 41 46 57 58 59 61 67 68
40 41 46 51 59 61 63
40 41 46 51 57 59 60 61
40 41 42 57 59 60 61 73
40 41 42 57 59 60 61 71 72
40 41 42 57 58 59 61 73
40 41 42 57 58 59 61 71 72
40 41 42 46 57 59 60 61
40 41 42 46 57 58 59 61
33 42 57 59 61 73
33 42 57 59 61 71 72
33 42 57 59 61 68 73
33 42 57 59 61 68 71 72
33 42 57 59 61 67 68 73
33 42 57 59 61 67 68 71 72
33 42 46 57 59 61
33 42 46 57 59 61 68
33 42 46 57 59 61 67 68
33 40 41 57 59 61 68 73
33 40 41 57 59 61 68 71 72
33 40 41 57 59 61 67 68 73
33 40 41 57 59 61 67 68 71 72
33 40 41 46 57 59 61 68
33 40 41 46 57 59 61 67 68
33 40 41 42 57 59 61 73
33 40 41 42 57 59 61 71 72
33 40 41 42 46 57 59 61
15 59 61 63 73 78
15 59 61 63 73 76 77
15 59 61 63 71 72 78
15 59 61 63 71 72 76 77
15 57 59 60 61 73 78
15 57 59 60 61 73 76 77
15 57 59 60 61 71 72 78
15 57 59 60 61 71 72 76 77
15 57 59 60 61 68 73
15 57 59 60 61 68 71 72
15 57 59 60 61 67 68 73
15 57 59 60 61 67 68 71 72
15 57 58 59 61 68 73
15 57 58 59 61 68 71 72
15 57 58 59 61 67 68 73
15 57 58 59 61 67 68 71 72
15 51 59 61 63 73
15 51 59 61 63 71 72
15 51 57 59 60 61 73
15 51 57 59 60 61 71 72
15 46 59 61 63 78
15 46 59 61 63 76 77
15 46 57 59 60 61 78
15 46 57 59 60 61 76 77
15 46 57 59 60 61 68
15 46 57 59 60 61 67 68
15 46 57 58 59 61 68
15 46 57 58 59 61 67 68
15 46 51 59 61 63
15 46 51 57 59 60 61
15 42 57 59 60 61 73
15 42 57 59 60 61 71 72
15 42 57 58 59 61 73
15 42 57 58 59 61 71 72
15 42 46 57 59 60 61
15 42 46 57 58 59 61
15 33 57 59 61 68 73
15 33 57 59 61 68 71 72
15 33 57 59 61 67 68 73
15 33 57 59 61 67 68 71 72
15 33 46 57 59 61 68
15 33 46 57 59 61 67 68
15 33 42 57 59 61 73
15 33 42 57 59 61 71 72
15 33 42 46 57 59 61
0 42 57 59 60 61 73
0 42 57 59 60 61 71 72
0 42 57 58 59 61 73
0 42 57 58 59 61 71 72
0 42 46 57 59 60 61
0 42 46 57 58 59 61
0 40 41 57 59 60 61 73
0 40 41 57 59 60 61 71 72
0 40 41 57 58 59 61 73
0 40 41 57 58 59 61 71 72
0 40 41 46 57 59 60 61
0 40 41 46 57 58 59 61
0 33 42 57 59 61 73
0 33 42 57 59 61 71 72
0 33 42 46 57 59 61
0 33 40 41 57 59 61 73
0 33 40 41 57 59 61 71 72
0 33 40 41 46 57 59 61
0 15 57 59 60 61 73
0 15 57 59 60 61 71 72
0 15 57 58 59 61 73
0 15 57 58 59 61 71 72
0 15 46 57 59 60 61
0 15 46 57 58 59 61
0 15 33 57 59 61 73
0 15 33 57 59 61 71 72
0 15 33 46 57 59 61
59 73
59 71 72
59 61 73
59 61 71 72
46 59
46 59 61
44 57 61
42 43 57 61
17 57 61
42 50 59 61 73
42 50 59 61 71 72
42 49 59 61 73
42 49 59 61 71 72
42 48 59 61 73
42 48 59 61 71 72
42 46 50 59 61
42 46 49 59 61
42 46 48 59 61
42 46 47 59 61
42 46 47 59 61 73
42 46 47 59 61 71 72
42 46 47 49 59 61
42 46 47 49 59 61 73
42 46 47 49 59 61 71 72
42 46 47 48 59 61
42 46 47 48 59 61 73
42 46 47 48 59 61 71 72
40 41 50 59 61 73
40 41 50 59 61 71 72
40 41 49 59 61 73
40 41 49 59 61 71 72
40 41 48 59 61 73
40 41 48 59 61 71 72
40 41 46 50 59 61
40 41 46 49 59 61
40 41 46 48 59 61
40 41 46 47 59 61
40 41 46 47 59 61 73
40 41 46 47 59 61 71 72
40 41 46 47 49 59 61
40 41 46 47 49 59 61 73
40 41 46 47 49 59 61 71 72
40 41 46 47 48 59 61
40 41 46 47 48 59 61 73
40 41 46 47 48 59 61 71 72
35 42 59 61 73
35 42 59 61 71 72
35 42 46 59 61
35 40 41 59 61 73
35 40 41 59 61 71 72
35 40 41 46 59 61
33 34 42 59 61 73
33 34 42 59 61 71 72
33 34 42 46 59 61
33 34 40 41 59 61 73
33 34 40 41 59 61 71 72
33 34 40 41 46 59 61
23 42 59 61 73
23 42 59 61 71 72
23 42 46 59 61
23 40 41 59 61 73
23 40 41 59 61 71 72
23 40 41 46 59 61
22 42 59 61 73
22 42 59 61 71 72
22 42 48 59 61 73
22 42 48 59 61 71 72
22 42 46 59 61
22 42 46 48 59 61
22 42 46 47 59 61
22 42 46 47 59 61 73
22 42 46 47 59 61 71 72
22 40 41 59 61 73
22 40 41 59 61 71 72
22 40 41 48 59 61 73
22 40 41 48 59 61 71 72
22 40 41 46 59 61
22 40 41 46 48 59 61
22 40 41 46 47 59 61
22 40 41 46 47 59 61 73
22 40 41 46 47 59 61 71 72
21 42 59 61 73
21 42 59 61 71 72
21 42 49 59 61 73
21 42 49 59 61 71 72
21 42 47 48 59 61 73
21 42 47 48 59 61 71 72
21 42 46 59 61
21 42 46 49 59 61
21 42 46 47 48 59 61
21 40 41 59 61 73
21 40 41 59 61 71 72
21 40 41 49 59 61 73
21 40 41 49 59 61 71 72
21 40 41 47 48 59 61 73
21 40 41 47 48 59 61 71 72
21 40 41 46 59 61
21 40 41 46 49 59 61
21 40 41 46 47 48 59 61
21 22 42 59 61 73
21 22 42 59 61 71 72
21 22 42 46 59 61
21 22 40 41 59 61 73
21 22 40 41 59 61 71 72
21 22 40 41 46 59 61
15 50 59 61 73
15 50 59 61 71 72
15 49 59 61 73
15 49 59 61 71 72
15 48 59 61 73
15 48 59 61 71 72
15 46 50 59 61
15 46 49 59 61
15 46 48 59 61
15 46 47 59 61
15 46 47 59 61 73
15 46 47 59 61 71 72
15 46 47 49 59 61
15 46 47 49 59 61 73
15 46 47 49 59 61 71 72
15 46 47 48 59 61
15 46 47 48 59 61 73
15 46 47 48 59 61 71 72
15 35 59 61 73
15 35 59 61 71 72
15 35 46 59 61
15 33 34 59 61 73
15 33 34 59 61 71 72
15 33 34 46 59 61
15 23 59 61 73
15 23 59 61 71 72
15 23 46 59 61
15 22 59 61 73
15 22 59 61 71 72
15 22 48 59 61 73
15 22 48 59 61 71 72
15 22 46 59 61
15 22 46 48 59 61
15 22 46 47 59 61
15 22 46 47 59 61 73
15 22 46 47 59 61 71 72
15 21 59 61 73
15 21 59 61 71 72
15 21 49 59 61 73
15 21 49 59 61 71 72
15 21 47 48 59 61 73
15 21 47 48 59 61 71 72
15 21 46 59 61
15 21 46 49 59 61
15 21 46 47 48 59 61
15 21 22 59 61 73
15 21 22 59 61 71 72
15 21 22 46 59 61
8 42 59 61 73
8 42 59 61 71 72
8 42 46 59 61
8 40 41 59 61 73
8 40 41 59 61 71 72
8 40 41 46 59 61
8 15 59 61 73
8 15 59 61 71 72
8 15 46 59 61
42 46 47 57 59 78
42 46 47 57 59 76 77
42 46 47 57 59 73 78
42 46 47 57 59 73 76 77
42 46 47 57 59 71 72 78
42 46 47 57 59 71 72 76 77
42 46 47 51 57 59
42 46 47 51 57 59 73
42 46 47 51 57 59 71 72
40 41 46 47 57 59 78
40 41 46 47 57 59 76 77
40 41 46 47 57 59 73 78
40 41 46 47 57 59 73 76 77
40 41 46 47 57 59 71 72 78
40 41 46 47 57 59 71 72 76 77
40 41 46 47 51 57 59
40 41 46 47 51 57 59 73
40 41 46 47 51 57 59 71 72
21 42 57 59 73 78
21 42 57 59 73 76 77
21 42 57 59 71 72 78
21 42 57 59 71 72 76 77
21 42 51 57 59 73
21 42 51 57 59 71 72
21 42 46 57 59 78
21 42 46 57 59 76 77
21 42 46 51 57 59
21 40 41 57 59 73 78
21 40 41 57 59 73 76 77
21 40 41 57 59 71 72 78
21 40 41 57 59 71 72 76 77
21 40 41 51 57 59 73
21 40 41 51 57 59 71 72
21 40 41 46 57 59 78
21 40 41 46 57 59 76 77
21 40 41 46 51 57 59
15 46 47 57 59 78
15 46 47 57 59 76 77
15 46 47 57 59 73 78
15 46 47 57 59 73 76 77
15 46 47 57 59 71 72 78
15 46 47 57 59 71 72 76 77
15 46 47 51 57 59
15 46 47 51 57 59 73
15 46 47 51 57 59 71 72
15 21 57 59 73 78
15 21 57 59 73 76 77
15 21 57 59 71 72 78
15 21 57 59 71 72 76 77
15 21 51 57 59 73
15 21 51 57 59 71 72
15 21 46 57 59 78
15 21 46 57 59 76 77
15 21 46 51 57 59
42 59 71 72
40 41 59 71 72
15 59 71 72
42 59 60 61 73
42 59 60 61 71 72
42 58 59 61 73
42 58 59 61 71 72
42 46 59 60 61
42 46 58 59 61
40 41 59 60 61 73
40 41 59 60 61 71 72
40 41 58 59 61 73
40 41 58 59 61 71 72
40 41 46 59 60 61
40 41 46 58 59 61
33 42 59 61 73
33 42 59 61 71 72
33 42 46 59 61
33 40 41 59 61 73
33 40 41 59 61 71 72
33 40 41 46 59 61
15 59 60 61 73
15 59 60 61 71 72
15 58 59 61 73
15 58 59 61 71 72
15 46 59 60 61
15 46 58 59 61
15 33 59 61 73
15 33 59 61 71 72
15 33 46 59 61
79
77 78
70
68
67 68 78 79
66 67 69
66 67 68
65
65 69 78 79
65 67 68 78 79
63
61 62
55
55 68
55 68 69
55 67 68
54
53 67 68
53 65 69
53 65 67 68
53 54
52 53
42 66 67
42 65 78 79
42 55 68
42 53 65
41 69
41 67 68
41 42
36 68
36 68 69
36 42 68
34 61
34 61 73
34 61 71 72
34 55
34 46 61
28
27
25
10
9 68
8 9
1 65
1 34
0 68
42 57 59 73 75 78
42 57 59 73 75 76 77
42 57 59 73 74 78
42 57 59 73 74 76 77
42 57 59 71 72 75 78
42 57 59 71 72 75 76 77
42 57 59 71 72 73 74 78
42 57 59 71 72 73 74 76 77
42 51 57 59 73 75
42 51 57 59 73 74
42 51 57 59 71 72 75
42 51 57 59 71 72 73 74
42 46 57 59 75 78
42 46 57 59 75 76 77
42 46 57 59 73 74 78
42 46 57 59 73 74 76 77
42 46 51 57 59 75
42 46 51 57 59 73 74
40 41 57 59 73 75 78
40 41 57 59 73 75 76 77
40 41 57 59 73 74 78
40 41 57 59 73 74 76 77
40 41 57 59 71 72 75 78
40 41 57 59 71 72 75 76 77
40 41 57 59 71 72 73 74 78
40 41 57 59 71 72 73 74 76 77
40 41 51 57 59 73 75
40 41 51 57 59 73 74
40 41 51 57 59 71 72 75
40 41 51 57 59 71 72 73 74
40 41 46 57 59 75 78
40 41 46 57 59 75 76 77
40 41 46 57 59 73 74 78
40 41 46 57 59 73 74 76 77
40 41 46 51 57 59 75
40 41 46 51 57 59 73 74
15 57 59 73 75 78
15 57 59 73 75 76 77
15 57 59 73 74 78
15 57 59 73 74 76 77
15 57 59 71 72 75 78
15 57 59 71 72 75 76 77
15 57 59 71 72 73 74 78
15 57 59 71 72 73 74 76 77
15 51 57 59 73 75
15 51 57 59 73 74
15 51 57 59 71 72 75
15 51 57 59 71 72 73 74
15 46 57 59 75 78
15 46 57 59 75 76 77
15 46 57 59 73 74 78
15 46 57 59 73 74 76 77
15 46 51 57 59 75
15 46 51 57 59 73 74
42 57 59 61 73
42 57 59 61 71 72
42 46 57 59 61
40 41 57 59 61 73
40 41 57 59 61 71 72
40 41 57 59 60 61 73
40 41 57 59 60 61 71 72
40 41 46 57 59 61
40 41 46 57 59 60 61
34 42 57 59 61 73
34 42 57 59 61 71 72
34 42 46 57 59 61
34 40 41 57 59 61 73
34 40 41 57 59 61 71 72
34 40 41 46 57 59 61
15 57 59 61 73
15 57 59 61 71 72
15 57 59 60 61 73
15 57 59 60 61 71 72
15 46 57 59 61
15 46 57 59 60 61
15 34 57 59 61 73
15 34 57 59 61 71 72
15 34 46 57 59 61
42 57 61 73
42 57 61 71 72
42 48 57 61 73
42 48 57 61 71 72
42 46 57 61
42 46 48 57 61
42 46 47 57 61
42 46 47 57 61 73
42 46 47 57 61 71 72
40 41 57 61 73
40 41 57 61 71 72
40 41 48 57 61 73
40 41 48 57 61 71 72
40 41 46 57 61
40 41 46 48 57 61
40 41 46 47 57 61
40 41 46 47 57 61 73
40 41 46 47 57 61 71 72
21 42 57 61 73
21 42 57 61 71 72
21 42 46 57 61
21 40 41 57 61 73
21 40 41 57 61 71 72
21 40 41 46 57 61
15 57 61 73
15 57 61 71 72
15 48 57 61 73
15 48 57 61 71 72
15 46 57 61
15 46 48 57 61
15 46 47 57 61
15 46 47 57 61 73
15 46 47 57 61 71 72
15 21 57 61 73
15 21 57 61 71 72
15 21 46 57 61
14 42 57 61 73
14 42 57 61 71 72
14 42 48 57 61 73
14 42 48 57 61 71 72
14 42 46 57 61
14 42 46 48 57 61
14 42 46 47 57 61
14 42 46 47 57 61 73
14 42 46 47 57 61 71 72
14 40 41 57 61 73
14 40 41 57 61 71 72
14 40 41 48 57 61 73
14 40 41 48 57 61 71 72
14 40 41 46 57 61
14 40 41 46 48 57 61
14 40 41 46 47 57 61
14 40 41 46 47 57 61 73
14 40 41 46 47 57 61 71 72
14 21 42 57 61 73
14 21 42 57 61 71 72
14 21 42 46 57 61
14 21 40 41 57 61 73
14 21 40 41 57 61 71 72
14 21 40 41 46 57 61
14 15 57 61 73
14 15 57 61 71 72
14 15 48 57 61 73
14 15 48 57 61 71 72
14 15 46 57 61
14 15 46 48 57 61
14 15 46 47 57 61
14 15 46 47 57 61 73
14 15 46 47 57 61 71 72
14 15 21 57 61 73
14 15 21 57 61 71 72
14 15 21 46 57 61
42 49 59 61 73 78
42 49 59 61 73 76 77
42 49 59 61 71 72 78
42 49 59 61 71 72 76 77
42 49 51 59 61 73
42 49 51 59 61 71 72
42 47 48 59 61 73 78
42 47 48 59 61 73 76 77
42 47 48 59 61 71 72 78
42 47 48 59 61 71 72 76 77
42 47 48 51 59 61 73
42 47 48 51 59 61 71 72
42 46 49 59 61 78
42 46 49 59 61 76 77
42 46 49 51 59 61
42 46 47 48 59 61 78
42 46 47 48 59 61 76 77
42 46 47 48 51 59 61
40 41 49 59 61 73 78
40 41 49 59 61 73 76 77
40 41 49 59 61 71 72 78
40 41 49 59 61 71 72 76 77
40 41 49 51 59 61 73
40 41 49 51 59 61 71 72
40 41 47 48 59 61 73 78
40 41 47 48 59 61 73 76 77
40 41 47 48 59 61 71 72 78
40 41 47 48 59 61 71 72 76 77
40 41 47 48 51 59 61 73
40 41 47 48 51 59 61 71 72
40 41 46 49 59 61 78
40 41 46 49 59 61 76 77
40 41 46 49 51 59 61
40 41 46 47 48 59 61 78
40 41 46 47 48 59 61 76 77
40 41 46 47 48 51 59 61
31 42 59 61 73 78
31 42 59 61 73 76 77
31 42 59 61 71 72 78
31 42 59 61 71 72 76 77
31 42 51 59 61 73
31 42 51 59 61 71 72
31 42 49 59 61 73 78
31 42 49 59 61 73 76 77
31 42 49 59 61 71 72 78
31 42 49 59 61 71 72 76 77
31 42 49 51 59 61 73
31 42 49 51 59 61 71 72
31 42 47 48 59 61 73 78
31 42 47 48 59 61 73 76 77
31 42 47 48 59 61 71 72 78
31 42 47 48 59 61 71 72 76 77
31 42 47 48 51 59 61 73
31 42 47 48 51 59 61 71 72
31 42 46 59 61 78
31 42 46 59 61 76 77
31 42 46 51 59 61
31 42 46 49 59 61 78
31 42 46 49 59 61 76 77
31 42 46 49 51 59 61
31 42 46 47 48 59 61 78
31 42 46 47 48 59 61 76 77
31 42 46 47 48 51 59 61
31 40 41 59 61 73 78
31 40 41 59 61 73 76 77
31 40 41 59 61 71 72 78
31 40 41 59 61 71 72 76 77
31 40 41 51 59 61 73
31 40 41 51 59 61 71 72
31 40 41 49 59 61 73 78
31 40 41 49 59 61 73 76 77
31 40 41 49 59 61 71 72 78
31 40 41 49 59 61 71 72 76 77
31 40 41 49 51 59 61 73
31 40 41 49 51 59 61 71 72
31 40 41 47 48 59 61 73 78
31 40 41 47 48 59 61 73 76 77
31 40 41 47 48 59 61 71 72 78
31 40 41 47 48 59 61 71 72 76 77
31 40 41 47 48 51 59 61 73
31 40 41 47 48 51 59 61 71 72
31 40 41 46 59 61 78
31 40 41 46 59 61 76 77
31 40 41 46 51 59 61
31 40 41 46 49 59 61 78
31 40 41 46 49 59 61 76 77
31 40 41 46 49 51 59 61
31 40 41 46 47 48 59 61 78
31 40 41 46 47 48 59 61 76 77
31 40 41 46 47 48 51 59 61
29 30 42 59 61 73 78
29 30 42 59 61 73 76 77
29 30 42 59 61 71 72 78
29 30 42 59 61 71 72 76 77
29 30 42 51 59 61 73
29 30 42 51 59 61 71 72
29 30 42 49 59 61 73 78
29 30 42 49 59 61 73 76 77
29 30 42 49 59 61 71 72 78
29 30 42 49 59 61 71 72 76 77
29 30 42 49 51 59 61 73
29 30 42 49 51 59 61 71 72
29 30 42 47 48 59 61 73 78
29 30 42 47 48 59 61 73 76 77
29 30 42 47 48 59 61 71 72 78
29 30 42 47 48 59 61 71 72 76 77
29 30 42 47 48 51 59 61 73
29 30 42 47 48 51 59 61 71 72
29 30 42 46 59 61 78
29 30 42 46 59 61 76 77
29 30 42 46 51 59 61
29 30 42 46 49 59 61 78
29 30 42 46 49 59 61 76 77
29 30 42 46 49 51 59 61
29 30 42 46 47 48 59 61 78
29 30 42 46 47 48 59 61 76 77
29 30 42 46 47 48 51 59 61
29 30 40 41 59 61 73 78
29 30 40 41 59 61 73 76 77
29 30 40 41 59 61 71 72 78
29 30 40 41 59 61 71 72 76 77
29 30 40 41 51 59 61 73
29 30 40 41 51 59 61 71 72
29 30 40 41 49 59 61 73 78
29 30 40 41 49 59 61 73 76 77
29 30 40 41 49 59 61 71 72 78
29 30 40 41 49 59 61 71 72 76 77
29 30 40 41 49 51 59 61 73
29 30 40 41 49 51 59 61 71 72
29 30 40 41 47 48 59 61 73 78
29 30 40 41 47 48 59 61 73 76 77
29 30 40 41 47 48 59 61 71 72 78
29 30 40 41 47 48 59 61 71 72 76 77
29 30 40 41 47 48 51 59 61 73
29 30 40 41 47 48 51 59 61 71 72
29 30 40 41 46 59 61 78
29 30 40 41 46 59 61 76 77
29 30 40 41 46 51 59 61
29 30 40 41 46 49 59 61 78
29 30 40 41 46 49 59 61 76 77
29 30 40 41 46 49 51 59 61
29 30 40 41 46 47 48 59 61 78
29 30 40 41 46 47 48 59 61 76 77
29 30 40 41 46 47 48 51 59 61
22 42 59 61 73 78
22 42 59 61 73 76 77
22 42 59 61 71 72 78
22 42 59 61 71 72 76 77
22 42 51 59 61 73
22 42 51 59 61 71 72
22 42 46 59 61 78
22 42 46 59 61 76 77
22 42 46 51 59 61
22 40 41 59 61 73 78
22 40 41 59 61 73 76 77
22 40 41 59 61 71 72 78
22 40 41 59 61 71 72 76 77
22 40 41 51 59 61 73
22 40 41 51 59 61 71 72
22 40 41 46 59 61 78
22 40 41 46 59 61 76 77
22 40 41 46 51 59 61
22 31 42 59 61 73 78
22 31 42 59 61 73 76 77
22 31 42 59 61 71 72 78
22 31 42 59 61 71 72 76 77
22 31 42 51 59 61 73
22 31 42 51 59 61 71 72
22 31 42 46 59 61 78
22 31 42 46 59 61 76 77
22 31 42 46 51 59 61
22 31 40 41 59 61 73 78
22 31 40 41 59 61 73 76 77
22 31 40 41 59 61 71 72 78
22 31 40 41 59 61 71 72 76 77
22 31 40 41 51 59 61 73
22 31 40 41 51 59 61 71 72
22 31 40 41 46 59 61 78
22 31 40 41 46 59 61 76 77
22 31 40 41 46 51 59 61
22 29 30 42 59 61 73 78
22 29 30 42 59 61 73 76 77
22 29 30 42 59 61 71 72 78
22 29 30 42 59 61 71 72 76 77
22 29 30 42 51 59 61 73
22 29 30 42 51 59 61 71 72
22 29 30 42 46 59 61 78
22 29 30 42 46 59 61 76 77
22 29 30 42 46 51 59 61
22 29 30 40 41 59 61 73 78
22 29 30 40 41 59 61 73 76 77
22 29 30 40 41 59 61 71 72 78
22 29 30 40 41 59 61 71 72 76 77
22 29 30 40 41 51 59 61 73
22 29 30 40 41 51 59 61 71 72
22 29 30 40 41 46 59 61 78
22 29 30 40 41 46 59 61 76 77
22 29 30 40 41 46 51 59 61
15 49 59 61 73 78
15 49 59 61 73 76 77
15 49 59 61 71 72 78
15 49 59 61 71 72 76 77
15 49 51 59 61 73
15 49 51 59 61 71 72
15 47 48 59 61 73 78
15 47 48 59 61 73 76 77
15 47 48 59 61 71 72 78
15 47 48 59 61 71 72 76 77
15 47 48 51 59 61 73
15 47 48 51 59 61 71 72
15 46 49 59 61 78
15 46 49 59 61 76 77
15 46 49 51 59 61
15 46 47 48 59 61 78
15 46 47 48 59 61 76 77
15 46 47 48 51 59 61
15 31 59 61 73 78
15 31 59 61 73 76 77
15 31 59 61 71 72 78
15 31 59 61 71 72 76 77
15 31 51 59 61 73
15 31 51 59 61 71 72
15 31 49 59 61 73 78
15 31 49 59 61 73 76 77
15 31 49 59 61 71 72 78
15 31 49 59 61 71 72 76 77
15 31 49 51 59 61 73
15 31 49 51 59 61 71 72
15 31 47 48 59 61 73 78
15 31 47 48 59 61 73 76 77
15 31 47 48 59 61 71 72 78
15 31 47 48 59 61 71 72 76 77
15 31 47 48 51 59 61 73
15 31 47 48 51 59 61 71 72
15 31 46 59 61 78
15 31 46 59 61 76 77
15 31 46 51 59 61
15 31 46 49 59 61 78
15 31 46 49 59 61 76 77
15 31 46 49 51 59 61
15 31 46 47 48 59 61 78
15 31 46 47 48 59 61 76 77
15 31 46 47 48 51 59 61
15 29 30 59 61 73 78
15 29 30 59 61 73 76 77
15 29 30 59 61 71 72 78
15 29 30 59 61 71 72 76 77
15 29 30 51 59 61 73
15 29 30 51 59 61 71 72
15 29 30 49 59 61 73 78
15 29 30 49 59 61 73 76 77
15 29 30 49 59 61 71 72 78
15 29 30 49 59 61 71 72 76 77
15 29 30 49 51 59 61 73
15 29 30 49 51 59 61 71 72
15 29 30 47 48 59 61 73 78
15 29 30 47 48 59 61 73 76 77
15 29 30 47 48 59 61 71 72 78
15 29 30 47 48 59 61 71 72 76 77
15 29 30 47 48 51 59 61 73
15 29 30 47 48 51 59 61 71 72
15 29 30 46 59 61 78
15 29 30 46 59 61 76 77
15 29 30 46 51 59 61
15 29 30 46 49 59 61 78
15 29 30 46 49 59 61 76 77
15 29 30 46 49 51 59 61
15 29 30 46 47 48 59 61 78
15 29 30 46 47 48 59 61 76 77
15 29 30 46 47 48 51 59 61
15 22 59 61 73 78
15 22 59 61 73 76 77
15 22 59 61 71 72 78
15 22 59 61 71 72 76 77
15 22 51 59 61 73
15 22 51 59 61 71 72
15 22 46 59 61 78
15 22 46 59 61 76 77
15 22 46 51 59 61
15 22 31 59 61 73 78
15 22 31 59 61 73 76 77
15 22 31 59 61 71 72 78
15 22 31 59 61 71 72 76 77
15 22 31 51 59 61 73
15 22 31 51 59 61 71 72
15 22 31 46 59 61 78
15 22 31 46 59 61 76 77
15 22 31 46 51 59 61
15 22 29 30 59 61 73 78
15 22 29 30 59 61 73 76 77
15 22 29 30 59 61 71 72 78
15 22 29 30 59 61 71 72 76 77
15 22 29 30 51 59 61 73
15 22 29 30 51 59 61 71 72
15 22 29 30 46 59 61 78
15 22 29 30 46 59 61 76 77
15 22 29 30 46 51 59 61
4 42 59 61 73 78
4 42 59 61 73 76 77
4 42 59 61 71 72 78
4 42 59 61 71 72 76 77
4 42 51 59 61 73
4 42 51 59 61 71 72
4 42 49 59 61 73 78
4 42 49 59 61 73 76 77
4 42 49 59 61 71 72 78
4 42 49 59 61 71 72 76 77
4 42 49 51 59 61 73
4 42 49 51 59 61 71 72
4 42 47 48 59 61 73 78
4 42 47 48 59 61 73 76 77
4 42 47 48 59 61 71 72 78
4 42 47 48 59 61 71 72 76 77
4 42 47 48 51 59 61 73
4 42 47 48 51 59 61 71 72
4 42 46 59 61 78
4 42 46 59 61 76 77
4 42 46 51 59 61
4 42 46 49 59 61 78
4 42 46 49 59 61 76 77
4 42 46 49 51 59 61
4 42 46 47 48 59 61 78
4 42 46 47 48 59 61 76 77
4 42 46 47 48 51 59 61
4 40 41 59 61 73 78
4 40 41 59 61 73 76 77
4 40 41 59 61 71 72 78
4 40 41 59 61 71 72 76 77
4 40 41 51 59 61 73
4 40 41 51 59 61 71 72
4 40 41 49 59 61 73 78
4 40 41 49 59 61 73 76 77
4 40 41 49 59 61 71 72 78
4 40 41 49 59 61 71 72 76 77
4 40 41 49 51 59 61 73
4 40 41 49 51 59 61 71 72
4 40 41 47 48 59 61 73 78
4 40 41 47 48 59 61 73 76 77
4 40 41 47 48 59 61 71 72 78
4 40 41 47 48 59 61 71 72 76 77
4 40 41 47 48 51 59 61 73
4 40 41 47 48 51 59 61 71 72
4 40 41 46 59 61 78
4 40 41 46 59 61 76 77
4 40 41 46 51 59 61
4 40 41 46 49 59 61 78
4 40 41 46 49 59 61 76 77
4 40 41 46 49 51 59 61
4 40 41 46 47 48 59 61 78
4 40 41 46 47 48 59 61 76 77
4 40 41 46 47 48 51 59 61
4 22 42 59 61 73 78
4 22 42 59 61 73 76 77
4 22 42 59 61 71 72 78
4 22 42 59 61 71 72 76 77
4 22 42 51 59 61 73
4 22 42 51 59 61 71 72
4 22 42 46 59 61 78
4 22 42 46 59 61 76 77
4 22 42 46 51 59 61
4 22 40 41 59 61 73 78
4 22 40 41 59 61 73 76 77
4 22 40 41 59 61 71 72 78
4 22 40 41 59 61 71 72 76 77
4 22 40 41 51 59 61 73
4 22 40 41 51 59 61 71 72
4 22 40 41 46 59 61 78
4 22 40 41 46 59 61 76 77
4 22 40 41 46 51 59 61
4 15 59 61 73 78
4 15 59 61 73 76 77
4 15 59 61 71 72 78
4 15 59 61 71 72 76 77
4 15 51 59 61 73
4 15 51 59 61 71 72
4 15 49 59 61 73 78
4 15 49 59 61 73 76 77
4 15 49 59 61 71 72 78
4 15 49 59 61 71 72 76 77
4 15 49 51 59 61 73
4 15 49 51 59 61 71 72
4 15 47 48 59 61 73 78
4 15 47 48 59 61 73 76 77
4 15 47 48 59 61 71 72 78
4 15 47 48 59 61 71 72 76 77
4 15 47 48 51 59 61 73
4 15 47 48 51 59 61 71 72
4 15 46 59 61 78
4 15 46 59 61 76 77
4 15 46 51 59 61
4 15 46 49 59 61 78
4 15 46 49 59 61 76 77
4 15 46 49 51 59 61
4 15 46 47 48 59 61 78
4 15 46 47 48 59 61 76 77
4 15 46 47 48 51 59 61
4 15 22 59 61 73 78
4 15 22 59 61 73 76 77
4 15 22 59 61 71 72 78
4 15 22 59 61 71 72 76 77
4 15 22 51 59 61 73
4 15 22 51 59 61 71 72
4 15 22 46 59 61 78
4 15 22 46 59 61 76 77
4 15 22 46 51 59 61
