42 57 61 73
42 57 61 71 72
42 57 58 61 73
42 57 58 61 71 72
42 46 57 61
42 46 57 58 61
40 41 57 61 73
40 41 57 61 71 72
40 41 57 58 61 73
40 41 57 58 61 71 72
40 41 46 57 61
40 41 46 57 58 61
34 42 57 58 61 73
34 42 57 58 61 71 72
34 42 46 57 58 61
34 40 41 57 58 61 73
34 40 41 57 58 61 71 72
34 40 41 46 57 58 61
16 42 57 61 73
16 42 57 61 71 72
16 42 46 57 61
16 40 41 57 61 73
16 40 41 57 61 71 72
16 40 41 46 57 61
16 34 42 57 61 73
16 34 42 57 61 71 72
16 34 42 46 57 61
16 34 40 41 57 61 73
16 34 40 41 57 61 71 72
16 34 40 41 46 57 61
15 57 61 73
15 57 61 71 72
15 57 58 61 73
15 57 58 61 71 72
15 46 57 61
15 46 57 58 61
15 34 57 58 61 73
15 34 57 58 61 71 72
15 34 46 57 58 61
15 16 57 61 73
15 16 57 61 71 72
15 16 46 57 61
15 16 34 57 61 73
15 16 34 57 61 71 72
15 16 34 46 57 61
14 15 57 61 73
14 15 57 61 71 72
14 15 46 57 61
14 15 42 57 61 73
14 15 42 57 61 71 72
14 15 42 46 57 61
14 15 40 41 57 61 73
14 15 40 41 57 61 71 72
14 15 40 41 46 57 61
14 15 34 57 61 73
14 15 34 57 61 71 72
14 15 34 46 57 61
14 15 34 42 57 61 73
14 15 34 42 57 61 71 72
14 15 34 42 46 57 61
14 15 34 40 41 57 61 73
14 15 34 40 41 57 61 71 72
14 15 34 40 41 46 57 61

68 69
67 78 79
67 68
65 66 78 79
53 67
53 65 66
42 68
40 78 79
40 53
22
1 78 79
1 67
1 65 66
1 55 67
1 55 65 66
1 53
1 40
1 40 55
57 59 69 73
57 59 69 71 72
57 59 67 68 73
57 59 67 68 71 72
46 57 59 69
46 57 59 67 68
42 57 61 73 75
42 57 61 73 74
42 57 61 71 72 75
42 57 61 71 72 73 74
42 57 59 73
42 57 59 71 72
42 48 57 61 73
42 48 57 61 71 72
42 46 57 61 75
42 46 57 61 73 74
42 46 57 59
42 46 48 57 61
40 41 57 61 73 75
40 41 57 61 73 74
40 41 57 61 71 72 75
40 41 57 61 71 72 73 74
40 41 48 57 61 73
40 41 48 57 61 71 72
40 41 46 57 61 75
40 41 46 57 61 73 74
40 41 46 48 57 61
30 42 57 61 73
30 42 57 61 71 72
30 42 46 57 61
30 40 41 57 61 73
30 40 41 57 61 71 72
30 40 41 46 57 61
28 29 42 57 61 73
28 29 42 57 61 71 72
28 29 42 46 57 61
28 29 40 41 57 61 73
28 29 40 41 57 61 71 72
28 29 40 41 46 57 61
15 57 61 73 75
15 57 61 73 74
15 57 61 71 72 75
15 57 61 71 72 73 74
15 48 57 61 73
15 48 57 61 71 72
15 46 57 61 75
15 46 57 61 73 74
15 46 48 57 61
15 30 57 61 73
15 30 57 61 71 72
15 30 46 57 61
15 28 29 57 61 73
15 28 29 57 61 71 72
15 28 29 46 57 61
3 42 57 61 73
3 42 57 61 71 72
3 42 46 57 61
3 40 41 57 61 73
3 40 41 57 61 71 72
3 40 41 46 57 61
3 15 57 61 73
3 15 57 61 71 72
3 15 46 57 61
59 61 65 68 73
59 61 65 68 71 72
59 61 65 67 68 73
59 61 65 67 68 71 72
59 61 63 64 68 73
59 61 63 64 68 71 72
59 61 63 64 67 68 73
59 61 63 64 67 68 71 72
46 59 61 65 68
46 59 61 65 67 68
46 59 61 63 64 68
46 59 61 63 64 67 68
42 59 61 65 73
42 59 61 65 71 72
42 59 61 63 64 73
42 59 61 63 64 71 72
42 46 59 61 65
42 46 59 61 63 64
38 59 61 68 73
38 59 61 68 71 72
38 59 61 67 68 73
38 59 61 67 68 71 72
38 46 59 61 68
38 46 59 61 67 68
38 42 59 61 73
38 42 59 61 71 72
38 42 46 59 61
0 59 61 65 73
0 59 61 65 71 72
0 59 61 63 64 73
0 59 61 63 64 71 72
0 46 59 61 65
0 46 59 61 63 64
0 38 59 61 73
0 38 59 61 71 72
0 38 46 59 61
42 57 58 59 61 73
42 57 58 59 61 71 72
42 46 57 58 59 61
40 41 57 58 59 61 73
40 41 57 58 59 61 71 72
40 41 46 57 58 59 61
34 42 57 58 59 61 73
34 42 57 58 59 61 71 72
34 42 46 57 58 59 61
34 40 41 57 58 59 61 73
34 40 41 57 58 59 61 71 72
34 40 41 46 57 58 59 61
16 42 57 59 61 73
16 42 57 59 61 71 72
16 42 46 57 59 61
16 40 41 57 59 61 73
16 40 41 57 59 61 71 72
16 40 41 46 57 59 61
16 34 42 57 59 61 73
16 34 42 57 59 61 71 72
16 34 42 46 57 59 61
16 34 40 41 57 59 61 73
16 34 40 41 57 59 61 71 72
16 34 40 41 46 57 59 61
15 57 58 59 61 73
15 57 58 59 61 71 72
15 46 57 58 59 61
15 34 57 58 59 61 73
15 34 57 58 59 61 71 72
15 34 46 57 58 59 61
15 16 57 59 61 73
15 16 57 59 61 71 72
15 16 46 57 59 61
15 16 34 57 59 61 73
15 16 34 57 59 61 71 72
15 16 34 46 57 59 61
14 15 57 59 61 73
14 15 57 59 61 71 72
14 15 46 57 59 61
14 15 42 57 59 61 73
14 15 42 57 59 61 71 72
14 15 42 46 57 59 61
14 15 40 41 57 59 61 73
14 15 40 41 57 59 61 71 72
14 15 40 41 46 57 59 61
14 15 34 57 59 61 73
14 15 34 57 59 61 71 72
14 15 34 46 57 59 61
14 15 34 42 57 59 61 73
14 15 34 42 57 59 61 71 72
14 15 34 42 46 57 59 61
14 15 34 40 41 57 59 61 73
14 15 34 40 41 57 59 61 71 72
14 15 34 40 41 46 57 59 61
59 73 75
59 73 74
59 71 72 75
59 71 72 73 74
59 63 73
59 63 71 72
48 59 73
48 59 71 72
46 59 75
46 59 73 74
46 59 63
46 48 59
30 59 73
30 59 71 72
30 46 59
28 29 59 73
28 29 59 71 72
28 29 46 59
4 59 73
4 59 71 72
4 46 59
3 59 73
3 59 71 72
3 46 59
59 60 69 73
59 60 69 71 72
59 60 67 68 73
59 60 67 68 71 72
59 60 63 69 73
59 60 63 69 71 72
59 60 63 67 68 73
59 60 63 67 68 71 72
46 59 60 69
46 59 60 67 68
46 59 60 63 69
46 59 60 63 67 68
42 59 60 73
42 59 60 71 72
42 59 60 63 73
42 59 60 63 71 72
42 46 59 60
42 46 59 60 63
18 59 69 73
18 59 69 71 72
18 59 67 68 73
18 59 67 68 71 72
18 59 63 69 73
18 59 63 69 71 72
18 59 63 67 68 73
18 59 63 67 68 71 72
18 46 59 69
18 46 59 67 68
18 46 59 63 69
18 46 59 63 67 68
18 42 59 73
18 42 59 71 72
18 42 59 63 73
18 42 59 63 71 72
18 42 46 59
18 42 46 59 63
16 17 59 69 73
16 17 59 69 71 72
16 17 59 67 68 73
16 17 59 67 68 71 72
16 17 59 63 69 73
16 17 59 63 69 71 72
16 17 59 63 67 68 73
16 17 59 63 67 68 71 72
16 17 46 59 69
16 17 46 59 67 68
16 17 46 59 63 69
16 17 46 59 63 67 68
16 17 42 59 73
16 17 42 59 71 72
16 17 42 59 63 73
16 17 42 59 63 71 72
16 17 42 46 59
16 17 42 46 59 63
4 59 60 69 73
4 59 60 69 71 72
4 59 60 67 68 73
4 59 60 67 68 71 72
4 46 59 60 69
4 46 59 60 67 68
4 42 59 60 73
4 42 59 60 71 72
4 42 46 59 60
4 18 59 69 73
4 18 59 69 71 72
4 18 59 67 68 73
4 18 59 67 68 71 72
4 18 46 59 69
4 18 46 59 67 68
4 18 42 59 73
4 18 42 59 71 72
4 18 42 46 59
4 16 17 59 69 73
4 16 17 59 69 71 72
4 16 17 59 67 68 73
4 16 17 59 67 68 71 72
4 16 17 46 59 69
4 16 17 46 59 67 68
4 16 17 42 59 73
4 16 17 42 59 71 72
4 16 17 42 46 59
