34 67
34 65 66
34 40
59 71
59 69
59 69 70
59 67 68
44 59
42 59
34 61
42 59 61 71 73
42 59 61 71 72
42 59 61 69 70 73
42 59 61 69 70 71 72
42 59 60 71 73
42 59 60 71 72
42 59 60 69 70 73
42 59 60 69 70 71 72
42 46 59 61 71
42 46 59 61 69 70
42 46 59 60 71
42 46 59 60 69 70
42 44 59 61 73
42 44 59 61 71 72
42 44 59 60 73
42 44 59 60 71 72
42 44 46 59 61
42 44 46 59 60
40 41 59 61 71 73
40 41 59 61 71 72
40 41 59 61 69 70 73
40 41 59 61 69 70 71 72
40 41 59 60 71 73
40 41 59 60 71 72
40 41 59 60 69 70 73
40 41 59 60 69 70 71 72
40 41 46 59 61 71
40 41 46 59 61 69 70
40 41 46 59 60 71
40 41 46 59 60 69 70
40 41 44 59 61 73
40 41 44 59 61 71 72
40 41 44 59 60 73
40 41 44 59 60 71 72
40 41 44 46 59 61
40 41 44 46 59 60
34 42 59 71 73
34 42 59 71 72
34 42 59 69 70 73
34 42 59 69 70 71 72
34 42 46 59 71
34 42 46 59 69 70
34 42 44 59 73
34 42 44 59 71 72
34 42 44 46 59
34 40 41 59 71 73
34 40 41 59 71 72
34 40 41 59 69 70 73
34 40 41 59 69 70 71 72
34 40 41 46 59 71
34 40 41 46 59 69 70
34 40 41 44 59 73
34 40 41 44 59 71 72
34 40 41 44 46 59
15 59 61 71 73
15 59 61 71 72
15 59 61 69 70 73
15 59 61 69 70 71 72
15 59 60 71 73
15 59 60 71 72
15 59 60 69 70 73
15 59 60 69 70 71 72
15 46 59 61 71
15 46 59 61 69 70
15 46 59 60 71
15 46 59 60 69 70
15 44 59 61 73
15 44 59 61 71 72
15 44 59 60 73
15 44 59 60 71 72
15 44 46 59 61
15 44 46 59 60
15 34 59 71 73
15 34 59 71 72
15 34 59 69 70 73
15 34 59 69 70 71 72
15 34 46 59 71
15 34 46 59 69 70
15 34 44 59 73
15 34 44 59 71 72
15 34 44 46 59
78 79
61
55 69
55 67 68
55 59 68 69
54 68
53
52
51 69
51 67 68
49 50 69
49 50 67 68
43
42 55
42 55 59 68
42 51
42 49 50
36 69
36 67 68
36 42
24 69
24 67 68
24 42
22 69
22 69 78 79
22 67 68
22 67 68 78 79
22 53 69
22 53 67 68
22 42
22 42 78 79
22 42 53
20 69
20 69 78 79
20 68 69
20 67 68 78 79
20 53 69
20 53 67 68
20 42
20 42 78 79
20 42 68
20 42 53
10
8 9
1
1 69
1 67 68
1 55 59 69
1 55 59 67 68
1 42
1 42 55 59
1 20 69
1 20 67 68
1 20 42
0 68
57 59 73
57 59 71 72
59 61 71
59 61 69 70
55 59 69
44 59 61
44 46 59
42 55 59
14 57 59 73
14 57 59 71 72
14 48 57 59 73
14 48 57 59 71 72
14 46 57 59
14 46 48 57 59
14 46 47 57 59
14 46 47 57 59 73
14 46 47 57 59 71 72
14 21 57 59 73
14 21 57 59 71 72
14 21 46 57 59
61 69
61 67 68
42 61
53 54 59 69
53 54 59 67 68
42 53 54 59
28 59 69
28 59 67 68
28 42 59
71
69 70
65
55 68
44
34 73
34 71 72
34 68 69
34 67 68
34 63 69 78 79
34 63 68
34 63 67 68 78 79
34 61 62 69 78 79
34 61 62 68
34 61 62 67 68 78 79
34 55 69 73
34 55 69 71 72
34 55 68
34 55 67 68 73
34 55 67 68 71 72
34 54 69 78 79
34 54 68
34 54 67 68 78 79
34 53 63 69
34 53 63 67 68
34 53 61 62 69
34 53 61 62 67 68
34 53 54 69
34 53 54 67 68
34 52 53 69
34 52 53 69 78 79
34 52 53 68
34 52 53 67 68
34 52 53 67 68 78 79
34 46
34 46 55 69
34 46 55 67 68
34 42 68
34 42 63 78 79
34 42 61 62 78 79
34 42 55 73
34 42 55 71 72
34 42 54 78 79
34 42 53 63
34 42 53 61 62
34 42 53 54
34 42 52 53
34 42 52 53 78 79
34 42 46 55
27 34 69 78 79
27 34 68
27 34 67 68 78 79
27 34 53 69
27 34 53 67 68
27 34 42 78 79
27 34 42 53
20 25 34 69 73
20 25 34 69 71 72
20 25 34 67 68 73
20 25 34 67 68 71 72
20 25 34 46 69
20 25 34 46 67 68
20 25 34 42 73
20 25 34 42 71 72
20 25 34 42 46
1 34 55 69
1 34 55 67 68
1 34 42 55
42 61 73 75
42 61 73 74
42 61 71 72 75
42 61 71 72 73 74
42 59 60 61 73 75
42 59 60 61 73 74
42 59 60 61 71 72 75
42 59 60 61 71 72 73 74
42 48 61 73 75
42 48 61 73 74
42 48 61 71 72 75
42 48 61 71 72 73 74
42 48 59 60 61 73 75
42 48 59 60 61 73 74
42 48 59 60 61 71 72 75
42 48 59 60 61 71 72 73 74
42 46 61 75
42 46 61 73 74
42 46 59 60 61 75
42 46 59 60 61 73 74
42 46 48 61 75
42 46 48 61 73 74
42 46 48 59 60 61 75
42 46 48 59 60 61 73 74
42 46 47 61 75
42 46 47 61 73 75
42 46 47 61 71 72 75
42 46 47 61 71 72 73 74
42 46 47 59 60 61 75
42 46 47 59 60 61 73 75
42 46 47 59 60 61 71 72 75
42 46 47 59 60 61 71 72 73 74
42 46 47 48 61
42 46 47 48 61 73
42 46 47 48 61 71 72
42 46 47 48 59 60 61
42 46 47 48 59 60 61 73
42 46 47 48 59 60 61 71 72
40 41 61 73 75
40 41 61 73 74
40 41 61 71 72 75
40 41 61 71 72 73 74
40 41 59 60 61 73 75
40 41 59 60 61 73 74
40 41 59 60 61 71 72 75
40 41 59 60 61 71 72 73 74
40 41 48 61 73 75
40 41 48 61 73 74
40 41 48 61 71 72 75
40 41 48 61 71 72 73 74
40 41 48 59 60 61 73 75
40 41 48 59 60 61 73 74
40 41 48 59 60 61 71 72 75
40 41 48 59 60 61 71 72 73 74
40 41 46 61 75
40 41 46 61 73 74
40 41 46 59 60 61 75
40 41 46 59 60 61 73 74
40 41 46 48 61 75
40 41 46 48 61 73 74
40 41 46 48 59 60 61 75
40 41 46 48 59 60 61 73 74
40 41 46 47 61 75
40 41 46 47 61 73 75
40 41 46 47 61 71 72 75
40 41 46 47 61 71 72 73 74
40 41 46 47 59 60 61 75
40 41 46 47 59 60 61 73 75
40 41 46 47 59 60 61 71 72 75
40 41 46 47 59 60 61 71 72 73 74
40 41 46 47 48 61
40 41 46 47 48 61 73
40 41 46 47 48 61 71 72
40 41 46 47 48 59 60 61
40 41 46 47 48 59 60 61 73
40 41 46 47 48 59 60 61 71 72
34 42 61 73 75
34 42 61 73 74
34 42 61 71 72 75
34 42 61 71 72 73 74
34 42 48 61 73 75
34 42 48 61 73 74
34 42 48 61 71 72 75
34 42 48 61 71 72 73 74
34 42 46 61 75
34 42 46 61 73 74
34 42 46 48 61 75
34 42 46 48 61 73 74
34 42 46 47 61 75
34 42 46 47 61 73 75
34 42 46 47 61 71 72 75
34 42 46 47 61 71 72 73 74
34 42 46 47 48 61
34 42 46 47 48 61 73
34 42 46 47 48 61 71 72
34 40 41 61 73 75
34 40 41 61 73 74
34 40 41 61 71 72 75
34 40 41 61 71 72 73 74
34 40 41 48 61 73 75
34 40 41 48 61 73 74
34 40 41 48 61 71 72 75
34 40 41 48 61 71 72 73 74
34 40 41 46 61 75
34 40 41 46 61 73 74
34 40 41 46 48 61 75
34 40 41 46 48 61 73 74
34 40 41 46 47 61 75
34 40 41 46 47 61 73 75
34 40 41 46 47 61 71 72 75
34 40 41 46 47 61 71 72 73 74
34 40 41 46 47 48 61
34 40 41 46 47 48 61 73
34 40 41 46 47 48 61 71 72
21 42 61 73 75
21 42 61 73 74
21 42 61 71 72 75
21 42 61 71 72 73 74
21 42 59 60 61 73 75
21 42 59 60 61 73 74
21 42 59 60 61 71 72 75
21 42 59 60 61 71 72 73 74
21 42 48 61 73
21 42 48 61 71 72
21 42 48 59 60 61 73
21 42 48 59 60 61 71 72
21 42 46 61 75
21 42 46 61 73 74
21 42 46 59 60 61 75
21 42 46 59 60 61 73 74
21 42 46 48 61
21 42 46 48 59 60 61
21 40 41 61 73 75
21 40 41 61 73 74
21 40 41 61 71 72 75
21 40 41 61 71 72 73 74
21 40 41 59 60 61 73 75
21 40 41 59 60 61 73 74
21 40 41 59 60 61 71 72 75
21 40 41 59 60 61 71 72 73 74
21 40 41 48 61 73
21 40 41 48 61 71 72
21 40 41 48 59 60 61 73
21 40 41 48 59 60 61 71 72
21 40 41 46 61 75
21 40 41 46 61 73 74
21 40 41 46 59 60 61 75
21 40 41 46 59 60 61 73 74
21 40 41 46 48 61
21 40 41 46 48 59 60 61
21 34 42 61 73 75
21 34 42 61 73 74
21 34 42 61 71 72 75
21 34 42 61 71 72 73 74
21 34 42 48 61 73
21 34 42 48 61 71 72
21 34 42 46 61 75
21 34 42 46 61 73 74
21 34 42 46 48 61
21 34 40 41 61 73 75
21 34 40 41 61 73 74
21 34 40 41 61 71 72 75
21 34 40 41 61 71 72 73 74
21 34 40 41 48 61 73
21 34 40 41 48 61 71 72
21 34 40 41 46 61 75
21 34 40 41 46 61 73 74
21 34 40 41 46 48 61
15 61 73 75
15 61 73 74
15 61 71 72 75
15 61 71 72 73 74
15 59 60 61 73 75
15 59 60 61 73 74
15 59 60 61 71 72 75
15 59 60 61 71 72 73 74
15 48 61 73 75
15 48 61 73 74
15 48 61 71 72 75
15 48 61 71 72 73 74
15 48 59 60 61 73 75
15 48 59 60 61 73 74
15 48 59 60 61 71 72 75
15 48 59 60 61 71 72 73 74
15 46 61 75
15 46 61 73 74
15 46 59 60 61 75
15 46 59 60 61 73 74
15 46 48 61 75
15 46 48 61 73 74
15 46 48 59 60 61 75
15 46 48 59 60 61 73 74
15 46 47 61 75
15 46 47 61 73 75
15 46 47 61 71 72 75
15 46 47 61 71 72 73 74
15 46 47 59 60 61 75
15 46 47 59 60 61 73 75
15 46 47 59 60 61 71 72 75
15 46 47 59 60 61 71 72 73 74
15 46 47 48 61
15 46 47 48 61 73
15 46 47 48 61 71 72
15 46 47 48 59 60 61
15 46 47 48 59 60 61 73
15 46 47 48 59 60 61 71 72
15 34 61 73 75
15 34 61 73 74
15 34 61 71 72 75
15 34 61 71 72 73 74
15 34 48 61 73 75
15 34 48 61 73 74
15 34 48 61 71 72 75
15 34 48 61 71 72 73 74
15 34 46 61 75
15 34 46 61 73 74
15 34 46 48 61 75
15 34 46 48 61 73 74
15 34 46 47 61 75
15 34 46 47 61 73 75
15 34 46 47 61 71 72 75
15 34 46 47 61 71 72 73 74
15 34 46 47 48 61
15 34 46 47 48 61 73
15 34 46 47 48 61 71 72
15 21 61 73 75
15 21 61 73 74
15 21 61 71 72 75
15 21 61 71 72 73 74
15 21 59 60 61 73 75
15 21 59 60 61 73 74
15 21 59 60 61 71 72 75
15 21 59 60 61 71 72 73 74
15 21 48 61 73
15 21 48 61 71 72
15 21 48 59 60 61 73
15 21 48 59 60 61 71 72
15 21 46 61 75
15 21 46 61 73 74
15 21 46 59 60 61 75
15 21 46 59 60 61 73 74
15 21 46 48 61
15 21 46 48 59 60 61
15 21 34 61 73 75
15 21 34 61 73 74
15 21 34 61 71 72 75
15 21 34 61 71 72 73 74
15 21 34 48 61 73
15 21 34 48 61 71 72
15 21 34 46 61 75
15 21 34 46 61 73 74
15 21 34 46 48 61
44 59 73
44 59 71 72
59 65 73
59 65 71 72
59 63 64 73
59 63 64 71 72
59 61 65 73
59 61 65 71 72
59 61 63 64 73
59 61 63 64 71 72
46 59 65
46 59 63 64
46 59 61 65 73
46 59 61 65 71 72
46 59 61 63 64 73
46 59 61 63 64 71 72
43 44 59 61 65 73
43 44 59 61 65 71 72
43 44 59 61 63 64 73
43 44 59 61 63 64 71 72
43 44 46 59 61 65
43 44 46 59 61 63 64
42 43 45 59 61 65 73
42 43 45 59 61 65 71 72
42 43 45 59 61 63 64 73
42 43 45 59 61 63 64 71 72
42 43 45 46 59 61 65
42 43 45 46 59 61 63 64
42 43 44 59 61 65 73
42 43 44 59 61 65 71 72
42 43 44 59 61 63 64 73
42 43 44 59 61 63 64 71 72
42 43 44 46 59 61 65
42 43 44 46 59 61 63 64
38 59 73
38 59 71 72
38 59 61 73
38 59 61 71 72
38 46 59
38 46 59 61 73
38 46 59 61 71 72
38 43 44 59 61 73
38 43 44 59 61 71 72
38 43 44 46 59 61
38 42 43 45 59 61 73
38 42 43 45 59 61 71 72
38 42 43 45 46 59 61
38 42 43 44 59 61 73
38 42 43 44 59 61 71 72
38 42 43 44 46 59 61
31 59 61 65 73
31 59 61 65 71 72
31 59 61 63 64 73
31 59 61 63 64 71 72
31 46 59 61 65
31 46 59 61 63 64
31 38 59 61 73
31 38 59 61 71 72
31 38 46 59 61
29 30 59 61 65 73
29 30 59 61 65 71 72
29 30 59 61 63 64 73
29 30 59 61 63 64 71 72
29 30 46 59 61 65
29 30 46 59 61 63 64
29 30 38 59 61 73
29 30 38 59 61 71 72
29 30 38 46 59 61
19 59 61 65 73
19 59 61 65 71 72
19 59 61 63 64 73
19 59 61 63 64 71 72
19 46 59 61 65
19 46 59 61 63 64
19 38 59 61 73
19 38 59 61 71 72
19 38 46 59 61
18 44 59 61 65 73
18 44 59 61 65 71 72
18 44 59 61 63 64 73
18 44 59 61 63 64 71 72
18 44 46 59 61 65
18 44 46 59 61 63 64
18 42 43 59 61 65 73
18 42 43 59 61 65 71 72
18 42 43 59 61 63 64 73
18 42 43 59 61 63 64 71 72
18 42 43 46 59 61 65
18 42 43 46 59 61 63 64
18 38 44 59 61 73
18 38 44 59 61 71 72
18 38 44 46 59 61
18 38 42 43 59 61 73
18 38 42 43 59 61 71 72
18 38 42 43 46 59 61
17 45 59 61 65 73
17 45 59 61 65 71 72
17 45 59 61 63 64 73
17 45 59 61 63 64 71 72
17 45 46 59 61 65
17 45 46 59 61 63 64
17 43 44 59 61 65 73
17 43 44 59 61 65 71 72
17 43 44 59 61 63 64 73
17 43 44 59 61 63 64 71 72
17 43 44 46 59 61 65
17 43 44 46 59 61 63 64
17 38 45 59 61 73
17 38 45 59 61 71 72
17 38 45 46 59 61
17 38 43 44 59 61 73
17 38 43 44 59 61 71 72
17 38 43 44 46 59 61
17 18 59 61 65 73
17 18 59 61 65 71 72
17 18 59 61 63 64 73
17 18 59 61 63 64 71 72
17 18 46 59 61 65
17 18 46 59 61 63 64
17 18 38 59 61 73
17 18 38 59 61 71 72
17 18 38 46 59 61
4 59 61 65 73
4 59 61 65 71 72
4 59 61 63 64 73
4 59 61 63 64 71 72
4 46 59 61 65
4 46 59 61 63 64
4 38 59 61 73
4 38 59 61 71 72
4 38 46 59 61
57 58 59 60 73
57 58 59 60 71 72
48 57 59 61 73
48 57 59 61 71 72
46 57 59 73
46 57 59 71 72
46 57 58 59 60
46 48 57 59 61
46 47 57 59 61
46 47 57 59 61 73
46 47 57 59 61 71 72
44 45 57 59 73
44 45 57 59 71 72
44 45 46 57 59
34 57 59 73
34 57 59 71 72
34 46 57 59
33 57 58 59 73
33 57 58 59 71 72
33 46 57 58 59
32 57 59 60 73
32 57 59 60 71 72
32 57 58 59 73
32 57 58 59 71 72
32 46 57 59 60
32 46 57 58 59
32 33 57 59 73
32 33 57 59 71 72
32 33 46 57 59
21 57 59 61 73
21 57 59 61 71 72
21 46 57 59 61
19 57 59 73
19 57 59 71 72
19 46 57 59
42 43 59 73
42 43 59 71 72
42 43 46 59
17 59 73
17 59 71 72
17 46 59
33 57 59 73
33 57 59 71 72
33 46 57 59
49 59 73
49 59 71 72
47 48 59 73
47 48 59 71 72
46 49 59
46 47 48 59
40 59 61 73
40 59 61 71 72
40 59 60 73
40 59 60 71 72
40 46 59 61
40 46 59 60
38 39 59 61 73
38 39 59 61 71 72
38 39 59 60 73
38 39 59 60 71 72
38 39 46 59 61
38 39 46 59 60
34 40 59 73
34 40 59 71 72
34 40 46 59
34 38 39 59 73
34 38 39 59 71 72
34 38 39 46 59
22 59 73
22 59 71 72
22 46 59
13 59 61 73
13 59 61 71 72
13 59 60 73
13 59 60 71 72
13 46 59 61
13 46 59 60
13 34 59 73
13 34 59 71 72
13 34 46 59
57 59 73 78
57 59 73 76 77
57 59 71 72 78
57 59 71 72 76 77
51 57 59 73
51 57 59 71 72
46 57 59 78
46 57 59 76 77
46 51 57 59
42 57 59 73
42 57 59 73 78
42 57 59 73 76 77
42 57 59 71 72
42 57 59 71 72 78
42 57 59 71 72 76 77
42 51 57 59 73
42 51 57 59 71 72
42 48 57 59 73 78
42 48 57 59 73 76 77
42 48 57 59 71 72 78
42 48 57 59 71 72 76 77
42 48 51 57 59 73
42 48 51 57 59 71 72
42 46 57 59
42 46 57 59 78
42 46 57 59 76 77
42 46 51 57 59
42 46 48 57 59 78
42 46 48 57 59 76 77
42 46 48 51 57 59
42 46 47 57 59 78
42 46 47 57 59 76 77
42 46 47 57 59 73 78
42 46 47 57 59 73 76 77
42 46 47 57 59 71 72 78
42 46 47 57 59 71 72 76 77
42 46 47 51 57 59
42 46 47 51 57 59 73
42 46 47 51 57 59 71 72
40 41 57 59 73
40 41 57 59 73 78
40 41 57 59 73 76 77
40 41 57 59 71 72
40 41 57 59 71 72 78
40 41 57 59 71 72 76 77
40 41 51 57 59 73
40 41 51 57 59 71 72
40 41 48 57 59 73 78
40 41 48 57 59 73 76 77
40 41 48 57 59 71 72 78
40 41 48 57 59 71 72 76 77
40 41 48 51 57 59 73
40 41 48 51 57 59 71 72
40 41 46 57 59
40 41 46 57 59 78
40 41 46 57 59 76 77
40 41 46 51 57 59
40 41 46 48 57 59 78
40 41 46 48 57 59 76 77
40 41 46 48 51 57 59
40 41 46 47 57 59 78
40 41 46 47 57 59 76 77
40 41 46 47 57 59 73 78
40 41 46 47 57 59 73 76 77
40 41 46 47 57 59 71 72 78
40 41 46 47 57 59 71 72 76 77
40 41 46 47 51 57 59
40 41 46 47 51 57 59 73
40 41 46 47 51 57 59 71 72
30 42 57 59 73
30 42 57 59 73 78
30 42 57 59 73 76 77
30 42 57 59 71 72
30 42 57 59 71 72 78
30 42 57 59 71 72 76 77
30 42 51 57 59 73
30 42 51 57 59 71 72
30 42 48 57 59 73 78
30 42 48 57 59 73 76 77
30 42 48 57 59 71 72 78
30 42 48 57 59 71 72 76 77
30 42 48 51 57 59 73
30 42 48 51 57 59 71 72
30 42 46 57 59
30 42 46 57 59 78
30 42 46 57 59 76 77
30 42 46 51 57 59
30 42 46 48 57 59 78
30 42 46 48 57 59 76 77
30 42 46 48 51 57 59
30 42 46 47 57 59 78
30 42 46 47 57 59 76 77
30 42 46 47 57 59 73 78
30 42 46 47 57 59 73 76 77
30 42 46 47 57 59 71 72 78
30 42 46 47 57 59 71 72 76 77
30 42 46 47 51 57 59
30 42 46 47 51 57 59 73
30 42 46 47 51 57 59 71 72
30 40 41 57 59 73
30 40 41 57 59 73 78
30 40 41 57 59 73 76 77
30 40 41 57 59 71 72
30 40 41 57 59 71 72 78
30 40 41 57 59 71 72 76 77
30 40 41 51 57 59 73
30 40 41 51 57 59 71 72
30 40 41 48 57 59 73 78
30 40 41 48 57 59 73 76 77
30 40 41 48 57 59 71 72 78
30 40 41 48 57 59 71 72 76 77
30 40 41 48 51 57 59 73
30 40 41 48 51 57 59 71 72
30 40 41 46 57 59
30 40 41 46 57 59 78
30 40 41 46 57 59 76 77
30 40 41 46 51 57 59
30 40 41 46 48 57 59 78
30 40 41 46 48 57 59 76 77
30 40 41 46 48 51 57 59
30 40 41 46 47 57 59 78
30 40 41 46 47 57 59 76 77
30 40 41 46 47 57 59 73 78
30 40 41 46 47 57 59 73 76 77
30 40 41 46 47 57 59 71 72 78
30 40 41 46 47 57 59 71 72 76 77
30 40 41 46 47 51 57 59
30 40 41 46 47 51 57 59 73
30 40 41 46 47 51 57 59 71 72
28 29 42 57 59 73
28 29 42 57 59 73 78
28 29 42 57 59 73 76 77
28 29 42 57 59 71 72
28 29 42 57 59 71 72 78
28 29 42 57 59 71 72 76 77
28 29 42 51 57 59 73
28 29 42 51 57 59 71 72
28 29 42 48 57 59 73 78
28 29 42 48 57 59 73 76 77
28 29 42 48 57 59 71 72 78
28 29 42 48 57 59 71 72 76 77
28 29 42 48 51 57 59 73
28 29 42 48 51 57 59 71 72
28 29 42 46 57 59
28 29 42 46 57 59 78
28 29 42 46 57 59 76 77
28 29 42 46 51 57 59
28 29 42 46 48 57 59 78
28 29 42 46 48 57 59 76 77
28 29 42 46 48 51 57 59
28 29 42 46 47 57 59 78
28 29 42 46 47 57 59 76 77
28 29 42 46 47 57 59 73 78
28 29 42 46 47 57 59 73 76 77
28 29 42 46 47 57 59 71 72 78
28 29 42 46 47 57 59 71 72 76 77
28 29 42 46 47 51 57 59
28 29 42 46 47 51 57 59 73
28 29 42 46 47 51 57 59 71 72
28 29 40 41 57 59 73
28 29 40 41 57 59 73 78
28 29 40 41 57 59 73 76 77
28 29 40 41 57 59 71 72
28 29 40 41 57 59 71 72 78
28 29 40 41 57 59 71 72 76 77
28 29 40 41 51 57 59 73
28 29 40 41 51 57 59 71 72
28 29 40 41 48 57 59 73 78
28 29 40 41 48 57 59 73 76 77
28 29 40 41 48 57 59 71 72 78
28 29 40 41 48 57 59 71 72 76 77
28 29 40 41 48 51 57 59 73
28 29 40 41 48 51 57 59 71 72
28 29 40 41 46 57 59
28 29 40 41 46 57 59 78
28 29 40 41 46 57 59 76 77
28 29 40 41 46 51 57 59
28 29 40 41 46 48 57 59 78
28 29 40 41 46 48 57 59 76 77
28 29 40 41 46 48 51 57 59
28 29 40 41 46 47 57 59 78
28 29 40 41 46 47 57 59 76 77
28 29 40 41 46 47 57 59 73 78
28 29 40 41 46 47 57 59 73 76 77
28 29 40 41 46 47 57 59 71 72 78
28 29 40 41 46 47 57 59 71 72 76 77
28 29 40 41 46 47 51 57 59
28 29 40 41 46 47 51 57 59 73
28 29 40 41 46 47 51 57 59 71 72
21 42 57 59 73 78
21 42 57 59 73 76 77
21 42 57 59 71 72 78
21 42 57 59 71 72 76 77
21 42 51 57 59 73
21 42 51 57 59 71 72
21 42 46 57 59 78
21 42 46 57 59 76 77
21 42 46 51 57 59
21 40 41 57 59 73 78
21 40 41 57 59 73 76 77
21 40 41 57 59 71 72 78
21 40 41 57 59 71 72 76 77
21 40 41 51 57 59 73
21 40 41 51 57 59 71 72
21 40 41 46 57 59 78
21 40 41 46 57 59 76 77
21 40 41 46 51 57 59
21 30 42 57 59 73 78
21 30 42 57 59 73 76 77
21 30 42 57 59 71 72 78
21 30 42 57 59 71 72 76 77
21 30 42 51 57 59 73
21 30 42 51 57 59 71 72
21 30 42 46 57 59 78
21 30 42 46 57 59 76 77
21 30 42 46 51 57 59
21 30 40 41 57 59 73 78
21 30 40 41 57 59 73 76 77
21 30 40 41 57 59 71 72 78
21 30 40 41 57 59 71 72 76 77
21 30 40 41 51 57 59 73
21 30 40 41 51 57 59 71 72
21 30 40 41 46 57 59 78
21 30 40 41 46 57 59 76 77
21 30 40 41 46 51 57 59
21 28 29 42 57 59 73 78
21 28 29 42 57 59 73 76 77
21 28 29 42 57 59 71 72 78
21 28 29 42 57 59 71 72 76 77
21 28 29 42 51 57 59 73
21 28 29 42 51 57 59 71 72
21 28 29 42 46 57 59 78
21 28 29 42 46 57 59 76 77
21 28 29 42 46 51 57 59
21 28 29 40 41 57 59 73 78
21 28 29 40 41 57 59 73 76 77
21 28 29 40 41 57 59 71 72 78
21 28 29 40 41 57 59 71 72 76 77
21 28 29 40 41 51 57 59 73
21 28 29 40 41 51 57 59 71 72
21 28 29 40 41 46 57 59 78
21 28 29 40 41 46 57 59 76 77
21 28 29 40 41 46 51 57 59
15 57 59 73
15 57 59 73 78
15 57 59 73 76 77
15 57 59 71 72
15 57 59 71 72 78
15 57 59 71 72 76 77
15 51 57 59 73
15 51 57 59 71 72
15 48 57 59 73 78
15 48 57 59 73 76 77
15 48 57 59 71 72 78
15 48 57 59 71 72 76 77
15 48 51 57 59 73
15 48 51 57 59 71 72
15 46 57 59
15 46 57 59 78
15 46 57 59 76 77
15 46 51 57 59
15 46 48 57 59 78
15 46 48 57 59 76 77
15 46 48 51 57 59
15 46 47 57 59 78
15 46 47 57 59 76 77
15 46 47 57 59 73 78
15 46 47 57 59 73 76 77
15 46 47 57 59 71 72 78
15 46 47 57 59 71 72 76 77
15 46 47 51 57 59
15 46 47 51 57 59 73
15 46 47 51 57 59 71 72
15 30 57 59 73
15 30 57 59 73 78
15 30 57 59 73 76 77
15 30 57 59 71 72
15 30 57 59 71 72 78
15 30 57 59 71 72 76 77
15 30 51 57 59 73
15 30 51 57 59 71 72
15 30 48 57 59 73 78
15 30 48 57 59 73 76 77
15 30 48 57 59 71 72 78
15 30 48 57 59 71 72 76 77
15 30 48 51 57 59 73
15 30 48 51 57 59 71 72
15 30 46 57 59
15 30 46 57 59 78
15 30 46 57 59 76 77
15 30 46 51 57 59
15 30 46 48 57 59 78
15 30 46 48 57 59 76 77
15 30 46 48 51 57 59
15 30 46 47 57 59 78
15 30 46 47 57 59 76 77
15 30 46 47 57 59 73 78
15 30 46 47 57 59 73 76 77
15 30 46 47 57 59 71 72 78
15 30 46 47 57 59 71 72 76 77
15 30 46 47 51 57 59
15 30 46 47 51 57 59 73
15 30 46 47 51 57 59 71 72
15 28 29 57 59 73
15 28 29 57 59 73 78
15 28 29 57 59 73 76 77
15 28 29 57 59 71 72
15 28 29 57 59 71 72 78
15 28 29 57 59 71 72 76 77
15 28 29 51 57 59 73
15 28 29 51 57 59 71 72
15 28 29 48 57 59 73 78
15 28 29 48 57 59 73 76 77
15 28 29 48 57 59 71 72 78
15 28 29 48 57 59 71 72 76 77
15 28 29 48 51 57 59 73
15 28 29 48 51 57 59 71 72
15 28 29 46 57 59
15 28 29 46 57 59 78
15 28 29 46 57 59 76 77
15 28 29 46 51 57 59
15 28 29 46 48 57 59 78
15 28 29 46 48 57 59 76 77
15 28 29 46 48 51 57 59
15 28 29 46 47 57 59 78
15 28 29 46 47 57 59 76 77
15 28 29 46 47 57 59 73 78
15 28 29 46 47 57 59 73 76 77
15 28 29 46 47 57 59 71 72 78
15 28 29 46 47 57 59 71 72 76 77
15 28 29 46 47 51 57 59
15 28 29 46 47 51 57 59 73
15 28 29 46 47 51 57 59 71 72
15 21 57 59 73 78
15 21 57 59 73 76 77
15 21 57 59 71 72 78
15 21 57 59 71 72 76 77
15 21 51 57 59 73
15 21 51 57 59 71 72
15 21 46 57 59 78
15 21 46 57 59 76 77
15 21 46 51 57 59
15 21 30 57 59 73 78
15 21 30 57 59 73 76 77
15 21 30 57 59 71 72 78
15 21 30 57 59 71 72 76 77
15 21 30 51 57 59 73
15 21 30 51 57 59 71 72
15 21 30 46 57 59 78
15 21 30 46 57 59 76 77
15 21 30 46 51 57 59
15 21 28 29 57 59 73 78
15 21 28 29 57 59 73 76 77
15 21 28 29 57 59 71 72 78
15 21 28 29 57 59 71 72 76 77
15 21 28 29 51 57 59 73
15 21 28 29 51 57 59 71 72
15 21 28 29 46 57 59 78
15 21 28 29 46 57 59 76 77
15 21 28 29 46 51 57 59
3 42 57 59 73
3 42 57 59 73 78
3 42 57 59 73 76 77
3 42 57 59 71 72
3 42 57 59 71 72 78
3 42 57 59 71 72 76 77
3 42 51 57 59 73
3 42 51 57 59 71 72
3 42 48 57 59 73 78
3 42 48 57 59 73 76 77
3 42 48 57 59 71 72 78
3 42 48 57 59 71 72 76 77
3 42 48 51 57 59 73
3 42 48 51 57 59 71 72
3 42 46 57 59
3 42 46 57 59 78
3 42 46 57 59 76 77
3 42 46 51 57 59
3 42 46 48 57 59 78
3 42 46 48 57 59 76 77
3 42 46 48 51 57 59
3 42 46 47 57 59 78
3 42 46 47 57 59 76 77
3 42 46 47 57 59 73 78
3 42 46 47 57 59 73 76 77
3 42 46 47 57 59 71 72 78
3 42 46 47 57 59 71 72 76 77
3 42 46 47 51 57 59
3 42 46 47 51 57 59 73
3 42 46 47 51 57 59 71 72
3 40 41 57 59 73
3 40 41 57 59 73 78
3 40 41 57 59 73 76 77
3 40 41 57 59 71 72
3 40 41 57 59 71 72 78
3 40 41 57 59 71 72 76 77
3 40 41 51 57 59 73
3 40 41 51 57 59 71 72
3 40 41 48 57 59 73 78
3 40 41 48 57 59 73 76 77
3 40 41 48 57 59 71 72 78
3 40 41 48 57 59 71 72 76 77
3 40 41 48 51 57 59 73
3 40 41 48 51 57 59 71 72
3 40 41 46 57 59
3 40 41 46 57 59 78
3 40 41 46 57 59 76 77
3 40 41 46 51 57 59
3 40 41 46 48 57 59 78
3 40 41 46 48 57 59 76 77
3 40 41 46 48 51 57 59
3 40 41 46 47 57 59 78
3 40 41 46 47 57 59 76 77
3 40 41 46 47 57 59 73 78
3 40 41 46 47 57 59 73 76 77
3 40 41 46 47 57 59 71 72 78
3 40 41 46 47 57 59 71 72 76 77
3 40 41 46 47 51 57 59
3 40 41 46 47 51 57 59 73
3 40 41 46 47 51 57 59 71 72
3 21 42 57 59 73 78
3 21 42 57 59 73 76 77
3 21 42 57 59 71 72 78
3 21 42 57 59 71 72 76 77
3 21 42 51 57 59 73
3 21 42 51 57 59 71 72
3 21 42 46 57 59 78
3 21 42 46 57 59 76 77
3 21 42 46 51 57 59
3 21 40 41 57 59 73 78
3 21 40 41 57 59 73 76 77
3 21 40 41 57 59 71 72 78
3 21 40 41 57 59 71 72 76 77
3 21 40 41 51 57 59 73
3 21 40 41 51 57 59 71 72
3 21 40 41 46 57 59 78
3 21 40 41 46 57 59 76 77
3 21 40 41 46 51 57 59
3 15 57 59 73
3 15 57 59 73 78
3 15 57 59 73 76 77
3 15 57 59 71 72
3 15 57 59 71 72 78
3 15 57 59 71 72 76 77
3 15 51 57 59 73
3 15 51 57 59 71 72
3 15 48 57 59 73 78
3 15 48 57 59 73 76 77
3 15 48 57 59 71 72 78
3 15 48 57 59 71 72 76 77
3 15 48 51 57 59 73
3 15 48 51 57 59 71 72
3 15 46 57 59
3 15 46 57 59 78
3 15 46 57 59 76 77
3 15 46 51 57 59
3 15 46 48 57 59 78
3 15 46 48 57 59 76 77
3 15 46 48 51 57 59
3 15 46 47 57 59 78
3 15 46 47 57 59 76 77
3 15 46 47 57 59 73 78
3 15 46 47 57 59 73 76 77
3 15 46 47 57 59 71 72 78
3 15 46 47 57 59 71 72 76 77
3 15 46 47 51 57 59
3 15 46 47 51 57 59 73
3 15 46 47 51 57 59 71 72
3 15 21 57 59 73 78
3 15 21 57 59 73 76 77
3 15 21 57 59 71 72 78
3 15 21 57 59 71 72 76 77
3 15 21 51 57 59 73
3 15 21 51 57 59 71 72
3 15 21 46 57 59 78
3 15 21 46 57 59 76 77
3 15 21 46 51 57 59
