42 59 73 78
42 59 73 76 77
42 59 71 72 78
42 59 71 72 76 77
42 51 59 73
42 51 59 71 72
42 46 59 78
42 46 59 76 77
42 46 51 59
40 41 59 73 78
40 41 59 73 76 77
40 41 59 71 72 78
40 41 59 71 72 76 77
40 41 51 59 73
40 41 51 59 71 72
40 41 46 59 78
40 41 46 59 76 77
40 41 46 51 59
15 59 73 78
15 59 73 76 77
15 59 71 72 78
15 59 71 72 76 77
15 51 59 73
15 51 59 71 72
15 46 59 78
15 46 59 76 77
15 46 51 59
42 59 61 73
42 59 61 71 72
42 46 59 61
40 41 59 61 73
40 41 59 61 71 72
40 41 46 59 61
15 59 61 73
15 59 61 71 72
15 46 59 61
68 69
42 68
69
55
42
34 68
34 61
34 61 69
34 61 67 68
34 42 61
1
