73
71 72
69
69 71
69 70
68 69 74
68 69 72 73
68 69 71
68 69 70
67
67 78
67 78 79
67 76 77
67 74 78 79
67 72 73 78 79
67 68 74
67 68 72 73
66 68 69
66 67 78 79
66 67 68
65 68 69 78 79
65 67 68 78 79
65 66
65 66 78
65 66 78 79
65 66 76 77
65 66 74 78 79
65 66 72 73 78 79
65 66 68
65 66 67 78 79
64
64 65 68 69
64 65 67 68
61 71
61 69
61 68 69
61 68 69 78 79
61 68 69 73 78 79
61 68 69 71 72 78 79
61 67
61 67 68
61 67 68 78 79
61 67 68 73 78 79
61 67 68 71 72 78 79
61 67 68 70
61 67 68 69
61 65 68 69 78 79
61 65 67 68 78 79
61 65 66
61 63 64 68 69 78 79
61 63 64 67 68 78 79
59 69
59 67 78 79
59 67 68
59 65 66 78 79
59 61
57
57 67 78 79
57 65 66 78 79
56
56 69
56 68 69
56 61
56 61 68 69 78 79
56 61 67 68 78 79
55
55 78 79
55 69
55 67 78 79
55 67 68
55 65 66 78 79
55 61 71
55 61 69
55 61 69 71
55 61 67 68
55 61 67 68 71
55 61 67 68 69 70
55 56
55 56 67 78 79
55 56 65 66 78 79
54 78 79
54 68 69
54 67 68
54 61 68 69
54 61 67 68
54 55
54 55 69
54 55 68 69
54 55 61
54 55 61 68 69 78 79
54 55 61 67 68 78 79
53 68 69
53 67 78 79
53 67 74
53 67 72 73
53 67 68
53 66 67
53 65 68 69
53 65 67 68
53 65 66 78 79
53 65 66 74
53 65 66 72 73
53 65 66 67
53 61 68 69
53 61 68 69 73
53 61 68 69 71 72
53 61 67
53 61 67 78 79
53 61 67 68
53 61 67 68 73
53 61 67 68 71 72
53 61 65 68 69
53 61 65 67 68
53 61 65 66
53 61 65 66 78 79
53 61 63 64 68 69
53 61 63 64 67 68
53 59 67
53 59 65 66
53 57 67
53 57 65 66
53 56 61 68 69
53 56 61 67 68
53 55
53 55 67
53 55 65 66
53 55 56 67
53 55 56 65 66
53 54
53 54 61 71
53 54 61 69 71
53 54 61 67 68 71
53 54 61 67 68 69 70
53 54 55 61 68 69
53 54 55 61 67 68
52 61 69
52 61 67 68
52 53
52 53 78 79
52 53 61 67 78 79
52 53 61 65 66 78 79
51 69
51 67
51 65 66
51 65 66 68
50 78 79
50 53
49 50 69
49 50 65 66 68
48 49 78 79
48 49 53
47 67 78 79
47 65 66 78 79
47 53 67
47 53 65 66
46
46 67 78 79
46 65 66 78 79
46 61 68 69 78 79
46 61 67 68 78 79
46 53 67
46 53 65 66
46 53 61 68 69
46 53 61 67 68
45 68 69
45 67 68
45 61 67
45 61 67 78 79
45 61 65 66
45 61 65 66 78 79
45 53 61 67
45 53 61 65 66
45 46 68 69
45 46 67 68
44 69
44 68 69
44 61
44 61 67 78 79
44 61 65 66 78 79
44 61 63 73 78 79
44 61 63 71 72 78 79
44 61 62 73 78 79
44 61 62 71 72 78 79
44 60 61 73 78 79
44 60 61 71 72 78 79
44 59 60 61 63 73 78 79
44 59 60 61 63 71 72 78 79
44 59 60 61 62 73 78 79
44 59 60 61 62 71 72 78 79
44 55 61
44 55 61 69
44 55 61 67 68
44 53 61 67
44 53 61 65 66
44 53 61 63 73
44 53 61 63 71 72
44 53 61 62 73
44 53 61 62 71 72
44 53 60 61 73
44 53 60 61 71 72
44 53 59 60 61 63 73
44 53 59 60 61 63 71 72
44 53 59 60 61 62 73
44 53 59 60 61 62 71 72
44 53 54 61
44 53 54 61 69
44 53 54 61 67 68
44 48 61 73 78 79
44 48 61 71 72 78 79
44 48 53 61 73
44 48 53 61 71 72
44 46 61 63 78 79
44 46 61 62 78 79
44 46 60 61 78 79
44 46 59 60 61 63 78 79
44 46 59 60 61 62 78 79
44 46 53 61 63
44 46 53 61 62
44 46 53 60 61
44 46 53 59 60 61 63
44 46 53 59 60 61 62
44 46 48 61 78 79
44 46 48 53 61
44 46 47 61 78 79
44 46 47 61 73 78 79
44 46 47 61 71 72 78 79
44 46 47 53 61
44 46 47 53 61 73
44 46 47 53 61 71 72
43 44 61 67
43 44 61 67 78 79
43 44 61 65 66
43 44 61 65 66 78 79
43 44 53 61 67
43 44 53 61 65 66
42
42 71
42 69 70
42 68 74
42 68 72 73
42 68 71
42 68 69 70
42 66 68
42 65 68 78 79
42 64 65 68
42 61
42 61 70
42 61 68 78 79
42 61 68 73 78 79
42 61 68 71 72 78 79
42 61 68 69
42 61 65 68 78 79
42 61 63 64 68 78 79
42 59
42 59 73
42 59 71 72
42 59 61 73
42 59 61 71 72
42 59 60 61 63 73 78 79
42 59 60 61 63 71 72 78 79
42 59 60 61 62 73 78 79
42 59 60 61 62 71 72 78 79
42 58 59 61 63 73 78 79
42 58 59 61 63 71 72 78 79
42 58 59 61 62 73 78 79
42 58 59 61 62 71 72 78 79
42 57 61 63 73
42 57 61 63 73 78 79
42 57 61 63 71 72
42 57 61 63 71 72 78 79
42 57 61 62 73
42 57 61 62 73 78 79
42 57 61 62 71 72
42 57 61 62 71 72 78 79
42 57 59 73 78
42 57 59 73 76 77
42 57 59 71 72 78
42 57 59 71 72 76 77
42 57 59 63 73
42 57 59 63 73 78 79
42 57 59 63 71 72
42 57 59 63 71 72 78 79
42 57 59 61 63 73
42 57 59 61 63 71 72
42 57 59 61 62 73 78 79
42 57 59 61 62 71 72 78 79
42 56
42 56 68
42 56 61 68 78 79
42 55
42 55 61
42 55 61 71
42 55 61 69 70
42 54 68
42 54 61 68
42 54 55
42 54 55 68
42 54 55 61 68 78 79
42 53 68
42 53 65 68
42 53 61 68
42 53 61 68 73
42 53 61 68 71 72
42 53 61 65 68
42 53 61 63 64 68
42 53 59 60 61 63 73
42 53 59 60 61 63 71 72
42 53 59 60 61 62 73
42 53 59 60 61 62 71 72
42 53 58 59 61 63 73
42 53 58 59 61 63 71 72
42 53 58 59 61 62 73
42 53 58 59 61 62 71 72
42 53 57 61 63 73
42 53 57 61 63 71 72
42 53 57 61 62 73
42 53 57 61 62 71 72
42 53 57 59 63 73
42 53 57 59 63 71 72
42 53 57 59 61 62 73
42 53 57 59 61 62 71 72
42 53 56 61 68
42 53 54 61 71
42 53 54 61 69 70
42 53 54 55 61 68
42 52 61
42 51
42 51 57 59 73
42 51 57 59 71 72
42 49 50
42 46 61 68 78 79
42 46 59
42 46 59 61
42 46 59 60 61 63 78 79
42 46 59 60 61 62 78 79
42 46 58 59 61 63 78 79
42 46 58 59 61 62 78 79
42 46 57 61 63
42 46 57 61 63 78 79
42 46 57 61 62
42 46 57 61 62 78 79
42 46 57 59 78
42 46 57 59 76 77
42 46 57 59 63
42 46 57 59 63 78 79
42 46 57 59 61 63
42 46 57 59 61 62 78 79
42 46 53 61 68
42 46 53 59 60 61 63
42 46 53 59 60 61 62
42 46 53 58 59 61 63
42 46 53 58 59 61 62
42 46 53 57 61 63
42 46 53 57 61 62
42 46 53 57 59 63
42 46 53 57 59 61 62
42 46 51 57 59
42 45 68
42 45 46 68
42 44
42 44 68
42 44 55 61
42 44 53 54 61
42 43 61 63 73 78 79
42 43 61 63 71 72 78 79
42 43 61 62 73 78 79
42 43 61 62 71 72 78 79
42 43 60 61 73 78 79
42 43 60 61 71 72 78 79
42 43 59 60 61 63 73 78 79
42 43 59 60 61 63 71 72 78 79
42 43 59 60 61 62 73 78 79
42 43 59 60 61 62 71 72 78 79
42 43 53 61 63 73
42 43 53 61 63 71 72
42 43 53 61 62 73
42 43 53 61 62 71 72
42 43 53 60 61 73
42 43 53 60 61 71 72
42 43 53 59 60 61 63 73
42 43 53 59 60 61 63 71 72
42 43 53 59 60 61 62 73
42 43 53 59 60 61 62 71 72
42 43 48 61 73 78 79
42 43 48 61 71 72 78 79
42 43 48 53 61 73
42 43 48 53 61 71 72
42 43 46 61 63 78 79
42 43 46 61 62 78 79
42 43 46 60 61 78 79
42 43 46 59 60 61 63 78 79
42 43 46 59 60 61 62 78 79
42 43 46 53 61 63
42 43 46 53 61 62
42 43 46 53 60 61
42 43 46 53 59 60 61 63
42 43 46 53 59 60 61 62
42 43 46 48 61 78 79
42 43 46 48 53 61
42 43 46 47 61 78 79
42 43 46 47 61 73 78 79
42 43 46 47 61 71 72 78 79
42 43 46 47 53 61
42 43 46 47 53 61 73
42 43 46 47 53 61 71 72
41 67 78 79
41 65 66 78 79
41 53 67
41 53 65 66
40 78
40 78 79
40 76 77
40 74 78 79
40 72 73 78 79
40 68
40 66 67 78 79
40 61
40 59 78 79
40 57 78 79
40 55 78 79
40 55 56 78 79
40 53 78 79
40 53 74
40 53 72 73
40 53 66 67
40 53 61
40 53 61 78 79
40 53 59
40 53 57
40 53 55
40 53 55 56
40 52 53 61 78 79
40 51
40 51 68
40 49 50 68
40 47 78 79
40 47 53
40 46 78 79
40 46 53
40 45 61
40 45 61 78 79
40 45 53 61
40 44 61 78 79
40 44 53 61
40 43 44 61
40 43 44 61 78 79
40 43 44 53 61
40 41 78 79
40 41 59 73
40 41 59 71 72
40 41 59 61 73
40 41 59 61 71 72
40 41 59 60 61 63 73 78 79
40 41 59 60 61 63 71 72 78 79
40 41 59 60 61 62 73 78 79
40 41 59 60 61 62 71 72 78 79
40 41 58 59 61 63 73 78 79
40 41 58 59 61 63 71 72 78 79
40 41 58 59 61 62 73 78 79
40 41 58 59 61 62 71 72 78 79
40 41 57 61 63 73
40 41 57 61 63 73 78 79
40 41 57 61 63 71 72
40 41 57 61 63 71 72 78 79
40 41 57 61 62 73
40 41 57 61 62 73 78 79
40 41 57 61 62 71 72
40 41 57 61 62 71 72 78 79
40 41 57 59 73 78
40 41 57 59 73 76 77
40 41 57 59 71 72 78
40 41 57 59 71 72 76 77
40 41 57 59 63 73
40 41 57 59 63 73 78 79
40 41 57 59 63 71 72
40 41 57 59 63 71 72 78 79
40 41 57 59 61 63 73
40 41 57 59 61 63 71 72
40 41 57 59 61 62 73 78 79
40 41 57 59 61 62 71 72 78 79
40 41 53
40 41 53 59 60 61 63 73
40 41 53 59 60 61 63 71 72
40 41 53 59 60 61 62 73
40 41 53 59 60 61 62 71 72
40 41 53 58 59 61 63 73
40 41 53 58 59 61 63 71 72
40 41 53 58 59 61 62 73
40 41 53 58 59 61 62 71 72
40 41 53 57 61 63 73
40 41 53 57 61 63 71 72
40 41 53 57 61 62 73
40 41 53 57 61 62 71 72
40 41 53 57 59 63 73
40 41 53 57 59 63 71 72
40 41 53 57 59 61 62 73
40 41 53 57 59 61 62 71 72
40 41 51 57 59 73
40 41 51 57 59 71 72
40 41 46 59
40 41 46 59 61
40 41 46 59 60 61 63 78 79
40 41 46 59 60 61 62 78 79
40 41 46 58 59 61 63 78 79
40 41 46 58 59 61 62 78 79
40 41 46 57 61 63
40 41 46 57 61 63 78 79
40 41 46 57 61 62
40 41 46 57 61 62 78 79
40 41 46 57 59 78
40 41 46 57 59 76 77
40 41 46 57 59 63
40 41 46 57 59 63 78 79
40 41 46 57 59 61 63
40 41 46 57 59 61 62 78 79
40 41 46 53 59 60 61 63
40 41 46 53 59 60 61 62
40 41 46 53 58 59 61 63
40 41 46 53 58 59 61 62
40 41 46 53 57 61 63
40 41 46 53 57 61 62
40 41 46 53 57 59 63
40 41 46 53 57 59 61 62
40 41 46 51 57 59
39 68 69
39 67 68
39 42 68
38 61 78 79
38 53 61
38 39
36 69 78 79
36 68 69
36 68 69 78 79
36 67 78 79
36 67 68
36 65 66 78 79
36 61 69
36 61 69 78 79
36 61 68 69 78 79
36 61 68 69 73 78 79
36 61 68 69 71 72 78 79
36 61 67 78 79
36 61 67 68
36 61 67 68 73 78 79
36 61 67 68 71 72 78 79
36 61 65 68 69 78 79
36 61 65 67 68 78 79
36 61 65 66 78 79
36 61 63 64 68 69 78 79
36 61 63 64 67 68 78 79
36 59 78 79
36 56 61 68 69 78 79
36 56 61 67 68 78 79
36 55 78 79
36 55 61 78 79
36 54 55 61 68 69 78 79
36 54 55 61 67 68 78 79
36 53 69
36 53 68 69
36 53 67
36 53 65 66
36 53 61 69
36 53 61 68 69
36 53 61 68 69 73
36 53 61 68 69 71 72
36 53 61 67
36 53 61 67 68 73
36 53 61 67 68 71 72
36 53 61 65 68 69
36 53 61 65 67 68
36 53 61 65 66
36 53 61 63 64 68 69
36 53 61 63 64 67 68
36 53 59
36 53 56 61 68 69
36 53 56 61 67 68
36 53 55
36 53 55 61
36 53 54 55 61 68 69
36 53 54 55 61 67 68
36 52 53 61 67 78 79
36 52 53 61 65 66 78 79
36 50 61 78 79
36 50 53 61
36 48 49 61 78 79
36 48 49 53 61
36 46 61 68 69 78 79
36 46 61 67 68 78 79
36 46 53 61 68 69
36 46 53 61 67 68
36 45 61 67
36 45 61 67 78 79
36 45 61 65 66
36 45 61 65 66 78 79
36 45 53 61 67
36 45 53 61 65 66
36 43 44 61 67
36 43 44 61 67 78 79
36 43 44 61 65 66
36 43 44 61 65 66 78 79
36 43 44 53 61 67
36 43 44 53 61 65 66
36 42 78 79
36 42 68
36 42 68 78 79
36 42 61
36 42 61 78 79
36 42 61 68 78 79
36 42 61 68 73 78 79
36 42 61 68 71 72 78 79
36 42 61 65 68 78 79
36 42 61 63 64 68 78 79
36 42 59 60 61 73 78 79
36 42 59 60 61 71 72 78 79
36 42 58 59 61 73 78 79
36 42 58 59 61 71 72 78 79
36 42 57 61 73
36 42 57 61 73 78 79
36 42 57 61 71 72
36 42 57 61 71 72 78 79
36 42 57 59 73
36 42 57 59 73 78 79
36 42 57 59 71 72
36 42 57 59 71 72 78 79
36 42 57 59 61 73
36 42 57 59 61 71 72
36 42 56 61 68 78 79
36 42 54 55 61 68 78 79
36 42 53
36 42 53 68
36 42 53 61
36 42 53 61 68
36 42 53 61 68 73
36 42 53 61 68 71 72
36 42 53 61 65 68
36 42 53 61 63 64 68
36 42 53 59 60 61 73
36 42 53 59 60 61 71 72
36 42 53 58 59 61 73
36 42 53 58 59 61 71 72
36 42 53 57 61 73
36 42 53 57 61 71 72
36 42 53 57 59 73
36 42 53 57 59 71 72
36 42 53 56 61 68
36 42 53 54 55 61 68
36 42 46 61 68 78 79
36 42 46 59 60 61 78 79
36 42 46 58 59 61 78 79
36 42 46 57 61
36 42 46 57 61 78 79
36 42 46 57 59
36 42 46 57 59 78 79
36 42 46 57 59 61
36 42 46 53 61 68
36 42 46 53 59 60 61
36 42 46 53 58 59 61
36 42 46 53 57 61
36 42 46 53 57 59
36 40 78 79
36 40 61 78 79
36 40 53
36 40 53 61
36 40 52 53 61 78 79
36 40 45 61
36 40 45 61 78 79
36 40 45 53 61
36 40 43 44 61
36 40 43 44 61 78 79
36 40 43 44 53 61
36 40 41 59 60 61 73 78 79
36 40 41 59 60 61 71 72 78 79
36 40 41 58 59 61 73 78 79
36 40 41 58 59 61 71 72 78 79
36 40 41 57 61 73
36 40 41 57 61 73 78 79
36 40 41 57 61 71 72
36 40 41 57 61 71 72 78 79
36 40 41 57 59 73
36 40 41 57 59 73 78 79
36 40 41 57 59 71 72
36 40 41 57 59 71 72 78 79
36 40 41 57 59 61 73
36 40 41 57 59 61 71 72
36 40 41 53 59 60 61 73
36 40 41 53 59 60 61 71 72
36 40 41 53 58 59 61 73
36 40 41 53 58 59 61 71 72
36 40 41 53 57 61 73
36 40 41 53 57 61 71 72
36 40 41 53 57 59 73
36 40 41 53 57 59 71 72
36 40 41 46 59 60 61 78 79
36 40 41 46 58 59 61 78 79
36 40 41 46 57 61
36 40 41 46 57 61 78 79
36 40 41 46 57 59
36 40 41 46 57 59 78 79
36 40 41 46 57 59 61
36 40 41 46 53 59 60 61
36 40 41 46 53 58 59 61
36 40 41 46 53 57 61
36 40 41 46 53 57 59
35 44 61 73 78 79
35 44 61 71 72 78 79
35 44 59 60 61 73 78 79
35 44 59 60 61 71 72 78 79
35 44 53 61 73
35 44 53 61 71 72
35 44 53 59 60 61 73
35 44 53 59 60 61 71 72
35 44 46 61 78 79
35 44 46 59 60 61 78 79
35 44 46 53 61
35 44 46 53 59 60 61
35 42 43 61 73 78 79
35 42 43 61 71 72 78 79
35 42 43 59 60 61 73 78 79
35 42 43 59 60 61 71 72 78 79
35 42 43 53 61 73
35 42 43 53 61 71 72
35 42 43 53 59 60 61 73
35 42 43 53 59 60 61 71 72
35 42 43 46 61 78 79
35 42 43 46 59 60 61 78 79
35 42 43 46 53 61
35 42 43 46 53 59 60 61
34
34 69
34 68
34 68 69
34 68 69 78 79
34 67 68 78 79
34 61 78 79
34 61 67
34 61 67 78 79
34 61 65 66
34 61 65 66 78 79
34 59
34 55 69
34 55 67 68
34 55 61 67
34 55 61 67 78 79
34 55 61 65 66
34 55 61 65 66 78 79
34 53 68 69
34 53 67 68
34 53 61
34 53 61 67
34 53 61 65 66
34 53 55 61 67
34 53 55 61 65 66
34 53 54 61 67 78 79
34 53 54 61 65 66 78 79
34 46 61 67
34 46 61 67 78 79
34 46 61 65 66
34 46 61 65 66 78 79
34 46 53 61 67
34 46 53 61 65 66
34 44 61 73 78 79
34 44 61 71 72 78 79
34 44 61 63 73 78 79
34 44 61 63 71 72 78 79
34 44 61 62 73 78 79
34 44 61 62 71 72 78 79
34 44 60 61 73 78 79
34 44 60 61 71 72 78 79
34 44 53 61 73
34 44 53 61 71 72
34 44 53 61 63 73
34 44 53 61 63 71 72
34 44 53 61 62 73
34 44 53 61 62 71 72
34 44 53 60 61 73
34 44 53 60 61 71 72
34 44 46 61 78 79
34 44 46 61 63 78 79
34 44 46 61 62 78 79
34 44 46 60 61 78 79
34 44 46 53 61
34 44 46 53 61 63
34 44 46 53 61 62
34 44 46 53 60 61
34 44 45 61 67
34 44 45 61 67 78 79
34 44 45 61 65 66
34 44 45 61 65 66 78 79
34 44 45 53 61 67
34 44 45 53 61 65 66
34 42
34 42 68
34 42 68 78 79
34 42 55
34 42 53 68
34 42 43 61 73 78 79
34 42 43 61 71 72 78 79
34 42 43 61 63 73 78 79
34 42 43 61 63 71 72 78 79
34 42 43 61 62 73 78 79
34 42 43 61 62 71 72 78 79
34 42 43 60 61 73 78 79
34 42 43 60 61 71 72 78 79
34 42 43 53 61 73
34 42 43 53 61 71 72
34 42 43 53 61 63 73
34 42 43 53 61 63 71 72
34 42 43 53 61 62 73
34 42 43 53 61 62 71 72
34 42 43 53 60 61 73
34 42 43 53 60 61 71 72
34 42 43 46 61 78 79
34 42 43 46 61 63 78 79
34 42 43 46 61 62 78 79
34 42 43 46 60 61 78 79
34 42 43 46 53 61
34 42 43 46 53 61 63
34 42 43 46 53 61 62
34 42 43 46 53 60 61
34 40 61
34 40 61 78 79
34 40 55 61
34 40 55 61 78 79
34 40 53 61
34 40 53 55 61
34 40 53 54 61 78 79
34 40 46 61
34 40 46 61 78 79
34 40 46 53 61
34 40 44 45 61
34 40 44 45 61 78 79
34 40 44 45 53 61
34 37 61 67
34 37 61 67 78 79
34 37 61 65 66
34 37 61 65 66 78 79
34 37 53 61 67
34 37 53 61 65 66
34 37 40 61
34 37 40 61 78 79
34 37 40 53 61
34 36 68 69
34 36 67 68
34 36 61 67
34 36 61 67 78 79
34 36 61 65 66
34 36 61 65 66 78 79
34 36 53 61 67
34 36 53 61 65 66
34 36 42 68
34 36 40 61
34 36 40 61 78 79
34 36 40 53 61
34 35 44 61 73 78 79
34 35 44 61 71 72 78 79
34 35 44 53 61 73
34 35 44 53 61 71 72
34 35 44 46 61 78 79
34 35 44 46 53 61
34 35 42 43 61 73 78 79
34 35 42 43 61 71 72 78 79
34 35 42 43 53 61 73
34 35 42 43 53 61 71 72
34 35 42 43 46 61 78 79
34 35 42 43 46 53 61
33 42 59 61 63 73 78 79
33 42 59 61 63 71 72 78 79
33 42 59 61 62 73 78 79
33 42 59 61 62 71 72 78 79
33 42 53 59 61 63 73
33 42 53 59 61 63 71 72
33 42 53 59 61 62 73
33 42 53 59 61 62 71 72
33 42 46 59 61 63 78 79
33 42 46 59 61 62 78 79
33 42 46 53 59 61 63
33 42 46 53 59 61 62
33 40 41 59 61 63 73 78 79
33 40 41 59 61 63 71 72 78 79
33 40 41 59 61 62 73 78 79
33 40 41 59 61 62 71 72 78 79
33 40 41 53 59 61 63 73
33 40 41 53 59 61 63 71 72
33 40 41 53 59 61 62 73
33 40 41 53 59 61 62 71 72
33 40 41 46 59 61 63 78 79
33 40 41 46 59 61 62 78 79
33 40 41 46 53 59 61 63
33 40 41 46 53 59 61 62
33 36 42 59 61 73 78 79
33 36 42 59 61 71 72 78 79
33 36 42 53 59 61 73
33 36 42 53 59 61 71 72
33 36 42 46 59 61 78 79
33 36 42 46 53 59 61
33 36 40 41 59 61 73 78 79
33 36 40 41 59 61 71 72 78 79
33 36 40 41 53 59 61 73
33 36 40 41 53 59 61 71 72
33 36 40 41 46 59 61 78 79
33 36 40 41 46 53 59 61
31
30
29
29 69
29 67 78 79
29 67 68
29 65 66 78 79
29 61
29 61 68 69 78 79
29 61 67 68 78 79
29 53 67
29 53 65 66
29 53 61 68 69
29 53 61 67 68
29 42
29 42 61 68 78 79
29 42 53 61 68
29 40 78 79
29 40 53
29 36 61 68 69 78 79
29 36 61 67 68 78 79
29 36 53 61 68 69
29 36 53 61 67 68
29 36 42 61 68 78 79
29 36 42 53 61 68
29 30
28 61 71
28 61 69 71
28 61 67 68 71
28 61 67 68 69 70
28 44 61
28 44 61 69
28 44 61 67 68
28 42 61 71
28 42 61 69 70
28 42 44 61
28 34 61 67
28 34 61 67 78 79
28 34 61 65 66
28 34 61 65 66 78 79
28 34 53 61 67
28 34 53 61 65 66
28 34 40 61
28 34 40 61 78 79
28 34 40 53 61
28 29 67 78 79
28 29 65 66 78 79
28 29 53 67
28 29 53 65 66
28 29 40 78 79
28 29 40 53
27
27 61 78 79
27 61 68 69
27 61 67 68
27 53 61
27 42 61 68
27 36 61 67 78 79
27 36 61 65 66 78 79
27 36 53 61 67
27 36 53 61 65 66
27 36 40 61 78 79
27 36 40 53 61
27 28 68 69
27 28 67 78 79
27 28 67 68
27 28 65 66 78 79
27 28 53 67
27 28 53 65 66
27 28 42 68
27 28 40 78 79
27 28 40 53
26 68 69
26 67 68
26 61 67 78 79
26 61 65 66 78 79
26 53 61 67
26 53 61 65 66
26 42 68
26 40 61 78 79
26 40 53 61
25 78 79
25 53
25 38 78 79
25 38 53
24 69
24 65 66 68
24 42
24 40 68
23 78 79
23 53
23 36 61 78 79
23 36 53 61
22
22 67 78 79
22 65 66 78 79
22 53 67
22 53 65 66
22 40 78 79
22 40 53
22 36
21 44 61 73 78 79
21 44 61 71 72 78 79
21 44 53 61 73
21 44 53 61 71 72
21 44 46 61 78 79
21 44 46 53 61
21 42 43 61 73 78 79
21 42 43 61 71 72 78 79
21 42 43 53 61 73
21 42 43 53 61 71 72
21 42 43 46 61 78 79
21 42 43 46 53 61
20 78 79
20 69 71
20 68 69
20 67
20 67 78
20 67 78 79
20 67 76 77
20 67 68 71
20 67 68 70
20 67 68 69
20 67 68 69 70
20 65 66
20 65 66 78
20 65 66 78 79
20 65 66 76 77
20 61
20 56 69
20 56 67 68
20 54 68 69
20 54 67 68
20 54 55 69
20 54 55 67 68
20 53
20 53 67
20 53 65 66
20 52 69
20 52 67 68
20 51 67
20 51 65 66
20 44 69
20 44 67 68
20 42 71
20 42 70
20 42 69 70
20 42 68 69
20 42 56
20 42 54 68
20 42 54 55
20 42 52
20 42 44
20 40
20 40 78
20 40 78 79
20 40 76 77
20 40 53
20 40 51
20 36 67
20 36 65 66
20 36 40
20 34 69
20 34 67 68
20 34 42
20 34 36 69
20 34 36 67 68
20 34 36 42
20 29 69
20 29 67 68
20 29 42
20 25
20 22
20 21
19 34 61 67
19 34 61 67 78 79
19 34 61 65 66
19 34 61 65 66 78 79
19 34 53 61 67
19 34 53 61 65 66
19 34 40 61
19 34 40 61 78 79
19 34 40 53 61
19 20 67 78 79
19 20 65 66 78 79
19 20 53 67
19 20 53 65 66
19 20 40 78 79
19 20 40 53
18 61 67
18 61 67 78 79
18 61 65 66
18 61 65 66 78 79
18 53 61 67
18 53 61 65 66
18 40 61
18 40 61 78 79
18 40 53 61
18 36 61 67
18 36 61 67 78 79
18 36 61 65 66
18 36 61 65 66 78 79
18 36 53 61 67
18 36 53 61 65 66
18 36 40 61
18 36 40 61 78 79
18 36 40 53 61
18 19 68 69
18 19 67 78 79
18 19 67 68
18 19 65 66 78 79
18 19 53 67
18 19 53 65 66
18 19 42 68
18 19 40 78 79
18 19 40 53
17 61 63 73 78 79
17 61 63 71 72 78 79
17 61 62 73 78 79
17 61 62 71 72 78 79
17 60 61 73 78 79
17 60 61 71 72 78 79
17 59 60 61 63 73 78 79
17 59 60 61 63 71 72 78 79
17 59 60 61 62 73 78 79
17 59 60 61 62 71 72 78 79
17 53 61 63 73
17 53 61 63 71 72
17 53 61 62 73
17 53 61 62 71 72
17 53 60 61 73
17 53 60 61 71 72
17 53 59 60 61 63 73
17 53 59 60 61 63 71 72
17 53 59 60 61 62 73
17 53 59 60 61 62 71 72
17 48 61 73 78 79
17 48 61 71 72 78 79
17 48 53 61 73
17 48 53 61 71 72
17 46 61 63 78 79
17 46 61 62 78 79
17 46 60 61 78 79
17 46 59 60 61 63 78 79
17 46 59 60 61 62 78 79
17 46 53 61 63
17 46 53 61 62
17 46 53 60 61
17 46 53 59 60 61 63
17 46 53 59 60 61 62
17 46 48 61 78 79
17 46 48 53 61
17 46 47 61 78 79
17 46 47 61 73 78 79
17 46 47 61 71 72 78 79
17 46 47 53 61
17 46 47 53 61 73
17 46 47 53 61 71 72
17 35 61 73 78 79
17 35 61 71 72 78 79
17 35 59 60 61 73 78 79
17 35 59 60 61 71 72 78 79
17 35 53 61 73
17 35 53 61 71 72
17 35 53 59 60 61 73
17 35 53 59 60 61 71 72
17 35 46 61 78 79
17 35 46 59 60 61 78 79
17 35 46 53 61
17 35 46 53 59 60 61
17 34 61 73 78 79
17 34 61 71 72 78 79
17 34 61 63 73 78 79
17 34 61 63 71 72 78 79
17 34 61 62 73 78 79
17 34 61 62 71 72 78 79
17 34 60 61 73 78 79
17 34 60 61 71 72 78 79
17 34 53 61 73
17 34 53 61 71 72
17 34 53 61 63 73
17 34 53 61 63 71 72
17 34 53 61 62 73
17 34 53 61 62 71 72
17 34 53 60 61 73
17 34 53 60 61 71 72
17 34 46 61 78 79
17 34 46 61 63 78 79
17 34 46 61 62 78 79
17 34 46 60 61 78 79
17 34 46 53 61
17 34 46 53 61 63
17 34 46 53 61 62
17 34 46 53 60 61
17 34 35 61 73 78 79
17 34 35 61 71 72 78 79
17 34 35 53 61 73
17 34 35 53 61 71 72
17 34 35 46 61 78 79
17 34 35 46 53 61
17 21 61 73 78 79
17 21 61 71 72 78 79
17 21 53 61 73
17 21 53 61 71 72
17 21 46 61 78 79
17 21 46 53 61
15 59 73
15 59 71 72
15 59 61 73
15 59 61 71 72
15 59 60 61 63 73 78 79
15 59 60 61 63 71 72 78 79
15 59 60 61 62 73 78 79
15 59 60 61 62 71 72 78 79
15 58 59 61 63 73 78 79
15 58 59 61 63 71 72 78 79
15 58 59 61 62 73 78 79
15 58 59 61 62 71 72 78 79
15 57 61 63 73
15 57 61 63 73 78 79
15 57 61 63 71 72
15 57 61 63 71 72 78 79
15 57 61 62 73
15 57 61 62 73 78 79
15 57 61 62 71 72
15 57 61 62 71 72 78 79
15 57 59 73 78
15 57 59 73 76 77
15 57 59 71 72 78
15 57 59 71 72 76 77
15 57 59 63 73
15 57 59 63 73 78 79
15 57 59 63 71 72
15 57 59 63 71 72 78 79
15 57 59 61 63 73
15 57 59 61 63 71 72
15 57 59 61 62 73 78 79
15 57 59 61 62 71 72 78 79
15 53 59 60 61 63 73
15 53 59 60 61 63 71 72
15 53 59 60 61 62 73
15 53 59 60 61 62 71 72
15 53 58 59 61 63 73
15 53 58 59 61 63 71 72
15 53 58 59 61 62 73
15 53 58 59 61 62 71 72
15 53 57 61 63 73
15 53 57 61 63 71 72
15 53 57 61 62 73
15 53 57 61 62 71 72
15 53 57 59 63 73
15 53 57 59 63 71 72
15 53 57 59 61 62 73
15 53 57 59 61 62 71 72
15 51 57 59 73
15 51 57 59 71 72
15 46 59
15 46 59 61
15 46 59 60 61 63 78 79
15 46 59 60 61 62 78 79
15 46 58 59 61 63 78 79
15 46 58 59 61 62 78 79
15 46 57 61 63
15 46 57 61 63 78 79
15 46 57 61 62
15 46 57 61 62 78 79
15 46 57 59 78
15 46 57 59 76 77
15 46 57 59 63
15 46 57 59 63 78 79
15 46 57 59 61 63
15 46 57 59 61 62 78 79
15 46 53 59 60 61 63
15 46 53 59 60 61 62
15 46 53 58 59 61 63
15 46 53 58 59 61 62
15 46 53 57 61 63
15 46 53 57 61 62
15 46 53 57 59 63
15 46 53 57 59 61 62
15 46 51 57 59
15 36 59 60 61 73 78 79
15 36 59 60 61 71 72 78 79
15 36 58 59 61 73 78 79
15 36 58 59 61 71 72 78 79
15 36 57 61 73
15 36 57 61 73 78 79
15 36 57 61 71 72
15 36 57 61 71 72 78 79
15 36 57 59 73
15 36 57 59 73 78 79
15 36 57 59 71 72
15 36 57 59 71 72 78 79
15 36 57 59 61 73
15 36 57 59 61 71 72
15 36 53 59 60 61 73
15 36 53 59 60 61 71 72
15 36 53 58 59 61 73
15 36 53 58 59 61 71 72
15 36 53 57 61 73
15 36 53 57 61 71 72
15 36 53 57 59 73
15 36 53 57 59 71 72
15 36 46 59 60 61 78 79
15 36 46 58 59 61 78 79
15 36 46 57 61
15 36 46 57 61 78 79
15 36 46 57 59
15 36 46 57 59 78 79
15 36 46 57 59 61
15 36 46 53 59 60 61
15 36 46 53 58 59 61
15 36 46 53 57 61
15 36 46 53 57 59
15 33 59 61 63 73 78 79
15 33 59 61 63 71 72 78 79
15 33 59 61 62 73 78 79
15 33 59 61 62 71 72 78 79
15 33 53 59 61 63 73
15 33 53 59 61 63 71 72
15 33 53 59 61 62 73
15 33 53 59 61 62 71 72
15 33 46 59 61 63 78 79
15 33 46 59 61 62 78 79
15 33 46 53 59 61 63
15 33 46 53 59 61 62
15 33 36 59 61 73 78 79
15 33 36 59 61 71 72 78 79
15 33 36 53 59 61 73
15 33 36 53 59 61 71 72
15 33 36 46 59 61 78 79
15 33 36 46 53 59 61
13
12 67 78 79
12 65 66 78 79
12 53 67
12 53 65 66
12 40 78 79
12 40 53
11 67 78 79
11 65 66 78 79
11 61 67 78 79
11 61 65 66 78 79
11 53 67
11 53 65 66
11 53 61 67
11 53 61 65 66
11 40 78 79
11 40 61 78 79
11 40 53
11 40 53 61
10 71
10 69
10 68 69 78 79
10 67
10 67 78 79
10 67 68 78 79
10 67 68 70
10 67 68 69
10 65 66
10 65 66 78 79
10 56
10 56 67 78 79
10 56 65 66 78 79
10 54 67 78 79
10 54 65 66 78 79
10 54 55
10 54 55 67 78 79
10 54 55 65 66 78 79
10 53 68 69
10 53 67
10 53 67 68
10 53 65 66
10 53 56 67
10 53 56 65 66
10 53 54 67
10 53 54 65 66
10 53 54 55 67
10 53 54 55 65 66
10 52 69
10 52 67 68
10 50 78 79
10 50 53
10 48 49 78 79
10 48 49 53
10 47 67 78 79
10 47 65 66 78 79
10 47 53 67
10 47 53 65 66
10 45 46 67 78 79
10 45 46 65 66 78 79
10 45 46 53 67
10 45 46 53 65 66
10 44
10 42
10 42 70
10 42 68
10 42 68 78 79
10 42 68 69
10 42 53 68
10 42 52
10 40
10 40 78 79
10 40 56 78 79
10 40 54 78 79
10 40 54 55 78 79
10 40 53
10 40 53 56
10 40 53 54
10 40 53 54 55
10 40 47 78 79
10 40 47 53
10 40 45 46 78 79
10 40 45 46 53
10 36 68 69 78 79
10 36 67 68 78 79
10 36 53 68 69
10 36 53 67 68
10 36 42 68 78 79
10 36 42 53 68
10 34 61 67
10 34 61 67 78 79
10 34 61 65 66
10 34 61 65 66 78 79
10 34 53 61 67
10 34 53 61 65 66
10 34 40 61
10 34 40 61 78 79
10 34 40 53 61
10 29
10 29 67 78 79
10 29 65 66 78 79
10 29 53 67
10 29 53 65 66
10 29 40 78 79
10 29 40 53
10 27
10 27 68 69
10 27 67 68
10 27 42 68
10 23 78 79
10 23 53
10 20 69
10 20 67 78 79
10 20 67 68
10 20 65 66 78 79
10 20 53 67
10 20 53 65 66
10 20 42
10 20 40 78 79
10 20 40 53
9 68 69
9 67 68
9 61 67
9 61 67 78 79
9 61 65 66
9 61 65 66 78 79
9 53 61 67
9 53 61 65 66
9 42 68
9 40 61
9 40 61 78 79
9 40 53 61
9 36 61 67
9 36 61 67 78 79
9 36 61 65 66
9 36 61 65 66 78 79
9 36 53 61 67
9 36 53 61 65 66
9 36 40 61
9 36 40 61 78 79
9 36 40 53 61
9 10 68 69
9 10 67 78 79
9 10 67 68
9 10 65 66 78 79
9 10 61 67 78 79
9 10 61 65 66 78 79
9 10 53 67
9 10 53 65 66
9 10 53 61 67
9 10 53 61 65 66
9 10 42 68
9 10 40 78 79
9 10 40 61 78 79
9 10 40 53
9 10 40 53 61
8
8 78 79
8 53
8 9 61 69
8 9 61 67 68
8 9 42 61
8 9 20 69
8 9 20 67 68
8 9 20 42
8 9 10 69
8 9 10 67 68
8 9 10 42
7 20
4
3 67 78 79
3 65 66 78 79
3 53 67
3 53 65 66
3 40 78 79
3 40 53
2 68 69
2 67 78 79
2 67 68
2 65 66 78 79
2 61 67 78 79
2 61 65 66 78 79
2 53 67
2 53 65 66
2 53 61 67
2 53 61 65 66
2 42 68
2 40 78 79
2 40 61 78 79
2 40 53
2 40 53 61
1 69 78 79
1 69 71
1 69 70
1 68 69 78 79
1 67 68 71
1 67 68 69 70
1 61 78 79
1 59 71
1 59 69
1 59 69 70
1 59 67 68
1 56 67 78 79
1 56 65 66 78 79
1 54 67 78 79
1 54 65 66 78 79
1 54 61 67 78 79
1 54 61 65 66 78 79
1 54 55 67 78 79
1 54 55 65 66 78 79
1 53 69
1 53 68 69
1 53 61
1 53 56 67
1 53 56 65 66
1 53 54 67
1 53 54 65 66
1 53 54 61 67
1 53 54 61 65 66
1 53 54 55 67
1 53 54 55 65 66
1 50 61 78 79
1 50 53 61
1 48 49 61 78 79
1 48 49 53 61
1 47 67 78 79
1 47 65 66 78 79
1 47 53 67
1 47 53 65 66
1 45 46 67 78 79
1 45 46 65 66 78 79
1 45 46 53 67
1 45 46 53 65 66
1 44 69
1 44 67 68
1 44 59
1 42 78 79
1 42 71
1 42 69 70
1 42 68 78 79
1 42 59
1 42 53
1 42 53 68
1 42 44
1 40 56 78 79
1 40 54 78 79
1 40 54 61 78 79
1 40 54 55 78 79
1 40 53 56
1 40 53 54
1 40 53 54 61
1 40 53 54 55
1 40 47 78 79
1 40 47 53
1 40 45 46 78 79
1 40 45 46 53
1 38 61 78 79
1 38 53 61
1 36 78 79
1 36 68 69 78 79
1 36 67 68 78 79
1 36 61 73 78 79
1 36 61 71 72 78 79
1 36 53
1 36 53 68 69
1 36 53 67 68
1 36 53 61 73
1 36 53 61 71 72
1 36 46 61 78 79
1 36 46 53 61
1 36 42 68 78 79
1 36 42 53 68
1 29 67 78 79
1 29 65 66 78 79
1 29 53 67
1 29 53 65 66
1 29 40 78 79
1 29 40 53
1 27 61
1 23 61 78 79
1 23 53 61
1 20 69
1 20 67 78 79
1 20 67 68
1 20 65 66 78 79
1 20 53 67
1 20 53 65 66
1 20 42
1 20 40 78 79
1 20 40 53
1 10 69
1 10 67 68
1 10 42
1 9 67 78 79
1 9 65 66 78 79
1 9 53 67
1 9 53 65 66
1 9 40 78 79
1 9 40 53
0 61 68 69
0 61 67 68
0 42 61 68
0 20 68 69
0 20 67 68
0 20 42 68
0 10 68 69
0 10 67 68
0 10 42 68
0 1 61 67 78 79
0 1 61 65 66 78 79
0 1 53 61 67
0 1 53 61 65 66
0 1 40 61 78 79
0 1 40 53 61

