44 57 59 61 73 77
44 57 59 61 73 75 76
44 57 59 61 71 72 77
44 57 59 61 71 72 75 76
44 57 59 60 61 73 77
44 57 59 60 61 73 75 76
44 57 59 60 61 71 72 77
44 57 59 60 61 71 72 75 76
44 50 57 59 61 73
44 50 57 59 61 71 72
44 50 57 59 60 61 73
44 50 57 59 60 61 71 72
44 46 57 59 61 77
44 46 57 59 61 75 76
44 46 57 59 60 61 77
44 46 57 59 60 61 75 76
44 46 50 57 59 61
44 46 50 57 59 60 61
42 43 57 59 61 73 77
42 43 57 59 61 73 75 76
42 43 57 59 61 71 72 77
42 43 57 59 61 71 72 75 76
42 43 57 59 60 61 73 77
42 43 57 59 60 61 73 75 76
42 43 57 59 60 61 71 72 77
42 43 57 59 60 61 71 72 75 76
42 43 50 57 59 61 73
42 43 50 57 59 61 71 72
42 43 50 57 59 60 61 73
42 43 50 57 59 60 61 71 72
42 43 46 57 59 61 77
42 43 46 57 59 61 75 76
42 43 46 57 59 60 61 77
42 43 46 57 59 60 61 75 76
42 43 46 50 57 59 61
42 43 46 50 57 59 60 61
34 44 57 59 61 73 77
34 44 57 59 61 73 75 76
34 44 57 59 61 71 72 77
34 44 57 59 61 71 72 75 76
34 44 50 57 59 61 73
34 44 50 57 59 61 71 72
34 44 46 57 59 61 77
34 44 46 57 59 61 75 76
34 44 46 50 57 59 61
34 42 43 57 59 61 73 77
34 42 43 57 59 61 73 75 76
34 42 43 57 59 61 71 72 77
34 42 43 57 59 61 71 72 75 76
34 42 43 50 57 59 61 73
34 42 43 50 57 59 61 71 72
34 42 43 46 57 59 61 77
34 42 43 46 57 59 61 75 76
34 42 43 46 50 57 59 61
17 57 59 61 73 77
17 57 59 61 73 75 76
17 57 59 61 71 72 77
17 57 59 61 71 72 75 76
17 57 59 60 61 73 77
17 57 59 60 61 73 75 76
17 57 59 60 61 71 72 77
17 57 59 60 61 71 72 75 76
17 50 57 59 61 73
17 50 57 59 61 71 72
17 50 57 59 60 61 73
17 50 57 59 60 61 71 72
17 46 57 59 61 77
17 46 57 59 61 75 76
17 46 57 59 60 61 77
17 46 57 59 60 61 75 76
17 46 50 57 59 61
17 46 50 57 59 60 61
17 34 57 59 61 73 77
17 34 57 59 61 73 75 76
17 34 57 59 61 71 72 77
17 34 57 59 61 71 72 75 76
17 34 50 57 59 61 73
17 34 50 57 59 61 71 72
17 34 46 57 59 61 77
17 34 46 57 59 61 75 76
17 34 46 50 57 59 61
42 59 61 63 73
42 59 61 63 71 72
42 59 61 62 73
42 59 61 62 71 72
42 57 59 61 73
42 57 59 61 71 72
42 57 59 60 73
42 57 59 60 71 72
42 46 59 61 63
42 46 59 61 62
42 46 57 59 61
42 46 57 59 60
40 41 59 61 63 73
40 41 59 61 63 71 72
40 41 59 61 62 73
40 41 59 61 62 71 72
40 41 57 59 61 73
40 41 57 59 61 71 72
40 41 57 59 60 73
40 41 57 59 60 71 72
40 41 46 59 61 63
40 41 46 59 61 62
40 41 46 57 59 61
40 41 46 57 59 60
36 42 59 61 73
36 42 59 61 71 72
36 42 46 59 61
36 40 41 59 61 73
36 40 41 59 61 71 72
36 40 41 46 59 61
34 42 57 59 73
34 42 57 59 71 72
34 42 46 57 59
34 40 41 57 59 73
34 40 41 57 59 71 72
34 40 41 46 57 59
15 59 61 63 73
15 59 61 63 71 72
15 59 61 62 73
15 59 61 62 71 72
15 57 59 61 73
15 57 59 61 71 72
15 57 59 60 73
15 57 59 60 71 72
15 46 59 61 63
15 46 59 61 62
15 46 57 59 61
15 46 57 59 60
15 36 59 61 73
15 36 59 61 71 72
15 36 46 59 61
15 34 57 59 73
15 34 57 59 71 72
15 34 46 57 59
44 57 59 61 73 75 78 79
44 57 59 61 73 74 78 79
44 57 59 61 71 72 75 78 79
44 57 59 61 71 72 73 74 78 79
44 57 59 60 73 75 78 79
44 57 59 60 73 74 78 79
44 57 59 60 71 72 75 78 79
44 57 59 60 71 72 73 74 78 79
44 53 57 59 61 73 75
44 53 57 59 61 73 74
44 53 57 59 61 71 72 75
44 53 57 59 61 71 72 73 74
44 53 57 59 60 73 75
44 53 57 59 60 73 74
44 53 57 59 60 71 72 75
44 53 57 59 60 71 72 73 74
44 48 57 59 61 73 78 79
44 48 57 59 61 71 72 78 79
44 48 57 59 60 73 78 79
44 48 57 59 60 71 72 78 79
44 48 53 57 59 61 73
44 48 53 57 59 61 71 72
44 48 53 57 59 60 73
44 48 53 57 59 60 71 72
44 46 57 59 61 75 78 79
44 46 57 59 61 73 74 78 79
44 46 57 59 60 75 78 79
44 46 57 59 60 73 74 78 79
44 46 53 57 59 61 75
44 46 53 57 59 61 73 74
44 46 53 57 59 60 75
44 46 53 57 59 60 73 74
44 46 48 57 59 61 78 79
44 46 48 57 59 60 78 79
44 46 48 53 57 59 61
44 46 48 53 57 59 60
42 43 57 59 61 73 75 78 79
42 43 57 59 61 73 74 78 79
42 43 57 59 61 71 72 75 78 79
42 43 57 59 61 71 72 73 74 78 79
42 43 57 59 60 73 75 78 79
42 43 57 59 60 73 74 78 79
42 43 57 59 60 71 72 75 78 79
42 43 57 59 60 71 72 73 74 78 79
42 43 53 57 59 61 73 75
42 43 53 57 59 61 73 74
42 43 53 57 59 61 71 72 75
42 43 53 57 59 61 71 72 73 74
42 43 53 57 59 60 73 75
42 43 53 57 59 60 73 74
42 43 53 57 59 60 71 72 75
42 43 53 57 59 60 71 72 73 74
42 43 48 57 59 61 73 78 79
42 43 48 57 59 61 71 72 78 79
42 43 48 57 59 60 73 78 79
42 43 48 57 59 60 71 72 78 79
42 43 48 53 57 59 61 73
42 43 48 53 57 59 61 71 72
42 43 48 53 57 59 60 73
42 43 48 53 57 59 60 71 72
42 43 46 57 59 61 75 78 79
42 43 46 57 59 61 73 74 78 79
42 43 46 57 59 60 75 78 79
42 43 46 57 59 60 73 74 78 79
42 43 46 53 57 59 61 75
42 43 46 53 57 59 61 73 74
42 43 46 53 57 59 60 75
42 43 46 53 57 59 60 73 74
42 43 46 48 57 59 61 78 79
42 43 46 48 57 59 60 78 79
42 43 46 48 53 57 59 61
42 43 46 48 53 57 59 60
34 44 57 59 73 75 78 79
34 44 57 59 73 74 78 79
34 44 57 59 71 72 75 78 79
34 44 57 59 71 72 73 74 78 79
34 44 53 57 59 73 75
34 44 53 57 59 73 74
34 44 53 57 59 71 72 75
34 44 53 57 59 71 72 73 74
34 44 48 57 59 73 78 79
34 44 48 57 59 71 72 78 79
34 44 48 53 57 59 73
34 44 48 53 57 59 71 72
34 44 46 57 59 75 78 79
34 44 46 57 59 73 74 78 79
34 44 46 53 57 59 75
34 44 46 53 57 59 73 74
34 44 46 48 57 59 78 79
34 44 46 48 53 57 59
34 42 43 57 59 73 75 78 79
34 42 43 57 59 73 74 78 79
34 42 43 57 59 71 72 75 78 79
34 42 43 57 59 71 72 73 74 78 79
34 42 43 53 57 59 73 75
34 42 43 53 57 59 73 74
34 42 43 53 57 59 71 72 75
34 42 43 53 57 59 71 72 73 74
34 42 43 48 57 59 73 78 79
34 42 43 48 57 59 71 72 78 79
34 42 43 48 53 57 59 73
34 42 43 48 53 57 59 71 72
34 42 43 46 57 59 75 78 79
34 42 43 46 57 59 73 74 78 79
34 42 43 46 53 57 59 75
34 42 43 46 53 57 59 73 74
34 42 43 46 48 57 59 78 79
34 42 43 46 48 53 57 59
17 57 59 61 73 75 78 79
17 57 59 61 73 74 78 79
17 57 59 61 71 72 75 78 79
17 57 59 61 71 72 73 74 78 79
17 57 59 60 73 75 78 79
17 57 59 60 73 74 78 79
17 57 59 60 71 72 75 78 79
17 57 59 60 71 72 73 74 78 79
17 53 57 59 61 73 75
17 53 57 59 61 73 74
17 53 57 59 61 71 72 75
17 53 57 59 61 71 72 73 74
17 53 57 59 60 73 75
17 53 57 59 60 73 74
17 53 57 59 60 71 72 75
17 53 57 59 60 71 72 73 74
17 48 57 59 61 73 78 79
17 48 57 59 61 71 72 78 79
17 48 57 59 60 73 78 79
17 48 57 59 60 71 72 78 79
17 48 53 57 59 61 73
17 48 53 57 59 61 71 72
17 48 53 57 59 60 73
17 48 53 57 59 60 71 72
17 46 57 59 61 75 78 79
17 46 57 59 61 73 74 78 79
17 46 57 59 60 75 78 79
17 46 57 59 60 73 74 78 79
17 46 53 57 59 61 75
17 46 53 57 59 61 73 74
17 46 53 57 59 60 75
17 46 53 57 59 60 73 74
17 46 48 57 59 61 78 79
17 46 48 57 59 60 78 79
17 46 48 53 57 59 61
17 46 48 53 57 59 60
17 34 57 59 73 75 78 79
17 34 57 59 73 74 78 79
17 34 57 59 71 72 75 78 79
17 34 57 59 71 72 73 74 78 79
17 34 53 57 59 73 75
17 34 53 57 59 73 74
17 34 53 57 59 71 72 75
17 34 53 57 59 71 72 73 74
17 34 48 57 59 73 78 79
17 34 48 57 59 71 72 78 79
17 34 48 53 57 59 73
17 34 48 53 57 59 71 72
17 34 46 57 59 75 78 79
17 34 46 57 59 73 74 78 79
17 34 46 53 57 59 75
17 34 46 53 57 59 73 74
17 34 46 48 57 59 78 79
17 34 46 48 53 57 59

71
69 78 79
69 70
68 69
67 78 79
67 68
67 68 78 79
65 66 78 79
53 69
53 67
53 67 68
53 65 66
44
42 78 79
42 68
42 53
40 78 79
40 53
36 67 78 79
36 65 66 78 79
36 59 67 78 79
36 59 65 66 78 79
36 53 67
36 53 65 66
36 53 59 67
36 53 59 65 66
36 40 78 79
36 40 59 78 79
36 40 53
36 40 53 59
8
42 59 73
42 59 71 72
42 46 59
40 41 59 73
40 41 59 71 72
40 41 46 59
15 59 73
15 59 71 72
15 46 59
