59 61 65 73
59 61 65 71 72
59 61 63 64 73
59 61 63 64 71 72
59 60 61 65 73
59 60 61 65 71 72
59 60 61 63 64 73
59 60 61 63 64 71 72
46 59 61 65
46 59 61 63 64
46 59 60 61 65
46 59 60 61 63 64
38 59 61 73
38 59 61 71 72
38 59 60 61 73
38 59 60 61 71 72
38 46 59 61
38 46 59 60 61
34 59 61 65 73
34 59 61 65 71 72
34 59 61 63 64 73
34 59 61 63 64 71 72
34 46 59 61 65
34 46 59 61 63 64
34 38 59 61 73
34 38 59 61 71 72
34 38 46 59 61
55 57 73
55 57 71 72
46 57
46 57 73
46 57 71 72
46 55 57
4 57 73
4 57 71 72
4 46 57
2 3 57 73
2 3 57 71 72
2 3 46 57
57 59 61 75
57 59 61 75 78
57 59 61 75 76 77
57 59 61 73 74
57 59 61 73 74 78
57 59 61 73 74 76 77
57 59 60 75
57 59 60 75 78
57 59 60 75 76 77
57 59 60 73 74
57 59 60 73 74 78
57 59 60 73 74 76 77
51 57 59 61 75
51 57 59 61 73 74
51 57 59 60 75
51 57 59 60 73 74
48 57 59 61
48 57 59 61 78
48 57 59 61 76 77
48 57 59 60
48 57 59 60 78
48 57 59 60 76 77
48 51 57 59 61
48 51 57 59 60
34 57 59 75
34 57 59 75 78
34 57 59 75 76 77
34 57 59 73 74
34 57 59 73 74 78
34 57 59 73 74 76 77
34 51 57 59 75
34 51 57 59 73 74
34 48 57 59
34 48 57 59 78
34 48 57 59 76 77
34 48 51 57 59
34 69
34 67 68
34 61 71
34 61 69
34 61 69 70
34 61 67 68
34 44 61
34 42
34 42 61
8 34 61
1 34 61
44 59 61 73
44 59 61 71 72
44 59 60 61 73
44 59 60 61 71 72
44 46 59 61
44 46 59 60 61
42 43 59 61 73
42 43 59 61 71 72
42 43 59 60 61 73
42 43 59 60 61 71 72
42 43 46 59 61
42 43 46 59 60 61
34 44 59 61 73
34 44 59 61 71 72
34 44 46 59 61
34 42 43 59 61 73
34 42 43 59 61 71 72
34 42 43 46 59 61
17 59 61 73
17 59 61 71 72
17 59 60 61 73
17 59 60 61 71 72
17 46 59 61
17 46 59 60 61
17 34 59 61 73
17 34 59 61 71 72
17 34 46 59 61
59 75 78
59 75 76 77
59 73 74 78
59 73 74 76 77
51 59 75
51 59 73 74
48 59 78
48 59 76 77
48 51 59
69 78 79
68 73 78 79
68 71 72 78 79
68 69
67 68
67 68 78 79
65 68
63 68
63 64 68
61 68 78 79
61 62 68
56 68
54 68
54 55 68
53 69
53 68 73
53 68 71 72
53 67 68
53 61 68
52 53 68
46 68 78 79
46 53 68
42 78 79
42 68
42 53
34 67
34 65 66
34 40
29 68
27 68
25
