42 59 61 77
42 59 61 75 76
42 50 59 61
40 41 59 61 77
40 41 59 61 75 76
40 41 50 59 61
31 42 59 61 77
31 42 59 61 75
31 42 59 61 75 76
31 42 59 61 73 74
31 42 59 60 61 75
31 42 59 60 61 73 74
31 42 50 59 61
31 42 48 59 61
31 42 48 59 60 61
31 40 41 59 61 77
31 40 41 59 61 75
31 40 41 59 61 75 76
31 40 41 59 61 73 74
31 40 41 59 60 61 75
31 40 41 59 60 61 73 74
31 40 41 50 59 61
31 40 41 48 59 61
31 40 41 48 59 60 61
31 34 42 59 61 75
31 34 42 59 61 73 74
31 34 42 48 59 61
31 34 40 41 59 61 75
31 34 40 41 59 61 73 74
31 34 40 41 48 59 61
28 29 31 42 59 61 77
28 29 31 42 59 61 75
28 29 31 42 59 61 75 76
28 29 31 42 59 61 73 74
28 29 31 42 59 60 61 75
28 29 31 42 59 60 61 73 74
28 29 31 42 50 59 61
28 29 31 42 48 59 61
28 29 31 42 48 59 60 61
28 29 31 40 41 59 61 77
28 29 31 40 41 59 61 75
28 29 31 40 41 59 61 75 76
28 29 31 40 41 59 61 73 74
28 29 31 40 41 59 60 61 75
28 29 31 40 41 59 60 61 73 74
28 29 31 40 41 50 59 61
28 29 31 40 41 48 59 61
28 29 31 40 41 48 59 60 61
28 29 31 34 42 59 61 75
28 29 31 34 42 59 61 73 74
28 29 31 34 42 48 59 61
28 29 31 34 40 41 59 61 75
28 29 31 34 40 41 59 61 73 74
28 29 31 34 40 41 48 59 61
28 29 30 42 59 61 77
28 29 30 42 59 61 75
28 29 30 42 59 61 75 76
28 29 30 42 59 61 73 74
28 29 30 42 59 60 61 75
28 29 30 42 59 60 61 73 74
28 29 30 42 50 59 61
28 29 30 42 48 59 61
28 29 30 42 48 59 60 61
28 29 30 40 41 59 61 77
28 29 30 40 41 59 61 75
28 29 30 40 41 59 61 75 76
28 29 30 40 41 59 61 73 74
28 29 30 40 41 59 60 61 75
28 29 30 40 41 59 60 61 73 74
28 29 30 40 41 50 59 61
28 29 30 40 41 48 59 61
28 29 30 40 41 48 59 60 61
28 29 30 34 42 59 61 75
28 29 30 34 42 59 61 73 74
28 29 30 34 42 48 59 61
28 29 30 34 40 41 59 61 75
28 29 30 34 40 41 59 61 73 74
28 29 30 34 40 41 48 59 61
15 59 61 77
15 59 61 75 76
15 50 59 61
15 31 59 61 77
15 31 59 61 75
15 31 59 61 75 76
15 31 59 61 73 74
15 31 59 60 61 75
15 31 59 60 61 73 74
15 31 50 59 61
15 31 48 59 61
15 31 48 59 60 61
15 31 34 59 61 75
15 31 34 59 61 73 74
15 31 34 48 59 61
15 28 29 31 59 61 77
15 28 29 31 59 61 75
15 28 29 31 59 61 75 76
15 28 29 31 59 61 73 74
15 28 29 31 59 60 61 75
15 28 29 31 59 60 61 73 74
15 28 29 31 50 59 61
15 28 29 31 48 59 61
15 28 29 31 48 59 60 61
15 28 29 31 34 59 61 75
15 28 29 31 34 59 61 73 74
15 28 29 31 34 48 59 61
15 28 29 30 59 61 77
15 28 29 30 59 61 75
15 28 29 30 59 61 75 76
15 28 29 30 59 61 73 74
15 28 29 30 59 60 61 75
15 28 29 30 59 60 61 73 74
15 28 29 30 50 59 61
15 28 29 30 48 59 61
15 28 29 30 48 59 60 61
15 28 29 30 34 59 61 75
15 28 29 30 34 59 61 73 74
15 28 29 30 34 48 59 61
4 42 59 61 77
4 42 59 61 75
4 42 59 61 75 76
4 42 59 61 73 74
4 42 59 60 61 75
4 42 59 60 61 73 74
4 42 50 59 61
4 42 48 59 61
4 42 48 59 60 61
4 40 41 59 61 77
4 40 41 59 61 75
4 40 41 59 61 75 76
4 40 41 59 61 73 74
4 40 41 59 60 61 75
4 40 41 59 60 61 73 74
4 40 41 50 59 61
4 40 41 48 59 61
4 40 41 48 59 60 61
4 34 42 59 61 75
4 34 42 59 61 73 74
4 34 42 48 59 61
4 34 40 41 59 61 75
4 34 40 41 59 61 73 74
4 34 40 41 48 59 61
4 30 42 59 61 77
4 30 42 59 61 75
4 30 42 59 61 75 76
4 30 42 59 61 73 74
4 30 42 59 60 61 75
4 30 42 59 60 61 73 74
4 30 42 50 59 61
4 30 42 48 59 61
4 30 42 48 59 60 61
4 30 40 41 59 61 77
4 30 40 41 59 61 75
4 30 40 41 59 61 75 76
4 30 40 41 59 61 73 74
4 30 40 41 59 60 61 75
4 30 40 41 59 60 61 73 74
4 30 40 41 50 59 61
4 30 40 41 48 59 61
4 30 40 41 48 59 60 61
4 30 34 42 59 61 75
4 30 34 42 59 61 73 74
4 30 34 42 48 59 61
4 30 34 40 41 59 61 75
4 30 34 40 41 59 61 73 74
4 30 34 40 41 48 59 61
4 28 29 42 59 61 77
4 28 29 42 59 61 75
4 28 29 42 59 61 75 76
4 28 29 42 59 61 73 74
4 28 29 42 59 60 61 75
4 28 29 42 59 60 61 73 74
4 28 29 42 50 59 61
4 28 29 42 48 59 61
4 28 29 42 48 59 60 61
4 28 29 40 41 59 61 77
4 28 29 40 41 59 61 75
4 28 29 40 41 59 61 75 76
4 28 29 40 41 59 61 73 74
4 28 29 40 41 59 60 61 75
4 28 29 40 41 59 60 61 73 74
4 28 29 40 41 50 59 61
4 28 29 40 41 48 59 61
4 28 29 40 41 48 59 60 61
4 28 29 34 42 59 61 75
4 28 29 34 42 59 61 73 74
4 28 29 34 42 48 59 61
4 28 29 34 40 41 59 61 75
4 28 29 34 40 41 59 61 73 74
4 28 29 34 40 41 48 59 61
4 15 59 61 77
4 15 59 61 75
4 15 59 61 75 76
4 15 59 61 73 74
4 15 59 60 61 75
4 15 59 60 61 73 74
4 15 50 59 61
4 15 48 59 61
4 15 48 59 60 61
4 15 34 59 61 75
4 15 34 59 61 73 74
4 15 34 48 59 61
4 15 30 59 61 77
4 15 30 59 61 75
4 15 30 59 61 75 76
4 15 30 59 61 73 74
4 15 30 59 60 61 75
4 15 30 59 60 61 73 74
4 15 30 50 59 61
4 15 30 48 59 61
4 15 30 48 59 60 61
4 15 30 34 59 61 75
4 15 30 34 59 61 73 74
4 15 30 34 48 59 61
4 15 28 29 59 61 77
4 15 28 29 59 61 75
4 15 28 29 59 61 75 76
4 15 28 29 59 61 73 74
4 15 28 29 59 60 61 75
4 15 28 29 59 60 61 73 74
4 15 28 29 50 59 61
4 15 28 29 48 59 61
4 15 28 29 48 59 60 61
4 15 28 29 34 59 61 75
4 15 28 29 34 59 61 73 74
4 15 28 29 34 48 59 61
3 31 42 59 61 77
3 31 42 59 61 75
3 31 42 59 61 75 76
3 31 42 59 61 73 74
3 31 42 59 60 61 75
3 31 42 59 60 61 73 74
3 31 42 50 59 61
3 31 42 48 59 61
3 31 42 48 59 60 61
3 31 40 41 59 61 77
3 31 40 41 59 61 75
3 31 40 41 59 61 75 76
3 31 40 41 59 61 73 74
3 31 40 41 59 60 61 75
3 31 40 41 59 60 61 73 74
3 31 40 41 50 59 61
3 31 40 41 48 59 61
3 31 40 41 48 59 60 61
3 31 34 42 59 61 75
3 31 34 42 59 61 73 74
3 31 34 42 48 59 61
3 31 34 40 41 59 61 75
3 31 34 40 41 59 61 73 74
3 31 34 40 41 48 59 61
3 29 30 42 59 61 77
3 29 30 42 59 61 75
3 29 30 42 59 61 75 76
3 29 30 42 59 61 73 74
3 29 30 42 59 60 61 75
3 29 30 42 59 60 61 73 74
3 29 30 42 50 59 61
3 29 30 42 48 59 61
3 29 30 42 48 59 60 61
3 29 30 40 41 59 61 77
3 29 30 40 41 59 61 75
3 29 30 40 41 59 61 75 76
3 29 30 40 41 59 61 73 74
3 29 30 40 41 59 60 61 75
3 29 30 40 41 59 60 61 73 74
3 29 30 40 41 50 59 61
3 29 30 40 41 48 59 61
3 29 30 40 41 48 59 60 61
3 29 30 34 42 59 61 75
3 29 30 34 42 59 61 73 74
3 29 30 34 42 48 59 61
3 29 30 34 40 41 59 61 75
3 29 30 34 40 41 59 61 73 74
3 29 30 34 40 41 48 59 61
3 15 31 59 61 77
3 15 31 59 61 75
3 15 31 59 61 75 76
3 15 31 59 61 73 74
3 15 31 59 60 61 75
3 15 31 59 60 61 73 74
3 15 31 50 59 61
3 15 31 48 59 61
3 15 31 48 59 60 61
3 15 31 34 59 61 75
3 15 31 34 59 61 73 74
3 15 31 34 48 59 61
3 15 29 30 59 61 77
3 15 29 30 59 61 75
3 15 29 30 59 61 75 76
3 15 29 30 59 61 73 74
3 15 29 30 59 60 61 75
3 15 29 30 59 60 61 73 74
3 15 29 30 50 59 61
3 15 29 30 48 59 61
3 15 29 30 48 59 60 61
3 15 29 30 34 59 61 75
3 15 29 30 34 59 61 73 74
3 15 29 30 34 48 59 61
3 4 42 59 61 77
3 4 42 59 61 75
3 4 42 59 61 75 76
3 4 42 59 61 73 74
3 4 42 59 60 61 75
3 4 42 59 60 61 73 74
3 4 42 50 59 61
3 4 42 48 59 61
3 4 42 48 59 60 61
3 4 40 41 59 61 77
3 4 40 41 59 61 75
3 4 40 41 59 61 75 76
3 4 40 41 59 61 73 74
3 4 40 41 59 60 61 75
3 4 40 41 59 60 61 73 74
3 4 40 41 50 59 61
3 4 40 41 48 59 61
3 4 40 41 48 59 60 61
3 4 34 42 59 61 75
3 4 34 42 59 61 73 74
3 4 34 42 48 59 61
3 4 34 40 41 59 61 75
3 4 34 40 41 59 61 73 74
3 4 34 40 41 48 59 61
3 4 15 59 61 77
3 4 15 59 61 75
3 4 15 59 61 75 76
3 4 15 59 61 73 74
3 4 15 59 60 61 75
3 4 15 59 60 61 73 74
3 4 15 50 59 61
3 4 15 48 59 61
3 4 15 48 59 60 61
3 4 15 34 59 61 75
3 4 15 34 59 61 73 74
3 4 15 34 48 59 61
14 42 59 61 77
14 42 59 61 75
14 42 59 61 75 76
14 42 59 61 73 74
14 42 59 60 61 75
14 42 59 60 61 73 74
14 42 50 59 61
14 42 48 59 61
14 42 48 59 60 61
14 40 41 59 61 77
14 40 41 59 61 75
14 40 41 59 61 75 76
14 40 41 59 61 73 74
14 40 41 59 60 61 75
14 40 41 59 60 61 73 74
14 40 41 50 59 61
14 40 41 48 59 61
14 40 41 48 59 60 61
14 34 42 59 61 75
14 34 42 59 61 73 74
14 34 42 48 59 61
14 34 40 41 59 61 75
14 34 40 41 59 61 73 74
14 34 40 41 48 59 61
14 15 59 61 77
14 15 59 61 75
14 15 59 61 75 76
14 15 59 61 73 74
14 15 59 60 61 75
14 15 59 60 61 73 74
14 15 50 59 61
14 15 48 59 61
14 15 48 59 60 61
14 15 34 59 61 75
14 15 34 59 61 73 74
14 15 34 48 59 61
42 57 59 61 73 78
42 57 59 61 73 76 77
42 57 59 61 71 72 78
42 57 59 61 71 72 76 77
42 51 57 59 61 73
42 51 57 59 61 71 72
42 46 57 59 61 78
42 46 57 59 61 76 77
42 46 51 57 59 61
40 41 57 59 61 73 78
40 41 57 59 61 73 76 77
40 41 57 59 61 71 72 78
40 41 57 59 61 71 72 76 77
40 41 51 57 59 61 73
40 41 51 57 59 61 71 72
40 41 46 57 59 61 78
40 41 46 57 59 61 76 77
40 41 46 51 57 59 61
15 57 59 61 73 78
15 57 59 61 73 76 77
15 57 59 61 71 72 78
15 57 59 61 71 72 76 77
15 51 57 59 61 73
15 51 57 59 61 71 72
15 46 57 59 61 78
15 46 57 59 61 76 77
15 46 51 57 59 61
40 41 59 61 63 65 73 75 78
40 41 59 61 63 65 73 75 76 77
40 41 59 61 63 65 73 74 78
40 41 59 61 63 65 73 74 76 77
40 41 59 61 63 65 71 72 75 78
40 41 59 61 63 65 71 72 75 76 77
40 41 59 61 63 65 71 72 73 74 78
40 41 59 61 63 65 71 72 73 74 76 77
40 41 59 61 63 64 73 75 78
40 41 59 61 63 64 73 75 76 77
40 41 59 61 63 64 73 74 78
40 41 59 61 63 64 73 74 76 77
40 41 59 61 63 64 71 72 75 78
40 41 59 61 63 64 71 72 75 76 77
40 41 59 61 63 64 71 72 73 74 78
40 41 59 61 63 64 71 72 73 74 76 77
40 41 59 61 62 65 73 75 78
40 41 59 61 62 65 73 75 76 77
40 41 59 61 62 65 73 74 78
40 41 59 61 62 65 73 74 76 77
40 41 59 61 62 65 71 72 75 78
40 41 59 61 62 65 71 72 75 76 77
40 41 59 61 62 65 71 72 73 74 78
40 41 59 61 62 65 71 72 73 74 76 77
40 41 59 61 62 63 64 73 75 78
40 41 59 61 62 63 64 73 75 76 77
40 41 59 61 62 63 64 73 74 78
40 41 59 61 62 63 64 73 74 76 77
40 41 59 61 62 63 64 71 72 75 78
40 41 59 61 62 63 64 71 72 75 76 77
40 41 59 61 62 63 64 71 72 73 74 78
40 41 59 61 62 63 64 71 72 73 74 76 77
40 41 51 59 61 63 65 73 75
40 41 51 59 61 63 65 73 74
40 41 51 59 61 63 65 71 72 75
40 41 51 59 61 63 65 71 72 73 74
40 41 51 59 61 63 64 73 75
40 41 51 59 61 63 64 73 74
40 41 51 59 61 63 64 71 72 75
40 41 51 59 61 63 64 71 72 73 74
40 41 51 59 61 62 65 73 75
40 41 51 59 61 62 65 73 74
40 41 51 59 61 62 65 71 72 75
40 41 51 59 61 62 65 71 72 73 74
40 41 51 59 61 62 63 64 73 75
40 41 51 59 61 62 63 64 73 74
40 41 51 59 61 62 63 64 71 72 75
40 41 51 59 61 62 63 64 71 72 73 74
40 41 48 59 61 63 65 73 78
40 41 48 59 61 63 65 73 76 77
40 41 48 59 61 63 65 71 72 78
40 41 48 59 61 63 65 71 72 76 77
40 41 48 59 61 63 64 73 78
40 41 48 59 61 63 64 73 76 77
40 41 48 59 61 63 64 71 72 78
40 41 48 59 61 63 64 71 72 76 77
40 41 48 59 61 62 65 73 78
40 41 48 59 61 62 65 73 76 77
40 41 48 59 61 62 65 71 72 78
40 41 48 59 61 62 65 71 72 76 77
40 41 48 59 61 62 63 64 73 78
40 41 48 59 61 62 63 64 73 76 77
40 41 48 59 61 62 63 64 71 72 78
40 41 48 59 61 62 63 64 71 72 76 77
40 41 48 51 59 61 63 65 73
40 41 48 51 59 61 63 65 71 72
40 41 48 51 59 61 63 64 73
40 41 48 51 59 61 63 64 71 72
40 41 48 51 59 61 62 65 73
40 41 48 51 59 61 62 65 71 72
40 41 48 51 59 61 62 63 64 73
40 41 48 51 59 61 62 63 64 71 72
40 41 46 59 61 63 65 75 78
40 41 46 59 61 63 65 75 76 77
40 41 46 59 61 63 65 73 74 78
40 41 46 59 61 63 65 73 74 76 77
40 41 46 59 61 63 64 75 78
40 41 46 59 61 63 64 75 76 77
40 41 46 59 61 63 64 73 74 78
40 41 46 59 61 63 64 73 74 76 77
40 41 46 59 61 62 65 75 78
40 41 46 59 61 62 65 75 76 77
40 41 46 59 61 62 65 73 74 78
40 41 46 59 61 62 65 73 74 76 77
40 41 46 59 61 62 63 64 75 78
40 41 46 59 61 62 63 64 75 76 77
40 41 46 59 61 62 63 64 73 74 78
40 41 46 59 61 62 63 64 73 74 76 77
40 41 46 51 59 61 63 65 75
40 41 46 51 59 61 63 65 73 74
40 41 46 51 59 61 63 64 75
40 41 46 51 59 61 63 64 73 74
40 41 46 51 59 61 62 65 75
40 41 46 51 59 61 62 65 73 74
40 41 46 51 59 61 62 63 64 75
40 41 46 51 59 61 62 63 64 73 74
40 41 46 48 59 61 63 65 78
40 41 46 48 59 61 63 65 76 77
40 41 46 48 59 61 63 64 78
40 41 46 48 59 61 63 64 76 77
40 41 46 48 59 61 62 65 78
40 41 46 48 59 61 62 65 76 77
40 41 46 48 59 61 62 63 64 78
40 41 46 48 59 61 62 63 64 76 77
40 41 46 48 51 59 61 63 65
40 41 46 48 51 59 61 63 64
40 41 46 48 51 59 61 62 65
40 41 46 48 51 59 61 62 63 64
38 40 41 59 61 63 73 75 78
38 40 41 59 61 63 73 75 76 77
38 40 41 59 61 63 73 74 78
38 40 41 59 61 63 73 74 76 77
38 40 41 59 61 63 71 72 75 78
38 40 41 59 61 63 71 72 75 76 77
38 40 41 59 61 63 71 72 73 74 78
38 40 41 59 61 63 71 72 73 74 76 77
38 40 41 59 61 62 73 75 78
38 40 41 59 61 62 73 75 76 77
38 40 41 59 61 62 73 74 78
38 40 41 59 61 62 73 74 76 77
38 40 41 59 61 62 71 72 75 78
38 40 41 59 61 62 71 72 75 76 77
38 40 41 59 61 62 71 72 73 74 78
38 40 41 59 61 62 71 72 73 74 76 77
38 40 41 51 59 61 63 73 75
38 40 41 51 59 61 63 73 74
38 40 41 51 59 61 63 71 72 75
38 40 41 51 59 61 63 71 72 73 74
38 40 41 51 59 61 62 73 75
38 40 41 51 59 61 62 73 74
38 40 41 51 59 61 62 71 72 75
38 40 41 51 59 61 62 71 72 73 74
38 40 41 48 59 61 63 73 78
38 40 41 48 59 61 63 73 76 77
38 40 41 48 59 61 63 71 72 78
38 40 41 48 59 61 63 71 72 76 77
38 40 41 48 59 61 62 73 78
38 40 41 48 59 61 62 73 76 77
38 40 41 48 59 61 62 71 72 78
38 40 41 48 59 61 62 71 72 76 77
38 40 41 48 51 59 61 63 73
38 40 41 48 51 59 61 63 71 72
38 40 41 48 51 59 61 62 73
38 40 41 48 51 59 61 62 71 72
38 40 41 46 59 61 63 75 78
38 40 41 46 59 61 63 75 76 77
38 40 41 46 59 61 63 73 74 78
38 40 41 46 59 61 63 73 74 76 77
38 40 41 46 59 61 62 75 78
38 40 41 46 59 61 62 75 76 77
38 40 41 46 59 61 62 73 74 78
38 40 41 46 59 61 62 73 74 76 77
38 40 41 46 51 59 61 63 75
38 40 41 46 51 59 61 63 73 74
38 40 41 46 51 59 61 62 75
38 40 41 46 51 59 61 62 73 74
38 40 41 46 48 59 61 63 78
38 40 41 46 48 59 61 63 76 77
38 40 41 46 48 59 61 62 78
38 40 41 46 48 59 61 62 76 77
38 40 41 46 48 51 59 61 63
38 40 41 46 48 51 59 61 62
36 40 41 59 61 65 73 75 78
36 40 41 59 61 65 73 75 76 77
36 40 41 59 61 65 73 74 78
36 40 41 59 61 65 73 74 76 77
36 40 41 59 61 65 71 72 75 78
36 40 41 59 61 65 71 72 75 76 77
36 40 41 59 61 65 71 72 73 74 78
36 40 41 59 61 65 71 72 73 74 76 77
36 40 41 59 61 63 64 73 75 78
36 40 41 59 61 63 64 73 75 76 77
36 40 41 59 61 63 64 73 74 78
36 40 41 59 61 63 64 73 74 76 77
36 40 41 59 61 63 64 71 72 75 78
36 40 41 59 61 63 64 71 72 75 76 77
36 40 41 59 61 63 64 71 72 73 74 78
36 40 41 59 61 63 64 71 72 73 74 76 77
36 40 41 51 59 61 65 73 75
36 40 41 51 59 61 65 73 74
36 40 41 51 59 61 65 71 72 75
36 40 41 51 59 61 65 71 72 73 74
36 40 41 51 59 61 63 64 73 75
36 40 41 51 59 61 63 64 73 74
36 40 41 51 59 61 63 64 71 72 75
36 40 41 51 59 61 63 64 71 72 73 74
36 40 41 48 59 61 65 73 78
36 40 41 48 59 61 65 73 76 77
36 40 41 48 59 61 65 71 72 78
36 40 41 48 59 61 65 71 72 76 77
36 40 41 48 59 61 63 64 73 78
36 40 41 48 59 61 63 64 73 76 77
36 40 41 48 59 61 63 64 71 72 78
36 40 41 48 59 61 63 64 71 72 76 77
36 40 41 48 51 59 61 65 73
36 40 41 48 51 59 61 65 71 72
36 40 41 48 51 59 61 63 64 73
36 40 41 48 51 59 61 63 64 71 72
36 40 41 46 59 61 65 75 78
36 40 41 46 59 61 65 75 76 77
36 40 41 46 59 61 65 73 74 78
36 40 41 46 59 61 65 73 74 76 77
36 40 41 46 59 61 63 64 75 78
36 40 41 46 59 61 63 64 75 76 77
36 40 41 46 59 61 63 64 73 74 78
36 40 41 46 59 61 63 64 73 74 76 77
36 40 41 46 51 59 61 65 75
36 40 41 46 51 59 61 65 73 74
36 40 41 46 51 59 61 63 64 75
36 40 41 46 51 59 61 63 64 73 74
36 40 41 46 48 59 61 65 78
36 40 41 46 48 59 61 65 76 77
36 40 41 46 48 59 61 63 64 78
36 40 41 46 48 59 61 63 64 76 77
36 40 41 46 48 51 59 61 65
36 40 41 46 48 51 59 61 63 64
36 38 40 41 59 61 73 75 78
36 38 40 41 59 61 73 75 76 77
36 38 40 41 59 61 73 74 78
36 38 40 41 59 61 73 74 76 77
36 38 40 41 59 61 71 72 75 78
36 38 40 41 59 61 71 72 75 76 77
36 38 40 41 59 61 71 72 73 74 78
36 38 40 41 59 61 71 72 73 74 76 77
36 38 40 41 51 59 61 73 75
36 38 40 41 51 59 61 73 74
36 38 40 41 51 59 61 71 72 75
36 38 40 41 51 59 61 71 72 73 74
36 38 40 41 48 59 61 73 78
36 38 40 41 48 59 61 73 76 77
36 38 40 41 48 59 61 71 72 78
36 38 40 41 48 59 61 71 72 76 77
36 38 40 41 48 51 59 61 73
36 38 40 41 48 51 59 61 71 72
36 38 40 41 46 59 61 75 78
36 38 40 41 46 59 61 75 76 77
36 38 40 41 46 59 61 73 74 78
36 38 40 41 46 59 61 73 74 76 77
36 38 40 41 46 51 59 61 75
36 38 40 41 46 51 59 61 73 74
36 38 40 41 46 48 59 61 78
36 38 40 41 46 48 59 61 76 77
36 38 40 41 46 48 51 59 61
44 59 61 73
44 59 61 71 72
44 46 59 61
42 43 59 61 73
42 43 59 61 71 72
42 43 46 59 61
17 59 61 73
17 59 61 71 72
17 46 59 61
15 59 61 63 65 73 75 78
15 59 61 63 65 73 75 76 77
15 59 61 63 65 73 74 78
15 59 61 63 65 73 74 76 77
15 59 61 63 65 71 72 75 78
15 59 61 63 65 71 72 75 76 77
15 59 61 63 65 71 72 73 74 78
15 59 61 63 65 71 72 73 74 76 77
15 59 61 63 64 73 75 78
15 59 61 63 64 73 75 76 77
15 59 61 63 64 73 74 78
15 59 61 63 64 73 74 76 77
15 59 61 63 64 71 72 75 78
15 59 61 63 64 71 72 75 76 77
15 59 61 63 64 71 72 73 74 78
15 59 61 63 64 71 72 73 74 76 77
15 59 61 62 65 73 75 78
15 59 61 62 65 73 75 76 77
15 59 61 62 65 73 74 78
15 59 61 62 65 73 74 76 77
15 59 61 62 65 71 72 75 78
15 59 61 62 65 71 72 75 76 77
15 59 61 62 65 71 72 73 74 78
15 59 61 62 65 71 72 73 74 76 77
15 59 61 62 63 64 73 75 78
15 59 61 62 63 64 73 75 76 77
15 59 61 62 63 64 73 74 78
15 59 61 62 63 64 73 74 76 77
15 59 61 62 63 64 71 72 75 78
15 59 61 62 63 64 71 72 75 76 77
15 59 61 62 63 64 71 72 73 74 78
15 59 61 62 63 64 71 72 73 74 76 77
15 51 59 61 63 65 73 75
15 51 59 61 63 65 73 74
15 51 59 61 63 65 71 72 75
15 51 59 61 63 65 71 72 73 74
15 51 59 61 63 64 73 75
15 51 59 61 63 64 73 74
15 51 59 61 63 64 71 72 75
15 51 59 61 63 64 71 72 73 74
15 51 59 61 62 65 73 75
15 51 59 61 62 65 73 74
15 51 59 61 62 65 71 72 75
15 51 59 61 62 65 71 72 73 74
15 51 59 61 62 63 64 73 75
15 51 59 61 62 63 64 73 74
15 51 59 61 62 63 64 71 72 75
15 51 59 61 62 63 64 71 72 73 74
15 48 59 61 63 65 73 78
15 48 59 61 63 65 73 76 77
15 48 59 61 63 65 71 72 78
15 48 59 61 63 65 71 72 76 77
15 48 59 61 63 64 73 78
15 48 59 61 63 64 73 76 77
15 48 59 61 63 64 71 72 78
15 48 59 61 63 64 71 72 76 77
15 48 59 61 62 65 73 78
15 48 59 61 62 65 73 76 77
15 48 59 61 62 65 71 72 78
15 48 59 61 62 65 71 72 76 77
15 48 59 61 62 63 64 73 78
15 48 59 61 62 63 64 73 76 77
15 48 59 61 62 63 64 71 72 78
15 48 59 61 62 63 64 71 72 76 77
15 48 51 59 61 63 65 73
15 48 51 59 61 63 65 71 72
15 48 51 59 61 63 64 73
15 48 51 59 61 63 64 71 72
15 48 51 59 61 62 65 73
15 48 51 59 61 62 65 71 72
15 48 51 59 61 62 63 64 73
15 48 51 59 61 62 63 64 71 72
15 46 59 61 63 65 75 78
15 46 59 61 63 65 75 76 77
15 46 59 61 63 65 73 74 78
15 46 59 61 63 65 73 74 76 77
15 46 59 61 63 64 75 78
15 46 59 61 63 64 75 76 77
15 46 59 61 63 64 73 74 78
15 46 59 61 63 64 73 74 76 77
15 46 59 61 62 65 75 78
15 46 59 61 62 65 75 76 77
15 46 59 61 62 65 73 74 78
15 46 59 61 62 65 73 74 76 77
15 46 59 61 62 63 64 75 78
15 46 59 61 62 63 64 75 76 77
15 46 59 61 62 63 64 73 74 78
15 46 59 61 62 63 64 73 74 76 77
15 46 51 59 61 63 65 75
15 46 51 59 61 63 65 73 74
15 46 51 59 61 63 64 75
15 46 51 59 61 63 64 73 74
15 46 51 59 61 62 65 75
15 46 51 59 61 62 65 73 74
15 46 51 59 61 62 63 64 75
15 46 51 59 61 62 63 64 73 74
15 46 48 59 61 63 65 78
15 46 48 59 61 63 65 76 77
15 46 48 59 61 63 64 78
15 46 48 59 61 63 64 76 77
15 46 48 59 61 62 65 78
15 46 48 59 61 62 65 76 77
15 46 48 59 61 62 63 64 78
15 46 48 59 61 62 63 64 76 77
15 46 48 51 59 61 63 65
15 46 48 51 59 61 63 64
15 46 48 51 59 61 62 65
15 46 48 51 59 61 62 63 64
15 38 59 61 63 73 75 78
15 38 59 61 63 73 75 76 77
15 38 59 61 63 73 74 78
15 38 59 61 63 73 74 76 77
15 38 59 61 63 71 72 75 78
15 38 59 61 63 71 72 75 76 77
15 38 59 61 63 71 72 73 74 78
15 38 59 61 63 71 72 73 74 76 77
15 38 59 61 62 73 75 78
15 38 59 61 62 73 75 76 77
15 38 59 61 62 73 74 78
15 38 59 61 62 73 74 76 77
15 38 59 61 62 71 72 75 78
15 38 59 61 62 71 72 75 76 77
15 38 59 61 62 71 72 73 74 78
15 38 59 61 62 71 72 73 74 76 77
15 38 51 59 61 63 73 75
15 38 51 59 61 63 73 74
15 38 51 59 61 63 71 72 75
15 38 51 59 61 63 71 72 73 74
15 38 51 59 61 62 73 75
15 38 51 59 61 62 73 74
15 38 51 59 61 62 71 72 75
15 38 51 59 61 62 71 72 73 74
15 38 48 59 61 63 73 78
15 38 48 59 61 63 73 76 77
15 38 48 59 61 63 71 72 78
15 38 48 59 61 63 71 72 76 77
15 38 48 59 61 62 73 78
15 38 48 59 61 62 73 76 77
15 38 48 59 61 62 71 72 78
15 38 48 59 61 62 71 72 76 77
15 38 48 51 59 61 63 73
15 38 48 51 59 61 63 71 72
15 38 48 51 59 61 62 73
15 38 48 51 59 61 62 71 72
15 38 46 59 61 63 75 78
15 38 46 59 61 63 75 76 77
15 38 46 59 61 63 73 74 78
15 38 46 59 61 63 73 74 76 77
15 38 46 59 61 62 75 78
15 38 46 59 61 62 75 76 77
15 38 46 59 61 62 73 74 78
15 38 46 59 61 62 73 74 76 77
15 38 46 51 59 61 63 75
15 38 46 51 59 61 63 73 74
15 38 46 51 59 61 62 75
15 38 46 51 59 61 62 73 74
15 38 46 48 59 61 63 78
15 38 46 48 59 61 63 76 77
15 38 46 48 59 61 62 78
15 38 46 48 59 61 62 76 77
15 38 46 48 51 59 61 63
15 38 46 48 51 59 61 62
15 36 59 61 65 73 75 78
15 36 59 61 65 73 75 76 77
15 36 59 61 65 73 74 78
15 36 59 61 65 73 74 76 77
15 36 59 61 65 71 72 75 78
15 36 59 61 65 71 72 75 76 77
15 36 59 61 65 71 72 73 74 78
15 36 59 61 65 71 72 73 74 76 77
15 36 59 61 63 64 73 75 78
15 36 59 61 63 64 73 75 76 77
15 36 59 61 63 64 73 74 78
15 36 59 61 63 64 73 74 76 77
15 36 59 61 63 64 71 72 75 78
15 36 59 61 63 64 71 72 75 76 77
15 36 59 61 63 64 71 72 73 74 78
15 36 59 61 63 64 71 72 73 74 76 77
15 36 51 59 61 65 73 75
15 36 51 59 61 65 73 74
15 36 51 59 61 65 71 72 75
15 36 51 59 61 65 71 72 73 74
15 36 51 59 61 63 64 73 75
15 36 51 59 61 63 64 73 74
15 36 51 59 61 63 64 71 72 75
15 36 51 59 61 63 64 71 72 73 74
15 36 48 59 61 65 73 78
15 36 48 59 61 65 73 76 77
15 36 48 59 61 65 71 72 78
15 36 48 59 61 65 71 72 76 77
15 36 48 59 61 63 64 73 78
15 36 48 59 61 63 64 73 76 77
15 36 48 59 61 63 64 71 72 78
15 36 48 59 61 63 64 71 72 76 77
15 36 48 51 59 61 65 73
15 36 48 51 59 61 65 71 72
15 36 48 51 59 61 63 64 73
15 36 48 51 59 61 63 64 71 72
15 36 46 59 61 65 75 78
15 36 46 59 61 65 75 76 77
15 36 46 59 61 65 73 74 78
15 36 46 59 61 65 73 74 76 77
15 36 46 59 61 63 64 75 78
15 36 46 59 61 63 64 75 76 77
15 36 46 59 61 63 64 73 74 78
15 36 46 59 61 63 64 73 74 76 77
15 36 46 51 59 61 65 75
15 36 46 51 59 61 65 73 74
15 36 46 51 59 61 63 64 75
15 36 46 51 59 61 63 64 73 74
15 36 46 48 59 61 65 78
15 36 46 48 59 61 65 76 77
15 36 46 48 59 61 63 64 78
15 36 46 48 59 61 63 64 76 77
15 36 46 48 51 59 61 65
15 36 46 48 51 59 61 63 64
15 36 38 59 61 73 75 78
15 36 38 59 61 73 75 76 77
15 36 38 59 61 73 74 78
15 36 38 59 61 73 74 76 77
15 36 38 59 61 71 72 75 78
15 36 38 59 61 71 72 75 76 77
15 36 38 59 61 71 72 73 74 78
15 36 38 59 61 71 72 73 74 76 77
15 36 38 51 59 61 73 75
15 36 38 51 59 61 73 74
15 36 38 51 59 61 71 72 75
15 36 38 51 59 61 71 72 73 74
15 36 38 48 59 61 73 78
15 36 38 48 59 61 73 76 77
15 36 38 48 59 61 71 72 78
15 36 38 48 59 61 71 72 76 77
15 36 38 48 51 59 61 73
15 36 38 48 51 59 61 71 72
15 36 38 46 59 61 75 78
15 36 38 46 59 61 75 76 77
15 36 38 46 59 61 73 74 78
15 36 38 46 59 61 73 74 76 77
15 36 38 46 51 59 61 75
15 36 38 46 51 59 61 73 74
15 36 38 46 48 59 61 78
15 36 38 46 48 59 61 76 77
15 36 38 46 48 51 59 61
42 59 61 63 65 73 75 78
42 59 61 63 65 73 75 76 77
42 59 61 63 65 73 74 78
42 59 61 63 65 73 74 76 77
42 59 61 63 65 71 72 75 78
42 59 61 63 65 71 72 75 76 77
42 59 61 63 65 71 72 73 74 78
42 59 61 63 65 71 72 73 74 76 77
42 59 61 63 64 73 75 78
42 59 61 63 64 73 75 76 77
42 59 61 63 64 73 74 78
42 59 61 63 64 73 74 76 77
42 59 61 63 64 71 72 75 78
42 59 61 63 64 71 72 75 76 77
42 59 61 63 64 71 72 73 74 78
42 59 61 63 64 71 72 73 74 76 77
42 59 61 62 65 73 75 78
42 59 61 62 65 73 75 76 77
42 59 61 62 65 73 74 78
42 59 61 62 65 73 74 76 77
42 59 61 62 65 71 72 75 78
42 59 61 62 65 71 72 75 76 77
42 59 61 62 65 71 72 73 74 78
42 59 61 62 65 71 72 73 74 76 77
42 59 61 62 63 64 73 75 78
42 59 61 62 63 64 73 75 76 77
42 59 61 62 63 64 73 74 78
42 59 61 62 63 64 73 74 76 77
42 59 61 62 63 64 71 72 75 78
42 59 61 62 63 64 71 72 75 76 77
42 59 61 62 63 64 71 72 73 74 78
42 59 61 62 63 64 71 72 73 74 76 77
42 51 59 61 63 65 73 75
42 51 59 61 63 65 73 74
42 51 59 61 63 65 71 72 75
42 51 59 61 63 65 71 72 73 74
42 51 59 61 63 64 73 75
42 51 59 61 63 64 73 74
42 51 59 61 63 64 71 72 75
42 51 59 61 63 64 71 72 73 74
42 51 59 61 62 65 73 75
42 51 59 61 62 65 73 74
42 51 59 61 62 65 71 72 75
42 51 59 61 62 65 71 72 73 74
42 51 59 61 62 63 64 73 75
42 51 59 61 62 63 64 73 74
42 51 59 61 62 63 64 71 72 75
42 51 59 61 62 63 64 71 72 73 74
42 48 59 61 63 65 73 78
42 48 59 61 63 65 73 76 77
42 48 59 61 63 65 71 72 78
42 48 59 61 63 65 71 72 76 77
42 48 59 61 63 64 73 78
42 48 59 61 63 64 73 76 77
42 48 59 61 63 64 71 72 78
42 48 59 61 63 64 71 72 76 77
42 48 59 61 62 65 73 78
42 48 59 61 62 65 73 76 77
42 48 59 61 62 65 71 72 78
42 48 59 61 62 65 71 72 76 77
42 48 59 61 62 63 64 73 78
42 48 59 61 62 63 64 73 76 77
42 48 59 61 62 63 64 71 72 78
42 48 59 61 62 63 64 71 72 76 77
42 48 51 59 61 63 65 73
42 48 51 59 61 63 65 71 72
42 48 51 59 61 63 64 73
42 48 51 59 61 63 64 71 72
42 48 51 59 61 62 65 73
42 48 51 59 61 62 65 71 72
42 48 51 59 61 62 63 64 73
42 48 51 59 61 62 63 64 71 72
42 46 59 61 63 65 75 78
42 46 59 61 63 65 75 76 77
42 46 59 61 63 65 73 74 78
42 46 59 61 63 65 73 74 76 77
42 46 59 61 63 64 75 78
42 46 59 61 63 64 75 76 77
42 46 59 61 63 64 73 74 78
42 46 59 61 63 64 73 74 76 77
42 46 59 61 62 65 75 78
42 46 59 61 62 65 75 76 77
42 46 59 61 62 65 73 74 78
42 46 59 61 62 65 73 74 76 77
42 46 59 61 62 63 64 75 78
42 46 59 61 62 63 64 75 76 77
42 46 59 61 62 63 64 73 74 78
42 46 59 61 62 63 64 73 74 76 77
42 46 51 59 61 63 65 75
42 46 51 59 61 63 65 73 74
42 46 51 59 61 63 64 75
42 46 51 59 61 63 64 73 74
42 46 51 59 61 62 65 75
42 46 51 59 61 62 65 73 74
42 46 51 59 61 62 63 64 75
42 46 51 59 61 62 63 64 73 74
42 46 48 59 61 63 65 78
42 46 48 59 61 63 65 76 77
42 46 48 59 61 63 64 78
42 46 48 59 61 63 64 76 77
42 46 48 59 61 62 65 78
42 46 48 59 61 62 65 76 77
42 46 48 59 61 62 63 64 78
42 46 48 59 61 62 63 64 76 77
42 46 48 51 59 61 63 65
42 46 48 51 59 61 63 64
42 46 48 51 59 61 62 65
42 46 48 51 59 61 62 63 64
38 42 59 61 63 73 75 78
38 42 59 61 63 73 75 76 77
38 42 59 61 63 73 74 78
38 42 59 61 63 73 74 76 77
38 42 59 61 63 71 72 75 78
38 42 59 61 63 71 72 75 76 77
38 42 59 61 63 71 72 73 74 78
38 42 59 61 63 71 72 73 74 76 77
38 42 59 61 62 73 75 78
38 42 59 61 62 73 75 76 77
38 42 59 61 62 73 74 78
38 42 59 61 62 73 74 76 77
38 42 59 61 62 71 72 75 78
38 42 59 61 62 71 72 75 76 77
38 42 59 61 62 71 72 73 74 78
38 42 59 61 62 71 72 73 74 76 77
38 42 51 59 61 63 73 75
38 42 51 59 61 63 73 74
38 42 51 59 61 63 71 72 75
38 42 51 59 61 63 71 72 73 74
38 42 51 59 61 62 73 75
38 42 51 59 61 62 73 74
38 42 51 59 61 62 71 72 75
38 42 51 59 61 62 71 72 73 74
38 42 48 59 61 63 73 78
38 42 48 59 61 63 73 76 77
38 42 48 59 61 63 71 72 78
38 42 48 59 61 63 71 72 76 77
38 42 48 59 61 62 73 78
38 42 48 59 61 62 73 76 77
38 42 48 59 61 62 71 72 78
38 42 48 59 61 62 71 72 76 77
38 42 48 51 59 61 63 73
38 42 48 51 59 61 63 71 72
38 42 48 51 59 61 62 73
38 42 48 51 59 61 62 71 72
38 42 46 59 61 63 75 78
38 42 46 59 61 63 75 76 77
38 42 46 59 61 63 73 74 78
38 42 46 59 61 63 73 74 76 77
38 42 46 59 61 62 75 78
38 42 46 59 61 62 75 76 77
38 42 46 59 61 62 73 74 78
38 42 46 59 61 62 73 74 76 77
38 42 46 51 59 61 63 75
38 42 46 51 59 61 63 73 74
38 42 46 51 59 61 62 75
38 42 46 51 59 61 62 73 74
38 42 46 48 59 61 63 78
38 42 46 48 59 61 63 76 77
38 42 46 48 59 61 62 78
38 42 46 48 59 61 62 76 77
38 42 46 48 51 59 61 63
38 42 46 48 51 59 61 62
36 42 59 61 65 73 75 78
36 42 59 61 65 73 75 76 77
36 42 59 61 65 73 74 78
36 42 59 61 65 73 74 76 77
36 42 59 61 65 71 72 75 78
36 42 59 61 65 71 72 75 76 77
36 42 59 61 65 71 72 73 74 78
36 42 59 61 65 71 72 73 74 76 77
36 42 59 61 63 64 73 75 78
36 42 59 61 63 64 73 75 76 77
36 42 59 61 63 64 73 74 78
36 42 59 61 63 64 73 74 76 77
36 42 59 61 63 64 71 72 75 78
36 42 59 61 63 64 71 72 75 76 77
36 42 59 61 63 64 71 72 73 74 78
36 42 59 61 63 64 71 72 73 74 76 77
36 42 51 59 61 65 73 75
36 42 51 59 61 65 73 74
36 42 51 59 61 65 71 72 75
36 42 51 59 61 65 71 72 73 74
36 42 51 59 61 63 64 73 75
36 42 51 59 61 63 64 73 74
36 42 51 59 61 63 64 71 72 75
36 42 51 59 61 63 64 71 72 73 74
36 42 48 59 61 65 73 78
36 42 48 59 61 65 73 76 77
36 42 48 59 61 65 71 72 78
36 42 48 59 61 65 71 72 76 77
36 42 48 59 61 63 64 73 78
36 42 48 59 61 63 64 73 76 77
36 42 48 59 61 63 64 71 72 78
36 42 48 59 61 63 64 71 72 76 77
36 42 48 51 59 61 65 73
36 42 48 51 59 61 65 71 72
36 42 48 51 59 61 63 64 73
36 42 48 51 59 61 63 64 71 72
36 42 46 59 61 65 75 78
36 42 46 59 61 65 75 76 77
36 42 46 59 61 65 73 74 78
36 42 46 59 61 65 73 74 76 77
36 42 46 59 61 63 64 75 78
36 42 46 59 61 63 64 75 76 77
36 42 46 59 61 63 64 73 74 78
36 42 46 59 61 63 64 73 74 76 77
36 42 46 51 59 61 65 75
36 42 46 51 59 61 65 73 74
36 42 46 51 59 61 63 64 75
36 42 46 51 59 61 63 64 73 74
36 42 46 48 59 61 65 78
36 42 46 48 59 61 65 76 77
36 42 46 48 59 61 63 64 78
36 42 46 48 59 61 63 64 76 77
36 42 46 48 51 59 61 65
36 42 46 48 51 59 61 63 64
36 38 42 59 61 73 75 78
36 38 42 59 61 73 75 76 77
36 38 42 59 61 73 74 78
36 38 42 59 61 73 74 76 77
36 38 42 59 61 71 72 75 78
36 38 42 59 61 71 72 75 76 77
36 38 42 59 61 71 72 73 74 78
36 38 42 59 61 71 72 73 74 76 77
36 38 42 51 59 61 73 75
36 38 42 51 59 61 73 74
36 38 42 51 59 61 71 72 75
36 38 42 51 59 61 71 72 73 74
36 38 42 48 59 61 73 78
36 38 42 48 59 61 73 76 77
36 38 42 48 59 61 71 72 78
36 38 42 48 59 61 71 72 76 77
36 38 42 48 51 59 61 73
36 38 42 48 51 59 61 71 72
36 38 42 46 59 61 75 78
36 38 42 46 59 61 75 76 77
36 38 42 46 59 61 73 74 78
36 38 42 46 59 61 73 74 76 77
36 38 42 46 51 59 61 75
36 38 42 46 51 59 61 73 74
36 38 42 46 48 59 61 78
36 38 42 46 48 59 61 76 77
36 38 42 46 48 51 59 61
42 57 59 73
42 57 59 71 72
42 46 57 59
40 41 57 59 73
40 41 57 59 71 72
40 41 46 57 59
15 57 59 73
15 57 59 71 72
15 46 57 59
42 44 59 63 65
42 44 59 63 64
42 44 59 61 62 65
42 44 59 61 62 63 64
42 43 59 63 65
42 43 59 63 64
42 43 59 61 62 65
42 43 59 61 62 63 64
40 41 44 59 63 65
40 41 44 59 63 64
40 41 44 59 61 62 65
40 41 44 59 61 62 63 64
40 41 42 43 59 63 65
40 41 42 43 59 63 64
40 41 42 43 59 61 62 65
40 41 42 43 59 61 62 63 64
38 42 44 59 63
38 42 44 59 61 62
38 42 43 59 63
38 42 43 59 61 62
38 40 41 44 59 63
38 40 41 44 59 61 62
38 40 41 42 43 59 63
38 40 41 42 43 59 61 62
36 42 44 59 65
36 42 44 59 63 64
36 42 43 59 65
36 42 43 59 63 64
36 40 41 44 59 65
36 40 41 44 59 63 64
36 40 41 42 43 59 65
36 40 41 42 43 59 63 64
36 38 42 44 59
36 38 42 43 59
36 38 40 41 44 59
36 38 40 41 42 43 59
17 42 59 63 65
17 42 59 63 64
17 42 59 61 62 65
17 42 59 61 62 63 64
17 40 41 59 63 65
17 40 41 59 63 64
17 40 41 59 61 62 65
17 40 41 59 61 62 63 64
17 38 42 59 63
17 38 42 59 61 62
17 38 40 41 59 63
17 38 40 41 59 61 62
17 36 42 59 65
17 36 42 59 63 64
17 36 40 41 59 65
17 36 40 41 59 63 64
17 36 38 42 59
17 36 38 40 41 59
15 44 59 63 65
15 44 59 63 64
15 44 59 61 62 65
15 44 59 61 62 63 64
15 42 43 59 63 65
15 42 43 59 63 64
15 42 43 59 61 62 65
15 42 43 59 61 62 63 64
15 38 44 59 63
15 38 44 59 61 62
15 38 42 43 59 63
15 38 42 43 59 61 62
15 36 44 59 65
15 36 44 59 63 64
15 36 42 43 59 65
15 36 42 43 59 63 64
15 36 38 44 59
15 36 38 42 43 59
15 17 59 63 65
15 17 59 63 64
15 17 59 61 62 65
15 17 59 61 62 63 64
15 17 38 59 63
15 17 38 59 61 62
15 17 36 59 65
15 17 36 59 63 64
15 17 36 38 59
59 61 63 73 78 79
59 61 63 71 72 78 79
59 60 63 73 78 79
59 60 63 71 72 78 79
53 59 61 63 73
53 59 61 63 71 72
53 59 60 63 73
53 59 60 63 71 72
46 59 61 63 78 79
46 59 60 63 78 79
46 53 59 61 63
46 53 59 60 63
34 59 63 73 78 79
34 59 63 71 72 78 79
34 53 59 63 73
34 53 59 63 71 72
34 46 59 63 78 79
34 46 53 59 63
57 59 61 73 77
57 59 61 73 75 76
57 59 61 71 72 77
57 59 61 71 72 75 76
57 59 60 73 77
57 59 60 73 75 76
57 59 60 71 72 77
57 59 60 71 72 75 76
50 57 59 61 73
50 57 59 61 71 72
50 57 59 60 73
50 57 59 60 71 72
46 57 59 61 77
46 57 59 61 75 76
46 57 59 60 77
46 57 59 60 75 76
46 50 57 59 61
46 50 57 59 60
34 57 59 73 77
34 57 59 73 75 76
34 57 59 71 72 77
34 57 59 71 72 75 76
34 50 57 59 73
34 50 57 59 71 72
34 46 57 59 77
34 46 57 59 75 76
34 46 50 57 59
69
68
67 68
61 68
59 69
59 67 68
55 68
42
42 59
1
44 61 73 78
44 61 73 78 79
44 61 73 76 77
44 61 71 72 78
44 61 71 72 78 79
44 61 71 72 76 77
44 59 73 78
44 59 73 76 77
44 59 71 72 78
44 59 71 72 76 77
44 53 61 73
44 53 61 71 72
44 51 61 73
44 51 61 71 72
44 51 59 73
44 51 59 71 72
44 46 61 78
44 46 61 78 79
44 46 61 76 77
44 46 59 78
44 46 59 76 77
44 46 53 61
44 46 51 61
44 46 51 59
42 61 73 78 79
42 61 71 72 78 79
42 53 61 73
42 53 61 71 72
42 46 61 78 79
42 46 53 61
42 43 61 73 78
42 43 61 73 78 79
42 43 61 73 76 77
42 43 61 71 72 78
42 43 61 71 72 78 79
42 43 61 71 72 76 77
42 43 59 73 78
42 43 59 73 76 77
42 43 59 71 72 78
42 43 59 71 72 76 77
42 43 53 61 73
42 43 53 61 71 72
42 43 51 61 73
42 43 51 61 71 72
42 43 51 59 73
42 43 51 59 71 72
42 43 46 61 78
42 43 46 61 78 79
42 43 46 61 76 77
42 43 46 59 78
42 43 46 59 76 77
42 43 46 53 61
42 43 46 51 61
42 43 46 51 59
40 41 61 73 78 79
40 41 61 71 72 78 79
40 41 53 61 73
40 41 53 61 71 72
40 41 46 61 78 79
40 41 46 53 61
17 61 73 78
17 61 73 78 79
17 61 73 76 77
17 61 71 72 78
17 61 71 72 78 79
17 61 71 72 76 77
17 59 73 78
17 59 73 76 77
17 59 71 72 78
17 59 71 72 76 77
17 53 61 73
17 53 61 71 72
17 51 61 73
17 51 61 71 72
17 51 59 73
17 51 59 71 72
17 46 61 78
17 46 61 78 79
17 46 61 76 77
17 46 59 78
17 46 59 76 77
17 46 53 61
17 46 51 61
17 46 51 59
15 61 73 78 79
15 61 71 72 78 79
15 53 61 73
15 53 61 71 72
15 46 61 78 79
15 46 53 61
32 42 59 61 77
32 42 59 61 75
32 42 59 61 75 76
32 42 59 61 73 74
32 42 59 60 61 75
32 42 59 60 61 73 74
32 42 50 59 61
32 42 48 59 61
32 42 48 59 60 61
32 40 41 59 61 77
32 40 41 59 61 75
32 40 41 59 61 75 76
32 40 41 59 61 73 74
32 40 41 59 60 61 75
32 40 41 59 60 61 73 74
32 40 41 50 59 61
32 40 41 48 59 61
32 40 41 48 59 60 61
32 34 42 59 61 75
32 34 42 59 61 73 74
32 34 42 48 59 61
32 34 40 41 59 61 75
32 34 40 41 59 61 73 74
32 34 40 41 48 59 61
15 32 59 61 77
15 32 59 61 75
15 32 59 61 75 76
15 32 59 61 73 74
15 32 59 60 61 75
15 32 59 60 61 73 74
15 32 50 59 61
15 32 48 59 61
15 32 48 59 60 61
15 32 34 59 61 75
15 32 34 59 61 73 74
15 32 34 48 59 61
5 42 59 61 77
5 42 59 61 75
5 42 59 61 75 76
5 42 59 61 73 74
5 42 59 60 61 75
5 42 59 60 61 73 74
5 42 50 59 61
5 42 48 59 61
5 42 48 59 60 61
5 40 41 59 61 77
5 40 41 59 61 75
5 40 41 59 61 75 76
5 40 41 59 61 73 74
5 40 41 59 60 61 75
5 40 41 59 60 61 73 74
5 40 41 50 59 61
5 40 41 48 59 61
5 40 41 48 59 60 61
5 34 42 59 61 75
5 34 42 59 61 73 74
5 34 42 48 59 61
5 34 40 41 59 61 75
5 34 40 41 59 61 73 74
5 34 40 41 48 59 61
5 15 59 61 77
5 15 59 61 75
5 15 59 61 75 76
5 15 59 61 73 74
5 15 59 60 61 75
5 15 59 60 61 73 74
5 15 50 59 61
5 15 48 59 61
5 15 48 59 60 61
5 15 34 59 61 75
5 15 34 59 61 73 74
5 15 34 48 59 61
57 59 61 73
57 59 61 71 72
57 59 60 61 73
57 59 60 61 71 72
46 57 59 61
46 57 59 60 61
42 57 59 61 65 73 77
42 57 59 61 65 73 75 76
42 57 59 61 65 71 72 77
42 57 59 61 65 71 72 75 76
42 57 59 61 63 64 73 77
42 57 59 61 63 64 73 75 76
42 57 59 61 63 64 71 72 77
42 57 59 61 63 64 71 72 75 76
42 57 59 60 61 65 73 77
42 57 59 60 61 65 73 75 76
42 57 59 60 61 65 71 72 77
42 57 59 60 61 65 71 72 75 76
42 57 59 60 61 63 64 73 77
42 57 59 60 61 63 64 73 75 76
42 57 59 60 61 63 64 71 72 77
42 57 59 60 61 63 64 71 72 75 76
42 50 57 59 61 65 73
42 50 57 59 61 65 71 72
42 50 57 59 61 63 64 73
42 50 57 59 61 63 64 71 72
42 50 57 59 60 61 65 73
42 50 57 59 60 61 65 71 72
42 50 57 59 60 61 63 64 73
42 50 57 59 60 61 63 64 71 72
42 46 57 59 61 65 77
42 46 57 59 61 65 75 76
42 46 57 59 61 63 64 77
42 46 57 59 61 63 64 75 76
42 46 57 59 60 61 65 77
42 46 57 59 60 61 65 75 76
42 46 57 59 60 61 63 64 77
42 46 57 59 60 61 63 64 75 76
42 46 50 57 59 61 65
42 46 50 57 59 61 63 64
42 46 50 57 59 60 61 65
42 46 50 57 59 60 61 63 64
40 41 57 59 61 65 73 77
40 41 57 59 61 65 73 75 76
40 41 57 59 61 65 71 72 77
40 41 57 59 61 65 71 72 75 76
40 41 57 59 61 63 64 73 77
40 41 57 59 61 63 64 73 75 76
40 41 57 59 61 63 64 71 72 77
40 41 57 59 61 63 64 71 72 75 76
40 41 57 59 60 61 65 73 77
40 41 57 59 60 61 65 73 75 76
40 41 57 59 60 61 65 71 72 77
40 41 57 59 60 61 65 71 72 75 76
40 41 57 59 60 61 63 64 73 77
40 41 57 59 60 61 63 64 73 75 76
40 41 57 59 60 61 63 64 71 72 77
40 41 57 59 60 61 63 64 71 72 75 76
40 41 50 57 59 61 65 73
40 41 50 57 59 61 65 71 72
40 41 50 57 59 61 63 64 73
40 41 50 57 59 61 63 64 71 72
40 41 50 57 59 60 61 65 73
40 41 50 57 59 60 61 65 71 72
40 41 50 57 59 60 61 63 64 73
40 41 50 57 59 60 61 63 64 71 72
40 41 46 57 59 61 65 77
40 41 46 57 59 61 65 75 76
40 41 46 57 59 61 63 64 77
40 41 46 57 59 61 63 64 75 76
40 41 46 57 59 60 61 65 77
40 41 46 57 59 60 61 65 75 76
40 41 46 57 59 60 61 63 64 77
40 41 46 57 59 60 61 63 64 75 76
40 41 46 50 57 59 61 65
40 41 46 50 57 59 61 63 64
40 41 46 50 57 59 60 61 65
40 41 46 50 57 59 60 61 63 64
38 42 57 59 61 73 77
38 42 57 59 61 73 75 76
38 42 57 59 61 71 72 77
38 42 57 59 61 71 72 75 76
38 42 57 59 60 61 73 77
38 42 57 59 60 61 73 75 76
38 42 57 59 60 61 71 72 77
38 42 57 59 60 61 71 72 75 76
38 42 50 57 59 61 73
38 42 50 57 59 61 71 72
38 42 50 57 59 60 61 73
38 42 50 57 59 60 61 71 72
38 42 46 57 59 61 77
38 42 46 57 59 61 75 76
38 42 46 57 59 60 61 77
38 42 46 57 59 60 61 75 76
38 42 46 50 57 59 61
38 42 46 50 57 59 60 61
38 40 41 57 59 61 73 77
38 40 41 57 59 61 73 75 76
38 40 41 57 59 61 71 72 77
38 40 41 57 59 61 71 72 75 76
38 40 41 57 59 60 61 73 77
38 40 41 57 59 60 61 73 75 76
38 40 41 57 59 60 61 71 72 77
38 40 41 57 59 60 61 71 72 75 76
38 40 41 50 57 59 61 73
38 40 41 50 57 59 61 71 72
38 40 41 50 57 59 60 61 73
38 40 41 50 57 59 60 61 71 72
38 40 41 46 57 59 61 77
38 40 41 46 57 59 61 75 76
38 40 41 46 57 59 60 61 77
38 40 41 46 57 59 60 61 75 76
38 40 41 46 50 57 59 61
38 40 41 46 50 57 59 60 61
34 57 59 61 73
34 57 59 61 71 72
34 46 57 59 61
34 42 57 59 61 65 73 77
34 42 57 59 61 65 73 75 76
34 42 57 59 61 65 71 72 77
34 42 57 59 61 65 71 72 75 76
34 42 57 59 61 63 64 73 77
34 42 57 59 61 63 64 73 75 76
34 42 57 59 61 63 64 71 72 77
34 42 57 59 61 63 64 71 72 75 76
34 42 50 57 59 61 65 73
34 42 50 57 59 61 65 71 72
34 42 50 57 59 61 63 64 73
34 42 50 57 59 61 63 64 71 72
34 42 46 57 59 61 65 77
34 42 46 57 59 61 65 75 76
34 42 46 57 59 61 63 64 77
34 42 46 57 59 61 63 64 75 76
34 42 46 50 57 59 61 65
34 42 46 50 57 59 61 63 64
34 40 41 57 59 61 65 73 77
34 40 41 57 59 61 65 73 75 76
34 40 41 57 59 61 65 71 72 77
34 40 41 57 59 61 65 71 72 75 76
34 40 41 57 59 61 63 64 73 77
34 40 41 57 59 61 63 64 73 75 76
34 40 41 57 59 61 63 64 71 72 77
34 40 41 57 59 61 63 64 71 72 75 76
34 40 41 50 57 59 61 65 73
34 40 41 50 57 59 61 65 71 72
34 40 41 50 57 59 61 63 64 73
34 40 41 50 57 59 61 63 64 71 72
34 40 41 46 57 59 61 65 77
34 40 41 46 57 59 61 65 75 76
34 40 41 46 57 59 61 63 64 77
34 40 41 46 57 59 61 63 64 75 76
34 40 41 46 50 57 59 61 65
34 40 41 46 50 57 59 61 63 64
34 38 42 57 59 61 73 77
34 38 42 57 59 61 73 75 76
34 38 42 57 59 61 71 72 77
34 38 42 57 59 61 71 72 75 76
34 38 42 50 57 59 61 73
34 38 42 50 57 59 61 71 72
34 38 42 46 57 59 61 77
34 38 42 46 57 59 61 75 76
34 38 42 46 50 57 59 61
34 38 40 41 57 59 61 73 77
34 38 40 41 57 59 61 73 75 76
34 38 40 41 57 59 61 71 72 77
34 38 40 41 57 59 61 71 72 75 76
34 38 40 41 50 57 59 61 73
34 38 40 41 50 57 59 61 71 72
34 38 40 41 46 57 59 61 77
34 38 40 41 46 57 59 61 75 76
34 38 40 41 46 50 57 59 61
15 57 59 61 65 73 77
15 57 59 61 65 73 75 76
15 57 59 61 65 71 72 77
15 57 59 61 65 71 72 75 76
15 57 59 61 63 64 73 77
15 57 59 61 63 64 73 75 76
15 57 59 61 63 64 71 72 77
15 57 59 61 63 64 71 72 75 76
15 57 59 60 61 65 73 77
15 57 59 60 61 65 73 75 76
15 57 59 60 61 65 71 72 77
15 57 59 60 61 65 71 72 75 76
15 57 59 60 61 63 64 73 77
15 57 59 60 61 63 64 73 75 76
15 57 59 60 61 63 64 71 72 77
15 57 59 60 61 63 64 71 72 75 76
15 50 57 59 61 65 73
15 50 57 59 61 65 71 72
15 50 57 59 61 63 64 73
15 50 57 59 61 63 64 71 72
15 50 57 59 60 61 65 73
15 50 57 59 60 61 65 71 72
15 50 57 59 60 61 63 64 73
15 50 57 59 60 61 63 64 71 72
15 46 57 59 61 65 77
15 46 57 59 61 65 75 76
15 46 57 59 61 63 64 77
15 46 57 59 61 63 64 75 76
15 46 57 59 60 61 65 77
15 46 57 59 60 61 65 75 76
15 46 57 59 60 61 63 64 77
15 46 57 59 60 61 63 64 75 76
15 46 50 57 59 61 65
15 46 50 57 59 61 63 64
15 46 50 57 59 60 61 65
15 46 50 57 59 60 61 63 64
15 38 57 59 61 73 77
15 38 57 59 61 73 75 76
15 38 57 59 61 71 72 77
15 38 57 59 61 71 72 75 76
15 38 57 59 60 61 73 77
15 38 57 59 60 61 73 75 76
15 38 57 59 60 61 71 72 77
15 38 57 59 60 61 71 72 75 76
15 38 50 57 59 61 73
15 38 50 57 59 61 71 72
15 38 50 57 59 60 61 73
15 38 50 57 59 60 61 71 72
15 38 46 57 59 61 77
15 38 46 57 59 61 75 76
15 38 46 57 59 60 61 77
15 38 46 57 59 60 61 75 76
15 38 46 50 57 59 61
15 38 46 50 57 59 60 61
15 34 57 59 61 65 73 77
15 34 57 59 61 65 73 75 76
15 34 57 59 61 65 71 72 77
15 34 57 59 61 65 71 72 75 76
15 34 57 59 61 63 64 73 77
15 34 57 59 61 63 64 73 75 76
15 34 57 59 61 63 64 71 72 77
15 34 57 59 61 63 64 71 72 75 76
15 34 50 57 59 61 65 73
15 34 50 57 59 61 65 71 72
15 34 50 57 59 61 63 64 73
15 34 50 57 59 61 63 64 71 72
15 34 46 57 59 61 65 77
15 34 46 57 59 61 65 75 76
15 34 46 57 59 61 63 64 77
15 34 46 57 59 61 63 64 75 76
15 34 46 50 57 59 61 65
15 34 46 50 57 59 61 63 64
15 34 38 57 59 61 73 77
15 34 38 57 59 61 73 75 76
15 34 38 57 59 61 71 72 77
15 34 38 57 59 61 71 72 75 76
15 34 38 50 57 59 61 73
15 34 38 50 57 59 61 71 72
15 34 38 46 57 59 61 77
15 34 38 46 57 59 61 75 76
15 34 38 46 50 57 59 61
44 59
42 43 59
17 59
42 57 59 61 65 77 78 79
42 57 59 61 65 75 78 79
42 57 59 61 65 75 76 78 79
42 57 59 61 65 73 74 78 79
42 57 59 60 61 65 75 78 79
42 57 59 60 61 65 73 74 78 79
42 53 57 59 61 65 77
42 53 57 59 61 65 75
42 53 57 59 61 65 75 76
42 53 57 59 61 65 73 74
42 53 57 59 60 61 65 75
42 53 57 59 60 61 65 73 74
42 50 57 59 61 65 78 79
42 50 53 57 59 61 65
42 48 57 59 61 65 78 79
42 48 57 59 60 61 65 78 79
42 48 53 57 59 61 65
42 48 53 57 59 60 61 65
40 41 57 59 61 65 77 78 79
40 41 57 59 61 65 75 78 79
40 41 57 59 61 65 75 76 78 79
40 41 57 59 61 65 73 74 78 79
40 41 57 59 60 61 65 75 78 79
40 41 57 59 60 61 65 73 74 78 79
40 41 53 57 59 61 65 77
40 41 53 57 59 61 65 75
40 41 53 57 59 61 65 75 76
40 41 53 57 59 61 65 73 74
40 41 53 57 59 60 61 65 75
40 41 53 57 59 60 61 65 73 74
40 41 50 57 59 61 65 78 79
40 41 50 53 57 59 61 65
40 41 48 57 59 61 65 78 79
40 41 48 57 59 60 61 65 78 79
40 41 48 53 57 59 61 65
40 41 48 53 57 59 60 61 65
34 42 57 59 61 65 75 78 79
34 42 57 59 61 65 73 74 78 79
34 42 53 57 59 61 65 75
34 42 53 57 59 61 65 73 74
34 42 48 57 59 61 65 78 79
34 42 48 53 57 59 61 65
34 40 41 57 59 61 65 75 78 79
34 40 41 57 59 61 65 73 74 78 79
34 40 41 53 57 59 61 65 75
34 40 41 53 57 59 61 65 73 74
34 40 41 48 57 59 61 65 78 79
34 40 41 48 53 57 59 61 65
15 57 59 61 65 77 78 79
15 57 59 61 65 75 78 79
15 57 59 61 65 75 76 78 79
15 57 59 61 65 73 74 78 79
15 57 59 60 61 65 75 78 79
15 57 59 60 61 65 73 74 78 79
15 53 57 59 61 65 77
15 53 57 59 61 65 75
15 53 57 59 61 65 75 76
15 53 57 59 61 65 73 74
15 53 57 59 60 61 65 75
15 53 57 59 60 61 65 73 74
15 50 57 59 61 65 78 79
15 50 53 57 59 61 65
15 48 57 59 61 65 78 79
15 48 57 59 60 61 65 78 79
15 48 53 57 59 61 65
15 48 53 57 59 60 61 65
15 34 57 59 61 65 75 78 79
15 34 57 59 61 65 73 74 78 79
15 34 53 57 59 61 65 75
15 34 53 57 59 61 65 73 74
15 34 48 57 59 61 65 78 79
15 34 48 53 57 59 61 65
