42 57 59 60 73
42 57 59 60 71 72
42 46 57 59 60
40 41 57 59 60 73
40 41 57 59 60 71 72
40 41 46 57 59 60
18 42 57 59 73
18 42 57 59 71 72
18 42 46 57 59
18 40 41 57 59 73
18 40 41 57 59 71 72
18 40 41 46 57 59
16 17 42 57 59 73
16 17 42 57 59 71 72
16 17 42 46 57 59
16 17 40 41 57 59 73
16 17 40 41 57 59 71 72
16 17 40 41 46 57 59
15 57 59 60 73
15 57 59 60 71 72
15 46 57 59 60
15 18 57 59 73
15 18 57 59 71 72
15 18 46 57 59
15 16 17 57 59 73
15 16 17 57 59 71 72
15 16 17 46 57 59
1 36
59 73
59 71 72
59 65 73
59 65 71 72
46 59
46 59 65
42 59 73 78
42 59 73 76 77
42 59 71 72 78
42 59 71 72 76 77
42 59 65 73 78
42 59 65 73 76 77
42 59 65 71 72 78
42 59 65 71 72 76 77
42 51 59 73
42 51 59 71 72
42 51 59 65 73
42 51 59 65 71 72
42 46 59 78
42 46 59 76 77
42 46 59 65 78
42 46 59 65 76 77
42 46 51 59
42 46 51 59 65
40 41 59 73 78
40 41 59 73 76 77
40 41 59 71 72 78
40 41 59 71 72 76 77
40 41 59 65 73 78
40 41 59 65 73 76 77
40 41 59 65 71 72 78
40 41 59 65 71 72 76 77
40 41 51 59 73
40 41 51 59 71 72
40 41 51 59 65 73
40 41 51 59 65 71 72
40 41 46 59 78
40 41 46 59 76 77
40 41 46 59 65 78
40 41 46 59 65 76 77
40 41 46 51 59
40 41 46 51 59 65
15 59 73 78
15 59 73 76 77
15 59 71 72 78
15 59 71 72 76 77
15 59 65 73 78
15 59 65 73 76 77
15 59 65 71 72 78
15 59 65 71 72 76 77
15 51 59 73
15 51 59 71 72
15 51 59 65 73
15 51 59 65 71 72
15 46 59 78
15 46 59 76 77
15 46 59 65 78
15 46 59 65 76 77
15 46 51 59
15 46 51 59 65
69 71 78 79
69 70 78 79
67 68 71 78 79
67 68 69 70 78 79
61
53 69 71
53 69 70
53 67 68 71
53 67 68 69 70
44 69 78 79
44 67 68 78 79
44 53 69
44 53 67 68
42 71 78 79
42 69 70 78 79
42 53 71
42 53 69 70
42 44 78 79
42 44 53
20 68 69
20 67 68
20 42 68
1 67 68
1 10 67 78 79
1 10 65 66 78 79
1 10 53 67
1 10 53 65 66
1 10 40 78 79
1 10 40 53
67 71
67 69 70
65 66 71
65 66 69 70
44 67
44 65 66
40 71
40 69 70
40 44
20 55 67
20 55 65 66
20 40 55
10 67 78 79
10 65 66 78 79
10 53 67
10 53 65 66
10 40 78 79
10 40 53
1 71
1 69 70
1 67 69
1 65 66 69
1 65 66 67 68
1 61 78 79
1 55 67
1 55 67 78 79
1 55 67 69
1 55 67 68
1 55 65 66
1 55 65 66 78 79
1 55 65 66 69
1 55 65 66 67 68
1 53 61
1 53 55 67
1 53 55 65 66
1 44
1 42 67
1 42 65 66
1 42 55 67
1 42 55 65 66
1 40 69
1 40 67 68
1 40 55
1 40 55 78 79
1 40 55 69
1 40 55 67 68
1 40 53 55
1 40 42
1 40 42 55
1 20 67
1 20 65 66
1 20 40
67
65 66
51 67
51 65 66
49 50 67
49 50 65 66
40
40 51
40 49 50
24 67
24 65 66
24 40
22
61 67 78 79
61 65 66 78 79
55
55 69
55 67 68
55 61 68
53 61 67
53 61 65 66
42 55
40 61 78 79
40 53 61
36 69
36 67 68
36 42
10
10 69
10 67 68
10 42
1 67
1 67 73 78 79
1 67 71 72 78 79
1 65 66
1 65 66 73 78 79
1 65 66 71 72 78 79
1 61 68
1 53 67 73
1 53 67 71 72
1 53 65 66 73
1 53 65 66 71 72
1 46 67 78 79
1 46 65 66 78 79
1 46 53 67
1 46 53 65 66
1 40
1 40 73 78 79
1 40 71 72 78 79
1 40 53 73
1 40 53 71 72
1 40 46 78 79
1 40 46 53
61 73 77
61 73 75 76
61 71 72 77
61 71 72 75 76
59 61 73
59 61 71 72
50 61 73
50 61 71 72
46 61 77
46 61 75 76
46 59 61
46 50 61
44 61 73 77
44 61 73 75 76
44 61 71 72 77
44 61 71 72 75 76
44 50 61 73
44 50 61 71 72
44 46 61 77
44 46 61 75 76
44 46 50 61
42 59 61 73
42 59 61 71 72
42 46 59 61
42 43 61 73 77
42 43 61 73 75 76
42 43 61 71 72 77
42 43 61 71 72 75 76
42 43 50 61 73
42 43 50 61 71 72
42 43 46 61 77
42 43 46 61 75 76
42 43 46 50 61
40 41 59 61 73
40 41 59 61 71 72
40 41 46 59 61
17 61 73 77
17 61 73 75 76
17 61 71 72 77
17 61 71 72 75 76
17 50 61 73
17 50 61 71 72
17 46 61 77
17 46 61 75 76
17 46 50 61
15 59 61 73
15 59 61 71 72
15 46 59 61
42 59 61 73 75 76 77
42 59 61 71 72 75 76 77
42 46 59 61 75 76 77
40 41 59 61 73 75 76 77
40 41 59 61 71 72 75 76 77
40 41 46 59 61 75 76 77
15 59 61 73 75 76 77
15 59 61 71 72 75 76 77
15 46 59 61 75 76 77
42 59 61 73 75 78
42 59 61 73 74 78
42 59 61 73 74 76 77
42 59 61 71 72 75 78
42 59 61 71 72 73 74 78
42 59 61 71 72 73 74 76 77
42 59 60 61 73 75 78
42 59 60 61 73 75 76 77
42 59 60 61 73 74 78
42 59 60 61 73 74 76 77
42 59 60 61 71 72 75 78
42 59 60 61 71 72 75 76 77
42 59 60 61 71 72 73 74 78
42 59 60 61 71 72 73 74 76 77
42 51 59 61 73 75
42 51 59 61 73 74
42 51 59 61 71 72 75
42 51 59 61 71 72 73 74
42 51 59 60 61 73 75
42 51 59 60 61 73 74
42 51 59 60 61 71 72 75
42 51 59 60 61 71 72 73 74
42 48 59 61 73 78
42 48 59 61 73 76 77
42 48 59 61 71 72 78
42 48 59 61 71 72 76 77
42 48 59 60 61 73 78
42 48 59 60 61 73 76 77
42 48 59 60 61 71 72 78
42 48 59 60 61 71 72 76 77
42 48 51 59 61 73
42 48 51 59 61 71 72
42 48 51 59 60 61 73
42 48 51 59 60 61 71 72
42 46 59 61 75 78
42 46 59 61 73 74 78
42 46 59 61 73 74 76 77
42 46 59 60 61 75 78
42 46 59 60 61 75 76 77
42 46 59 60 61 73 74 78
42 46 59 60 61 73 74 76 77
42 46 51 59 61 75
42 46 51 59 61 73 74
42 46 51 59 60 61 75
42 46 51 59 60 61 73 74
42 46 48 59 61 78
42 46 48 59 61 76 77
42 46 48 59 60 61 78
42 46 48 59 60 61 76 77
42 46 48 51 59 61
42 46 48 51 59 60 61
40 41 59 61 73 75 78
40 41 59 61 73 74 78
40 41 59 61 73 74 76 77
40 41 59 61 71 72 75 78
40 41 59 61 71 72 73 74 78
40 41 59 61 71 72 73 74 76 77
40 41 59 60 61 73 75 78
40 41 59 60 61 73 75 76 77
40 41 59 60 61 73 74 78
40 41 59 60 61 73 74 76 77
40 41 59 60 61 71 72 75 78
40 41 59 60 61 71 72 75 76 77
40 41 59 60 61 71 72 73 74 78
40 41 59 60 61 71 72 73 74 76 77
40 41 51 59 61 73 75
40 41 51 59 61 73 74
40 41 51 59 61 71 72 75
40 41 51 59 61 71 72 73 74
40 41 51 59 60 61 73 75
40 41 51 59 60 61 73 74
40 41 51 59 60 61 71 72 75
40 41 51 59 60 61 71 72 73 74
40 41 48 59 61 73 78
40 41 48 59 61 73 76 77
40 41 48 59 61 71 72 78
40 41 48 59 61 71 72 76 77
40 41 48 59 60 61 73 78
40 41 48 59 60 61 73 76 77
40 41 48 59 60 61 71 72 78
40 41 48 59 60 61 71 72 76 77
40 41 48 51 59 61 73
40 41 48 51 59 61 71 72
40 41 48 51 59 60 61 73
40 41 48 51 59 60 61 71 72
40 41 46 59 61 75 78
40 41 46 59 61 73 74 78
40 41 46 59 61 73 74 76 77
40 41 46 59 60 61 75 78
40 41 46 59 60 61 75 76 77
40 41 46 59 60 61 73 74 78
40 41 46 59 60 61 73 74 76 77
40 41 46 51 59 61 75
40 41 46 51 59 61 73 74
40 41 46 51 59 60 61 75
40 41 46 51 59 60 61 73 74
40 41 46 48 59 61 78
40 41 46 48 59 61 76 77
40 41 46 48 59 60 61 78
40 41 46 48 59 60 61 76 77
40 41 46 48 51 59 61
40 41 46 48 51 59 60 61
34 42 59 61 73 75 78
34 42 59 61 73 75 76 77
34 42 59 61 73 74 78
34 42 59 61 73 74 76 77
34 42 59 61 71 72 75 78
34 42 59 61 71 72 75 76 77
34 42 59 61 71 72 73 74 78
34 42 59 61 71 72 73 74 76 77
34 42 51 59 61 73 75
34 42 51 59 61 73 74
34 42 51 59 61 71 72 75
34 42 51 59 61 71 72 73 74
34 42 48 59 61 73 78
34 42 48 59 61 73 76 77
34 42 48 59 61 71 72 78
34 42 48 59 61 71 72 76 77
34 42 48 51 59 61 73
34 42 48 51 59 61 71 72
34 42 46 59 61 75 78
34 42 46 59 61 75 76 77
34 42 46 59 61 73 74 78
34 42 46 59 61 73 74 76 77
34 42 46 51 59 61 75
34 42 46 51 59 61 73 74
34 42 46 48 59 61 78
34 42 46 48 59 61 76 77
34 42 46 48 51 59 61
34 40 41 59 61 73 75 78
34 40 41 59 61 73 75 76 77
34 40 41 59 61 73 74 78
34 40 41 59 61 73 74 76 77
34 40 41 59 61 71 72 75 78
34 40 41 59 61 71 72 75 76 77
34 40 41 59 61 71 72 73 74 78
34 40 41 59 61 71 72 73 74 76 77
34 40 41 51 59 61 73 75
34 40 41 51 59 61 73 74
34 40 41 51 59 61 71 72 75
34 40 41 51 59 61 71 72 73 74
34 40 41 48 59 61 73 78
34 40 41 48 59 61 73 76 77
34 40 41 48 59 61 71 72 78
34 40 41 48 59 61 71 72 76 77
34 40 41 48 51 59 61 73
34 40 41 48 51 59 61 71 72
34 40 41 46 59 61 75 78
34 40 41 46 59 61 75 76 77
34 40 41 46 59 61 73 74 78
34 40 41 46 59 61 73 74 76 77
34 40 41 46 51 59 61 75
34 40 41 46 51 59 61 73 74
34 40 41 46 48 59 61 78
34 40 41 46 48 59 61 76 77
34 40 41 46 48 51 59 61
15 59 61 73 75 78
15 59 61 73 74 78
15 59 61 73 74 76 77
15 59 61 71 72 75 78
15 59 61 71 72 73 74 78
15 59 61 71 72 73 74 76 77
15 59 60 61 73 75 78
15 59 60 61 73 75 76 77
15 59 60 61 73 74 78
15 59 60 61 73 74 76 77
15 59 60 61 71 72 75 78
15 59 60 61 71 72 75 76 77
15 59 60 61 71 72 73 74 78
15 59 60 61 71 72 73 74 76 77
15 51 59 61 73 75
15 51 59 61 73 74
15 51 59 61 71 72 75
15 51 59 61 71 72 73 74
15 51 59 60 61 73 75
15 51 59 60 61 73 74
15 51 59 60 61 71 72 75
15 51 59 60 61 71 72 73 74
15 48 59 61 73 78
15 48 59 61 73 76 77
15 48 59 61 71 72 78
15 48 59 61 71 72 76 77
15 48 59 60 61 73 78
15 48 59 60 61 73 76 77
15 48 59 60 61 71 72 78
15 48 59 60 61 71 72 76 77
15 48 51 59 61 73
15 48 51 59 61 71 72
15 48 51 59 60 61 73
15 48 51 59 60 61 71 72
15 46 59 61 75 78
15 46 59 61 73 74 78
15 46 59 61 73 74 76 77
15 46 59 60 61 75 78
15 46 59 60 61 75 76 77
15 46 59 60 61 73 74 78
15 46 59 60 61 73 74 76 77
15 46 51 59 61 75
15 46 51 59 61 73 74
15 46 51 59 60 61 75
15 46 51 59 60 61 73 74
15 46 48 59 61 78
15 46 48 59 61 76 77
15 46 48 59 60 61 78
15 46 48 59 60 61 76 77
15 46 48 51 59 61
15 46 48 51 59 60 61
15 34 59 61 73 75 78
15 34 59 61 73 75 76 77
15 34 59 61 73 74 78
15 34 59 61 73 74 76 77
15 34 59 61 71 72 75 78
15 34 59 61 71 72 75 76 77
15 34 59 61 71 72 73 74 78
15 34 59 61 71 72 73 74 76 77
15 34 51 59 61 73 75
15 34 51 59 61 73 74
15 34 51 59 61 71 72 75
15 34 51 59 61 71 72 73 74
15 34 48 59 61 73 78
15 34 48 59 61 73 76 77
15 34 48 59 61 71 72 78
15 34 48 59 61 71 72 76 77
15 34 48 51 59 61 73
15 34 48 51 59 61 71 72
15 34 46 59 61 75 78
15 34 46 59 61 75 76 77
15 34 46 59 61 73 74 78
15 34 46 59 61 73 74 76 77
15 34 46 51 59 61 75
15 34 46 51 59 61 73 74
15 34 46 48 59 61 78
15 34 46 48 59 61 76 77
15 34 46 48 51 59 61
