69
67 68
42
42 57 61 73 78 79
42 57 61 71 72 78 79
42 57 59 60 73 78 79
42 57 59 60 71 72 78 79
42 53 57 61 73
42 53 57 61 71 72
42 53 57 59 60 73
42 53 57 59 60 71 72
42 46 57 61 78 79
42 46 57 59 60 78 79
42 46 53 57 61
42 46 53 57 59 60
40 41 57 61 73 78 79
40 41 57 61 71 72 78 79
40 41 57 59 60 73 78 79
40 41 57 59 60 71 72 78 79
40 41 53 57 61 73
40 41 53 57 61 71 72
40 41 53 57 59 60 73
40 41 53 57 59 60 71 72
40 41 46 57 61 78 79
40 41 46 57 59 60 78 79
40 41 46 53 57 61
40 41 46 53 57 59 60
34 42 57 73 78 79
34 42 57 71 72 78 79
34 42 53 57 73
34 42 53 57 71 72
34 42 46 57 78 79
34 42 46 53 57
34 40 41 57 73 78 79
34 40 41 57 71 72 78 79
34 40 41 53 57 73
34 40 41 53 57 71 72
34 40 41 46 57 78 79
34 40 41 46 53 57
15 57 61 73 78 79
15 57 61 71 72 78 79
15 57 59 60 73 78 79
15 57 59 60 71 72 78 79
15 53 57 61 73
15 53 57 61 71 72
15 53 57 59 60 73
15 53 57 59 60 71 72
15 46 57 61 78 79
15 46 57 59 60 78 79
15 46 53 57 61
15 46 53 57 59 60
15 34 57 73 78 79
15 34 57 71 72 78 79
15 34 53 57 73
15 34 53 57 71 72
15 34 46 57 78 79
15 34 46 53 57
