78
78 79
76 77
71
70
69 78 79
69 73
69 73 78 79
69 71 72
69 71 72 78 79
69 70
68
68 78 79
68 69
68 69 78
68 69 76 77
68 69 73
68 69 71 72
67 78
67 77 78 79
67 76 77
67 73
67 73 78 79
67 71 78 79
67 71 72
67 71 72 78 79
67 70 78 79
67 69
67 69 78 79
67 69 70 78 79
67 68
67 68 78
67 68 78 79
67 68 76 77
67 68 73 78 79
67 68 71
67 68 71 78 79
67 68 71 72 78 79
67 68 69
67 68 69 78 79
67 68 69 70
67 68 69 70 78 79
66 78 79
66 67 69
66 67 68
65 66 78
65 66 77 78 79
65 66 76 77
65 66 73
65 66 73 78 79
65 66 71 78 79
65 66 71 72
65 66 71 72 78 79
65 66 70 78 79
65 66 69
65 66 69 78 79
65 66 69 70 78 79
65 66 68
65 66 68 78 79
65 66 68 71
65 66 68 71 78 79
65 66 68 69
65 66 68 69 78 79
65 66 68 69 70
65 66 68 69 70 78 79
65 66 67
65 66 67 68 78 79
64
64 65 67
64 65 66
63 78 79
63 68 69 78 79
63 67 68 78 79
61 78 79
61 69 78 79
61 68
61 67 78 79
61 67 73
61 67 71 72
61 67 68 78 79
61 65 66 78 79
61 65 66 73
61 65 66 71 72
61 62 78 79
61 62 68 69 78 79
61 62 67 68 78 79
59
59 69 78 79
59 69 73
59 69 71
59 69 71 72
59 69 70
59 68 69
59 67
59 67 68
59 67 68 78 79
59 67 68 73
59 67 68 71
59 67 68 71 72
59 67 68 69 70
59 65 66
59 61 73
59 61 71 72
57 67
57 65 66
57 59 73
57 59 73 78
57 59 73 76 77
57 59 71 72
57 59 71 72 78
57 59 71 72 76 77
56 67
56 65 66
55 69
55 69 78 79
55 69 71
55 69 71 78 79
55 69 70
55 69 70 78 79
55 68
55 68 69
55 68 69 78 79
55 67 68 71
55 67 68 71 78 79
55 67 68 69 70
55 67 68 69 70 78 79
55 61 78 79
55 61 69
55 61 68 69 78 79
55 61 67 68
55 61 67 68 78 79
55 59 69 78 79
55 59 67 68 78 79
54
54 78 79
54 69
54 69 78 79
54 68 69 78 79
54 67 68
54 67 68 78 79
54 65 66 68 78 79
54 55 67
54 55 65 66
53 78 79
53 69
53 69 73
53 69 71 72
53 68
53 67
53 67 79
53 67 77 78
53 67 73
53 67 71
53 67 71 72
53 67 70
53 67 69
53 67 69 70
53 67 68
53 67 68 73
53 67 68 71
53 67 68 71 72
53 67 68 69
53 67 68 69 70
53 66
53 65 66
53 65 66 79
53 65 66 77 78
53 65 66 73
53 65 66 71
53 65 66 71 72
53 65 66 70
53 65 66 69
53 65 66 69 70
53 65 66 68
53 65 66 68 71
53 65 66 68 69
53 65 66 68 69 70
53 65 66 67 68
53 63
53 63 68 69
53 63 67 68
53 61
53 61 69
53 61 67
53 61 67 68
53 61 65 66
53 61 62
53 61 62 68 69
53 61 62 67 68
53 59 69
53 59 67 68
53 55 69
53 55 69 71
53 55 69 70
53 55 68 69
53 55 67 68 71
53 55 67 68 69 70
53 55 61
53 55 61 68 69
53 55 61 67 68
53 55 59 69
53 55 59 67 68
53 54
53 54 78 79
53 54 69
53 54 68 69
53 54 67
53 54 67 78 79
53 54 67 68
53 54 65 66
53 54 65 66 78 79
53 54 65 66 68
53 54 61 69
53 54 61 68 69
53 54 61 68 69 78 79
53 54 61 67 68 78 79
53 54 59 69 78 79
53 54 59 67 68 78 79
52 53 78 79
52 53 69
52 53 69 78 79
52 53 67 68
52 53 67 68 78 79
51
51 69
51 69 79
51 69 77 78
51 68 69
51 67
51 67 68 79
51 67 68 77 78
51 65 69
51 65 67 68
51 65 66
51 57 59 73
51 57 59 71 72
51 52 78 79
51 52 69
51 52 67 68
51 52 53
49 59 69
49 59 67 68
49 54 69
49 54 67 68
49 50 69
49 50 69 79
49 50 69 77 78
49 50 67 68
49 50 67 68 79
49 50 67 68 77 78
49 50 65 69
49 50 65 67 68
49 50 52 69
49 50 52 67 68
47 67
47 65 66
47 48 59 69
47 48 59 67 68
47 48 54 69
47 48 54 67 68
46 78 79
46 69
46 69 78 79
46 67 68
46 67 68 78 79
46 61 67
46 61 65 66
46 59 69
46 59 67 68
46 59 61
46 57 59
46 57 59 78
46 57 59 76 77
46 53
46 53 69
46 53 67 68
46 51 57 59
45 68 69 78 79
45 67
45 67 68 78 79
45 65 66
45 53 68 69
45 53 67 68
45 46 67
45 46 65 66
44
44 78 79
44 67 78 79
44 67 68
44 67 68 78 79
44 65 66 78 79
44 65 66 68
44 65 66 68 78 79
44 59 69
44 59 67 68
44 59 61 73
44 59 61 71 72
44 57 59 75
44 57 59 73
44 57 59 73 75
44 57 59 71 72
44 57 59 71 72 75
44 57 59 71 72 73 74
44 57 58 59 73
44 57 58 59 73 75
44 57 58 59 73 74
44 57 58 59 71 72
44 57 58 59 71 72 75
44 57 58 59 71 72 73 74
44 55 69
44 55 69 78 79
44 55 67 68
44 55 67 68 78 79
44 53
44 53 67
44 53 67 68
44 53 65 66
44 53 65 66 68
44 53 55 69
44 53 55 67 68
44 48 57 59
44 48 57 59 73
44 48 57 59 71 72
44 48 57 58 59 73
44 48 57 58 59 71 72
44 46 59 61
44 46 57 59
44 46 57 59 75
44 46 57 59 73 74
44 46 57 58 59
44 46 57 58 59 75
44 46 57 58 59 73 74
44 46 48 57 59
44 46 48 57 58 59
44 45 78 79
44 45 53
43
43 44 68 69 78 79
43 44 67 68 78 79
43 44 53 68 69
43 44 53 67 68
42 78 79
42 73
42 73 78 79
42 71 72
42 71 72 78 79
42 68 78
42 68 76 77
42 68 73
42 68 71 72
42 67
42 67 78 79
42 67 68
42 66 67
42 65 66
42 65 66 78 79
42 65 66 68
42 63 68 78 79
42 61 78 79
42 61 65 73 78
42 61 65 73 78 79
42 61 65 73 76 77
42 61 65 71 72 78
42 61 65 71 72 78 79
42 61 65 71 72 76 77
42 61 63 64 73 78
42 61 63 64 73 78 79
42 61 63 64 73 76 77
42 61 63 64 71 72 78
42 61 63 64 71 72 78 79
42 61 63 64 71 72 76 77
42 61 62 68 78 79
42 59 78 79
42 59 73
42 59 71
42 59 71 72
42 59 69 70
42 59 68
42 57 59 73 78
42 57 59 73 76 77
42 57 59 71 72 78
42 57 59 71 72 76 77
42 55
42 55 78 79
42 55 71
42 55 71 78 79
42 55 69 70
42 55 69 70 78 79
42 55 68
42 55 68 78 79
42 55 61
42 55 61 68 78 79
42 55 59 78 79
42 54
42 54 78 79
42 54 68 78 79
42 53
42 53 73
42 53 71 72
42 53 67
42 53 65 66
42 53 63 68
42 53 61
42 53 61 65 73
42 53 61 65 71 72
42 53 61 63 64 73
42 53 61 63 64 71 72
42 53 61 62 68
42 53 59
42 53 55
42 53 55 71
42 53 55 69 70
42 53 55 68
42 53 55 61 68
42 53 55 59
42 53 54
42 53 54 68
42 53 54 61
42 53 54 61 68
42 53 54 61 68 78 79
42 53 54 59 78 79
42 52 53
42 52 53 78 79
42 51
42 51 79
42 51 77 78
42 51 68
42 51 65
42 51 61 65 73
42 51 61 65 71 72
42 51 61 63 64 73
42 51 61 63 64 71 72
42 51 57 59 73
42 51 57 59 71 72
42 51 52
42 49 59
42 49 54
42 49 50
42 49 50 79
42 49 50 77 78
42 49 50 65
42 49 50 52
42 47 48 59
42 47 48 54
42 46
42 46 78 79
42 46 61 65 78
42 46 61 65 78 79
42 46 61 65 76 77
42 46 61 63 64 78
42 46 61 63 64 78 79
42 46 61 63 64 76 77
42 46 59
42 46 57 59 78
42 46 57 59 76 77
42 46 53
42 46 53 61 65
42 46 53 61 63 64
42 46 51 61 65
42 46 51 61 63 64
42 46 51 57 59
42 45 68 78 79
42 45 53 68
42 44 59
42 44 57 59 75
42 44 57 59 73 74
42 44 55
42 44 55 78 79
42 44 53 55
42 44 48 57 59
42 43 78 79
42 43 59 61 73
42 43 59 61 71 72
42 43 57 59 73
42 43 57 59 73 75
42 43 57 59 73 74
42 43 57 59 71 72
42 43 57 59 71 72 75
42 43 57 59 71 72 73 74
42 43 57 58 59 73
42 43 57 58 59 73 75
42 43 57 58 59 73 74
42 43 57 58 59 71 72
42 43 57 58 59 71 72 75
42 43 57 58 59 71 72 73 74
42 43 53
42 43 48 57 59 73
42 43 48 57 59 71 72
42 43 48 57 58 59 73
42 43 48 57 58 59 71 72
42 43 46 59 61
42 43 46 57 59
42 43 46 57 59 75
42 43 46 57 59 73 74
42 43 46 57 58 59
42 43 46 57 58 59 75
42 43 46 57 58 59 73 74
42 43 46 48 57 59
42 43 46 48 57 58 59
42 43 44 68 78 79
42 43 44 53 68
41 69
41 67
41 67 68
41 65 66
41 42
40 78
40 77 78 79
40 76 77
40 73
40 73 78 79
40 71 78 79
40 71 72
40 71 72 78 79
40 70 78 79
40 69
40 69 78 79
40 69 70 78 79
40 68
40 68 78 79
40 68 71
40 68 71 78 79
40 68 69
40 68 69 78 79
40 68 69 70
40 68 69 70 78 79
40 67 68 78 79
40 66
40 66 67
40 64 65
40 61 78 79
40 61 73
40 61 71 72
40 59
40 57
40 56
40 54 68 78 79
40 54 55
40 53
40 53 79
40 53 77 78
40 53 73
40 53 71
40 53 71 72
40 53 70
40 53 69
40 53 69 70
40 53 68
40 53 68 71
40 53 68 69
40 53 68 69 70
40 53 67 68
40 53 61
40 53 54
40 53 54 78 79
40 53 54 68
40 51
40 47
40 46 61
40 45
40 45 46
40 44 78 79
40 44 68
40 44 68 78 79
40 44 53
40 44 53 68
40 42
40 42 78 79
40 42 68
40 42 53
40 41
40 41 61 65 73 78
40 41 61 65 73 78 79
40 41 61 65 73 76 77
40 41 61 65 71 72 78
40 41 61 65 71 72 78 79
40 41 61 65 71 72 76 77
40 41 61 63 64 73 78
40 41 61 63 64 73 78 79
40 41 61 63 64 73 76 77
40 41 61 63 64 71 72 78
40 41 61 63 64 71 72 78 79
40 41 61 63 64 71 72 76 77
40 41 57 59 73 78
40 41 57 59 73 76 77
40 41 57 59 71 72 78
40 41 57 59 71 72 76 77
40 41 53 61 65 73
40 41 53 61 65 71 72
40 41 53 61 63 64 73
40 41 53 61 63 64 71 72
40 41 51 61 65 73
40 41 51 61 65 71 72
40 41 51 61 63 64 73
40 41 51 61 63 64 71 72
40 41 51 57 59 73
40 41 51 57 59 71 72
40 41 46 61 65 78
40 41 46 61 65 78 79
40 41 46 61 65 76 77
40 41 46 61 63 64 78
40 41 46 61 63 64 78 79
40 41 46 61 63 64 76 77
40 41 46 57 59 78
40 41 46 57 59 76 77
40 41 46 53 61 65
40 41 46 53 61 63 64
40 41 46 51 61 65
40 41 46 51 61 63 64
40 41 46 51 57 59
40 41 44 57 59 75
40 41 44 57 59 73 74
40 41 44 48 57 59
40 41 42 43 57 59 75
40 41 42 43 57 59 73 74
40 41 42 43 48 57 59
39 67
39 65 66
39 40
38 67
38 67 68 78 79
38 65 66
38 65 66 68 78 79
38 53 67 68
38 53 65 66 68
38 42 61 73 78
38 42 61 73 78 79
38 42 61 73 76 77
38 42 61 71 72 78
38 42 61 71 72 78 79
38 42 61 71 72 76 77
38 42 53 61 73
38 42 53 61 71 72
38 42 51 61 73
38 42 51 61 71 72
38 42 46 61 78
38 42 46 61 78 79
38 42 46 61 76 77
38 42 46 53 61
38 42 46 51 61
38 40
38 40 68 78 79
38 40 53 68
38 40 41 61 73 78
38 40 41 61 73 78 79
38 40 41 61 73 76 77
38 40 41 61 71 72 78
38 40 41 61 71 72 78 79
38 40 41 61 71 72 76 77
38 40 41 53 61 73
38 40 41 53 61 71 72
38 40 41 51 61 73
38 40 41 51 61 71 72
38 40 41 46 61 78
38 40 41 46 61 78 79
38 40 41 46 61 76 77
38 40 41 46 53 61
38 40 41 46 51 61
38 39
37
37 78 79
37 67
37 65 66
37 53
37 51 69
37 51 67 68
37 49 50 69
37 49 50 67 68
37 42 51
37 42 49 50
37 40
36
36 68 69 78 79
36 67
36 67 78 79
36 67 73
36 67 71 72
36 65 66
36 65 66 78 79
36 65 66 73
36 65 66 71 72
36 65 66 68 78 79
36 59 68 69
36 59 67 68
36 55 78 79
36 55 67
36 55 67 68 78 79
36 55 65 66
36 55 65 66 68 78 79
36 53 68 69
36 53 67
36 53 65 66
36 53 65 66 68
36 53 55
36 53 55 67 68
36 53 55 65 66 68
36 42 68 78 79
36 42 59 68
36 42 53 68
36 40
36 40 78 79
36 40 73
36 40 71 72
36 40 68 78 79
36 40 55
36 40 55 68 78 79
36 40 53
36 40 53 68
36 40 53 55 68
36 37 67
36 37 65 66
36 37 40
35
35 78 79
35 69
35 68 69
35 61
35 53
35 42
35 42 68
35 36
35 36 78 79
35 36 67
35 36 65 66
35 36 53
35 36 40
34 78 79
34 73
34 71 72
34 69
34 69 78 79
34 68
34 68 78 79
34 68 73
34 68 71 72
34 68 69
34 68 69 78 79
34 67 78 79
34 67 73
34 67 73 78 79
34 67 71 72
34 67 71 72 78 79
34 67 68 73 78 79
34 67 68 71 72 78 79
34 66
34 65 78 79
34 65 66 78 79
34 65 66 73
34 65 66 71 72
34 65 66 68 73 78 79
34 65 66 68 71 72 78 79
34 64 78 79
34 64 65
34 63 69
34 63 69 78 79
34 63 68 78 79
34 63 67 68
34 63 67 68 78 79
34 61
34 61 78 79
34 61 71
34 61 71 78 79
34 61 69 71
34 61 69 70 78 79
34 61 67
34 61 67 78 79
34 61 67 69 78 79
34 61 67 68 78 79
34 61 67 68 71
34 61 67 68 69 70
34 61 65 66
34 61 65 66 78 79
34 61 65 66 69 78 79
34 61 65 66 67 68 78 79
34 61 63 69
34 61 63 67 68
34 61 62 69 78 79
34 61 62 68 78 79
34 61 62 67 68 78 79
34 59 69 78 79
34 59 67 69
34 59 67 68
34 59 67 68 78 79
34 59 65 66 69
34 59 65 66 67 68
34 59 63
34 59 61
34 59 61 62
34 57 61
34 57 61 71
34 57 61 69 70
34 55 69
34 55 68 69 78 79
34 55 67
34 55 67 69
34 55 67 68 78 79
34 55 65 66
34 55 65 66 69
34 55 65 66 67 68
34 55 63
34 55 61
34 55 61 69
34 55 61 69 78 79
34 55 61 68
34 55 61 67 78 79
34 55 61 67 68
34 55 61 67 68 78 79
34 55 61 65 66 78 79
34 55 61 63
34 55 59
34 55 59 69 78 79
34 55 59 69 71
34 55 59 69 70
34 55 59 67
34 55 59 67 78 79
34 55 59 67 71 78 79
34 55 59 67 69 70 78 79
34 55 59 67 68 78 79
34 55 59 67 68 71
34 55 59 67 68 69 70
34 55 59 65 66
34 55 59 65 66 78 79
34 55 59 65 66 71 78 79
34 55 59 65 66 69 70 78 79
34 55 59 63
34 55 59 61 62
34 55 56 61
34 55 56 61 71
34 55 56 61 69 70
34 54 69
34 54 69 78 79
34 54 67 68
34 54 67 68 78 79
34 54 61 69
34 54 61 67 68
34 54 59
34 54 55
34 54 55 61
34 54 55 59
34 53
34 53 69
34 53 68
34 53 68 69
34 53 67
34 53 67 73
34 53 67 71 72
34 53 67 68 73
34 53 67 68 71 72
34 53 65
34 53 65 66
34 53 65 66 68 73
34 53 65 66 68 71 72
34 53 64
34 53 63 69
34 53 63 68
34 53 63 67 68
34 53 61
34 53 61 71
34 53 61 69 70
34 53 61 67
34 53 61 67 69
34 53 61 67 68
34 53 61 65 66
34 53 61 65 66 69
34 53 61 65 66 67 68
34 53 61 62 69
34 53 61 62 68
34 53 61 62 67 68
34 53 59 69
34 53 59 67 68
34 53 55 68 69
34 53 55 67 68
34 53 55 61 69
34 53 55 61 67
34 53 55 61 67 68
34 53 55 61 65 66
34 53 55 59 69
34 53 55 59 67
34 53 55 59 67 71
34 53 55 59 67 69 70
34 53 55 59 67 68
34 53 55 59 65 66
34 53 55 59 65 66 71
34 53 55 59 65 66 69 70
34 53 54 69
34 53 54 67 68
34 53 54 61 78 79
34 53 54 61 68
34 53 54 59 69
34 53 54 59 67 68
34 53 54 55 61 69
34 53 54 55 61 69 78 79
34 53 54 55 61 67
34 53 54 55 61 67 78 79
34 53 54 55 61 67 68
34 53 54 55 61 67 68 78 79
34 53 54 55 61 65 66
34 53 54 55 61 65 66 78 79
34 53 54 55 59 67
34 53 54 55 59 67 78 79
34 53 54 55 59 65 66
34 53 54 55 59 65 66 78 79
34 52 78 79
34 52 53
34 52 53 69 78 79
34 52 53 68
34 52 53 68 78 79
34 52 53 67 68 78 79
34 52 53 61 69
34 52 53 61 67 68
34 52 53 59
34 52 53 55
34 52 53 55 61
34 52 53 55 59
34 46
34 46 68
34 46 67
34 46 67 78 79
34 46 67 68 78 79
34 46 65 66
34 46 65 66 68 78 79
34 46 53 67
34 46 53 67 68
34 46 53 65 66 68
34 45
34 44 61
34 44 61 78 79
34 44 61 69
34 44 61 67 68
34 44 57 61
34 44 55 59 69
34 44 55 59 67 78 79
34 44 55 59 67 68
34 44 55 59 65 66 78 79
34 44 55 56 61
34 44 53 61
34 44 53 55 59 67
34 44 53 55 59 65 66
34 43 78 79
34 43 53
34 42
34 42 78 79
34 42 68
34 42 68 78 79
34 42 63
34 42 63 78 79
34 42 61 71
34 42 61 69 70
34 42 61 67 78 79
34 42 61 65 66 78 79
34 42 61 63
34 42 61 62 78 79
34 42 59 78 79
34 42 59 67
34 42 59 65 66
34 42 55
34 42 55 68 78 79
34 42 55 67
34 42 55 65 66
34 42 55 61
34 42 55 61 78 79
34 42 55 59 78 79
34 42 55 59 71
34 42 55 59 69 70
34 42 54
34 42 54 78 79
34 42 54 61
34 42 53
34 42 53 68
34 42 53 63
34 42 53 61 67
34 42 53 61 65 66
34 42 53 61 62
34 42 53 59
34 42 53 55 68
34 42 53 55 61
34 42 53 55 59
34 42 53 54
34 42 53 54 59
34 42 53 54 55 61
34 42 53 54 55 61 78 79
34 42 52 53 78 79
34 42 52 53 61
34 42 44 61
34 42 44 55 59
34 40 78 79
34 40 73
34 40 71 72
34 40 68 73 78 79
34 40 68 71 72 78 79
34 40 61
34 40 61 78 79
34 40 61 69 78 79
34 40 61 67 68 78 79
34 40 59 69
34 40 59 67 68
34 40 55
34 40 55 69
34 40 55 67 68
34 40 55 61 78 79
34 40 55 59
34 40 55 59 78 79
34 40 55 59 71 78 79
34 40 55 59 69 70 78 79
34 40 53
34 40 53 68 73
34 40 53 68 71 72
34 40 53 61
34 40 53 61 69
34 40 53 61 67 68
34 40 53 55 61
34 40 53 55 59
34 40 53 55 59 71
34 40 53 55 59 69 70
34 40 53 54 55 61
34 40 53 54 55 61 78 79
34 40 53 54 55 59
34 40 53 54 55 59 78 79
34 40 46
34 40 46 68 78 79
34 40 46 53 68
34 40 44 55 59 78 79
34 40 44 53 55 59
34 40 42 61 78 79
34 40 42 59
34 40 42 55
34 40 42 53 61
34 39
34 36 78 79
34 36 61 71 78 79
34 36 61 69 78 79
34 36 61 69 70 78 79
34 36 61 67 68 78 79
34 36 53
34 36 53 61 71
34 36 53 61 69
34 36 53 61 69 70
34 36 53 61 67 68
34 36 44 61 78 79
34 36 44 53 61
34 36 42 61 78 79
34 36 42 53 61
34 35 78 79
34 35 68 69 78 79
34 35 67 68 78 79
34 35 53
34 35 53 68 69
34 35 53 67 68
34 35 42 68 78 79
34 35 42 53 68
33 34 78 79
33 34 53
31
30 34 61
30 34 61 71
30 34 61 69 70
30 34 44 61
29 67
29 65 66
29 40
29 30
28 78 79
28 67 78 79
28 65 66 78 79
28 61 69
28 61 68 69 78 79
28 61 67 68
28 61 67 68 78 79
28 59 69
28 59 69 78 79
28 59 67 68
28 59 67 68 78 79
28 53
28 53 67
28 53 65 66
28 53 61 68 69
28 53 61 67 68
28 53 59 69
28 53 59 67 68
28 42 61
28 42 61 68 78 79
28 42 59
28 42 59 78 79
28 42 53 61 68
28 42 53 59
28 40 78 79
28 40 53
28 34 61
28 34 61 78 79
28 34 61 68
28 34 59 69
28 34 59 67 68
28 34 55 61 69 78 79
28 34 55 61 67 78 79
28 34 55 61 67 68 78 79
28 34 55 61 65 66 78 79
28 34 55 59 67 78 79
28 34 55 59 65 66 78 79
28 34 53 61
28 34 53 55 61 69
28 34 53 55 61 67
28 34 53 55 61 67 68
28 34 53 55 61 65 66
28 34 53 55 59 67
28 34 53 55 59 65 66
28 34 42 59
28 34 42 55 61 78 79
28 34 42 53 55 61
28 34 40 55 61 78 79
28 34 40 55 59 78 79
28 34 40 53 55 61
28 34 40 53 55 59
27
27 78 79
27 69 71 78 79
27 69 70 78 79
27 67
27 67 68 71 78 79
27 67 68 69 70 78 79
27 65 66
27 53
27 53 69 71
27 53 69 70
27 53 67 68 71
27 53 67 68 69 70
27 44 69 78 79
27 44 67 68 78 79
27 44 53 69
27 44 53 67 68
27 42 71 78 79
27 42 69 70 78 79
27 42 53 71
27 42 53 69 70
27 42 44 78 79
27 42 44 53
27 40
27 34 69
27 34 69 78 79
27 34 68 69 78 79
27 34 67 68
27 34 63 68 69 78 79
27 34 63 67 68 78 79
27 34 61 69
27 34 61 67 68
27 34 61 62 68 69 78 79
27 34 61 62 67 68 78 79
27 34 59
27 34 55
27 34 55 61
27 34 55 59
27 34 54 68 69 78 79
27 34 54 67 68 78 79
27 34 53 69
27 34 53 68 69
27 34 53 63 68 69
27 34 53 63 67 68
27 34 53 61 62 68 69
27 34 53 61 62 67 68
27 34 53 54 68 69
27 34 53 54 67 68
27 34 52 53 68 69
27 34 52 53 68 69 78 79
27 34 52 53 67 68
27 34 52 53 67 68 78 79
27 34 42
27 34 42 78 79
27 34 42 68 78 79
27 34 42 63 68 78 79
27 34 42 61
27 34 42 61 62 68 78 79
27 34 42 54 68 78 79
27 34 42 53
27 34 42 53 68
27 34 42 53 63 68
27 34 42 53 61 62 68
27 34 42 53 54 68
27 34 42 52 53 68
27 34 42 52 53 68 78 79
26 67
26 65 66
26 40
26 27
25
25 78 79
25 53
25 34 73 78 79
25 34 71 72 78 79
25 34 53 73
25 34 53 71 72
25 34 46 78 79
25 34 46 53
24 78 79
24 69
24 69 79
24 69 77 78
24 67 68
24 67 68 79
24 67 68 77 78
24 65 69
24 65 67 68
24 53
24 52 69
24 52 67 68
24 42
24 42 79
24 42 77 78
24 42 65
24 42 52
24 37 69
24 37 67 68
24 37 42
24 25 78 79
24 25 53
23 24
23 24 34 73 78 79
23 24 34 71 72 78 79
23 24 34 53 73
23 24 34 53 71 72
23 24 34 46 78 79
23 24 34 46 53
22
22 69
22 69 71
22 69 70
22 67
22 67 68
22 67 68 71
22 67 68 69 70
22 65 66
22 55 67
22 55 65 66
22 51 69
22 51 67 68
22 49 50 69
22 49 50 67 68
22 44 69
22 44 67 68
22 42
22 42 71
22 42 69 70
22 42 51
22 42 49 50
22 42 44
22 40
22 40 55
22 34 59 63
22 34 59 61 62
22 34 54 59
22 34 52 53 59
22 27 34 59
22 24 69
22 24 67 68
22 24 42
22 23 78 79
22 23 53
21
21 68 69
21 67
21 67 78 79
21 67 68
21 65 66
21 65 66 78 79
21 53 67
21 53 65 66
21 42 68
21 40
21 40 78 79
21 40 53
21 36 67
21 36 65 66
21 36 40
21 34 78 79
21 34 53
20
20 71
20 69 78 79
20 69 71
20 67
20 67 78
20 67 78 79
20 67 76 77
20 67 68 78 79
20 67 68 71
20 67 68 69 70
20 65 66
20 65 66 78
20 65 66 78 79
20 65 66 76 77
20 63 69
20 63 67 68
20 61
20 61 69
20 61 69 78 79
20 61 67
20 61 67 68
20 61 67 68 78 79
20 61 65 66
20 61 62 69
20 61 62 67 68
20 57 67
20 57 65 66
20 55
20 55 69 78 79
20 55 67
20 55 67 78 79
20 55 67 68 78 79
20 55 65 66
20 55 65 66 78 79
20 55 61 69
20 55 61 69 78 79
20 55 61 67 68
20 55 61 67 68 78 79
20 54 69
20 54 67 68
20 53 69
20 53 67
20 53 67 68
20 53 65 66
20 53 61 69
20 53 61 67 68
20 53 55 69
20 53 55 67
20 53 55 67 68
20 53 55 65 66
20 53 55 61 69
20 53 55 61 67 68
20 53 54 61 69
20 53 54 61 67 68
20 51 69
20 51 67
20 51 67 68
20 51 65 66
20 50
20 49 50 69
20 49 50 67 68
20 48 49
20 45 69
20 45 67 68
20 44
20 44 69
20 44 67 68
20 43 44 69
20 43 44 67 68
20 42 78 79
20 42 71
20 42 69 70
20 42 63
20 42 61
20 42 61 78 79
20 42 61 62
20 42 55 78 79
20 42 55 61
20 42 55 61 78 79
20 42 54
20 42 53
20 42 53 61
20 42 53 55
20 42 53 55 61
20 42 53 54 61
20 42 51
20 42 49 50
20 42 45
20 42 44
20 42 43 44
20 40
20 40 78
20 40 78 79
20 40 76 77
20 40 61
20 40 57
20 40 55
20 40 55 78 79
20 40 53
20 40 53 55
20 40 51
20 38 69
20 38 67
20 38 67 68
20 38 65 66
20 38 42
20 38 40
20 36
20 36 78 79
20 36 69 71
20 36 69 70
20 36 68 69
20 36 67 68
20 36 67 68 71
20 36 67 68 69 70
20 36 59 69
20 36 59 67 68
20 36 54 69
20 36 54 67 68
20 36 53
20 36 51 69
20 36 51 67 68
20 36 49 50 69
20 36 49 50 67 68
20 36 44 69
20 36 44 67 68
20 36 42 71
20 36 42 69 70
20 36 42 68
20 36 42 59
20 36 42 54
20 36 42 51
20 36 42 49 50
20 36 42 44
20 34 69
20 34 68 69 78 79
20 34 67 68
20 34 67 68 78 79
20 34 63 67
20 34 63 65 66
20 34 61 62 67
20 34 61 62 65 66
20 34 55
20 34 55 61
20 34 54 67
20 34 54 65 66
20 34 53 68 69
20 34 53 67 68
20 34 53 54 61
20 34 52 53 67
20 34 52 53 65 66
20 34 42
20 34 42 68 78 79
20 34 42 53 68
20 34 40 63
20 34 40 61 62
20 34 40 54
20 34 40 52 53
20 34 35 69
20 34 35 67 68
20 34 35 42
20 28 61 69
20 28 61 67 68
20 28 42 61
20 28 34 61
20 27 34
20 27 34 67
20 27 34 65 66
20 27 34 40
20 24 69
20 24 67 68
20 24 42
20 24 36 69
20 24 36 67 68
20 24 36 42
20 23
20 22 69
20 22 67 68
20 22 55 67
20 22 55 65 66
20 22 42
20 22 40 55
20 22 34
19 78 79
19 53
18 68 69 78 79
18 67 68 78 79
18 53 68 69
18 53 67 68
18 42 68 78 79
18 42 53 68
18 20 69
18 20 67 68
18 20 42
17 78 79
17 59 61 73
17 59 61 71 72
17 57 59 75
17 57 59 73
17 57 59 73 75
17 57 59 71 72
17 57 59 71 72 75
17 57 59 71 72 73 74
17 57 58 59 73
17 57 58 59 73 75
17 57 58 59 73 74
17 57 58 59 71 72
17 57 58 59 71 72 75
17 57 58 59 71 72 73 74
17 53
17 48 57 59
17 48 57 59 73
17 48 57 59 71 72
17 48 57 58 59 73
17 48 57 58 59 71 72
17 46 59 61
17 46 57 59
17 46 57 59 75
17 46 57 59 73 74
17 46 57 58 59
17 46 57 58 59 75
17 46 57 58 59 73 74
17 46 48 57 59
17 46 48 57 58 59
17 42 57 59 75
17 42 57 59 73 74
17 42 48 57 59
17 40 41 57 59 75
17 40 41 57 59 73 74
17 40 41 48 57 59
16 44 57 59 73
16 44 57 59 73 75
16 44 57 59 73 74
16 44 57 59 71 72
16 44 57 59 71 72 75
16 44 57 59 71 72 73 74
16 44 48 57 59 73
16 44 48 57 59 71 72
16 44 46 57 59
16 44 46 57 59 75
16 44 46 57 59 73 74
16 44 46 48 57 59
16 42 43 57 59 73
16 42 43 57 59 73 75
16 42 43 57 59 73 74
16 42 43 57 59 71 72
16 42 43 57 59 71 72 75
16 42 43 57 59 71 72 73 74
16 42 43 48 57 59 73
16 42 43 48 57 59 71 72
16 42 43 46 57 59
16 42 43 46 57 59 75
16 42 43 46 57 59 73 74
16 42 43 46 48 57 59
16 17 57 59 73
16 17 57 59 73 75
16 17 57 59 73 74
16 17 57 59 71 72
16 17 57 59 71 72 75
16 17 57 59 71 72 73 74
16 17 48 57 59 73
16 17 48 57 59 71 72
16 17 46 57 59
16 17 46 57 59 75
16 17 46 57 59 73 74
16 17 46 48 57 59
15 61 65 73 78
15 61 65 73 78 79
15 61 65 73 76 77
15 61 65 71 72 78
15 61 65 71 72 78 79
15 61 65 71 72 76 77
15 61 63 64 73 78
15 61 63 64 73 78 79
15 61 63 64 73 76 77
15 61 63 64 71 72 78
15 61 63 64 71 72 78 79
15 61 63 64 71 72 76 77
15 57 59 73 78
15 57 59 73 76 77
15 57 59 71 72 78
15 57 59 71 72 76 77
15 53 61 65 73
15 53 61 65 71 72
15 53 61 63 64 73
15 53 61 63 64 71 72
15 51 61 65 73
15 51 61 65 71 72
15 51 61 63 64 73
15 51 61 63 64 71 72
15 51 57 59 73
15 51 57 59 71 72
15 46 61 65 78
15 46 61 65 78 79
15 46 61 65 76 77
15 46 61 63 64 78
15 46 61 63 64 78 79
15 46 61 63 64 76 77
15 46 57 59 78
15 46 57 59 76 77
15 46 53 61 65
15 46 53 61 63 64
15 46 51 61 65
15 46 51 61 63 64
15 46 51 57 59
15 44 57 59 75
15 44 57 59 73 74
15 44 48 57 59
15 42 43 57 59 75
15 42 43 57 59 73 74
15 42 43 48 57 59
15 38 61 73 78
15 38 61 73 78 79
15 38 61 73 76 77
15 38 61 71 72 78
15 38 61 71 72 78 79
15 38 61 71 72 76 77
15 38 53 61 73
15 38 53 61 71 72
15 38 51 61 73
15 38 51 61 71 72
15 38 46 61 78
15 38 46 61 78 79
15 38 46 61 76 77
15 38 46 53 61
15 38 46 51 61
15 17 57 59 75
15 17 57 59 73 74
15 17 48 57 59
14 15 44 57 59 73
14 15 44 57 59 73 75
14 15 44 57 59 73 74
14 15 44 57 59 71 72
14 15 44 57 59 71 72 75
14 15 44 57 59 71 72 73 74
14 15 44 48 57 59 73
14 15 44 48 57 59 71 72
14 15 44 46 57 59
14 15 44 46 57 59 75
14 15 44 46 57 59 73 74
14 15 44 46 48 57 59
14 15 42 43 57 59 73
14 15 42 43 57 59 73 75
14 15 42 43 57 59 73 74
14 15 42 43 57 59 71 72
14 15 42 43 57 59 71 72 75
14 15 42 43 57 59 71 72 73 74
14 15 42 43 48 57 59 73
14 15 42 43 48 57 59 71 72
14 15 42 43 46 57 59
14 15 42 43 46 57 59 75
14 15 42 43 46 57 59 73 74
14 15 42 43 46 48 57 59
14 15 17 57 59 73
14 15 17 57 59 73 75
14 15 17 57 59 73 74
14 15 17 57 59 71 72
14 15 17 57 59 71 72 75
14 15 17 57 59 71 72 73 74
14 15 17 48 57 59 73
14 15 17 48 57 59 71 72
14 15 17 46 57 59
14 15 17 46 57 59 75
14 15 17 46 57 59 73 74
14 15 17 46 48 57 59
13
11 67
11 65 66
11 40
10 78 79
10 67 68 78 79
10 65 66 68 78 79
10 55
10 53
10 53 67 68
10 53 65 66 68
10 40 68 78 79
10 40 53 68
10 36 67 68 78 79
10 36 65 66 68 78 79
10 36 53 67 68
10 36 53 65 66 68
10 36 40 68 78 79
10 36 40 53 68
10 34 78 79
10 34 69 78 79
10 34 67
10 34 67 68 78 79
10 34 65 66
10 34 61 71 78 79
10 34 61 69 78 79
10 34 61 69 70 78 79
10 34 61 67 68 78 79
10 34 59
10 34 57 61 69
10 34 57 61 67 68
10 34 55 56 61 69
10 34 55 56 61 67 68
10 34 53
10 34 53 69
10 34 53 67 68
10 34 53 61 71
10 34 53 61 69
10 34 53 61 69 70
10 34 53 61 67 68
10 34 44 61 78 79
10 34 44 53 61
10 34 42 78 79
10 34 42 61 78 79
10 34 42 57 61
10 34 42 55 56 61
10 34 42 53
10 34 42 53 61
10 34 40
10 30 34 61 69
10 30 34 61 67 68
10 30 34 42 61
10 20 69
10 20 67 68
10 20 42
10 20 38 69
10 20 38 67 68
10 20 38 42
9 69
9 68 69 78 79
9 67 68
9 67 68 78 79
9 53 68 69
9 53 67 68
9 49 69
9 49 67 68
9 47 48 69
9 47 48 67 68
9 42
9 42 68 78 79
9 42 53 68
9 42 49
9 42 47 48
9 20 69
9 20 67 68
9 20 42
9 20 36 69
9 20 36 67 68
9 20 36 42
8 55
8 34 55
8 34 55 63
8 34 55 61 62
8 34 54 55
8 34 52 53 55
8 27 34 55
8 9 67 78 79
8 9 65 66 78 79
8 9 53 67
8 9 53 65 66
8 9 40 78 79
8 9 40 53
8 9 34 78 79
8 9 34 53
7
7 51 69
7 51 67 68
7 49 50 69
7 49 50 67 68
7 42 51
7 42 49 50
7 24 69
7 24 67 68
7 24 42
4
1
1 78 79
1 73
1 71
1 71 72
1 70
1 69 71
1 68 69 78 79
1 67 78 79
1 67 69
1 67 68 71
1 67 68 69 70
1 66 67 69
1 66 67 68
1 65 66 78 79
1 65 66 69
1 65 66 68 78 79
1 65 66 67 68
1 61
1 61 78 79
1 61 69 78 79
1 61 67
1 61 67 69
1 61 67 68
1 61 67 68 78 79
1 61 65 66
1 61 65 66 69
1 61 65 66 67 68
1 59
1 59 69 78 79
1 59 67 68 78 79
1 57 58
1 55
1 53
1 53 68 69
1 53 67
1 53 65 66
1 53 65 66 68
1 53 61
1 53 61 69
1 53 61 67 68
1 53 59 69
1 53 59 67 68
1 53 54
1 51 69
1 51 67 68
1 49 50 69
1 49 50 67 68
1 46
1 44
1 44 69
1 44 67 68
1 43
1 42 71
1 42 69 70
1 42 68
1 42 68 78 79
1 42 67
1 42 66 67
1 42 65 66
1 42 61 78 79
1 42 61 67
1 42 61 65 66
1 42 59 78 79
1 42 53 68
1 42 53 61
1 42 53 59
1 42 51
1 42 49 50
1 42 44
1 41 69
1 41 67 68
1 41 42
1 40 78 79
1 40 69
1 40 68 78 79
1 40 67 68
1 40 61
1 40 61 69
1 40 61 67 68
1 40 53
1 40 53 68
1 40 42
1 40 42 61
1 36 78 79
1 36 69
1 36 67 68
1 36 67 68 78 79
1 36 65 66 68 78 79
1 36 53
1 36 53 67 68
1 36 53 65 66 68
1 36 42
1 36 40 68 78 79
1 36 40 53 68
1 34 78 79
1 34 68
1 34 65 66 78 79
1 34 63
1 34 63 69
1 34 63 69 78 79
1 34 63 67 68
1 34 63 67 68 78 79
1 34 61 63 69
1 34 61 63 67 68
1 34 61 62
1 34 61 62 69 78 79
1 34 61 62 67 68 78 79
1 34 57 61 69
1 34 57 61 67 68
1 34 55 56 61 69
1 34 55 56 61 67 68
1 34 54
1 34 54 69
1 34 54 69 78 79
1 34 54 67 68
1 34 54 67 68 78 79
1 34 54 61 69
1 34 54 61 67 68
1 34 53
1 34 53 65 66
1 34 53 63 69
1 34 53 63 67 68
1 34 53 61 62 69
1 34 53 61 62 67 68
1 34 53 54 69
1 34 53 54 67 68
1 34 52 53
1 34 52 53 69 78 79
1 34 52 53 67 68 78 79
1 34 52 53 61 69
1 34 52 53 61 67 68
1 34 42 63
1 34 42 63 78 79
1 34 42 61 63
1 34 42 61 62 78 79
1 34 42 57 61
1 34 42 55 56 61
1 34 42 54
1 34 42 54 78 79
1 34 42 54 61
1 34 42 53 63
1 34 42 53 61 62
1 34 42 53 54
1 34 42 52 53 78 79
1 34 42 52 53 61
1 34 40 78 79
1 34 40 53
1 34 36 61 69
1 34 36 61 69 78 79
1 34 36 61 67 68
1 34 36 61 67 68 78 79
1 34 36 53 61 69
1 34 36 53 61 67 68
1 34 36 42 61
1 34 36 42 61 78 79
1 34 36 42 53 61
1 32
1 30 34 61 69
1 30 34 61 67 68
1 30 34 42 61
1 28
1 27 34
1 27 34 69
1 27 34 69 78 79
1 27 34 67 68
1 27 34 67 68 78 79
1 27 34 61 69
1 27 34 61 67 68
1 27 34 53 69
1 27 34 53 67 68
1 27 34 42
1 27 34 42 78 79
1 27 34 42 61
1 27 34 42 53
1 25 34 78 79
1 25 34 53
1 24 69
1 24 67 68
1 24 42
1 23 24 34 78 79
1 23 24 34 53
1 22 69
1 22 69 71
1 22 69 70
1 22 67 68
1 22 67 68 71
1 22 67 68 69 70
1 22 44 69
1 22 44 67 68
1 22 42
1 22 42 71
1 22 42 69 70
1 22 42 44
1 22 34 67
1 22 34 65 66
1 22 34 63
1 22 34 61 62
1 22 34 54
1 22 34 52 53
1 22 34 40
1 22 27 34
1 20
1 20 69 71
1 20 69 70
1 20 67
1 20 67 68 71
1 20 67 68 69 70
1 20 61
1 20 61 69 78 79
1 20 61 67
1 20 61 67 68 78 79
1 20 61 65 66
1 20 59 69
1 20 59 67 68
1 20 53 61 69
1 20 53 61 67 68
1 20 44 69
1 20 44 67 68
1 20 42 71
1 20 42 69 70
1 20 42 61 78 79
1 20 42 59
1 20 42 53 61
1 20 42 44
1 20 40 61
1 20 38 69
1 20 38 67 68
1 20 38 42
1 20 36
1 20 36 69 71
1 20 36 69 70
1 20 36 67 68 71
1 20 36 67 68 69 70
1 20 36 61 67
1 20 36 61 65 66
1 20 36 44 69
1 20 36 44 67 68
1 20 36 42 71
1 20 36 42 69 70
1 20 36 42 44
1 20 36 40 61
1 20 34 67
1 20 34 65 66
1 20 34 40
1 20 25
1 20 23 24
1 20 22 69
1 20 22 67 68
1 20 22 42
1 10
1 10 34 61 69 78 79
1 10 34 61 67 68 78 79
1 10 34 53 61 69
1 10 34 53 61 67 68
1 10 34 42 61 78 79
1 10 34 42 53 61
1 7
0 67 68 78 79
0 65 66 68 78 79
0 53 67 68
0 53 65 66 68
0 40 68 78 79
0 40 53 68
0 34 68 78 79
0 34 53 68

