79
77 78
73
73 78 79
71 78 79
71 72
71 72 78 79
70
69
69 78 79
69 71
69 70
69 70 78 79
68 73
68 73 78 79
68 71 78 79
68 71 72
68 71 72 78 79
68 69
68 69 73 78 79
68 69 71 78 79
68 69 71 72 78 79
67
67 78
67 78 79
67 76 77
67 73 78 79
67 71 72 78 79
67 68 78 79
67 68 73 78 79
67 68 71
67 68 71 78 79
67 68 71 72 78 79
67 68 69 70
67 68 69 70 78 79
66
66 67 69
66 67 68
65
65 78 79
65 66 78
65 66 78 79
65 66 76 77
65 66 68
64 65
63 68 69 78 79
63 67 68 78 79
61 78 79
61 73
61 71 78 79
61 71 72
61 69 70 78 79
61 68 78 79
61 68 73 78 79
61 68 71 78 79
61 68 71 72 78 79
61 68 69 70 78 79
61 67
61 67 69 78 79
61 67 68 78 79
61 65 66 69 78 79
61 65 66 67 68 78 79
61 62 68 69 78 79
61 62 67 68 78 79
59
59 69 78 79
59 69 71 78 79
59 69 70 78 79
59 68
59 67 68 78 79
59 67 68 71 78 79
59 67 68 69 70 78 79
59 63
59 61 77
59 61 75
59 61 75 76
59 61 73 74
59 61 62
59 60 61 75
59 60 61 73 74
57 61
57 59 69
57 59 67 68
57 59 61 73
57 59 61 71 72
57 59 60 61 73
57 59 60 61 71 72
57 58 78 79
57 58 59 61 73
57 58 59 61 71 72
57 58 59 60 73
57 58 59 60 71 72
55
55 78 79
55 69 78 79
55 67 68 78 79
55 61
55 61 71
55 61 69 71
55 61 67 68 71
55 61 67 68 69 70
55 59 78 79
55 59 61 71
55 59 61 69 70
55 59 61 63
55 59 61 63 78
55 59 61 63 76 77
55 59 61 62
55 59 61 62 78
55 59 61 62 76 77
55 56 61
55 56 59 69
55 56 59 67 68
54
54 68 69 78 79
54 67 68 78 79
54 59
53 73
53 71
53 71 72
53 69
53 69 70
53 68
53 68 73
53 68 71
53 68 71 72
53 68 69 73
53 68 69 71
53 68 69 71 72
53 67
53 67 73
53 67 71 72
53 67 68
53 67 68 73
53 67 68 71
53 67 68 71 72
53 67 68 69 70
53 65
53 65 66
53 63 68 69
53 63 67 68
53 61
53 61 71
53 61 69
53 61 69 70
53 61 68
53 61 68 73
53 61 68 71
53 61 68 71 72
53 61 68 69 70
53 61 67 69
53 61 65 66 69
53 61 65 66 67 68
53 61 62 68 69
53 61 62 67 68
53 59 69
53 59 69 71
53 59 69 70
53 59 67 68
53 59 67 68 71
53 59 67 68 69 70
53 57 58
53 55
53 55 69
53 55 67 68
53 55 59
53 54 68 69
53 54 67 68
53 54 61 71
53 54 61 69 71
53 54 61 67 68 71
53 54 61 67 68 69 70
53 54 59 61 71
53 54 59 61 69 70
52 53
52 53 68 69
52 53 68 69 78 79
52 53 67 68
52 53 67 68 78 79
52 53 59
51
51 78 79
51 61 69 78 79
51 61 67 68 78 79
51 59
51 59 69
51 59 69 71 78 79
51 59 69 70 78 79
51 59 67 68
51 59 67 68 71 78 79
51 59 67 68 69 70 78 79
51 55 59 61 63
51 55 59 61 62
51 53
51 53 61 69
51 53 61 67 68
51 53 59 69 71
51 53 59 69 70
51 53 59 67 68 71
51 53 59 67 68 69 70
51 52 68
51 52 61 69
51 52 61 67 68
50
50 59 61
49 50
49 50 78 79
49 50 67
49 50 65 66
49 50 61 69 78 79
49 50 61 67 68 78 79
49 50 59
49 50 59 69
49 50 59 69 71 78 79
49 50 59 69 70 78 79
49 50 59 67 68
49 50 59 67 68 71 78 79
49 50 59 67 68 69 70 78 79
49 50 53
49 50 53 61 69
49 50 53 61 67 68
49 50 53 59 69 71
49 50 53 59 69 70
49 50 53 59 67 68 71
49 50 53 59 67 68 69 70
48 59 61
48 59 60 61
48 49
46 68
46 68 78 79
46 68 69 78 79
46 67 78 79
46 67 68 78 79
46 61
46 61 68 78 79
46 57 59 61
46 57 59 60 61
46 57 58 59 61
46 57 58 59 60
46 53 68
46 53 68 69
46 53 67
46 53 67 68
46 53 61 68
44 69
44 68
44 68 78 79
44 68 69 78 79
44 67 68
44 67 68 78 79
44 61 78 79
44 61 69
44 61 68 78 79
44 61 67 68
44 59 69 78 79
44 59 67 68 78 79
44 59 61 73
44 59 61 71 72
44 55 61
44 55 61 69
44 55 61 67 68
44 55 59 61
44 53 68
44 53 68 69
44 53 67 68
44 53 61
44 53 61 68
44 53 59 69
44 53 59 67 68
44 53 54 61
44 53 54 61 69
44 53 54 61 67 68
44 53 54 59 61
44 51 59 69 78 79
44 51 59 67 68 78 79
44 51 53 59 69
44 51 53 59 67 68
44 49 50 59 69 78 79
44 49 50 59 67 68 78 79
44 49 50 53 59 69
44 49 50 53 59 67 68
44 46 59 61
44 45
44 45 78 79
44 45 53
43 44
42
42 78 79
42 71
42 69 70
42 68 73 78 79
42 68 71 78 79
42 68 71 72 78 79
42 68 69 70 78 79
42 66 67
42 63 68 78 79
42 61 73 78
42 61 73 76 77
42 61 71 72 78
42 61 71 72 76 77
42 61 67 78 79
42 61 65 66 78 79
42 61 62 68 78 79
42 59 78 79
42 59 71 78 79
42 59 69 70 78 79
42 59 61 73 78
42 59 61 73 78 79
42 59 61 73 76 77
42 59 61 71 72 78
42 59 61 71 72 78 79
42 59 61 71 72 76 77
42 57 60 61 73 78
42 57 60 61 73 76 77
42 57 60 61 71 72 78
42 57 60 61 71 72 76 77
42 57 59
42 57 59 73
42 57 59 71 72
42 57 59 60 73
42 57 59 60 71 72
42 57 59 60 63 73 78
42 57 59 60 63 73 76 77
42 57 59 60 63 71 72 78
42 57 59 60 63 71 72 76 77
42 57 59 60 61 73
42 57 59 60 61 73 78
42 57 59 60 61 73 76 77
42 57 59 60 61 71 72
42 57 59 60 61 71 72 78
42 57 59 60 61 71 72 76 77
42 57 59 60 61 63 73 78
42 57 59 60 61 63 73 76 77
42 57 59 60 61 63 71 72 78
42 57 59 60 61 63 71 72 76 77
42 57 58 59 61 73
42 57 58 59 61 71 72
42 57 58 59 61 63 73 78
42 57 58 59 61 63 73 76 77
42 57 58 59 61 63 71 72 78
42 57 58 59 61 63 71 72 76 77
42 57 58 59 60 73
42 57 58 59 60 71 72
42 57 58 59 60 63 73 78
42 57 58 59 60 63 73 76 77
42 57 58 59 60 63 71 72 78
42 57 58 59 60 63 71 72 76 77
42 55 78 79
42 55 61 71
42 55 61 69 70
42 55 59 61 78
42 55 59 61 76 77
42 55 56 59
42 54 68 78 79
42 53
42 53 68 73
42 53 68 71
42 53 68 71 72
42 53 68 69 70
42 53 63 68
42 53 61
42 53 61 67
42 53 61 65 66
42 53 61 62 68
42 53 59
42 53 59 71
42 53 59 69 70
42 53 59 61 73
42 53 59 61 71 72
42 53 55
42 53 54 68
42 53 54 61 71
42 53 54 61 69 70
42 52 53 68
42 52 53 68 78 79
42 51 61 78 79
42 51 61 73
42 51 61 71 72
42 51 59
42 51 59 71 78 79
42 51 59 69 70 78 79
42 51 59 61 73
42 51 59 61 71 72
42 51 57 60 61 73
42 51 57 60 61 71 72
42 51 57 59 60 63 73
42 51 57 59 60 63 71 72
42 51 57 59 60 61 73
42 51 57 59 60 61 71 72
42 51 57 59 60 61 63 73
42 51 57 59 60 61 63 71 72
42 51 57 58 59 61 63 73
42 51 57 58 59 61 63 71 72
42 51 57 58 59 60 63 73
42 51 57 58 59 60 63 71 72
42 51 55 59 61
42 51 53 61
42 51 53 59 71
42 51 53 59 69 70
42 51 52 61
42 49 50 61 78 79
42 49 50 59
42 49 50 59 71 78 79
42 49 50 59 69 70 78 79
42 49 50 53 61
42 49 50 53 59 71
42 49 50 53 59 69 70
42 46 68 78 79
42 46 61 78
42 46 61 76 77
42 46 59 61 78
42 46 59 61 78 79
42 46 59 61 76 77
42 46 57 60 61 78
42 46 57 60 61 76 77
42 46 57 59
42 46 57 59 60
42 46 57 59 60 63 78
42 46 57 59 60 63 76 77
42 46 57 59 60 61
42 46 57 59 60 61 78
42 46 57 59 60 61 76 77
42 46 57 59 60 61 63 78
42 46 57 59 60 61 63 76 77
42 46 57 58 59 61
42 46 57 58 59 61 63 78
42 46 57 58 59 61 63 76 77
42 46 57 58 59 60
42 46 57 58 59 60 63 78
42 46 57 58 59 60 63 76 77
42 46 53 68
42 46 53 59 61
42 46 51 61
42 46 51 59 61
42 46 51 57 60 61
42 46 51 57 59 60 63
42 46 51 57 59 60 61
42 46 51 57 59 60 61 63
42 46 51 57 58 59 61 63
42 46 51 57 58 59 60 63
42 44
42 44 68 78 79
42 44 61
42 44 59 78 79
42 44 55 61
42 44 53 68
42 44 53 59
42 44 53 54 61
42 44 51 59 78 79
42 44 51 53 59
42 44 49 50 59 78 79
42 44 49 50 53 59
42 43 78 79
42 43 68
42 43 61
42 43 61 69
42 43 61 67 68
42 43 59 61 73
42 43 59 61 71 72
42 43 53
42 43 46 59 61
41
41 69
41 67 68
41 42
40
40 78
40 78 79
40 76 77
40 68
40 61 69 78 79
40 61 67 68 78 79
40 53
40 53 61 69
40 53 61 67 68
40 49 50
40 42 61 78 79
40 42 53 61
40 41 61 73 78
40 41 61 73 76 77
40 41 61 71 72 78
40 41 61 71 72 76 77
40 41 59 61 73 78
40 41 59 61 73 78 79
40 41 59 61 73 76 77
40 41 59 61 71 72 78
40 41 59 61 71 72 78 79
40 41 59 61 71 72 76 77
40 41 57 60 61 73 78
40 41 57 60 61 73 76 77
40 41 57 60 61 71 72 78
40 41 57 60 61 71 72 76 77
40 41 57 59 73
40 41 57 59 71 72
40 41 57 59 60 73
40 41 57 59 60 71 72
40 41 57 59 60 63 73 78
40 41 57 59 60 63 73 76 77
40 41 57 59 60 63 71 72 78
40 41 57 59 60 63 71 72 76 77
40 41 57 59 60 61 73
40 41 57 59 60 61 73 78
40 41 57 59 60 61 73 76 77
40 41 57 59 60 61 71 72
40 41 57 59 60 61 71 72 78
40 41 57 59 60 61 71 72 76 77
40 41 57 59 60 61 63 73 78
40 41 57 59 60 61 63 73 76 77
40 41 57 59 60 61 63 71 72 78
40 41 57 59 60 61 63 71 72 76 77
40 41 57 58 59 61 73
40 41 57 58 59 61 71 72
40 41 57 58 59 61 63 73 78
40 41 57 58 59 61 63 73 76 77
40 41 57 58 59 61 63 71 72 78
40 41 57 58 59 61 63 71 72 76 77
40 41 57 58 59 60 73
40 41 57 58 59 60 71 72
40 41 57 58 59 60 63 73 78
40 41 57 58 59 60 63 73 76 77
40 41 57 58 59 60 63 71 72 78
40 41 57 58 59 60 63 71 72 76 77
40 41 55 59 61 78
40 41 55 59 61 76 77
40 41 53 59 61 73
40 41 53 59 61 71 72
40 41 51 61 73
40 41 51 61 71 72
40 41 51 59 61 73
40 41 51 59 61 71 72
40 41 51 57 60 61 73
40 41 51 57 60 61 71 72
40 41 51 57 59 60 63 73
40 41 51 57 59 60 63 71 72
40 41 51 57 59 60 61 73
40 41 51 57 59 60 61 71 72
40 41 51 57 59 60 61 63 73
40 41 51 57 59 60 61 63 71 72
40 41 51 57 58 59 61 63 73
40 41 51 57 58 59 61 63 71 72
40 41 51 57 58 59 60 63 73
40 41 51 57 58 59 60 63 71 72
40 41 51 55 59 61
40 41 46 61 78
40 41 46 61 76 77
40 41 46 59 61 78
40 41 46 59 61 78 79
40 41 46 59 61 76 77
40 41 46 57 60 61 78
40 41 46 57 60 61 76 77
40 41 46 57 59
40 41 46 57 59 60
40 41 46 57 59 60 63 78
40 41 46 57 59 60 63 76 77
40 41 46 57 59 60 61
40 41 46 57 59 60 61 78
40 41 46 57 59 60 61 76 77
40 41 46 57 59 60 61 63 78
40 41 46 57 59 60 61 63 76 77
40 41 46 57 58 59 61
40 41 46 57 58 59 61 63 78
40 41 46 57 58 59 61 63 76 77
40 41 46 57 58 59 60
40 41 46 57 58 59 60 63 78
40 41 46 57 58 59 60 63 76 77
40 41 46 53 59 61
40 41 46 51 61
40 41 46 51 59 61
40 41 46 51 57 60 61
40 41 46 51 57 59 60 63
40 41 46 51 57 59 60 61
40 41 46 51 57 59 60 61 63
40 41 46 51 57 58 59 61 63
40 41 46 51 57 58 59 60 63
39
39 40
38
38 68 69
38 67 68
38 42 68
38 39
37
37 78 79
37 53
36
36 78 79
36 71 78 79
36 69 70 78 79
36 68 71
36 68 71 78 79
36 68 69
36 68 69 71 78 79
36 68 69 70
36 67
36 67 78 79
36 67 71 78 79
36 67 69 70 78 79
36 67 68
36 67 68 71 78 79
36 67 68 69 70 78 79
36 65 66
36 63
36 61 71 78 79
36 61 69 78 79
36 61 69 70 78 79
36 61 68 78 79
36 61 68 71 78 79
36 61 68 69 70 78 79
36 61 67 68 78 79
36 61 62
36 59
36 59 69 78 79
36 59 67 68 78 79
36 55
36 55 59 78 79
36 55 59 61
36 55 59 61 78
36 55 59 61 76 77
36 54 78 79
36 53
36 53 71
36 53 69 70
36 53 68 71
36 53 68 69 71
36 53 67
36 53 67 71
36 53 67 69 70
36 53 67 68 71
36 53 67 68 69 70
36 53 61 71
36 53 61 69
36 53 61 69 70
36 53 61 68
36 53 61 68 71
36 53 61 68 69 70
36 53 61 67 68
36 53 59 69
36 53 59 67 68
36 53 55 59
36 53 54
36 52 53
36 51 61 69
36 51 61 69 78 79
36 51 61 67 68
36 51 61 67 68 78 79
36 51 59 69 71
36 51 59 69 71 78 79
36 51 59 69 70
36 51 59 69 70 78 79
36 51 59 67 68 71
36 51 59 67 68 71 78 79
36 51 59 67 68 69 70
36 51 59 67 68 69 70 78 79
36 51 55 59 61
36 51 53 61 69
36 51 53 61 67 68
36 51 53 59 69 71
36 51 53 59 69 70
36 51 53 59 67 68 71
36 51 53 59 67 68 69 70
36 49 50 61 69
36 49 50 61 69 78 79
36 49 50 61 67 68
36 49 50 61 67 68 78 79
36 49 50 59 69 71
36 49 50 59 69 71 78 79
36 49 50 59 69 70
36 49 50 59 69 70 78 79
36 49 50 59 67 68 71
36 49 50 59 67 68 71 78 79
36 49 50 59 67 68 69 70
36 49 50 59 67 68 69 70 78 79
36 49 50 53 61 69
36 49 50 53 61 67 68
36 49 50 53 59 69 71
36 49 50 53 59 69 70
36 49 50 53 59 67 68 71
36 49 50 53 59 67 68 69 70
36 46 78 79
36 46 53
36 44 78 79
36 44 68
36 44 68 78 79
36 44 68 69 78 79
36 44 67 78 79
36 44 67 68 78 79
36 44 61 78 79
36 44 61 68 78 79
36 44 53
36 44 53 68
36 44 53 68 69
36 44 53 67
36 44 53 67 68
36 44 53 61
36 44 53 61 68
36 44 51 59 69
36 44 51 59 69 78 79
36 44 51 59 67 68
36 44 51 59 67 68 78 79
36 44 51 53 59 69
36 44 51 53 59 67 68
36 44 49 50 59 69
36 44 49 50 59 69 78 79
36 44 49 50 59 67 68
36 44 49 50 59 67 68 78 79
36 44 49 50 53 59 69
36 44 49 50 53 59 67 68
36 44 45 78 79
36 44 45 53
36 42 68
36 42 68 71 78 79
36 42 68 69 70 78 79
36 42 61 78 79
36 42 59 78 79
36 42 53 68 71
36 42 53 68 69 70
36 42 53 61
36 42 53 59
36 42 51 61
36 42 51 61 78 79
36 42 51 59 71
36 42 51 59 71 78 79
36 42 51 59 69 70
36 42 51 59 69 70 78 79
36 42 51 53 61
36 42 51 53 59 71
36 42 51 53 59 69 70
36 42 49 50 61
36 42 49 50 61 78 79
36 42 49 50 59 71
36 42 49 50 59 71 78 79
36 42 49 50 59 69 70
36 42 49 50 59 69 70 78 79
36 42 49 50 53 61
36 42 49 50 53 59 71
36 42 49 50 53 59 69 70
36 42 44 68 78 79
36 42 44 53 68
36 42 44 51 59
36 42 44 51 59 78 79
36 42 44 51 53 59
36 42 44 49 50 59
36 42 44 49 50 59 78 79
36 42 44 49 50 53 59
36 41
36 40
36 39 40
36 37 78 79
36 37 53
35
35 78 79
35 68
35 63
35 61 69
35 61 67 68
35 61 62
35 54
35 53
35 52 53
35 42 61
34
34 79
34 77 78
34 69 78 79
34 68
34 68 78 79
34 67 78 79
34 67 68 78 79
34 65
34 65 66 78 79
34 61 69
34 61 68
34 61 67
34 61 67 68
34 61 65 66
34 59 69 78 79
34 59 67 68 78 79
34 59 61 75
34 59 61 73 74
34 57 59 73
34 57 59 71 72
34 57 59 60 73
34 57 59 60 71 72
34 57 58 59 73
34 57 58 59 71 72
34 55
34 55 78 79
34 55 68
34 55 59 61 71 78 79
34 55 59 61 69 70 78 79
34 54
34 53 69
34 53 68
34 53 67
34 53 67 68
34 53 65 66
34 53 63
34 53 61 62
34 53 59 69
34 53 59 67 68
34 53 55
34 53 55 59 61 71
34 53 55 59 61 69 70
34 53 54 61 69 71
34 53 54 61 69 70
34 53 54 61 67 68 71
34 53 54 61 67 68 69 70
34 53 54 59 61 71
34 53 54 59 61 71 78 79
34 53 54 59 61 69 70
34 53 54 59 61 69 70 78 79
34 52 53
34 51 61
34 51 61 69 78 79
34 51 61 68 69
34 51 61 67 68
34 51 61 67 68 78 79
34 51 59 69 71 78 79
34 51 59 69 70 78 79
34 51 59 68 69 71
34 51 59 68 69 70
34 51 59 67 68 71
34 51 59 67 68 71 78 79
34 51 59 67 68 69 70
34 51 59 67 68 69 70 78 79
34 51 55 61 69
34 51 55 61 67 68
34 51 53 61 69
34 51 53 61 67 68
34 51 53 59 69 71
34 51 53 59 69 70
34 51 53 59 67 68 71
34 51 53 59 67 68 69 70
34 51 52 63
34 51 52 61 62
34 49 50 61
34 49 50 61 69 78 79
34 49 50 61 68 69
34 49 50 61 67 68
34 49 50 61 67 68 78 79
34 49 50 59 69 71 78 79
34 49 50 59 69 70 78 79
34 49 50 59 68 69 71
34 49 50 59 68 69 70
34 49 50 59 67 68 71
34 49 50 59 67 68 71 78 79
34 49 50 59 67 68 69 70
34 49 50 59 67 68 69 70 78 79
34 49 50 55 61 69
34 49 50 55 61 67 68
34 49 50 53 61 69
34 49 50 53 61 67 68
34 49 50 53 59 69 71
34 49 50 53 59 69 70
34 49 50 53 59 67 68 71
34 49 50 53 59 67 68 69 70
34 48 59 61
34 46
34 46 57 59
34 46 57 59 60
34 46 57 58 59
34 46 55
34 46 53
34 46 53 78 79
34 46 53 54 55
34 46 51 52 78 79
34 46 51 52 53
34 44 78 79
34 44 63
34 44 61 62
34 44 55 78 79
34 44 55 59 61 78 79
34 44 53
34 44 53 55
34 44 53 55 59 61
34 44 53 54
34 44 53 54 78 79
34 44 53 54 61 69
34 44 53 54 61 67 68
34 44 53 54 59 61
34 44 53 54 59 61 78 79
34 44 51 59 69 78 79
34 44 51 59 68 69
34 44 51 59 67 68
34 44 51 59 67 68 78 79
34 44 51 53 59 69
34 44 51 53 59 67 68
34 44 49 50 59 69 78 79
34 44 49 50 59 68 69
34 44 49 50 59 67 68
34 44 49 50 59 67 68 78 79
34 44 49 50 53 59 69
34 44 49 50 53 59 67 68
34 44 45
34 44 45 55
34 44 45 53
34 44 45 53 78 79
34 44 45 53 54 55
34 44 45 51 52 78 79
34 44 45 51 52 53
34 43
34 42 78 79
34 42 61
34 42 59 78 79
34 42 57 60 61 73 78
34 42 57 60 61 73 76 77
34 42 57 60 61 71 72 78
34 42 57 60 61 71 72 76 77
34 42 57 59 60 73
34 42 57 59 60 71 72
34 42 57 59 60 63 73 78
34 42 57 59 60 63 73 76 77
34 42 57 59 60 63 71 72 78
34 42 57 59 60 63 71 72 76 77
34 42 57 59 60 61 73 78
34 42 57 59 60 61 73 76 77
34 42 57 59 60 61 71 72 78
34 42 57 59 60 61 71 72 76 77
34 42 57 58 59 73
34 42 57 58 59 71 72
34 42 57 58 59 63 73 78
34 42 57 58 59 63 73 76 77
34 42 57 58 59 63 71 72 78
34 42 57 58 59 63 71 72 76 77
34 42 53
34 42 53 59
34 42 53 54 61 71
34 42 53 54 61 69 70
34 42 51 61 78 79
34 42 51 61 68
34 42 51 59 71 78 79
34 42 51 59 69 70 78 79
34 42 51 59 68 71
34 42 51 59 68 69 70
34 42 51 57 60 61 73
34 42 51 57 60 61 71 72
34 42 51 57 59 60 63 73
34 42 51 57 59 60 63 71 72
34 42 51 57 59 60 61 73
34 42 51 57 59 60 61 71 72
34 42 51 57 58 59 63 73
34 42 51 57 58 59 63 71 72
34 42 51 55 61
34 42 51 53 61
34 42 51 53 59 71
34 42 51 53 59 69 70
34 42 49 50 61 78 79
34 42 49 50 61 68
34 42 49 50 59 71 78 79
34 42 49 50 59 69 70 78 79
34 42 49 50 59 68 71
34 42 49 50 59 68 69 70
34 42 49 50 55 61
34 42 49 50 53 61
34 42 49 50 53 59 71
34 42 49 50 53 59 69 70
34 42 46 57 60 61 78
34 42 46 57 60 61 76 77
34 42 46 57 59 60
34 42 46 57 59 60 63 78
34 42 46 57 59 60 63 76 77
34 42 46 57 59 60 61 78
34 42 46 57 59 60 61 76 77
34 42 46 57 58 59
34 42 46 57 58 59 63 78
34 42 46 57 58 59 63 76 77
34 42 46 51 57 60 61
34 42 46 51 57 59 60 63
34 42 46 51 57 59 60 61
34 42 46 51 57 58 59 63
34 42 44 53 54 61
34 42 44 51 59 78 79
34 42 44 51 59 68
34 42 44 51 53 59
34 42 44 49 50 59 78 79
34 42 44 49 50 59 68
34 42 44 49 50 53 59
34 42 43 78 79
34 42 43 63
34 42 43 61 62
34 42 43 55 78 79
34 42 43 53
34 42 43 53 55
34 42 43 53 54
34 42 43 53 54 78 79
34 40 78 79
34 40 61
34 40 53
34 40 41 57 60 61 73 78
34 40 41 57 60 61 73 76 77
34 40 41 57 60 61 71 72 78
34 40 41 57 60 61 71 72 76 77
34 40 41 57 59 60 73
34 40 41 57 59 60 71 72
34 40 41 57 59 60 63 73 78
34 40 41 57 59 60 63 73 76 77
34 40 41 57 59 60 63 71 72 78
34 40 41 57 59 60 63 71 72 76 77
34 40 41 57 59 60 61 73 78
34 40 41 57 59 60 61 73 76 77
34 40 41 57 59 60 61 71 72 78
34 40 41 57 59 60 61 71 72 76 77
34 40 41 57 58 59 73
34 40 41 57 58 59 71 72
34 40 41 57 58 59 63 73 78
34 40 41 57 58 59 63 73 76 77
34 40 41 57 58 59 63 71 72 78
34 40 41 57 58 59 63 71 72 76 77
34 40 41 51 57 60 61 73
34 40 41 51 57 60 61 71 72
34 40 41 51 57 59 60 63 73
34 40 41 51 57 59 60 63 71 72
34 40 41 51 57 59 60 61 73
34 40 41 51 57 59 60 61 71 72
34 40 41 51 57 58 59 63 73
34 40 41 51 57 58 59 63 71 72
34 40 41 46 57 60 61 78
34 40 41 46 57 60 61 76 77
34 40 41 46 57 59 60
34 40 41 46 57 59 60 63 78
34 40 41 46 57 59 60 63 76 77
34 40 41 46 57 59 60 61 78
34 40 41 46 57 59 60 61 76 77
34 40 41 46 57 58 59
34 40 41 46 57 58 59 63 78
34 40 41 46 57 58 59 63 76 77
34 40 41 46 51 57 60 61
34 40 41 46 51 57 59 60 63
34 40 41 46 51 57 59 60 61
34 40 41 46 51 57 58 59 63
34 37 55
34 37 53
34 37 53 78 79
34 37 53 54 55
34 37 51 52 78 79
34 37 51 52 53
34 36
34 36 53
34 36 51 52
34 36 46 55
34 36 46 53 54
34 36 44
34 36 44 45 55
34 36 44 45 53 54
34 36 42 43
34 36 37 55
34 36 37 53 54
34 35
34 35 55 78 79
34 35 53 55
34 35 53 54
34 35 53 54 78 79
34 35 36 53
34 35 36 53 78 79
34 35 36 53 54
34 35 36 53 54 55
34 35 36 51 52 78 79
34 35 36 51 52 53
33 57 59 61 73
33 57 59 61 71 72
33 57 59 60 73
33 57 59 60 71 72
33 46 57 59 61
33 46 57 59 60
33 42 57 61 73 78
33 42 57 61 73 76 77
33 42 57 61 71 72 78
33 42 57 61 71 72 76 77
33 42 57 59 61 73
33 42 57 59 61 73 78
33 42 57 59 61 73 76 77
33 42 57 59 61 71 72
33 42 57 59 61 71 72 78
33 42 57 59 61 71 72 76 77
33 42 57 59 61 63 73 78
33 42 57 59 61 63 73 76 77
33 42 57 59 61 63 71 72 78
33 42 57 59 61 63 71 72 76 77
33 42 57 59 60 73
33 42 57 59 60 71 72
33 42 57 59 60 63 73 78
33 42 57 59 60 63 73 76 77
33 42 57 59 60 63 71 72 78
33 42 57 59 60 63 71 72 76 77
33 42 51 57 61 73
33 42 51 57 61 71 72
33 42 51 57 59 61 73
33 42 51 57 59 61 71 72
33 42 51 57 59 61 63 73
33 42 51 57 59 61 63 71 72
33 42 51 57 59 60 63 73
33 42 51 57 59 60 63 71 72
33 42 46 57 61 78
33 42 46 57 61 76 77
33 42 46 57 59 61
33 42 46 57 59 61 78
33 42 46 57 59 61 76 77
33 42 46 57 59 61 63 78
33 42 46 57 59 61 63 76 77
33 42 46 57 59 60
33 42 46 57 59 60 63 78
33 42 46 57 59 60 63 76 77
33 42 46 51 57 61
33 42 46 51 57 59 61
33 42 46 51 57 59 61 63
33 42 46 51 57 59 60 63
33 40 41 57 61 73 78
33 40 41 57 61 73 76 77
33 40 41 57 61 71 72 78
33 40 41 57 61 71 72 76 77
33 40 41 57 59 61 73
33 40 41 57 59 61 73 78
33 40 41 57 59 61 73 76 77
33 40 41 57 59 61 71 72
33 40 41 57 59 61 71 72 78
33 40 41 57 59 61 71 72 76 77
33 40 41 57 59 61 63 73 78
33 40 41 57 59 61 63 73 76 77
33 40 41 57 59 61 63 71 72 78
33 40 41 57 59 61 63 71 72 76 77
33 40 41 57 59 60 73
33 40 41 57 59 60 71 72
33 40 41 57 59 60 63 73 78
33 40 41 57 59 60 63 73 76 77
33 40 41 57 59 60 63 71 72 78
33 40 41 57 59 60 63 71 72 76 77
33 40 41 51 57 61 73
33 40 41 51 57 61 71 72
33 40 41 51 57 59 61 73
33 40 41 51 57 59 61 71 72
33 40 41 51 57 59 61 63 73
33 40 41 51 57 59 61 63 71 72
33 40 41 51 57 59 60 63 73
33 40 41 51 57 59 60 63 71 72
33 40 41 46 57 61 78
33 40 41 46 57 61 76 77
33 40 41 46 57 59 61
33 40 41 46 57 59 61 78
33 40 41 46 57 59 61 76 77
33 40 41 46 57 59 61 63 78
33 40 41 46 57 59 61 63 76 77
33 40 41 46 57 59 60
33 40 41 46 57 59 60 63 78
33 40 41 46 57 59 60 63 76 77
33 40 41 46 51 57 61
33 40 41 46 51 57 59 61
33 40 41 46 51 57 59 61 63
33 40 41 46 51 57 59 60 63
33 34 78 79
33 34 68
33 34 57 59 73
33 34 57 59 71 72
33 34 55 78 79
33 34 53
33 34 53 55
33 34 53 54
33 34 53 54 78 79
33 34 46 57 59
33 34 42 57 61 73 78
33 34 42 57 61 73 76 77
33 34 42 57 61 71 72 78
33 34 42 57 61 71 72 76 77
33 34 42 57 59 73
33 34 42 57 59 71 72
33 34 42 57 59 63 73 78
33 34 42 57 59 63 73 76 77
33 34 42 57 59 63 71 72 78
33 34 42 57 59 63 71 72 76 77
33 34 42 57 59 61 73 78
33 34 42 57 59 61 73 76 77
33 34 42 57 59 61 71 72 78
33 34 42 57 59 61 71 72 76 77
33 34 42 51 57 61 73
33 34 42 51 57 61 71 72
33 34 42 51 57 59 63 73
33 34 42 51 57 59 63 71 72
33 34 42 51 57 59 61 73
33 34 42 51 57 59 61 71 72
33 34 42 46 57 61 78
33 34 42 46 57 61 76 77
33 34 42 46 57 59
33 34 42 46 57 59 63 78
33 34 42 46 57 59 63 76 77
33 34 42 46 57 59 61 78
33 34 42 46 57 59 61 76 77
33 34 42 46 51 57 61
33 34 42 46 51 57 59 63
33 34 42 46 51 57 59 61
33 34 40 41 57 61 73 78
33 34 40 41 57 61 73 76 77
33 34 40 41 57 61 71 72 78
33 34 40 41 57 61 71 72 76 77
33 34 40 41 57 59 73
33 34 40 41 57 59 71 72
33 34 40 41 57 59 63 73 78
33 34 40 41 57 59 63 73 76 77
33 34 40 41 57 59 63 71 72 78
33 34 40 41 57 59 63 71 72 76 77
33 34 40 41 57 59 61 73 78
33 34 40 41 57 59 61 73 76 77
33 34 40 41 57 59 61 71 72 78
33 34 40 41 57 59 61 71 72 76 77
33 34 40 41 51 57 61 73
33 34 40 41 51 57 61 71 72
33 34 40 41 51 57 59 63 73
33 34 40 41 51 57 59 63 71 72
33 34 40 41 51 57 59 61 73
33 34 40 41 51 57 59 61 71 72
33 34 40 41 46 57 61 78
33 34 40 41 46 57 61 76 77
33 34 40 41 46 57 59
33 34 40 41 46 57 59 63 78
33 34 40 41 46 57 59 63 76 77
33 34 40 41 46 57 59 61 78
33 34 40 41 46 57 59 61 76 77
33 34 40 41 46 51 57 61
33 34 40 41 46 51 57 59 63
33 34 40 41 46 51 57 59 61
32 78 79
32 53
30 61
30 59 69
30 59 67 68
30 42 59
28 61 71
28 61 69 71
28 61 67 68 71
28 61 67 68 69 70
28 59 61 71
28 59 61 69 70
28 44 61
28 44 61 69
28 44 61 67 68
28 44 59 61
28 42 61 71
28 42 61 69 70
28 42 44 61
28 34 61 69 71
28 34 61 69 70
28 34 61 67 68 71
28 34 61 67 68 69 70
28 34 59 61 71 78 79
28 34 59 61 69 70 78 79
28 34 53 59 61 71
28 34 53 59 61 69 70
28 34 46 55
28 34 44 78 79
28 34 44 61 69
28 34 44 61 67 68
28 34 44 59 61 78 79
28 34 44 53
28 34 44 53 59 61
28 34 44 45 55
28 34 42 61 71
28 34 42 61 69 70
28 34 42 44 61
28 34 42 43 78 79
28 34 42 43 53
28 34 37 55
28 34 36 46
28 34 36 44 45
28 34 36 37
28 34 35 78 79
28 34 35 53
28 34 35 36
28 34 35 36 55
28 33 34 78 79
28 33 34 53
27
27 68 69 78 79
27 67 68 78 79
27 59
27 53 68 69
27 53 67 68
27 42 68 78 79
27 42 53 68
27 36
27 35
27 34
26
26 68
26 61 69
26 61 67 68
26 42 61
26 36 69
26 36 67 68
26 36 42
26 34 63
26 34 61 62
26 34 46 78 79
26 34 46 53
26 34 44 45 78 79
26 34 44 45 53
26 34 37 78 79
26 34 37 53
26 34 36
26 34 35 36 78 79
26 34 35 36 53
25
25 73 78 79
25 71 72 78 79
25 61
25 53 73
25 53 71 72
25 46 78 79
25 46 53
25 36 71 78 79
25 36 69 70 78 79
25 36 53 71
25 36 53 69 70
25 36 44 78 79
25 36 44 53
24
24 78 79
24 67
24 65 66
24 61 69 78 79
24 61 67 68 78 79
24 59
24 59 69
24 59 69 71 78 79
24 59 69 70 78 79
24 59 67 68
24 59 67 68 71 78 79
24 59 67 68 69 70 78 79
24 53
24 53 61 69
24 53 61 67 68
24 53 59 69 71
24 53 59 69 70
24 53 59 67 68 71
24 53 59 67 68 69 70
24 44 59 69 78 79
24 44 59 67 68 78 79
24 44 53 59 69
24 44 53 59 67 68
24 42 61 78 79
24 42 59
24 42 59 71 78 79
24 42 59 69 70 78 79
24 42 53 61
24 42 53 59 71
24 42 53 59 69 70
24 42 44 59 78 79
24 42 44 53 59
24 40
24 36 61 69
24 36 61 69 78 79
24 36 61 67 68
24 36 61 67 68 78 79
24 36 59 69 71
24 36 59 69 71 78 79
24 36 59 69 70
24 36 59 69 70 78 79
24 36 59 67 68 71
24 36 59 67 68 71 78 79
24 36 59 67 68 69 70
24 36 59 67 68 69 70 78 79
24 36 53 61 69
24 36 53 61 67 68
24 36 53 59 69 71
24 36 53 59 69 70
24 36 53 59 67 68 71
24 36 53 59 67 68 69 70
24 36 44 59 69
24 36 44 59 69 78 79
24 36 44 59 67 68
24 36 44 59 67 68 78 79
24 36 44 53 59 69
24 36 44 53 59 67 68
24 36 42 61
24 36 42 61 78 79
24 36 42 59 71
24 36 42 59 71 78 79
24 36 42 59 69 70
24 36 42 59 69 70 78 79
24 36 42 53 61
24 36 42 53 59 71
24 36 42 53 59 69 70
24 36 42 44 59
24 36 42 44 59 78 79
24 36 42 44 53 59
24 34 61
24 34 61 69 78 79
24 34 61 68 69
24 34 61 67 68
24 34 61 67 68 78 79
24 34 59 69 71 78 79
24 34 59 69 70 78 79
24 34 59 68 69 71
24 34 59 68 69 70
24 34 59 67 68 71
24 34 59 67 68 71 78 79
24 34 59 67 68 69 70
24 34 59 67 68 69 70 78 79
24 34 55 61 69
24 34 55 61 67 68
24 34 53 61 69
24 34 53 61 67 68
24 34 53 59 69 71
24 34 53 59 69 70
24 34 53 59 67 68 71
24 34 53 59 67 68 69 70
24 34 44 59 69 78 79
24 34 44 59 68 69
24 34 44 59 67 68
24 34 44 59 67 68 78 79
24 34 44 53 59 69
24 34 44 53 59 67 68
24 34 42 61 78 79
24 34 42 61 68
24 34 42 59 71 78 79
24 34 42 59 69 70 78 79
24 34 42 59 68 71
24 34 42 59 68 69 70
24 34 42 55 61
24 34 42 53 61
24 34 42 53 59 71
24 34 42 53 59 69 70
24 34 42 44 59 78 79
24 34 42 44 59 68
24 34 42 44 53 59
23
23 24
23 24 73 78 79
23 24 71 72 78 79
23 24 61
23 24 53 73
23 24 53 71 72
23 24 46 78 79
23 24 46 53
23 24 36 78 79
23 24 36 71 78 79
23 24 36 69 70 78 79
23 24 36 53
23 24 36 53 71
23 24 36 53 69 70
23 24 36 44 78 79
23 24 36 44 53
22
22 61
21
21 34
20 71
20 69 70
20 68
20 67
20 65 66
20 61
20 44
20 40
20 38
20 36
20 34 73
20 34 71 72
20 34 61
20 34 46
19
19 78 79
19 53
19 36 78 79
19 36 53
19 34
19 34 55
19 34 53
19 34 53 78 79
19 34 53 54 55
19 34 51 52 78 79
19 34 51 52 53
19 34 36 55
19 34 36 53 54
19 28 34 55
19 28 34 36
19 26 34 78 79
19 26 34 53
18
17 78 79
17 68
17 61 69
17 61 67 68
17 59 61 73
17 59 61 71 72
17 53
17 46 59 61
17 42 61
17 34 78 79
17 34 63
17 34 61 62
17 34 55 78 79
17 34 53
17 34 53 55
17 34 53 54
17 34 53 54 78 79
17 34 36
17 28 34 78 79
17 28 34 53
15 61 73 78
15 61 73 76 77
15 61 71 72 78
15 61 71 72 76 77
15 59 61 73 78
15 59 61 73 78 79
15 59 61 73 76 77
15 59 61 71 72 78
15 59 61 71 72 78 79
15 59 61 71 72 76 77
15 57 60 61 73 78
15 57 60 61 73 76 77
15 57 60 61 71 72 78
15 57 60 61 71 72 76 77
15 57 59 73
15 57 59 71 72
15 57 59 60 73
15 57 59 60 71 72
15 57 59 60 63 73 78
15 57 59 60 63 73 76 77
15 57 59 60 63 71 72 78
15 57 59 60 63 71 72 76 77
15 57 59 60 61 73
15 57 59 60 61 73 78
15 57 59 60 61 73 76 77
15 57 59 60 61 71 72
15 57 59 60 61 71 72 78
15 57 59 60 61 71 72 76 77
15 57 59 60 61 63 73 78
15 57 59 60 61 63 73 76 77
15 57 59 60 61 63 71 72 78
15 57 59 60 61 63 71 72 76 77
15 57 58 59 61 73
15 57 58 59 61 71 72
15 57 58 59 61 63 73 78
15 57 58 59 61 63 73 76 77
15 57 58 59 61 63 71 72 78
15 57 58 59 61 63 71 72 76 77
15 57 58 59 60 73
15 57 58 59 60 71 72
15 57 58 59 60 63 73 78
15 57 58 59 60 63 73 76 77
15 57 58 59 60 63 71 72 78
15 57 58 59 60 63 71 72 76 77
15 55 59 61 78
15 55 59 61 76 77
15 53 59 61 73
15 53 59 61 71 72
15 51 61 73
15 51 61 71 72
15 51 59 61 73
15 51 59 61 71 72
15 51 57 60 61 73
15 51 57 60 61 71 72
15 51 57 59 60 63 73
15 51 57 59 60 63 71 72
15 51 57 59 60 61 73
15 51 57 59 60 61 71 72
15 51 57 59 60 61 63 73
15 51 57 59 60 61 63 71 72
15 51 57 58 59 61 63 73
15 51 57 58 59 61 63 71 72
15 51 57 58 59 60 63 73
15 51 57 58 59 60 63 71 72
15 51 55 59 61
15 46 61 78
15 46 61 76 77
15 46 59 61 78
15 46 59 61 78 79
15 46 59 61 76 77
15 46 57 60 61 78
15 46 57 60 61 76 77
15 46 57 59
15 46 57 59 60
15 46 57 59 60 63 78
15 46 57 59 60 63 76 77
15 46 57 59 60 61
15 46 57 59 60 61 78
15 46 57 59 60 61 76 77
15 46 57 59 60 61 63 78
15 46 57 59 60 61 63 76 77
15 46 57 58 59 61
15 46 57 58 59 61 63 78
15 46 57 58 59 61 63 76 77
15 46 57 58 59 60
15 46 57 58 59 60 63 78
15 46 57 58 59 60 63 76 77
15 46 53 59 61
15 46 51 61
15 46 51 59 61
15 46 51 57 60 61
15 46 51 57 59 60 63
15 46 51 57 59 60 61
15 46 51 57 59 60 61 63
15 46 51 57 58 59 61 63
15 46 51 57 58 59 60 63
15 34 57 60 61 73 78
15 34 57 60 61 73 76 77
15 34 57 60 61 71 72 78
15 34 57 60 61 71 72 76 77
15 34 57 59 60 73
15 34 57 59 60 71 72
15 34 57 59 60 63 73 78
15 34 57 59 60 63 73 76 77
15 34 57 59 60 63 71 72 78
15 34 57 59 60 63 71 72 76 77
15 34 57 59 60 61 73 78
15 34 57 59 60 61 73 76 77
15 34 57 59 60 61 71 72 78
15 34 57 59 60 61 71 72 76 77
15 34 57 58 59 73
15 34 57 58 59 71 72
15 34 57 58 59 63 73 78
15 34 57 58 59 63 73 76 77
15 34 57 58 59 63 71 72 78
15 34 57 58 59 63 71 72 76 77
15 34 51 57 60 61 73
15 34 51 57 60 61 71 72
15 34 51 57 59 60 63 73
15 34 51 57 59 60 63 71 72
15 34 51 57 59 60 61 73
15 34 51 57 59 60 61 71 72
15 34 51 57 58 59 63 73
15 34 51 57 58 59 63 71 72
15 34 46 57 60 61 78
15 34 46 57 60 61 76 77
15 34 46 57 59 60
15 34 46 57 59 60 63 78
15 34 46 57 59 60 63 76 77
15 34 46 57 59 60 61 78
15 34 46 57 59 60 61 76 77
15 34 46 57 58 59
15 34 46 57 58 59 63 78
15 34 46 57 58 59 63 76 77
15 34 46 51 57 60 61
15 34 46 51 57 59 60 63
15 34 46 51 57 59 60 61
15 34 46 51 57 58 59 63
15 33 57 61 73 78
15 33 57 61 73 76 77
15 33 57 61 71 72 78
15 33 57 61 71 72 76 77
15 33 57 59 61 73
15 33 57 59 61 73 78
15 33 57 59 61 73 76 77
15 33 57 59 61 71 72
15 33 57 59 61 71 72 78
15 33 57 59 61 71 72 76 77
15 33 57 59 61 63 73 78
15 33 57 59 61 63 73 76 77
15 33 57 59 61 63 71 72 78
15 33 57 59 61 63 71 72 76 77
15 33 57 59 60 73
15 33 57 59 60 71 72
15 33 57 59 60 63 73 78
15 33 57 59 60 63 73 76 77
15 33 57 59 60 63 71 72 78
15 33 57 59 60 63 71 72 76 77
15 33 51 57 61 73
15 33 51 57 61 71 72
15 33 51 57 59 61 73
15 33 51 57 59 61 71 72
15 33 51 57 59 61 63 73
15 33 51 57 59 61 63 71 72
15 33 51 57 59 60 63 73
15 33 51 57 59 60 63 71 72
15 33 46 57 61 78
15 33 46 57 61 76 77
15 33 46 57 59 61
15 33 46 57 59 61 78
15 33 46 57 59 61 76 77
15 33 46 57 59 61 63 78
15 33 46 57 59 61 63 76 77
15 33 46 57 59 60
15 33 46 57 59 60 63 78
15 33 46 57 59 60 63 76 77
15 33 46 51 57 61
15 33 46 51 57 59 61
15 33 46 51 57 59 61 63
15 33 46 51 57 59 60 63
15 33 34 57 61 73 78
15 33 34 57 61 73 76 77
15 33 34 57 61 71 72 78
15 33 34 57 61 71 72 76 77
15 33 34 57 59 73
15 33 34 57 59 71 72
15 33 34 57 59 63 73 78
15 33 34 57 59 63 73 76 77
15 33 34 57 59 63 71 72 78
15 33 34 57 59 63 71 72 76 77
15 33 34 57 59 61 73 78
15 33 34 57 59 61 73 76 77
15 33 34 57 59 61 71 72 78
15 33 34 57 59 61 71 72 76 77
15 33 34 51 57 61 73
15 33 34 51 57 61 71 72
15 33 34 51 57 59 63 73
15 33 34 51 57 59 63 71 72
15 33 34 51 57 59 61 73
15 33 34 51 57 59 61 71 72
15 33 34 46 57 61 78
15 33 34 46 57 61 76 77
15 33 34 46 57 59
15 33 34 46 57 59 63 78
15 33 34 46 57 59 63 76 77
15 33 34 46 57 59 61 78
15 33 34 46 57 59 61 76 77
15 33 34 46 51 57 61
15 33 34 46 51 57 59 63
15 33 34 46 51 57 59 61
14
14 36
13
11
11 36 69
11 36 67 68
11 36 42
10 73 78 79
10 71 78 79
10 71 72 78 79
10 69 70 78 79
10 68 69
10 67
10 67 68
10 65 66
10 53 73
10 53 71
10 53 71 72
10 53 69 70
10 46 78 79
10 46 53
10 44 78 79
10 44 53
10 42 68
10 40
10 36 78 79
10 36 71 78 79
10 36 69 70 78 79
10 36 68 69
10 36 67
10 36 67 68
10 36 65 66
10 36 59 78 79
10 36 53
10 36 53 71
10 36 53 69 70
10 36 53 59
10 36 44 78 79
10 36 44 53
10 36 42 68
10 36 40
10 34
10 34 55
10 34 53
10 34 53 78 79
10 34 53 54 55
10 34 51 52 78 79
10 34 51 52 53
10 34 36 55
10 34 36 53 54
10 28 34 55
10 28 34 36
10 26 34 78 79
10 26 34 53
9 68
9 36
9 36 78 79
9 36 53
9 34 68
8 61 69
8 61 67 68
8 42 61
8 36
8 34 55 78 79
8 34 53 55
8 34 53 54
8 34 53 54 78 79
8 28 34 78 79
8 28 34 53
8 9
8 9 34
7
1
1 78 79
1 68 69
1 67
1 67 68
1 65 66
1 61 78 79
1 61 67
1 61 65 66
1 53
1 53 61
1 42 68
1 40
1 40 61
1 36 68 69
1 36 67
1 36 67 68
1 36 65 66
1 36 61
1 36 42 68
1 36 40
1 34 78 79
1 34 68
1 34 53
1 10 78 79
1 10 53
0 68
0 34 68

