55 59 69
53 54 59 69
42 55 59
42 53 54 59
28 59 69
28 42 59
53 54 61 69
53 54 61 67 68
42 53 54 61
28 61 69
28 61 67 68
28 42 61
26 68
24 25 68
61 67
61 66
61 65 66
55 59 67 69
55 59 65 66 69
55 59 65 66 67 68
53 54 59 67 69
53 54 59 65 66 69
53 54 59 65 66 67 68
42 55 59 67
42 55 59 65 66
42 53 54 59 67
42 53 54 59 65 66
40 61
40 55 59 69
40 55 59 67 68
40 53 54 59 69
40 53 54 59 67 68
40 42 55 59
40 42 53 54 59
28 59 67 69
28 59 65 66 69
28 59 65 66 67 68
28 42 59 67
28 42 59 65 66
28 40 59 69
28 40 59 67 68
28 40 42 59
24 61
22 23 61
59 67 68
55 59 69 71
55 59 67 68 71
55 59 67 68 69 70
55 59 66 69
55 59 66 67 68
44 55 59 69
44 55 59 67 68
42 55 59 71
42 55 59 69 70
42 55 59 66
42 44 55 59
57 61
59 69 70
44 59
71
69 70
67
44
40
1 38
61 78 79
59 69 78 79
59 67 68 78 79
59 61 69 78 79
59 61 67 68 78 79
53 61
53 59 69
53 59 67 68
53 59 61 69
53 59 61 67 68
42 59 78 79
42 59 61 78 79
42 53 59
42 53 59 61
38 59 69 78 79
38 59 67 68 78 79
38 53 59 69
38 53 59 67 68
38 42 59 78 79
38 42 53 59
36 59 71 78 79
36 59 69 70 78 79
36 53 59 71
36 53 59 69 70
36 44 59 78 79
36 44 53 59
10 59 69 78 79
10 59 67 68 78 79
10 53 59 69
10 53 59 67 68
10 42 59 78 79
10 42 53 59
55 56 61 69
55 56 61 67 68
42 55 56 61
36 55 61 69
36 55 61 67 68
36 42 55 61
24 55 61 69
24 55 61 67 68
24 42 55 61
20 55 61 69
20 55 61 67 68
20 42 55 61
44 59 73
44 59 71 72
44 46 59
42 43 59 73
42 43 59 71 72
42 43 46 59
40 41 59 73
40 41 59 71 72
40 41 46 59
17 59 73
17 59 71 72
17 46 59
15 59 73
15 59 71 72
15 46 59
68
61 69
61 67 68
42 61
36 68
22
20 55
20 55 61
55 59 61
55 59 69 70
34 59 71 78 79
34 59 69 70 78 79
34 53 59 71
34 53 59 69 70
34 44 59 78 79
34 44 53 59
28 59 61 69
28 59 61 67 68
28 42 59 61
20 34
38
38 69
38 67 68
38 42
59 61 67
59 61 65 66
53 54 59 61 69
53 54 59 61 67 68
42 53 54 59 61
40 59 61
57 61 69
57 61 67 68
42 57 61
30 61 69
30 61 67 68
30 42 61
34 55 61 69
34 55 61 67 68
34 42 55 61
55 57 58 61
55 57 58 59 71
55 57 58 59 69 70
44 55 57 58 59
32 55 61
32 55 59 71
32 55 59 69 70
32 44 55 59
53 54 59 69 71
53 54 59 69 70
53 54 59 67 68 71
53 54 59 67 68 69 70
44 53 54 59 69
44 53 54 59 67 68
42 53 54 59 71
42 53 54 59 69 70
42 44 53 54 59
28 59 69 71
28 59 69 70
28 59 67 68 71
28 59 67 68 69 70
28 44 59 69
28 44 59 67 68
28 42 59 71
28 42 59 69 70
28 42 44 59
59 67
59 65 66
40 59
59 67 69
59 65 66 69
59 65 66 67 68
42 59 67
42 59 65 66
40 59 69
40 59 67 68
40 42 59
34 61
44 55 61
34 59 61
53 54 59 69 73
53 54 59 69 71 72
53 54 59 67 68 73
53 54 59 67 68 71 72
46 53 54 59 69
46 53 54 59 67 68
42 53 54 59 73
42 53 54 59 71 72
42 46 53 54 59
28 59 69 73
28 59 69 71 72
28 59 67 68 73
28 59 67 68 71 72
28 46 59 69
28 46 59 67 68
28 42 59 73
28 42 59 71 72
28 42 46 59
34 61 69
34 61 67 68
34 54 55 61
34 53 61
34 52 53 61
34 42 61
36 59 69
36 42 59
57 59 71
57 59 69 70
44 57 59
59 67 78
59 67 76 77
59 65 66 78
59 65 66 76 77
51 59 67
51 59 65 66
40 59 78
40 59 76 77
40 51 59
35 59 67
35 59 65 66
35 40 59
35 36 59 67
35 36 59 65 66
35 36 40 59
20 36 59 67
20 36 59 65 66
20 36 40 59
66
59 68
1
42 59 73 78
42 59 73 76 77
42 59 71 72 78
42 59 71 72 76 77
42 59 62 73 78
42 59 62 73 76 77
42 59 62 71 72 78
42 59 62 71 72 76 77
42 59 61 73 78
42 59 61 73 76 77
42 59 61 71 72 78
42 59 61 71 72 76 77
42 51 59 73
42 51 59 71 72
42 51 59 62 73
42 51 59 62 71 72
42 51 59 61 73
42 51 59 61 71 72
42 46 59 78
42 46 59 76 77
42 46 59 62 78
42 46 59 62 76 77
42 46 59 61 78
42 46 59 61 76 77
42 46 51 59
42 46 51 59 62
42 46 51 59 61
40 41 59 73 78
40 41 59 73 76 77
40 41 59 71 72 78
40 41 59 71 72 76 77
40 41 59 62 73 78
40 41 59 62 73 76 77
40 41 59 62 71 72 78
40 41 59 62 71 72 76 77
40 41 59 61 73 78
40 41 59 61 73 76 77
40 41 59 61 71 72 78
40 41 59 61 71 72 76 77
40 41 51 59 73
40 41 51 59 71 72
40 41 51 59 62 73
40 41 51 59 62 71 72
40 41 51 59 61 73
40 41 51 59 61 71 72
40 41 46 59 78
40 41 46 59 76 77
40 41 46 59 62 78
40 41 46 59 62 76 77
40 41 46 59 61 78
40 41 46 59 61 76 77
40 41 46 51 59
40 41 46 51 59 62
40 41 46 51 59 61
20 42 59 73 78
20 42 59 73 76 77
20 42 59 71 72 78
20 42 59 71 72 76 77
20 42 51 59 73
20 42 51 59 71 72
20 42 46 59 78
20 42 46 59 76 77
20 42 46 51 59
20 40 41 59 73 78
20 40 41 59 73 76 77
20 40 41 59 71 72 78
20 40 41 59 71 72 76 77
20 40 41 51 59 73
20 40 41 51 59 71 72
20 40 41 46 59 78
20 40 41 46 59 76 77
20 40 41 46 51 59
18 19 42 59 73 78
18 19 42 59 73 76 77
18 19 42 59 71 72 78
18 19 42 59 71 72 76 77
18 19 42 51 59 73
18 19 42 51 59 71 72
18 19 42 46 59 78
18 19 42 46 59 76 77
18 19 42 46 51 59
18 19 40 41 59 73 78
18 19 40 41 59 73 76 77
18 19 40 41 59 71 72 78
18 19 40 41 59 71 72 76 77
18 19 40 41 51 59 73
18 19 40 41 51 59 71 72
18 19 40 41 46 59 78
18 19 40 41 46 59 76 77
18 19 40 41 46 51 59
15 59 73 78
15 59 73 76 77
15 59 71 72 78
15 59 71 72 76 77
15 59 62 73 78
15 59 62 73 76 77
15 59 62 71 72 78
15 59 62 71 72 76 77
15 59 61 73 78
15 59 61 73 76 77
15 59 61 71 72 78
15 59 61 71 72 76 77
15 51 59 73
15 51 59 71 72
15 51 59 62 73
15 51 59 62 71 72
15 51 59 61 73
15 51 59 61 71 72
15 46 59 78
15 46 59 76 77
15 46 59 62 78
15 46 59 62 76 77
15 46 59 61 78
15 46 59 61 76 77
15 46 51 59
15 46 51 59 62
15 46 51 59 61
15 20 59 73 78
15 20 59 73 76 77
15 20 59 71 72 78
15 20 59 71 72 76 77
15 20 51 59 73
15 20 51 59 71 72
15 20 46 59 78
15 20 46 59 76 77
15 20 46 51 59
15 18 19 59 73 78
15 18 19 59 73 76 77
15 18 19 59 71 72 78
15 18 19 59 71 72 76 77
15 18 19 51 59 73
15 18 19 51 59 71 72
15 18 19 46 59 78
15 18 19 46 59 76 77
15 18 19 46 51 59
24 55 59 69
24 55 59 67 68
24 42 55 59
22 23 55 59 69
22 23 55 59 67 68
22 23 42 55 59
53 54 55 59 69
53 54 55 59 67 68
42 53 54 55 59
28 55 59 69
28 55 59 67 68
28 42 55 59
36 67
36 65 66
36 40
8 34 55 61 67
8 34 55 61 65 66
8 34 40 55 61
34 55 61 63 69
34 55 61 63 67 68
34 55 61 62 69
34 55 61 62 67 68
34 54 55 61 69
34 54 55 61 67 68
34 52 53 55 61 69
34 52 53 55 61 67 68
34 42 55 61 63
34 42 55 61 62
34 42 54 55 61
34 42 52 53 55 61
27 34 55 61 69
27 34 55 61 67 68
27 34 42 55 61
8 34 55 61 63 69
8 34 55 61 63 67 68
8 34 55 61 62 69
8 34 55 61 62 67 68
8 34 54 55 61 69
8 34 54 55 61 67 68
8 34 52 53 55 61 69
8 34 52 53 55 61 67 68
8 34 42 55 61 63
8 34 42 55 61 62
8 34 42 54 55 61
8 34 42 52 53 55 61
8 27 34 55 61 69
8 27 34 55 61 67 68
8 27 34 42 55 61
36 78 79
36 53
55 61 69 70
34 53 54 55 61 69
34 53 54 55 61 67 68
34 42 53 54 55 61
53 54 61
46
35
28 61
20 36
34 69 73
34 69 71 72
34 67 68 73
34 67 68 71 72
34 59 69 78 79
34 59 69 77 78 79
34 59 67 68 78 79
34 59 67 68 77 78 79
34 59 66 69
34 59 66 67 68
34 59 64 65 69
34 59 64 65 67 68
34 53 59 69 79
34 53 59 69 77 78
34 53 59 67 68 79
34 53 59 67 68 77 78
34 52 59 69 78 79
34 52 59 67 68 78 79
34 52 53 59 69
34 52 53 59 67 68
34 46 69
34 46 67 68
34 45 59 69
34 45 59 67 68
34 42 73
34 42 71 72
34 42 59 78 79
34 42 59 77 78 79
34 42 59 66
34 42 59 64 65
34 42 53 59 79
34 42 53 59 77 78
34 42 52 59 78 79
34 42 52 53 59
34 42 46
34 42 45 59
34 39 59 69
34 39 59 67 68
34 39 42 59
21 34 59 69 78 79
21 34 59 67 68 78 79
21 34 53 59 69
21 34 53 59 67 68
21 34 42 59 78 79
21 34 42 53 59
20 34 59 69
20 34 59 67 68
20 34 42 59
68 78 79
53 68
34 78 79
34 61 78 79
34 61 73 78 79
34 61 71 72 78 79
34 53
34 53 61 73
34 53 61 71 72
34 46 67 78 79
34 46 65 66 78 79
34 46 61 78 79
34 46 53 67
34 46 53 65 66
34 46 53 61
34 40 46 78 79
34 40 46 53
34 63 78 79
34 54 78 79
34 53 63
34 53 54
34 36 78 79
34 36 53
46 55 59 69
46 55 59 67 68
42 46 55 59
34 55 61
34 55 61 63
34 55 61 62
28 34 61
28 34 61 63
28 34 61 62
28 34 54 61
27 34 55 61
27 28 34 61
55 59 69 78 79
55 59 67 68 78 79
53 55 59 69
53 55 59 67 68
42 55 59 78 79
42 53 55 59
34 44 45 67 78 79
34 44 45 65 66 78 79
34 44 45 53 67
34 44 45 53 65 66
34 40 44 45 78 79
34 40 44 45 53
34 37 67 78 79
34 37 65 66 78 79
34 37 53 67
34 37 53 65 66
34 37 40 78 79
34 37 40 53
34 35 36 67 78 79
34 35 36 65 66 78 79
34 35 36 53 67
34 35 36 53 65 66
34 35 36 40 78 79
34 35 36 40 53
19 34 67 78 79
19 34 65 66 78 79
19 34 53 67
19 34 53 65 66
19 34 40 78 79
19 34 40 53
10 34 67 78 79
10 34 65 66 78 79
10 34 53 67
10 34 53 65 66
10 34 40 78 79
10 34 40 53
1 67
1 65 66
1 40
1 34 67
1 34 65 66
1 34 40
34 55 59 61 71
34 55 59 61 69 70
34 53 54 59 61 71
34 53 54 59 61 69 70
34 44 55 59 61
34 44 53 54 59 61
28 34 59 61 71
28 34 59 61 69 70
28 34 44 59 61
59 61 69 70
20 59 67
20 40 59
21 61 69
21 61 67 68
21 42 61
51 55 61 69
51 55 61 67 68
42 51 55 61
34 35 78 79
34 35 53
55 57 58 59 69
55 57 58 59 67 68
53 54 55 57 58 59 69
53 54 55 57 58 59 67 68
42 55 57 58 59
42 53 54 55 57 58 59
28 55 57 58 59 69
28 55 57 58 59 67 68
28 42 55 57 58 59
20
55 59 66 71
55 59 66 69 70
44 55 59 66
20 59 66 67
20 40 59 66
20 24 59 67
20 24 59 65 66
20 24 40 59
20 22 23 59 67
20 22 23 59 65 66
20 22 23 40 59
34 53 54 61
44 45 59 67
44 45 59 65 66
40 44 45 59
37 59 67
37 59 65 66
37 40 59
21 59 67
21 59 65 66
21 40 59
19 59 67
19 59 65 66
19 40 59
7 59 67
7 59 65 66
7 40 59
59 61 69 71
59 61 67 68 71
59 61 67 68 69 70
44 59 61 69
44 59 61 67 68
42 59 61 71
42 59 61 69 70
42 44 59 61
35 68
34 61 68
34 55 61 78 79
34 55 61 67 78 79
34 55 61 65 66 78 79
34 53 55 61
34 53 55 61 67
34 53 55 61 65 66
34 53 54 55 61 69 78 79
34 53 54 55 61 67
34 53 54 55 61 67 78 79
34 53 54 55 61 67 68 78 79
34 53 54 55 61 65 66
34 53 54 55 61 65 66 78 79
34 42 53 54 55 61 78 79
34 40 55 61 78 79
34 40 53 55 61
34 40 53 54 55 61
34 40 53 54 55 61 78 79
28 34 61 78 79
28 34 55 61 69 78 79
28 34 55 61 67 78 79
28 34 55 61 67 68 78 79
28 34 55 61 65 66 78 79
28 34 53 61
28 34 53 55 61 69
28 34 53 55 61 67
28 34 53 55 61 67 68
28 34 53 55 61 65 66
28 34 42 55 61 78 79
28 34 42 53 55 61
28 34 40 55 61 78 79
28 34 40 53 55 61
51 61 69
42 51 61
55 59 69 73
55 59 69 71 72
55 59 67 68 73
55 59 67 68 71 72
42 55 59 73
42 55 59 71 72
20 53 54 61 69
20 53 54 61 67 68
20 42 53 54 61
20 28 61 69
20 28 61 67 68
20 28 42 61
59 69 71
44 59 69
42 59 71
42 59 69 70
42 44 59
36 59 69 71
36 59 69 70
36 59 67 68 71
36 59 67 68 69 70
36 44 59 69
36 44 59 67 68
36 42 59 71
36 42 59 69 70
36 42 44 59
59 67 73
59 67 71 72
59 65 66 73
59 65 66 71 72
40 59 73
40 59 71 72
61 67 78 79
61 65 66 78 79
53 61 67
53 61 65 66
40 61 78 79
40 53 61
34 69
34 67 68
34 42
20 34 69
20 34 67 68
20 34 42
19 67 78 79
19 65 66 78 79
19 53 67
19 53 65 66
19 40 78 79
19 40 53
17 18 67 78 79
17 18 65 66 78 79
17 18 53 67
17 18 53 65 66
17 18 40 78 79
17 18 40 53
34 53 54 59 69
34 53 54 59 69 78 79
34 53 54 59 67 68
34 53 54 59 67 68 78 79
34 42 53 54 59
34 42 53 54 59 78 79
28 34 59 69 78 79
28 34 59 67 68 78 79
28 34 53 59 69
28 34 53 59 67 68
28 34 42 59 78 79
28 34 42 53 59
57 59 61 73
57 59 61 71 72
57 59 60 73
57 59 60 71 72
46 57 59 61
46 57 59 60
42 59 61 73
42 59 61 71 72
42 46 59 61
40 41 59 61 73
40 41 59 61 71 72
40 41 46 59 61
34 57 59 73
34 57 59 71 72
34 46 57 59
15 59 61 73
15 59 61 71 72
15 46 59 61
34 68
36 59
36 59 73
36 59 71 72
36 46 59
42 43 59
17 59
59 73
59 71 72
46 59
55 61 71
53 54 61 71
44 53 54 61
28 61 71
28 44 61
20 68
55 59 61 66 69
42 55 59 61 66
24 55 59 61 69
24 55 59 61 67 68
24 42 55 59 61
36 69 78 79
36 67 68 78 79
36 53 69
36 53 67 68
36 42 78 79
36 42 53
10 69
10 68
10 67 68
10 42
36 67 78 79
36 65 66 78 79
36 53 67
36 53 65 66
73
71 72
65
63 64
56
54 55
29
66 67 68 78 79
53 66 67 68
36 69
36 42
36 59 67 69
36 59 65 66 69
36 59 65 66 67 68
36 42 59 67
36 42 59 65 66
36 40 59 69
36 40 59 67 68
36 40 42 59
68 73
68 71 72
62 69
62 67
62 67 78 79
62 67 68
62 65 66
62 65 66 78 79
61 63 69
61 63 67 68
53 62 67
53 62 65 66
46 68
42 62
42 61 63
40 62
40 62 78 79
40 53 62
36 40 78 79
36 40 53
20 67 78 79
20 65 66
20 65 66 78 79
20 53 67
20 53 65 66
20 40 78 79
20 40 53
19 20 61 69
19 20 61 67 68
19 20 42 61
18 19 69
18 19 67
18 19 67 78 79
18 19 67 68
18 19 65 66
18 19 65 66 78 79
18 19 53 67
18 19 53 65 66
18 19 42
18 19 40
18 19 40 78 79
18 19 40 53
59 66 71
59 66 69 70
44 59 66
24 59 71
24 55 59 71
24 55 59 69 70
24 44 59
24 44 55 59
22 59 67
22 59 65 66
22 40 59
22 23 59 71
22 23 59 69 70
22 23 55 59 71
22 23 55 59 69 70
22 23 44 59
22 23 44 55 59
42 44 59 61 73 78
42 44 59 61 73 76 77
42 44 59 61 71 72 78
42 44 59 61 71 72 76 77
42 44 51 59 61 73
42 44 51 59 61 71 72
42 44 46 59 61 78
42 44 46 59 61 76 77
42 44 46 51 59 61
42 43 59 61 73 78
42 43 59 61 73 76 77
42 43 59 61 71 72 78
42 43 59 61 71 72 76 77
42 43 51 59 61 73
42 43 51 59 61 71 72
42 43 46 59 61 78
42 43 46 59 61 76 77
42 43 46 51 59 61
40 41 44 59 61 73 78
40 41 44 59 61 73 76 77
40 41 44 59 61 71 72 78
40 41 44 59 61 71 72 76 77
40 41 44 51 59 61 73
40 41 44 51 59 61 71 72
40 41 44 46 59 61 78
40 41 44 46 59 61 76 77
40 41 44 46 51 59 61
40 41 42 43 59 61 73 78
40 41 42 43 59 61 73 76 77
40 41 42 43 59 61 71 72 78
40 41 42 43 59 61 71 72 76 77
40 41 42 43 51 59 61 73
40 41 42 43 51 59 61 71 72
40 41 42 43 46 59 61 78
40 41 42 43 46 59 61 76 77
40 41 42 43 46 51 59 61
17 42 59 61 73 78
17 42 59 61 73 76 77
17 42 59 61 71 72 78
17 42 59 61 71 72 76 77
17 42 51 59 61 73
17 42 51 59 61 71 72
17 42 46 59 61 78
17 42 46 59 61 76 77
17 42 46 51 59 61
17 40 41 59 61 73 78
17 40 41 59 61 73 76 77
17 40 41 59 61 71 72 78
17 40 41 59 61 71 72 76 77
17 40 41 51 59 61 73
17 40 41 51 59 61 71 72
17 40 41 46 59 61 78
17 40 41 46 59 61 76 77
17 40 41 46 51 59 61
15 44 59 61 73 78
15 44 59 61 73 76 77
15 44 59 61 71 72 78
15 44 59 61 71 72 76 77
15 44 51 59 61 73
15 44 51 59 61 71 72
15 44 46 59 61 78
15 44 46 59 61 76 77
15 44 46 51 59 61
15 42 43 59 61 73 78
15 42 43 59 61 73 76 77
15 42 43 59 61 71 72 78
15 42 43 59 61 71 72 76 77
15 42 43 51 59 61 73
15 42 43 51 59 61 71 72
15 42 43 46 59 61 78
15 42 43 46 59 61 76 77
15 42 43 46 51 59 61
15 17 59 61 73 78
15 17 59 61 73 76 77
15 17 59 61 71 72 78
15 17 59 61 71 72 76 77
15 17 51 59 61 73
15 17 51 59 61 71 72
15 17 46 59 61 78
15 17 46 59 61 76 77
15 17 46 51 59 61
55 59 61 66 67 68
22 23 55 59 61 69
22 23 55 59 61 67 68
22 23 42 55 59 61
34 61 63 78 79
34 55 61 73 78 79
34 55 61 71 78 79
34 55 61 71 72 78 79
34 55 61 69 70 78 79
34 55 61 63 78 79
34 55 61 62 78 79
34 54 61 78 79
34 54 55 61 78 79
34 53 61 63
34 53 55 61 73
34 53 55 61 71
34 53 55 61 71 72
34 53 55 61 69 70
34 53 55 61 63
34 53 55 61 62
34 53 54 61 73
34 53 54 61 73 78 79
34 53 54 61 71 78 79
34 53 54 61 71 72
34 53 54 61 71 72 78 79
34 53 54 61 69 70
34 53 54 61 69 70 78 79
34 53 54 61 63 78 79
34 53 54 61 62 78 79
34 53 54 55 61
34 52 53 61 78 79
34 52 53 55 61 78 79
34 52 53 54 61 78 79
34 46 55 61 78 79
34 46 53 55 61
34 46 53 54 61
34 46 53 54 61 78 79
34 44 55 61 78 79
34 44 53 55 61
34 44 53 54 61 78 79
28 34 61 73 78 79
28 34 61 71 78 79
28 34 61 71 72 78 79
28 34 61 69 70 78 79
28 34 61 63 78 79
28 34 61 62 78 79
28 34 54 61 78 79
28 34 53 61 73
28 34 53 61 71
28 34 53 61 71 72
28 34 53 61 69 70
28 34 53 61 63
28 34 53 61 62
28 34 53 54 61
28 34 52 53 61 78 79
28 34 46 61 78 79
28 34 46 53 61
28 34 44 61 78 79
28 34 44 53 61
27 34 61 78 79
27 34 55 61 78 79
27 34 53 61
27 34 53 55 61
27 34 53 54 61 78 79
27 28 34 61 78 79
27 28 34 53 61
66 78 79
53 66
36 66 78 79
36 53 66
24 78 79
24 53
24 36 78 79
24 36 53
22 23 78 79
22 23 53
22 23 36 78 79
22 23 36 53
26 34 68
24 25 34 68
66 67
54 69
54 67 68
42 54
40 66
35 66
24 67
24 65 66
24 40
24 35
22 23 67
22 23 65 66
22 23 40
22 23 35
20 66
20 26
20 24
20 24 25
20 22 23
10 36 69
10 36 67 68
10 36 42
9 69
9 67 68
9 42
20 34 55 61
20 34 53 54 61
20 28 34 61
51 61 68 69
51 59 69 71
51 59 69 70
51 59 68 69 71
51 59 68 69 70
49 50 61 69
49 50 61 68 69
49 50 59 69 71
49 50 59 69 70
49 50 59 68 69 71
49 50 59 68 69 70
49 50 55 61 69
49 50 55 61 67 68
44 51 59 69
44 51 59 68 69
44 49 50 59 69
44 49 50 59 68 69
42 51 61 68
42 51 59 71
42 51 59 69 70
42 51 59 68 71
42 51 59 68 69 70
42 49 50 61
42 49 50 61 68
42 49 50 59 71
42 49 50 59 69 70
42 49 50 59 68 71
42 49 50 59 68 69 70
42 49 50 55 61
42 44 51 59
42 44 51 59 68
42 44 49 50 59
42 44 49 50 59 68
36 51 61 69
36 51 61 68 69
36 51 59 69 71
36 51 59 69 70
36 51 59 68 69 71
36 51 59 68 69 70
36 51 55 61 69
36 51 55 61 67 68
36 49 50 61 69
36 49 50 61 68 69
36 49 50 59 69 71
36 49 50 59 69 70
36 49 50 59 68 69 71
36 49 50 59 68 69 70
36 49 50 55 61 69
36 49 50 55 61 67 68
36 44 51 59 69
36 44 51 59 68 69
36 44 49 50 59 69
36 44 49 50 59 68 69
36 42 51 61
36 42 51 61 68
36 42 51 59 71
36 42 51 59 69 70
36 42 51 59 68 71
36 42 51 59 68 69 70
36 42 51 55 61
36 42 49 50 61
36 42 49 50 61 68
36 42 49 50 59 71
36 42 49 50 59 69 70
36 42 49 50 59 68 71
36 42 49 50 59 68 69 70
36 42 49 50 55 61
36 42 44 51 59
36 42 44 51 59 68
36 42 44 49 50 59
36 42 44 49 50 59 68
24 61 69
24 61 68 69
24 59 69 71
24 59 68 69 71
24 59 68 69 70
24 44 59 69
24 44 59 68 69
24 42 61
24 42 61 68
24 42 59 71
24 42 59 69 70
24 42 59 68 71
24 42 59 68 69 70
24 42 44 59
24 42 44 59 68
24 36 61 69
24 36 61 68 69
24 36 59 69 71
24 36 59 69 70
24 36 59 68 69 71
24 36 59 68 69 70
24 36 55 61 69
24 36 55 61 67 68
24 36 44 59 69
24 36 44 59 68 69
24 36 42 61
24 36 42 61 68
24 36 42 59 71
24 36 42 59 69 70
24 36 42 59 68 71
24 36 42 59 68 69 70
24 36 42 55 61
24 36 42 44 59
24 36 42 44 59 68
34 45 78 79
34 45 53
34 43 44 78 79
34 43 44 53
18 34 78 79
18 34 53
9 34 78 79
9 34 53
66 69 78 79
53 66 69
42 66 78 79
42 53 66
24 69 78 79
24 67 68 78 79
24 53 69
24 53 67 68
24 42 78 79
24 42 53
22 23 69 78 79
22 23 67 68 78 79
22 23 53 69
22 23 53 67 68
22 23 42 78 79
22 23 42 53
59 69 73
59 69 71 72
59 67 68 73
59 67 68 71 72
46 59 69
46 59 67 68
36 68 69
36 42 68
53 54 61 69 71
53 54 61 67 68 71
53 54 61 67 68 69 70
44 53 54 61 69
44 53 54 61 67 68
42 53 54 61 71
42 53 54 61 69 70
42 44 53 54 61
36 55 61 71
36 55 61 69 71
36 55 61 67 68 71
36 55 61 67 68 69 70
36 55 59 61 71
36 55 59 61 69 70
36 53 54 61 71
36 53 54 61 69 71
36 53 54 61 67 68 71
36 53 54 61 67 68 69 70
36 53 54 59 61 71
36 53 54 59 61 69 70
36 44 55 61
36 44 55 61 69
36 44 55 61 67 68
36 44 55 59 61
36 44 53 54 61
36 44 53 54 61 69
36 44 53 54 61 67 68
36 44 53 54 59 61
36 42 55 61 71
36 42 55 61 69 70
36 42 53 54 61 71
36 42 53 54 61 69 70
36 42 44 55 61
36 42 44 53 54 61
34 55 61 71
34 55 61 69 71
34 55 61 67 68 71
34 55 61 67 68 69 70
34 53 54 61 69 71
34 53 54 61 67 68 71
34 53 54 61 67 68 69 70
34 44 55 61
34 44 55 61 69
34 44 55 61 67 68
34 44 53 54 61 69
34 44 53 54 61 67 68
34 42 55 61 71
34 42 55 61 69 70
34 42 53 54 61 71
34 42 53 54 61 69 70
34 42 44 55 61
34 42 44 53 54 61
28 61 69 71
28 61 67 68 71
28 61 67 68 69 70
28 44 61 69
28 44 61 67 68
28 42 61 71
28 42 61 69 70
28 42 44 61
28 36 61 71
28 36 61 69 71
28 36 61 67 68 71
28 36 61 67 68 69 70
28 36 59 61 71
28 36 59 61 69 70
28 36 44 61
28 36 44 61 69
28 36 44 61 67 68
28 36 44 59 61
28 36 42 61 71
28 36 42 61 69 70
28 36 42 44 61
28 34 61 71
28 34 61 69 71
28 34 61 67 68 71
28 34 61 67 68 69 70
28 34 44 61
28 34 44 61 69
28 34 44 61 67 68
28 34 42 61 71
28 34 42 61 69 70
28 34 42 44 61
1 34 61
34 36 59 69
34 36 59 67 68
34 36 42 59
20 65 67
20 40 65
24
22 23
34 61 69 78 79
34 61 67 68 78 79
34 53 61 69
34 53 61 67 68
34 42 61 78 79
34 42 53 61
22 34 59 69 78 79
22 34 59 67 68 78 79
22 34 53 59 69
22 34 53 59 67 68
22 34 42 59 78 79
22 34 42 53 59
8 34 59 69 78 79
8 34 59 67 68 78 79
8 34 53 59 69
8 34 53 59 67 68
8 34 42 59 78 79
8 34 42 53 59
26 69
26 67 68
26 42
24 25 69
24 25 67 68
24 25 42
1 61 62 67
1 61 62 65 66
1 55 61 78 79
1 54 69
1 54 67 68
1 54 61 69
1 54 61 67 68
1 54 59 69
1 54 59 67 68
1 53 55 61
1 42 54
1 42 54 61
1 42 54 59
1 40 61 62
1 38 69
1 38 67 68
1 38 42
1 20 61 67
1 20 61 65 66
1 20 40 61
1 18 19 61 67
1 18 19 61 65 66
1 18 19 40 61
1 9 69
1 9 67 68
1 9 61 69
1 9 61 67 68
1 9 59 69
1 9 59 67 68
1 9 42
1 9 42 61
1 9 42 59
20 61 67
20 61 65 66
20 40 61
59 68 69 71
59 68 69 70
44 59 68 69
42 59 68 71
42 59 68 69 70
42 44 59 68
36 61 68
34 51 61 69
34 51 61 68 69
34 51 59 69 71
34 51 59 69 70
34 51 59 68 69 71
34 51 59 68 69 70
34 51 55 61 69
34 51 55 61 67 68
34 49 50 61 69
34 49 50 61 68 69
34 49 50 59 69 71
34 49 50 59 69 70
34 49 50 59 68 69 71
34 49 50 59 68 69 70
34 49 50 55 61 69
34 49 50 55 61 67 68
34 44 51 59 69
34 44 51 59 68 69
34 44 49 50 59 69
34 44 49 50 59 68 69
34 42 51 61
34 42 51 61 68
34 42 51 59 71
34 42 51 59 69 70
34 42 51 59 68 71
34 42 51 59 68 69 70
34 42 51 55 61
34 42 49 50 61
34 42 49 50 61 68
34 42 49 50 59 71
34 42 49 50 59 69 70
34 42 49 50 59 68 71
34 42 49 50 59 68 69 70
34 42 49 50 55 61
34 42 44 51 59
34 42 44 51 59 68
34 42 44 49 50 59
34 42 44 49 50 59 68
24 34 61 69
24 34 61 68 69
24 34 59 69 71
24 34 59 69 70
24 34 59 68 69 71
24 34 59 68 69 70
24 34 55 61 69
24 34 55 61 67 68
24 34 44 59 69
24 34 44 59 68 69
24 34 42 61
24 34 42 61 68
24 34 42 59 71
24 34 42 59 69 70
24 34 42 59 68 71
24 34 42 59 68 69 70
24 34 42 55 61
24 34 42 44 59
24 34 42 44 59 68
