69
67
67 68
65 66
61 69
61 67 68
55
44 59
42
42 61
42 59 73 77
42 59 73 75 76
42 59 71 72 77
42 59 71 72 75 76
42 50 59 73
42 50 59 71 72
42 46 59 77
42 46 59 75 76
42 46 50 59
42 43 59
40
40 41 59 73 77
40 41 59 73 75 76
40 41 59 71 72 77
40 41 59 71 72 75 76
40 41 50 59 73
40 41 50 59 71 72
40 41 46 59 77
40 41 46 59 75 76
40 41 46 50 59
34
32 55 69
32 55 67 68
32 42 55
20
20 55 69
20 55 67 68
20 42 55
17 59
15 59 73 77
15 59 73 75 76
15 59 71 72 77
15 59 71 72 75 76
15 50 59 73
15 50 59 71 72
15 46 59 77
15 46 59 75 76
15 46 50 59
1 67
1 65 66
1 40

