59 61 73 75 78 79
59 61 71 72 75 78 79
59 61 71 72 73 74 78 79
59 60 61 73 74 78 79
53 59 61 73 75
53 59 61 71 72 75
53 59 61 71 72 73 74
53 59 60 61 73 74
46 59 61 75 78 79
46 59 61 73 74 78 79
46 53 59 61 75
46 53 59 61 73 74
34 59 61 73 74 78 79
34 53 59 61 73 74
19 59 61 73
19 59 61 71 72
19 46 59 61
69
68 69
63 68 69
63 67 68
61 69
61 62 68 69
61 62 67 68
55 61
54 68 69
54 67 68
52 69
52 67 68
52 53 68 69
52 53 67 68
43 69
42
42 63 68
42 61
42 61 62 68
42 54 68
42 52
42 52 53 68
42 43
36 68 69
36 42 68
34
34 78 79
34 61
34 61 78 79
34 61 68
34 55 69
34 55 67 68
34 53
34 53 61
34 42 55
27 68 69
27 67 68
27 42 68
10 69
10 67 68
10 42
9 68 69
9 67 68
9 42 68
8 9 69
8 9 67 68
8 9 42
1 69
1 42
0 68 69
0 67 68
0 42 68
44 59 61 63 64 73
44 59 61 63 64 71 72
44 46 59 61 63 64
42 43 59 61 63 64 73
42 43 59 61 63 64 71 72
42 43 46 59 61 63 64
38 44 59 61 73
38 44 59 61 71 72
38 44 46 59 61
38 42 43 59 61 73
38 42 43 59 61 71 72
38 42 43 46 59 61
17 59 61 63 64 73
17 59 61 63 64 71 72
17 46 59 61 63 64
17 38 59 61 73
17 38 59 61 71 72
17 38 46 59 61
59 61
17 59 61
15 16 59 61
44 59 61 65 73
44 59 61 65 71 72
44 46 59 61 65
42 43 59 61 65 73
42 43 59 61 65 71 72
42 43 46 59 61 65
30 44 59 61 65 73
30 44 59 61 65 71 72
30 44 59 61 63 64 73
30 44 59 61 63 64 71 72
30 44 46 59 61 65
30 44 46 59 61 63 64
30 42 43 59 61 65 73
30 42 43 59 61 65 71 72
30 42 43 59 61 63 64 73
30 42 43 59 61 63 64 71 72
30 42 43 46 59 61 65
30 42 43 46 59 61 63 64
30 38 44 59 61 73
30 38 44 59 61 71 72
30 38 44 46 59 61
30 38 42 43 59 61 73
30 38 42 43 59 61 71 72
30 38 42 43 46 59 61
28 29 44 59 61 65 73
28 29 44 59 61 65 71 72
28 29 44 59 61 63 64 73
28 29 44 59 61 63 64 71 72
28 29 44 46 59 61 65
28 29 44 46 59 61 63 64
28 29 42 43 59 61 65 73
28 29 42 43 59 61 65 71 72
28 29 42 43 59 61 63 64 73
28 29 42 43 59 61 63 64 71 72
28 29 42 43 46 59 61 65
28 29 42 43 46 59 61 63 64
28 29 38 44 59 61 73
28 29 38 44 59 61 71 72
28 29 38 44 46 59 61
28 29 38 42 43 59 61 73
28 29 38 42 43 59 61 71 72
28 29 38 42 43 46 59 61
17 59 61 65 73
17 59 61 65 71 72
17 46 59 61 65
17 30 59 61 65 73
17 30 59 61 65 71 72
17 30 59 61 63 64 73
17 30 59 61 63 64 71 72
17 30 46 59 61 65
17 30 46 59 61 63 64
17 30 38 59 61 73
17 30 38 59 61 71 72
17 30 38 46 59 61
17 28 29 59 61 65 73
17 28 29 59 61 65 71 72
17 28 29 59 61 63 64 73
17 28 29 59 61 63 64 71 72
17 28 29 46 59 61 65
17 28 29 46 59 61 63 64
17 28 29 38 59 61 73
17 28 29 38 59 61 71 72
17 28 29 38 46 59 61
3 44 59 61 65 73
3 44 59 61 65 71 72
3 44 59 61 63 64 73
3 44 59 61 63 64 71 72
3 44 46 59 61 65
3 44 46 59 61 63 64
3 42 43 59 61 65 73
3 42 43 59 61 65 71 72
3 42 43 59 61 63 64 73
3 42 43 59 61 63 64 71 72
3 42 43 46 59 61 65
3 42 43 46 59 61 63 64
3 38 44 59 61 73
3 38 44 59 61 71 72
3 38 44 46 59 61
3 38 42 43 59 61 73
3 38 42 43 59 61 71 72
3 38 42 43 46 59 61
3 17 59 61 65 73
3 17 59 61 65 71 72
3 17 59 61 63 64 73
3 17 59 61 63 64 71 72
3 17 46 59 61 65
3 17 46 59 61 63 64
3 17 38 59 61 73
3 17 38 59 61 71 72
3 17 38 46 59 61

61 67
61 65 66
59 78 79
57 58
55 69
55 67 68
53 59
42 55
40 61
36 65 66 68
36 40 68
32
20 55 67 68
20 55 65 66 68
20 40 55 68
8 78 79
8 53
1 67 68
1 8 69
1 8 67 68
1 8 42
46 59 61 73 78 79
46 59 61 71 72 78 79
46 53 59 61 73
46 53 59 61 71 72
44 45 59 61 73 78 79
44 45 59 61 71 72 78 79
44 45 53 59 61 73
44 45 53 59 61 71 72
44 45 46 59 61 78 79
44 45 46 53 59 61
19 59 61 73 78 79
19 59 61 71 72 78 79
19 53 59 61 73
19 53 59 61 71 72
19 46 59 61 78 79
19 46 53 59 61
59 61 73 77 78 79
59 61 73 75 76 78 79
59 61 71 72 77 78 79
59 61 71 72 75 76 78 79
59 60 61 73 77 78 79
59 60 61 73 75 76 78 79
59 60 61 71 72 77 78 79
59 60 61 71 72 75 76 78 79
53 59 61 73 77
53 59 61 73 75 76
53 59 61 71 72 77
53 59 61 71 72 75 76
53 59 60 61 73 77
53 59 60 61 73 75 76
53 59 60 61 71 72 77
53 59 60 61 71 72 75 76
50 59 61 73 78 79
50 59 61 71 72 78 79
50 59 60 61 73 78 79
50 59 60 61 71 72 78 79
50 53 59 61 73
50 53 59 61 71 72
50 53 59 60 61 73
50 53 59 60 61 71 72
46 59 61 77 78 79
46 59 61 75 76 78 79
46 59 60 61 77 78 79
46 59 60 61 75 76 78 79
46 53 59 61 77
46 53 59 61 75 76
46 53 59 60 61 77
46 53 59 60 61 75 76
46 50 59 61 78 79
46 50 59 60 61 78 79
46 50 53 59 61
46 50 53 59 60 61
34 59 61 73 77 78 79
34 59 61 73 75 76 78 79
34 59 61 71 72 77 78 79
34 59 61 71 72 75 76 78 79
34 53 59 61 73 77
34 53 59 61 73 75 76
34 53 59 61 71 72 77
34 53 59 61 71 72 75 76
34 50 59 61 73 78 79
34 50 59 61 71 72 78 79
34 50 53 59 61 73
34 50 53 59 61 71 72
34 46 59 61 77 78 79
34 46 59 61 75 76 78 79
34 46 53 59 61 77
34 46 53 59 61 75 76
34 46 50 59 61 78 79
34 46 50 53 59 61
42 59 61 77
42 59 61 75 76
42 50 59 61
40 41 59 61 77
40 41 59 61 75 76
40 41 50 59 61
15 59 61 77
15 59 61 75 76
15 50 59 61
61 63 65 78
61 63 65 76 77
61 63 64 78
61 63 64 76 77
59 61 63 65 73
59 61 63 65 71 72
59 61 63 64 73
59 61 63 64 71 72
59 60 63 65 73
59 60 63 65 71 72
59 60 63 64 73
59 60 63 64 71 72
59 60 61 63 65 78
59 60 61 63 65 76 77
59 60 61 63 64 78
59 60 61 63 64 76 77
51 61 63 65
51 61 63 64
51 59 60 61 63 65
51 59 60 61 63 64
46 59 61 65 78
46 59 61 65 76 77
46 59 61 63 65
46 59 61 63 64
46 59 61 63 64 78
46 59 61 63 64 76 77
46 59 60 63 65
46 59 60 63 64
46 51 59 61 65
46 51 59 61 63 64
44 45 59 61 65 78
44 45 59 61 65 76 77
44 45 59 61 63 64 78
44 45 59 61 63 64 76 77
44 45 51 59 61 65
44 45 51 59 61 63 64
38 61 63 78
38 61 63 76 77
38 59 61 63 73
38 59 61 63 71 72
38 59 60 63 73
38 59 60 63 71 72
38 59 60 61 63 78
38 59 60 61 63 76 77
38 51 61 63
38 51 59 60 61 63
38 46 59 61 78
38 46 59 61 76 77
38 46 59 61 63
38 46 59 60 63
38 46 51 59 61
38 44 45 59 61 78
38 44 45 59 61 76 77
38 44 45 51 59 61
34 61 63 65 78
34 61 63 65 76 77
34 61 63 64 78
34 61 63 64 76 77
34 59 63 65 73
34 59 63 65 71 72
34 59 63 64 73
34 59 63 64 71 72
34 51 61 63 65
34 51 61 63 64
34 46 59 63 65
34 46 59 63 64
34 38 61 63 78
34 38 61 63 76 77
34 38 59 63 73
34 38 59 63 71 72
34 38 51 61 63
34 38 46 59 63
19 59 61 65 78
19 59 61 65 76 77
19 59 61 63 64 78
19 59 61 63 64 76 77
19 51 59 61 65
19 51 59 61 63 64
19 38 59 61 78
19 38 59 61 76 77
19 38 51 59 61
44 59 60 61 65 73
44 59 60 61 65 71 72
44 59 60 61 63 64 73
44 59 60 61 63 64 71 72
44 46 59 60 61 65
44 46 59 60 61 63 64
42 43 59 60 61 65 73
42 43 59 60 61 65 71 72
42 43 59 60 61 63 64 73
42 43 59 60 61 63 64 71 72
42 43 46 59 60 61 65
42 43 46 59 60 61 63 64
38 44 59 60 61 73
38 44 59 60 61 71 72
38 44 46 59 60 61
38 42 43 59 60 61 73
38 42 43 59 60 61 71 72
38 42 43 46 59 60 61
30 44 59 60 61 65 73
30 44 59 60 61 65 71 72
30 44 59 60 61 63 64 73
30 44 59 60 61 63 64 71 72
30 44 46 59 60 61 65
30 44 46 59 60 61 63 64
30 42 43 59 60 61 65 73
30 42 43 59 60 61 65 71 72
30 42 43 59 60 61 63 64 73
30 42 43 59 60 61 63 64 71 72
30 42 43 46 59 60 61 65
30 42 43 46 59 60 61 63 64
30 38 44 59 60 61 73
30 38 44 59 60 61 71 72
30 38 44 46 59 60 61
30 38 42 43 59 60 61 73
30 38 42 43 59 60 61 71 72
30 38 42 43 46 59 60 61
28 29 44 59 60 61 65 73
28 29 44 59 60 61 65 71 72
28 29 44 59 60 61 63 64 73
28 29 44 59 60 61 63 64 71 72
28 29 44 46 59 60 61 65
28 29 44 46 59 60 61 63 64
28 29 42 43 59 60 61 65 73
28 29 42 43 59 60 61 65 71 72
28 29 42 43 59 60 61 63 64 73
28 29 42 43 59 60 61 63 64 71 72
28 29 42 43 46 59 60 61 65
28 29 42 43 46 59 60 61 63 64
28 29 38 44 59 60 61 73
28 29 38 44 59 60 61 71 72
28 29 38 44 46 59 60 61
28 29 38 42 43 59 60 61 73
28 29 38 42 43 59 60 61 71 72
28 29 38 42 43 46 59 60 61
18 44 59 61 65 73
18 44 59 61 65 71 72
18 44 59 61 63 64 73
18 44 59 61 63 64 71 72
18 44 46 59 61 65
18 44 46 59 61 63 64
18 42 43 59 61 65 73
18 42 43 59 61 65 71 72
18 42 43 59 61 63 64 73
18 42 43 59 61 63 64 71 72
18 42 43 46 59 61 65
18 42 43 46 59 61 63 64
18 38 44 59 61 73
18 38 44 59 61 71 72
18 38 44 46 59 61
18 38 42 43 59 61 73
18 38 42 43 59 61 71 72
18 38 42 43 46 59 61
18 30 44 59 61 65 73
18 30 44 59 61 65 71 72
18 30 44 59 61 63 64 73
18 30 44 59 61 63 64 71 72
18 30 44 46 59 61 65
18 30 44 46 59 61 63 64
18 30 42 43 59 61 65 73
18 30 42 43 59 61 65 71 72
18 30 42 43 59 61 63 64 73
18 30 42 43 59 61 63 64 71 72
18 30 42 43 46 59 61 65
18 30 42 43 46 59 61 63 64
18 30 38 44 59 61 73
18 30 38 44 59 61 71 72
18 30 38 44 46 59 61
18 30 38 42 43 59 61 73
18 30 38 42 43 59 61 71 72
18 30 38 42 43 46 59 61
18 28 29 44 59 61 65 73
18 28 29 44 59 61 65 71 72
18 28 29 44 59 61 63 64 73
18 28 29 44 59 61 63 64 71 72
18 28 29 44 46 59 61 65
18 28 29 44 46 59 61 63 64
18 28 29 42 43 59 61 65 73
18 28 29 42 43 59 61 65 71 72
18 28 29 42 43 59 61 63 64 73
18 28 29 42 43 59 61 63 64 71 72
18 28 29 42 43 46 59 61 65
18 28 29 42 43 46 59 61 63 64
18 28 29 38 44 59 61 73
18 28 29 38 44 59 61 71 72
18 28 29 38 44 46 59 61
18 28 29 38 42 43 59 61 73
18 28 29 38 42 43 59 61 71 72
18 28 29 38 42 43 46 59 61
17 59 60 61 65 73
17 59 60 61 65 71 72
17 59 60 61 63 64 73
17 59 60 61 63 64 71 72
17 46 59 60 61 65
17 46 59 60 61 63 64
17 38 59 60 61 73
17 38 59 60 61 71 72
17 38 46 59 60 61
17 30 59 60 61 65 73
17 30 59 60 61 65 71 72
17 30 59 60 61 63 64 73
17 30 59 60 61 63 64 71 72
17 30 46 59 60 61 65
17 30 46 59 60 61 63 64
17 30 38 59 60 61 73
17 30 38 59 60 61 71 72
17 30 38 46 59 60 61
17 28 29 59 60 61 65 73
17 28 29 59 60 61 65 71 72
17 28 29 59 60 61 63 64 73
17 28 29 59 60 61 63 64 71 72
17 28 29 46 59 60 61 65
17 28 29 46 59 60 61 63 64
17 28 29 38 59 60 61 73
17 28 29 38 59 60 61 71 72
17 28 29 38 46 59 60 61
17 18 59 61 65 73
17 18 59 61 65 71 72
17 18 59 61 63 64 73
17 18 59 61 63 64 71 72
17 18 46 59 61 65
17 18 46 59 61 63 64
17 18 38 59 61 73
17 18 38 59 61 71 72
17 18 38 46 59 61
17 18 30 59 61 65 73
17 18 30 59 61 65 71 72
17 18 30 59 61 63 64 73
17 18 30 59 61 63 64 71 72
17 18 30 46 59 61 65
17 18 30 46 59 61 63 64
17 18 30 38 59 61 73
17 18 30 38 59 61 71 72
17 18 30 38 46 59 61
17 18 28 29 59 61 65 73
17 18 28 29 59 61 65 71 72
17 18 28 29 59 61 63 64 73
17 18 28 29 59 61 63 64 71 72
17 18 28 29 46 59 61 65
17 18 28 29 46 59 61 63 64
17 18 28 29 38 59 61 73
17 18 28 29 38 59 61 71 72
17 18 28 29 38 46 59 61
16 17 59 61 65 73
16 17 59 61 65 71 72
16 17 59 61 63 64 73
16 17 59 61 63 64 71 72
16 17 46 59 61 65
16 17 46 59 61 63 64
16 17 44 59 61 65 73
16 17 44 59 61 65 71 72
16 17 44 59 61 63 64 73
16 17 44 59 61 63 64 71 72
16 17 44 46 59 61 65
16 17 44 46 59 61 63 64
16 17 42 43 59 61 65 73
16 17 42 43 59 61 65 71 72
16 17 42 43 59 61 63 64 73
16 17 42 43 59 61 63 64 71 72
16 17 42 43 46 59 61 65
16 17 42 43 46 59 61 63 64
16 17 38 59 61 73
16 17 38 59 61 71 72
16 17 38 46 59 61
16 17 38 44 59 61 73
16 17 38 44 59 61 71 72
16 17 38 44 46 59 61
16 17 38 42 43 59 61 73
16 17 38 42 43 59 61 71 72
16 17 38 42 43 46 59 61
16 17 30 59 61 65 73
16 17 30 59 61 65 71 72
16 17 30 59 61 63 64 73
16 17 30 59 61 63 64 71 72
16 17 30 46 59 61 65
16 17 30 46 59 61 63 64
16 17 30 44 59 61 65 73
16 17 30 44 59 61 65 71 72
16 17 30 44 59 61 63 64 73
16 17 30 44 59 61 63 64 71 72
16 17 30 44 46 59 61 65
16 17 30 44 46 59 61 63 64
16 17 30 42 43 59 61 65 73
16 17 30 42 43 59 61 65 71 72
16 17 30 42 43 59 61 63 64 73
16 17 30 42 43 59 61 63 64 71 72
16 17 30 42 43 46 59 61 65
16 17 30 42 43 46 59 61 63 64
16 17 30 38 59 61 73
16 17 30 38 59 61 71 72
16 17 30 38 46 59 61
16 17 30 38 44 59 61 73
16 17 30 38 44 59 61 71 72
16 17 30 38 44 46 59 61
16 17 30 38 42 43 59 61 73
16 17 30 38 42 43 59 61 71 72
16 17 30 38 42 43 46 59 61
16 17 28 29 59 61 65 73
16 17 28 29 59 61 65 71 72
16 17 28 29 59 61 63 64 73
16 17 28 29 59 61 63 64 71 72
16 17 28 29 46 59 61 65
16 17 28 29 46 59 61 63 64
16 17 28 29 44 59 61 65 73
16 17 28 29 44 59 61 65 71 72
16 17 28 29 44 59 61 63 64 73
16 17 28 29 44 59 61 63 64 71 72
16 17 28 29 44 46 59 61 65
16 17 28 29 44 46 59 61 63 64
16 17 28 29 42 43 59 61 65 73
16 17 28 29 42 43 59 61 65 71 72
16 17 28 29 42 43 59 61 63 64 73
16 17 28 29 42 43 59 61 63 64 71 72
16 17 28 29 42 43 46 59 61 65
16 17 28 29 42 43 46 59 61 63 64
16 17 28 29 38 59 61 73
16 17 28 29 38 59 61 71 72
16 17 28 29 38 46 59 61
16 17 28 29 38 44 59 61 73
16 17 28 29 38 44 59 61 71 72
16 17 28 29 38 44 46 59 61
16 17 28 29 38 42 43 59 61 73
16 17 28 29 38 42 43 59 61 71 72
16 17 28 29 38 42 43 46 59 61
3 44 59 60 61 65 73
3 44 59 60 61 65 71 72
3 44 59 60 61 63 64 73
3 44 59 60 61 63 64 71 72
3 44 46 59 60 61 65
3 44 46 59 60 61 63 64
3 42 43 59 60 61 65 73
3 42 43 59 60 61 65 71 72
3 42 43 59 60 61 63 64 73
3 42 43 59 60 61 63 64 71 72
3 42 43 46 59 60 61 65
3 42 43 46 59 60 61 63 64
3 38 44 59 60 61 73
3 38 44 59 60 61 71 72
3 38 44 46 59 60 61
3 38 42 43 59 60 61 73
3 38 42 43 59 60 61 71 72
3 38 42 43 46 59 60 61
3 18 44 59 61 65 73
3 18 44 59 61 65 71 72
3 18 44 59 61 63 64 73
3 18 44 59 61 63 64 71 72
3 18 44 46 59 61 65
3 18 44 46 59 61 63 64
3 18 42 43 59 61 65 73
3 18 42 43 59 61 65 71 72
3 18 42 43 59 61 63 64 73
3 18 42 43 59 61 63 64 71 72
3 18 42 43 46 59 61 65
3 18 42 43 46 59 61 63 64
3 18 38 44 59 61 73
3 18 38 44 59 61 71 72
3 18 38 44 46 59 61
3 18 38 42 43 59 61 73
3 18 38 42 43 59 61 71 72
3 18 38 42 43 46 59 61
3 17 59 60 61 65 73
3 17 59 60 61 65 71 72
3 17 59 60 61 63 64 73
3 17 59 60 61 63 64 71 72
3 17 46 59 60 61 65
3 17 46 59 60 61 63 64
3 17 38 59 60 61 73
3 17 38 59 60 61 71 72
3 17 38 46 59 60 61
3 17 18 59 61 65 73
3 17 18 59 61 65 71 72
3 17 18 59 61 63 64 73
3 17 18 59 61 63 64 71 72
3 17 18 46 59 61 65
3 17 18 46 59 61 63 64
3 17 18 38 59 61 73
3 17 18 38 59 61 71 72
3 17 18 38 46 59 61
3 16 17 59 61 65 73
3 16 17 59 61 65 71 72
3 16 17 59 61 63 64 73
3 16 17 59 61 63 64 71 72
3 16 17 46 59 61 65
3 16 17 46 59 61 63 64
3 16 17 44 59 61 65 73
3 16 17 44 59 61 65 71 72
3 16 17 44 59 61 63 64 73
3 16 17 44 59 61 63 64 71 72
3 16 17 44 46 59 61 65
3 16 17 44 46 59 61 63 64
3 16 17 42 43 59 61 65 73
3 16 17 42 43 59 61 65 71 72
3 16 17 42 43 59 61 63 64 73
3 16 17 42 43 59 61 63 64 71 72
3 16 17 42 43 46 59 61 65
3 16 17 42 43 46 59 61 63 64
3 16 17 38 59 61 73
3 16 17 38 59 61 71 72
3 16 17 38 46 59 61
3 16 17 38 44 59 61 73
3 16 17 38 44 59 61 71 72
3 16 17 38 44 46 59 61
3 16 17 38 42 43 59 61 73
3 16 17 38 42 43 59 61 71 72
3 16 17 38 42 43 46 59 61
59 60 73 75 78 79
59 60 73 74 78 79
59 60 71 72 75 78 79
59 60 71 72 73 74 78 79
53 59 60 73 75
53 59 60 73 74
53 59 60 71 72 75
53 59 60 71 72 73 74
48 59 60 73 78 79
48 59 60 71 72 78 79
48 53 59 60 73
48 53 59 60 71 72
46 59 60 75 78 79
46 59 60 73 74 78 79
46 53 59 60 75
46 53 59 60 73 74
46 48 59 60 78 79
46 48 53 59 60
34 59 73 75 78 79
34 59 73 74 78 79
34 59 71 72 75 78 79
34 59 71 72 73 74 78 79
34 53 59 73 75
34 53 59 73 74
34 53 59 71 72 75
34 53 59 71 72 73 74
34 48 59 73 78 79
34 48 59 71 72 78 79
34 48 53 59 73
34 48 53 59 71 72
34 46 59 75 78 79
34 46 59 73 74 78 79
34 46 53 59 75
34 46 53 59 73 74
34 46 48 59 78 79
34 46 48 53 59
44 59 61 65 73 78
44 59 61 65 73 76 77
44 59 61 65 71 72 78
44 59 61 65 71 72 76 77
44 59 61 63 64 73 78
44 59 61 63 64 73 76 77
44 59 61 63 64 71 72 78
44 59 61 63 64 71 72 76 77
44 51 59 61 65 73
44 51 59 61 65 71 72
44 51 59 61 63 64 73
44 51 59 61 63 64 71 72
44 46 59 61 65 78
44 46 59 61 65 76 77
44 46 59 61 63 64 78
44 46 59 61 63 64 76 77
44 46 51 59 61 65
44 46 51 59 61 63 64
42 43 59 61 65 73 78
42 43 59 61 65 73 76 77
42 43 59 61 65 71 72 78
42 43 59 61 65 71 72 76 77
42 43 59 61 63 64 73 78
42 43 59 61 63 64 73 76 77
42 43 59 61 63 64 71 72 78
42 43 59 61 63 64 71 72 76 77
42 43 51 59 61 65 73
42 43 51 59 61 65 71 72
42 43 51 59 61 63 64 73
42 43 51 59 61 63 64 71 72
42 43 46 59 61 65 78
42 43 46 59 61 65 76 77
42 43 46 59 61 63 64 78
42 43 46 59 61 63 64 76 77
42 43 46 51 59 61 65
42 43 46 51 59 61 63 64
38 44 59 61 73 78
38 44 59 61 73 76 77
38 44 59 61 71 72 78
38 44 59 61 71 72 76 77
38 44 51 59 61 73
38 44 51 59 61 71 72
38 44 46 59 61 78
38 44 46 59 61 76 77
38 44 46 51 59 61
38 42 43 59 61 73 78
38 42 43 59 61 73 76 77
38 42 43 59 61 71 72 78
38 42 43 59 61 71 72 76 77
38 42 43 51 59 61 73
38 42 43 51 59 61 71 72
38 42 43 46 59 61 78
38 42 43 46 59 61 76 77
38 42 43 46 51 59 61
30 44 59 61 65 73 78
30 44 59 61 65 73 76 77
30 44 59 61 65 71 72 78
30 44 59 61 65 71 72 76 77
30 44 59 61 63 64 73 78
30 44 59 61 63 64 73 76 77
30 44 59 61 63 64 71 72 78
30 44 59 61 63 64 71 72 76 77
30 44 51 59 61 65 73
30 44 51 59 61 65 71 72
30 44 51 59 61 63 64 73
30 44 51 59 61 63 64 71 72
30 44 46 59 61 65 78
30 44 46 59 61 65 76 77
30 44 46 59 61 63 64 78
30 44 46 59 61 63 64 76 77
30 44 46 51 59 61 65
30 44 46 51 59 61 63 64
30 42 43 59 61 65 73 78
30 42 43 59 61 65 73 76 77
30 42 43 59 61 65 71 72 78
30 42 43 59 61 65 71 72 76 77
30 42 43 59 61 63 64 73 78
30 42 43 59 61 63 64 73 76 77
30 42 43 59 61 63 64 71 72 78
30 42 43 59 61 63 64 71 72 76 77
30 42 43 51 59 61 65 73
30 42 43 51 59 61 65 71 72
30 42 43 51 59 61 63 64 73
30 42 43 51 59 61 63 64 71 72
30 42 43 46 59 61 65 78
30 42 43 46 59 61 65 76 77
30 42 43 46 59 61 63 64 78
30 42 43 46 59 61 63 64 76 77
30 42 43 46 51 59 61 65
30 42 43 46 51 59 61 63 64
30 38 44 59 61 73 78
30 38 44 59 61 73 76 77
30 38 44 59 61 71 72 78
30 38 44 59 61 71 72 76 77
30 38 44 51 59 61 73
30 38 44 51 59 61 71 72
30 38 44 46 59 61 78
30 38 44 46 59 61 76 77
30 38 44 46 51 59 61
30 38 42 43 59 61 73 78
30 38 42 43 59 61 73 76 77
30 38 42 43 59 61 71 72 78
30 38 42 43 59 61 71 72 76 77
30 38 42 43 51 59 61 73
30 38 42 43 51 59 61 71 72
30 38 42 43 46 59 61 78
30 38 42 43 46 59 61 76 77
30 38 42 43 46 51 59 61
28 29 44 59 61 65 73 78
28 29 44 59 61 65 73 76 77
28 29 44 59 61 65 71 72 78
28 29 44 59 61 65 71 72 76 77
28 29 44 59 61 63 64 73 78
28 29 44 59 61 63 64 73 76 77
28 29 44 59 61 63 64 71 72 78
28 29 44 59 61 63 64 71 72 76 77
28 29 44 51 59 61 65 73
28 29 44 51 59 61 65 71 72
28 29 44 51 59 61 63 64 73
28 29 44 51 59 61 63 64 71 72
28 29 44 46 59 61 65 78
28 29 44 46 59 61 65 76 77
28 29 44 46 59 61 63 64 78
28 29 44 46 59 61 63 64 76 77
28 29 44 46 51 59 61 65
28 29 44 46 51 59 61 63 64
28 29 42 43 59 61 65 73 78
28 29 42 43 59 61 65 73 76 77
28 29 42 43 59 61 65 71 72 78
28 29 42 43 59 61 65 71 72 76 77
28 29 42 43 59 61 63 64 73 78
28 29 42 43 59 61 63 64 73 76 77
28 29 42 43 59 61 63 64 71 72 78
28 29 42 43 59 61 63 64 71 72 76 77
28 29 42 43 51 59 61 65 73
28 29 42 43 51 59 61 65 71 72
28 29 42 43 51 59 61 63 64 73
28 29 42 43 51 59 61 63 64 71 72
28 29 42 43 46 59 61 65 78
28 29 42 43 46 59 61 65 76 77
28 29 42 43 46 59 61 63 64 78
28 29 42 43 46 59 61 63 64 76 77
28 29 42 43 46 51 59 61 65
28 29 42 43 46 51 59 61 63 64
28 29 38 44 59 61 73 78
28 29 38 44 59 61 73 76 77
28 29 38 44 59 61 71 72 78
28 29 38 44 59 61 71 72 76 77
28 29 38 44 51 59 61 73
28 29 38 44 51 59 61 71 72
28 29 38 44 46 59 61 78
28 29 38 44 46 59 61 76 77
28 29 38 44 46 51 59 61
28 29 38 42 43 59 61 73 78
28 29 38 42 43 59 61 73 76 77
28 29 38 42 43 59 61 71 72 78
28 29 38 42 43 59 61 71 72 76 77
28 29 38 42 43 51 59 61 73
28 29 38 42 43 51 59 61 71 72
28 29 38 42 43 46 59 61 78
28 29 38 42 43 46 59 61 76 77
28 29 38 42 43 46 51 59 61
17 59 61 65 73 78
17 59 61 65 73 76 77
17 59 61 65 71 72 78
17 59 61 65 71 72 76 77
17 59 61 63 64 73 78
17 59 61 63 64 73 76 77
17 59 61 63 64 71 72 78
17 59 61 63 64 71 72 76 77
17 51 59 61 65 73
17 51 59 61 65 71 72
17 51 59 61 63 64 73
17 51 59 61 63 64 71 72
17 46 59 61 65 78
17 46 59 61 65 76 77
17 46 59 61 63 64 78
17 46 59 61 63 64 76 77
17 46 51 59 61 65
17 46 51 59 61 63 64
17 38 59 61 73 78
17 38 59 61 73 76 77
17 38 59 61 71 72 78
17 38 59 61 71 72 76 77
17 38 51 59 61 73
17 38 51 59 61 71 72
17 38 46 59 61 78
17 38 46 59 61 76 77
17 38 46 51 59 61
17 30 59 61 65 73 78
17 30 59 61 65 73 76 77
17 30 59 61 65 71 72 78
17 30 59 61 65 71 72 76 77
17 30 59 61 63 64 73 78
17 30 59 61 63 64 73 76 77
17 30 59 61 63 64 71 72 78
17 30 59 61 63 64 71 72 76 77
17 30 51 59 61 65 73
17 30 51 59 61 65 71 72
17 30 51 59 61 63 64 73
17 30 51 59 61 63 64 71 72
17 30 46 59 61 65 78
17 30 46 59 61 65 76 77
17 30 46 59 61 63 64 78
17 30 46 59 61 63 64 76 77
17 30 46 51 59 61 65
17 30 46 51 59 61 63 64
17 30 38 59 61 73 78
17 30 38 59 61 73 76 77
17 30 38 59 61 71 72 78
17 30 38 59 61 71 72 76 77
17 30 38 51 59 61 73
17 30 38 51 59 61 71 72
17 30 38 46 59 61 78
17 30 38 46 59 61 76 77
17 30 38 46 51 59 61
17 28 29 59 61 65 73 78
17 28 29 59 61 65 73 76 77
17 28 29 59 61 65 71 72 78
17 28 29 59 61 65 71 72 76 77
17 28 29 59 61 63 64 73 78
17 28 29 59 61 63 64 73 76 77
17 28 29 59 61 63 64 71 72 78
17 28 29 59 61 63 64 71 72 76 77
17 28 29 51 59 61 65 73
17 28 29 51 59 61 65 71 72
17 28 29 51 59 61 63 64 73
17 28 29 51 59 61 63 64 71 72
17 28 29 46 59 61 65 78
17 28 29 46 59 61 65 76 77
17 28 29 46 59 61 63 64 78
17 28 29 46 59 61 63 64 76 77
17 28 29 46 51 59 61 65
17 28 29 46 51 59 61 63 64
17 28 29 38 59 61 73 78
17 28 29 38 59 61 73 76 77
17 28 29 38 59 61 71 72 78
17 28 29 38 59 61 71 72 76 77
17 28 29 38 51 59 61 73
17 28 29 38 51 59 61 71 72
17 28 29 38 46 59 61 78
17 28 29 38 46 59 61 76 77
17 28 29 38 46 51 59 61
3 44 59 61 65 73 78
3 44 59 61 65 73 76 77
3 44 59 61 65 71 72 78
3 44 59 61 65 71 72 76 77
3 44 59 61 63 64 73 78
3 44 59 61 63 64 73 76 77
3 44 59 61 63 64 71 72 78
3 44 59 61 63 64 71 72 76 77
3 44 51 59 61 65 73
3 44 51 59 61 65 71 72
3 44 51 59 61 63 64 73
3 44 51 59 61 63 64 71 72
3 44 46 59 61 65 78
3 44 46 59 61 65 76 77
3 44 46 59 61 63 64 78
3 44 46 59 61 63 64 76 77
3 44 46 51 59 61 65
3 44 46 51 59 61 63 64
3 42 43 59 61 65 73 78
3 42 43 59 61 65 73 76 77
3 42 43 59 61 65 71 72 78
3 42 43 59 61 65 71 72 76 77
3 42 43 59 61 63 64 73 78
3 42 43 59 61 63 64 73 76 77
3 42 43 59 61 63 64 71 72 78
3 42 43 59 61 63 64 71 72 76 77
3 42 43 51 59 61 65 73
3 42 43 51 59 61 65 71 72
3 42 43 51 59 61 63 64 73
3 42 43 51 59 61 63 64 71 72
3 42 43 46 59 61 65 78
3 42 43 46 59 61 65 76 77
3 42 43 46 59 61 63 64 78
3 42 43 46 59 61 63 64 76 77
3 42 43 46 51 59 61 65
3 42 43 46 51 59 61 63 64
3 38 44 59 61 73 78
3 38 44 59 61 73 76 77
3 38 44 59 61 71 72 78
3 38 44 59 61 71 72 76 77
3 38 44 51 59 61 73
3 38 44 51 59 61 71 72
3 38 44 46 59 61 78
3 38 44 46 59 61 76 77
3 38 44 46 51 59 61
3 38 42 43 59 61 73 78
3 38 42 43 59 61 73 76 77
3 38 42 43 59 61 71 72 78
3 38 42 43 59 61 71 72 76 77
3 38 42 43 51 59 61 73
3 38 42 43 51 59 61 71 72
3 38 42 43 46 59 61 78
3 38 42 43 46 59 61 76 77
3 38 42 43 46 51 59 61
3 17 59 61 65 73 78
3 17 59 61 65 73 76 77
3 17 59 61 65 71 72 78
3 17 59 61 65 71 72 76 77
3 17 59 61 63 64 73 78
3 17 59 61 63 64 73 76 77
3 17 59 61 63 64 71 72 78
3 17 59 61 63 64 71 72 76 77
3 17 51 59 61 65 73
3 17 51 59 61 65 71 72
3 17 51 59 61 63 64 73
3 17 51 59 61 63 64 71 72
3 17 46 59 61 65 78
3 17 46 59 61 65 76 77
3 17 46 59 61 63 64 78
3 17 46 59 61 63 64 76 77
3 17 46 51 59 61 65
3 17 46 51 59 61 63 64
3 17 38 59 61 73 78
3 17 38 59 61 73 76 77
3 17 38 59 61 71 72 78
3 17 38 59 61 71 72 76 77
3 17 38 51 59 61 73
3 17 38 51 59 61 71 72
3 17 38 46 59 61 78
3 17 38 46 59 61 76 77
3 17 38 46 51 59 61
44 59 61 73
44 59 61 71 72
44 46 59 61
42 43 59 61 73
42 43 59 61 71 72
42 43 46 59 61
17 59 61 73
17 59 61 71 72
17 46 59 61
59 61 69 73 75 78 79
59 61 69 73 74 78 79
59 61 69 71 72 75 78 79
59 61 69 71 72 73 74 78 79
59 61 67 68 73 75 78 79
59 61 67 68 73 74 78 79
59 61 67 68 71 72 75 78 79
59 61 67 68 71 72 73 74 78 79
59 60 69 73 75 78 79
59 60 69 73 74 78 79
59 60 69 71 72 75 78 79
59 60 69 71 72 73 74 78 79
59 60 67 68 73 75 78 79
59 60 67 68 73 74 78 79
59 60 67 68 71 72 75 78 79
59 60 67 68 71 72 73 74 78 79
53 59 61 69 73 75
53 59 61 69 73 74
53 59 61 69 71 72 75
53 59 61 69 71 72 73 74
53 59 61 67 68 73 75
53 59 61 67 68 73 74
53 59 61 67 68 71 72 75
53 59 61 67 68 71 72 73 74
53 59 60 69 73 75
53 59 60 69 73 74
53 59 60 69 71 72 75
53 59 60 69 71 72 73 74
53 59 60 67 68 73 75
53 59 60 67 68 73 74
53 59 60 67 68 71 72 75
53 59 60 67 68 71 72 73 74
48 59 61 69 73 78 79
48 59 61 69 71 72 78 79
48 59 61 67 68 73 78 79
48 59 61 67 68 71 72 78 79
48 59 60 69 73 78 79
48 59 60 69 71 72 78 79
48 59 60 67 68 73 78 79
48 59 60 67 68 71 72 78 79
48 53 59 61 69 73
48 53 59 61 69 71 72
48 53 59 61 67 68 73
48 53 59 61 67 68 71 72
48 53 59 60 69 73
48 53 59 60 69 71 72
48 53 59 60 67 68 73
48 53 59 60 67 68 71 72
46 59 61 69 75 78 79
46 59 61 69 73 74 78 79
46 59 61 67 68 75 78 79
46 59 61 67 68 73 74 78 79
46 59 60 69 75 78 79
46 59 60 69 73 74 78 79
46 59 60 67 68 75 78 79
46 59 60 67 68 73 74 78 79
46 53 59 61 69 75
46 53 59 61 69 73 74
46 53 59 61 67 68 75
46 53 59 61 67 68 73 74
46 53 59 60 69 75
46 53 59 60 69 73 74
46 53 59 60 67 68 75
46 53 59 60 67 68 73 74
46 48 59 61 69 78 79
46 48 59 61 67 68 78 79
46 48 59 60 69 78 79
46 48 59 60 67 68 78 79
46 48 53 59 61 69
46 48 53 59 61 67 68
46 48 53 59 60 69
46 48 53 59 60 67 68
42 59 61 73 75 78 79
42 59 61 73 74 78 79
42 59 61 71 72 75 78 79
42 59 61 71 72 73 74 78 79
42 59 60 73 75 78 79
42 59 60 73 74 78 79
42 59 60 71 72 75 78 79
42 59 60 71 72 73 74 78 79
42 53 59 61 73 75
42 53 59 61 73 74
42 53 59 61 71 72 75
42 53 59 61 71 72 73 74
42 53 59 60 73 75
42 53 59 60 73 74
42 53 59 60 71 72 75
42 53 59 60 71 72 73 74
42 48 59 61 73 78 79
42 48 59 61 71 72 78 79
42 48 59 60 73 78 79
42 48 59 60 71 72 78 79
42 48 53 59 61 73
42 48 53 59 61 71 72
42 48 53 59 60 73
42 48 53 59 60 71 72
42 46 59 61 75 78 79
42 46 59 61 73 74 78 79
42 46 59 60 75 78 79
42 46 59 60 73 74 78 79
42 46 53 59 61 75
42 46 53 59 61 73 74
42 46 53 59 60 75
42 46 53 59 60 73 74
42 46 48 59 61 78 79
42 46 48 59 60 78 79
42 46 48 53 59 61
42 46 48 53 59 60
34 59 69 73 75 78 79
34 59 69 73 74 78 79
34 59 69 71 72 75 78 79
34 59 69 71 72 73 74 78 79
34 59 67 68 73 75 78 79
34 59 67 68 73 74 78 79
34 59 67 68 71 72 75 78 79
34 59 67 68 71 72 73 74 78 79
34 53 59 69 73 75
34 53 59 69 73 74
34 53 59 69 71 72 75
34 53 59 69 71 72 73 74
34 53 59 67 68 73 75
34 53 59 67 68 73 74
34 53 59 67 68 71 72 75
34 53 59 67 68 71 72 73 74
34 48 59 69 73 78 79
34 48 59 69 71 72 78 79
34 48 59 67 68 73 78 79
34 48 59 67 68 71 72 78 79
34 48 53 59 69 73
34 48 53 59 69 71 72
34 48 53 59 67 68 73
34 48 53 59 67 68 71 72
34 46 59 69 75 78 79
34 46 59 69 73 74 78 79
34 46 59 67 68 75 78 79
34 46 59 67 68 73 74 78 79
34 46 53 59 69 75
34 46 53 59 69 73 74
34 46 53 59 67 68 75
34 46 53 59 67 68 73 74
34 46 48 59 69 78 79
34 46 48 59 67 68 78 79
34 46 48 53 59 69
34 46 48 53 59 67 68
34 42 59 73 75 78 79
34 42 59 73 74 78 79
34 42 59 71 72 75 78 79
34 42 59 71 72 73 74 78 79
34 42 53 59 73 75
34 42 53 59 73 74
34 42 53 59 71 72 75
34 42 53 59 71 72 73 74
34 42 48 59 73 78 79
34 42 48 59 71 72 78 79
34 42 48 53 59 73
34 42 48 53 59 71 72
34 42 46 59 75 78 79
34 42 46 59 73 74 78 79
34 42 46 53 59 75
34 42 46 53 59 73 74
34 42 46 48 59 78 79
34 42 46 48 53 59
46 59 60 63
46 59 60 63 73
46 59 60 63 71 72
44 45 59 60 63 73
44 45 59 60 63 71 72
44 45 46 59 60 63
19 59 60 63 73
19 59 60 63 71 72
19 46 59 60 63
18 46 59 63
18 46 59 63 73
18 46 59 63 71 72
18 44 45 59 63 73
18 44 45 59 63 71 72
18 44 45 46 59 63
18 19 59 63 73
18 19 59 63 71 72
18 19 46 59 63
16 17 46 59 63
16 17 46 59 63 73
16 17 46 59 63 71 72
16 17 44 45 59 63 73
16 17 44 45 59 63 71 72
16 17 44 45 46 59 63
16 17 19 59 63 73
16 17 19 59 63 71 72
16 17 19 46 59 63
59 69 73 77
59 69 73 75 76
59 69 71 72 77
59 69 71 72 75 76
59 67 68 73 77
59 67 68 73 75 76
59 67 68 71 72 77
59 67 68 71 72 75 76
50 59 69 73
50 59 69 71 72
50 59 67 68 73
50 59 67 68 71 72
46 59 69 77
46 59 69 75 76
46 59 67 68 77
46 59 67 68 75 76
46 50 59 69
46 50 59 67 68
42 59 73 77
42 59 73 75 76
42 59 71 72 77
42 59 71 72 75 76
42 50 59 73
42 50 59 71 72
42 46 59 77
42 46 59 75 76
42 46 50 59
55 59 63 73 75 78
55 59 63 73 75 76 77
55 59 63 73 74 78
55 59 63 73 74 76 77
55 59 63 71 72 75 78
55 59 63 71 72 75 76 77
55 59 63 71 72 73 74 78
55 59 63 71 72 73 74 76 77
55 59 61 62 73 75 78
55 59 61 62 73 75 76 77
55 59 61 62 73 74 78
55 59 61 62 73 74 76 77
55 59 61 62 71 72 75 78
55 59 61 62 71 72 75 76 77
55 59 61 62 71 72 73 74 78
55 59 61 62 71 72 73 74 76 77
51 55 59 63 73 75
51 55 59 63 73 74
51 55 59 63 71 72 75
51 55 59 63 71 72 73 74
51 55 59 61 62 73 75
51 55 59 61 62 73 74
51 55 59 61 62 71 72 75
51 55 59 61 62 71 72 73 74
48 55 59 63 73 78
48 55 59 63 73 76 77
48 55 59 63 71 72 78
48 55 59 63 71 72 76 77
48 55 59 61 62 73 78
48 55 59 61 62 73 76 77
48 55 59 61 62 71 72 78
48 55 59 61 62 71 72 76 77
48 51 55 59 63 73
48 51 55 59 63 71 72
48 51 55 59 61 62 73
48 51 55 59 61 62 71 72
46 55 59 63 75 78
46 55 59 63 75 76 77
46 55 59 63 73 74 78
46 55 59 63 73 74 76 77
46 55 59 61 62 75 78
46 55 59 61 62 75 76 77
46 55 59 61 62 73 74 78
46 55 59 61 62 73 74 76 77
46 51 55 59 63 75
46 51 55 59 63 73 74
46 51 55 59 61 62 75
46 51 55 59 61 62 73 74
46 48 55 59 63 78
46 48 55 59 63 76 77
46 48 55 59 61 62 78
46 48 55 59 61 62 76 77
46 48 51 55 59 63
46 48 51 55 59 61 62
36 55 59 73 75 78
36 55 59 73 75 76 77
36 55 59 73 74 78
36 55 59 73 74 76 77
36 55 59 71 72 75 78
36 55 59 71 72 75 76 77
36 55 59 71 72 73 74 78
36 55 59 71 72 73 74 76 77
36 51 55 59 73 75
36 51 55 59 73 74
36 51 55 59 71 72 75
36 51 55 59 71 72 73 74
36 48 55 59 73 78
36 48 55 59 73 76 77
36 48 55 59 71 72 78
36 48 55 59 71 72 76 77
36 48 51 55 59 73
36 48 51 55 59 71 72
36 46 55 59 75 78
36 46 55 59 75 76 77
36 46 55 59 73 74 78
36 46 55 59 73 74 76 77
36 46 51 55 59 75
36 46 51 55 59 73 74
36 46 48 55 59 78
36 46 48 55 59 76 77
36 46 48 51 55 59
59 61 75 78 79
59 60 61 75 78 79
53 59 61 75
53 59 60 61 75
48 59 61 78 79
48 59 60 61 78 79
48 53 59 61
48 53 59 60 61
34 59 61 75 78 79
34 53 59 61 75
34 48 59 61 78 79
34 48 53 59 61
78 79
68
68 71
67 68 70
67 68 69
61
61 69 78 79
61 68 78 79
61 67 68
61 67 68 78 79
56 68
55
54 55 68
53
53 61 69
53 61 68
53 61 67 68
44 68
43 68 69
42 68 70
42 68 69
42 61 78 79
42 53 61
42 43 68
29 68
25 68
23 24 68
10
1
1 61
59 61 73 78 79
59 61 71 72 78 79
59 61 63 73 78 79
59 61 63 71 72 78 79
59 60 61 62 73 78 79
59 60 61 62 71 72 78 79
53 59 61 73
53 59 61 71 72
53 59 61 63 73
53 59 61 63 71 72
53 59 60 61 62 73
53 59 60 61 62 71 72
46 59 61 63 78 79
46 59 60 61 62 78 79
46 53 59 61 63
46 53 59 60 61 62
46 47 59 61 78 79
46 47 59 61 73 78 79
46 47 59 61 71 72 78 79
46 47 53 59 61
46 47 53 59 61 73
46 47 53 59 61 71 72
36 59 61 73 78 79
36 59 61 71 72 78 79
36 53 59 61 73
36 53 59 61 71 72
36 46 59 61 78 79
36 46 53 59 61
35 59 61 73 78 79
35 59 61 71 72 78 79
35 59 60 61 73 78 79
35 59 60 61 71 72 78 79
35 53 59 61 73
35 53 59 61 71 72
35 53 59 60 61 73
35 53 59 60 61 71 72
35 46 59 61 78 79
35 46 59 60 61 78 79
35 46 53 59 61
35 46 53 59 60 61
34 59 61 62 73 78 79
34 59 61 62 71 72 78 79
34 59 60 61 73 78 79
34 59 60 61 71 72 78 79
34 53 59 61 62 73
34 53 59 61 62 71 72
34 53 59 60 61 73
34 53 59 60 61 71 72
34 46 59 61 62 78 79
34 46 59 60 61 78 79
34 46 53 59 61 62
34 46 53 59 60 61
34 35 59 61 73 78 79
34 35 59 61 71 72 78 79
34 35 53 59 61 73
34 35 53 59 61 71 72
34 35 46 59 61 78 79
34 35 46 53 59 61
21 59 61 73 78 79
21 59 61 71 72 78 79
21 53 59 61 73
21 53 59 61 71 72
21 46 59 61 78 79
21 46 53 59 61
44 59 60 61 73
44 59 60 61 71 72
44 46 59 60 61
42 43 59 60 61 73
42 43 59 60 61 71 72
42 43 46 59 60 61
18 44 59 61 73
18 44 59 61 71 72
18 44 46 59 61
18 42 43 59 61 73
18 42 43 59 61 71 72
18 42 43 46 59 61
17 59 60 61 73
17 59 60 61 71 72
17 46 59 60 61
17 18 59 61 73
17 18 59 61 71 72
17 18 46 59 61
16 17 59 61 73
16 17 59 61 71 72
16 17 46 59 61
16 17 44 59 61 73
16 17 44 59 61 71 72
16 17 44 46 59 61
16 17 42 43 59 61 73
16 17 42 43 59 61 71 72
16 17 42 43 46 59 61
59 61 62 73 78 79
59 61 62 71 72 78 79
53 59 61 62 73
53 59 61 62 71 72
46 59 61 62 78 79
46 53 59 61 62
20 59 61 73 78 79
20 59 61 71 72 78 79
20 53 59 61 73
20 53 59 61 71 72
20 46 59 61 78 79
20 46 53 59 61
18 19 59 61 73 78 79
18 19 59 61 71 72 78 79
18 19 53 59 61 73
18 19 53 59 61 71 72
18 19 46 59 61 78 79
18 19 46 53 59 61
59 61 73 76
59 61 73 74 75
59 61 71 72 76
59 61 71 72 74 75
59 61 64 73
59 61 64 71 72
59 61 63 73
59 61 63 71 72
49 59 61 73
49 59 61 71 72
46 59 61 76
46 59 61 74 75
46 59 61 64
46 59 61 63
46 49 59 61
59 63 64 73
59 63 64 71 72
46 59 63 64
38 59 73
38 59 71 72
38 46 59
59 61 68 73 75
59 61 68 73 74
59 61 68 71 72 75
59 61 68 71 72 73 74
59 61 67 68 73 75
59 61 67 68 73 74
59 61 67 68 71 72 75
59 61 67 68 71 72 73 74
59 60 68 73 75
59 60 68 73 74
59 60 68 71 72 75
59 60 68 71 72 73 74
59 60 67 68 73 75
59 60 67 68 73 74
59 60 67 68 71 72 75
59 60 67 68 71 72 73 74
48 59 61 68 73
48 59 61 68 71 72
48 59 61 67 68 73
48 59 61 67 68 71 72
48 59 60 68 73
48 59 60 68 71 72
48 59 60 67 68 73
48 59 60 67 68 71 72
46 59 61 68 75
46 59 61 68 73 74
46 59 61 67 68 75
46 59 61 67 68 73 74
46 59 60 68 75
46 59 60 68 73 74
46 59 60 67 68 75
46 59 60 67 68 73 74
46 48 59 61 68
46 48 59 61 67 68
46 48 59 60 68
46 48 59 60 67 68
42 59 61 73 75
42 59 61 73 74
42 59 61 71 72 75
42 59 61 71 72 73 74
42 59 60 73 75
42 59 60 73 74
42 59 60 71 72 75
42 59 60 71 72 73 74
42 48 59 61 73
42 48 59 61 71 72
42 48 59 60 73
42 48 59 60 71 72
42 46 59 61 75
42 46 59 61 73 74
42 46 59 60 75
42 46 59 60 73 74
42 46 48 59 61
42 46 48 59 60
34 59 68 73 75
34 59 68 73 74
34 59 68 71 72 75
34 59 68 71 72 73 74
34 59 67 68 73 75
34 59 67 68 73 74
34 59 67 68 71 72 75
34 59 67 68 71 72 73 74
34 48 59 68 73
34 48 59 68 71 72
34 48 59 67 68 73
34 48 59 67 68 71 72
34 46 59 68 75
34 46 59 68 73 74
34 46 59 67 68 75
34 46 59 67 68 73 74
34 46 48 59 68
34 46 48 59 67 68
34 42 59 73 75
34 42 59 73 74
34 42 59 71 72 75
34 42 59 71 72 73 74
34 42 48 59 73
34 42 48 59 71 72
34 42 46 59 75
34 42 46 59 73 74
34 42 46 48 59
0 59 61 73 75
0 59 61 73 74
0 59 61 71 72 75
0 59 61 71 72 73 74
0 59 60 73 75
0 59 60 73 74
0 59 60 71 72 75
0 59 60 71 72 73 74
0 48 59 61 73
0 48 59 61 71 72
0 48 59 60 73
0 48 59 60 71 72
0 46 59 61 75
0 46 59 61 73 74
0 46 59 60 75
0 46 59 60 73 74
0 46 48 59 61
0 46 48 59 60
0 34 59 73 75
0 34 59 73 74
0 34 59 71 72 75
0 34 59 71 72 73 74
0 34 48 59 73
0 34 48 59 71 72
0 34 46 59 75
0 34 46 59 73 74
0 34 46 48 59
59 61 62 73 75
59 61 62 73 74
59 61 62 71 72 75
59 61 62 71 72 73 74
48 59 61 62 73
48 59 61 62 71 72
46 59 61 62 75
46 59 61 62 73 74
46 48 59 61 62
36 59 73 75
36 59 73 74
36 59 71 72 75
36 59 71 72 73 74
36 48 59 73
36 48 59 71 72
36 46 59 75
36 46 59 73 74
36 46 48 59
59 73 78
59 73 76 77
59 71 72 78
59 71 72 76 77
59 61 73 78
59 61 73 76 77
59 61 71 72 78
59 61 71 72 76 77
51 59 73
51 59 71 72
51 59 61 73
51 59 61 71 72
46 59 78
46 59 76 77
46 59 61 78
46 59 61 76 77
46 51 59
46 51 59 61
