
67 68
70
69 73
69 71 72
67 68 73
67 68 71 72
66 67 69
66 67 68
55 69
53 54 69
52
44 45 69
42 73
42 71 72
42 66 67
42 55
42 53 54
42 44 45
41 69
41 67 68
41 42
40
28
28 69
28 42
20 67 68
19 69
19 42
9 69
9 67 68
9 42
8 9
0 68
69 78 79
67 68 78 79
61 69
61 68
53 69
53 67 68
42 78 79
42 61
42 53
10 69
10 67 68
10 42
1 69
1 67 68
1 42
73
71 72
46
55 61
61 67
59
40 61
22 59
46 67 68
42 57 59 61 73 78
42 57 59 61 73 76 77
42 57 59 61 71 72 78
42 57 59 61 71 72 76 77
42 57 59 60 73 78
42 57 59 60 73 76 77
42 57 59 60 71 72 78
42 57 59 60 71 72 76 77
42 51 57 59 61 73
42 51 57 59 61 71 72
42 51 57 59 60 73
42 51 57 59 60 71 72
42 46 57 59 61 78
42 46 57 59 61 76 77
42 46 57 59 60 78
42 46 57 59 60 76 77
42 46 51 57 59 61
42 46 51 57 59 60
40 41 57 59 61 73 78
40 41 57 59 61 73 76 77
40 41 57 59 61 71 72 78
40 41 57 59 61 71 72 76 77
40 41 57 59 60 73 78
40 41 57 59 60 73 76 77
40 41 57 59 60 71 72 78
40 41 57 59 60 71 72 76 77
40 41 51 57 59 61 73
40 41 51 57 59 61 71 72
40 41 51 57 59 60 73
40 41 51 57 59 60 71 72
40 41 46 57 59 61 78
40 41 46 57 59 61 76 77
40 41 46 57 59 60 78
40 41 46 57 59 60 76 77
40 41 46 51 57 59 61
40 41 46 51 57 59 60
34 42 57 59 73 78
34 42 57 59 73 76 77
34 42 57 59 71 72 78
34 42 57 59 71 72 76 77
34 42 51 57 59 73
34 42 51 57 59 71 72
34 42 46 57 59 78
34 42 46 57 59 76 77
34 42 46 51 57 59
34 40 41 57 59 73 78
34 40 41 57 59 73 76 77
34 40 41 57 59 71 72 78
34 40 41 57 59 71 72 76 77
34 40 41 51 57 59 73
34 40 41 51 57 59 71 72
34 40 41 46 57 59 78
34 40 41 46 57 59 76 77
34 40 41 46 51 57 59
15 57 59 61 73 78
15 57 59 61 73 76 77
15 57 59 61 71 72 78
15 57 59 61 71 72 76 77
15 57 59 60 73 78
15 57 59 60 73 76 77
15 57 59 60 71 72 78
15 57 59 60 71 72 76 77
15 51 57 59 61 73
15 51 57 59 61 71 72
15 51 57 59 60 73
15 51 57 59 60 71 72
15 46 57 59 61 78
15 46 57 59 61 76 77
15 46 57 59 60 78
15 46 57 59 60 76 77
15 46 51 57 59 61
15 46 51 57 59 60
15 34 57 59 73 78
15 34 57 59 73 76 77
15 34 57 59 71 72 78
15 34 57 59 71 72 76 77
15 34 51 57 59 73
15 34 51 57 59 71 72
15 34 46 57 59 78
15 34 46 57 59 76 77
15 34 46 51 57 59
61 67 69
61 65 66 69
61 65 66 67 68
42 61 67
42 61 65 66
40 61 69
40 61 67 68
40 42 61
53 54 61 69
53 54 61 67 68
42 53 54 61
28 61 69
28 61 67 68
28 42 61
78 79
53
50
48 49
38
23
20
51
51 69
51 67 68
51 55 69
51 55 67 68
51 53 54 69
51 53 54 67 68
49 50
49 50 69
49 50 67 68
49 50 55 69
49 50 55 67 68
49 50 53 54 69
49 50 53 54 67 68
46 51 69
46 51 67 68
46 49 50 69
46 49 50 67 68
44 45 51 69
44 45 51 67 68
44 45 49 50 69
44 45 49 50 67 68
42
42 51
42 51 55
42 51 53 54
42 49 50
42 49 50 55
42 49 50 53 54
42 46 51
42 46 49 50
42 44 45 51
42 44 45 49 50
37 51 69
37 51 67 68
37 49 50 69
37 49 50 67 68
37 42 51
37 42 49 50
36 61 69
36 61 67 68
36 42 61
35
35 67
35 65 66
35 51 69
35 51 67 68
35 49 50 69
35 49 50 67 68
35 42 51
35 42 49 50
35 40
35 36 69
35 36 51 69
35 36 51 67 68
35 36 49 50 69
35 36 49 50 67 68
35 36 42
35 36 42 51
35 36 42 49 50
28 51 69
28 51 67 68
28 49 50 69
28 49 50 67 68
28 42 51
28 42 49 50
24
24 69
24 67 68
24 55 69
24 55 67 68
24 53 54 69
24 53 54 67 68
24 46 69
24 46 67 68
24 44 45 69
24 44 45 67 68
24 42
24 42 55
24 42 53 54
24 42 46
24 42 44 45
24 37 69
24 37 67 68
24 37 42
24 35 69
24 35 67 68
24 35 42
24 35 36 69
24 35 36 67 68
24 35 36 42
24 28 69
24 28 67 68
24 28 42
22 51 69
22 51 67 68
22 49 50 69
22 49 50 67 68
22 42 51
22 42 49 50
22 24 69
22 24 67 68
22 24 42
21 69
21 51 69
21 51 67 68
21 49 50 69
21 49 50 67 68
21 42
21 42 51
21 42 49 50
21 24 69
21 24 67 68
21 24 42
19 51 69
19 51 67 68
19 49 50 69
19 49 50 67 68
19 42 51
19 42 49 50
19 24 69
19 24 67 68
19 24 42
7 51 69
7 51 67 68
7 49 50 69
7 49 50 67 68
7 42 51
7 42 49 50
7 24 69
7 24 67 68
7 24 42
51 67
51 65 66
49 50 67
49 50 65 66
40 51
40 49 50
24 67
24 65 66
24 40
69 73 78 79
69 71 72 78 79
67 73 78 79
67 71 72 78 79
67 68 73 78 79
67 68 71 72 78 79
65 69
65 66 73 78 79
65 66 71 72 78 79
63 78 79
63 69 78 79
63 68
63 68 69
63 67
63 67 68 78 79
63 65 66
61 73
61 73 78 79
61 71 72
61 71 72 78 79
61 69 73 78 79
61 69 71 72 78 79
61 68 69 73
61 68 69 71 72
61 67 73
61 67 73 78 79
61 67 71 72
61 67 71 72 78 79
61 67 68 73
61 67 68 73 78 79
61 67 68 71 72
61 67 68 71 72 78 79
61 65 69
61 65 68 69
61 65 67
61 65 66 73
61 65 66 73 78 79
61 65 66 71 72
61 65 66 71 72 78 79
61 63
61 63 68 69
61 63 67
61 63 67 68
61 63 65 66
61 63 64 69
61 63 64 68 69
61 63 64 67
61 63 64 65 66
61 62
61 62 78 79
61 62 69 78 79
61 62 68
61 62 67 68 78 79
59 78 79
59 73
59 71 72
59 65
59 63 64
56 61 69
56 61 68 69
56 61 67
56 61 65 66
56 59
54 78 79
54 69 78 79
54 67 68 78 79
54 61
54 61 67
54 61 65 66
54 55 69
54 55 67 68
54 55 61 69
54 55 61 68 69
54 55 61 67
54 55 61 65 66
54 55 59
53 69 73
53 69 71 72
53 67 73
53 67 71 72
53 67 68 73
53 67 68 71 72
53 65 66 73
53 65 66 71 72
53 63
53 63 69
53 63 67 68
53 61 73
53 61 71 72
53 61 69 73
53 61 69 71 72
53 61 67 73
53 61 67 71 72
53 61 67 68 73
53 61 67 68 71 72
53 61 65 66 73
53 61 65 66 71 72
53 61 62
53 61 62 69
53 61 62 67 68
53 59
52 53
52 53 78 79
52 53 69 78 79
52 53 68
52 53 68 69
52 53 67
52 53 67 68 78 79
52 53 65 66
52 53 61
52 53 61 68 69
52 53 61 67
52 53 61 67 68
52 53 61 65 66
46 69 78 79
46 67 78 79
46 67 68 78 79
46 65 66 78 79
46 61 78 79
46 61 69 78 79
46 61 68 69
46 61 67
46 61 67 78 79
46 61 67 68 78 79
46 61 65 66
46 61 65 66 78 79
46 59
46 53 69
46 53 67
46 53 67 68
46 53 65 66
46 53 61
46 53 61 69
46 53 61 67
46 53 61 67 68
46 53 61 65 66
42 73 78 79
42 71 72 78 79
42 65
42 63 78 79
42 63 68
42 61 73 78 79
42 61 71 72 78 79
42 61 68 73
42 61 68 71 72
42 61 65
42 61 65 68
42 61 63 68
42 61 63 64
42 61 63 64 68
42 61 62 78 79
42 56 61
42 56 61 68
42 54 78 79
42 54 55
42 54 55 61
42 54 55 61 68
42 53 73
42 53 71 72
42 53 63
42 53 61 73
42 53 61 71 72
42 53 61 62
42 52 53 78 79
42 52 53 68
42 52 53 61 68
42 46 78 79
42 46 61 78 79
42 46 61 68
42 46 53
42 46 53 61
40 73 78 79
40 71 72 78 79
40 63
40 61 73
40 61 73 78 79
40 61 71 72
40 61 71 72 78 79
40 61 65
40 61 63
40 61 63 64
40 56 61
40 54 61
40 54 55 61
40 53 73
40 53 71 72
40 53 61 73
40 53 61 71 72
40 52 53
40 52 53 61
40 46 78 79
40 46 61
40 46 61 78 79
40 46 53
40 46 53 61
36
36 73
36 71 72
36 69 73
36 69 71 72
36 67 68 73
36 67 68 71 72
36 61 69 73
36 61 69 71 72
36 61 68 69 73
36 61 68 69 71 72
36 61 67 73
36 61 67 71 72
36 61 65 66 73
36 61 65 66 71 72
36 59
36 59 73
36 59 71 72
36 46
36 46 61 69
36 46 61 68 69
36 46 61 67
36 46 61 65 66
36 46 59
36 42 73
36 42 71 72
36 42 61 73
36 42 61 71 72
36 42 61 68 73
36 42 61 68 71 72
36 42 46 61
36 42 46 61 68
36 40 61 73
36 40 61 71 72
36 40 46 61
34 61
29 69
29 67 68
29 61 69
29 61 68 69
29 61 67
29 61 65 66
29 59
29 42
29 42 61
29 42 61 68
29 40 61
27 78 79
27 69 78 79
27 68
27 68 69
27 67
27 67 68 78 79
27 65 66
27 61
27 61 68 69
27 61 67
27 61 67 68
27 61 65 66
27 53
27 53 69
27 53 67 68
27 42 78 79
27 42 68
27 42 61 68
27 42 53
27 40
27 40 61
25 59
25 36 59
34 73
34 71 72
34 68 69
34 65 66 68
34 59 68
34 55
34 55 63
34 55 61 62
34 53 54 63
34 53 54 61 62
34 46
34 46 63
34 46 61 62
34 44 45 63
34 44 45 61 62
34 42 68
34 36
34 36 55
34 36 53 54
34 36 46
34 36 44 45
32 68 69
32 67 68
32 42 68
28 34 63
28 34 61 62
28 34 36
19 34 63
19 34 61 62
19 34 36
10 34
10 34 36
42 57 59 60 73
42 57 59 60 71 72
42 46 57 59 60
40 41 57 59 60 73
40 41 57 59 60 71 72
40 41 46 57 59 60
34 42 57 59 73
34 42 57 59 71 72
34 42 46 57 59
34 40 41 57 59 73
34 40 41 57 59 71 72
34 40 41 46 57 59
15 57 59 60 73
15 57 59 60 71 72
15 46 57 59 60
15 34 57 59 73
15 34 57 59 71 72
15 34 46 57 59
69 79
69 77 78
69 77 78 79
67 68 77 78 79
67 68 69
65 69 78 79
65 68 69
65 67 68 78 79
65 66 68 69
61 78 79
60 69
60 67 68
57 68 69
53 69 79
53 69 77 78
53 67 68 79
53 67 68 77 78
53 65 69
53 65 67 68
53 61
52 68 69
52 67 68
47 48 50 69
47 48 50 67 68
44 45 68 69
42 79
42 77 78
42 77 78 79
42 67 68
42 65 78 79
42 65 68
42 65 66 68
42 60
42 57 68
42 53 79
42 53 77 78
42 53 65
42 52 68
42 47 48 50
42 44 45 68
40 69
40 68 69
40 42
40 42 68
38 69 78 79
38 67 68 78 79
38 53 69
38 53 67 68
38 42 78 79
38 42 53
37 69 78 79
37 67 68 78 79
37 55 69
37 55 67 68
37 53 69
37 53 67 68
37 53 54 69
37 53 54 67 68
37 46 69
37 46 67 68
37 44 45 69
37 44 45 67 68
37 42 78 79
37 42 55
37 42 53
37 42 53 54
37 42 46
37 42 44 45
35 54 68 69
35 52 69
35 47 69
35 47 67 68
35 45 46 69
35 45 46 67 68
35 42 68
35 42 54 68
35 42 52
35 42 47
35 42 45 46
35 38 69
35 38 67 68
35 38 42
35 37 69
35 37 67 68
35 37 42
34 35 69
34 35 67 68
34 35 42
28 37 69
28 37 67 68
28 37 42
27 69
27 42
25 26 69
25 26 67 68
25 26 42
23 69
23 49 69
23 49 67 68
23 47 48 69
23 47 48 67 68
23 42
23 42 49
23 42 47 48
22 50 69
22 50 67 68
22 48 49 69
22 48 49 67 68
22 42 50
22 42 48 49
22 23 69
22 23 67 68
22 23 42
21 68 69
21 55 69
21 55 67 68
21 53 54 69
21 53 54 67 68
21 46 69
21 46 67 68
21 44 45 69
21 44 45 67 68
21 42 68
21 42 55
21 42 53 54
21 42 46
21 42 44 45
21 35 69
21 35 42
21 28 69
21 28 67 68
21 28 42
20 61
20 38 69
20 38 67 68
20 38 42
20 37 69
20 37 67 68
20 37 42
20 36 69
20 36 42
20 35 69
20 35 67 68
20 35 42
20 21 69
20 21 67 68
20 21 42
19 68 69
19 61
19 61 69
19 61 67 68
19 42 68
19 42 61
19 37 69
19 37 67 68
19 37 42
19 21 69
19 21 67 68
19 21 42
15 69
15 67 68
15 42
10 35 69
10 35 67 68
10 35 42
8 9 69
8 9 67 68
8 9 42
8 9 35 69
8 9 35 67 68
8 9 35 42
7 69 78 79
7 67 68 78 79
7 55 69
7 55 67 68
7 53 69
7 53 67 68
7 53 54 69
7 53 54 67 68
7 46 69
7 46 67 68
7 44 45 69
7 44 45 67 68
7 42 78 79
7 42 55
7 42 53
7 42 53 54
7 42 46
7 42 44 45
7 35 69
7 35 67 68
7 35 42
7 28 69
7 28 67 68
7 28 42
7 20 69
7 20 67 68
7 20 42
7 19 69
7 19 67 68
7 19 42
6 69
6 42
0 68 69
0 42 68
0 35 68 69
0 35 67 68
0 35 42 68
42 57 59 60 61 73
42 57 59 60 61 71 72
42 46 57 59 60 61
40 41 57 59 60 61 73
40 41 57 59 60 61 71 72
40 41 46 57 59 60 61
34 42 57 59 61 73
34 42 57 59 61 71 72
34 42 46 57 59 61
34 40 41 57 59 61 73
34 40 41 57 59 61 71 72
34 40 41 46 57 59 61
15 57 59 60 61 73
15 57 59 60 61 71 72
15 46 57 59 60 61
15 34 57 59 61 73
15 34 57 59 61 71 72
15 34 46 57 59 61
67 69
65 66 69
55 67
55 65 66
53 54 67
53 54 65 66
52 53 67 68
42 67
42 65 66
40 55
40 53 54
37 67
37 65 66
37 40
28 65 66
25 69
25 67 68
25 42
22 69
22 67 68
22 42
21 67
21 65 66
21 40
10 67
10 65 66
10 40
1 65 66
1 38
69 70
46 61 69
42 46 61
36 68
36 59 69
36 59 68 69
36 55 59 69
36 55 59 68
36 55 59 67 68
36 54 69
36 54 67 68
36 42 59
36 42 59 68
36 42 55 59
36 42 54
34 69
34 42
22 59 69
22 59 67 68
22 42 59
22 36 69
22 36 67 68
22 36 59 69
22 36 59 67 68
22 36 42
22 36 42 59
21
10 73
10 71 72
9 36 69
9 36 67 68
9 36 42
1 36 59 69
1 36 59 67 68
1 36 42 59
68 73
68 71 72
46 68
55 69 73
55 69 71 72
55 67 68 73
55 67 68 71 72
46 55 69
46 55 67 68
42 55 73
42 55 71 72
42 46 55
59 69 73
59 69 71 72
59 67 68 73
59 67 68 71 72
46 59 69
46 59 67 68
42 59 73
42 59 71 72
42 46 59
67 68 70
55 68 69
53 54 68 69
52 69 78 79
52 67 68 78 79
50 69 71
50 68 69
50 67 68 71
50 67 68 70
50 67 68 69
50 67 68 69 70
50 61
50 54 68 69
50 52 69
50 52 67 68
48 49 69
48 49 69 71
48 49 68 69
48 49 67 68
48 49 67 68 71
48 49 67 68 70
48 49 67 68 69
48 49 67 68 69 70
48 49 61
48 49 54 68 69
48 49 52 69
48 49 52 67 68
47 50 69
47 50 67 68
46 68 69
45 46 69
45 46 67 68
45 46 50 69
45 46 50 67 68
45 46 48 49 69
45 46 48 49 67 68
44 50 69
44 50 67 68
44 48 49 69
44 48 49 67 68
42 70
42 68 69
42 55 68
42 53 54 68
42 52 78 79
42 50 71
42 50 70
42 50 69 70
42 50 68 69
42 50 54 68
42 50 52
42 48 49
42 48 49 71
42 48 49 70
42 48 49 69 70
42 48 49 68 69
42 48 49 54 68
42 48 49 52
42 47 50
42 46 68
42 45 46
42 45 46 50
42 45 46 48 49
42 44 50
42 44 48 49
38 69
38 69 71
38 67 68 71
38 67 68 70
38 67 68 69
38 67 68 69 70
38 54 68 69
38 52 69
38 52 67 68
38 51 68 69
38 49 50 68 69
38 47 69
38 47 67 68
38 45 46 69
38 45 46 67 68
38 44 69
38 44 67 68
38 42
38 42 71
38 42 70
38 42 69 70
38 42 68 69
38 42 54 68
38 42 52
38 42 51 68
38 42 49 50 68
38 42 47
38 42 45 46
38 42 44
36 57 69
36 57 67 68
36 55 56 69
36 55 56 67 68
36 48 69
36 48 67 68
36 46 47 69
36 46 47 67 68
36 42 57
36 42 55 56
36 42 48
36 42 46 47
36 39 69
36 39 67 68
36 39 42
36 38 69
36 38 67 68
36 38 42
35 36 68 69
35 36 42 68
30 36 69
30 36 67 68
30 36 42
28 68 69
28 42 68
25 36 69
25 36 67 68
25 36 42
24 38 68 69
24 38 42 68
23 69 71
23 67 68 71
23 67 68 70
23 67 68 69
23 67 68 69 70
23 61
23 54 68 69
23 52 69
23 52 67 68
23 47 69
23 47 67 68
23 45 46 69
23 45 46 67 68
23 44 69
23 44 67 68
23 42 71
23 42 70
23 42 69 70
23 42 68
23 42 68 69
23 42 54 68
23 42 52
23 42 47
23 42 45 46
23 42 44
22 68 69 79
22 68 69 77 78
22 65 68 69
22 52 68 69
22 42 68 79
22 42 68 77 78
22 42 65 68
22 42 52 68
21 22 68 69
21 22 42 68
12 36 69
12 36 67 68
12 36 42
10 50 69
10 50 67 68
10 48 49 69
10 48 49 67 68
10 42 50
10 42 48 49
10 38 69
10 38 67 68
10 38 42
10 23 69
10 23 67 68
10 23 42
8 9 50 69
8 9 50 67 68
8 9 48 49 69
8 9 48 49 67 68
8 9 42 50
8 9 42 48 49
8 9 38 69
8 9 38 67 68
8 9 38 42
8 9 23 69
8 9 23 67 68
8 9 23 42
1 50 69
1 50 67 68
1 48 49 69
1 48 49 67 68
1 42 50
1 42 48 49
1 38 69
1 38 67 68
1 38 42
1 23 69
1 23 67 68
1 23 42
0 67 68
0 50 68 69
0 50 67 68
0 48 49 68 69
0 48 49 67 68
0 42 50 68
0 42 48 49 68
0 38 68 69
0 38 67 68
0 38 42 68
0 23 68 69
0 23 67 68
0 23 42 68
22 61
21 61
10 22
10 21
7 10
35 66
24 35
22 23 35
10 69 73
10 69 71 72
10 67 68 73
10 67 68 71 72
10 46 69
10 46 67 68
10 42 73
10 42 71 72
10 42 46
73 78 79
71 72 78 79
65
65 73
65 71 72
65 68 73
65 68 71 72
63 64
61 67 71 78 79
61 67 69 70 78 79
61 65 66 71 78 79
61 65 66 69 70 78 79
56
54 55
53 73
53 71 72
53 68
53 61 67 71
53 61 67 69 70
53 61 65 66 71
53 61 65 66 69 70
51 52 68
46 78 79
46 65
46 65 68
46 53
44 68
44 61 67 78 79
44 61 65 66 78 79
44 53 61 67
44 53 61 65 66
42 43 68
40 61 71 78 79
40 61 69 70 78 79
40 53 61 71
40 53 61 69 70
40 44 61 78 79
40 44 53 61
36 71
36 71 78 79
36 69 70
36 69 70 78 79
36 65
36 63 64
36 56
36 54 55
36 53 71
36 53 69 70
36 44
36 44 78 79
36 44 53
35 68
34 69 73
34 69 71 72
34 68 73
34 68 71 72
34 68 69 73
34 68 69 71 72
34 65 67 68
34 63 68
34 61 78 79
34 61 73
34 61 71 72
34 61 67
34 61 65 66
34 61 62 68
34 55 68
34 54
34 54 68
34 53 61
34 52 53 68
34 51
34 49 50
34 46 69
34 46 68
34 46 68 69
34 46 61
34 42 73
34 42 71 72
34 42 68 73
34 42 68 71 72
34 42 46
34 42 46 68
34 40 65 68
34 40 61
34 36 68
33 34 68
29
29 36
28 65 67
28 40 65
27 34 68
26 68
26 27 67
26 27 65 67
26 27 40
26 27 40 65
24 34
22 34 68
20 65 66 68
20 40 68
17 68
9 34
8 68
1 65 67
1 40 65
1 34 69
1 34 67 68
1 34 42
69 74
69 72 73
67 78 79
67 68 74
67 68 72 73
65 66 78 79
61 70
61 69 71
61 67 68 71
61 67 68 70
61 67 68 69
61 67 68 69 70
61 66 67 69
61 66 67 68
57 69
54
54 61 68
53 67
53 65 66
52 61
52 61 69
52 61 67 68
47 61 69
47 61 67 68
46 54 69
46 54 67 68
45 46 61 69
45 46 61 67 68
44 61 69
44 61 67 68
44 45 67
44 45 65 66
44 45 61 69
44 45 61 67 68
44 45 54 69
44 45 54 67 68
42 74
42 72 73
42 69
42 61 71
42 61 70
42 61 69 70
42 61 68 69
42 61 66 67
42 57
42 52 61
42 47 61
42 46 54
42 45 46 61
42 44 61
42 44 45 61
42 44 45 54
41 61 69
41 61 67 68
41 42 61
40 78 79
40 53
40 44 45
38 61 69
38 42 61
37 61 69
37 61 67 68
37 54 69
37 54 67 68
37 42 61
37 42 54
36 61 68
36 55 69
36 55 67 68
36 53 54 69
36 53 54 67 68
36 44 45 69
36 44 45 67 68
36 42 55
36 42 53 54
36 42 44 45
36 37 69
36 37 67 68
36 37 61 69
36 37 61 67 68
36 37 42
36 37 42 61
35 36 67
35 36 65 66
35 36 61 69
35 36 61 67 68
35 36 54 69
35 36 54 67 68
35 36 42 61
35 36 42 54
35 36 40
33 69
33 67 68
33 42
28 54 69
28 54 67 68
28 42 54
28 36 69
28 36 67 68
28 36 42
27 28 69
27 28 67 68
27 28 42
26 61 69
26 61 67 68
26 42 61
25 61 69
25 61 67 68
25 42 61
22 54 69
22 54 67 68
22 42 54
21 61 69
21 61 67 68
21 54 69
21 54 67 68
21 42 61
21 42 54
21 36 61 69
21 36 61 67 68
21 36 42 61
20 61 69
20 61 67 68
20 42 61
19 67
19 65 66
19 54 69
19 54 67 68
19 42 54
19 40
19 36 69
19 36 67 68
19 36 42
18 19 69
18 19 67 68
18 19 42
11 69
11 67 68
11 61 69
11 61 67 68
11 42
11 42 61
10 25 69
10 25 67 68
10 25 42
9
9 67
9 65 66
9 55 69
9 55 67 68
9 53 54 69
9 53 54 67 68
9 46 69
9 46 67 68
9 44 45 69
9 44 45 67 68
9 42 55
9 42 53 54
9 42 46
9 42 44 45
9 40
9 37 69
9 37 67 68
9 37 42
9 35 36 69
9 35 36 67 68
9 35 36 42
9 28 69
9 28 67 68
9 28 42
9 22 69
9 22 67 68
9 22 42
9 21 69
9 21 67 68
9 21 42
9 19 69
9 19 67 68
9 19 42
8 9 61
8 9 61 69
8 9 61 67 68
8 9 42 61
7 61 69
7 61 67 68
7 54 69
7 54 67 68
7 42 61
7 42 54
7 36 69
7 36 67 68
7 36 61 69
7 36 61 67 68
7 36 42
7 36 42 61
7 9 69
7 9 67 68
7 9 42
7 8 69
7 8 67 68
7 8 42
2 69
2 67 68
2 42
0 61 68
0 61 68 69
0 61 67 68
0 42 61 68
68 79
68 77 78
65 68
52 68
50 67
50 65 66
50 54 69
48 49 67
48 49 65 66
48 49 54 69
42 50 54
42 48 49 54
40 50
40 48 49
38 54 69
38 51 69
38 49 50 69
38 42 54
38 42 51
38 42 49 50
24 38 69
24 38 42
23 67
23 65 66
23 54 69
23 42 54
23 40
22 69 79
22 69 77 78
22 65 69
22 61 69
22 61 67 68
22 52 69
22 42 79
22 42 77 78
22 42 65
22 42 61
22 42 52
21 68
21 22 69
21 22 42
9 50 69
9 50 67 68
9 48 49 69
9 48 49 67 68
9 42 50
9 42 48 49
9 38 69
9 38 67 68
9 38 42
9 23 69
9 23 67 68
9 23 42
67 73
67 71 72
65 66 73
65 66 71 72
64
63 69
45 69
45 67 68
42 63
42 45
40 73
40 71 72
38 39
37 69 71
37 69 70
37 67 68 71
37 67 68 69 70
37 44 69
37 44 67 68
37 42 71
37 42 69 70
37 42 44
36 57 78 79
36 53 57
35 71
35 69 70
35 68 69
35 67 69
35 65 66 69
35 65 66 67 68
35 63
35 63 69
35 63 67 68
35 56 69
35 56 67 68
35 54
35 54 69
35 54 55 69
35 54 55 67 68
35 45
35 45 69
35 45 67 68
35 44
35 43 69
35 43 67 68
35 42 67
35 42 65 66
35 42 63
35 42 56
35 42 54
35 42 54 55
35 42 45
35 42 43
35 40 69
35 40 67 68
35 40 42
31
29 35 69
29 35 67 68
29 35 42
29 30
25 35
25 35 69
25 35 67 68
25 35 42
21 69 71
21 69 70
21 67 68 71
21 67 68 69 70
21 44 69
21 44 67 68
21 42 71
21 42 69 70
21 42 44
21 35
20 73
20 71 72
20 55
20 53 54
20 44 45
20 37
20 36
20 35
20 35 36
20 28
20 22
20 21
19 20
13
12 69
12 67 68
12 42
12 35
12 35 69
12 35 67 68
12 35 42
10 11 69
10 11 67 68
10 11 42
10 11 35
10 11 35 69
10 11 35 67 68
10 11 35 42
7 69 71
7 69 70
7 67
7 67 68 71
7 67 68 69 70
7 65 66
7 44 69
7 44 67 68
7 42 71
7 42 69 70
7 42 44
7 40
7 35
7 20
6
4
3 69
3 67 68
3 42
3 35
3 35 69
3 35 67 68
3 35 42
1 68
1 26
1 26 69
1 26 67
1 26 67 68
1 26 65 66
1 26 42
1 26 40
1 26 35
1 26 35 69
1 26 35 67 68
1 26 35 42
1 24 25
1 24 25 67
1 24 25 65 66
1 24 25 40
1 20 68
1 20 26
1 20 24 25
1 2 69
1 2 67 68
1 2 42
1 2 35
1 2 35 69
1 2 35 67 68
1 2 35 42
59 69 73 75
59 69 73 74
59 69 71 72 75
59 69 71 72 73 74
59 67 68 73 75
59 67 68 73 74
59 67 68 71 72 75
59 67 68 71 72 73 74
59 63 69 75
59 63 69 73
59 63 69 73 76
59 63 69 73 74 75
59 63 69 72 73
59 63 69 71 72
59 63 69 71 72 76
59 63 69 71 72 74
59 63 69 71 72 74 75
59 63 69 71 72 73
59 63 67 68 75
59 63 67 68 73
59 63 67 68 73 76
59 63 67 68 73 74 75
59 63 67 68 72 73
59 63 67 68 71 72
59 63 67 68 71 72 76
59 63 67 68 71 72 74
59 63 67 68 71 72 74 75
59 63 67 68 71 72 73
59 62 69 73
59 62 69 71 72
59 62 67 68 73
59 62 67 68 71 72
59 62 63 69 73
59 62 63 69 71 72
59 62 63 67 68 73
59 62 63 67 68 71 72
59 61 69 75
59 61 69 73
59 61 69 72 73
59 61 69 71 72
59 61 69 71 72 74
59 61 69 71 72 73
59 61 67 68 75
59 61 67 68 73
59 61 67 68 72 73
59 61 67 68 71 72
59 61 67 68 71 72 74
59 61 67 68 71 72 73
59 61 62 69 73
59 61 62 69 71 72
59 61 62 67 68 73
59 61 62 67 68 71 72
59 60 69 73
59 60 69 71 72
59 60 67 68 73
59 60 67 68 71 72
59 60 63 69
59 60 63 67 68
59 60 61 69
59 60 61 67 68
58 59 63 69
58 59 63 67 68
58 59 61 69
58 59 61 69 73
58 59 61 69 71 72
58 59 61 67 68
58 59 61 67 68 73
58 59 61 67 68 71 72
58 59 60 69 73
58 59 60 69 71 72
58 59 60 67 68 73
58 59 60 67 68 71 72
49 59 63 69 73
49 59 63 69 71 72
49 59 63 67 68 73
49 59 63 67 68 71 72
48 59 69 73
48 59 69 71 72
48 59 67 68 73
48 59 67 68 71 72
48 59 63 69
48 59 63 67 68
48 59 61 69
48 59 61 67 68
47 59 69 73
47 59 69 71 72
47 59 67 68 73
47 59 67 68 71 72
47 59 63 69 73
47 59 63 69 71 72
47 59 63 67 68 73
47 59 63 67 68 71 72
47 59 61 69 73
47 59 61 69 71 72
47 59 61 67 68 73
47 59 61 67 68 71 72
46 59 69 75
46 59 69 73 74
46 59 67 68 75
46 59 67 68 73 74
46 59 63 69
46 59 63 69 76
46 59 63 69 74
46 59 63 69 74 75
46 59 63 69 72 73
46 59 63 67 68
46 59 63 67 68 76
46 59 63 67 68 74
46 59 63 67 68 74 75
46 59 63 67 68 72 73
46 59 62 69
46 59 62 67 68
46 59 62 63 69
46 59 62 63 67 68
46 59 61 69
46 59 61 69 74
46 59 61 69 72 73
46 59 61 67 68
46 59 61 67 68 74
46 59 61 67 68 72 73
46 59 61 62 69
46 59 61 62 67 68
46 59 60 69
46 59 60 67 68
46 58 59 61 69
46 58 59 61 67 68
46 58 59 60 69
46 58 59 60 67 68
46 49 59 63 69
46 49 59 63 67 68
46 48 59 69
46 48 59 67 68
46 47 59 69
46 47 59 67 68
46 47 59 63 69
46 47 59 63 67 68
46 47 59 61 69
46 47 59 61 67 68
45 46 59 69
45 46 59 69 73
45 46 59 69 71 72
45 46 59 67 68
45 46 59 67 68 73
45 46 59 67 68 71 72
42 59 73 75
42 59 73 74
42 59 71 72 75
42 59 71 72 73 74
42 59 63 75
42 59 63 73
42 59 63 73 76
42 59 63 73 74 75
42 59 63 72 73
42 59 63 71 72
42 59 63 71 72 76
42 59 63 71 72 74
42 59 63 71 72 74 75
42 59 63 71 72 73
42 59 62 73
42 59 62 71 72
42 59 62 63 73
42 59 62 63 71 72
42 59 61 75
42 59 61 73
42 59 61 72 73
42 59 61 71 72
42 59 61 71 72 74
42 59 61 71 72 73
42 59 61 62 73
42 59 61 62 71 72
42 59 60 73
42 59 60 71 72
42 59 60 63
42 59 60 61
42 58 59 63
42 58 59 61
42 58 59 61 73
42 58 59 61 71 72
42 58 59 60 73
42 58 59 60 71 72
42 49 59 63 73
42 49 59 63 71 72
42 48 59 73
42 48 59 71 72
42 48 59 63
42 48 59 61
42 47 59 73
42 47 59 71 72
42 47 59 63 73
42 47 59 63 71 72
42 47 59 61 73
42 47 59 61 71 72
42 46 59 75
42 46 59 73 74
42 46 59 63
42 46 59 63 76
42 46 59 63 74
42 46 59 63 74 75
42 46 59 63 72 73
42 46 59 62
42 46 59 62 63
42 46 59 61
42 46 59 61 74
42 46 59 61 72 73
42 46 59 61 62
42 46 59 60
42 46 58 59 61
42 46 58 59 60
42 46 49 59 63
42 46 48 59
42 46 47 59
42 46 47 59 63
42 46 47 59 61
42 45 46 59
42 45 46 59 73
42 45 46 59 71 72
35 59 69 73
35 59 69 71 72
35 59 67 68 73
35 59 67 68 71 72
35 46 59 69
35 46 59 67 68
35 42 59 73
35 42 59 71 72
35 42 46 59
34 59 60 69 73
34 59 60 69 71 72
34 59 60 67 68 73
34 59 60 67 68 71 72
34 58 59 69 73
34 58 59 69 71 72
34 58 59 67 68 73
34 58 59 67 68 71 72
34 46 59 60 69
34 46 59 60 67 68
34 46 58 59 69
34 46 58 59 67 68
34 42 59 60 73
34 42 59 60 71 72
34 42 58 59 73
34 42 58 59 71 72
34 42 46 59 60
34 42 46 58 59
33 59 63 69
33 59 63 67 68
33 59 61 69
33 59 61 69 73
33 59 61 69 71 72
33 59 61 67 68
33 59 61 67 68 73
33 59 61 67 68 71 72
33 59 60 69 73
33 59 60 69 71 72
33 59 60 67 68 73
33 59 60 67 68 71 72
33 46 59 61 69
33 46 59 61 67 68
33 46 59 60 69
33 46 59 60 67 68
33 42 59 63
33 42 59 61
33 42 59 61 73
33 42 59 61 71 72
33 42 59 60 73
33 42 59 60 71 72
33 42 46 59 61
33 42 46 59 60
33 34 59 69 73
33 34 59 69 71 72
33 34 59 67 68 73
33 34 59 67 68 71 72
33 34 46 59 69
33 34 46 59 67 68
33 34 42 59 73
33 34 42 59 71 72
33 34 42 46 59
17 59 69 73
17 59 69 71 72
17 59 67 68 73
17 59 67 68 71 72
17 59 63 69 73
17 59 63 69 71 72
17 59 63 67 68 73
17 59 63 67 68 71 72
17 59 61 69 73
17 59 61 69 71 72
17 59 61 67 68 73
17 59 61 67 68 71 72
17 46 59 69
17 46 59 67 68
17 46 59 63 69
17 46 59 63 67 68
17 46 59 61 69
17 46 59 61 67 68
17 42 59 73
17 42 59 71 72
17 42 59 63 73
17 42 59 63 71 72
17 42 59 61 73
17 42 59 61 71 72
17 42 46 59
17 42 46 59 63
17 42 46 59 61
15 16 59 69 73
15 16 59 69 71 72
15 16 59 67 68 73
15 16 59 67 68 71 72
15 16 46 59 69
15 16 46 59 67 68
15 16 42 59 73
15 16 42 59 71 72
15 16 42 46 59
5 59 69 73
5 59 69 71 72
5 59 67 68 73
5 59 67 68 71 72
5 46 59 69
5 46 59 67 68
5 42 59 73
5 42 59 71 72
5 42 46 59
68 69 79
68 69 77 78
57 78 79
55 56 78 79
55 56 69 78 79
55 56 67 68 78 79
53 57
53 55 56
53 55 56 69
53 55 56 67 68
42 68 79
42 68 77 78
42 55 56 78 79
42 53 55 56
38 61 68 69
38 42 68
38 42 61 68
36 67
36 65 66
36 65 66 68
36 57 68
36 40
36 40 68
35 68 79
35 68 77 78
35 68 69 79
35 68 69 77 78
35 67 68 79
35 67 68 77 78
35 65 68
35 65 68 69
35 65 67 68
35 52 68
35 52 68 69
35 42 68 79
35 42 68 77 78
35 42 65 68
35 42 52 68
30 78 79
30 69 78 79
30 67 68 78 79
30 53
30 53 69
30 53 67 68
30 42 78 79
30 42 53
25
22 68
22 38 68
21 35 68
21 35 68 69
21 35 42 68
20 68
20 38 68
20 36 68
20 36 68 69
20 36 42 68
10 36 69
10 36 67 68
10 36 42
8 69
8 67 68
8 42
8 36 69
8 36 67 68
8 36 42
6 68
6 68 69
6 42 68
1 73
1 71 72
1 55
1 53 54
1 44 45
1 37
1 35
1 35 36
1 28
1 20
1 19
36 57 61 68
44 45 61
37 61
35 36 61
10 78 79
10 55
10 53
10 53 54
10 44 45
10 37
10 35 36
10 28
10 19
69 75 78 79
69 73 74 78 79
67 75
67 73 74
67 68 75 78 79
67 68 73 74 78 79
65 66 75
65 66 73 74
59 67 78 79
59 65 66 78 79
53 69 75
53 69 73 74
53 67 68 75
53 67 68 73 74
53 59 67
53 59 65 66
48 69 78 79
48 67
48 67 68 78 79
48 65 66
48 53 69
48 53 67 68
42 75 78 79
42 73 74 78 79
42 53 75
42 53 73 74
42 48 78 79
42 48 53
40 75
40 73 74
40 59 78 79
40 53 59
40 48
38 69 73
38 69 71 72
38 68 69 73
38 68 69 71 72
38 67 73
38 67 71 72
38 65 66 73
38 65 66 71 72
38 46 69
38 46 68 69
38 46 67
38 46 65 66
38 42 73
38 42 71 72
38 42 68 73
38 42 68 71 72
38 42 46
38 42 46 68
38 40 73
38 40 71 72
38 40 46
36 68 69
36 42 68
