73
71 72
69
69 78 79
69 71
69 70
68 71
68 69
68 69 71
67
67 78 79
67 75
67 73
67 73 74
67 71
67 71 78 79
67 71 72
67 70
67 69 70
67 69 70 78 79
67 68
67 68 78 79
67 68 69
65 66
65 66 78 79
65 66 75
65 66 73
65 66 73 74
65 66 71
65 66 71 78 79
65 66 71 72
65 66 70
65 66 69 70
65 66 69 70 78 79
65 66 68
65 66 68 69
63
63 71
63 69 70
63 68 69
63 67 68
61
61 78 79
61 73
61 71 72
61 69
61 67
61 67 71
61 67 69 70
61 67 68
61 65
61 65 66
61 65 66 71
61 65 66 69 70
61 63 64
61 62
61 62 71
61 62 69 70
61 62 68 69
61 62 67 68
59
59 69 71
59 69 70
59 67
59 67 68 71
59 67 68 69 70
59 65 66
59 64 73
59 64 71 72
59 63
59 63 73
59 63 73 77
59 63 73 74 76
59 63 71 72
59 63 71 72 77
59 63 71 72 74 75
59 63 71 72 73 74 76
59 63 71 72 73 74 75
59 62 63 73
59 62 63 71 72
59 61 71 78
59 61 71 76 77
59 61 69 70 78
59 61 69 70 76 77
59 61 68 71 73
59 61 68 71 72
59 61 68 69 70 73
59 61 68 69 70 71 72
59 61 67 68 71 73
59 61 67 68 71 72
59 61 67 68 69 70 73
59 61 67 68 69 70 71 72
59 61 63 73
59 61 63 71 72
59 61 62
59 61 62 73 77
59 61 62 73 74 76
59 61 62 71 72 77
59 61 62 71 72 74 75
59 61 62 71 72 73 74 76
59 61 62 71 72 73 74 75
59 60 61 71 78
59 60 61 71 76 77
59 60 61 71 73 78
59 60 61 71 73 76 77
59 60 61 71 72 78
59 60 61 71 72 76 77
59 60 61 69 70 78
59 60 61 69 70 76 77
59 60 61 69 70 73 78
59 60 61 69 70 73 76 77
59 60 61 69 70 71 72 78
59 60 61 69 70 71 72 76 77
59 60 61 68 71 73
59 60 61 68 71 72
59 60 61 68 69 70 73
59 60 61 68 69 70 71 72
59 60 61 67 68 71 73
59 60 61 67 68 71 72
59 60 61 67 68 69 70 73
59 60 61 67 68 69 70 71 72
59 60 61 63 73
59 60 61 63 71 72
59 60 61 62 73
59 60 61 62 71 72
57 67
57 65 66
57 61 73 78
57 61 73 76 77
57 61 71 72 78
57 61 71 72 76 77
57 60 69 73
57 60 69 71 72
57 60 67 68 73
57 60 67 68 71 72
57 59 63 73 78
57 59 63 73 76 77
57 59 63 71 72 78
57 59 63 71 72 76 77
57 59 61 73 78
57 59 61 73 76 77
57 59 61 71 72 78
57 59 61 71 72 76 77
57 59 61 62 73 78
57 59 61 62 73 76 77
57 59 61 62 71 72 78
57 59 61 62 71 72 76 77
57 58 67
57 58 65 66
57 58 59 69 73
57 58 59 69 71 72
57 58 59 67 68 73
57 58 59 67 68 71 72
56 61
55 73
55 71 72
55 61
55 59
54
54 69
54 68 69
54 68 69 71
54 68 69 70
54 67 73
54 67 71
54 67 71 72
54 67 69 70
54 67 68
54 67 68 71
54 67 68 69 70
54 65 66 73
54 65 66 71
54 65 66 71 72
54 65 66 69 70
54 65 66 68
54 55 61
53
53 69
53 67
53 67 71
53 67 69 70
53 67 68
53 65 66
53 65 66 71
53 65 66 69 70
53 61
53 54 67
53 54 65 66
52 67
52 65 66
52 53
52 53 69
52 53 68 69
52 53 68 69 71
52 53 68 69 70
52 53 67 73
52 53 67 71
52 53 67 71 72
52 53 67 69 70
52 53 67 68 71
52 53 67 68 69 70
52 53 65 66 73
52 53 65 66 71
52 53 65 66 71 72
52 53 65 66 69 70
51 59 61 71
51 59 61 69 70
51 59 60 61 71
51 59 60 61 71 73
51 59 60 61 71 72
51 59 60 61 69 70
51 59 60 61 69 70 73
51 59 60 61 69 70 71 72
51 57 61 73
51 57 61 71 72
51 57 59 63 73
51 57 59 63 71 72
51 57 59 61 73
51 57 59 61 71 72
51 57 59 61 62 73
51 57 59 61 62 71 72
51 52
50
50 59 63 73
50 59 63 71 72
50 59 61 62 73
50 59 61 62 71 72
49 59 73
49 59 71 72
49 59 63 73 75
49 59 63 73 74
49 59 63 71 72 75
49 59 63 71 72 73 74
49 59 61 62 73 75
49 59 61 62 73 74
49 59 61 62 71 72 75
49 59 61 62 71 72 73 74
48 67
48 65 66
48 59 73 78
48 59 73 76 77
48 59 71 72 78
48 59 71 72 76 77
48 59 63 73 76
48 59 63 73 74 75
48 59 63 71 72 76
48 59 63 71 72 74 75
48 59 61 62 73 76
48 59 61 62 73 74 75
48 59 61 62 71 72 76
48 59 61 62 71 72 74 75
48 57 59 63 73 78
48 57 59 63 73 76 77
48 57 59 63 71 72 78
48 57 59 63 71 72 76 77
48 57 59 61 62 73 78
48 57 59 61 62 73 76 77
48 57 59 61 62 71 72 78
48 57 59 61 62 71 72 76 77
48 51 59 73
48 51 59 71 72
48 51 57 59 63 73
48 51 57 59 63 71 72
48 51 57 59 61 62 73
48 51 57 59 61 62 71 72
48 49
48 49 59 63 73
48 49 59 63 71 72
48 49 59 61 62 73
48 49 59 61 62 71 72
47 48 59 73
47 48 59 71 72
46 67
46 65 66
46 61
46 59 64
46 59 63
46 59 63 77
46 59 63 74 75
46 59 63 73 74 76
46 59 63 73 74 75
46 59 62 63
46 59 61 68 71
46 59 61 68 69 70
46 59 61 67 68 71
46 59 61 67 68 69 70
46 59 61 63
46 59 61 62 77
46 59 61 62 74 75
46 59 61 62 73 74 76
46 59 61 62 73 74 75
46 59 60 61 71 78
46 59 60 61 71 76 77
46 59 60 61 69 70 78
46 59 60 61 69 70 76 77
46 59 60 61 68 71
46 59 60 61 68 69 70
46 59 60 61 67 68 71
46 59 60 61 67 68 69 70
46 59 60 61 63
46 59 60 61 62
46 57 61 78
46 57 61 76 77
46 57 60 69
46 57 60 67 68
46 57 59 63 78
46 57 59 63 76 77
46 57 59 61 78
46 57 59 61 76 77
46 57 59 61 62 78
46 57 59 61 62 76 77
46 57 58 59 69
46 57 58 59 67 68
46 55
46 54 67
46 54 65 66
46 52 53 67
46 52 53 65 66
46 51 59 60 61 71
46 51 59 60 61 69 70
46 51 57 61
46 51 57 59 63
46 51 57 59 61
46 51 57 59 61 62
46 50 59 63
46 50 59 61 62
46 49 59
46 49 59 63 75
46 49 59 63 73 74
46 49 59 61 62 75
46 49 59 61 62 73 74
46 48 59 78
46 48 59 76 77
46 48 59 63 76
46 48 59 63 74 75
46 48 59 61 62 76
46 48 59 61 62 74 75
46 48 57 59 63 78
46 48 57 59 63 76 77
46 48 57 59 61 62 78
46 48 57 59 61 62 76 77
46 48 51 59
46 48 51 57 59 63
46 48 51 57 59 61 62
46 48 49 59 63
46 48 49 59 61 62
46 47 59 78
46 47 59 76 77
46 47 59 73 78
46 47 59 73 76 77
46 47 59 71 72 78
46 47 59 71 72 76 77
46 47 57 59 63 78
46 47 57 59 63 76 77
46 47 57 59 63 73 78
46 47 57 59 63 73 76 77
46 47 57 59 63 71 72 78
46 47 57 59 63 71 72 76 77
46 47 57 59 61 62 78
46 47 57 59 61 62 76 77
46 47 57 59 61 62 73 78
46 47 57 59 61 62 73 76 77
46 47 57 59 61 62 71 72 78
46 47 57 59 61 62 71 72 76 77
46 47 51 59
46 47 51 59 73
46 47 51 59 71 72
46 47 51 57 59 63
46 47 51 57 59 63 73
46 47 51 57 59 63 71 72
46 47 51 57 59 61 62
46 47 51 57 59 61 62 73
46 47 51 57 59 61 62 71 72
46 47 48 59
44
44 69
44 68
44 68 69
44 67
44 67 78 79
44 65 66
44 65 66 78 79
44 63
44 61 67
44 61 65 66
44 61 63 73 78
44 61 63 73 76 77
44 61 63 71 73 78
44 61 63 71 73 76 77
44 61 63 69 70 73 78
44 61 63 69 70 73 76 77
44 61 63 69 70 71 72 78
44 61 63 69 70 71 72 76 77
44 61 62
44 61 62 73 78
44 61 62 73 76 77
44 61 62 71 73 78
44 61 62 71 73 76 77
44 61 62 69 70 73 78
44 61 62 69 70 73 76 77
44 61 62 69 70 71 72 78
44 61 62 69 70 71 72 76 77
44 59 73
44 59 71 72
44 59 69
44 59 67 68
44 59 61 78
44 59 61 76 77
44 59 61 68 73
44 59 61 68 71 72
44 59 61 67 68 73
44 59 61 67 68 71 72
44 59 61 63 69 73 78 79
44 59 61 63 69 71 72 78 79
44 59 61 63 67 68 73 78 79
44 59 61 63 67 68 71 72 78 79
44 59 61 62 69 73 78 79
44 59 61 62 69 71 72 78 79
44 59 61 62 67 68 73 78 79
44 59 61 62 67 68 71 72 78 79
44 59 60 61 78
44 59 60 61 76 77
44 59 60 61 73 78
44 59 60 61 73 76 77
44 59 60 61 71 72 78
44 59 60 61 71 72 76 77
44 59 60 61 68 73
44 59 60 61 68 71 72
44 59 60 61 67 68 73
44 59 60 61 67 68 71 72
44 58 59 61 73 78 79
44 58 59 61 71 72 78 79
44 56 57 59 61 73 78 79
44 56 57 59 61 71 72 78 79
44 54 68 69
44 54 67
44 54 67 68
44 54 65 66
44 53 67
44 53 65 66
44 53 59 61 63 69 73
44 53 59 61 63 69 71 72
44 53 59 61 63 67 68 73
44 53 59 61 63 67 68 71 72
44 53 59 61 62 69 73
44 53 59 61 62 69 71 72
44 53 59 61 62 67 68 73
44 53 59 61 62 67 68 71 72
44 53 58 59 61 73
44 53 58 59 61 71 72
44 53 56 57 59 61 73
44 53 56 57 59 61 71 72
44 52 53 68 69
44 52 53 67
44 52 53 67 68
44 52 53 65 66
44 51 61 63 73
44 51 61 63 71 73
44 51 61 63 69 70 73
44 51 61 63 69 70 71 72
44 51 61 62 73
44 51 61 62 71 73
44 51 61 62 69 70 73
44 51 61 62 69 70 71 72
44 51 59 61
44 51 59 60 61
44 51 59 60 61 73
44 51 59 60 61 71 72
44 46 61 63 78
44 46 61 63 76 77
44 46 61 63 71 78
44 46 61 63 71 76 77
44 46 61 63 69 70 78
44 46 61 63 69 70 76 77
44 46 61 62 78
44 46 61 62 76 77
44 46 61 62 71 78
44 46 61 62 71 76 77
44 46 61 62 69 70 78
44 46 61 62 69 70 76 77
44 46 59
44 46 59 61 68
44 46 59 61 67 68
44 46 59 61 63 69 78 79
44 46 59 61 63 67 68 78 79
44 46 59 61 62 69 78 79
44 46 59 61 62 67 68 78 79
44 46 59 60 61 78
44 46 59 60 61 76 77
44 46 59 60 61 68
44 46 59 60 61 67 68
44 46 58 59 61 78 79
44 46 56 57 59 61 78 79
44 46 53 59 61 63 69
44 46 53 59 61 63 67 68
44 46 53 59 61 62 69
44 46 53 59 61 62 67 68
44 46 53 58 59 61
44 46 53 56 57 59 61
44 46 51 61 63
44 46 51 61 63 71
44 46 51 61 63 69 70
44 46 51 61 62
44 46 51 61 62 71
44 46 51 61 62 69 70
44 46 51 59 60 61
42
42 78 79
42 71
42 69 70
42 68
42 68 71
42 68 69 70
42 63 68
42 61
42 61 62 68
42 59 73
42 59 71
42 59 71 72
42 59 69 70
42 59 61
42 59 61 73
42 59 61 71 73
42 59 61 69 70 73
42 59 61 69 70 71 72
42 59 60 61 71 73
42 59 60 61 71 72
42 59 60 61 69 70 73
42 59 60 61 69 70 71 72
42 57 73 78
42 57 73 76 77
42 57 71 72 78
42 57 71 72 76 77
42 57 61 63 73
42 57 61 63 71 72
42 57 61 62 73
42 57 61 62 71 72
42 57 60 73
42 57 60 71 72
42 57 60 61 63 73
42 57 60 61 63 71 72
42 57 60 61 62 73
42 57 60 61 62 71 72
42 57 59 71
42 57 59 71 75
42 57 59 71 73 74
42 57 59 69 70
42 57 59 69 70 75
42 57 59 69 70 73 74
42 57 59 65 71 75
42 57 59 65 71 73 74
42 57 59 65 69 70 75
42 57 59 65 69 70 73 74
42 57 59 63 73
42 57 59 63 73 78
42 57 59 63 73 76 77
42 57 59 63 71 72
42 57 59 63 71 72 78
42 57 59 63 71 72 76 77
42 57 59 61 73
42 57 59 61 73 78
42 57 59 61 73 76 77
42 57 59 61 71 72
42 57 59 61 71 72 78
42 57 59 61 71 72 76 77
42 57 59 61 62 73
42 57 59 61 62 73 78
42 57 59 61 62 73 76 77
42 57 59 61 62 71 72
42 57 59 61 62 71 72 78
42 57 59 61 62 71 72 76 77
42 57 59 60 61 73
42 57 59 60 61 73 78
42 57 59 60 61 73 76 77
42 57 59 60 61 71 72
42 57 59 60 61 71 72 78
42 57 59 60 61 71 72 76 77
42 57 58 59 73
42 57 58 59 71 72
42 54
42 54 68
42 54 68 71
42 54 68 69 70
42 53
42 52 53
42 52 53 68
42 52 53 68 71
42 52 53 68 69 70
42 51 57 73
42 51 57 71 72
42 51 57 59 63 73
42 51 57 59 63 71 72
42 51 57 59 61 73
42 51 57 59 61 71 72
42 51 57 59 61 62 73
42 51 57 59 61 62 71 72
42 51 57 59 60 61 73
42 51 57 59 60 61 71 72
42 48 59 61
42 48 57 59 73
42 48 57 59 71
42 48 57 59 71 72
42 48 57 59 69 70
42 48 57 59 65 71
42 48 57 59 65 69 70
42 48 57 59 61 73
42 48 57 59 61 73 78
42 48 57 59 61 73 76 77
42 48 57 59 61 71 72
42 48 57 59 61 71 72 78
42 48 57 59 61 71 72 76 77
42 48 57 59 60 73
42 48 57 59 60 73 78
42 48 57 59 60 73 76 77
42 48 57 59 60 71 72
42 48 57 59 60 71 72 78
42 48 57 59 60 71 72 76 77
42 48 51 57 59 61 73
42 48 51 57 59 61 71 72
42 48 51 57 59 60 73
42 48 51 57 59 60 71 72
42 46 59
42 46 59 61
42 46 59 61 71
42 46 59 61 69 70
42 46 59 60 61 71
42 46 59 60 61 69 70
42 46 57 78
42 46 57 76 77
42 46 57 61 63
42 46 57 61 62
42 46 57 60
42 46 57 60 61 63
42 46 57 60 61 62
42 46 57 59 63
42 46 57 59 63 78
42 46 57 59 63 76 77
42 46 57 59 61
42 46 57 59 61 78
42 46 57 59 61 76 77
42 46 57 59 61 62
42 46 57 59 61 62 78
42 46 57 59 61 62 76 77
42 46 57 59 60 61
42 46 57 59 60 61 78
42 46 57 59 60 61 76 77
42 46 57 58 59
42 46 51 57
42 46 51 57 59 63
42 46 51 57 59 61
42 46 51 57 59 61 62
42 46 51 57 59 60 61
42 46 48 57 59
42 46 48 57 59 61
42 46 48 57 59 61 78
42 46 48 57 59 61 76 77
42 46 48 57 59 60
42 46 48 57 59 60 78
42 46 48 57 59 60 76 77
42 46 48 51 57 59 61
42 46 48 51 57 59 60
42 46 47 59 61
42 46 47 57 59
42 46 47 57 59 73
42 46 47 57 59 71 72
42 46 47 57 59 61
42 46 47 57 59 61 78
42 46 47 57 59 61 76 77
42 46 47 57 59 61 73
42 46 47 57 59 61 73 78
42 46 47 57 59 61 73 76 77
42 46 47 57 59 61 71 72
42 46 47 57 59 61 71 72 78
42 46 47 57 59 61 71 72 76 77
42 46 47 57 59 60
42 46 47 57 59 60 78
42 46 47 57 59 60 76 77
42 46 47 57 59 60 73
42 46 47 57 59 60 73 78
42 46 47 57 59 60 73 76 77
42 46 47 57 59 60 71 72
42 46 47 57 59 60 71 72 78
42 46 47 57 59 60 71 72 76 77
42 46 47 51 57 59 61
42 46 47 51 57 59 61 73
42 46 47 51 57 59 61 71 72
42 46 47 51 57 59 60
42 46 47 51 57 59 60 73
42 46 47 51 57 59 60 71 72
42 44
42 44 68
42 44 59
42 44 59 61 73
42 44 59 61 71 72
42 44 59 61 63 73 78 79
42 44 59 61 63 71 72 78 79
42 44 59 61 62 73 78 79
42 44 59 61 62 71 72 78 79
42 44 59 60 61 73
42 44 59 60 61 71 72
42 44 57 59
42 44 57 59 75
42 44 57 59 73 74
42 44 57 59 65 75
42 44 57 59 65 73 74
42 44 54 68
42 44 53 59 61 63 73
42 44 53 59 61 63 71 72
42 44 53 59 61 62 73
42 44 53 59 61 62 71 72
42 44 52 53 68
42 44 48 57 59
42 44 48 57 59 65
42 44 46 59 61
42 44 46 59 61 63 78 79
42 44 46 59 61 62 78 79
42 44 46 59 60 61
42 44 46 53 59 61 63
42 44 46 53 59 61 62
42 43
42 43 61 63 71 73 78
42 43 61 63 71 73 76 77
42 43 61 63 71 72 78
42 43 61 63 71 72 76 77
42 43 61 63 69 70 73 78
42 43 61 63 69 70 73 76 77
42 43 61 63 69 70 71 72 78
42 43 61 63 69 70 71 72 76 77
42 43 61 62 71 73 78
42 43 61 62 71 73 76 77
42 43 61 62 71 72 78
42 43 61 62 71 72 76 77
42 43 61 62 69 70 73 78
42 43 61 62 69 70 73 76 77
42 43 61 62 69 70 71 72 78
42 43 61 62 69 70 71 72 76 77
42 43 59 73
42 43 59 71 72
42 43 59 61 63 73 78 79
42 43 59 61 63 71 72 78 79
42 43 59 61 63 69 73 78 79
42 43 59 61 63 69 71 72 78 79
42 43 59 61 63 67 68 73 78 79
42 43 59 61 63 67 68 71 72 78 79
42 43 59 61 62 73 78 79
42 43 59 61 62 71 72 78 79
42 43 59 61 62 69 73 78 79
42 43 59 61 62 69 71 72 78 79
42 43 59 61 62 67 68 73 78 79
42 43 59 61 62 67 68 71 72 78 79
42 43 58 59 61 73 78 79
42 43 58 59 61 71 72 78 79
42 43 56 57 59 61 73 78 79
42 43 56 57 59 61 71 72 78 79
42 43 53 59 61 63 73
42 43 53 59 61 63 71 72
42 43 53 59 61 63 69 73
42 43 53 59 61 63 69 71 72
42 43 53 59 61 63 67 68 73
42 43 53 59 61 63 67 68 71 72
42 43 53 59 61 62 73
42 43 53 59 61 62 71 72
42 43 53 59 61 62 69 73
42 43 53 59 61 62 69 71 72
42 43 53 59 61 62 67 68 73
42 43 53 59 61 62 67 68 71 72
42 43 53 58 59 61 73
42 43 53 58 59 61 71 72
42 43 53 56 57 59 61 73
42 43 53 56 57 59 61 71 72
42 43 51 61 63 71 73
42 43 51 61 63 71 72
42 43 51 61 63 69 70 73
42 43 51 61 63 69 70 71 72
42 43 51 61 62 71 73
42 43 51 61 62 71 72
42 43 51 61 62 69 70 73
42 43 51 61 62 69 70 71 72
42 43 46 61 63 71 78
42 43 46 61 63 71 76 77
42 43 46 61 63 69 70 78
42 43 46 61 63 69 70 76 77
42 43 46 61 62 71 78
42 43 46 61 62 71 76 77
42 43 46 61 62 69 70 78
42 43 46 61 62 69 70 76 77
42 43 46 59
42 43 46 59 61 63 78 79
42 43 46 59 61 63 69 78 79
42 43 46 59 61 63 67 68 78 79
42 43 46 59 61 62 78 79
42 43 46 59 61 62 69 78 79
42 43 46 59 61 62 67 68 78 79
42 43 46 58 59 61 78 79
42 43 46 56 57 59 61 78 79
42 43 46 53 59 61 63
42 43 46 53 59 61 63 69
42 43 46 53 59 61 63 67 68
42 43 46 53 59 61 62
42 43 46 53 59 61 62 69
42 43 46 53 59 61 62 67 68
42 43 46 53 58 59 61
42 43 46 53 56 57 59 61
42 43 46 51 61 63 71
42 43 46 51 61 63 69 70
42 43 46 51 61 62 71
42 43 46 51 61 62 69 70
42 43 44 61 63 73 78
42 43 44 61 63 73 76 77
42 43 44 61 63 71 72 78
42 43 44 61 63 71 72 76 77
42 43 44 61 62 73 78
42 43 44 61 62 73 76 77
42 43 44 61 62 71 72 78
42 43 44 61 62 71 72 76 77
42 43 44 51 61 63 73
42 43 44 51 61 63 71 72
42 43 44 51 61 62 73
42 43 44 51 61 62 71 72
42 43 44 46 61 63 78
42 43 44 46 61 63 76 77
42 43 44 46 61 62 78
42 43 44 46 61 62 76 77
42 43 44 46 51 61 63
42 43 44 46 51 61 62
41
40
40 78 79
40 75
40 73
40 73 74
40 71
40 71 78 79
40 71 72
40 70
40 69 70
40 69 70 78 79
40 68
40 68 69
40 61
40 61 71
40 61 69 70
40 59
40 57
40 57 58
40 54 73
40 54 71
40 54 71 72
40 54 69 70
40 54 68
40 53
40 53 71
40 53 69 70
40 53 54
40 52
40 52 53 73
40 52 53 71
40 52 53 71 72
40 52 53 69 70
40 48
40 46
40 46 54
40 46 52 53
40 44
40 44 78 79
40 44 61
40 44 54
40 44 53
40 44 52 53
40 41 59 73
40 41 59 71 72
40 41 59 61
40 41 59 61 73
40 41 59 61 71 72
40 41 57 73 78
40 41 57 73 76 77
40 41 57 71 72 78
40 41 57 71 72 76 77
40 41 57 61 63 73
40 41 57 61 63 71 72
40 41 57 61 62 73
40 41 57 61 62 71 72
40 41 57 60 61 63 73
40 41 57 60 61 63 71 72
40 41 57 60 61 62 73
40 41 57 60 61 62 71 72
40 41 57 59 71
40 41 57 59 71 75
40 41 57 59 71 73 74
40 41 57 59 69 70
40 41 57 59 69 70 75
40 41 57 59 69 70 73 74
40 41 57 59 65 71 75
40 41 57 59 65 71 73 74
40 41 57 59 65 69 70 75
40 41 57 59 65 69 70 73 74
40 41 57 59 63 73
40 41 57 59 63 73 78
40 41 57 59 63 73 76 77
40 41 57 59 63 71 72
40 41 57 59 63 71 72 78
40 41 57 59 63 71 72 76 77
40 41 57 59 61 73
40 41 57 59 61 73 78
40 41 57 59 61 73 76 77
40 41 57 59 61 71 72
40 41 57 59 61 71 72 78
40 41 57 59 61 71 72 76 77
40 41 57 59 61 62 73
40 41 57 59 61 62 73 78
40 41 57 59 61 62 73 76 77
40 41 57 59 61 62 71 72
40 41 57 59 61 62 71 72 78
40 41 57 59 61 62 71 72 76 77
40 41 57 59 60 61 73
40 41 57 59 60 61 73 78
40 41 57 59 60 61 73 76 77
40 41 57 59 60 61 71 72
40 41 57 59 60 61 71 72 78
40 41 57 59 60 61 71 72 76 77
40 41 51 57 73
40 41 51 57 71 72
40 41 51 57 59 63 73
40 41 51 57 59 63 71 72
40 41 51 57 59 61 73
40 41 51 57 59 61 71 72
40 41 51 57 59 61 62 73
40 41 51 57 59 61 62 71 72
40 41 51 57 59 60 61 73
40 41 51 57 59 60 61 71 72
40 41 48 59 61
40 41 48 57 59 73
40 41 48 57 59 71
40 41 48 57 59 71 72
40 41 48 57 59 69 70
40 41 48 57 59 65 71
40 41 48 57 59 65 69 70
40 41 48 57 59 61 73
40 41 48 57 59 61 73 78
40 41 48 57 59 61 73 76 77
40 41 48 57 59 61 71 72
40 41 48 57 59 61 71 72 78
40 41 48 57 59 61 71 72 76 77
40 41 48 57 59 60 73
40 41 48 57 59 60 73 78
40 41 48 57 59 60 73 76 77
40 41 48 57 59 60 71 72
40 41 48 57 59 60 71 72 78
40 41 48 57 59 60 71 72 76 77
40 41 48 51 57 59 61 73
40 41 48 51 57 59 61 71 72
40 41 48 51 57 59 60 73
40 41 48 51 57 59 60 71 72
40 41 46 59
40 41 46 59 61
40 41 46 57 78
40 41 46 57 76 77
40 41 46 57 61 63
40 41 46 57 61 62
40 41 46 57 60 61 63
40 41 46 57 60 61 62
40 41 46 57 59 63
40 41 46 57 59 63 78
40 41 46 57 59 63 76 77
40 41 46 57 59 61
40 41 46 57 59 61 78
40 41 46 57 59 61 76 77
40 41 46 57 59 61 62
40 41 46 57 59 61 62 78
40 41 46 57 59 61 62 76 77
40 41 46 57 59 60 61
40 41 46 57 59 60 61 78
40 41 46 57 59 60 61 76 77
40 41 46 51 57
40 41 46 51 57 59 63
40 41 46 51 57 59 61
40 41 46 51 57 59 61 62
40 41 46 51 57 59 60 61
40 41 46 48 57 59
40 41 46 48 57 59 61
40 41 46 48 57 59 61 78
40 41 46 48 57 59 61 76 77
40 41 46 48 57 59 60
40 41 46 48 57 59 60 78
40 41 46 48 57 59 60 76 77
40 41 46 48 51 57 59 61
40 41 46 48 51 57 59 60
40 41 46 47 59 61
40 41 46 47 57 59
40 41 46 47 57 59 73
40 41 46 47 57 59 71 72
40 41 46 47 57 59 61
40 41 46 47 57 59 61 78
40 41 46 47 57 59 61 76 77
40 41 46 47 57 59 61 73
40 41 46 47 57 59 61 73 78
40 41 46 47 57 59 61 73 76 77
40 41 46 47 57 59 61 71 72
40 41 46 47 57 59 61 71 72 78
40 41 46 47 57 59 61 71 72 76 77
40 41 46 47 57 59 60
40 41 46 47 57 59 60 78
40 41 46 47 57 59 60 76 77
40 41 46 47 57 59 60 73
40 41 46 47 57 59 60 73 78
40 41 46 47 57 59 60 73 76 77
40 41 46 47 57 59 60 71 72
40 41 46 47 57 59 60 71 72 78
40 41 46 47 57 59 60 71 72 76 77
40 41 46 47 51 57 59 61
40 41 46 47 51 57 59 61 73
40 41 46 47 51 57 59 61 71 72
40 41 46 47 51 57 59 60
40 41 46 47 51 57 59 60 73
40 41 46 47 51 57 59 60 71 72
40 41 44 57 59
40 41 44 57 59 75
40 41 44 57 59 73 74
40 41 44 57 59 65 75
40 41 44 57 59 65 73 74
40 41 44 48 57 59
40 41 44 48 57 59 65
39 40
38 69
38 67 68
38 59 69
38 59 67 68
38 42
38 42 59
37
37 59 73
37 59 71 72
37 46 59
36 78 79
36 71
36 69 73
36 69 71 72
36 69 70
36 68 69
36 68 69 71
36 68 69 70
36 67
36 67 78 79
36 67 73
36 67 71 72
36 67 70
36 67 69
36 67 68 73
36 67 68 71
36 67 68 71 72
36 67 68 69
36 67 68 69 70
36 65 66
36 65 66 78 79
36 65 66 73
36 65 66 71 72
36 65 66 70
36 65 66 69
36 65 66 68 69
36 65 66 67 68
36 63
36 61 73
36 61 71
36 61 71 72
36 61 69 70
36 61 68
36 61 67
36 61 65
36 61 65 66
36 61 63 64
36 61 62
36 59 78 79
36 59 73
36 59 73 77
36 59 73 74 76
36 59 71
36 59 71 72
36 59 71 72 77
36 59 71 72 74 75
36 59 71 72 73 74 76
36 59 71 72 73 74 75
36 59 69 70
36 59 61 73
36 59 61 71 72
36 59 60 61 73
36 59 60 61 71 72
36 57 59 73 78
36 57 59 73 76 77
36 57 59 71 72 78
36 57 59 71 72 76 77
36 56 61
36 55
36 55 67
36 55 65 66
36 54
36 54 69
36 54 65 66 68
36 54 55 61
36 53
36 53 67
36 53 65 66
36 53 59
36 53 54 67
36 53 54 65 66
36 52 67
36 52 65 66
36 52 53 69
36 52 53 67 68
36 51 57 59 73
36 51 57 59 71 72
36 50 59 73
36 50 59 71 72
36 49 59 73 75
36 49 59 73 74
36 49 59 71 72 75
36 49 59 71 72 73 74
36 48 59 73 76
36 48 59 73 74 75
36 48 59 71 72 76
36 48 59 71 72 74 75
36 48 57 59 73 78
36 48 57 59 73 76 77
36 48 57 59 71 72 78
36 48 57 59 71 72 76 77
36 48 51 57 59 73
36 48 51 57 59 71 72
36 48 49 59 73
36 48 49 59 71 72
36 46 69
36 46 67
36 46 67 68
36 46 65 66
36 46 61
36 46 59
36 46 59 77
36 46 59 74 75
36 46 59 73 74 76
36 46 59 73 74 75
36 46 59 61
36 46 59 60 61
36 46 57 59 78
36 46 57 59 76 77
36 46 51 57 59
36 46 50 59
36 46 49 59 75
36 46 49 59 73 74
36 46 48 59 76
36 46 48 59 74 75
36 46 48 57 59 78
36 46 48 57 59 76 77
36 46 48 51 57 59
36 46 48 49 59
36 46 47 57 59 78
36 46 47 57 59 76 77
36 46 47 57 59 73 78
36 46 47 57 59 73 76 77
36 46 47 57 59 71 72 78
36 46 47 57 59 71 72 76 77
36 46 47 51 57 59
36 46 47 51 57 59 73
36 46 47 51 57 59 71 72
36 45
36 44
36 44 68 69
36 44 67 68
36 44 61
36 44 61 73 78
36 44 61 73 76 77
36 44 61 71 73 78
36 44 61 71 73 76 77
36 44 61 69 70 73 78
36 44 61 69 70 73 76 77
36 44 61 69 70 71 72 78
36 44 61 69 70 71 72 76 77
36 44 59
36 44 59 61 69 73 78 79
36 44 59 61 69 71 72 78 79
36 44 59 61 67 68 73 78 79
36 44 59 61 67 68 71 72 78 79
36 44 53 59 61 69 73
36 44 53 59 61 69 71 72
36 44 53 59 61 67 68 73
36 44 53 59 61 67 68 71 72
36 44 51 61 73
36 44 51 61 71 73
36 44 51 61 69 70 73
36 44 51 61 69 70 71 72
36 44 46 61 78
36 44 46 61 76 77
36 44 46 61 71 78
36 44 46 61 71 76 77
36 44 46 61 69 70 78
36 44 46 61 69 70 76 77
36 44 46 59 61 69 78 79
36 44 46 59 61 67 68 78 79
36 44 46 53 59 61 69
36 44 46 53 59 61 67 68
36 44 46 51 61
36 44 46 51 61 71
36 44 46 51 61 69 70
36 43 44
36 42 73
36 42 71 72
36 42 68
36 42 68 71
36 42 68 69 70
36 42 67
36 42 65 66
36 42 57 61 73
36 42 57 61 71 72
36 42 57 60 61 73
36 42 57 60 61 71 72
36 42 57 59 73
36 42 57 59 73 78
36 42 57 59 73 76 77
36 42 57 59 71 72
36 42 57 59 71 72 78
36 42 57 59 71 72 76 77
36 42 54
36 42 52 53
36 42 51 57 59 73
36 42 51 57 59 71 72
36 42 46
36 42 46 57 61
36 42 46 57 60 61
36 42 46 57 59
36 42 46 57 59 78
36 42 46 57 59 76 77
36 42 46 51 57 59
36 42 44 68
36 42 44 59 61 73 78 79
36 42 44 59 61 71 72 78 79
36 42 44 53 59 61 73
36 42 44 53 59 61 71 72
36 42 44 46 59 61 78 79
36 42 44 46 53 59 61
36 42 43 61 71 73 78
36 42 43 61 71 73 76 77
36 42 43 61 71 72 78
36 42 43 61 71 72 76 77
36 42 43 61 69 70 73 78
36 42 43 61 69 70 73 76 77
36 42 43 61 69 70 71 72 78
36 42 43 61 69 70 71 72 76 77
36 42 43 59 61 73 78 79
36 42 43 59 61 71 72 78 79
36 42 43 59 61 69 73 78 79
36 42 43 59 61 69 71 72 78 79
36 42 43 59 61 67 68 73 78 79
36 42 43 59 61 67 68 71 72 78 79
36 42 43 53 59 61 73
36 42 43 53 59 61 71 72
36 42 43 53 59 61 69 73
36 42 43 53 59 61 69 71 72
36 42 43 53 59 61 67 68 73
36 42 43 53 59 61 67 68 71 72
36 42 43 51 61 71 73
36 42 43 51 61 71 72
36 42 43 51 61 69 70 73
36 42 43 51 61 69 70 71 72
36 42 43 46 61 71 78
36 42 43 46 61 71 76 77
36 42 43 46 61 69 70 78
36 42 43 46 61 69 70 76 77
36 42 43 46 59 61 78 79
36 42 43 46 59 61 69 78 79
36 42 43 46 59 61 67 68 78 79
36 42 43 46 53 59 61
36 42 43 46 53 59 61 69
36 42 43 46 53 59 61 67 68
36 42 43 46 51 61 71
36 42 43 46 51 61 69 70
36 42 43 44 61 73 78
36 42 43 44 61 73 76 77
36 42 43 44 61 71 72 78
36 42 43 44 61 71 72 76 77
36 42 43 44 51 61 73
36 42 43 44 51 61 71 72
36 42 43 44 46 61 78
36 42 43 44 46 61 76 77
36 42 43 44 46 51 61
36 40
36 40 78 79
36 40 73
36 40 71 72
36 40 70
36 40 69
36 40 68 69
36 40 67 68
36 40 61
36 40 55
36 40 54 68
36 40 53
36 40 53 54
36 40 52
36 40 46
36 40 42
36 40 41 57 61 73
36 40 41 57 61 71 72
36 40 41 57 60 61 73
36 40 41 57 60 61 71 72
36 40 41 57 59 73
36 40 41 57 59 73 78
36 40 41 57 59 73 76 77
36 40 41 57 59 71 72
36 40 41 57 59 71 72 78
36 40 41 57 59 71 72 76 77
36 40 41 51 57 59 73
36 40 41 51 57 59 71 72
36 40 41 46 57 61
36 40 41 46 57 60 61
36 40 41 46 57 59
36 40 41 46 57 59 78
36 40 41 46 57 59 76 77
36 40 41 46 51 57 59
34
34 73
34 71 72
34 69
34 69 73
34 69 71 72
34 69 70
34 68 69 73
34 68 69 71 72
34 67
34 67 78 79
34 67 73
34 67 71 72
34 67 68 70
34 67 68 69
34 65 66
34 65 66 78 79
34 65 66 73
34 65 66 71 72
34 64 68
34 63
34 61 73
34 61 71
34 61 71 72
34 61 69
34 61 69 71
34 61 67 69
34 61 67 68 71
34 61 67 68 69 70
34 61 65 66 69
34 61 65 66 67 68
34 61 62
34 59 61 71 78
34 59 61 71 76 77
34 59 61 71 73 78
34 59 61 71 73 76 77
34 59 61 71 72 78
34 59 61 71 72 76 77
34 59 61 69 70 78
34 59 61 69 70 76 77
34 59 61 69 70 73 78
34 59 61 69 70 73 76 77
34 59 61 69 70 71 72 78
34 59 61 69 70 71 72 76 77
34 59 61 68 71 73
34 59 61 68 71 72
34 59 61 68 69 70 73
34 59 61 68 69 70 71 72
34 59 61 67 68 71 73
34 59 61 67 68 71 72
34 59 61 67 68 69 70 73
34 59 61 67 68 69 70 71 72
34 57 73 78
34 57 73 76 77
34 57 71 72 78
34 57 71 72 76 77
34 57 59 73 78
34 57 59 73 76 77
34 57 59 71 72 78
34 57 59 71 72 76 77
34 56 69
34 56 67 68
34 55 68
34 55 68 69
34 55 67 68
34 55 59
34 55 57 58
34 54
34 54 68 69
34 54 67 68
34 54 55 69
34 54 55 67 68
34 53 69
34 53 67
34 53 67 68
34 53 65 66
34 53 63 69
34 53 63 67 68
34 53 61 62 69
34 53 61 62 67 68
34 53 54
34 52 69
34 52 67 68
34 52 53
34 51 59 61 71
34 51 59 61 71 73
34 51 59 61 71 72
34 51 59 61 69 70
34 51 59 61 69 70 73
34 51 59 61 69 70 71 72
34 51 57 73
34 51 57 71 72
34 51 57 59 73
34 51 57 59 71 72
34 51 52 69
34 51 52 67 68
34 51 52 63 69
34 51 52 63 67 68
34 51 52 61 62 69
34 51 52 61 62 67 68
34 46 69
34 46 68 69
34 46 61
34 46 59 61 71 78
34 46 59 61 71 76 77
34 46 59 61 69 70 78
34 46 59 61 69 70 76 77
34 46 59 61 68 71
34 46 59 61 68 69 70
34 46 59 61 67 68 71
34 46 59 61 67 68 69 70
34 46 57 78
34 46 57 76 77
34 46 57 59 78
34 46 57 59 76 77
34 46 51 59 61 71
34 46 51 59 61 69 70
34 46 51 57
34 46 51 57 59
34 44 67
34 44 65 66
34 44 61
34 44 61 69
34 44 61 67 68
34 44 59 61 78
34 44 59 61 76 77
34 44 59 61 73 78
34 44 59 61 73 76 77
34 44 59 61 71 72 78
34 44 59 61 71 72 76 77
34 44 59 61 68 73
34 44 59 61 68 71 72
34 44 59 61 67 68 73
34 44 59 61 67 68 71 72
34 44 55 73
34 44 55 71 72
34 44 51 59 61
34 44 51 59 61 73
34 44 51 59 61 71 72
34 44 46 59 61 78
34 44 46 59 61 76 77
34 44 46 59 61 68
34 44 46 59 61 67 68
34 44 46 55
34 44 46 51 59 61
34 44 45
34 44 45 67
34 44 45 65 66
34 42
34 42 73
34 42 71 72
34 42 70
34 42 68
34 42 68 73
34 42 68 71 72
34 42 68 69
34 42 61
34 42 61 71
34 42 61 69 70
34 42 61 67
34 42 61 65 66
34 42 59 61 71 73
34 42 59 61 71 72
34 42 59 61 69 70 73
34 42 59 61 69 70 71 72
34 42 57 59 73
34 42 57 59 71 72
34 42 57 59 61 73
34 42 57 59 61 73 78
34 42 57 59 61 73 76 77
34 42 57 59 61 71 72
34 42 57 59 61 71 72 78
34 42 57 59 61 71 72 76 77
34 42 56
34 42 55 68
34 42 54 68
34 42 54 55
34 42 53
34 42 53 63
34 42 53 61 62
34 42 52
34 42 51 57 59 61 73
34 42 51 57 59 61 71 72
34 42 51 52
34 42 51 52 63
34 42 51 52 61 62
34 42 46
34 42 46 68
34 42 46 59 61 71
34 42 46 59 61 69 70
34 42 46 57 59
34 42 46 57 59 61
34 42 46 57 59 61 78
34 42 46 57 59 61 76 77
34 42 46 51 57 59 61
34 42 44 61
34 42 44 59 61 73
34 42 44 59 61 71 72
34 42 44 46 59 61
34 42 43 67
34 42 43 65 66
34 42 43 55 73
34 42 43 55 71 72
34 42 43 46 55
34 40
34 40 78 79
34 40 73
34 40 71 72
34 40 61 69
34 40 61 67 68
34 40 53
34 40 44
34 40 44 45
34 40 42 61
34 40 42 43
34 40 41 57 59 73
34 40 41 57 59 71 72
34 40 41 57 59 61 73
34 40 41 57 59 61 73 78
34 40 41 57 59 61 73 76 77
34 40 41 57 59 61 71 72
34 40 41 57 59 61 71 72 78
34 40 41 57 59 61 71 72 76 77
34 40 41 51 57 59 61 73
34 40 41 51 57 59 61 71 72
34 40 41 46 57 59
34 40 41 46 57 59 61
34 40 41 46 57 59 61 78
34 40 41 46 57 59 61 76 77
34 40 41 46 51 57 59 61
34 37
34 37 67
34 37 65 66
34 37 40
34 36
34 36 53 69
34 36 53 67 68
34 36 51 52 69
34 36 51 52 67 68
34 36 42 53
34 36 42 51 52
34 35
34 35 67
34 35 65 66
34 35 55 73
34 35 55 71 72
34 35 46 55
34 35 40
34 35 36 67
34 35 36 65 66
34 35 36 40
33 57 69 73
33 57 69 71 72
33 57 67 68 73
33 57 67 68 71 72
33 46 57 69
33 46 57 67 68
33 42 57 73
33 42 57 71 72
33 42 46 57
33 34 67
33 34 65 66
33 34 55 73
33 34 55 71 72
33 34 46 55
33 34 40
32
32 67
32 65 66
32 40
32 34 55
31 59 63 73
31 59 63 71 72
31 59 61 62 73
31 59 61 62 71 72
31 46 59 63
31 46 59 61 62
31 44 59 61 73 78 79
31 44 59 61 71 72 78 79
31 44 53 59 61 73
31 44 53 59 61 71 72
31 44 46 59 61 78 79
31 44 46 53 59 61
31 42 43 59 61 73 78 79
31 42 43 59 61 71 72 78 79
31 42 43 53 59 61 73
31 42 43 53 59 61 71 72
31 42 43 46 59 61 78 79
31 42 43 46 53 59 61
31 36 59 73
31 36 59 71 72
31 36 46 59
30 59 73 78
30 59 73 76 77
30 59 71 72 78
30 59 71 72 76 77
30 59 61 73 78
30 59 61 73 76 77
30 59 61 71 72 78
30 59 61 71 72 76 77
30 51 59 73
30 51 59 71 72
30 51 59 61 73
30 51 59 61 71 72
30 46 59 78
30 46 59 76 77
30 46 59 61 78
30 46 59 61 76 77
30 46 51 59
30 46 51 59 61
30 42 59 61 73
30 42 59 61 71 72
30 42 59 60 61 73
30 42 59 60 61 71 72
30 42 57 59 73 78
30 42 57 59 73 76 77
30 42 57 59 71 72 78
30 42 57 59 71 72 76 77
30 42 51 57 59 73
30 42 51 57 59 71 72
30 42 46 59 61
30 42 46 59 60 61
30 42 46 57 59 78
30 42 46 57 59 76 77
30 42 46 51 57 59
30 40 41 59 61 73
30 40 41 59 61 71 72
30 40 41 59 60 61 73
30 40 41 59 60 61 71 72
30 40 41 57 59 73 78
30 40 41 57 59 73 76 77
30 40 41 57 59 71 72 78
30 40 41 57 59 71 72 76 77
30 40 41 51 57 59 73
30 40 41 51 57 59 71 72
30 40 41 46 59 61
30 40 41 46 59 60 61
30 40 41 46 57 59 78
30 40 41 46 57 59 76 77
30 40 41 46 51 57 59
30 34 42 59 61 73
30 34 42 59 61 71 72
30 34 42 46 59 61
30 34 40 41 59 61 73
30 34 40 41 59 61 71 72
30 34 40 41 46 59 61
30 31
29 61
29 36 61
29 34 69
29 34 67 68
29 34 42
29 30 59 63 73
29 30 59 63 71 72
29 30 59 61 62 73
29 30 59 61 62 71 72
29 30 46 59 63
29 30 46 59 61 62
29 30 36 59 73
29 30 36 59 71 72
29 30 36 46 59
28 67
28 65 66
28 40
28 36 67
28 36 65 66
28 36 40
28 34
28 29 59 73 78
28 29 59 73 76 77
28 29 59 71 72 78
28 29 59 71 72 76 77
28 29 59 61 73 78
28 29 59 61 73 76 77
28 29 59 61 71 72 78
28 29 59 61 71 72 76 77
28 29 51 59 73
28 29 51 59 71 72
28 29 51 59 61 73
28 29 51 59 61 71 72
28 29 46 59 78
28 29 46 59 76 77
28 29 46 59 61 78
28 29 46 59 61 76 77
28 29 46 51 59
28 29 46 51 59 61
28 29 42 59 61 73
28 29 42 59 61 71 72
28 29 42 59 60 61 73
28 29 42 59 60 61 71 72
28 29 42 57 59 73 78
28 29 42 57 59 73 76 77
28 29 42 57 59 71 72 78
28 29 42 57 59 71 72 76 77
28 29 42 51 57 59 73
28 29 42 51 57 59 71 72
28 29 42 46 59 61
28 29 42 46 59 60 61
28 29 42 46 57 59 78
28 29 42 46 57 59 76 77
28 29 42 46 51 57 59
28 29 40 41 59 61 73
28 29 40 41 59 61 71 72
28 29 40 41 59 60 61 73
28 29 40 41 59 60 61 71 72
28 29 40 41 57 59 73 78
28 29 40 41 57 59 73 76 77
28 29 40 41 57 59 71 72 78
28 29 40 41 57 59 71 72 76 77
28 29 40 41 51 57 59 73
28 29 40 41 51 57 59 71 72
28 29 40 41 46 59 61
28 29 40 41 46 59 60 61
28 29 40 41 46 57 59 78
28 29 40 41 46 57 59 76 77
28 29 40 41 46 51 57 59
28 29 34 42 59 61 73
28 29 34 42 59 61 71 72
28 29 34 42 46 59 61
28 29 34 40 41 59 61 73
28 29 34 40 41 59 61 71 72
28 29 34 40 41 46 59 61
27
27 69
27 68 69
27 68 69 71
27 68 69 70
27 67 73
27 67 71
27 67 71 72
27 67 69 70
27 67 68 71
27 67 68 69 70
27 65 66 73
27 65 66 71
27 65 66 71 72
27 65 66 69 70
27 46 67
27 46 65 66
27 44 68 69
27 44 67
27 44 67 68
27 44 65 66
27 42
27 42 68
27 42 68 71
27 42 68 69 70
27 42 44 68
27 40 73
27 40 71
27 40 71 72
27 40 69 70
27 40 46
27 40 44
27 36 69
27 36 67 68
27 36 42
27 34
26
26 34 69
26 34 67 68
26 34 63 69
26 34 63 67 68
26 34 61 62 69
26 34 61 62 67 68
26 34 42
26 34 42 63
26 34 42 61 62
26 34 36 69
26 34 36 67 68
26 34 36 42
25 68
25 55 67
25 55 65 66
25 55 59 67
25 55 59 65 66
25 55 57 58 67
25 55 57 58 65 66
25 40 55
25 40 55 59
25 40 55 57 58
25 36
25 36 68
25 34 67
25 34 65 66
25 34 40
25 32 55 67
25 32 55 65 66
25 32 40 55
23
22 68
22 61
22 61 69
22 61 67 68
22 59 73
22 59 71 72
22 59 67
22 59 65 66
22 57 58 67
22 57 58 65 66
22 46 59
22 42 61
22 40 59
22 40 57 58
22 36
22 32 67
22 32 65 66
22 32 40
21
21 59 73 78
21 59 73 76 77
21 59 71 72 78
21 59 71 72 76 77
21 57 59 63 73 78
21 57 59 63 73 76 77
21 57 59 63 71 72 78
21 57 59 63 71 72 76 77
21 57 59 61 62 73 78
21 57 59 61 62 73 76 77
21 57 59 61 62 71 72 78
21 57 59 61 62 71 72 76 77
21 51 59 73
21 51 59 71 72
21 51 57 59 63 73
21 51 57 59 63 71 72
21 51 57 59 61 62 73
21 51 57 59 61 62 71 72
21 46 59 78
21 46 59 76 77
21 46 57 59 63 78
21 46 57 59 63 76 77
21 46 57 59 61 62 78
21 46 57 59 61 62 76 77
21 46 51 59
21 46 51 57 59 63
21 46 51 57 59 61 62
21 42 59 61
21 42 57 59 73
21 42 57 59 71 72
21 42 57 59 61 73
21 42 57 59 61 73 78
21 42 57 59 61 73 76 77
21 42 57 59 61 71 72
21 42 57 59 61 71 72 78
21 42 57 59 61 71 72 76 77
21 42 57 59 60 73
21 42 57 59 60 73 78
21 42 57 59 60 73 76 77
21 42 57 59 60 71 72
21 42 57 59 60 71 72 78
21 42 57 59 60 71 72 76 77
21 42 51 57 59 61 73
21 42 51 57 59 61 71 72
21 42 51 57 59 60 73
21 42 51 57 59 60 71 72
21 42 46 57 59
21 42 46 57 59 61
21 42 46 57 59 61 78
21 42 46 57 59 61 76 77
21 42 46 57 59 60
21 42 46 57 59 60 78
21 42 46 57 59 60 76 77
21 42 46 51 57 59 61
21 42 46 51 57 59 60
21 40 41 59 61
21 40 41 57 59 73
21 40 41 57 59 71 72
21 40 41 57 59 61 73
21 40 41 57 59 61 73 78
21 40 41 57 59 61 73 76 77
21 40 41 57 59 61 71 72
21 40 41 57 59 61 71 72 78
21 40 41 57 59 61 71 72 76 77
21 40 41 57 59 60 73
21 40 41 57 59 60 73 78
21 40 41 57 59 60 73 76 77
21 40 41 57 59 60 71 72
21 40 41 57 59 60 71 72 78
21 40 41 57 59 60 71 72 76 77
21 40 41 51 57 59 61 73
21 40 41 51 57 59 61 71 72
21 40 41 51 57 59 60 73
21 40 41 51 57 59 60 71 72
21 40 41 46 57 59
21 40 41 46 57 59 61
21 40 41 46 57 59 61 78
21 40 41 46 57 59 61 76 77
21 40 41 46 57 59 60
21 40 41 46 57 59 60 78
21 40 41 46 57 59 60 76 77
21 40 41 46 51 57 59 61
21 40 41 46 51 57 59 60
21 36
21 36 57 59 73 78
21 36 57 59 73 76 77
21 36 57 59 71 72 78
21 36 57 59 71 72 76 77
21 36 51 57 59 73
21 36 51 57 59 71 72
21 36 46 57 59 78
21 36 46 57 59 76 77
21 36 46 51 57 59
20
20 73
20 71 72
20 69
20 67 71
20 67 69 70
20 67 68
20 65 66 71
20 65 66 69 70
20 61 73
20 61 71 72
20 61 69
20 61 67 68
20 46
20 46 61
20 44 67
20 44 65 66
20 42
20 42 61
20 40 71
20 40 69 70
20 40 44
20 34 69
20 34 67 68
20 34 42
19 34
19 34 69
19 34 67
19 34 67 68
19 34 65 66
19 34 42
19 34 40
18 59 61 63 73
18 59 61 63 71 72
18 59 61 62 73
18 59 61 62 71 72
18 46 59 61 63
18 46 59 61 62
18 42 57 61 63 73
18 42 57 61 63 71 72
18 42 57 61 62 73
18 42 57 61 62 71 72
18 42 57 59 73
18 42 57 59 71 72
18 42 48 57 59 73
18 42 48 57 59 73 78
18 42 48 57 59 73 76 77
18 42 48 57 59 71 72
18 42 48 57 59 71 72 78
18 42 48 57 59 71 72 76 77
18 42 48 51 57 59 73
18 42 48 51 57 59 71 72
18 42 46 57 61 63
18 42 46 57 61 62
18 42 46 57 59
18 42 46 48 57 59
18 42 46 48 57 59 78
18 42 46 48 57 59 76 77
18 42 46 48 51 57 59
18 42 46 47 57 59
18 42 46 47 57 59 78
18 42 46 47 57 59 76 77
18 42 46 47 57 59 73
18 42 46 47 57 59 73 78
18 42 46 47 57 59 73 76 77
18 42 46 47 57 59 71 72
18 42 46 47 57 59 71 72 78
18 42 46 47 57 59 71 72 76 77
18 42 46 47 51 57 59
18 42 46 47 51 57 59 73
18 42 46 47 51 57 59 71 72
18 40 41 57 61 63 73
18 40 41 57 61 63 71 72
18 40 41 57 61 62 73
18 40 41 57 61 62 71 72
18 40 41 57 59 73
18 40 41 57 59 71 72
18 40 41 48 57 59 73
18 40 41 48 57 59 73 78
18 40 41 48 57 59 73 76 77
18 40 41 48 57 59 71 72
18 40 41 48 57 59 71 72 78
18 40 41 48 57 59 71 72 76 77
18 40 41 48 51 57 59 73
18 40 41 48 51 57 59 71 72
18 40 41 46 57 61 63
18 40 41 46 57 61 62
18 40 41 46 57 59
18 40 41 46 48 57 59
18 40 41 46 48 57 59 78
18 40 41 46 48 57 59 76 77
18 40 41 46 48 51 57 59
18 40 41 46 47 57 59
18 40 41 46 47 57 59 78
18 40 41 46 47 57 59 76 77
18 40 41 46 47 57 59 73
18 40 41 46 47 57 59 73 78
18 40 41 46 47 57 59 73 76 77
18 40 41 46 47 57 59 71 72
18 40 41 46 47 57 59 71 72 78
18 40 41 46 47 57 59 71 72 76 77
18 40 41 46 47 51 57 59
18 40 41 46 47 51 57 59 73
18 40 41 46 47 51 57 59 71 72
18 36
18 36 59 61 73
18 36 59 61 71 72
18 36 46 59 61
18 36 42 57 61 73
18 36 42 57 61 71 72
18 36 42 46 57 61
18 36 40 41 57 61 73
18 36 40 41 57 61 71 72
18 36 40 41 46 57 61
18 21 42 57 59 73
18 21 42 57 59 73 78
18 21 42 57 59 73 76 77
18 21 42 57 59 71 72
18 21 42 57 59 71 72 78
18 21 42 57 59 71 72 76 77
18 21 42 51 57 59 73
18 21 42 51 57 59 71 72
18 21 42 46 57 59
18 21 42 46 57 59 78
18 21 42 46 57 59 76 77
18 21 42 46 51 57 59
18 21 40 41 57 59 73
18 21 40 41 57 59 73 78
18 21 40 41 57 59 73 76 77
18 21 40 41 57 59 71 72
18 21 40 41 57 59 71 72 78
18 21 40 41 57 59 71 72 76 77
18 21 40 41 51 57 59 73
18 21 40 41 51 57 59 71 72
18 21 40 41 46 57 59
18 21 40 41 46 57 59 78
18 21 40 41 46 57 59 76 77
18 21 40 41 46 51 57 59
17
17 61 63 71 73 78
17 61 63 71 73 76 77
17 61 63 71 72 78
17 61 63 71 72 76 77
17 61 63 69 70 73 78
17 61 63 69 70 73 76 77
17 61 63 69 70 71 72 78
17 61 63 69 70 71 72 76 77
17 61 62 71 73 78
17 61 62 71 73 76 77
17 61 62 71 72 78
17 61 62 71 72 76 77
17 61 62 69 70 73 78
17 61 62 69 70 73 76 77
17 61 62 69 70 71 72 78
17 61 62 69 70 71 72 76 77
17 59 73
17 59 71 72
17 59 61 63 69 73 78 79
17 59 61 63 69 71 72 78 79
17 59 61 63 67 68 73 78 79
17 59 61 63 67 68 71 72 78 79
17 59 61 62 69 73 78 79
17 59 61 62 69 71 72 78 79
17 59 61 62 67 68 73 78 79
17 59 61 62 67 68 71 72 78 79
17 58 59 61 73 78 79
17 58 59 61 71 72 78 79
17 56 57 59 61 73 78 79
17 56 57 59 61 71 72 78 79
17 53 59 61 63 69 73
17 53 59 61 63 69 71 72
17 53 59 61 63 67 68 73
17 53 59 61 63 67 68 71 72
17 53 59 61 62 69 73
17 53 59 61 62 69 71 72
17 53 59 61 62 67 68 73
17 53 59 61 62 67 68 71 72
17 53 58 59 61 73
17 53 58 59 61 71 72
17 53 56 57 59 61 73
17 53 56 57 59 61 71 72
17 51 61 63 71 73
17 51 61 63 71 72
17 51 61 63 69 70 73
17 51 61 63 69 70 71 72
17 51 61 62 71 73
17 51 61 62 71 72
17 51 61 62 69 70 73
17 51 61 62 69 70 71 72
17 46 61 63 71 78
17 46 61 63 71 76 77
17 46 61 63 69 70 78
17 46 61 63 69 70 76 77
17 46 61 62 71 78
17 46 61 62 71 76 77
17 46 61 62 69 70 78
17 46 61 62 69 70 76 77
17 46 59
17 46 59 61 63 69 78 79
17 46 59 61 63 67 68 78 79
17 46 59 61 62 69 78 79
17 46 59 61 62 67 68 78 79
17 46 58 59 61 78 79
17 46 56 57 59 61 78 79
17 46 53 59 61 63 69
17 46 53 59 61 63 67 68
17 46 53 59 61 62 69
17 46 53 59 61 62 67 68
17 46 53 58 59 61
17 46 53 56 57 59 61
17 46 51 61 63 71
17 46 51 61 63 69 70
17 46 51 61 62 71
17 46 51 61 62 69 70
17 44 61 63 73 78
17 44 61 63 73 76 77
17 44 61 63 71 72 78
17 44 61 63 71 72 76 77
17 44 61 62 73 78
17 44 61 62 73 76 77
17 44 61 62 71 72 78
17 44 61 62 71 72 76 77
17 44 51 61 63 73
17 44 51 61 63 71 72
17 44 51 61 62 73
17 44 51 61 62 71 72
17 44 46 61 63 78
17 44 46 61 63 76 77
17 44 46 61 62 78
17 44 46 61 62 76 77
17 44 46 51 61 63
17 44 46 51 61 62
17 42 59 61 63 73 78 79
17 42 59 61 63 71 72 78 79
17 42 59 61 62 73 78 79
17 42 59 61 62 71 72 78 79
17 42 57 59 73 78
17 42 57 59 73 76 77
17 42 57 59 71 72 78
17 42 57 59 71 72 76 77
17 42 53 59 61 63 73
17 42 53 59 61 63 71 72
17 42 53 59 61 62 73
17 42 53 59 61 62 71 72
17 42 51 57 59 73
17 42 51 57 59 71 72
17 42 46 59 61 63 78 79
17 42 46 59 61 62 78 79
17 42 46 57 59 78
17 42 46 57 59 76 77
17 42 46 53 59 61 63
17 42 46 53 59 61 62
17 42 46 51 57 59
17 40 41 57 59 73 78
17 40 41 57 59 73 76 77
17 40 41 57 59 71 72 78
17 40 41 57 59 71 72 76 77
17 40 41 51 57 59 73
17 40 41 51 57 59 71 72
17 40 41 46 57 59 78
17 40 41 46 57 59 76 77
17 40 41 46 51 57 59
17 36 61 71 73 78
17 36 61 71 73 76 77
17 36 61 71 72 78
17 36 61 71 72 76 77
17 36 61 69 70 73 78
17 36 61 69 70 73 76 77
17 36 61 69 70 71 72 78
17 36 61 69 70 71 72 76 77
17 36 59 61 69 73 78 79
17 36 59 61 69 71 72 78 79
17 36 59 61 67 68 73 78 79
17 36 59 61 67 68 71 72 78 79
17 36 53 59 61 69 73
17 36 53 59 61 69 71 72
17 36 53 59 61 67 68 73
17 36 53 59 61 67 68 71 72
17 36 51 61 71 73
17 36 51 61 71 72
17 36 51 61 69 70 73
17 36 51 61 69 70 71 72
17 36 46 61 71 78
17 36 46 61 71 76 77
17 36 46 61 69 70 78
17 36 46 61 69 70 76 77
17 36 46 59 61 69 78 79
17 36 46 59 61 67 68 78 79
17 36 46 53 59 61 69
17 36 46 53 59 61 67 68
17 36 46 51 61 71
17 36 46 51 61 69 70
17 36 44 61 73 78
17 36 44 61 73 76 77
17 36 44 61 71 72 78
17 36 44 61 71 72 76 77
17 36 44 51 61 73
17 36 44 51 61 71 72
17 36 44 46 61 78
17 36 44 46 61 76 77
17 36 44 46 51 61
17 36 42 59 61 73 78 79
17 36 42 59 61 71 72 78 79
17 36 42 53 59 61 73
17 36 42 53 59 61 71 72
17 36 42 46 59 61 78 79
17 36 42 46 53 59 61
17 34 67
17 34 65 66
17 34 55 73
17 34 55 71 72
17 34 46 55
17 34 40
17 31 59 61 73 78 79
17 31 59 61 71 72 78 79
17 31 53 59 61 73
17 31 53 59 61 71 72
17 31 46 59 61 78 79
17 31 46 53 59 61
17 18 34 69
17 18 34 67 68
17 18 34 42
16 17 59 61 63 73
16 17 59 61 63 71 72
16 17 59 61 62 73
16 17 59 61 62 71 72
16 17 46 59 61 63
16 17 46 59 61 62
16 17 42 57 61 63 73
16 17 42 57 61 63 71 72
16 17 42 57 61 62 73
16 17 42 57 61 62 71 72
16 17 42 57 59 73
16 17 42 57 59 71 72
16 17 42 48 57 59 73
16 17 42 48 57 59 73 78
16 17 42 48 57 59 73 76 77
16 17 42 48 57 59 71 72
16 17 42 48 57 59 71 72 78
16 17 42 48 57 59 71 72 76 77
16 17 42 48 51 57 59 73
16 17 42 48 51 57 59 71 72
16 17 42 46 57 61 63
16 17 42 46 57 61 62
16 17 42 46 57 59
16 17 42 46 48 57 59
16 17 42 46 48 57 59 78
16 17 42 46 48 57 59 76 77
16 17 42 46 48 51 57 59
16 17 42 46 47 57 59
16 17 42 46 47 57 59 78
16 17 42 46 47 57 59 76 77
16 17 42 46 47 57 59 73
16 17 42 46 47 57 59 73 78
16 17 42 46 47 57 59 73 76 77
16 17 42 46 47 57 59 71 72
16 17 42 46 47 57 59 71 72 78
16 17 42 46 47 57 59 71 72 76 77
16 17 42 46 47 51 57 59
16 17 42 46 47 51 57 59 73
16 17 42 46 47 51 57 59 71 72
16 17 40 41 57 61 63 73
16 17 40 41 57 61 63 71 72
16 17 40 41 57 61 62 73
16 17 40 41 57 61 62 71 72
16 17 40 41 57 59 73
16 17 40 41 57 59 71 72
16 17 40 41 48 57 59 73
16 17 40 41 48 57 59 73 78
16 17 40 41 48 57 59 73 76 77
16 17 40 41 48 57 59 71 72
16 17 40 41 48 57 59 71 72 78
16 17 40 41 48 57 59 71 72 76 77
16 17 40 41 48 51 57 59 73
16 17 40 41 48 51 57 59 71 72
16 17 40 41 46 57 61 63
16 17 40 41 46 57 61 62
16 17 40 41 46 57 59
16 17 40 41 46 48 57 59
16 17 40 41 46 48 57 59 78
16 17 40 41 46 48 57 59 76 77
16 17 40 41 46 48 51 57 59
16 17 40 41 46 47 57 59
16 17 40 41 46 47 57 59 78
16 17 40 41 46 47 57 59 76 77
16 17 40 41 46 47 57 59 73
16 17 40 41 46 47 57 59 73 78
16 17 40 41 46 47 57 59 73 76 77
16 17 40 41 46 47 57 59 71 72
16 17 40 41 46 47 57 59 71 72 78
16 17 40 41 46 47 57 59 71 72 76 77
16 17 40 41 46 47 51 57 59
16 17 40 41 46 47 51 57 59 73
16 17 40 41 46 47 51 57 59 71 72
16 17 36 59 61 73
16 17 36 59 61 71 72
16 17 36 46 59 61
16 17 36 42 57 61 73
16 17 36 42 57 61 71 72
16 17 36 42 46 57 61
16 17 36 40 41 57 61 73
16 17 36 40 41 57 61 71 72
16 17 36 40 41 46 57 61
16 17 21 42 57 59 73
16 17 21 42 57 59 73 78
16 17 21 42 57 59 73 76 77
16 17 21 42 57 59 71 72
16 17 21 42 57 59 71 72 78
16 17 21 42 57 59 71 72 76 77
16 17 21 42 51 57 59 73
16 17 21 42 51 57 59 71 72
16 17 21 42 46 57 59
16 17 21 42 46 57 59 78
16 17 21 42 46 57 59 76 77
16 17 21 42 46 51 57 59
16 17 21 40 41 57 59 73
16 17 21 40 41 57 59 73 78
16 17 21 40 41 57 59 73 76 77
16 17 21 40 41 57 59 71 72
16 17 21 40 41 57 59 71 72 78
16 17 21 40 41 57 59 71 72 76 77
16 17 21 40 41 51 57 59 73
16 17 21 40 41 51 57 59 71 72
16 17 21 40 41 46 57 59
16 17 21 40 41 46 57 59 78
16 17 21 40 41 46 57 59 76 77
16 17 21 40 41 46 51 57 59
15 59 73
15 59 71 72
15 59 61
15 59 61 73
15 59 61 71 72
15 57 73 78
15 57 73 76 77
15 57 71 72 78
15 57 71 72 76 77
15 57 61 63 73
15 57 61 63 71 72
15 57 61 62 73
15 57 61 62 71 72
15 57 60 61 63 73
15 57 60 61 63 71 72
15 57 60 61 62 73
15 57 60 61 62 71 72
15 57 59 71
15 57 59 71 75
15 57 59 71 73 74
15 57 59 69 70
15 57 59 69 70 75
15 57 59 69 70 73 74
15 57 59 65 71 75
15 57 59 65 71 73 74
15 57 59 65 69 70 75
15 57 59 65 69 70 73 74
15 57 59 63 73
15 57 59 63 73 78
15 57 59 63 73 76 77
15 57 59 63 71 72
15 57 59 63 71 72 78
15 57 59 63 71 72 76 77
15 57 59 61 73
15 57 59 61 73 78
15 57 59 61 73 76 77
15 57 59 61 71 72
15 57 59 61 71 72 78
15 57 59 61 71 72 76 77
15 57 59 61 62 73
15 57 59 61 62 73 78
15 57 59 61 62 73 76 77
15 57 59 61 62 71 72
15 57 59 61 62 71 72 78
15 57 59 61 62 71 72 76 77
15 57 59 60 61 73
15 57 59 60 61 73 78
15 57 59 60 61 73 76 77
15 57 59 60 61 71 72
15 57 59 60 61 71 72 78
15 57 59 60 61 71 72 76 77
15 51 57 73
15 51 57 71 72
15 51 57 59 63 73
15 51 57 59 63 71 72
15 51 57 59 61 73
15 51 57 59 61 71 72
15 51 57 59 61 62 73
15 51 57 59 61 62 71 72
15 51 57 59 60 61 73
15 51 57 59 60 61 71 72
15 48 59 61
15 48 57 59 73
15 48 57 59 71
15 48 57 59 71 72
15 48 57 59 69 70
15 48 57 59 65 71
15 48 57 59 65 69 70
15 48 57 59 61 73
15 48 57 59 61 73 78
15 48 57 59 61 73 76 77
15 48 57 59 61 71 72
15 48 57 59 61 71 72 78
15 48 57 59 61 71 72 76 77
15 48 57 59 60 73
15 48 57 59 60 73 78
15 48 57 59 60 73 76 77
15 48 57 59 60 71 72
15 48 57 59 60 71 72 78
15 48 57 59 60 71 72 76 77
15 48 51 57 59 61 73
15 48 51 57 59 61 71 72
15 48 51 57 59 60 73
15 48 51 57 59 60 71 72
15 46 59
15 46 59 61
15 46 57 78
15 46 57 76 77
15 46 57 61 63
15 46 57 61 62
15 46 57 60 61 63
15 46 57 60 61 62
15 46 57 59 63
15 46 57 59 63 78
15 46 57 59 63 76 77
15 46 57 59 61
15 46 57 59 61 78
15 46 57 59 61 76 77
15 46 57 59 61 62
15 46 57 59 61 62 78
15 46 57 59 61 62 76 77
15 46 57 59 60 61
15 46 57 59 60 61 78
15 46 57 59 60 61 76 77
15 46 51 57
15 46 51 57 59 63
15 46 51 57 59 61
15 46 51 57 59 61 62
15 46 51 57 59 60 61
15 46 48 57 59
15 46 48 57 59 61
15 46 48 57 59 61 78
15 46 48 57 59 61 76 77
15 46 48 57 59 60
15 46 48 57 59 60 78
15 46 48 57 59 60 76 77
15 46 48 51 57 59 61
15 46 48 51 57 59 60
15 46 47 59 61
15 46 47 57 59
15 46 47 57 59 73
15 46 47 57 59 71 72
15 46 47 57 59 61
15 46 47 57 59 61 78
15 46 47 57 59 61 76 77
15 46 47 57 59 61 73
15 46 47 57 59 61 73 78
15 46 47 57 59 61 73 76 77
15 46 47 57 59 61 71 72
15 46 47 57 59 61 71 72 78
15 46 47 57 59 61 71 72 76 77
15 46 47 57 59 60
15 46 47 57 59 60 78
15 46 47 57 59 60 76 77
15 46 47 57 59 60 73
15 46 47 57 59 60 73 78
15 46 47 57 59 60 73 76 77
15 46 47 57 59 60 71 72
15 46 47 57 59 60 71 72 78
15 46 47 57 59 60 71 72 76 77
15 46 47 51 57 59 61
15 46 47 51 57 59 61 73
15 46 47 51 57 59 61 71 72
15 46 47 51 57 59 60
15 46 47 51 57 59 60 73
15 46 47 51 57 59 60 71 72
15 44 57 59
15 44 57 59 75
15 44 57 59 73 74
15 44 57 59 65 75
15 44 57 59 65 73 74
15 44 48 57 59
15 44 48 57 59 65
15 36 57 61 73
15 36 57 61 71 72
15 36 57 60 61 73
15 36 57 60 61 71 72
15 36 57 59 73
15 36 57 59 73 78
15 36 57 59 73 76 77
15 36 57 59 71 72
15 36 57 59 71 72 78
15 36 57 59 71 72 76 77
15 36 51 57 59 73
15 36 51 57 59 71 72
15 36 46 57 61
15 36 46 57 60 61
15 36 46 57 59
15 36 46 57 59 78
15 36 46 57 59 76 77
15 36 46 51 57 59
15 34 57 59 73
15 34 57 59 71 72
15 34 57 59 61 73
15 34 57 59 61 73 78
15 34 57 59 61 73 76 77
15 34 57 59 61 71 72
15 34 57 59 61 71 72 78
15 34 57 59 61 71 72 76 77
15 34 51 57 59 61 73
15 34 51 57 59 61 71 72
15 34 46 57 59
15 34 46 57 59 61
15 34 46 57 59 61 78
15 34 46 57 59 61 76 77
15 34 46 51 57 59 61
15 30 59 61 73
15 30 59 61 71 72
15 30 59 60 61 73
15 30 59 60 61 71 72
15 30 57 59 73 78
15 30 57 59 73 76 77
15 30 57 59 71 72 78
15 30 57 59 71 72 76 77
15 30 51 57 59 73
15 30 51 57 59 71 72
15 30 46 59 61
15 30 46 59 60 61
15 30 46 57 59 78
15 30 46 57 59 76 77
15 30 46 51 57 59
15 30 34 59 61 73
15 30 34 59 61 71 72
15 30 34 46 59 61
15 28 29 59 61 73
15 28 29 59 61 71 72
15 28 29 59 60 61 73
15 28 29 59 60 61 71 72
15 28 29 57 59 73 78
15 28 29 57 59 73 76 77
15 28 29 57 59 71 72 78
15 28 29 57 59 71 72 76 77
15 28 29 51 57 59 73
15 28 29 51 57 59 71 72
15 28 29 46 59 61
15 28 29 46 59 60 61
15 28 29 46 57 59 78
15 28 29 46 57 59 76 77
15 28 29 46 51 57 59
15 28 29 34 59 61 73
15 28 29 34 59 61 71 72
15 28 29 34 46 59 61
15 21 59 61
15 21 57 59 73
15 21 57 59 71 72
15 21 57 59 61 73
15 21 57 59 61 73 78
15 21 57 59 61 73 76 77
15 21 57 59 61 71 72
15 21 57 59 61 71 72 78
15 21 57 59 61 71 72 76 77
15 21 57 59 60 73
15 21 57 59 60 73 78
15 21 57 59 60 73 76 77
15 21 57 59 60 71 72
15 21 57 59 60 71 72 78
15 21 57 59 60 71 72 76 77
15 21 51 57 59 61 73
15 21 51 57 59 61 71 72
15 21 51 57 59 60 73
15 21 51 57 59 60 71 72
15 21 46 57 59
15 21 46 57 59 61
15 21 46 57 59 61 78
15 21 46 57 59 61 76 77
15 21 46 57 59 60
15 21 46 57 59 60 78
15 21 46 57 59 60 76 77
15 21 46 51 57 59 61
15 21 46 51 57 59 60
15 18 57 61 63 73
15 18 57 61 63 71 72
15 18 57 61 62 73
15 18 57 61 62 71 72
15 18 57 59 73
15 18 57 59 71 72
15 18 48 57 59 73
15 18 48 57 59 73 78
15 18 48 57 59 73 76 77
15 18 48 57 59 71 72
15 18 48 57 59 71 72 78
15 18 48 57 59 71 72 76 77
15 18 48 51 57 59 73
15 18 48 51 57 59 71 72
15 18 46 57 61 63
15 18 46 57 61 62
15 18 46 57 59
15 18 46 48 57 59
15 18 46 48 57 59 78
15 18 46 48 57 59 76 77
15 18 46 48 51 57 59
15 18 46 47 57 59
15 18 46 47 57 59 78
15 18 46 47 57 59 76 77
15 18 46 47 57 59 73
15 18 46 47 57 59 73 78
15 18 46 47 57 59 73 76 77
15 18 46 47 57 59 71 72
15 18 46 47 57 59 71 72 78
15 18 46 47 57 59 71 72 76 77
15 18 46 47 51 57 59
15 18 46 47 51 57 59 73
15 18 46 47 51 57 59 71 72
15 18 36 57 61 73
15 18 36 57 61 71 72
15 18 36 46 57 61
15 18 21 57 59 73
15 18 21 57 59 73 78
15 18 21 57 59 73 76 77
15 18 21 57 59 71 72
15 18 21 57 59 71 72 78
15 18 21 57 59 71 72 76 77
15 18 21 51 57 59 73
15 18 21 51 57 59 71 72
15 18 21 46 57 59
15 18 21 46 57 59 78
15 18 21 46 57 59 76 77
15 18 21 46 51 57 59
15 17 57 59 73 78
15 17 57 59 73 76 77
15 17 57 59 71 72 78
15 17 57 59 71 72 76 77
15 17 51 57 59 73
15 17 51 57 59 71 72
15 17 46 57 59 78
15 17 46 57 59 76 77
15 17 46 51 57 59
15 16 57 59 73 78
15 16 57 59 73 76 77
15 16 57 59 71 72 78
15 16 57 59 71 72 76 77
15 16 51 57 59 73
15 16 51 57 59 71 72
15 16 46 57 59 78
15 16 46 57 59 76 77
15 16 46 51 57 59
15 16 42 57 59 73 78
15 16 42 57 59 73 76 77
15 16 42 57 59 71 72 78
15 16 42 57 59 71 72 76 77
15 16 42 51 57 59 73
15 16 42 51 57 59 71 72
15 16 42 46 57 59 78
15 16 42 46 57 59 76 77
15 16 42 46 51 57 59
15 16 40 41 57 59 73 78
15 16 40 41 57 59 73 76 77
15 16 40 41 57 59 71 72 78
15 16 40 41 57 59 71 72 76 77
15 16 40 41 51 57 59 73
15 16 40 41 51 57 59 71 72
15 16 40 41 46 57 59 78
15 16 40 41 46 57 59 76 77
15 16 40 41 46 51 57 59
15 16 17 57 61 63 73
15 16 17 57 61 63 71 72
15 16 17 57 61 62 73
15 16 17 57 61 62 71 72
15 16 17 57 59 73
15 16 17 57 59 71 72
15 16 17 48 57 59 73
15 16 17 48 57 59 73 78
15 16 17 48 57 59 73 76 77
15 16 17 48 57 59 71 72
15 16 17 48 57 59 71 72 78
15 16 17 48 57 59 71 72 76 77
15 16 17 48 51 57 59 73
15 16 17 48 51 57 59 71 72
15 16 17 46 57 61 63
15 16 17 46 57 61 62
15 16 17 46 57 59
15 16 17 46 48 57 59
15 16 17 46 48 57 59 78
15 16 17 46 48 57 59 76 77
15 16 17 46 48 51 57 59
15 16 17 46 47 57 59
15 16 17 46 47 57 59 78
15 16 17 46 47 57 59 76 77
15 16 17 46 47 57 59 73
15 16 17 46 47 57 59 73 78
15 16 17 46 47 57 59 73 76 77
15 16 17 46 47 57 59 71 72
15 16 17 46 47 57 59 71 72 78
15 16 17 46 47 57 59 71 72 76 77
15 16 17 46 47 51 57 59
15 16 17 46 47 51 57 59 73
15 16 17 46 47 51 57 59 71 72
15 16 17 36 57 61 73
15 16 17 36 57 61 71 72
15 16 17 36 46 57 61
15 16 17 21 57 59 73
15 16 17 21 57 59 73 78
15 16 17 21 57 59 73 76 77
15 16 17 21 57 59 71 72
15 16 17 21 57 59 71 72 78
15 16 17 21 57 59 71 72 76 77
15 16 17 21 51 57 59 73
15 16 17 21 51 57 59 71 72
15 16 17 21 46 57 59
15 16 17 21 46 57 59 78
15 16 17 21 46 57 59 76 77
15 16 17 21 46 51 57 59
14
10 68
10 67
10 65 66
10 61
10 40
10 36 68
10 36 67
10 36 65 66
10 36 40
10 34
10 34 73
10 34 71 72
10 34 69
10 34 67
10 34 67 68
10 34 65 66
10 34 46
10 34 42
10 34 40
9 36
8 67
8 65 66
8 40
8 34
8 34 67
8 34 65 66
8 34 55 73
8 34 55 71 72
8 34 46 55
8 34 40
8 9 67
8 9 65 66
8 9 40
8 9 36 67
8 9 36 65 66
8 9 36 40
8 9 34 69
8 9 34 67 68
8 9 34 42
7
7 67
7 65 66
7 40
7 36
7 36 67
7 36 65 66
7 36 40
5
4 59 63 73
4 59 63 71 72
4 59 61 62 73
4 59 61 62 71 72
4 46 59 63
4 46 59 61 62
4 36 59 73
4 36 59 71 72
4 36 46 59
3 59 73 78
3 59 73 76 77
3 59 71 72 78
3 59 71 72 76 77
3 59 61 73 78
3 59 61 73 76 77
3 59 61 71 72 78
3 59 61 71 72 76 77
3 51 59 73
3 51 59 71 72
3 51 59 61 73
3 51 59 61 71 72
3 46 59 78
3 46 59 76 77
3 46 59 61 78
3 46 59 61 76 77
3 46 51 59
3 46 51 59 61
3 42 59 61 73
3 42 59 61 71 72
3 42 59 60 61 73
3 42 59 60 61 71 72
3 42 57 59 73 78
3 42 57 59 73 76 77
3 42 57 59 71 72 78
3 42 57 59 71 72 76 77
3 42 51 57 59 73
3 42 51 57 59 71 72
3 42 46 59 61
3 42 46 59 60 61
3 42 46 57 59 78
3 42 46 57 59 76 77
3 42 46 51 57 59
3 40 41 59 61 73
3 40 41 59 61 71 72
3 40 41 59 60 61 73
3 40 41 59 60 61 71 72
3 40 41 57 59 73 78
3 40 41 57 59 73 76 77
3 40 41 57 59 71 72 78
3 40 41 57 59 71 72 76 77
3 40 41 51 57 59 73
3 40 41 51 57 59 71 72
3 40 41 46 59 61
3 40 41 46 59 60 61
3 40 41 46 57 59 78
3 40 41 46 57 59 76 77
3 40 41 46 51 57 59
3 34 42 59 61 73
3 34 42 59 61 71 72
3 34 42 46 59 61
3 34 40 41 59 61 73
3 34 40 41 59 61 71 72
3 34 40 41 46 59 61
3 15 59 61 73
3 15 59 61 71 72
3 15 59 60 61 73
3 15 59 60 61 71 72
3 15 57 59 73 78
3 15 57 59 73 76 77
3 15 57 59 71 72 78
3 15 57 59 71 72 76 77
3 15 51 57 59 73
3 15 51 57 59 71 72
3 15 46 59 61
3 15 46 59 60 61
3 15 46 57 59 78
3 15 46 57 59 76 77
3 15 46 51 57 59
3 15 34 59 61 73
3 15 34 59 61 71 72
3 15 34 46 59 61
1 78 79
1 69
1 68
1 67
1 67 71
1 67 69 70
1 67 68
1 65 66
1 65 66 71
1 65 66 69 70
1 61
1 61 67
1 61 65 66
1 59
1 59 69
1 59 67 68
1 53
1 44 67
1 44 65 66
1 42
1 42 59
1 40
1 40 71
1 40 69 70
1 40 61
1 40 44
1 36 68
1 36 61 67
1 36 61 65 66
1 36 59
1 36 59 69
1 36 59 67
1 36 59 67 68
1 36 59 65 66
1 36 42 59
1 36 40 61
1 36 40 59
1 34
1 34 73
1 34 71 72
1 34 69
1 34 67
1 34 67 68
1 34 65 66
1 34 61 67
1 34 61 65 66
1 34 59 69
1 34 59 67 68
1 34 55 59 69
1 34 55 59 67 68
1 34 46
1 34 42
1 34 42 59
1 34 42 55 59
1 34 40
1 34 40 61
1 22
1 20
0 67 68
0 65 66 68
0 59 61 71 73
0 59 61 71 72
0 59 61 69 70 73
0 59 61 69 70 71 72
0 59 60 61 71 73
0 59 60 61 71 72
0 59 60 61 69 70 73
0 59 60 61 69 70 71 72
0 46 59 61 71
0 46 59 61 69 70
0 46 59 60 61 71
0 46 59 60 61 69 70
0 44 59 61 73
0 44 59 61 71 72
0 44 59 60 61 73
0 44 59 60 61 71 72
0 44 46 59 61
0 44 46 59 60 61
0 40 68
0 36 67 68
0 36 65 66 68
0 36 40 68
0 34 68 69
0 34 67 68
0 34 59 61 71 73
0 34 59 61 71 72
0 34 59 61 69 70 73
0 34 59 61 69 70 71 72
0 34 46 59 61 71
0 34 46 59 61 69 70
0 34 44 59 61 73
0 34 44 59 61 71 72
0 34 44 46 59 61
0 34 42 68

