71
69 70
68
68 78 79
68 69
67 78 79
67 70
67 69
65 66 78 79
65 66 70
65 66 69
65 66 68
63 69 78 79
63 67 68 78 79
61
61 73 78 79
61 73 75
61 73 74
61 71 72 78 79
61 71 72 75
61 71 72 73 74
61 69
61 69 78 79
61 69 73 78 79
61 69 71 72 78 79
61 68
61 68 69
61 67
61 67 73
61 67 73 78 79
61 67 71 72
61 67 71 72 78 79
61 67 68 78 79
61 67 68 73 78 79
61 67 68 71 72 78 79
61 65 67
61 65 66 73
61 65 66 73 78 79
61 65 66 71 72
61 65 66 71 72 78 79
61 63
61 63 67
61 63 65 66
61 63 64 67
61 63 64 65 66
61 62
61 62 69 78 79
61 62 67
61 62 67 68 78 79
61 62 65 66
59 69 78 79
59 67 68 78 79
57 67
57 65 66
57 59 73 78
57 59 73 78 79
57 59 73 76 77
57 59 73 75
57 59 73 75 78
57 59 73 75 78 79
57 59 73 75 76 77
57 59 73 74
57 59 73 74 78
57 59 73 74 78 79
57 59 73 74 76 77
57 59 71 72 78
57 59 71 72 78 79
57 59 71 72 76 77
57 59 71 72 75
57 59 71 72 75 78
57 59 71 72 75 78 79
57 59 71 72 75 76 77
57 59 71 72 73 74
57 59 71 72 73 74 78
57 59 71 72 73 74 78 79
57 59 71 72 73 74 76 77
56 61 67
56 61 65 66
55 67
55 65 66
54 69 78 79
54 67 68
54 67 68 78 79
54 65 66 68
54 61
54 61 67
54 61 65 66
54 55 61 67
54 55 61 65 66
53 68
53 67
53 65 66
53 63 69
53 63 67 68
53 61 73
53 61 71 72
53 61 69
53 61 69 73
53 61 69 71 72
53 61 67 73
53 61 67 71 72
53 61 67 68
53 61 67 68 73
53 61 67 68 71 72
53 61 65 66 73
53 61 65 66 71 72
53 61 62 69
53 61 62 67 68
53 59 69
53 59 67 68
53 57 59 73
53 57 59 73 75
53 57 59 73 74
53 57 59 71 72
53 57 59 71 72 75
53 57 59 71 72 73 74
53 54 67
53 54 65 66
52 67
52 65 66
52 53 69
52 53 67 68
52 53 61
52 53 61 67
52 53 61 65 66
51 57 59 73
51 57 59 73 75
51 57 59 73 74
51 57 59 71 72
51 57 59 71 72 75
51 57 59 71 72 73 74
50 69
50 68 69
48 61 73
48 61 71 72
48 57 59 73 78
48 57 59 73 78 79
48 57 59 73 76 77
48 57 59 73 75 78 79
48 57 59 73 74 78 79
48 57 59 71 72 78
48 57 59 71 72 78 79
48 57 59 71 72 76 77
48 57 59 71 72 75 78 79
48 57 59 71 72 73 74 78 79
48 53 57 59 73
48 53 57 59 73 75
48 53 57 59 73 74
48 53 57 59 71 72
48 53 57 59 71 72 75
48 53 57 59 71 72 73 74
48 51 57 59 73
48 51 57 59 71 72
48 49 69
48 49 68 69
46 69
46 67 68
46 61 78 79
46 61 75
46 61 73 74
46 61 69 78 79
46 61 67
46 61 67 78 79
46 61 67 68 78 79
46 61 65 66
46 61 65 66 78 79
46 57 59 78
46 57 59 78 79
46 57 59 76 77
46 57 59 75
46 57 59 75 78
46 57 59 75 78 79
46 57 59 75 76 77
46 57 59 73 74
46 57 59 73 74 78
46 57 59 73 74 78 79
46 57 59 73 74 76 77
46 53 61
46 53 61 69
46 53 61 67
46 53 61 67 68
46 53 61 65 66
46 53 57 59
46 53 57 59 75
46 53 57 59 73 74
46 51 57 59
46 51 57 59 75
46 51 57 59 73 74
46 48 61
46 48 57 59 78
46 48 57 59 78 79
46 48 57 59 76 77
46 48 57 59 75 78 79
46 48 57 59 73 74 78 79
46 48 53 57 59
46 48 53 57 59 75
46 48 53 57 59 73 74
46 48 51 57 59
46 47 57 59
46 47 57 59 78 79
46 47 57 59 75 78 79
46 47 57 59 73
46 47 57 59 73 78 79
46 47 57 59 73 75 78 79
46 47 57 59 71 72
46 47 57 59 71 72 78 79
46 47 57 59 71 72 75 78 79
46 47 57 59 71 72 73 74 78 79
46 47 53 57 59
46 47 53 57 59 75
46 47 53 57 59 73
46 47 53 57 59 73 75
46 47 53 57 59 71 72
46 47 53 57 59 71 72 75
46 47 53 57 59 71 72 73 74
46 47 48 57 59 78 79
46 47 48 57 59 73 78 79
46 47 48 57 59 71 72 78 79
46 47 48 53 57 59
46 47 48 53 57 59 73
46 47 48 53 57 59 71 72
45 69 78 79
45 67 68 78 79
45 53 69
45 53 67 68
44
44 59 61 73 78
44 59 61 73 76 77
44 59 61 71 72 78
44 59 61 71 72 76 77
44 51 59 61 73
44 51 59 61 71 72
44 46 59 61 78
44 46 59 61 76 77
44 46 51 59 61
44 45 69
44 45 67 68
43 44 69 78 79
43 44 67 68 78 79
43 44 53 69
43 44 53 67 68
42 68
42 67
42 67 68
42 65 66
42 65 66 68
42 63 78 79
42 61
42 61 78 79
42 61 73 78 79
42 61 71 72 78 79
42 61 68
42 61 62 78 79
42 59 78 79
42 57 61 73
42 57 61 71 72
42 57 59 73 78
42 57 59 73 76 77
42 57 59 71 72 78
42 57 59 71 72 76 77
42 57 59 61 63 73
42 57 59 61 63 71 72
42 57 59 61 62 73
42 57 59 61 62 71 72
42 57 59 60 73
42 57 59 60 71 72
42 54 78 79
42 53 63
42 53 61
42 53 61 73
42 53 61 71 72
42 53 61 62
42 53 59
42 52 53
42 51 57 59 73
42 51 57 59 71 72
42 50
42 50 68
42 48 57 59 73 78
42 48 57 59 73 76 77
42 48 57 59 71 72 78
42 48 57 59 71 72 76 77
42 48 57 59 61 73
42 48 57 59 61 71 72
42 48 57 59 61 63 73
42 48 57 59 61 63 71 72
42 48 57 59 61 62 73
42 48 57 59 61 62 71 72
42 48 51 57 59 73
42 48 51 57 59 71 72
42 48 49
42 48 49 68
42 46
42 46 61 78 79
42 46 57 61
42 46 57 59 78
42 46 57 59 76 77
42 46 57 59 61 63
42 46 57 59 61 62
42 46 57 59 60
42 46 53 61
42 46 51 57 59
42 46 48 57 59 78
42 46 48 57 59 76 77
42 46 48 57 59 61
42 46 48 57 59 61 63
42 46 48 57 59 61 62
42 46 48 51 57 59
42 46 47 57 59 78
42 46 47 57 59 76 77
42 46 47 57 59 73 78
42 46 47 57 59 73 76 77
42 46 47 57 59 71 72 78
42 46 47 57 59 71 72 76 77
42 46 47 57 59 61
42 46 47 57 59 61 73
42 46 47 57 59 61 71 72
42 46 47 57 59 61 63
42 46 47 57 59 61 63 73
42 46 47 57 59 61 63 71 72
42 46 47 57 59 61 62
42 46 47 57 59 61 62 73
42 46 47 57 59 61 62 71 72
42 46 47 51 57 59
42 46 47 51 57 59 73
42 46 47 51 57 59 71 72
42 45 78 79
42 45 53
42 44 45
42 43 59 61 73 78
42 43 59 61 73 76 77
42 43 59 61 71 72 78
42 43 59 61 71 72 76 77
42 43 51 59 61 73
42 43 51 59 61 71 72
42 43 46 59 61 78
42 43 46 59 61 76 77
42 43 46 51 59 61
42 43 44 78 79
42 43 44 53
40 78 79
40 70
40 69
40 68
40 61
40 61 73
40 61 73 78 79
40 61 71 72
40 61 71 72 78 79
40 61 65
40 61 63
40 61 63 64
40 61 62
40 57
40 56 61
40 55
40 54 68
40 54 61
40 54 55 61
40 53
40 53 61 73
40 53 61 71 72
40 53 54
40 52
40 52 53 61
40 46 61
40 46 61 78 79
40 46 53 61
40 42
40 42 68
40 41 57 61 73
40 41 57 61 71 72
40 41 57 59 73 78
40 41 57 59 73 76 77
40 41 57 59 71 72 78
40 41 57 59 71 72 76 77
40 41 57 59 61 63 73
40 41 57 59 61 63 71 72
40 41 57 59 61 62 73
40 41 57 59 61 62 71 72
40 41 57 59 60 73
40 41 57 59 60 71 72
40 41 51 57 59 73
40 41 51 57 59 71 72
40 41 48 57 59 73 78
40 41 48 57 59 73 76 77
40 41 48 57 59 71 72 78
40 41 48 57 59 71 72 76 77
40 41 48 57 59 61 73
40 41 48 57 59 61 71 72
40 41 48 57 59 61 63 73
40 41 48 57 59 61 63 71 72
40 41 48 57 59 61 62 73
40 41 48 57 59 61 62 71 72
40 41 48 51 57 59 73
40 41 48 51 57 59 71 72
40 41 46 57 61
40 41 46 57 59 78
40 41 46 57 59 76 77
40 41 46 57 59 61 63
40 41 46 57 59 61 62
40 41 46 57 59 60
40 41 46 51 57 59
40 41 46 48 57 59 78
40 41 46 48 57 59 76 77
40 41 46 48 57 59 61
40 41 46 48 57 59 61 63
40 41 46 48 57 59 61 62
40 41 46 48 51 57 59
40 41 46 47 57 59 78
40 41 46 47 57 59 76 77
40 41 46 47 57 59 73 78
40 41 46 47 57 59 73 76 77
40 41 46 47 57 59 71 72 78
40 41 46 47 57 59 71 72 76 77
40 41 46 47 57 59 61
40 41 46 47 57 59 61 73
40 41 46 47 57 59 61 71 72
40 41 46 47 57 59 61 63
40 41 46 47 57 59 61 63 73
40 41 46 47 57 59 61 63 71 72
40 41 46 47 57 59 61 62
40 41 46 47 57 59 61 62 73
40 41 46 47 57 59 61 62 71 72
40 41 46 47 51 57 59
40 41 46 47 51 57 59 73
40 41 46 47 51 57 59 71 72
38
38 68 69
38 67 78 79
38 67 73
38 67 71 72
38 67 68
38 65 66 78 79
38 65 66 73
38 65 66 71 72
38 53 67
38 53 65 66
38 46 67
38 46 65 66
38 42 68
38 40 78 79
38 40 73
38 40 71 72
38 40 53
38 40 46
37 69
37 67 68
37 42
36 69 78 79
36 68 69
36 67 78 79
36 67 68
36 67 68 78 79
36 65 66 78 79
36 61
36 61 69
36 61 67 73
36 61 67 71 72
36 61 67 68
36 61 65 66 73
36 61 65 66 71 72
36 53 69
36 53 67
36 53 67 68
36 53 65 66
36 46 61 67
36 46 61 65 66
36 42 78 79
36 42 68
36 42 61
36 42 57 59 61 73
36 42 57 59 61 71 72
36 42 53
36 42 48 57 59 61 73
36 42 48 57 59 61 71 72
36 42 46 57 59 61
36 42 46 48 57 59 61
36 42 46 47 57 59 61
36 42 46 47 57 59 61 73
36 42 46 47 57 59 61 71 72
36 40 78 79
36 40 61 73
36 40 61 71 72
36 40 53
36 40 46 61
36 40 41 57 59 61 73
36 40 41 57 59 61 71 72
36 40 41 48 57 59 61 73
36 40 41 48 57 59 61 71 72
36 40 41 46 57 59 61
36 40 41 46 48 57 59 61
36 40 41 46 47 57 59 61
36 40 41 46 47 57 59 61 73
36 40 41 46 47 57 59 61 71 72
35
35 69
35 68 69
35 42
35 42 68
35 36 69
35 36 67 68
35 36 42
34
34 61
34 42 57 59 73
34 42 57 59 71 72
34 42 46 57 59
34 40 41 57 59 73
34 40 41 57 59 71 72
34 40 41 46 57 59
34 35 69 78 79
34 35 67 68 78 79
34 35 53 69
34 35 53 67 68
34 35 42 78 79
34 35 42 53
32
29 61 67
29 61 65 66
29 40 61
28 69
28 67
28 67 68
28 65 66
28 42
28 40
27 69
27 67 68
27 61
27 61 67
27 61 65 66
27 42
27 40 61
23 69
23 68 69
23 42
23 42 68
21 69
21 67 68
21 57 59 73
21 57 59 73 78 79
21 57 59 73 75 78 79
21 57 59 73 74 78 79
21 57 59 71 72
21 57 59 71 72 78 79
21 57 59 71 72 75 78 79
21 57 59 71 72 73 74 78 79
21 53 57 59 73
21 53 57 59 73 75
21 53 57 59 73 74
21 53 57 59 71 72
21 53 57 59 71 72 75
21 53 57 59 71 72 73 74
21 48 57 59 73 78 79
21 48 57 59 71 72 78 79
21 48 53 57 59 73
21 48 53 57 59 71 72
21 46 57 59
21 46 57 59 78 79
21 46 57 59 75 78 79
21 46 57 59 73 74 78 79
21 46 53 57 59
21 46 53 57 59 75
21 46 53 57 59 73 74
21 46 48 57 59 78 79
21 46 48 53 57 59
21 42
21 42 57 59 73 78
21 42 57 59 73 76 77
21 42 57 59 71 72 78
21 42 57 59 71 72 76 77
21 42 57 59 61 73
21 42 57 59 61 71 72
21 42 57 59 61 63 73
21 42 57 59 61 63 71 72
21 42 57 59 61 62 73
21 42 57 59 61 62 71 72
21 42 51 57 59 73
21 42 51 57 59 71 72
21 42 46 57 59 78
21 42 46 57 59 76 77
21 42 46 57 59 61
21 42 46 57 59 61 63
21 42 46 57 59 61 62
21 42 46 51 57 59
21 40 41 57 59 73 78
21 40 41 57 59 73 76 77
21 40 41 57 59 71 72 78
21 40 41 57 59 71 72 76 77
21 40 41 57 59 61 73
21 40 41 57 59 61 71 72
21 40 41 57 59 61 63 73
21 40 41 57 59 61 63 71 72
21 40 41 57 59 61 62 73
21 40 41 57 59 61 62 71 72
21 40 41 51 57 59 73
21 40 41 51 57 59 71 72
21 40 41 46 57 59 78
21 40 41 46 57 59 76 77
21 40 41 46 57 59 61
21 40 41 46 57 59 61 63
21 40 41 46 57 59 61 62
21 40 41 46 51 57 59
21 36 42 57 59 61 73
21 36 42 57 59 61 71 72
21 36 42 46 57 59 61
21 36 40 41 57 59 61 73
21 36 40 41 57 59 61 71 72
21 36 40 41 46 57 59 61
20 69
20 68 69
20 42
20 42 68
20 38
20 38 69
20 38 67 68
20 38 42
20 36 69
20 36 67 68
20 36 42
20 22
20 22 69
20 22 67 68
20 22 42
19 69
19 67 68
19 42
18 69 78 79
18 67 68 78 79
18 53 69
18 53 67 68
18 42 78 79
18 42 53
17 59 61 73 78
17 59 61 73 76 77
17 59 61 71 72 78
17 59 61 71 72 76 77
17 51 59 61 73
17 51 59 61 71 72
17 46 59 61 78
17 46 59 61 76 77
17 46 51 59 61
15 57 61 73
15 57 61 71 72
15 57 59 73 78
15 57 59 73 76 77
15 57 59 71 72 78
15 57 59 71 72 76 77
15 57 59 61 63 73
15 57 59 61 63 71 72
15 57 59 61 62 73
15 57 59 61 62 71 72
15 57 59 60 73
15 57 59 60 71 72
15 51 57 59 73
15 51 57 59 71 72
15 48 57 59 73 78
15 48 57 59 73 76 77
15 48 57 59 71 72 78
15 48 57 59 71 72 76 77
15 48 57 59 61 73
15 48 57 59 61 71 72
15 48 57 59 61 63 73
15 48 57 59 61 63 71 72
15 48 57 59 61 62 73
15 48 57 59 61 62 71 72
15 48 51 57 59 73
15 48 51 57 59 71 72
15 46 57 61
15 46 57 59 78
15 46 57 59 76 77
15 46 57 59 61 63
15 46 57 59 61 62
15 46 57 59 60
15 46 51 57 59
15 46 48 57 59 78
15 46 48 57 59 76 77
15 46 48 57 59 61
15 46 48 57 59 61 63
15 46 48 57 59 61 62
15 46 48 51 57 59
15 46 47 57 59 78
15 46 47 57 59 76 77
15 46 47 57 59 73 78
15 46 47 57 59 73 76 77
15 46 47 57 59 71 72 78
15 46 47 57 59 71 72 76 77
15 46 47 57 59 61
15 46 47 57 59 61 73
15 46 47 57 59 61 71 72
15 46 47 57 59 61 63
15 46 47 57 59 61 63 73
15 46 47 57 59 61 63 71 72
15 46 47 57 59 61 62
15 46 47 57 59 61 62 73
15 46 47 57 59 61 62 71 72
15 46 47 51 57 59
15 46 47 51 57 59 73
15 46 47 51 57 59 71 72
15 36 57 59 61 73
15 36 57 59 61 71 72
15 36 48 57 59 61 73
15 36 48 57 59 61 71 72
15 36 46 57 59 61
15 36 46 48 57 59 61
15 36 46 47 57 59 61
15 36 46 47 57 59 61 73
15 36 46 47 57 59 61 71 72
15 34 57 59 73
15 34 57 59 71 72
15 34 46 57 59
15 21 57 59 73 78
15 21 57 59 73 76 77
15 21 57 59 71 72 78
15 21 57 59 71 72 76 77
15 21 57 59 61 73
15 21 57 59 61 71 72
15 21 57 59 61 63 73
15 21 57 59 61 63 71 72
15 21 57 59 61 62 73
15 21 57 59 61 62 71 72
15 21 51 57 59 73
15 21 51 57 59 71 72
15 21 46 57 59 78
15 21 46 57 59 76 77
15 21 46 57 59 61
15 21 46 57 59 61 63
15 21 46 57 59 61 62
15 21 46 51 57 59
15 21 36 57 59 61 73
15 21 36 57 59 61 71 72
15 21 36 46 57 59 61
10
10 67
10 65 66
10 40
9 69
9 69 78 79
9 67 68
9 67 68 78 79
9 53 69
9 53 67 68
9 42
9 42 78 79
9 42 53
8 9 67
8 9 65 66
8 9 40
7 69
7 67
7 67 68
7 65 66
7 42
7 40
1
1 78 79
1 69
1 69 78 79
1 69 73 78 79
1 69 71 72 78 79
1 67 68
1 67 68 78 79
1 67 68 73 78 79
1 67 68 71 72 78 79
1 63
1 63 78 79
1 61
1 61 78 79
1 61 62
1 61 62 78 79
1 59
1 59 78 79
1 59 67
1 59 65 66
1 54
1 54 78 79
1 53
1 53 69
1 53 69 73
1 53 69 71 72
1 53 67 68
1 53 67 68 73
1 53 67 68 71 72
1 53 63
1 53 61
1 53 61 62
1 53 59
1 53 54
1 46 69 78 79
1 46 67 68 78 79
1 46 53 69
1 46 53 67 68
1 45
1 45 78 79
1 45 53
1 43 44
1 43 44 78 79
1 43 44 53
1 42
1 42 78 79
1 42 73 78 79
1 42 71 72 78 79
1 42 53
1 42 53 73
1 42 53 71 72
1 42 46 78 79
1 42 46 53
1 40 59
1 36
1 36 78 79
1 36 67
1 36 65 66
1 36 53
1 36 40
1 34
1 34 35
1 34 35 78 79
1 34 35 53
1 20
1 18
1 18 78 79
1 18 53
1 9
1 9 78 79
1 9 53
0 67 68
0 65 66 68
0 40 68

