42 57 59 60 73 77
42 57 59 60 73 75 76
42 57 59 60 71 72 77
42 57 59 60 71 72 75 76
42 50 57 59 60 73
42 50 57 59 60 71 72
42 46 57 59 60 77
42 46 57 59 60 75 76
42 46 50 57 59 60
40 41 57 59 60 73 77
40 41 57 59 60 73 75 76
40 41 57 59 60 71 72 77
40 41 57 59 60 71 72 75 76
40 41 50 57 59 60 73
40 41 50 57 59 60 71 72
40 41 46 57 59 60 77
40 41 46 57 59 60 75 76
40 41 46 50 57 59 60
34 42 57 59 73 77
34 42 57 59 73 75 76
34 42 57 59 71 72 77
34 42 57 59 71 72 75 76
34 42 57 59 61 73 77
34 42 57 59 61 73 75 76
34 42 57 59 61 71 72 77
34 42 57 59 61 71 72 75 76
34 42 50 57 59 73
34 42 50 57 59 71 72
34 42 50 57 59 61 73
34 42 50 57 59 61 71 72
34 42 46 57 59 77
34 42 46 57 59 75 76
34 42 46 57 59 61 77
34 42 46 57 59 61 75 76
34 42 46 50 57 59
34 42 46 50 57 59 61
34 40 41 57 59 73 77
34 40 41 57 59 73 75 76
34 40 41 57 59 71 72 77
34 40 41 57 59 71 72 75 76
34 40 41 57 59 61 73 77
34 40 41 57 59 61 73 75 76
34 40 41 57 59 61 71 72 77
34 40 41 57 59 61 71 72 75 76
34 40 41 50 57 59 73
34 40 41 50 57 59 71 72
34 40 41 50 57 59 61 73
34 40 41 50 57 59 61 71 72
34 40 41 46 57 59 77
34 40 41 46 57 59 75 76
34 40 41 46 57 59 61 77
34 40 41 46 57 59 61 75 76
34 40 41 46 50 57 59
34 40 41 46 50 57 59 61
15 57 59 60 73 77
15 57 59 60 73 75 76
15 57 59 60 71 72 77
15 57 59 60 71 72 75 76
15 50 57 59 60 73
15 50 57 59 60 71 72
15 46 57 59 60 77
15 46 57 59 60 75 76
15 46 50 57 59 60
15 34 57 59 73 77
15 34 57 59 73 75 76
15 34 57 59 71 72 77
15 34 57 59 71 72 75 76
15 34 57 59 61 73 77
15 34 57 59 61 73 75 76
15 34 57 59 61 71 72 77
15 34 57 59 61 71 72 75 76
15 34 50 57 59 73
15 34 50 57 59 71 72
15 34 50 57 59 61 73
15 34 50 57 59 61 71 72
15 34 46 57 59 77
15 34 46 57 59 75 76
15 34 46 57 59 61 77
15 34 46 57 59 61 75 76
15 34 46 50 57 59
15 34 46 50 57 59 61
51 68 69
51 67 68
49 50 68 69
49 50 67 68
42 51 68
42 49 50 68
24 68 69
24 67 68
24 42 68
15 16 44 57 59 73 78
15 16 44 57 59 73 76 77
15 16 44 57 59 71 72 78
15 16 44 57 59 71 72 76 77
15 16 44 57 59 65 73 78
15 16 44 57 59 65 73 76 77
15 16 44 57 59 65 71 72 78
15 16 44 57 59 65 71 72 76 77
15 16 44 51 57 59 73
15 16 44 51 57 59 71 72
15 16 44 51 57 59 65 73
15 16 44 51 57 59 65 71 72
15 16 44 48 57 59 73 78
15 16 44 48 57 59 73 76 77
15 16 44 48 57 59 71 72 78
15 16 44 48 57 59 71 72 76 77
15 16 44 48 57 59 65 73 78
15 16 44 48 57 59 65 73 76 77
15 16 44 48 57 59 65 71 72 78
15 16 44 48 57 59 65 71 72 76 77
15 16 44 48 51 57 59 73
15 16 44 48 51 57 59 71 72
15 16 44 48 51 57 59 65 73
15 16 44 48 51 57 59 65 71 72
15 16 44 46 57 59 78
15 16 44 46 57 59 76 77
15 16 44 46 57 59 65 78
15 16 44 46 57 59 65 76 77
15 16 44 46 51 57 59
15 16 44 46 51 57 59 65
15 16 44 46 48 57 59 78
15 16 44 46 48 57 59 76 77
15 16 44 46 48 57 59 65 78
15 16 44 46 48 57 59 65 76 77
15 16 44 46 48 51 57 59
15 16 44 46 48 51 57 59 65
15 16 44 46 47 57 59 78
15 16 44 46 47 57 59 76 77
15 16 44 46 47 57 59 73 78
15 16 44 46 47 57 59 73 76 77
15 16 44 46 47 57 59 71 72 78
15 16 44 46 47 57 59 71 72 76 77
15 16 44 46 47 57 59 65 78
15 16 44 46 47 57 59 65 76 77
15 16 44 46 47 57 59 65 73 78
15 16 44 46 47 57 59 65 73 76 77
15 16 44 46 47 57 59 65 71 72 78
15 16 44 46 47 57 59 65 71 72 76 77
15 16 44 46 47 51 57 59
15 16 44 46 47 51 57 59 73
15 16 44 46 47 51 57 59 71 72
15 16 44 46 47 51 57 59 65
15 16 44 46 47 51 57 59 65 73
15 16 44 46 47 51 57 59 65 71 72
15 16 42 43 57 59 73 78
15 16 42 43 57 59 73 76 77
15 16 42 43 57 59 71 72 78
15 16 42 43 57 59 71 72 76 77
15 16 42 43 57 59 65 73 78
15 16 42 43 57 59 65 73 76 77
15 16 42 43 57 59 65 71 72 78
15 16 42 43 57 59 65 71 72 76 77
15 16 42 43 51 57 59 73
15 16 42 43 51 57 59 71 72
15 16 42 43 51 57 59 65 73
15 16 42 43 51 57 59 65 71 72
15 16 42 43 48 57 59 73 78
15 16 42 43 48 57 59 73 76 77
15 16 42 43 48 57 59 71 72 78
15 16 42 43 48 57 59 71 72 76 77
15 16 42 43 48 57 59 65 73 78
15 16 42 43 48 57 59 65 73 76 77
15 16 42 43 48 57 59 65 71 72 78
15 16 42 43 48 57 59 65 71 72 76 77
15 16 42 43 48 51 57 59 73
15 16 42 43 48 51 57 59 71 72
15 16 42 43 48 51 57 59 65 73
15 16 42 43 48 51 57 59 65 71 72
15 16 42 43 46 57 59 78
15 16 42 43 46 57 59 76 77
15 16 42 43 46 57 59 65 78
15 16 42 43 46 57 59 65 76 77
15 16 42 43 46 51 57 59
15 16 42 43 46 51 57 59 65
15 16 42 43 46 48 57 59 78
15 16 42 43 46 48 57 59 76 77
15 16 42 43 46 48 57 59 65 78
15 16 42 43 46 48 57 59 65 76 77
15 16 42 43 46 48 51 57 59
15 16 42 43 46 48 51 57 59 65
15 16 42 43 46 47 57 59 78
15 16 42 43 46 47 57 59 76 77
15 16 42 43 46 47 57 59 73 78
15 16 42 43 46 47 57 59 73 76 77
15 16 42 43 46 47 57 59 71 72 78
15 16 42 43 46 47 57 59 71 72 76 77
15 16 42 43 46 47 57 59 65 78
15 16 42 43 46 47 57 59 65 76 77
15 16 42 43 46 47 57 59 65 73 78
15 16 42 43 46 47 57 59 65 73 76 77
15 16 42 43 46 47 57 59 65 71 72 78
15 16 42 43 46 47 57 59 65 71 72 76 77
15 16 42 43 46 47 51 57 59
15 16 42 43 46 47 51 57 59 73
15 16 42 43 46 47 51 57 59 71 72
15 16 42 43 46 47 51 57 59 65
15 16 42 43 46 47 51 57 59 65 73
15 16 42 43 46 47 51 57 59 65 71 72
15 16 21 44 57 59 73 78
15 16 21 44 57 59 73 76 77
15 16 21 44 57 59 71 72 78
15 16 21 44 57 59 71 72 76 77
15 16 21 44 57 59 65 73 78
15 16 21 44 57 59 65 73 76 77
15 16 21 44 57 59 65 71 72 78
15 16 21 44 57 59 65 71 72 76 77
15 16 21 44 51 57 59 73
15 16 21 44 51 57 59 71 72
15 16 21 44 51 57 59 65 73
15 16 21 44 51 57 59 65 71 72
15 16 21 44 46 57 59 78
15 16 21 44 46 57 59 76 77
15 16 21 44 46 57 59 65 78
15 16 21 44 46 57 59 65 76 77
15 16 21 44 46 51 57 59
15 16 21 44 46 51 57 59 65
15 16 21 42 43 57 59 73 78
15 16 21 42 43 57 59 73 76 77
15 16 21 42 43 57 59 71 72 78
15 16 21 42 43 57 59 71 72 76 77
15 16 21 42 43 57 59 65 73 78
15 16 21 42 43 57 59 65 73 76 77
15 16 21 42 43 57 59 65 71 72 78
15 16 21 42 43 57 59 65 71 72 76 77
15 16 21 42 43 51 57 59 73
15 16 21 42 43 51 57 59 71 72
15 16 21 42 43 51 57 59 65 73
15 16 21 42 43 51 57 59 65 71 72
15 16 21 42 43 46 57 59 78
15 16 21 42 43 46 57 59 76 77
15 16 21 42 43 46 57 59 65 78
15 16 21 42 43 46 57 59 65 76 77
15 16 21 42 43 46 51 57 59
15 16 21 42 43 46 51 57 59 65
15 16 17 57 59 73 78
15 16 17 57 59 73 76 77
15 16 17 57 59 71 72 78
15 16 17 57 59 71 72 76 77
15 16 17 57 59 65 73 78
15 16 17 57 59 65 73 76 77
15 16 17 57 59 65 71 72 78
15 16 17 57 59 65 71 72 76 77
15 16 17 51 57 59 73
15 16 17 51 57 59 71 72
15 16 17 51 57 59 65 73
15 16 17 51 57 59 65 71 72
15 16 17 48 57 59 73 78
15 16 17 48 57 59 73 76 77
15 16 17 48 57 59 71 72 78
15 16 17 48 57 59 71 72 76 77
15 16 17 48 57 59 65 73 78
15 16 17 48 57 59 65 73 76 77
15 16 17 48 57 59 65 71 72 78
15 16 17 48 57 59 65 71 72 76 77
15 16 17 48 51 57 59 73
15 16 17 48 51 57 59 71 72
15 16 17 48 51 57 59 65 73
15 16 17 48 51 57 59 65 71 72
15 16 17 46 57 59 78
15 16 17 46 57 59 76 77
15 16 17 46 57 59 65 78
15 16 17 46 57 59 65 76 77
15 16 17 46 51 57 59
15 16 17 46 51 57 59 65
15 16 17 46 48 57 59 78
15 16 17 46 48 57 59 76 77
15 16 17 46 48 57 59 65 78
15 16 17 46 48 57 59 65 76 77
15 16 17 46 48 51 57 59
15 16 17 46 48 51 57 59 65
15 16 17 46 47 57 59 78
15 16 17 46 47 57 59 76 77
15 16 17 46 47 57 59 73 78
15 16 17 46 47 57 59 73 76 77
15 16 17 46 47 57 59 71 72 78
15 16 17 46 47 57 59 71 72 76 77
15 16 17 46 47 57 59 65 78
15 16 17 46 47 57 59 65 76 77
15 16 17 46 47 57 59 65 73 78
15 16 17 46 47 57 59 65 73 76 77
15 16 17 46 47 57 59 65 71 72 78
15 16 17 46 47 57 59 65 71 72 76 77
15 16 17 46 47 51 57 59
15 16 17 46 47 51 57 59 73
15 16 17 46 47 51 57 59 71 72
15 16 17 46 47 51 57 59 65
15 16 17 46 47 51 57 59 65 73
15 16 17 46 47 51 57 59 65 71 72
15 16 17 21 57 59 73 78
15 16 17 21 57 59 73 76 77
15 16 17 21 57 59 71 72 78
15 16 17 21 57 59 71 72 76 77
15 16 17 21 57 59 65 73 78
15 16 17 21 57 59 65 73 76 77
15 16 17 21 57 59 65 71 72 78
15 16 17 21 57 59 65 71 72 76 77
15 16 17 21 51 57 59 73
15 16 17 21 51 57 59 71 72
15 16 17 21 51 57 59 65 73
15 16 17 21 51 57 59 65 71 72
15 16 17 21 46 57 59 78
15 16 17 21 46 57 59 76 77
15 16 17 21 46 57 59 65 78
15 16 17 21 46 57 59 65 76 77
15 16 17 21 46 51 57 59
15 16 17 21 46 51 57 59 65
44 57 59 73
44 57 59 71 72
44 57 59 65 73
44 57 59 65 71 72
44 46 57 59
44 46 57 59 65
42 43 57 59 73
42 43 57 59 71 72
42 43 57 59 65 73
42 43 57 59 65 71 72
42 43 46 57 59
42 43 46 57 59 65
17 44 57 59 73
17 44 57 59 71 72
17 44 57 59 65 73
17 44 57 59 65 71 72
17 44 46 57 59
17 44 46 57 59 65
17 42 43 57 59 73
17 42 43 57 59 71 72
17 42 43 57 59 65 73
17 42 43 57 59 65 71 72
17 42 43 46 57 59
17 42 43 46 57 59 65
15 16 44 57 59 73
15 16 44 57 59 71 72
15 16 44 57 59 65 73
15 16 44 57 59 65 71 72
15 16 44 46 57 59
15 16 44 46 57 59 65
15 16 42 43 57 59 73
15 16 42 43 57 59 71 72
15 16 42 43 57 59 65 73
15 16 42 43 57 59 65 71 72
15 16 42 43 46 57 59
15 16 42 43 46 57 59 65
15 16 17 57 59 73
15 16 17 57 59 71 72
15 16 17 57 59 65 73
15 16 17 57 59 65 71 72
15 16 17 46 57 59
15 16 17 46 57 59 65
42 57 61 73 77
42 57 61 73 75 76
42 57 61 71 72 77
42 57 61 71 72 75 76
42 57 59 61 73
42 57 59 61 73 75
42 57 59 61 73 74
42 57 59 61 71 72
42 57 59 61 71 72 75
42 57 59 61 71 72 73 74
42 57 59 60 73
42 57 59 60 73 75
42 57 59 60 73 74
42 57 59 60 71 72
42 57 59 60 71 72 75
42 57 59 60 71 72 73 74
42 50 57 61 73
42 50 57 61 71 72
42 48 57 59 61 73
42 48 57 59 61 71 72
42 48 57 59 60 73
42 48 57 59 60 71 72
42 46 57 61 77
42 46 57 61 75 76
42 46 57 59 61
42 46 57 59 61 75
42 46 57 59 61 73 74
42 46 57 59 60
42 46 57 59 60 75
42 46 57 59 60 73 74
42 46 50 57 61
42 46 48 57 59 61
42 46 48 57 59 60
40 41 57 61 73 77
40 41 57 61 73 75 76
40 41 57 61 71 72 77
40 41 57 61 71 72 75 76
40 41 57 59 61 73
40 41 57 59 61 73 75
40 41 57 59 61 73 74
40 41 57 59 61 71 72
40 41 57 59 61 71 72 75
40 41 57 59 61 71 72 73 74
40 41 57 59 60 73
40 41 57 59 60 73 75
40 41 57 59 60 73 74
40 41 57 59 60 71 72
40 41 57 59 60 71 72 75
40 41 57 59 60 71 72 73 74
40 41 50 57 61 73
40 41 50 57 61 71 72
40 41 48 57 59 61 73
40 41 48 57 59 61 71 72
40 41 48 57 59 60 73
40 41 48 57 59 60 71 72
40 41 46 57 61 77
40 41 46 57 61 75 76
40 41 46 57 59 61
40 41 46 57 59 61 75
40 41 46 57 59 61 73 74
40 41 46 57 59 60
40 41 46 57 59 60 75
40 41 46 57 59 60 73 74
40 41 46 50 57 61
40 41 46 48 57 59 61
40 41 46 48 57 59 60
34 42 57 61 73 77
34 42 57 61 73 75 76
34 42 57 61 71 72 77
34 42 57 61 71 72 75 76
34 42 57 59 73
34 42 57 59 73 75
34 42 57 59 73 74
34 42 57 59 71 72
34 42 57 59 71 72 75
34 42 57 59 71 72 73 74
34 42 50 57 61 73
34 42 50 57 61 71 72
34 42 48 57 59 73
34 42 48 57 59 71 72
34 42 46 57 61 77
34 42 46 57 61 75 76
34 42 46 57 59
34 42 46 57 59 75
34 42 46 57 59 73 74
34 42 46 50 57 61
34 42 46 48 57 59
34 40 41 57 61 73 77
34 40 41 57 61 73 75 76
34 40 41 57 61 71 72 77
34 40 41 57 61 71 72 75 76
34 40 41 57 59 73
34 40 41 57 59 73 75
34 40 41 57 59 73 74
34 40 41 57 59 71 72
34 40 41 57 59 71 72 75
34 40 41 57 59 71 72 73 74
34 40 41 50 57 61 73
34 40 41 50 57 61 71 72
34 40 41 48 57 59 73
34 40 41 48 57 59 71 72
34 40 41 46 57 61 77
34 40 41 46 57 61 75 76
34 40 41 46 57 59
34 40 41 46 57 59 75
34 40 41 46 57 59 73 74
34 40 41 46 50 57 61
34 40 41 46 48 57 59
15 57 61 73 77
15 57 61 73 75 76
15 57 61 71 72 77
15 57 61 71 72 75 76
15 57 59 61 73
15 57 59 61 73 75
15 57 59 61 73 74
15 57 59 61 71 72
15 57 59 61 71 72 75
15 57 59 61 71 72 73 74
15 57 59 60 73
15 57 59 60 73 75
15 57 59 60 73 74
15 57 59 60 71 72
15 57 59 60 71 72 75
15 57 59 60 71 72 73 74
15 50 57 61 73
15 50 57 61 71 72
15 48 57 59 61 73
15 48 57 59 61 71 72
15 48 57 59 60 73
15 48 57 59 60 71 72
15 46 57 61 77
15 46 57 61 75 76
15 46 57 59 61
15 46 57 59 61 75
15 46 57 59 61 73 74
15 46 57 59 60
15 46 57 59 60 75
15 46 57 59 60 73 74
15 46 50 57 61
15 46 48 57 59 61
15 46 48 57 59 60
15 34 57 61 73 77
15 34 57 61 73 75 76
15 34 57 61 71 72 77
15 34 57 61 71 72 75 76
15 34 57 59 73
15 34 57 59 73 75
15 34 57 59 73 74
15 34 57 59 71 72
15 34 57 59 71 72 75
15 34 57 59 71 72 73 74
15 34 50 57 61 73
15 34 50 57 61 71 72
15 34 48 57 59 73
15 34 48 57 59 71 72
15 34 46 57 61 77
15 34 46 57 61 75 76
15 34 46 57 59
15 34 46 57 59 75
15 34 46 57 59 73 74
15 34 46 50 57 61
15 34 46 48 57 59
44 57 59 73 78
44 57 59 73 76 77
44 57 59 71 72 78
44 57 59 71 72 76 77
44 57 59 65 73 78
44 57 59 65 73 76 77
44 57 59 65 71 72 78
44 57 59 65 71 72 76 77
44 51 57 59 73
44 51 57 59 71 72
44 51 57 59 65 73
44 51 57 59 65 71 72
44 48 57 59 73 78
44 48 57 59 73 76 77
44 48 57 59 71 72 78
44 48 57 59 71 72 76 77
44 48 57 59 65 73 78
44 48 57 59 65 73 76 77
44 48 57 59 65 71 72 78
44 48 57 59 65 71 72 76 77
44 48 51 57 59 73
44 48 51 57 59 71 72
44 48 51 57 59 65 73
44 48 51 57 59 65 71 72
44 46 57 59 78
44 46 57 59 76 77
44 46 57 59 65 78
44 46 57 59 65 76 77
44 46 51 57 59
44 46 51 57 59 65
44 46 48 57 59 78
44 46 48 57 59 76 77
44 46 48 57 59 65 78
44 46 48 57 59 65 76 77
44 46 48 51 57 59
44 46 48 51 57 59 65
44 46 47 57 59 78
44 46 47 57 59 76 77
44 46 47 57 59 73 78
44 46 47 57 59 73 76 77
44 46 47 57 59 71 72 78
44 46 47 57 59 71 72 76 77
44 46 47 57 59 65 78
44 46 47 57 59 65 76 77
44 46 47 57 59 65 73 78
44 46 47 57 59 65 73 76 77
44 46 47 57 59 65 71 72 78
44 46 47 57 59 65 71 72 76 77
44 46 47 51 57 59
44 46 47 51 57 59 73
44 46 47 51 57 59 71 72
44 46 47 51 57 59 65
44 46 47 51 57 59 65 73
44 46 47 51 57 59 65 71 72
42 43 57 59 73 78
42 43 57 59 73 76 77
42 43 57 59 71 72 78
42 43 57 59 71 72 76 77
42 43 57 59 65 73 78
42 43 57 59 65 73 76 77
42 43 57 59 65 71 72 78
42 43 57 59 65 71 72 76 77
42 43 51 57 59 73
42 43 51 57 59 71 72
42 43 51 57 59 65 73
42 43 51 57 59 65 71 72
42 43 48 57 59 73 78
42 43 48 57 59 73 76 77
42 43 48 57 59 71 72 78
42 43 48 57 59 71 72 76 77
42 43 48 57 59 65 73 78
42 43 48 57 59 65 73 76 77
42 43 48 57 59 65 71 72 78
42 43 48 57 59 65 71 72 76 77
42 43 48 51 57 59 73
42 43 48 51 57 59 71 72
42 43 48 51 57 59 65 73
42 43 48 51 57 59 65 71 72
42 43 46 57 59 78
42 43 46 57 59 76 77
42 43 46 57 59 65 78
42 43 46 57 59 65 76 77
42 43 46 51 57 59
42 43 46 51 57 59 65
42 43 46 48 57 59 78
42 43 46 48 57 59 76 77
42 43 46 48 57 59 65 78
42 43 46 48 57 59 65 76 77
42 43 46 48 51 57 59
42 43 46 48 51 57 59 65
42 43 46 47 57 59 78
42 43 46 47 57 59 76 77
42 43 46 47 57 59 73 78
42 43 46 47 57 59 73 76 77
42 43 46 47 57 59 71 72 78
42 43 46 47 57 59 71 72 76 77
42 43 46 47 57 59 65 78
42 43 46 47 57 59 65 76 77
42 43 46 47 57 59 65 73 78
42 43 46 47 57 59 65 73 76 77
42 43 46 47 57 59 65 71 72 78
42 43 46 47 57 59 65 71 72 76 77
42 43 46 47 51 57 59
42 43 46 47 51 57 59 73
42 43 46 47 51 57 59 71 72
42 43 46 47 51 57 59 65
42 43 46 47 51 57 59 65 73
42 43 46 47 51 57 59 65 71 72
21 44 57 59 73 78
21 44 57 59 73 76 77
21 44 57 59 71 72 78
21 44 57 59 71 72 76 77
21 44 57 59 65 73 78
21 44 57 59 65 73 76 77
21 44 57 59 65 71 72 78
21 44 57 59 65 71 72 76 77
21 44 51 57 59 73
21 44 51 57 59 71 72
21 44 51 57 59 65 73
21 44 51 57 59 65 71 72
21 44 46 57 59 78
21 44 46 57 59 76 77
21 44 46 57 59 65 78
21 44 46 57 59 65 76 77
21 44 46 51 57 59
21 44 46 51 57 59 65
21 42 43 57 59 73 78
21 42 43 57 59 73 76 77
21 42 43 57 59 71 72 78
21 42 43 57 59 71 72 76 77
21 42 43 57 59 65 73 78
21 42 43 57 59 65 73 76 77
21 42 43 57 59 65 71 72 78
21 42 43 57 59 65 71 72 76 77
21 42 43 51 57 59 73
21 42 43 51 57 59 71 72
21 42 43 51 57 59 65 73
21 42 43 51 57 59 65 71 72
21 42 43 46 57 59 78
21 42 43 46 57 59 76 77
21 42 43 46 57 59 65 78
21 42 43 46 57 59 65 76 77
21 42 43 46 51 57 59
21 42 43 46 51 57 59 65
42 57 59 73
42 57 59 71 72
42 46 57 59
40 41 57 59 73
40 41 57 59 71 72
40 41 46 57 59
15 57 59 73
15 57 59 71 72
15 46 57 59
42 57 59 60 63 73
42 57 59 60 63 71 72
42 57 59 60 61 62 73
42 57 59 60 61 62 71 72
42 46 57 59 60 63
42 46 57 59 60 61 62
40 41 57 59 60 63 73
40 41 57 59 60 63 71 72
40 41 57 59 60 61 62 73
40 41 57 59 60 61 62 71 72
40 41 46 57 59 60 63
40 41 46 57 59 60 61 62
36 42 57 59 60 73
36 42 57 59 60 71 72
36 42 46 57 59 60
36 40 41 57 59 60 73
36 40 41 57 59 60 71 72
36 40 41 46 57 59 60
18 42 57 59 63 73
18 42 57 59 63 71 72
18 42 57 59 61 62 73
18 42 57 59 61 62 71 72
18 42 46 57 59 63
18 42 46 57 59 61 62
18 40 41 57 59 63 73
18 40 41 57 59 63 71 72
18 40 41 57 59 61 62 73
18 40 41 57 59 61 62 71 72
18 40 41 46 57 59 63
18 40 41 46 57 59 61 62
18 36 42 57 59 73
18 36 42 57 59 71 72
18 36 42 46 57 59
18 36 40 41 57 59 73
18 36 40 41 57 59 71 72
18 36 40 41 46 57 59
16 17 42 57 59 63 73
16 17 42 57 59 63 71 72
16 17 42 57 59 61 62 73
16 17 42 57 59 61 62 71 72
16 17 42 46 57 59 63
16 17 42 46 57 59 61 62
16 17 40 41 57 59 63 73
16 17 40 41 57 59 63 71 72
16 17 40 41 57 59 61 62 73
16 17 40 41 57 59 61 62 71 72
16 17 40 41 46 57 59 63
16 17 40 41 46 57 59 61 62
16 17 36 42 57 59 73
16 17 36 42 57 59 71 72
16 17 36 42 46 57 59
16 17 36 40 41 57 59 73
16 17 36 40 41 57 59 71 72
16 17 36 40 41 46 57 59
15 57 59 60 63 73
15 57 59 60 63 71 72
15 57 59 60 61 62 73
15 57 59 60 61 62 71 72
15 46 57 59 60 63
15 46 57 59 60 61 62
15 36 57 59 60 73
15 36 57 59 60 71 72
15 36 46 57 59 60
15 18 57 59 63 73
15 18 57 59 63 71 72
15 18 57 59 61 62 73
15 18 57 59 61 62 71 72
15 18 46 57 59 63
15 18 46 57 59 61 62
15 18 36 57 59 73
15 18 36 57 59 71 72
15 18 36 46 57 59
15 16 17 57 59 63 73
15 16 17 57 59 63 71 72
15 16 17 57 59 61 62 73
15 16 17 57 59 61 62 71 72
15 16 17 46 57 59 63
15 16 17 46 57 59 61 62
15 16 17 36 57 59 73
15 16 17 36 57 59 71 72
15 16 17 36 46 57 59
44 57 73
44 57 73 78
44 57 73 76 77
44 57 71 72
44 57 71 72 78
44 57 71 72 76 77
44 51 57 73
44 51 57 71 72
44 48 57 73 78
44 48 57 73 76 77
44 48 57 71 72 78
44 48 57 71 72 76 77
44 48 51 57 73
44 48 51 57 71 72
44 46 57
44 46 57 78
44 46 57 76 77
44 46 51 57
44 46 48 57 78
44 46 48 57 76 77
44 46 48 51 57
44 46 47 57 78
44 46 47 57 76 77
44 46 47 57 73 78
44 46 47 57 73 76 77
44 46 47 57 71 72 78
44 46 47 57 71 72 76 77
44 46 47 51 57
44 46 47 51 57 73
44 46 47 51 57 71 72
42 43 57 73
42 43 57 73 78
42 43 57 73 76 77
42 43 57 71 72
42 43 57 71 72 78
42 43 57 71 72 76 77
42 43 51 57 73
42 43 51 57 71 72
42 43 48 57 73 78
42 43 48 57 73 76 77
42 43 48 57 71 72 78
42 43 48 57 71 72 76 77
42 43 48 51 57 73
42 43 48 51 57 71 72
42 43 46 57
42 43 46 57 78
42 43 46 57 76 77
42 43 46 51 57
42 43 46 48 57 78
42 43 46 48 57 76 77
42 43 46 48 51 57
42 43 46 47 57 78
42 43 46 47 57 76 77
42 43 46 47 57 73 78
42 43 46 47 57 73 76 77
42 43 46 47 57 71 72 78
42 43 46 47 57 71 72 76 77
42 43 46 47 51 57
42 43 46 47 51 57 73
42 43 46 47 51 57 71 72
21 44 57 73 78
21 44 57 73 76 77
21 44 57 71 72 78
21 44 57 71 72 76 77
21 44 51 57 73
21 44 51 57 71 72
21 44 46 57 78
21 44 46 57 76 77
21 44 46 51 57
21 42 43 57 73 78
21 42 43 57 73 76 77
21 42 43 57 71 72 78
21 42 43 57 71 72 76 77
21 42 43 51 57 73
21 42 43 51 57 71 72
21 42 43 46 57 78
21 42 43 46 57 76 77
21 42 43 46 51 57
17 57 73
17 57 73 78
17 57 73 76 77
17 57 71 72
17 57 71 72 78
17 57 71 72 76 77
17 51 57 73
17 51 57 71 72
17 48 57 73 78
17 48 57 73 76 77
17 48 57 71 72 78
17 48 57 71 72 76 77
17 48 51 57 73
17 48 51 57 71 72
17 46 57
17 46 57 78
17 46 57 76 77
17 46 51 57
17 46 48 57 78
17 46 48 57 76 77
17 46 48 51 57
17 46 47 57 78
17 46 47 57 76 77
17 46 47 57 73 78
17 46 47 57 73 76 77
17 46 47 57 71 72 78
17 46 47 57 71 72 76 77
17 46 47 51 57
17 46 47 51 57 73
17 46 47 51 57 71 72
17 21 57 73 78
17 21 57 73 76 77
17 21 57 71 72 78
17 21 57 71 72 76 77
17 21 51 57 73
17 21 51 57 71 72
17 21 46 57 78
17 21 46 57 76 77
17 21 46 51 57
42 59 73
42 59 71 72
42 46 59
40 41 59 73
40 41 59 71 72
40 41 46 59
15 59 73
15 59 71 72
15 46 59
61 69
42 61

69 78 79
68
68 71
68 69
68 69 70
67
67 78 79
67 68 78 79
65 66
65 66 78 79
65 66 68
61
61 65 66 68
53 67
53 65 66
52
51 52 69
51 52 67 68
44 69
44 68
44 67 68
43
42 78 79
42 68
42 51 52
42 44
42 43
42 43 69
42 43 67 68
40
40 78 79
40 68
40 61 68
40 53
36 69
36 67 68
36 42
26 69
26 67 68
26 42
25
17 69
17 67 68
17 42
10
9 68
8 9
1 78 79
1 67
1 65 66
1 61 67 78 79
1 61 65 66 78 79
1 53
1 53 61 67
1 53 61 65 66
1 40
1 40 61 78 79
1 40 53 61
0 68
17 44 57 59 73 78
17 44 57 59 73 76 77
17 44 57 59 71 72 78
17 44 57 59 71 72 76 77
17 44 57 59 65 73 78
17 44 57 59 65 73 76 77
17 44 57 59 65 71 72 78
17 44 57 59 65 71 72 76 77
17 44 51 57 59 73
17 44 51 57 59 71 72
17 44 51 57 59 65 73
17 44 51 57 59 65 71 72
17 44 48 57 59 73 78
17 44 48 57 59 73 76 77
17 44 48 57 59 71 72 78
17 44 48 57 59 71 72 76 77
17 44 48 57 59 65 73 78
17 44 48 57 59 65 73 76 77
17 44 48 57 59 65 71 72 78
17 44 48 57 59 65 71 72 76 77
17 44 48 51 57 59 73
17 44 48 51 57 59 71 72
17 44 48 51 57 59 65 73
17 44 48 51 57 59 65 71 72
17 44 46 57 59 78
17 44 46 57 59 76 77
17 44 46 57 59 65 78
17 44 46 57 59 65 76 77
17 44 46 51 57 59
17 44 46 51 57 59 65
17 44 46 48 57 59 78
17 44 46 48 57 59 76 77
17 44 46 48 57 59 65 78
17 44 46 48 57 59 65 76 77
17 44 46 48 51 57 59
17 44 46 48 51 57 59 65
17 44 46 47 57 59 78
17 44 46 47 57 59 76 77
17 44 46 47 57 59 73 78
17 44 46 47 57 59 73 76 77
17 44 46 47 57 59 71 72 78
17 44 46 47 57 59 71 72 76 77
17 44 46 47 57 59 65 78
17 44 46 47 57 59 65 76 77
17 44 46 47 57 59 65 73 78
17 44 46 47 57 59 65 73 76 77
17 44 46 47 57 59 65 71 72 78
17 44 46 47 57 59 65 71 72 76 77
17 44 46 47 51 57 59
17 44 46 47 51 57 59 73
17 44 46 47 51 57 59 71 72
17 44 46 47 51 57 59 65
17 44 46 47 51 57 59 65 73
17 44 46 47 51 57 59 65 71 72
17 42 43 57 59 73 78
17 42 43 57 59 73 76 77
17 42 43 57 59 71 72 78
17 42 43 57 59 71 72 76 77
17 42 43 57 59 65 73 78
17 42 43 57 59 65 73 76 77
17 42 43 57 59 65 71 72 78
17 42 43 57 59 65 71 72 76 77
17 42 43 51 57 59 73
17 42 43 51 57 59 71 72
17 42 43 51 57 59 65 73
17 42 43 51 57 59 65 71 72
17 42 43 48 57 59 73 78
17 42 43 48 57 59 73 76 77
17 42 43 48 57 59 71 72 78
17 42 43 48 57 59 71 72 76 77
17 42 43 48 57 59 65 73 78
17 42 43 48 57 59 65 73 76 77
17 42 43 48 57 59 65 71 72 78
17 42 43 48 57 59 65 71 72 76 77
17 42 43 48 51 57 59 73
17 42 43 48 51 57 59 71 72
17 42 43 48 51 57 59 65 73
17 42 43 48 51 57 59 65 71 72
17 42 43 46 57 59 78
17 42 43 46 57 59 76 77
17 42 43 46 57 59 65 78
17 42 43 46 57 59 65 76 77
17 42 43 46 51 57 59
17 42 43 46 51 57 59 65
17 42 43 46 48 57 59 78
17 42 43 46 48 57 59 76 77
17 42 43 46 48 57 59 65 78
17 42 43 46 48 57 59 65 76 77
17 42 43 46 48 51 57 59
17 42 43 46 48 51 57 59 65
17 42 43 46 47 57 59 78
17 42 43 46 47 57 59 76 77
17 42 43 46 47 57 59 73 78
17 42 43 46 47 57 59 73 76 77
17 42 43 46 47 57 59 71 72 78
17 42 43 46 47 57 59 71 72 76 77
17 42 43 46 47 57 59 65 78
17 42 43 46 47 57 59 65 76 77
17 42 43 46 47 57 59 65 73 78
17 42 43 46 47 57 59 65 73 76 77
17 42 43 46 47 57 59 65 71 72 78
17 42 43 46 47 57 59 65 71 72 76 77
17 42 43 46 47 51 57 59
17 42 43 46 47 51 57 59 73
17 42 43 46 47 51 57 59 71 72
17 42 43 46 47 51 57 59 65
17 42 43 46 47 51 57 59 65 73
17 42 43 46 47 51 57 59 65 71 72
17 21 44 57 59 73 78
17 21 44 57 59 73 76 77
17 21 44 57 59 71 72 78
17 21 44 57 59 71 72 76 77
17 21 44 57 59 65 73 78
17 21 44 57 59 65 73 76 77
17 21 44 57 59 65 71 72 78
17 21 44 57 59 65 71 72 76 77
17 21 44 51 57 59 73
17 21 44 51 57 59 71 72
17 21 44 51 57 59 65 73
17 21 44 51 57 59 65 71 72
17 21 44 46 57 59 78
17 21 44 46 57 59 76 77
17 21 44 46 57 59 65 78
17 21 44 46 57 59 65 76 77
17 21 44 46 51 57 59
17 21 44 46 51 57 59 65
17 21 42 43 57 59 73 78
17 21 42 43 57 59 73 76 77
17 21 42 43 57 59 71 72 78
17 21 42 43 57 59 71 72 76 77
17 21 42 43 57 59 65 73 78
17 21 42 43 57 59 65 73 76 77
17 21 42 43 57 59 65 71 72 78
17 21 42 43 57 59 65 71 72 76 77
17 21 42 43 51 57 59 73
17 21 42 43 51 57 59 71 72
17 21 42 43 51 57 59 65 73
17 21 42 43 51 57 59 65 71 72
17 21 42 43 46 57 59 78
17 21 42 43 46 57 59 76 77
17 21 42 43 46 57 59 65 78
17 21 42 43 46 57 59 65 76 77
17 21 42 43 46 51 57 59
17 21 42 43 46 51 57 59 65
