69
68 71
67
67 68 70
67 68 69
65 66
61
61 69 78 79
61 68
61 68 69
61 67 68
61 67 68 78 79
59
59 69
59 69 71 78 79
59 69 70 78 79
59 67 68
59 67 68 71 78 79
59 67 68 69 70 78 79
59 61
55 59 69 78 79
55 59 67 68 78 79
54 68
54 55 68
53 61 69
53 61 67 68
53 59 69 71
53 59 69 70
53 59 67 68 71
53 59 67 68 69 70
53 55 59 69
53 55 59 67 68
53 54 59 69
53 54 59 69 78 79
53 54 59 67 68
53 54 59 67 68 78 79
52
44 68
44 59 73 78 79
44 59 73 75
44 59 73 74
44 59 71 72 78 79
44 59 71 72 75
44 59 71 72 73 74
44 59 69 78 79
44 59 67 68 78 79
44 59 61
44 59 61 75
44 59 61 73
44 59 61 73 78
44 59 61 73 76 77
44 59 61 73 74
44 59 61 72 75
44 59 61 72 73 74
44 59 61 71 75
44 59 61 71 73 74
44 59 61 71 72
44 59 61 71 72 78
44 59 61 71 72 76 77
44 59 61 71 72 75
44 59 61 71 72 73 74
44 59 61 69 70 75
44 59 61 69 70 73 74
44 59 61 69 70 72 75
44 59 61 69 70 72 73 74
44 59 61 69 70 71 75
44 59 61 69 70 71 73 74
44 59 61 63 73
44 59 61 63 71 72
44 59 61 62 75
44 59 61 62 73
44 59 61 62 73 74
44 59 61 62 71 72
44 59 60 61 75
44 59 60 61 73 75
44 59 60 61 72 75
44 59 60 61 72 73 74
44 59 60 61 71 75
44 59 60 61 71 73 74
44 59 60 61 69 70 75
44 59 60 61 69 70 73 74
44 59 60 61 69 70 72 75
44 59 60 61 69 70 72 73 74
44 59 60 61 69 70 71 75
44 59 60 61 69 70 71 73 74
44 59 60 61 63 75
44 59 60 61 63 73 74
44 58 59 61 75
44 58 59 61 73 74
44 58 59 60 61 75
44 58 59 60 61 73 74
44 56 57 59 61 75
44 56 57 59 61 73 74
44 56 57 59 60 61 75
44 56 57 59 60 61 73 74
44 53 59 73
44 53 59 71 72
44 53 59 69
44 53 59 67 68
44 51 59 61 73
44 51 59 61 71 72
44 48 59 73
44 48 59 71 72
44 48 59 61
44 48 59 61 72
44 48 59 61 71
44 48 59 61 71 72
44 48 59 61 69 70
44 48 59 61 69 70 72
44 48 59 61 69 70 71
44 48 59 61 63 73
44 48 59 61 63 71 72
44 48 59 61 62
44 48 59 61 62 73
44 48 59 61 62 71 72
44 48 59 60 61
44 48 59 60 61 73
44 48 59 60 61 72
44 48 59 60 61 71
44 48 59 60 61 69 70
44 48 59 60 61 69 70 72
44 48 59 60 61 69 70 71
44 48 59 60 61 63
44 48 58 59 61
44 48 58 59 60 61
44 48 56 57 59 61
44 48 56 57 59 60 61
44 46 59 78 79
44 46 59 75
44 46 59 73 74
44 46 59 61
44 46 59 61 78
44 46 59 61 76 77
44 46 59 61 63
44 46 59 61 62
44 46 59 60 61 75
44 46 59 60 61 73 74
44 46 53 59
44 46 51 59 61
44 46 48 59
44 46 48 59 61 63
44 46 48 59 61 62
44 46 48 59 60 61
44 46 47 59 61 63
44 46 47 59 61 63 73
44 46 47 59 61 63 71 72
44 46 47 59 61 62
44 46 47 59 61 62 73
44 46 47 59 61 62 71 72
44 45 59 61 75
44 45 59 61 73 74
44 45 59 61 71 75
44 45 59 61 71 73 74
44 45 59 61 69 70 75
44 45 59 61 69 70 73 74
44 45 59 60 61 75
44 45 59 60 61 73 74
44 45 59 60 61 71 75
44 45 59 60 61 71 73 74
44 45 59 60 61 69 70 75
44 45 59 60 61 69 70 73 74
44 45 48 59 61
44 45 48 59 61 71
44 45 48 59 61 69 70
44 45 48 59 60 61
44 45 48 59 60 61 71
44 45 48 59 60 61 69 70
43
43 68 69
43 67 68
42
42 68
42 68 70
42 68 69
42 61 78 79
42 61 73 78
42 61 73 76 77
42 61 71 72 78
42 61 71 72 76 77
42 61 68
42 59
42 59 73
42 59 73 77
42 59 73 75 76
42 59 71 78 79
42 59 71 72
42 59 71 72 77
42 59 71 72 75 76
42 59 69 70 78 79
42 59 63 73 77
42 59 63 73 75
42 59 63 73 75 76
42 59 63 73 74
42 59 63 71 72 77
42 59 63 71 72 75
42 59 63 71 72 75 76
42 59 63 71 72 73 74
42 59 61 75
42 59 61 73
42 59 61 73 77
42 59 61 73 75
42 59 61 73 75 76
42 59 61 71 72
42 59 61 71 72 77
42 59 61 71 72 75
42 59 61 71 72 75 76
42 59 61 71 72 73 74
42 59 61 64 73
42 59 61 64 71 72
42 59 61 63 65 73 75 78
42 59 61 63 65 73 75 76 77
42 59 61 63 65 73 74 78
42 59 61 63 65 73 74 76 77
42 59 61 63 65 71 72 75 78
42 59 61 63 65 71 72 75 76 77
42 59 61 63 65 71 72 73 74 78
42 59 61 63 65 71 72 73 74 76 77
42 59 61 63 64 73 75 78
42 59 61 63 64 73 75 76 77
42 59 61 63 64 73 74 78
42 59 61 63 64 73 74 76 77
42 59 61 63 64 71 72 75 78
42 59 61 63 64 71 72 75 76 77
42 59 61 63 64 71 72 73 74 78
42 59 61 63 64 71 72 73 74 76 77
42 59 61 62 73 75
42 59 61 62 73 74
42 59 61 62 71 72 75
42 59 61 62 71 72 73 74
42 59 61 62 65 73 75 78
42 59 61 62 65 73 75 76 77
42 59 61 62 65 73 74 78
42 59 61 62 65 73 74 76 77
42 59 61 62 65 71 72 75 78
42 59 61 62 65 71 72 75 76 77
42 59 61 62 65 71 72 73 74 78
42 59 61 62 65 71 72 73 74 76 77
42 59 61 62 63 73
42 59 61 62 63 71 72
42 59 61 62 63 64 73 75 78
42 59 61 62 63 64 73 75 76 77
42 59 61 62 63 64 73 74 78
42 59 61 62 63 64 73 74 76 77
42 59 61 62 63 64 71 72 75 78
42 59 61 62 63 64 71 72 75 76 77
42 59 61 62 63 64 71 72 73 74 78
42 59 61 62 63 64 71 72 73 74 76 77
42 59 60 61 73
42 59 60 61 73 75
42 59 60 61 73 74
42 59 60 61 71 72
42 59 60 61 71 72 75
42 59 60 61 71 72 73 74
42 59 60 61 64 73
42 59 60 61 64 71 72
42 59 60 61 63 73
42 59 60 61 63 71 72
42 59 60 61 62 73
42 59 60 61 62 71 72
42 59 60 61 62 63 73
42 59 60 61 62 63 71 72
42 58 59 61 73
42 58 59 61 71 72
42 57 61 75
42 57 61 73 74
42 57 61 63 73 75
42 57 61 63 73 74
42 57 61 63 71 72 75
42 57 61 63 71 72 73 74
42 57 61 62 73 75
42 57 61 62 73 74
42 57 61 62 71 72 75
42 57 61 62 71 72 73 74
42 57 60 61 73
42 57 60 61 71 72
42 57 59 61 73
42 57 59 61 73 77
42 57 59 61 73 75 78 79
42 57 59 61 73 75 76
42 57 59 61 73 74 78 79
42 57 59 61 71 72
42 57 59 61 71 72 77
42 57 59 61 71 72 75 78 79
42 57 59 61 71 72 75 76
42 57 59 61 71 72 73 74 78 79
42 57 59 61 67 75 78
42 57 59 61 67 75 76 77
42 57 59 61 67 73 74 78
42 57 59 61 67 73 74 76 77
42 57 59 61 65 66 75 78
42 57 59 61 65 66 75 76 77
42 57 59 61 65 66 73 74 78
42 57 59 61 65 66 73 74 76 77
42 57 59 60 73
42 57 59 60 73 75 78 79
42 57 59 60 73 74 78 79
42 57 59 60 71 72
42 57 59 60 71 72 75 78 79
42 57 59 60 71 72 73 74 78 79
42 57 59 60 61 73
42 57 59 60 61 73 77
42 57 59 60 61 73 75 76
42 57 59 60 61 71 72
42 57 59 60 61 71 72 77
42 57 59 60 61 71 72 75 76
42 57 59 60 61 67 75 78
42 57 59 60 61 67 75 76 77
42 57 59 60 61 67 73 74 78
42 57 59 60 61 67 73 74 76 77
42 57 59 60 61 65 66 75 78
42 57 59 60 61 65 66 75 76 77
42 57 59 60 61 65 66 73 74 78
42 57 59 60 61 65 66 73 74 76 77
42 57 58 59 73
42 57 58 59 71 72
42 57 58 59 61 73
42 57 58 59 61 71 72
42 55 59 78 79
42 53 61
42 53 59 71
42 53 59 69 70
42 53 57 59 61 73 75
42 53 57 59 61 73 74
42 53 57 59 61 71 72 75
42 53 57 59 61 71 72 73 74
42 53 57 59 60 73 75
42 53 57 59 60 73 74
42 53 57 59 60 71 72 75
42 53 57 59 60 71 72 73 74
42 53 55 59
42 53 54 59
42 53 54 59 78 79
42 51 61 73
42 51 61 71 72
42 51 59 61 63 65 73 75
42 51 59 61 63 65 73 74
42 51 59 61 63 65 71 72 75
42 51 59 61 63 65 71 72 73 74
42 51 59 61 63 64 73 75
42 51 59 61 63 64 73 74
42 51 59 61 63 64 71 72 75
42 51 59 61 63 64 71 72 73 74
42 51 59 61 62 65 73 75
42 51 59 61 62 65 73 74
42 51 59 61 62 65 71 72 75
42 51 59 61 62 65 71 72 73 74
42 51 59 61 62 63 64 73 75
42 51 59 61 62 63 64 73 74
42 51 59 61 62 63 64 71 72 75
42 51 59 61 62 63 64 71 72 73 74
42 51 57 59 61 67 75
42 51 57 59 61 67 73 74
42 51 57 59 61 65 66 75
42 51 57 59 61 65 66 73 74
42 51 57 59 60 61 67 75
42 51 57 59 60 61 67 73 74
42 51 57 59 60 61 65 66 75
42 51 57 59 60 61 65 66 73 74
42 50 59 73
42 50 59 71 72
42 50 59 63 73
42 50 59 63 71 72
42 50 59 61 73
42 50 59 61 71 72
42 50 57 59 61 73
42 50 57 59 61 71 72
42 50 57 59 60 61 73
42 50 57 59 60 61 71 72
42 49 59 61 73
42 49 59 61 71 72
42 49 59 60 61 73
42 49 59 60 61 71 72
42 48 59 63 73 75
42 48 59 63 73 74
42 48 59 63 71 72 75
42 48 59 63 71 72 73 74
42 48 59 61
42 48 59 61 63 65 73 78
42 48 59 61 63 65 73 76 77
42 48 59 61 63 65 71 72 78
42 48 59 61 63 65 71 72 76 77
42 48 59 61 63 64 73 78
42 48 59 61 63 64 73 76 77
42 48 59 61 63 64 71 72 78
42 48 59 61 63 64 71 72 76 77
42 48 59 61 62 73 75
42 48 59 61 62 73 74
42 48 59 61 62 71 72 75
42 48 59 61 62 71 72 73 74
42 48 59 61 62 65 73 78
42 48 59 61 62 65 73 76 77
42 48 59 61 62 65 71 72 78
42 48 59 61 62 65 71 72 76 77
42 48 59 61 62 63 64 73 78
42 48 59 61 62 63 64 73 76 77
42 48 59 61 62 63 64 71 72 78
42 48 59 61 62 63 64 71 72 76 77
42 48 59 60 61 73
42 48 59 60 61 71 72
42 48 57 61
42 48 57 61 63 73
42 48 57 61 63 71 72
42 48 57 61 62 73
42 48 57 61 62 71 72
42 48 57 59 61 73 78 79
42 48 57 59 61 71 72 78 79
42 48 57 59 61 67 78
42 48 57 59 61 67 76 77
42 48 57 59 61 65 66 78
42 48 57 59 61 65 66 76 77
42 48 57 59 60 73 78 79
42 48 57 59 60 71 72 78 79
42 48 57 59 60 61 67 78
42 48 57 59 60 61 67 76 77
42 48 57 59 60 61 65 66 78
42 48 57 59 60 61 65 66 76 77
42 48 53 57 59 61 73
42 48 53 57 59 61 71 72
42 48 53 57 59 60 73
42 48 53 57 59 60 71 72
42 48 51 59 61 63 65 73
42 48 51 59 61 63 65 71 72
42 48 51 59 61 63 64 73
42 48 51 59 61 63 64 71 72
42 48 51 59 61 62 65 73
42 48 51 59 61 62 65 71 72
42 48 51 59 61 62 63 64 73
42 48 51 59 61 62 63 64 71 72
42 48 51 57 59 61 67
42 48 51 57 59 61 65 66
42 48 51 57 59 60 61 67
42 48 51 57 59 60 61 65 66
42 47 48 59 61 73
42 47 48 59 61 71 72
42 47 48 59 60 61 73
42 47 48 59 60 61 71 72
42 46 61 78
42 46 61 76 77
42 46 59
42 46 59 77
42 46 59 75 76
42 46 59 63 77
42 46 59 63 75
42 46 59 63 75 76
42 46 59 63 73 74
42 46 59 61
42 46 59 61 77
42 46 59 61 75
42 46 59 61 75 76
42 46 59 61 73 74
42 46 59 61 64
42 46 59 61 63 65 75 78
42 46 59 61 63 65 75 76 77
42 46 59 61 63 65 73 74 78
42 46 59 61 63 65 73 74 76 77
42 46 59 61 63 64 75 78
42 46 59 61 63 64 75 76 77
42 46 59 61 63 64 73 74 78
42 46 59 61 63 64 73 74 76 77
42 46 59 61 62 75
42 46 59 61 62 73 74
42 46 59 61 62 65 75 78
42 46 59 61 62 65 75 76 77
42 46 59 61 62 65 73 74 78
42 46 59 61 62 65 73 74 76 77
42 46 59 61 62 63
42 46 59 61 62 63 64 75 78
42 46 59 61 62 63 64 75 76 77
42 46 59 61 62 63 64 73 74 78
42 46 59 61 62 63 64 73 74 76 77
42 46 59 60 61
42 46 59 60 61 75
42 46 59 60 61 73 74
42 46 59 60 61 64
42 46 59 60 61 63
42 46 59 60 61 62
42 46 59 60 61 62 63
42 46 58 59 61
42 46 57 61 63 75
42 46 57 61 63 73 74
42 46 57 61 62 75
42 46 57 61 62 73 74
42 46 57 60 61
42 46 57 59 61
42 46 57 59 61 77
42 46 57 59 61 75 78 79
42 46 57 59 61 75 76
42 46 57 59 61 73 74 78 79
42 46 57 59 60
42 46 57 59 60 75 78 79
42 46 57 59 60 73 74 78 79
42 46 57 59 60 61
42 46 57 59 60 61 77
42 46 57 59 60 61 75 76
42 46 57 58 59
42 46 57 58 59 61
42 46 53 57 59 61 75
42 46 53 57 59 61 73 74
42 46 53 57 59 60 75
42 46 53 57 59 60 73 74
42 46 51 61
42 46 51 59 61 63 65 75
42 46 51 59 61 63 65 73 74
42 46 51 59 61 63 64 75
42 46 51 59 61 63 64 73 74
42 46 51 59 61 62 65 75
42 46 51 59 61 62 65 73 74
42 46 51 59 61 62 63 64 75
42 46 51 59 61 62 63 64 73 74
42 46 50 59
42 46 50 59 63
42 46 50 59 61
42 46 50 57 59 61
42 46 50 57 59 60 61
42 46 49 59 61
42 46 49 59 60 61
42 46 48 59 63 75
42 46 48 59 63 73 74
42 46 48 59 61 63 65 78
42 46 48 59 61 63 65 76 77
42 46 48 59 61 63 64 78
42 46 48 59 61 63 64 76 77
42 46 48 59 61 62 75
42 46 48 59 61 62 73 74
42 46 48 59 61 62 65 78
42 46 48 59 61 62 65 76 77
42 46 48 59 61 62 63 64 78
42 46 48 59 61 62 63 64 76 77
42 46 48 59 60 61
42 46 48 57 61 63
42 46 48 57 61 62
42 46 48 57 59 61 78 79
42 46 48 57 59 60 78 79
42 46 48 53 57 59 61
42 46 48 53 57 59 60
42 46 48 51 59 61 63 65
42 46 48 51 59 61 63 64
42 46 48 51 59 61 62 65
42 46 48 51 59 61 62 63 64
42 46 47 59 63 75
42 46 47 59 63 73 75
42 46 47 59 63 71 72 75
42 46 47 59 63 71 72 73 74
42 46 47 59 61
42 46 47 59 61 73
42 46 47 59 61 71 72
42 46 47 59 61 62 75
42 46 47 59 61 62 73 75
42 46 47 59 61 62 71 72 75
42 46 47 59 61 62 71 72 73 74
42 46 47 48 59 63
42 46 47 48 59 63 73
42 46 47 48 59 63 71 72
42 46 47 48 59 61
42 46 47 48 59 61 62
42 46 47 48 59 61 62 73
42 46 47 48 59 61 62 71 72
42 46 47 48 59 60 61
42 44 59 78 79
42 44 59 61 73 78 79
42 44 59 61 71 72 78 79
42 44 53 59
42 44 53 59 61 73
42 44 53 59 61 71 72
42 44 46 59 61 78 79
42 44 46 53 59 61
42 43 68
42 43 59 73 78 79
42 43 59 73 75
42 43 59 73 74
42 43 59 71 72 78 79
42 43 59 71 72 75
42 43 59 71 72 73 74
42 43 59 61
42 43 59 61 73
42 43 59 61 73 78
42 43 59 61 73 78 79
42 43 59 61 73 76 77
42 43 59 61 71 75
42 43 59 61 71 73 74
42 43 59 61 71 72
42 43 59 61 71 72 78
42 43 59 61 71 72 78 79
42 43 59 61 71 72 76 77
42 43 59 61 71 72 75
42 43 59 61 71 72 73 74
42 43 59 61 70 71 75
42 43 59 61 70 71 73 74
42 43 59 61 69 70 75
42 43 59 61 69 70 73 74
42 43 59 61 69 70 72 75
42 43 59 61 69 70 72 73 74
42 43 59 61 69 70 71 75
42 43 59 61 69 70 71 73 74
42 43 59 61 63 73
42 43 59 61 63 71 72
42 43 59 61 62 75
42 43 59 61 62 73
42 43 59 61 62 73 74
42 43 59 61 62 71 72
42 43 59 60 61 73 75
42 43 59 60 61 73 74
42 43 59 60 61 71 75
42 43 59 60 61 71 73 74
42 43 59 60 61 70 71 75
42 43 59 60 61 70 71 73 74
42 43 59 60 61 69 70 75
42 43 59 60 61 69 70 73 74
42 43 59 60 61 69 70 72 75
42 43 59 60 61 69 70 72 73 74
42 43 59 60 61 69 70 71 75
42 43 59 60 61 69 70 71 73 74
42 43 59 60 61 63 75
42 43 59 60 61 63 73 74
42 43 58 59 61 75
42 43 58 59 61 73 74
42 43 58 59 60 61 75
42 43 58 59 60 61 73 74
42 43 56 57 59 61 75
42 43 56 57 59 61 73 74
42 43 56 57 59 60 61 75
42 43 56 57 59 60 61 73 74
42 43 53 59 73
42 43 53 59 71 72
42 43 53 59 61 73
42 43 53 59 61 71 72
42 43 51 59 61 73
42 43 51 59 61 71 72
42 43 48 59 73
42 43 48 59 71 72
42 43 48 59 61 71
42 43 48 59 61 71 72
42 43 48 59 61 70 71
42 43 48 59 61 69 70
42 43 48 59 61 69 70 72
42 43 48 59 61 69 70 71
42 43 48 59 61 63 73
42 43 48 59 61 63 71 72
42 43 48 59 61 62
42 43 48 59 61 62 73
42 43 48 59 61 62 71 72
42 43 48 59 60 61 73
42 43 48 59 60 61 71
42 43 48 59 60 61 70 71
42 43 48 59 60 61 69 70
42 43 48 59 60 61 69 70 72
42 43 48 59 60 61 69 70 71
42 43 48 59 60 61 63
42 43 48 58 59 61
42 43 48 58 59 60 61
42 43 48 56 57 59 61
42 43 48 56 57 59 60 61
42 43 46 59 78 79
42 43 46 59 75
42 43 46 59 73 74
42 43 46 59 61
42 43 46 59 61 78
42 43 46 59 61 78 79
42 43 46 59 61 76 77
42 43 46 59 61 63
42 43 46 59 61 62
42 43 46 59 60 61 75
42 43 46 59 60 61 73 74
42 43 46 53 59
42 43 46 53 59 61
42 43 46 51 59 61
42 43 46 48 59
42 43 46 48 59 61 63
42 43 46 48 59 61 62
42 43 46 48 59 60 61
42 43 46 47 59 61 63
42 43 46 47 59 61 63 73
42 43 46 47 59 61 63 71 72
42 43 46 47 59 61 62
42 43 46 47 59 61 62 73
42 43 46 47 59 61 62 71 72
42 43 45 59 61 71 75
42 43 45 59 61 71 73 74
42 43 45 59 61 69 70 75
42 43 45 59 61 69 70 73 74
42 43 45 59 60 61 71 75
42 43 45 59 60 61 71 73 74
42 43 45 59 60 61 69 70 75
42 43 45 59 60 61 69 70 73 74
42 43 45 48 59 61 71
42 43 45 48 59 61 69 70
42 43 45 48 59 60 61 71
42 43 45 48 59 60 61 69 70
42 43 44 59 61 75
42 43 44 59 61 73 74
42 43 44 59 61 72 75
42 43 44 59 61 72 73 74
42 43 44 59 61 70 71 75
42 43 44 59 61 70 71 73 74
42 43 44 59 60 61 75
42 43 44 59 60 61 73 74
42 43 44 59 60 61 72 75
42 43 44 59 60 61 72 73 74
42 43 44 59 60 61 70 71 75
42 43 44 59 60 61 70 71 73 74
42 43 44 48 59 61
42 43 44 48 59 61 72
42 43 44 48 59 61 70 71
42 43 44 48 59 60 61
42 43 44 48 59 60 61 72
42 43 44 48 59 60 61 70 71
42 43 44 45 59 61 75
42 43 44 45 59 61 73 74
42 43 44 45 59 60 61 75
42 43 44 45 59 60 61 73 74
42 43 44 45 48 59 61
42 43 44 45 48 59 60 61
40
40 42 57 59 61 75 78
40 42 57 59 61 75 76 77
40 42 57 59 61 73 74 78
40 42 57 59 61 73 74 76 77
40 42 57 59 60 61 75 78
40 42 57 59 60 61 75 76 77
40 42 57 59 60 61 73 74 78
40 42 57 59 60 61 73 74 76 77
40 42 51 57 59 61 75
40 42 51 57 59 61 73 74
40 42 51 57 59 60 61 75
40 42 51 57 59 60 61 73 74
40 42 48 57 59 61 78
40 42 48 57 59 61 76 77
40 42 48 57 59 60 61 78
40 42 48 57 59 60 61 76 77
40 42 48 51 57 59 61
40 42 48 51 57 59 60 61
40 41 61 73 78
40 41 61 73 76 77
40 41 61 71 72 78
40 41 61 71 72 76 77
40 41 59 73
40 41 59 73 77
40 41 59 73 75 76
40 41 59 71 72
40 41 59 71 72 77
40 41 59 71 72 75 76
40 41 59 63 73 77
40 41 59 63 73 75
40 41 59 63 73 75 76
40 41 59 63 73 74
40 41 59 63 71 72 77
40 41 59 63 71 72 75
40 41 59 63 71 72 75 76
40 41 59 63 71 72 73 74
40 41 59 61 75
40 41 59 61 73
40 41 59 61 73 77
40 41 59 61 73 75
40 41 59 61 73 75 76
40 41 59 61 71 72
40 41 59 61 71 72 77
40 41 59 61 71 72 75
40 41 59 61 71 72 75 76
40 41 59 61 71 72 73 74
40 41 59 61 64 73
40 41 59 61 64 71 72
40 41 59 61 63 65 73 75 78
40 41 59 61 63 65 73 75 76 77
40 41 59 61 63 65 73 74 78
40 41 59 61 63 65 73 74 76 77
40 41 59 61 63 65 71 72 75 78
40 41 59 61 63 65 71 72 75 76 77
40 41 59 61 63 65 71 72 73 74 78
40 41 59 61 63 65 71 72 73 74 76 77
40 41 59 61 63 64 73 75 78
40 41 59 61 63 64 73 75 76 77
40 41 59 61 63 64 73 74 78
40 41 59 61 63 64 73 74 76 77
40 41 59 61 63 64 71 72 75 78
40 41 59 61 63 64 71 72 75 76 77
40 41 59 61 63 64 71 72 73 74 78
40 41 59 61 63 64 71 72 73 74 76 77
40 41 59 61 62 73 75
40 41 59 61 62 73 74
40 41 59 61 62 71 72 75
40 41 59 61 62 71 72 73 74
40 41 59 61 62 65 73 75 78
40 41 59 61 62 65 73 75 76 77
40 41 59 61 62 65 73 74 78
40 41 59 61 62 65 73 74 76 77
40 41 59 61 62 65 71 72 75 78
40 41 59 61 62 65 71 72 75 76 77
40 41 59 61 62 65 71 72 73 74 78
40 41 59 61 62 65 71 72 73 74 76 77
40 41 59 61 62 63 73
40 41 59 61 62 63 71 72
40 41 59 61 62 63 64 73 75 78
40 41 59 61 62 63 64 73 75 76 77
40 41 59 61 62 63 64 73 74 78
40 41 59 61 62 63 64 73 74 76 77
40 41 59 61 62 63 64 71 72 75 78
40 41 59 61 62 63 64 71 72 75 76 77
40 41 59 61 62 63 64 71 72 73 74 78
40 41 59 61 62 63 64 71 72 73 74 76 77
40 41 59 60 61 73
40 41 59 60 61 73 75
40 41 59 60 61 73 74
40 41 59 60 61 71 72
40 41 59 60 61 71 72 75
40 41 59 60 61 71 72 73 74
40 41 59 60 61 64 73
40 41 59 60 61 64 71 72
40 41 59 60 61 63 73
40 41 59 60 61 63 71 72
40 41 59 60 61 62 73
40 41 59 60 61 62 71 72
40 41 59 60 61 62 63 73
40 41 59 60 61 62 63 71 72
40 41 58 59 61 73
40 41 58 59 61 71 72
40 41 57 61 75
40 41 57 61 73 74
40 41 57 61 63 73 75
40 41 57 61 63 73 74
40 41 57 61 63 71 72 75
40 41 57 61 63 71 72 73 74
40 41 57 61 62 73 75
40 41 57 61 62 73 74
40 41 57 61 62 71 72 75
40 41 57 61 62 71 72 73 74
40 41 57 60 61 73
40 41 57 60 61 71 72
40 41 57 59 61 75 78
40 41 57 59 61 75 76 77
40 41 57 59 61 73
40 41 57 59 61 73 77
40 41 57 59 61 73 75 78 79
40 41 57 59 61 73 75 76
40 41 57 59 61 73 74 78
40 41 57 59 61 73 74 78 79
40 41 57 59 61 73 74 76 77
40 41 57 59 61 71 72
40 41 57 59 61 71 72 77
40 41 57 59 61 71 72 75 78 79
40 41 57 59 61 71 72 75 76
40 41 57 59 61 71 72 73 74 78 79
40 41 57 59 61 67 75 78
40 41 57 59 61 67 75 76 77
40 41 57 59 61 67 73 74 78
40 41 57 59 61 67 73 74 76 77
40 41 57 59 61 65 66 75 78
40 41 57 59 61 65 66 75 76 77
40 41 57 59 61 65 66 73 74 78
40 41 57 59 61 65 66 73 74 76 77
40 41 57 59 60 73
40 41 57 59 60 73 75 78 79
40 41 57 59 60 73 74 78 79
40 41 57 59 60 71 72
40 41 57 59 60 71 72 75 78 79
40 41 57 59 60 71 72 73 74 78 79
40 41 57 59 60 61 75 78
40 41 57 59 60 61 75 76 77
40 41 57 59 60 61 73
40 41 57 59 60 61 73 77
40 41 57 59 60 61 73 75 76
40 41 57 59 60 61 73 74 78
40 41 57 59 60 61 73 74 76 77
40 41 57 59 60 61 71 72
40 41 57 59 60 61 71 72 77
40 41 57 59 60 61 71 72 75 76
40 41 57 59 60 61 67 75 78
40 41 57 59 60 61 67 75 76 77
40 41 57 59 60 61 67 73 74 78
40 41 57 59 60 61 67 73 74 76 77
40 41 57 59 60 61 65 66 75 78
40 41 57 59 60 61 65 66 75 76 77
40 41 57 59 60 61 65 66 73 74 78
40 41 57 59 60 61 65 66 73 74 76 77
40 41 57 58 59 73
40 41 57 58 59 71 72
40 41 57 58 59 61 73
40 41 57 58 59 61 71 72
40 41 53 57 59 61 73 75
40 41 53 57 59 61 73 74
40 41 53 57 59 61 71 72 75
40 41 53 57 59 61 71 72 73 74
40 41 53 57 59 60 73 75
40 41 53 57 59 60 73 74
40 41 53 57 59 60 71 72 75
40 41 53 57 59 60 71 72 73 74
40 41 51 61 73
40 41 51 61 71 72
40 41 51 59 61 63 65 73 75
40 41 51 59 61 63 65 73 74
40 41 51 59 61 63 65 71 72 75
40 41 51 59 61 63 65 71 72 73 74
40 41 51 59 61 63 64 73 75
40 41 51 59 61 63 64 73 74
40 41 51 59 61 63 64 71 72 75
40 41 51 59 61 63 64 71 72 73 74
40 41 51 59 61 62 65 73 75
40 41 51 59 61 62 65 73 74
40 41 51 59 61 62 65 71 72 75
40 41 51 59 61 62 65 71 72 73 74
40 41 51 59 61 62 63 64 73 75
40 41 51 59 61 62 63 64 73 74
40 41 51 59 61 62 63 64 71 72 75
40 41 51 59 61 62 63 64 71 72 73 74
40 41 51 57 59 61 75
40 41 51 57 59 61 73 74
40 41 51 57 59 61 67 75
40 41 51 57 59 61 67 73 74
40 41 51 57 59 61 65 66 75
40 41 51 57 59 61 65 66 73 74
40 41 51 57 59 60 61 75
40 41 51 57 59 60 61 73 74
40 41 51 57 59 60 61 67 75
40 41 51 57 59 60 61 67 73 74
40 41 51 57 59 60 61 65 66 75
40 41 51 57 59 60 61 65 66 73 74
40 41 50 59 73
40 41 50 59 71 72
40 41 50 59 63 73
40 41 50 59 63 71 72
40 41 50 59 61 73
40 41 50 59 61 71 72
40 41 50 57 59 61 73
40 41 50 57 59 61 71 72
40 41 50 57 59 60 61 73
40 41 50 57 59 60 61 71 72
40 41 49 59 61 73
40 41 49 59 61 71 72
40 41 49 59 60 61 73
40 41 49 59 60 61 71 72
40 41 48 59 63 73 75
40 41 48 59 63 73 74
40 41 48 59 63 71 72 75
40 41 48 59 63 71 72 73 74
40 41 48 59 61
40 41 48 59 61 63 65 73 78
40 41 48 59 61 63 65 73 76 77
40 41 48 59 61 63 65 71 72 78
40 41 48 59 61 63 65 71 72 76 77
40 41 48 59 61 63 64 73 78
40 41 48 59 61 63 64 73 76 77
40 41 48 59 61 63 64 71 72 78
40 41 48 59 61 63 64 71 72 76 77
40 41 48 59 61 62 73 75
40 41 48 59 61 62 73 74
40 41 48 59 61 62 71 72 75
40 41 48 59 61 62 71 72 73 74
40 41 48 59 61 62 65 73 78
40 41 48 59 61 62 65 73 76 77
40 41 48 59 61 62 65 71 72 78
40 41 48 59 61 62 65 71 72 76 77
40 41 48 59 61 62 63 64 73 78
40 41 48 59 61 62 63 64 73 76 77
40 41 48 59 61 62 63 64 71 72 78
40 41 48 59 61 62 63 64 71 72 76 77
40 41 48 59 60 61 73
40 41 48 59 60 61 71 72
40 41 48 57 61
40 41 48 57 61 63 73
40 41 48 57 61 63 71 72
40 41 48 57 61 62 73
40 41 48 57 61 62 71 72
40 41 48 57 59 61 78
40 41 48 57 59 61 76 77
40 41 48 57 59 61 73 78 79
40 41 48 57 59 61 71 72 78 79
40 41 48 57 59 61 67 78
40 41 48 57 59 61 67 76 77
40 41 48 57 59 61 65 66 78
40 41 48 57 59 61 65 66 76 77
40 41 48 57 59 60 73 78 79
40 41 48 57 59 60 71 72 78 79
40 41 48 57 59 60 61 78
40 41 48 57 59 60 61 76 77
40 41 48 57 59 60 61 67 78
40 41 48 57 59 60 61 67 76 77
40 41 48 57 59 60 61 65 66 78
40 41 48 57 59 60 61 65 66 76 77
40 41 48 53 57 59 61 73
40 41 48 53 57 59 61 71 72
40 41 48 53 57 59 60 73
40 41 48 53 57 59 60 71 72
40 41 48 51 59 61 63 65 73
40 41 48 51 59 61 63 65 71 72
40 41 48 51 59 61 63 64 73
40 41 48 51 59 61 63 64 71 72
40 41 48 51 59 61 62 65 73
40 41 48 51 59 61 62 65 71 72
40 41 48 51 59 61 62 63 64 73
40 41 48 51 59 61 62 63 64 71 72
40 41 48 51 57 59 61
40 41 48 51 57 59 61 67
40 41 48 51 57 59 61 65 66
40 41 48 51 57 59 60 61
40 41 48 51 57 59 60 61 67
40 41 48 51 57 59 60 61 65 66
40 41 47 48 59 61 73
40 41 47 48 59 61 71 72
40 41 47 48 59 60 61 73
40 41 47 48 59 60 61 71 72
40 41 46 61 78
40 41 46 61 76 77
40 41 46 59
40 41 46 59 77
40 41 46 59 75 76
40 41 46 59 63 77
40 41 46 59 63 75
40 41 46 59 63 75 76
40 41 46 59 63 73 74
40 41 46 59 61
40 41 46 59 61 77
40 41 46 59 61 75
40 41 46 59 61 75 76
40 41 46 59 61 73 74
40 41 46 59 61 64
40 41 46 59 61 63 65 75 78
40 41 46 59 61 63 65 75 76 77
40 41 46 59 61 63 65 73 74 78
40 41 46 59 61 63 65 73 74 76 77
40 41 46 59 61 63 64 75 78
40 41 46 59 61 63 64 75 76 77
40 41 46 59 61 63 64 73 74 78
40 41 46 59 61 63 64 73 74 76 77
40 41 46 59 61 62 75
40 41 46 59 61 62 73 74
40 41 46 59 61 62 65 75 78
40 41 46 59 61 62 65 75 76 77
40 41 46 59 61 62 65 73 74 78
40 41 46 59 61 62 65 73 74 76 77
40 41 46 59 61 62 63
40 41 46 59 61 62 63 64 75 78
40 41 46 59 61 62 63 64 75 76 77
40 41 46 59 61 62 63 64 73 74 78
40 41 46 59 61 62 63 64 73 74 76 77
40 41 46 59 60 61
40 41 46 59 60 61 75
40 41 46 59 60 61 73 74
40 41 46 59 60 61 64
40 41 46 59 60 61 63
40 41 46 59 60 61 62
40 41 46 59 60 61 62 63
40 41 46 58 59 61
40 41 46 57 61 63 75
40 41 46 57 61 63 73 74
40 41 46 57 61 62 75
40 41 46 57 61 62 73 74
40 41 46 57 60 61
40 41 46 57 59 61
40 41 46 57 59 61 77
40 41 46 57 59 61 75 78 79
40 41 46 57 59 61 75 76
40 41 46 57 59 61 73 74 78 79
40 41 46 57 59 60
40 41 46 57 59 60 75 78 79
40 41 46 57 59 60 73 74 78 79
40 41 46 57 59 60 61
40 41 46 57 59 60 61 77
40 41 46 57 59 60 61 75 76
40 41 46 57 58 59
40 41 46 57 58 59 61
40 41 46 53 57 59 61 75
40 41 46 53 57 59 61 73 74
40 41 46 53 57 59 60 75
40 41 46 53 57 59 60 73 74
40 41 46 51 61
40 41 46 51 59 61 63 65 75
40 41 46 51 59 61 63 65 73 74
40 41 46 51 59 61 63 64 75
40 41 46 51 59 61 63 64 73 74
40 41 46 51 59 61 62 65 75
40 41 46 51 59 61 62 65 73 74
40 41 46 51 59 61 62 63 64 75
40 41 46 51 59 61 62 63 64 73 74
40 41 46 50 59
40 41 46 50 59 63
40 41 46 50 59 61
40 41 46 50 57 59 61
40 41 46 50 57 59 60 61
40 41 46 49 59 61
40 41 46 49 59 60 61
40 41 46 48 59 63 75
40 41 46 48 59 63 73 74
40 41 46 48 59 61 63 65 78
40 41 46 48 59 61 63 65 76 77
40 41 46 48 59 61 63 64 78
40 41 46 48 59 61 63 64 76 77
40 41 46 48 59 61 62 75
40 41 46 48 59 61 62 73 74
40 41 46 48 59 61 62 65 78
40 41 46 48 59 61 62 65 76 77
40 41 46 48 59 61 62 63 64 78
40 41 46 48 59 61 62 63 64 76 77
40 41 46 48 59 60 61
40 41 46 48 57 61 63
40 41 46 48 57 61 62
40 41 46 48 57 59 61 78 79
40 41 46 48 57 59 60 78 79
40 41 46 48 53 57 59 61
40 41 46 48 53 57 59 60
40 41 46 48 51 59 61 63 65
40 41 46 48 51 59 61 63 64
40 41 46 48 51 59 61 62 65
40 41 46 48 51 59 61 62 63 64
40 41 46 47 59 63 75
40 41 46 47 59 63 73 75
40 41 46 47 59 63 71 72 75
40 41 46 47 59 63 71 72 73 74
40 41 46 47 59 61
40 41 46 47 59 61 73
40 41 46 47 59 61 71 72
40 41 46 47 59 61 62 75
40 41 46 47 59 61 62 73 75
40 41 46 47 59 61 62 71 72 75
40 41 46 47 59 61 62 71 72 73 74
40 41 46 47 48 59 63
40 41 46 47 48 59 63 73
40 41 46 47 48 59 63 71 72
40 41 46 47 48 59 61
40 41 46 47 48 59 61 62
40 41 46 47 48 59 61 62 73
40 41 46 47 48 59 61 62 71 72
40 41 46 47 48 59 60 61
40 41 44 59 61 73 78 79
40 41 44 59 61 71 72 78 79
40 41 44 53 59 61 73
40 41 44 53 59 61 71 72
40 41 44 46 59 61 78 79
40 41 44 46 53 59 61
40 41 42 43 59 61 73 78 79
40 41 42 43 59 61 71 72 78 79
40 41 42 43 53 59 61 73
40 41 42 43 53 59 61 71 72
40 41 42 43 46 59 61 78 79
40 41 42 43 46 53 59 61
38 42 59 61 63 73 75 78
38 42 59 61 63 73 75 76 77
38 42 59 61 63 73 74 78
38 42 59 61 63 73 74 76 77
38 42 59 61 63 71 72 75 78
38 42 59 61 63 71 72 75 76 77
38 42 59 61 63 71 72 73 74 78
38 42 59 61 63 71 72 73 74 76 77
38 42 59 61 62 73 75 78
38 42 59 61 62 73 75 76 77
38 42 59 61 62 73 74 78
38 42 59 61 62 73 74 76 77
38 42 59 61 62 71 72 75 78
38 42 59 61 62 71 72 75 76 77
38 42 59 61 62 71 72 73 74 78
38 42 59 61 62 71 72 73 74 76 77
38 42 51 59 61 63 73 75
38 42 51 59 61 63 73 74
38 42 51 59 61 63 71 72 75
38 42 51 59 61 63 71 72 73 74
38 42 51 59 61 62 73 75
38 42 51 59 61 62 73 74
38 42 51 59 61 62 71 72 75
38 42 51 59 61 62 71 72 73 74
38 42 48 59 61 63 73 78
38 42 48 59 61 63 73 76 77
38 42 48 59 61 63 71 72 78
38 42 48 59 61 63 71 72 76 77
38 42 48 59 61 62 73 78
38 42 48 59 61 62 73 76 77
38 42 48 59 61 62 71 72 78
38 42 48 59 61 62 71 72 76 77
38 42 48 51 59 61 63 73
38 42 48 51 59 61 63 71 72
38 42 48 51 59 61 62 73
38 42 48 51 59 61 62 71 72
38 42 46 59 61 63 75 78
38 42 46 59 61 63 75 76 77
38 42 46 59 61 63 73 74 78
38 42 46 59 61 63 73 74 76 77
38 42 46 59 61 62 75 78
38 42 46 59 61 62 75 76 77
38 42 46 59 61 62 73 74 78
38 42 46 59 61 62 73 74 76 77
38 42 46 51 59 61 63 75
38 42 46 51 59 61 63 73 74
38 42 46 51 59 61 62 75
38 42 46 51 59 61 62 73 74
38 42 46 48 59 61 63 78
38 42 46 48 59 61 63 76 77
38 42 46 48 59 61 62 78
38 42 46 48 59 61 62 76 77
38 42 46 48 51 59 61 63
38 42 46 48 51 59 61 62
38 40 41 59 61 63 73 75 78
38 40 41 59 61 63 73 75 76 77
38 40 41 59 61 63 73 74 78
38 40 41 59 61 63 73 74 76 77
38 40 41 59 61 63 71 72 75 78
38 40 41 59 61 63 71 72 75 76 77
38 40 41 59 61 63 71 72 73 74 78
38 40 41 59 61 63 71 72 73 74 76 77
38 40 41 59 61 62 73 75 78
38 40 41 59 61 62 73 75 76 77
38 40 41 59 61 62 73 74 78
38 40 41 59 61 62 73 74 76 77
38 40 41 59 61 62 71 72 75 78
38 40 41 59 61 62 71 72 75 76 77
38 40 41 59 61 62 71 72 73 74 78
38 40 41 59 61 62 71 72 73 74 76 77
38 40 41 51 59 61 63 73 75
38 40 41 51 59 61 63 73 74
38 40 41 51 59 61 63 71 72 75
38 40 41 51 59 61 63 71 72 73 74
38 40 41 51 59 61 62 73 75
38 40 41 51 59 61 62 73 74
38 40 41 51 59 61 62 71 72 75
38 40 41 51 59 61 62 71 72 73 74
38 40 41 48 59 61 63 73 78
38 40 41 48 59 61 63 73 76 77
38 40 41 48 59 61 63 71 72 78
38 40 41 48 59 61 63 71 72 76 77
38 40 41 48 59 61 62 73 78
38 40 41 48 59 61 62 73 76 77
38 40 41 48 59 61 62 71 72 78
38 40 41 48 59 61 62 71 72 76 77
38 40 41 48 51 59 61 63 73
38 40 41 48 51 59 61 63 71 72
38 40 41 48 51 59 61 62 73
38 40 41 48 51 59 61 62 71 72
38 40 41 46 59 61 63 75 78
38 40 41 46 59 61 63 75 76 77
38 40 41 46 59 61 63 73 74 78
38 40 41 46 59 61 63 73 74 76 77
38 40 41 46 59 61 62 75 78
38 40 41 46 59 61 62 75 76 77
38 40 41 46 59 61 62 73 74 78
38 40 41 46 59 61 62 73 74 76 77
38 40 41 46 51 59 61 63 75
38 40 41 46 51 59 61 63 73 74
38 40 41 46 51 59 61 62 75
38 40 41 46 51 59 61 62 73 74
38 40 41 46 48 59 61 63 78
38 40 41 46 48 59 61 63 76 77
38 40 41 46 48 59 61 62 78
38 40 41 46 48 59 61 62 76 77
38 40 41 46 48 51 59 61 63
38 40 41 46 48 51 59 61 62
37 42 59 61 73
37 42 59 61 71 72
37 42 59 60 61 73
37 42 59 60 61 71 72
37 42 46 59 61
37 42 46 59 60 61
37 40 41 59 61 73
37 40 41 59 61 71 72
37 40 41 59 60 61 73
37 40 41 59 60 61 71 72
37 40 41 46 59 61
37 40 41 46 59 60 61
36
36 68 69
36 67
36 67 68
36 65 66
36 61
36 61 69
36 61 69 78 79
36 61 67 68
36 61 67 68 78 79
36 59 69 71
36 59 69 71 78 79
36 59 69 70
36 59 69 70 78 79
36 59 67 68 71
36 59 67 68 71 78 79
36 59 67 68 69 70
36 59 67 68 69 70 78 79
36 53 61 69
36 53 61 67 68
36 53 59 69 71
36 53 59 69 70
36 53 59 67 68 71
36 53 59 67 68 69 70
36 44 59 69
36 44 59 69 78 79
36 44 59 67 68
36 44 59 67 68 78 79
36 44 59 61 75
36 44 59 61 73
36 44 59 61 73 74
36 44 59 61 71 72
36 44 53 59 69
36 44 53 59 67 68
36 44 48 59 61
36 44 48 59 61 73
36 44 48 59 61 71 72
36 44 46 59 61
36 44 46 48 59 61
36 44 46 47 59 61
36 44 46 47 59 61 73
36 44 46 47 59 61 71 72
36 42 68
36 42 61
36 42 61 78 79
36 42 59 73 75
36 42 59 73 74
36 42 59 71
36 42 59 71 78 79
36 42 59 71 72 75
36 42 59 71 72 73 74
36 42 59 69 70
36 42 59 69 70 78 79
36 42 59 61 65 73 75 78
36 42 59 61 65 73 75 76 77
36 42 59 61 65 73 74 78
36 42 59 61 65 73 74 76 77
36 42 59 61 65 71 72 75 78
36 42 59 61 65 71 72 75 76 77
36 42 59 61 65 71 72 73 74 78
36 42 59 61 65 71 72 73 74 76 77
36 42 59 61 63 64 73 75 78
36 42 59 61 63 64 73 75 76 77
36 42 59 61 63 64 73 74 78
36 42 59 61 63 64 73 74 76 77
36 42 59 61 63 64 71 72 75 78
36 42 59 61 63 64 71 72 75 76 77
36 42 59 61 63 64 71 72 73 74 78
36 42 59 61 63 64 71 72 73 74 76 77
36 42 59 60 61 73
36 42 59 60 61 71 72
36 42 57 61 73 75
36 42 57 61 73 74
36 42 57 61 71 72 75
36 42 57 61 71 72 73 74
36 42 53 61
36 42 53 59 71
36 42 53 59 69 70
36 42 51 59 61 65 73 75
36 42 51 59 61 65 73 74
36 42 51 59 61 65 71 72 75
36 42 51 59 61 65 71 72 73 74
36 42 51 59 61 63 64 73 75
36 42 51 59 61 63 64 73 74
36 42 51 59 61 63 64 71 72 75
36 42 51 59 61 63 64 71 72 73 74
36 42 48 59 73 75
36 42 48 59 73 74
36 42 48 59 71 72 75
36 42 48 59 71 72 73 74
36 42 48 59 61 65 73 78
36 42 48 59 61 65 73 76 77
36 42 48 59 61 65 71 72 78
36 42 48 59 61 65 71 72 76 77
36 42 48 59 61 63 64 73 78
36 42 48 59 61 63 64 73 76 77
36 42 48 59 61 63 64 71 72 78
36 42 48 59 61 63 64 71 72 76 77
36 42 48 57 61 73
36 42 48 57 61 71 72
36 42 48 51 59 61 65 73
36 42 48 51 59 61 65 71 72
36 42 48 51 59 61 63 64 73
36 42 48 51 59 61 63 64 71 72
36 42 46 59 75
36 42 46 59 73 74
36 42 46 59 61 65 75 78
36 42 46 59 61 65 75 76 77
36 42 46 59 61 65 73 74 78
36 42 46 59 61 65 73 74 76 77
36 42 46 59 61 63 64 75 78
36 42 46 59 61 63 64 75 76 77
36 42 46 59 61 63 64 73 74 78
36 42 46 59 61 63 64 73 74 76 77
36 42 46 59 60 61
36 42 46 57 61 75
36 42 46 57 61 73 74
36 42 46 51 59 61 65 75
36 42 46 51 59 61 65 73 74
36 42 46 51 59 61 63 64 75
36 42 46 51 59 61 63 64 73 74
36 42 46 48 59 75
36 42 46 48 59 73 74
36 42 46 48 59 61 65 78
36 42 46 48 59 61 65 76 77
36 42 46 48 59 61 63 64 78
36 42 46 48 59 61 63 64 76 77
36 42 46 48 57 61
36 42 46 48 51 59 61 65
36 42 46 48 51 59 61 63 64
36 42 46 47 59 75
36 42 46 47 59 73 75
36 42 46 47 59 71 72 75
36 42 46 47 59 71 72 73 74
36 42 46 47 48 59
36 42 46 47 48 59 73
36 42 46 47 48 59 71 72
36 42 44 59
36 42 44 59 78 79
36 42 44 53 59
36 42 43 59 61 75
36 42 43 59 61 73
36 42 43 59 61 73 74
36 42 43 59 61 71 72
36 42 43 48 59 61
36 42 43 48 59 61 73
36 42 43 48 59 61 71 72
36 42 43 46 59 61
36 42 43 46 48 59 61
36 42 43 46 47 59 61
36 42 43 46 47 59 61 73
36 42 43 46 47 59 61 71 72
36 40
36 40 41 59 73 75
36 40 41 59 73 74
36 40 41 59 71 72 75
36 40 41 59 71 72 73 74
36 40 41 59 61 65 73 75 78
36 40 41 59 61 65 73 75 76 77
36 40 41 59 61 65 73 74 78
36 40 41 59 61 65 73 74 76 77
36 40 41 59 61 65 71 72 75 78
36 40 41 59 61 65 71 72 75 76 77
36 40 41 59 61 65 71 72 73 74 78
36 40 41 59 61 65 71 72 73 74 76 77
36 40 41 59 61 63 64 73 75 78
36 40 41 59 61 63 64 73 75 76 77
36 40 41 59 61 63 64 73 74 78
36 40 41 59 61 63 64 73 74 76 77
36 40 41 59 61 63 64 71 72 75 78
36 40 41 59 61 63 64 71 72 75 76 77
36 40 41 59 61 63 64 71 72 73 74 78
36 40 41 59 61 63 64 71 72 73 74 76 77
36 40 41 59 60 61 73
36 40 41 59 60 61 71 72
36 40 41 57 61 73 75
36 40 41 57 61 73 74
36 40 41 57 61 71 72 75
36 40 41 57 61 71 72 73 74
36 40 41 51 59 61 65 73 75
36 40 41 51 59 61 65 73 74
36 40 41 51 59 61 65 71 72 75
36 40 41 51 59 61 65 71 72 73 74
36 40 41 51 59 61 63 64 73 75
36 40 41 51 59 61 63 64 73 74
36 40 41 51 59 61 63 64 71 72 75
36 40 41 51 59 61 63 64 71 72 73 74
36 40 41 48 59 73 75
36 40 41 48 59 73 74
36 40 41 48 59 71 72 75
36 40 41 48 59 71 72 73 74
36 40 41 48 59 61 65 73 78
36 40 41 48 59 61 65 73 76 77
36 40 41 48 59 61 65 71 72 78
36 40 41 48 59 61 65 71 72 76 77
36 40 41 48 59 61 63 64 73 78
36 40 41 48 59 61 63 64 73 76 77
36 40 41 48 59 61 63 64 71 72 78
36 40 41 48 59 61 63 64 71 72 76 77
36 40 41 48 57 61 73
36 40 41 48 57 61 71 72
36 40 41 48 51 59 61 65 73
36 40 41 48 51 59 61 65 71 72
36 40 41 48 51 59 61 63 64 73
36 40 41 48 51 59 61 63 64 71 72
36 40 41 46 59 75
36 40 41 46 59 73 74
36 40 41 46 59 61 65 75 78
36 40 41 46 59 61 65 75 76 77
36 40 41 46 59 61 65 73 74 78
36 40 41 46 59 61 65 73 74 76 77
36 40 41 46 59 61 63 64 75 78
36 40 41 46 59 61 63 64 75 76 77
36 40 41 46 59 61 63 64 73 74 78
36 40 41 46 59 61 63 64 73 74 76 77
36 40 41 46 59 60 61
36 40 41 46 57 61 75
36 40 41 46 57 61 73 74
36 40 41 46 51 59 61 65 75
36 40 41 46 51 59 61 65 73 74
36 40 41 46 51 59 61 63 64 75
36 40 41 46 51 59 61 63 64 73 74
36 40 41 46 48 59 75
36 40 41 46 48 59 73 74
36 40 41 46 48 59 61 65 78
36 40 41 46 48 59 61 65 76 77
36 40 41 46 48 59 61 63 64 78
36 40 41 46 48 59 61 63 64 76 77
36 40 41 46 48 57 61
36 40 41 46 48 51 59 61 65
36 40 41 46 48 51 59 61 63 64
36 40 41 46 47 59 75
36 40 41 46 47 59 73 75
36 40 41 46 47 59 71 72 75
36 40 41 46 47 59 71 72 73 74
36 40 41 46 47 48 59
36 40 41 46 47 48 59 73
36 40 41 46 47 48 59 71 72
36 38 42 59 61 73 75 78
36 38 42 59 61 73 75 76 77
36 38 42 59 61 73 74 78
36 38 42 59 61 73 74 76 77
36 38 42 59 61 71 72 75 78
36 38 42 59 61 71 72 75 76 77
36 38 42 59 61 71 72 73 74 78
36 38 42 59 61 71 72 73 74 76 77
36 38 42 51 59 61 73 75
36 38 42 51 59 61 73 74
36 38 42 51 59 61 71 72 75
36 38 42 51 59 61 71 72 73 74
36 38 42 48 59 61 73 78
36 38 42 48 59 61 73 76 77
36 38 42 48 59 61 71 72 78
36 38 42 48 59 61 71 72 76 77
36 38 42 48 51 59 61 73
36 38 42 48 51 59 61 71 72
36 38 42 46 59 61 75 78
36 38 42 46 59 61 75 76 77
36 38 42 46 59 61 73 74 78
36 38 42 46 59 61 73 74 76 77
36 38 42 46 51 59 61 75
36 38 42 46 51 59 61 73 74
36 38 42 46 48 59 61 78
36 38 42 46 48 59 61 76 77
36 38 42 46 48 51 59 61
36 38 40 41 59 61 73 75 78
36 38 40 41 59 61 73 75 76 77
36 38 40 41 59 61 73 74 78
36 38 40 41 59 61 73 74 76 77
36 38 40 41 59 61 71 72 75 78
36 38 40 41 59 61 71 72 75 76 77
36 38 40 41 59 61 71 72 73 74 78
36 38 40 41 59 61 71 72 73 74 76 77
36 38 40 41 51 59 61 73 75
36 38 40 41 51 59 61 73 74
36 38 40 41 51 59 61 71 72 75
36 38 40 41 51 59 61 71 72 73 74
36 38 40 41 48 59 61 73 78
36 38 40 41 48 59 61 73 76 77
36 38 40 41 48 59 61 71 72 78
36 38 40 41 48 59 61 71 72 76 77
36 38 40 41 48 51 59 61 73
36 38 40 41 48 51 59 61 71 72
36 38 40 41 46 59 61 75 78
36 38 40 41 46 59 61 75 76 77
36 38 40 41 46 59 61 73 74 78
36 38 40 41 46 59 61 73 74 76 77
36 38 40 41 46 51 59 61 75
36 38 40 41 46 51 59 61 73 74
36 38 40 41 46 48 59 61 78
36 38 40 41 46 48 59 61 76 77
36 38 40 41 46 48 51 59 61
34
34 69
34 69 78 79
34 68 69 78 79
34 67 68
34 61
34 61 69 78 79
34 61 69 71
34 61 69 70
34 61 68 69
34 61 67 68
34 61 67 68 78 79
34 61 67 68 71
34 61 67 68 69 70
34 59 69 71 78 79
34 59 69 70 78 79
34 59 68 69 71
34 59 68 69 70
34 59 67 68 71
34 59 67 68 71 78 79
34 59 67 68 69 70
34 59 67 68 69 70 78 79
34 55 68
34 55 61 69
34 55 61 67 68
34 53 69
34 53 68 69
34 53 61 69
34 53 61 67 68
34 53 59 69 71
34 53 59 69 70
34 53 59 67 68 71
34 53 59 67 68 69 70
34 44 61 69
34 44 61 67 68
34 44 59 69 78 79
34 44 59 68 69
34 44 59 67 68
34 44 59 67 68 78 79
34 44 59 61 75
34 44 59 61 73 75
34 44 59 61 72 75
34 44 59 61 72 73 74
34 44 59 61 71 75
34 44 59 61 71 73 74
34 44 59 61 69 70 75
34 44 59 61 69 70 73 74
34 44 59 61 69 70 72 75
34 44 59 61 69 70 72 73 74
34 44 59 61 69 70 71 75
34 44 59 61 69 70 71 73 74
34 44 59 61 63 75
34 44 59 61 63 73 74
34 44 58 59 61 75
34 44 58 59 61 73 74
34 44 56 57 59 61 75
34 44 56 57 59 61 73 74
34 44 53 59 69
34 44 53 59 67 68
34 44 48 59 61
34 44 48 59 61 73
34 44 48 59 61 72
34 44 48 59 61 71
34 44 48 59 61 69 70
34 44 48 59 61 69 70 72
34 44 48 59 61 69 70 71
34 44 48 59 61 63
34 44 48 58 59 61
34 44 48 56 57 59 61
34 44 46 59 61 75
34 44 46 59 61 73 74
34 44 46 48 59 61
34 44 45 59 61 75
34 44 45 59 61 73 74
34 44 45 59 61 71 75
34 44 45 59 61 71 73 74
34 44 45 59 61 69 70 75
34 44 45 59 61 69 70 73 74
34 44 45 48 59 61
34 44 45 48 59 61 71
34 44 45 48 59 61 69 70
34 42
34 42 78 79
34 42 68 78 79
34 42 61 78 79
34 42 61 71
34 42 61 69 70
34 42 61 68
34 42 59 71 78 79
34 42 59 69 70 78 79
34 42 59 68 71
34 42 59 68 69 70
34 42 59 61 73 75
34 42 59 61 73 74
34 42 59 61 71 72 75
34 42 59 61 71 72 73 74
34 42 59 61 64 73
34 42 59 61 64 71 72
34 42 59 61 63 73
34 42 59 61 63 71 72
34 42 59 61 62 73
34 42 59 61 62 71 72
34 42 59 61 62 63 73
34 42 59 61 62 63 71 72
34 42 57 59 73 75 78 79
34 42 57 59 73 74 78 79
34 42 57 59 71 72 75 78 79
34 42 57 59 71 72 73 74 78 79
34 42 57 59 61 73
34 42 57 59 61 73 77
34 42 57 59 61 73 75 76
34 42 57 59 61 71 72
34 42 57 59 61 71 72 77
34 42 57 59 61 71 72 75 76
34 42 57 59 61 67 75 78
34 42 57 59 61 67 75 76 77
34 42 57 59 61 67 73 74 78
34 42 57 59 61 67 73 74 76 77
34 42 57 59 61 65 66 75 78
34 42 57 59 61 65 66 75 76 77
34 42 57 59 61 65 66 73 74 78
34 42 57 59 61 65 66 73 74 76 77
34 42 55 61
34 42 53
34 42 53 68
34 42 53 61
34 42 53 59 71
34 42 53 59 69 70
34 42 53 57 59 73 75
34 42 53 57 59 73 74
34 42 53 57 59 71 72 75
34 42 53 57 59 71 72 73 74
34 42 51 57 59 61 67 75
34 42 51 57 59 61 67 73 74
34 42 51 57 59 61 65 66 75
34 42 51 57 59 61 65 66 73 74
34 42 50 57 59 61 73
34 42 50 57 59 61 71 72
34 42 49 59 61 73
34 42 49 59 61 71 72
34 42 48 59 61 73
34 42 48 59 61 71 72
34 42 48 57 59 73 78 79
34 42 48 57 59 71 72 78 79
34 42 48 57 59 61 67 78
34 42 48 57 59 61 67 76 77
34 42 48 57 59 61 65 66 78
34 42 48 57 59 61 65 66 76 77
34 42 48 53 57 59 73
34 42 48 53 57 59 71 72
34 42 48 51 57 59 61 67
34 42 48 51 57 59 61 65 66
34 42 47 48 59 61 73
34 42 47 48 59 61 71 72
34 42 46 59 61 75
34 42 46 59 61 73 74
34 42 46 59 61 64
34 42 46 59 61 63
34 42 46 59 61 62
34 42 46 59 61 62 63
34 42 46 57 59 75 78 79
34 42 46 57 59 73 74 78 79
34 42 46 57 59 61
34 42 46 57 59 61 77
34 42 46 57 59 61 75 76
34 42 46 53 57 59 75
34 42 46 53 57 59 73 74
34 42 46 50 57 59 61
34 42 46 49 59 61
34 42 46 48 59 61
34 42 46 48 57 59 78 79
34 42 46 48 53 57 59
34 42 46 47 48 59 61
34 42 44 61
34 42 44 59 78 79
34 42 44 59 68
34 42 44 53 59
34 42 43 59 61 73 75
34 42 43 59 61 73 74
34 42 43 59 61 71 75
34 42 43 59 61 71 73 74
34 42 43 59 61 70 71 75
34 42 43 59 61 70 71 73 74
34 42 43 59 61 69 70 75
34 42 43 59 61 69 70 73 74
34 42 43 59 61 69 70 72 75
34 42 43 59 61 69 70 72 73 74
34 42 43 59 61 69 70 71 75
34 42 43 59 61 69 70 71 73 74
34 42 43 59 61 63 75
34 42 43 59 61 63 73 74
34 42 43 58 59 61 75
34 42 43 58 59 61 73 74
34 42 43 56 57 59 61 75
34 42 43 56 57 59 61 73 74
34 42 43 48 59 61 73
34 42 43 48 59 61 71
34 42 43 48 59 61 70 71
34 42 43 48 59 61 69 70
34 42 43 48 59 61 69 70 72
34 42 43 48 59 61 69 70 71
34 42 43 48 59 61 63
34 42 43 48 58 59 61
34 42 43 48 56 57 59 61
34 42 43 46 59 61 75
34 42 43 46 59 61 73 74
34 42 43 46 48 59 61
34 42 43 45 59 61 71 75
34 42 43 45 59 61 71 73 74
34 42 43 45 59 61 69 70 75
34 42 43 45 59 61 69 70 73 74
34 42 43 45 48 59 61 71
34 42 43 45 48 59 61 69 70
34 42 43 44 59 61 75
34 42 43 44 59 61 73 74
34 42 43 44 59 61 72 75
34 42 43 44 59 61 72 73 74
34 42 43 44 59 61 70 71 75
34 42 43 44 59 61 70 71 73 74
34 42 43 44 48 59 61
34 42 43 44 48 59 61 72
34 42 43 44 48 59 61 70 71
34 42 43 44 45 59 61 75
34 42 43 44 45 59 61 73 74
34 42 43 44 45 48 59 61
34 40 42 57 59 61 75 78
34 40 42 57 59 61 75 76 77
34 40 42 57 59 61 73 74 78
34 40 42 57 59 61 73 74 76 77
34 40 42 51 57 59 61 75
34 40 42 51 57 59 61 73 74
34 40 42 48 57 59 61 78
34 40 42 48 57 59 61 76 77
34 40 42 48 51 57 59 61
34 40 41 59 61 73 75
34 40 41 59 61 73 74
34 40 41 59 61 71 72 75
34 40 41 59 61 71 72 73 74
34 40 41 59 61 64 73
34 40 41 59 61 64 71 72
34 40 41 59 61 63 73
34 40 41 59 61 63 71 72
34 40 41 59 61 62 73
34 40 41 59 61 62 71 72
34 40 41 59 61 62 63 73
34 40 41 59 61 62 63 71 72
34 40 41 57 59 73 75 78 79
34 40 41 57 59 73 74 78 79
34 40 41 57 59 71 72 75 78 79
34 40 41 57 59 71 72 73 74 78 79
34 40 41 57 59 61 75 78
34 40 41 57 59 61 75 76 77
34 40 41 57 59 61 73
34 40 41 57 59 61 73 77
34 40 41 57 59 61 73 75 76
34 40 41 57 59 61 73 74 78
34 40 41 57 59 61 73 74 76 77
34 40 41 57 59 61 71 72
34 40 41 57 59 61 71 72 77
34 40 41 57 59 61 71 72 75 76
34 40 41 57 59 61 67 75 78
34 40 41 57 59 61 67 75 76 77
34 40 41 57 59 61 67 73 74 78
34 40 41 57 59 61 67 73 74 76 77
34 40 41 57 59 61 65 66 75 78
34 40 41 57 59 61 65 66 75 76 77
34 40 41 57 59 61 65 66 73 74 78
34 40 41 57 59 61 65 66 73 74 76 77
34 40 41 53 57 59 73 75
34 40 41 53 57 59 73 74
34 40 41 53 57 59 71 72 75
34 40 41 53 57 59 71 72 73 74
34 40 41 51 57 59 61 75
34 40 41 51 57 59 61 73 74
34 40 41 51 57 59 61 67 75
34 40 41 51 57 59 61 67 73 74
34 40 41 51 57 59 61 65 66 75
34 40 41 51 57 59 61 65 66 73 74
34 40 41 50 57 59 61 73
34 40 41 50 57 59 61 71 72
34 40 41 49 59 61 73
34 40 41 49 59 61 71 72
34 40 41 48 59 61 73
34 40 41 48 59 61 71 72
34 40 41 48 57 59 73 78 79
34 40 41 48 57 59 71 72 78 79
34 40 41 48 57 59 61 78
34 40 41 48 57 59 61 76 77
34 40 41 48 57 59 61 67 78
34 40 41 48 57 59 61 67 76 77
34 40 41 48 57 59 61 65 66 78
34 40 41 48 57 59 61 65 66 76 77
34 40 41 48 53 57 59 73
34 40 41 48 53 57 59 71 72
34 40 41 48 51 57 59 61
34 40 41 48 51 57 59 61 67
34 40 41 48 51 57 59 61 65 66
34 40 41 47 48 59 61 73
34 40 41 47 48 59 61 71 72
34 40 41 46 59 61 75
34 40 41 46 59 61 73 74
34 40 41 46 59 61 64
34 40 41 46 59 61 63
34 40 41 46 59 61 62
34 40 41 46 59 61 62 63
34 40 41 46 57 59 75 78 79
34 40 41 46 57 59 73 74 78 79
34 40 41 46 57 59 61
34 40 41 46 57 59 61 77
34 40 41 46 57 59 61 75 76
34 40 41 46 53 57 59 75
34 40 41 46 53 57 59 73 74
34 40 41 46 50 57 59 61
34 40 41 46 49 59 61
34 40 41 46 48 59 61
34 40 41 46 48 57 59 78 79
34 40 41 46 48 53 57 59
34 40 41 46 47 48 59 61
34 37 42 59 61 73
34 37 42 59 61 71 72
34 37 42 46 59 61
34 37 40 41 59 61 73
34 37 40 41 59 61 71 72
34 37 40 41 46 59 61
34 36 42 59 61 73
34 36 42 59 61 71 72
34 36 42 46 59 61
34 36 40 41 59 61 73
34 36 40 41 59 61 71 72
34 36 40 41 46 59 61
33 42 59 61 73
33 42 59 61 71 72
33 42 57 61 73
33 42 57 61 71 72
33 42 57 59 73
33 42 57 59 71 72
33 42 46 59 61
33 42 46 57 61
33 42 46 57 59
33 40 41 59 61 73
33 40 41 59 61 71 72
33 40 41 57 61 73
33 40 41 57 61 71 72
33 40 41 57 59 73
33 40 41 57 59 71 72
33 40 41 46 59 61
33 40 41 46 57 61
33 40 41 46 57 59
31 44 59 61 75
31 44 59 61 73 74
31 44 59 60 61 75
31 44 59 60 61 73 74
31 44 48 59 61
31 44 48 59 60 61
31 42 43 59 61 75
31 42 43 59 61 73 74
31 42 43 59 60 61 75
31 42 43 59 60 61 73 74
31 42 43 48 59 61
31 42 43 48 59 60 61
31 34 44 59 61 75
31 34 44 59 61 73 74
31 34 44 48 59 61
31 34 42 43 59 61 75
31 34 42 43 59 61 73 74
31 34 42 43 48 59 61
30 44 59 61 75
30 44 59 61 73 74
30 44 59 61 71 75
30 44 59 61 71 73 74
30 44 59 61 69 70 75
30 44 59 61 69 70 73 74
30 44 59 60 61 75
30 44 59 60 61 73 74
30 44 59 60 61 71 75
30 44 59 60 61 71 73 74
30 44 59 60 61 69 70 75
30 44 59 60 61 69 70 73 74
30 44 48 59 61
30 44 48 59 61 71
30 44 48 59 61 69 70
30 44 48 59 60 61
30 44 48 59 60 61 71
30 44 48 59 60 61 69 70
30 42 43 59 61 71 75
30 42 43 59 61 71 73 74
30 42 43 59 61 69 70 75
30 42 43 59 61 69 70 73 74
30 42 43 59 60 61 71 75
30 42 43 59 60 61 71 73 74
30 42 43 59 60 61 69 70 75
30 42 43 59 60 61 69 70 73 74
30 42 43 48 59 61 71
30 42 43 48 59 61 69 70
30 42 43 48 59 60 61 71
30 42 43 48 59 60 61 69 70
30 42 43 44 59 61 75
30 42 43 44 59 61 73 74
30 42 43 44 59 60 61 75
30 42 43 44 59 60 61 73 74
30 42 43 44 48 59 61
30 42 43 44 48 59 60 61
30 34 44 59 61 75
30 34 44 59 61 73 74
30 34 44 59 61 71 75
30 34 44 59 61 71 73 74
30 34 44 59 61 69 70 75
30 34 44 59 61 69 70 73 74
30 34 44 59 60 61 75
30 34 44 59 60 61 73 74
30 34 44 59 60 61 71 75
30 34 44 59 60 61 71 73 74
30 34 44 59 60 61 69 70 75
30 34 44 59 60 61 69 70 73 74
30 34 44 48 59 61
30 34 44 48 59 61 71
30 34 44 48 59 61 69 70
30 34 44 48 59 60 61
30 34 44 48 59 60 61 71
30 34 44 48 59 60 61 69 70
30 34 42 43 59 61 71 75
30 34 42 43 59 61 71 73 74
30 34 42 43 59 61 69 70 75
30 34 42 43 59 61 69 70 73 74
30 34 42 43 59 60 61 71 75
30 34 42 43 59 60 61 71 73 74
30 34 42 43 59 60 61 69 70 75
30 34 42 43 59 60 61 69 70 73 74
30 34 42 43 48 59 61 71
30 34 42 43 48 59 61 69 70
30 34 42 43 48 59 60 61 71
30 34 42 43 48 59 60 61 69 70
30 34 42 43 44 59 61 75
30 34 42 43 44 59 61 73 74
30 34 42 43 44 59 60 61 75
30 34 42 43 44 59 60 61 73 74
30 34 42 43 44 48 59 61
30 34 42 43 44 48 59 60 61
29 68
28 59 69 78 79
28 59 67 68 78 79
28 53 59 69
28 53 59 67 68
28 42 59 78 79
28 42 53 59
28 29 44 59 61 75
28 29 44 59 61 73 74
28 29 44 59 61 71 75
28 29 44 59 61 71 73 74
28 29 44 59 61 69 70 75
28 29 44 59 61 69 70 73 74
28 29 44 59 60 61 75
28 29 44 59 60 61 73 74
28 29 44 59 60 61 71 75
28 29 44 59 60 61 71 73 74
28 29 44 59 60 61 69 70 75
28 29 44 59 60 61 69 70 73 74
28 29 44 48 59 61
28 29 44 48 59 61 71
28 29 44 48 59 61 69 70
28 29 44 48 59 60 61
28 29 44 48 59 60 61 71
28 29 44 48 59 60 61 69 70
28 29 42 43 59 61 71 75
28 29 42 43 59 61 71 73 74
28 29 42 43 59 61 69 70 75
28 29 42 43 59 61 69 70 73 74
28 29 42 43 59 60 61 71 75
28 29 42 43 59 60 61 71 73 74
28 29 42 43 59 60 61 69 70 75
28 29 42 43 59 60 61 69 70 73 74
28 29 42 43 48 59 61 71
28 29 42 43 48 59 61 69 70
28 29 42 43 48 59 60 61 71
28 29 42 43 48 59 60 61 69 70
28 29 42 43 44 59 61 75
28 29 42 43 44 59 61 73 74
28 29 42 43 44 59 60 61 75
28 29 42 43 44 59 60 61 73 74
28 29 42 43 44 48 59 61
28 29 42 43 44 48 59 60 61
28 29 34 44 59 61 75
28 29 34 44 59 61 73 74
28 29 34 44 59 61 71 75
28 29 34 44 59 61 71 73 74
28 29 34 44 59 61 69 70 75
28 29 34 44 59 61 69 70 73 74
28 29 34 44 59 60 61 75
28 29 34 44 59 60 61 73 74
28 29 34 44 59 60 61 71 75
28 29 34 44 59 60 61 71 73 74
28 29 34 44 59 60 61 69 70 75
28 29 34 44 59 60 61 69 70 73 74
28 29 34 44 48 59 61
28 29 34 44 48 59 61 71
28 29 34 44 48 59 61 69 70
28 29 34 44 48 59 60 61
28 29 34 44 48 59 60 61 71
28 29 34 44 48 59 60 61 69 70
28 29 34 42 43 59 61 71 75
28 29 34 42 43 59 61 71 73 74
28 29 34 42 43 59 61 69 70 75
28 29 34 42 43 59 61 69 70 73 74
28 29 34 42 43 59 60 61 71 75
28 29 34 42 43 59 60 61 71 73 74
28 29 34 42 43 59 60 61 69 70 75
28 29 34 42 43 59 60 61 69 70 73 74
28 29 34 42 43 48 59 61 71
28 29 34 42 43 48 59 61 69 70
28 29 34 42 43 48 59 60 61 71
28 29 34 42 43 48 59 60 61 69 70
28 29 34 42 43 44 59 61 75
28 29 34 42 43 44 59 61 73 74
28 29 34 42 43 44 59 60 61 75
28 29 34 42 43 44 59 60 61 73 74
28 29 34 42 43 44 48 59 61
28 29 34 42 43 44 48 59 60 61
22 42 59 61 73
22 42 59 61 71 72
22 42 59 60 61 73
22 42 59 60 61 71 72
22 42 46 59 61
22 42 46 59 60 61
22 40 41 59 61 73
22 40 41 59 61 71 72
22 40 41 59 60 61 73
22 40 41 59 60 61 71 72
22 40 41 46 59 61
22 40 41 46 59 60 61
22 34 42 59 61 73
22 34 42 59 61 71 72
22 34 42 46 59 61
22 34 40 41 59 61 73
22 34 40 41 59 61 71 72
22 34 40 41 46 59 61
21 44 59 61 63 73
21 44 59 61 63 71 72
21 44 59 61 62 73
21 44 59 61 62 71 72
21 44 46 59 61 63
21 44 46 59 61 62
21 42 59 63 73 75
21 42 59 63 73 74
21 42 59 63 71 72 75
21 42 59 63 71 72 73 74
21 42 59 61 73
21 42 59 61 71 72
21 42 59 61 62 73 75
21 42 59 61 62 73 74
21 42 59 61 62 71 72 75
21 42 59 61 62 71 72 73 74
21 42 48 59 63 73
21 42 48 59 63 71 72
21 42 48 59 61 62 73
21 42 48 59 61 62 71 72
21 42 46 59 63 75
21 42 46 59 63 73 74
21 42 46 59 61
21 42 46 59 61 62 75
21 42 46 59 61 62 73 74
21 42 46 48 59 63
21 42 46 48 59 61 62
21 42 43 59 61 63 73
21 42 43 59 61 63 71 72
21 42 43 59 61 62 73
21 42 43 59 61 62 71 72
21 42 43 46 59 61 63
21 42 43 46 59 61 62
21 40 41 59 63 73 75
21 40 41 59 63 73 74
21 40 41 59 63 71 72 75
21 40 41 59 63 71 72 73 74
21 40 41 59 61 73
21 40 41 59 61 71 72
21 40 41 59 61 62 73 75
21 40 41 59 61 62 73 74
21 40 41 59 61 62 71 72 75
21 40 41 59 61 62 71 72 73 74
21 40 41 48 59 63 73
21 40 41 48 59 63 71 72
21 40 41 48 59 61 62 73
21 40 41 48 59 61 62 71 72
21 40 41 46 59 63 75
21 40 41 46 59 63 73 74
21 40 41 46 59 61
21 40 41 46 59 61 62 75
21 40 41 46 59 61 62 73 74
21 40 41 46 48 59 63
21 40 41 46 48 59 61 62
21 36 44 59 61 73
21 36 44 59 61 71 72
21 36 44 46 59 61
21 36 42 59 73 75
21 36 42 59 73 74
21 36 42 59 71 72 75
21 36 42 59 71 72 73 74
21 36 42 48 59 73
21 36 42 48 59 71 72
21 36 42 46 59 75
21 36 42 46 59 73 74
21 36 42 46 48 59
21 36 42 43 59 61 73
21 36 42 43 59 61 71 72
21 36 42 43 46 59 61
21 36 40 41 59 73 75
21 36 40 41 59 73 74
21 36 40 41 59 71 72 75
21 36 40 41 59 71 72 73 74
21 36 40 41 48 59 73
21 36 40 41 48 59 71 72
21 36 40 41 46 59 75
21 36 40 41 46 59 73 74
21 36 40 41 46 48 59
18 30 44 59 61 75
18 30 44 59 61 73 74
18 30 44 59 61 71 75
18 30 44 59 61 71 73 74
18 30 44 59 61 69 70 75
18 30 44 59 61 69 70 73 74
18 30 44 59 60 61 75
18 30 44 59 60 61 73 74
18 30 44 59 60 61 71 75
18 30 44 59 60 61 71 73 74
18 30 44 59 60 61 69 70 75
18 30 44 59 60 61 69 70 73 74
18 30 44 48 59 61
18 30 44 48 59 61 71
18 30 44 48 59 61 69 70
18 30 44 48 59 60 61
18 30 44 48 59 60 61 71
18 30 44 48 59 60 61 69 70
18 30 42 43 59 61 71 75
18 30 42 43 59 61 71 73 74
18 30 42 43 59 61 69 70 75
18 30 42 43 59 61 69 70 73 74
18 30 42 43 59 60 61 71 75
18 30 42 43 59 60 61 71 73 74
18 30 42 43 59 60 61 69 70 75
18 30 42 43 59 60 61 69 70 73 74
18 30 42 43 48 59 61 71
18 30 42 43 48 59 61 69 70
18 30 42 43 48 59 60 61 71
18 30 42 43 48 59 60 61 69 70
18 30 42 43 44 59 61 75
18 30 42 43 44 59 61 73 74
18 30 42 43 44 59 60 61 75
18 30 42 43 44 59 60 61 73 74
18 30 42 43 44 48 59 61
18 30 42 43 44 48 59 60 61
18 30 34 44 59 61 75
18 30 34 44 59 61 73 74
18 30 34 44 59 61 71 75
18 30 34 44 59 61 71 73 74
18 30 34 44 59 61 69 70 75
18 30 34 44 59 61 69 70 73 74
18 30 34 44 48 59 61
18 30 34 44 48 59 61 71
18 30 34 44 48 59 61 69 70
18 30 34 42 43 59 61 71 75
18 30 34 42 43 59 61 71 73 74
18 30 34 42 43 59 61 69 70 75
18 30 34 42 43 59 61 69 70 73 74
18 30 34 42 43 48 59 61 71
18 30 34 42 43 48 59 61 69 70
18 30 34 42 43 44 59 61 75
18 30 34 42 43 44 59 61 73 74
18 30 34 42 43 44 48 59 61
18 28 29 44 59 61 75
18 28 29 44 59 61 73 74
18 28 29 44 59 61 71 75
18 28 29 44 59 61 71 73 74
18 28 29 44 59 61 69 70 75
18 28 29 44 59 61 69 70 73 74
18 28 29 44 59 60 61 75
18 28 29 44 59 60 61 73 74
18 28 29 44 59 60 61 71 75
18 28 29 44 59 60 61 71 73 74
18 28 29 44 59 60 61 69 70 75
18 28 29 44 59 60 61 69 70 73 74
18 28 29 44 48 59 61
18 28 29 44 48 59 61 71
18 28 29 44 48 59 61 69 70
18 28 29 44 48 59 60 61
18 28 29 44 48 59 60 61 71
18 28 29 44 48 59 60 61 69 70
18 28 29 42 43 59 61 71 75
18 28 29 42 43 59 61 71 73 74
18 28 29 42 43 59 61 69 70 75
18 28 29 42 43 59 61 69 70 73 74
18 28 29 42 43 59 60 61 71 75
18 28 29 42 43 59 60 61 71 73 74
18 28 29 42 43 59 60 61 69 70 75
18 28 29 42 43 59 60 61 69 70 73 74
18 28 29 42 43 48 59 61 71
18 28 29 42 43 48 59 61 69 70
18 28 29 42 43 48 59 60 61 71
18 28 29 42 43 48 59 60 61 69 70
18 28 29 42 43 44 59 61 75
18 28 29 42 43 44 59 61 73 74
18 28 29 42 43 44 59 60 61 75
18 28 29 42 43 44 59 60 61 73 74
18 28 29 42 43 44 48 59 61
18 28 29 42 43 44 48 59 60 61
18 28 29 34 44 59 61 75
18 28 29 34 44 59 61 73 74
18 28 29 34 44 59 61 71 75
18 28 29 34 44 59 61 71 73 74
18 28 29 34 44 59 61 69 70 75
18 28 29 34 44 59 61 69 70 73 74
18 28 29 34 44 48 59 61
18 28 29 34 44 48 59 61 71
18 28 29 34 44 48 59 61 69 70
18 28 29 34 42 43 59 61 71 75
18 28 29 34 42 43 59 61 71 73 74
18 28 29 34 42 43 59 61 69 70 75
18 28 29 34 42 43 59 61 69 70 73 74
18 28 29 34 42 43 48 59 61 71
18 28 29 34 42 43 48 59 61 69 70
18 28 29 34 42 43 44 59 61 75
18 28 29 34 42 43 44 59 61 73 74
18 28 29 34 42 43 44 48 59 61
17 59 73 78 79
17 59 73 75
17 59 73 74
17 59 71 72 78 79
17 59 71 72 75
17 59 71 72 73 74
17 59 61
17 59 61 73
17 59 61 73 78
17 59 61 73 76 77
17 59 61 71 75
17 59 61 71 73 74
17 59 61 71 72
17 59 61 71 72 78
17 59 61 71 72 76 77
17 59 61 71 72 75
17 59 61 71 72 73 74
17 59 61 70 71 75
17 59 61 70 71 73 74
17 59 61 69 70 75
17 59 61 69 70 73 74
17 59 61 69 70 72 75
17 59 61 69 70 72 73 74
17 59 61 69 70 71 75
17 59 61 69 70 71 73 74
17 59 61 63 73
17 59 61 63 71 72
17 59 61 62 75
17 59 61 62 73
17 59 61 62 73 74
17 59 61 62 71 72
17 59 60 61 73 75
17 59 60 61 73 74
17 59 60 61 71 75
17 59 60 61 71 73 74
17 59 60 61 70 71 75
17 59 60 61 70 71 73 74
17 59 60 61 69 70 75
17 59 60 61 69 70 73 74
17 59 60 61 69 70 72 75
17 59 60 61 69 70 72 73 74
17 59 60 61 69 70 71 75
17 59 60 61 69 70 71 73 74
17 59 60 61 63 75
17 59 60 61 63 73 74
17 58 59 61 75
17 58 59 61 73 74
17 58 59 60 61 75
17 58 59 60 61 73 74
17 56 57 59 61 75
17 56 57 59 61 73 74
17 56 57 59 60 61 75
17 56 57 59 60 61 73 74
17 53 59 73
17 53 59 71 72
17 51 59 61 73
17 51 59 61 71 72
17 48 59 73
17 48 59 71 72
17 48 59 61 71
17 48 59 61 71 72
17 48 59 61 70 71
17 48 59 61 69 70
17 48 59 61 69 70 72
17 48 59 61 69 70 71
17 48 59 61 63 73
17 48 59 61 63 71 72
17 48 59 61 62
17 48 59 61 62 73
17 48 59 61 62 71 72
17 48 59 60 61 73
17 48 59 60 61 71
17 48 59 60 61 70 71
17 48 59 60 61 69 70
17 48 59 60 61 69 70 72
17 48 59 60 61 69 70 71
17 48 59 60 61 63
17 48 58 59 61
17 48 58 59 60 61
17 48 56 57 59 61
17 48 56 57 59 60 61
17 46 59 78 79
17 46 59 75
17 46 59 73 74
17 46 59 61
17 46 59 61 78
17 46 59 61 76 77
17 46 59 61 63
17 46 59 61 62
17 46 59 60 61 75
17 46 59 60 61 73 74
17 46 53 59
17 46 51 59 61
17 46 48 59
17 46 48 59 61 63
17 46 48 59 61 62
17 46 48 59 60 61
17 46 47 59 61 63
17 46 47 59 61 63 73
17 46 47 59 61 63 71 72
17 46 47 59 61 62
17 46 47 59 61 62 73
17 46 47 59 61 62 71 72
17 45 59 61 71 75
17 45 59 61 71 73 74
17 45 59 61 69 70 75
17 45 59 61 69 70 73 74
17 45 59 60 61 71 75
17 45 59 60 61 71 73 74
17 45 59 60 61 69 70 75
17 45 59 60 61 69 70 73 74
17 45 48 59 61 71
17 45 48 59 61 69 70
17 45 48 59 60 61 71
17 45 48 59 60 61 69 70
17 44 59 61 75
17 44 59 61 73 74
17 44 59 61 72 75
17 44 59 61 72 73 74
17 44 59 61 70 71 75
17 44 59 61 70 71 73 74
17 44 59 60 61 75
17 44 59 60 61 73 74
17 44 59 60 61 72 75
17 44 59 60 61 72 73 74
17 44 59 60 61 70 71 75
17 44 59 60 61 70 71 73 74
17 44 48 59 61
17 44 48 59 61 72
17 44 48 59 61 70 71
17 44 48 59 60 61
17 44 48 59 60 61 72
17 44 48 59 60 61 70 71
17 44 45 59 61 75
17 44 45 59 61 73 74
17 44 45 59 60 61 75
17 44 45 59 60 61 73 74
17 44 45 48 59 61
17 44 45 48 59 60 61
17 42 59 61 73 78 79
17 42 59 61 71 72 78 79
17 42 53 59 61 73
17 42 53 59 61 71 72
17 42 46 59 61 78 79
17 42 46 53 59 61
17 40 41 59 61 73 78 79
17 40 41 59 61 71 72 78 79
17 40 41 53 59 61 73
17 40 41 53 59 61 71 72
17 40 41 46 59 61 78 79
17 40 41 46 53 59 61
17 36 59 61 75
17 36 59 61 73
17 36 59 61 73 74
17 36 59 61 71 72
17 36 48 59 61
17 36 48 59 61 73
17 36 48 59 61 71 72
17 36 46 59 61
17 36 46 48 59 61
17 36 46 47 59 61
17 36 46 47 59 61 73
17 36 46 47 59 61 71 72
17 34 59 61 73 75
17 34 59 61 73 74
17 34 59 61 71 75
17 34 59 61 71 73 74
17 34 59 61 70 71 75
17 34 59 61 70 71 73 74
17 34 59 61 69 70 75
17 34 59 61 69 70 73 74
17 34 59 61 69 70 72 75
17 34 59 61 69 70 72 73 74
17 34 59 61 69 70 71 75
17 34 59 61 69 70 71 73 74
17 34 59 61 63 75
17 34 59 61 63 73 74
17 34 58 59 61 75
17 34 58 59 61 73 74
17 34 56 57 59 61 75
17 34 56 57 59 61 73 74
17 34 48 59 61 73
17 34 48 59 61 71
17 34 48 59 61 70 71
17 34 48 59 61 69 70
17 34 48 59 61 69 70 72
17 34 48 59 61 69 70 71
17 34 48 59 61 63
17 34 48 58 59 61
17 34 48 56 57 59 61
17 34 46 59 61 75
17 34 46 59 61 73 74
17 34 46 48 59 61
17 34 45 59 61 71 75
17 34 45 59 61 71 73 74
17 34 45 59 61 69 70 75
17 34 45 59 61 69 70 73 74
17 34 45 48 59 61 71
17 34 45 48 59 61 69 70
17 34 44 59 61 75
17 34 44 59 61 73 74
17 34 44 59 61 72 75
17 34 44 59 61 72 73 74
17 34 44 59 61 70 71 75
17 34 44 59 61 70 71 73 74
17 34 44 48 59 61
17 34 44 48 59 61 72
17 34 44 48 59 61 70 71
17 34 44 45 59 61 75
17 34 44 45 59 61 73 74
17 34 44 45 48 59 61
17 31 59 61 75
17 31 59 61 73 74
17 31 59 60 61 75
17 31 59 60 61 73 74
17 31 48 59 61
17 31 48 59 60 61
17 31 34 59 61 75
17 31 34 59 61 73 74
17 31 34 48 59 61
17 30 59 61 71 75
17 30 59 61 71 73 74
17 30 59 61 69 70 75
17 30 59 61 69 70 73 74
17 30 59 60 61 71 75
17 30 59 60 61 71 73 74
17 30 59 60 61 69 70 75
17 30 59 60 61 69 70 73 74
17 30 48 59 61 71
17 30 48 59 61 69 70
17 30 48 59 60 61 71
17 30 48 59 60 61 69 70
17 30 44 59 61 75
17 30 44 59 61 73 74
17 30 44 59 60 61 75
17 30 44 59 60 61 73 74
17 30 44 48 59 61
17 30 44 48 59 60 61
17 30 34 59 61 71 75
17 30 34 59 61 71 73 74
17 30 34 59 61 69 70 75
17 30 34 59 61 69 70 73 74
17 30 34 59 60 61 71 75
17 30 34 59 60 61 71 73 74
17 30 34 59 60 61 69 70 75
17 30 34 59 60 61 69 70 73 74
17 30 34 48 59 61 71
17 30 34 48 59 61 69 70
17 30 34 48 59 60 61 71
17 30 34 48 59 60 61 69 70
17 30 34 44 59 61 75
17 30 34 44 59 61 73 74
17 30 34 44 59 60 61 75
17 30 34 44 59 60 61 73 74
17 30 34 44 48 59 61
17 30 34 44 48 59 60 61
17 28 29 59 61 71 75
17 28 29 59 61 71 73 74
17 28 29 59 61 69 70 75
17 28 29 59 61 69 70 73 74
17 28 29 59 60 61 71 75
17 28 29 59 60 61 71 73 74
17 28 29 59 60 61 69 70 75
17 28 29 59 60 61 69 70 73 74
17 28 29 48 59 61 71
17 28 29 48 59 61 69 70
17 28 29 48 59 60 61 71
17 28 29 48 59 60 61 69 70
17 28 29 44 59 61 75
17 28 29 44 59 61 73 74
17 28 29 44 59 60 61 75
17 28 29 44 59 60 61 73 74
17 28 29 44 48 59 61
17 28 29 44 48 59 60 61
17 28 29 34 59 61 71 75
17 28 29 34 59 61 71 73 74
17 28 29 34 59 61 69 70 75
17 28 29 34 59 61 69 70 73 74
17 28 29 34 59 60 61 71 75
17 28 29 34 59 60 61 71 73 74
17 28 29 34 59 60 61 69 70 75
17 28 29 34 59 60 61 69 70 73 74
17 28 29 34 48 59 61 71
17 28 29 34 48 59 61 69 70
17 28 29 34 48 59 60 61 71
17 28 29 34 48 59 60 61 69 70
17 28 29 34 44 59 61 75
17 28 29 34 44 59 61 73 74
17 28 29 34 44 59 60 61 75
17 28 29 34 44 59 60 61 73 74
17 28 29 34 44 48 59 61
17 28 29 34 44 48 59 60 61
17 21 59 61 63 73
17 21 59 61 63 71 72
17 21 59 61 62 73
17 21 59 61 62 71 72
17 21 46 59 61 63
17 21 46 59 61 62
17 21 36 59 61 73
17 21 36 59 61 71 72
17 21 36 46 59 61
17 18 30 59 61 71 75
17 18 30 59 61 71 73 74
17 18 30 59 61 69 70 75
17 18 30 59 61 69 70 73 74
17 18 30 59 60 61 71 75
17 18 30 59 60 61 71 73 74
17 18 30 59 60 61 69 70 75
17 18 30 59 60 61 69 70 73 74
17 18 30 48 59 61 71
17 18 30 48 59 61 69 70
17 18 30 48 59 60 61 71
17 18 30 48 59 60 61 69 70
17 18 30 44 59 61 75
17 18 30 44 59 61 73 74
17 18 30 44 59 60 61 75
17 18 30 44 59 60 61 73 74
17 18 30 44 48 59 61
17 18 30 44 48 59 60 61
17 18 30 34 59 61 71 75
17 18 30 34 59 61 71 73 74
17 18 30 34 59 61 69 70 75
17 18 30 34 59 61 69 70 73 74
17 18 30 34 48 59 61 71
17 18 30 34 48 59 61 69 70
17 18 30 34 44 59 61 75
17 18 30 34 44 59 61 73 74
17 18 30 34 44 48 59 61
17 18 28 29 59 61 71 75
17 18 28 29 59 61 71 73 74
17 18 28 29 59 61 69 70 75
17 18 28 29 59 61 69 70 73 74
17 18 28 29 59 60 61 71 75
17 18 28 29 59 60 61 71 73 74
17 18 28 29 59 60 61 69 70 75
17 18 28 29 59 60 61 69 70 73 74
17 18 28 29 48 59 61 71
17 18 28 29 48 59 61 69 70
17 18 28 29 48 59 60 61 71
17 18 28 29 48 59 60 61 69 70
17 18 28 29 44 59 61 75
17 18 28 29 44 59 61 73 74
17 18 28 29 44 59 60 61 75
17 18 28 29 44 59 60 61 73 74
17 18 28 29 44 48 59 61
17 18 28 29 44 48 59 60 61
17 18 28 29 34 59 61 71 75
17 18 28 29 34 59 61 71 73 74
17 18 28 29 34 59 61 69 70 75
17 18 28 29 34 59 61 69 70 73 74
17 18 28 29 34 48 59 61 71
17 18 28 29 34 48 59 61 69 70
17 18 28 29 34 44 59 61 75
17 18 28 29 34 44 59 61 73 74
17 18 28 29 34 44 48 59 61
16 17 30 59 61 71 75
16 17 30 59 61 71 73 74
16 17 30 59 61 69 70 75
16 17 30 59 61 69 70 73 74
16 17 30 59 60 61 71 75
16 17 30 59 60 61 71 73 74
16 17 30 59 60 61 69 70 75
16 17 30 59 60 61 69 70 73 74
16 17 30 48 59 61 71
16 17 30 48 59 61 69 70
16 17 30 48 59 60 61 71
16 17 30 48 59 60 61 69 70
16 17 30 44 59 61 71 75
16 17 30 44 59 61 71 73 74
16 17 30 44 59 61 69 70 75
16 17 30 44 59 61 69 70 73 74
16 17 30 44 59 60 61 71 75
16 17 30 44 59 60 61 71 73 74
16 17 30 44 59 60 61 69 70 75
16 17 30 44 59 60 61 69 70 73 74
16 17 30 44 48 59 61 71
16 17 30 44 48 59 61 69 70
16 17 30 44 48 59 60 61 71
16 17 30 44 48 59 60 61 69 70
16 17 30 42 43 59 61 71 75
16 17 30 42 43 59 61 71 73 74
16 17 30 42 43 59 61 69 70 75
16 17 30 42 43 59 61 69 70 73 74
16 17 30 42 43 59 60 61 71 75
16 17 30 42 43 59 60 61 71 73 74
16 17 30 42 43 59 60 61 69 70 75
16 17 30 42 43 59 60 61 69 70 73 74
16 17 30 42 43 48 59 61 71
16 17 30 42 43 48 59 61 69 70
16 17 30 42 43 48 59 60 61 71
16 17 30 42 43 48 59 60 61 69 70
16 17 30 42 43 44 59 61 75
16 17 30 42 43 44 59 61 73 74
16 17 30 42 43 44 59 60 61 75
16 17 30 42 43 44 59 60 61 73 74
16 17 30 42 43 44 48 59 61
16 17 30 42 43 44 48 59 60 61
16 17 30 34 59 61 71 75
16 17 30 34 59 61 71 73 74
16 17 30 34 59 61 69 70 75
16 17 30 34 59 61 69 70 73 74
16 17 30 34 48 59 61 71
16 17 30 34 48 59 61 69 70
16 17 30 34 44 59 61 71 75
16 17 30 34 44 59 61 71 73 74
16 17 30 34 44 59 61 69 70 75
16 17 30 34 44 59 61 69 70 73 74
16 17 30 34 44 48 59 61 71
16 17 30 34 44 48 59 61 69 70
16 17 30 34 42 43 59 61 71 75
16 17 30 34 42 43 59 61 71 73 74
16 17 30 34 42 43 59 61 69 70 75
16 17 30 34 42 43 59 61 69 70 73 74
16 17 30 34 42 43 48 59 61 71
16 17 30 34 42 43 48 59 61 69 70
16 17 30 34 42 43 44 59 61 75
16 17 30 34 42 43 44 59 61 73 74
16 17 30 34 42 43 44 48 59 61
16 17 28 29 59 61 71 75
16 17 28 29 59 61 71 73 74
16 17 28 29 59 61 69 70 75
16 17 28 29 59 61 69 70 73 74
16 17 28 29 59 60 61 71 75
16 17 28 29 59 60 61 71 73 74
16 17 28 29 59 60 61 69 70 75
16 17 28 29 59 60 61 69 70 73 74
16 17 28 29 48 59 61 71
16 17 28 29 48 59 61 69 70
16 17 28 29 48 59 60 61 71
16 17 28 29 48 59 60 61 69 70
16 17 28 29 44 59 61 71 75
16 17 28 29 44 59 61 71 73 74
16 17 28 29 44 59 61 69 70 75
16 17 28 29 44 59 61 69 70 73 74
16 17 28 29 44 59 60 61 71 75
16 17 28 29 44 59 60 61 71 73 74
16 17 28 29 44 59 60 61 69 70 75
16 17 28 29 44 59 60 61 69 70 73 74
16 17 28 29 44 48 59 61 71
16 17 28 29 44 48 59 61 69 70
16 17 28 29 44 48 59 60 61 71
16 17 28 29 44 48 59 60 61 69 70
16 17 28 29 42 43 59 61 71 75
16 17 28 29 42 43 59 61 71 73 74
16 17 28 29 42 43 59 61 69 70 75
16 17 28 29 42 43 59 61 69 70 73 74
16 17 28 29 42 43 59 60 61 71 75
16 17 28 29 42 43 59 60 61 71 73 74
16 17 28 29 42 43 59 60 61 69 70 75
16 17 28 29 42 43 59 60 61 69 70 73 74
16 17 28 29 42 43 48 59 61 71
16 17 28 29 42 43 48 59 61 69 70
16 17 28 29 42 43 48 59 60 61 71
16 17 28 29 42 43 48 59 60 61 69 70
16 17 28 29 42 43 44 59 61 75
16 17 28 29 42 43 44 59 61 73 74
16 17 28 29 42 43 44 59 60 61 75
16 17 28 29 42 43 44 59 60 61 73 74
16 17 28 29 42 43 44 48 59 61
16 17 28 29 42 43 44 48 59 60 61
16 17 28 29 34 59 61 71 75
16 17 28 29 34 59 61 71 73 74
16 17 28 29 34 59 61 69 70 75
16 17 28 29 34 59 61 69 70 73 74
16 17 28 29 34 48 59 61 71
16 17 28 29 34 48 59 61 69 70
16 17 28 29 34 44 59 61 71 75
16 17 28 29 34 44 59 61 71 73 74
16 17 28 29 34 44 59 61 69 70 75
16 17 28 29 34 44 59 61 69 70 73 74
16 17 28 29 34 44 48 59 61 71
16 17 28 29 34 44 48 59 61 69 70
16 17 28 29 34 42 43 59 61 71 75
16 17 28 29 34 42 43 59 61 71 73 74
16 17 28 29 34 42 43 59 61 69 70 75
16 17 28 29 34 42 43 59 61 69 70 73 74
16 17 28 29 34 42 43 48 59 61 71
16 17 28 29 34 42 43 48 59 61 69 70
16 17 28 29 34 42 43 44 59 61 75
16 17 28 29 34 42 43 44 59 61 73 74
16 17 28 29 34 42 43 44 48 59 61
15 61 73 78
15 61 73 76 77
15 61 71 72 78
15 61 71 72 76 77
15 59 73
15 59 73 77
15 59 73 75 76
15 59 71 72
15 59 71 72 77
15 59 71 72 75 76
15 59 63 73 77
15 59 63 73 75
15 59 63 73 75 76
15 59 63 73 74
15 59 63 71 72 77
15 59 63 71 72 75
15 59 63 71 72 75 76
15 59 63 71 72 73 74
15 59 61 75
15 59 61 73
15 59 61 73 77
15 59 61 73 75
15 59 61 73 75 76
15 59 61 71 72
15 59 61 71 72 77
15 59 61 71 72 75
15 59 61 71 72 75 76
15 59 61 71 72 73 74
15 59 61 64 73
15 59 61 64 71 72
15 59 61 63 65 73 75 78
15 59 61 63 65 73 75 76 77
15 59 61 63 65 73 74 78
15 59 61 63 65 73 74 76 77
15 59 61 63 65 71 72 75 78
15 59 61 63 65 71 72 75 76 77
15 59 61 63 65 71 72 73 74 78
15 59 61 63 65 71 72 73 74 76 77
15 59 61 63 64 73 75 78
15 59 61 63 64 73 75 76 77
15 59 61 63 64 73 74 78
15 59 61 63 64 73 74 76 77
15 59 61 63 64 71 72 75 78
15 59 61 63 64 71 72 75 76 77
15 59 61 63 64 71 72 73 74 78
15 59 61 63 64 71 72 73 74 76 77
15 59 61 62 73 75
15 59 61 62 73 74
15 59 61 62 71 72 75
15 59 61 62 71 72 73 74
15 59 61 62 65 73 75 78
15 59 61 62 65 73 75 76 77
15 59 61 62 65 73 74 78
15 59 61 62 65 73 74 76 77
15 59 61 62 65 71 72 75 78
15 59 61 62 65 71 72 75 76 77
15 59 61 62 65 71 72 73 74 78
15 59 61 62 65 71 72 73 74 76 77
15 59 61 62 63 73
15 59 61 62 63 71 72
15 59 61 62 63 64 73 75 78
15 59 61 62 63 64 73 75 76 77
15 59 61 62 63 64 73 74 78
15 59 61 62 63 64 73 74 76 77
15 59 61 62 63 64 71 72 75 78
15 59 61 62 63 64 71 72 75 76 77
15 59 61 62 63 64 71 72 73 74 78
15 59 61 62 63 64 71 72 73 74 76 77
15 59 60 61 73
15 59 60 61 73 75
15 59 60 61 73 74
15 59 60 61 71 72
15 59 60 61 71 72 75
15 59 60 61 71 72 73 74
15 59 60 61 64 73
15 59 60 61 64 71 72
15 59 60 61 63 73
15 59 60 61 63 71 72
15 59 60 61 62 73
15 59 60 61 62 71 72
15 59 60 61 62 63 73
15 59 60 61 62 63 71 72
15 58 59 61 73
15 58 59 61 71 72
15 57 61 75
15 57 61 73 74
15 57 61 63 73 75
15 57 61 63 73 74
15 57 61 63 71 72 75
15 57 61 63 71 72 73 74
15 57 61 62 73 75
15 57 61 62 73 74
15 57 61 62 71 72 75
15 57 61 62 71 72 73 74
15 57 60 61 73
15 57 60 61 71 72
15 57 59 61 73
15 57 59 61 73 77
15 57 59 61 73 75 78 79
15 57 59 61 73 75 76
15 57 59 61 73 74 78 79
15 57 59 61 71 72
15 57 59 61 71 72 77
15 57 59 61 71 72 75 78 79
15 57 59 61 71 72 75 76
15 57 59 61 71 72 73 74 78 79
15 57 59 61 67 75 78
15 57 59 61 67 75 76 77
15 57 59 61 67 73 74 78
15 57 59 61 67 73 74 76 77
15 57 59 61 65 66 75 78
15 57 59 61 65 66 75 76 77
15 57 59 61 65 66 73 74 78
15 57 59 61 65 66 73 74 76 77
15 57 59 60 73
15 57 59 60 73 75 78 79
15 57 59 60 73 74 78 79
15 57 59 60 71 72
15 57 59 60 71 72 75 78 79
15 57 59 60 71 72 73 74 78 79
15 57 59 60 61 73
15 57 59 60 61 73 77
15 57 59 60 61 73 75 76
15 57 59 60 61 71 72
15 57 59 60 61 71 72 77
15 57 59 60 61 71 72 75 76
15 57 59 60 61 67 75 78
15 57 59 60 61 67 75 76 77
15 57 59 60 61 67 73 74 78
15 57 59 60 61 67 73 74 76 77
15 57 59 60 61 65 66 75 78
15 57 59 60 61 65 66 75 76 77
15 57 59 60 61 65 66 73 74 78
15 57 59 60 61 65 66 73 74 76 77
15 57 58 59 73
15 57 58 59 71 72
15 57 58 59 61 73
15 57 58 59 61 71 72
15 53 57 59 61 73 75
15 53 57 59 61 73 74
15 53 57 59 61 71 72 75
15 53 57 59 61 71 72 73 74
15 53 57 59 60 73 75
15 53 57 59 60 73 74
15 53 57 59 60 71 72 75
15 53 57 59 60 71 72 73 74
15 51 61 73
15 51 61 71 72
15 51 59 61 63 65 73 75
15 51 59 61 63 65 73 74
15 51 59 61 63 65 71 72 75
15 51 59 61 63 65 71 72 73 74
15 51 59 61 63 64 73 75
15 51 59 61 63 64 73 74
15 51 59 61 63 64 71 72 75
15 51 59 61 63 64 71 72 73 74
15 51 59 61 62 65 73 75
15 51 59 61 62 65 73 74
15 51 59 61 62 65 71 72 75
15 51 59 61 62 65 71 72 73 74
15 51 59 61 62 63 64 73 75
15 51 59 61 62 63 64 73 74
15 51 59 61 62 63 64 71 72 75
15 51 59 61 62 63 64 71 72 73 74
15 51 57 59 61 67 75
15 51 57 59 61 67 73 74
15 51 57 59 61 65 66 75
15 51 57 59 61 65 66 73 74
15 51 57 59 60 61 67 75
15 51 57 59 60 61 67 73 74
15 51 57 59 60 61 65 66 75
15 51 57 59 60 61 65 66 73 74
15 50 59 73
15 50 59 71 72
15 50 59 63 73
15 50 59 63 71 72
15 50 59 61 73
15 50 59 61 71 72
15 50 57 59 61 73
15 50 57 59 61 71 72
15 50 57 59 60 61 73
15 50 57 59 60 61 71 72
15 49 59 61 73
15 49 59 61 71 72
15 49 59 60 61 73
15 49 59 60 61 71 72
15 48 59 63 73 75
15 48 59 63 73 74
15 48 59 63 71 72 75
15 48 59 63 71 72 73 74
15 48 59 61
15 48 59 61 63 65 73 78
15 48 59 61 63 65 73 76 77
15 48 59 61 63 65 71 72 78
15 48 59 61 63 65 71 72 76 77
15 48 59 61 63 64 73 78
15 48 59 61 63 64 73 76 77
15 48 59 61 63 64 71 72 78
15 48 59 61 63 64 71 72 76 77
15 48 59 61 62 73 75
15 48 59 61 62 73 74
15 48 59 61 62 71 72 75
15 48 59 61 62 71 72 73 74
15 48 59 61 62 65 73 78
15 48 59 61 62 65 73 76 77
15 48 59 61 62 65 71 72 78
15 48 59 61 62 65 71 72 76 77
15 48 59 61 62 63 64 73 78
15 48 59 61 62 63 64 73 76 77
15 48 59 61 62 63 64 71 72 78
15 48 59 61 62 63 64 71 72 76 77
15 48 59 60 61 73
15 48 59 60 61 71 72
15 48 57 61
15 48 57 61 63 73
15 48 57 61 63 71 72
15 48 57 61 62 73
15 48 57 61 62 71 72
15 48 57 59 61 73 78 79
15 48 57 59 61 71 72 78 79
15 48 57 59 61 67 78
15 48 57 59 61 67 76 77
15 48 57 59 61 65 66 78
15 48 57 59 61 65 66 76 77
15 48 57 59 60 73 78 79
15 48 57 59 60 71 72 78 79
15 48 57 59 60 61 67 78
15 48 57 59 60 61 67 76 77
15 48 57 59 60 61 65 66 78
15 48 57 59 60 61 65 66 76 77
15 48 53 57 59 61 73
15 48 53 57 59 61 71 72
15 48 53 57 59 60 73
15 48 53 57 59 60 71 72
15 48 51 59 61 63 65 73
15 48 51 59 61 63 65 71 72
15 48 51 59 61 63 64 73
15 48 51 59 61 63 64 71 72
15 48 51 59 61 62 65 73
15 48 51 59 61 62 65 71 72
15 48 51 59 61 62 63 64 73
15 48 51 59 61 62 63 64 71 72
15 48 51 57 59 61 67
15 48 51 57 59 61 65 66
15 48 51 57 59 60 61 67
15 48 51 57 59 60 61 65 66
15 47 48 59 61 73
15 47 48 59 61 71 72
15 47 48 59 60 61 73
15 47 48 59 60 61 71 72
15 46 61 78
15 46 61 76 77
15 46 59
15 46 59 77
15 46 59 75 76
15 46 59 63 77
15 46 59 63 75
15 46 59 63 75 76
15 46 59 63 73 74
15 46 59 61
15 46 59 61 77
15 46 59 61 75
15 46 59 61 75 76
15 46 59 61 73 74
15 46 59 61 64
15 46 59 61 63 65 75 78
15 46 59 61 63 65 75 76 77
15 46 59 61 63 65 73 74 78
15 46 59 61 63 65 73 74 76 77
15 46 59 61 63 64 75 78
15 46 59 61 63 64 75 76 77
15 46 59 61 63 64 73 74 78
15 46 59 61 63 64 73 74 76 77
15 46 59 61 62 75
15 46 59 61 62 73 74
15 46 59 61 62 65 75 78
15 46 59 61 62 65 75 76 77
15 46 59 61 62 65 73 74 78
15 46 59 61 62 65 73 74 76 77
15 46 59 61 62 63
15 46 59 61 62 63 64 75 78
15 46 59 61 62 63 64 75 76 77
15 46 59 61 62 63 64 73 74 78
15 46 59 61 62 63 64 73 74 76 77
15 46 59 60 61
15 46 59 60 61 75
15 46 59 60 61 73 74
15 46 59 60 61 64
15 46 59 60 61 63
15 46 59 60 61 62
15 46 59 60 61 62 63
15 46 58 59 61
15 46 57 61 63 75
15 46 57 61 63 73 74
15 46 57 61 62 75
15 46 57 61 62 73 74
15 46 57 60 61
15 46 57 59 61
15 46 57 59 61 77
15 46 57 59 61 75 78 79
15 46 57 59 61 75 76
15 46 57 59 61 73 74 78 79
15 46 57 59 60
15 46 57 59 60 75 78 79
15 46 57 59 60 73 74 78 79
15 46 57 59 60 61
15 46 57 59 60 61 77
15 46 57 59 60 61 75 76
15 46 57 58 59
15 46 57 58 59 61
15 46 53 57 59 61 75
15 46 53 57 59 61 73 74
15 46 53 57 59 60 75
15 46 53 57 59 60 73 74
15 46 51 61
15 46 51 59 61 63 65 75
15 46 51 59 61 63 65 73 74
15 46 51 59 61 63 64 75
15 46 51 59 61 63 64 73 74
15 46 51 59 61 62 65 75
15 46 51 59 61 62 65 73 74
15 46 51 59 61 62 63 64 75
15 46 51 59 61 62 63 64 73 74
15 46 50 59
15 46 50 59 63
15 46 50 59 61
15 46 50 57 59 61
15 46 50 57 59 60 61
15 46 49 59 61
15 46 49 59 60 61
15 46 48 59 63 75
15 46 48 59 63 73 74
15 46 48 59 61 63 65 78
15 46 48 59 61 63 65 76 77
15 46 48 59 61 63 64 78
15 46 48 59 61 63 64 76 77
15 46 48 59 61 62 75
15 46 48 59 61 62 73 74
15 46 48 59 61 62 65 78
15 46 48 59 61 62 65 76 77
15 46 48 59 61 62 63 64 78
15 46 48 59 61 62 63 64 76 77
15 46 48 59 60 61
15 46 48 57 61 63
15 46 48 57 61 62
15 46 48 57 59 61 78 79
15 46 48 57 59 60 78 79
15 46 48 53 57 59 61
15 46 48 53 57 59 60
15 46 48 51 59 61 63 65
15 46 48 51 59 61 63 64
15 46 48 51 59 61 62 65
15 46 48 51 59 61 62 63 64
15 46 47 59 63 75
15 46 47 59 63 73 75
15 46 47 59 63 71 72 75
15 46 47 59 63 71 72 73 74
15 46 47 59 61
15 46 47 59 61 73
15 46 47 59 61 71 72
15 46 47 59 61 62 75
15 46 47 59 61 62 73 75
15 46 47 59 61 62 71 72 75
15 46 47 59 61 62 71 72 73 74
15 46 47 48 59 63
15 46 47 48 59 63 73
15 46 47 48 59 63 71 72
15 46 47 48 59 61
15 46 47 48 59 61 62
15 46 47 48 59 61 62 73
15 46 47 48 59 61 62 71 72
15 46 47 48 59 60 61
15 44 59 61 73 78 79
15 44 59 61 71 72 78 79
15 44 53 59 61 73
15 44 53 59 61 71 72
15 44 46 59 61 78 79
15 44 46 53 59 61
15 42 43 59 61 73 78 79
15 42 43 59 61 71 72 78 79
15 42 43 53 59 61 73
15 42 43 53 59 61 71 72
15 42 43 46 59 61 78 79
15 42 43 46 53 59 61
15 40 57 59 61 75 78
15 40 57 59 61 75 76 77
15 40 57 59 61 73 74 78
15 40 57 59 61 73 74 76 77
15 40 57 59 60 61 75 78
15 40 57 59 60 61 75 76 77
15 40 57 59 60 61 73 74 78
15 40 57 59 60 61 73 74 76 77
15 40 51 57 59 61 75
15 40 51 57 59 61 73 74
15 40 51 57 59 60 61 75
15 40 51 57 59 60 61 73 74
15 40 48 57 59 61 78
15 40 48 57 59 61 76 77
15 40 48 57 59 60 61 78
15 40 48 57 59 60 61 76 77
15 40 48 51 57 59 61
15 40 48 51 57 59 60 61
15 38 59 61 63 73 75 78
15 38 59 61 63 73 75 76 77
15 38 59 61 63 73 74 78
15 38 59 61 63 73 74 76 77
15 38 59 61 63 71 72 75 78
15 38 59 61 63 71 72 75 76 77
15 38 59 61 63 71 72 73 74 78
15 38 59 61 63 71 72 73 74 76 77
15 38 59 61 62 73 75 78
15 38 59 61 62 73 75 76 77
15 38 59 61 62 73 74 78
15 38 59 61 62 73 74 76 77
15 38 59 61 62 71 72 75 78
15 38 59 61 62 71 72 75 76 77
15 38 59 61 62 71 72 73 74 78
15 38 59 61 62 71 72 73 74 76 77
15 38 51 59 61 63 73 75
15 38 51 59 61 63 73 74
15 38 51 59 61 63 71 72 75
15 38 51 59 61 63 71 72 73 74
15 38 51 59 61 62 73 75
15 38 51 59 61 62 73 74
15 38 51 59 61 62 71 72 75
15 38 51 59 61 62 71 72 73 74
15 38 48 59 61 63 73 78
15 38 48 59 61 63 73 76 77
15 38 48 59 61 63 71 72 78
15 38 48 59 61 63 71 72 76 77
15 38 48 59 61 62 73 78
15 38 48 59 61 62 73 76 77
15 38 48 59 61 62 71 72 78
15 38 48 59 61 62 71 72 76 77
15 38 48 51 59 61 63 73
15 38 48 51 59 61 63 71 72
15 38 48 51 59 61 62 73
15 38 48 51 59 61 62 71 72
15 38 46 59 61 63 75 78
15 38 46 59 61 63 75 76 77
15 38 46 59 61 63 73 74 78
15 38 46 59 61 63 73 74 76 77
15 38 46 59 61 62 75 78
15 38 46 59 61 62 75 76 77
15 38 46 59 61 62 73 74 78
15 38 46 59 61 62 73 74 76 77
15 38 46 51 59 61 63 75
15 38 46 51 59 61 63 73 74
15 38 46 51 59 61 62 75
15 38 46 51 59 61 62 73 74
15 38 46 48 59 61 63 78
15 38 46 48 59 61 63 76 77
15 38 46 48 59 61 62 78
15 38 46 48 59 61 62 76 77
15 38 46 48 51 59 61 63
15 38 46 48 51 59 61 62
15 37 59 61 73
15 37 59 61 71 72
15 37 59 60 61 73
15 37 59 60 61 71 72
15 37 46 59 61
15 37 46 59 60 61
15 36 59 73 75
15 36 59 73 74
15 36 59 71 72 75
15 36 59 71 72 73 74
15 36 59 61 65 73 75 78
15 36 59 61 65 73 75 76 77
15 36 59 61 65 73 74 78
15 36 59 61 65 73 74 76 77
15 36 59 61 65 71 72 75 78
15 36 59 61 65 71 72 75 76 77
15 36 59 61 65 71 72 73 74 78
15 36 59 61 65 71 72 73 74 76 77
15 36 59 61 63 64 73 75 78
15 36 59 61 63 64 73 75 76 77
15 36 59 61 63 64 73 74 78
15 36 59 61 63 64 73 74 76 77
15 36 59 61 63 64 71 72 75 78
15 36 59 61 63 64 71 72 75 76 77
15 36 59 61 63 64 71 72 73 74 78
15 36 59 61 63 64 71 72 73 74 76 77
15 36 59 60 61 73
15 36 59 60 61 71 72
15 36 57 61 73 75
15 36 57 61 73 74
15 36 57 61 71 72 75
15 36 57 61 71 72 73 74
15 36 51 59 61 65 73 75
15 36 51 59 61 65 73 74
15 36 51 59 61 65 71 72 75
15 36 51 59 61 65 71 72 73 74
15 36 51 59 61 63 64 73 75
15 36 51 59 61 63 64 73 74
15 36 51 59 61 63 64 71 72 75
15 36 51 59 61 63 64 71 72 73 74
15 36 48 59 73 75
15 36 48 59 73 74
15 36 48 59 71 72 75
15 36 48 59 71 72 73 74
15 36 48 59 61 65 73 78
15 36 48 59 61 65 73 76 77
15 36 48 59 61 65 71 72 78
15 36 48 59 61 65 71 72 76 77
15 36 48 59 61 63 64 73 78
15 36 48 59 61 63 64 73 76 77
15 36 48 59 61 63 64 71 72 78
15 36 48 59 61 63 64 71 72 76 77
15 36 48 57 61 73
15 36 48 57 61 71 72
15 36 48 51 59 61 65 73
15 36 48 51 59 61 65 71 72
15 36 48 51 59 61 63 64 73
15 36 48 51 59 61 63 64 71 72
15 36 46 59 75
15 36 46 59 73 74
15 36 46 59 61 65 75 78
15 36 46 59 61 65 75 76 77
15 36 46 59 61 65 73 74 78
15 36 46 59 61 65 73 74 76 77
15 36 46 59 61 63 64 75 78
15 36 46 59 61 63 64 75 76 77
15 36 46 59 61 63 64 73 74 78
15 36 46 59 61 63 64 73 74 76 77
15 36 46 59 60 61
15 36 46 57 61 75
15 36 46 57 61 73 74
15 36 46 51 59 61 65 75
15 36 46 51 59 61 65 73 74
15 36 46 51 59 61 63 64 75
15 36 46 51 59 61 63 64 73 74
15 36 46 48 59 75
15 36 46 48 59 73 74
15 36 46 48 59 61 65 78
15 36 46 48 59 61 65 76 77
15 36 46 48 59 61 63 64 78
15 36 46 48 59 61 63 64 76 77
15 36 46 48 57 61
15 36 46 48 51 59 61 65
15 36 46 48 51 59 61 63 64
15 36 46 47 59 75
15 36 46 47 59 73 75
15 36 46 47 59 71 72 75
15 36 46 47 59 71 72 73 74
15 36 46 47 48 59
15 36 46 47 48 59 73
15 36 46 47 48 59 71 72
15 36 38 59 61 73 75 78
15 36 38 59 61 73 75 76 77
15 36 38 59 61 73 74 78
15 36 38 59 61 73 74 76 77
15 36 38 59 61 71 72 75 78
15 36 38 59 61 71 72 75 76 77
15 36 38 59 61 71 72 73 74 78
15 36 38 59 61 71 72 73 74 76 77
15 36 38 51 59 61 73 75
15 36 38 51 59 61 73 74
15 36 38 51 59 61 71 72 75
15 36 38 51 59 61 71 72 73 74
15 36 38 48 59 61 73 78
15 36 38 48 59 61 73 76 77
15 36 38 48 59 61 71 72 78
15 36 38 48 59 61 71 72 76 77
15 36 38 48 51 59 61 73
15 36 38 48 51 59 61 71 72
15 36 38 46 59 61 75 78
15 36 38 46 59 61 75 76 77
15 36 38 46 59 61 73 74 78
15 36 38 46 59 61 73 74 76 77
15 36 38 46 51 59 61 75
15 36 38 46 51 59 61 73 74
15 36 38 46 48 59 61 78
15 36 38 46 48 59 61 76 77
15 36 38 46 48 51 59 61
15 34 59 61 73 75
15 34 59 61 73 74
15 34 59 61 71 72 75
15 34 59 61 71 72 73 74
15 34 59 61 64 73
15 34 59 61 64 71 72
15 34 59 61 63 73
15 34 59 61 63 71 72
15 34 59 61 62 73
15 34 59 61 62 71 72
15 34 59 61 62 63 73
15 34 59 61 62 63 71 72
15 34 57 59 73 75 78 79
15 34 57 59 73 74 78 79
15 34 57 59 71 72 75 78 79
15 34 57 59 71 72 73 74 78 79
15 34 57 59 61 73
15 34 57 59 61 73 77
15 34 57 59 61 73 75 76
15 34 57 59 61 71 72
15 34 57 59 61 71 72 77
15 34 57 59 61 71 72 75 76
15 34 57 59 61 67 75 78
15 34 57 59 61 67 75 76 77
15 34 57 59 61 67 73 74 78
15 34 57 59 61 67 73 74 76 77
15 34 57 59 61 65 66 75 78
15 34 57 59 61 65 66 75 76 77
15 34 57 59 61 65 66 73 74 78
15 34 57 59 61 65 66 73 74 76 77
15 34 53 57 59 73 75
15 34 53 57 59 73 74
15 34 53 57 59 71 72 75
15 34 53 57 59 71 72 73 74
15 34 51 57 59 61 67 75
15 34 51 57 59 61 67 73 74
15 34 51 57 59 61 65 66 75
15 34 51 57 59 61 65 66 73 74
15 34 50 57 59 61 73
15 34 50 57 59 61 71 72
15 34 49 59 61 73
15 34 49 59 61 71 72
15 34 48 59 61 73
15 34 48 59 61 71 72
15 34 48 57 59 73 78 79
15 34 48 57 59 71 72 78 79
15 34 48 57 59 61 67 78
15 34 48 57 59 61 67 76 77
15 34 48 57 59 61 65 66 78
15 34 48 57 59 61 65 66 76 77
15 34 48 53 57 59 73
15 34 48 53 57 59 71 72
15 34 48 51 57 59 61 67
15 34 48 51 57 59 61 65 66
15 34 47 48 59 61 73
15 34 47 48 59 61 71 72
15 34 46 59 61 75
15 34 46 59 61 73 74
15 34 46 59 61 64
15 34 46 59 61 63
15 34 46 59 61 62
15 34 46 59 61 62 63
15 34 46 57 59 75 78 79
15 34 46 57 59 73 74 78 79
15 34 46 57 59 61
15 34 46 57 59 61 77
15 34 46 57 59 61 75 76
15 34 46 53 57 59 75
15 34 46 53 57 59 73 74
15 34 46 50 57 59 61
15 34 46 49 59 61
15 34 46 48 59 61
15 34 46 48 57 59 78 79
15 34 46 48 53 57 59
15 34 46 47 48 59 61
15 34 40 57 59 61 75 78
15 34 40 57 59 61 75 76 77
15 34 40 57 59 61 73 74 78
15 34 40 57 59 61 73 74 76 77
15 34 40 51 57 59 61 75
15 34 40 51 57 59 61 73 74
15 34 40 48 57 59 61 78
15 34 40 48 57 59 61 76 77
15 34 40 48 51 57 59 61
15 34 37 59 61 73
15 34 37 59 61 71 72
15 34 37 46 59 61
15 34 36 59 61 73
15 34 36 59 61 71 72
15 34 36 46 59 61
15 33 59 61 73
15 33 59 61 71 72
15 33 57 61 73
15 33 57 61 71 72
15 33 57 59 73
15 33 57 59 71 72
15 33 46 59 61
15 33 46 57 61
15 33 46 57 59
15 22 59 61 73
15 22 59 61 71 72
15 22 59 60 61 73
15 22 59 60 61 71 72
15 22 46 59 61
15 22 46 59 60 61
15 22 34 59 61 73
15 22 34 59 61 71 72
15 22 34 46 59 61
15 21 59 63 73 75
15 21 59 63 73 74
15 21 59 63 71 72 75
15 21 59 63 71 72 73 74
15 21 59 61 73
15 21 59 61 71 72
15 21 59 61 62 73 75
15 21 59 61 62 73 74
15 21 59 61 62 71 72 75
15 21 59 61 62 71 72 73 74
15 21 48 59 63 73
15 21 48 59 63 71 72
15 21 48 59 61 62 73
15 21 48 59 61 62 71 72
15 21 46 59 63 75
15 21 46 59 63 73 74
15 21 46 59 61
15 21 46 59 61 62 75
15 21 46 59 61 62 73 74
15 21 46 48 59 63
15 21 46 48 59 61 62
15 21 36 59 73 75
15 21 36 59 73 74
15 21 36 59 71 72 75
15 21 36 59 71 72 73 74
15 21 36 48 59 73
15 21 36 48 59 71 72
15 21 36 46 59 75
15 21 36 46 59 73 74
15 21 36 46 48 59
15 17 59 61 73 78 79
15 17 59 61 71 72 78 79
15 17 53 59 61 73
15 17 53 59 61 71 72
15 17 46 59 61 78 79
15 17 46 53 59 61
11 68
10 36
8 9
4 42 59 73
4 42 59 71 72
4 42 59 63 73
4 42 59 63 71 72
4 42 59 61 73
4 42 59 61 71 72
4 42 59 60 63 73
4 42 59 60 63 71 72
4 42 59 60 61 73
4 42 59 60 61 71 72
4 42 46 59
4 42 46 59 63
4 42 46 59 61
4 42 46 59 60 63
4 42 46 59 60 61
4 40 41 59 73
4 40 41 59 71 72
4 40 41 59 63 73
4 40 41 59 63 71 72
4 40 41 59 61 73
4 40 41 59 61 71 72
4 40 41 59 60 63 73
4 40 41 59 60 63 71 72
4 40 41 59 60 61 73
4 40 41 59 60 61 71 72
4 40 41 46 59
4 40 41 46 59 63
4 40 41 46 59 61
4 40 41 46 59 60 63
4 40 41 46 59 60 61
4 18 42 59 63 73
4 18 42 59 63 71 72
4 18 42 59 61 73
4 18 42 59 61 71 72
4 18 42 46 59 63
4 18 42 46 59 61
4 18 40 41 59 63 73
4 18 40 41 59 63 71 72
4 18 40 41 59 61 73
4 18 40 41 59 61 71 72
4 18 40 41 46 59 63
4 18 40 41 46 59 61
4 16 17 42 59 63 73
4 16 17 42 59 63 71 72
4 16 17 42 59 61 73
4 16 17 42 59 61 71 72
4 16 17 42 46 59 63
4 16 17 42 46 59 61
4 16 17 40 41 59 63 73
4 16 17 40 41 59 63 71 72
4 16 17 40 41 59 61 73
4 16 17 40 41 59 61 71 72
4 16 17 40 41 46 59 63
4 16 17 40 41 46 59 61
4 15 59 73
4 15 59 71 72
4 15 59 63 73
4 15 59 63 71 72
4 15 59 61 73
4 15 59 61 71 72
4 15 59 60 63 73
4 15 59 60 63 71 72
4 15 59 60 61 73
4 15 59 60 61 71 72
4 15 46 59
4 15 46 59 63
4 15 46 59 61
4 15 46 59 60 63
4 15 46 59 60 61
4 15 18 59 63 73
4 15 18 59 63 71 72
4 15 18 59 61 73
4 15 18 59 61 71 72
4 15 18 46 59 63
4 15 18 46 59 61
4 15 16 17 59 63 73
4 15 16 17 59 63 71 72
4 15 16 17 59 61 73
4 15 16 17 59 61 71 72
4 15 16 17 46 59 63
4 15 16 17 46 59 61
3 44 59 61 75
3 44 59 61 73 74
3 44 59 61 71 75
3 44 59 61 71 73 74
3 44 59 61 69 70 75
3 44 59 61 69 70 73 74
3 44 59 60 61 75
3 44 59 60 61 73 74
3 44 59 60 61 71 75
3 44 59 60 61 71 73 74
3 44 59 60 61 69 70 75
3 44 59 60 61 69 70 73 74
3 44 48 59 61
3 44 48 59 61 71
3 44 48 59 61 69 70
3 44 48 59 60 61
3 44 48 59 60 61 71
3 44 48 59 60 61 69 70
3 42 43 59 61 71 75
3 42 43 59 61 71 73 74
3 42 43 59 61 69 70 75
3 42 43 59 61 69 70 73 74
3 42 43 59 60 61 71 75
3 42 43 59 60 61 71 73 74
3 42 43 59 60 61 69 70 75
3 42 43 59 60 61 69 70 73 74
3 42 43 48 59 61 71
3 42 43 48 59 61 69 70
3 42 43 48 59 60 61 71
3 42 43 48 59 60 61 69 70
3 42 43 44 59 61 75
3 42 43 44 59 61 73 74
3 42 43 44 59 60 61 75
3 42 43 44 59 60 61 73 74
3 42 43 44 48 59 61
3 42 43 44 48 59 60 61
3 34 44 59 61 75
3 34 44 59 61 73 74
3 34 44 59 61 71 75
3 34 44 59 61 71 73 74
3 34 44 59 61 69 70 75
3 34 44 59 61 69 70 73 74
3 34 44 59 60 61 75
3 34 44 59 60 61 73 74
3 34 44 59 60 61 71 75
3 34 44 59 60 61 71 73 74
3 34 44 59 60 61 69 70 75
3 34 44 59 60 61 69 70 73 74
3 34 44 48 59 61
3 34 44 48 59 61 71
3 34 44 48 59 61 69 70
3 34 44 48 59 60 61
3 34 44 48 59 60 61 71
3 34 44 48 59 60 61 69 70
3 34 42 43 59 61 71 75
3 34 42 43 59 61 71 73 74
3 34 42 43 59 61 69 70 75
3 34 42 43 59 61 69 70 73 74
3 34 42 43 59 60 61 71 75
3 34 42 43 59 60 61 71 73 74
3 34 42 43 59 60 61 69 70 75
3 34 42 43 59 60 61 69 70 73 74
3 34 42 43 48 59 61 71
3 34 42 43 48 59 61 69 70
3 34 42 43 48 59 60 61 71
3 34 42 43 48 59 60 61 69 70
3 34 42 43 44 59 61 75
3 34 42 43 44 59 61 73 74
3 34 42 43 44 59 60 61 75
3 34 42 43 44 59 60 61 73 74
3 34 42 43 44 48 59 61
3 34 42 43 44 48 59 60 61
3 18 44 59 61 75
3 18 44 59 61 73 74
3 18 44 59 61 71 75
3 18 44 59 61 71 73 74
3 18 44 59 61 69 70 75
3 18 44 59 61 69 70 73 74
3 18 44 59 60 61 75
3 18 44 59 60 61 73 74
3 18 44 59 60 61 71 75
3 18 44 59 60 61 71 73 74
3 18 44 59 60 61 69 70 75
3 18 44 59 60 61 69 70 73 74
3 18 44 48 59 61
3 18 44 48 59 61 71
3 18 44 48 59 61 69 70
3 18 44 48 59 60 61
3 18 44 48 59 60 61 71
3 18 44 48 59 60 61 69 70
3 18 42 43 59 61 71 75
3 18 42 43 59 61 71 73 74
3 18 42 43 59 61 69 70 75
3 18 42 43 59 61 69 70 73 74
3 18 42 43 59 60 61 71 75
3 18 42 43 59 60 61 71 73 74
3 18 42 43 59 60 61 69 70 75
3 18 42 43 59 60 61 69 70 73 74
3 18 42 43 48 59 61 71
3 18 42 43 48 59 61 69 70
3 18 42 43 48 59 60 61 71
3 18 42 43 48 59 60 61 69 70
3 18 42 43 44 59 61 75
3 18 42 43 44 59 61 73 74
3 18 42 43 44 59 60 61 75
3 18 42 43 44 59 60 61 73 74
3 18 42 43 44 48 59 61
3 18 42 43 44 48 59 60 61
3 18 34 44 59 61 75
3 18 34 44 59 61 73 74
3 18 34 44 59 61 71 75
3 18 34 44 59 61 71 73 74
3 18 34 44 59 61 69 70 75
3 18 34 44 59 61 69 70 73 74
3 18 34 44 48 59 61
3 18 34 44 48 59 61 71
3 18 34 44 48 59 61 69 70
3 18 34 42 43 59 61 71 75
3 18 34 42 43 59 61 71 73 74
3 18 34 42 43 59 61 69 70 75
3 18 34 42 43 59 61 69 70 73 74
3 18 34 42 43 48 59 61 71
3 18 34 42 43 48 59 61 69 70
3 18 34 42 43 44 59 61 75
3 18 34 42 43 44 59 61 73 74
3 18 34 42 43 44 48 59 61
3 17 59 61 71 75
3 17 59 61 71 73 74
3 17 59 61 69 70 75
3 17 59 61 69 70 73 74
3 17 59 60 61 71 75
3 17 59 60 61 71 73 74
3 17 59 60 61 69 70 75
3 17 59 60 61 69 70 73 74
3 17 48 59 61 71
3 17 48 59 61 69 70
3 17 48 59 60 61 71
3 17 48 59 60 61 69 70
3 17 44 59 61 75
3 17 44 59 61 73 74
3 17 44 59 60 61 75
3 17 44 59 60 61 73 74
3 17 44 48 59 61
3 17 44 48 59 60 61
3 17 34 59 61 71 75
3 17 34 59 61 71 73 74
3 17 34 59 61 69 70 75
3 17 34 59 61 69 70 73 74
3 17 34 59 60 61 71 75
3 17 34 59 60 61 71 73 74
3 17 34 59 60 61 69 70 75
3 17 34 59 60 61 69 70 73 74
3 17 34 48 59 61 71
3 17 34 48 59 61 69 70
3 17 34 48 59 60 61 71
3 17 34 48 59 60 61 69 70
3 17 34 44 59 61 75
3 17 34 44 59 61 73 74
3 17 34 44 59 60 61 75
3 17 34 44 59 60 61 73 74
3 17 34 44 48 59 61
3 17 34 44 48 59 60 61
3 17 18 59 61 71 75
3 17 18 59 61 71 73 74
3 17 18 59 61 69 70 75
3 17 18 59 61 69 70 73 74
3 17 18 59 60 61 71 75
3 17 18 59 60 61 71 73 74
3 17 18 59 60 61 69 70 75
3 17 18 59 60 61 69 70 73 74
3 17 18 48 59 61 71
3 17 18 48 59 61 69 70
3 17 18 48 59 60 61 71
3 17 18 48 59 60 61 69 70
3 17 18 44 59 61 75
3 17 18 44 59 61 73 74
3 17 18 44 59 60 61 75
3 17 18 44 59 60 61 73 74
3 17 18 44 48 59 61
3 17 18 44 48 59 60 61
3 17 18 34 59 61 71 75
3 17 18 34 59 61 71 73 74
3 17 18 34 59 61 69 70 75
3 17 18 34 59 61 69 70 73 74
3 17 18 34 48 59 61 71
3 17 18 34 48 59 61 69 70
3 17 18 34 44 59 61 75
3 17 18 34 44 59 61 73 74
3 17 18 34 44 48 59 61
3 16 17 59 61 71 75
3 16 17 59 61 71 73 74
3 16 17 59 61 69 70 75
3 16 17 59 61 69 70 73 74
3 16 17 59 60 61 71 75
3 16 17 59 60 61 71 73 74
3 16 17 59 60 61 69 70 75
3 16 17 59 60 61 69 70 73 74
3 16 17 48 59 61 71
3 16 17 48 59 61 69 70
3 16 17 48 59 60 61 71
3 16 17 48 59 60 61 69 70
3 16 17 44 59 61 71 75
3 16 17 44 59 61 71 73 74
3 16 17 44 59 61 69 70 75
3 16 17 44 59 61 69 70 73 74
3 16 17 44 59 60 61 71 75
3 16 17 44 59 60 61 71 73 74
3 16 17 44 59 60 61 69 70 75
3 16 17 44 59 60 61 69 70 73 74
3 16 17 44 48 59 61 71
3 16 17 44 48 59 61 69 70
3 16 17 44 48 59 60 61 71
3 16 17 44 48 59 60 61 69 70
3 16 17 42 43 59 61 71 75
3 16 17 42 43 59 61 71 73 74
3 16 17 42 43 59 61 69 70 75
3 16 17 42 43 59 61 69 70 73 74
3 16 17 42 43 59 60 61 71 75
3 16 17 42 43 59 60 61 71 73 74
3 16 17 42 43 59 60 61 69 70 75
3 16 17 42 43 59 60 61 69 70 73 74
3 16 17 42 43 48 59 61 71
3 16 17 42 43 48 59 61 69 70
3 16 17 42 43 48 59 60 61 71
3 16 17 42 43 48 59 60 61 69 70
3 16 17 42 43 44 59 61 75
3 16 17 42 43 44 59 61 73 74
3 16 17 42 43 44 59 60 61 75
3 16 17 42 43 44 59 60 61 73 74
3 16 17 42 43 44 48 59 61
3 16 17 42 43 44 48 59 60 61
3 16 17 34 59 61 71 75
3 16 17 34 59 61 71 73 74
3 16 17 34 59 61 69 70 75
3 16 17 34 59 61 69 70 73 74
3 16 17 34 48 59 61 71
3 16 17 34 48 59 61 69 70
3 16 17 34 44 59 61 71 75
3 16 17 34 44 59 61 71 73 74
3 16 17 34 44 59 61 69 70 75
3 16 17 34 44 59 61 69 70 73 74
3 16 17 34 44 48 59 61 71
3 16 17 34 44 48 59 61 69 70
3 16 17 34 42 43 59 61 71 75
3 16 17 34 42 43 59 61 71 73 74
3 16 17 34 42 43 59 61 69 70 75
3 16 17 34 42 43 59 61 69 70 73 74
3 16 17 34 42 43 48 59 61 71
3 16 17 34 42 43 48 59 61 69 70
3 16 17 34 42 43 44 59 61 75
3 16 17 34 42 43 44 59 61 73 74
3 16 17 34 42 43 44 48 59 61
1
1 71
1 69 70
1 67 78 79
1 65 66 78 79
1 61
1 61 67
1 61 67 78 79
1 61 65 66
1 61 65 66 78 79
1 53 67
1 53 65 66
1 53 61 67
1 53 61 65 66
1 44
1 40 78 79
1 40 61
1 40 61 78 79
1 40 53
1 40 53 61
1 36 69
1 36 67 68
1 36 42
1 34 69
1 34 67
1 34 67 68
1 34 65 66
1 34 42
1 34 40
0 68

