77 78 79
71
69 73
69 71 72
69 70
68
68 73
68 71 72
68 69
68 69 78 79
68 69 73
68 69 71 72
67
67 78 79
67 68
67 68 78 79
65 78 79
65 66 78 79
63 69
63 68
63 67 68
61 78 79
61 69
61 69 73
61 69 71 72
61 67
61 67 78 79
61 67 68
61 67 68 73
61 67 68 71 72
61 65 66
61 65 66 78 79
61 62 69
61 62 68
61 62 67 68
59
59 69
59 69 78 79
59 68 69
59 68 69 78 79
59 67 78 79
59 65 66 78 79
59 63 73 78 79
59 63 71 72 78 79
59 61 62 73 78 79
59 61 62 71 72 78 79
58
55
55 69
55 68 69
55 61
55 59 68 69
55 59 67 68
54
54 69
54 68
54 68 69
54 67 78 79
54 67 68
54 65 66 78 79
54 65 66 68
54 55 68
53 79
53 77 78
53 69 78 79
53 67
53 67 68 78 79
53 65
53 65 66
53 63 68 69
53 63 67 68
53 61
53 61 67
53 61 65 66
53 61 62 68 69
53 61 62 67 68
53 59 69
53 59 68 69
53 59 67
53 59 65 66
53 59 63 73
53 59 63 71 72
53 59 61 62 73
53 59 61 62 71 72
53 55
53 55 69
53 55 67 68
53 54 67
53 54 65 66
52 78 79
52 69
52 67
52 67 68
52 65 66
52 55
51 68
51 52
51 52 69
51 52 69 78 79
51 52 68 69
51 52 67 68 78 79
51 52 63 68 69
51 52 63 67 68
51 52 61 62 68 69
51 52 61 62 67 68
51 52 55
51 52 55 69
51 52 55 67 68
51 52 53 69
51 52 53 67 68
50 68
50 68 69
50 67 68
49 68
49 50 68
48 49 68
48 49 68 69
48 49 67 68
47 48 68
46 69
46 68
46 68 69
46 61 69
46 61 67 68
46 59 63 78 79
46 59 61 62 78 79
46 53 59 63
46 53 59 61 62
45
45 69
45 68
45 67 68
44
44 69
44 69 78 79
44 68 69
44 67 68 78 79
44 63 68 69
44 63 67 68
44 61 73 78
44 61 73 76 77
44 61 71 72 78
44 61 71 72 76 77
44 61 62 68 69
44 61 62 67 68
44 59 73 77
44 59 73 75 76
44 59 71 72 77
44 59 71 72 75 76
44 55
44 55 69
44 55 67 68
44 53 69
44 53 67 68
44 51 61 73
44 51 61 71 72
44 50 59 73
44 50 59 71 72
44 46 61 78
44 46 61 76 77
44 46 59 77
44 46 59 75 76
44 46 51 61
44 46 50 59
43 69
43 67
43 67 68
43 65 66
43 55
43 44
43 44 69
43 44 68
43 44 67 68
42 73
42 71 72
42 68
42 68 78 79
42 68 73
42 68 71 72
42 63
42 61
42 61 73
42 61 71 72
42 61 62
42 59
42 59 78 79
42 59 73
42 59 73 78
42 59 73 76 77
42 59 71 72
42 59 71 72 78
42 59 71 72 76 77
42 59 68
42 59 68 78 79
42 59 65 73
42 59 65 71 72
42 59 61 78
42 59 61 77 78
42 59 61 75 76 78
42 59 61 75 76 77
42 59 61 63 73
42 59 61 63 71 72
42 59 60 63 73
42 59 60 63 71 72
42 55
42 55 68
42 55 59 73 77
42 55 59 73 75 76
42 55 59 71 72 77
42 55 59 71 72 75 76
42 55 59 68
42 54
42 54 68
42 53 78 79
42 53 63 68
42 53 61 62 68
42 53 59
42 53 59 68
42 53 55
42 52
42 51 59 73
42 51 59 71 72
42 51 59 61
42 51 59 61 77
42 51 59 61 75 76
42 51 52
42 51 52 78 79
42 51 52 68
42 51 52 63 68
42 51 52 61 62 68
42 51 52 55
42 51 52 53
42 50 68
42 50 59 61 78
42 50 59 61 76 77
42 50 55 59 73
42 50 55 59 71 72
42 50 51 59 61
42 48 49 68
42 46
42 46 68
42 46 61
42 46 59
42 46 59 78
42 46 59 76 77
42 46 59 65
42 46 59 61 63
42 46 59 60 63
42 46 55 59 77
42 46 55 59 75 76
42 46 51 59
42 46 50 55 59
42 45
42 44
42 44 78 79
42 44 68
42 44 63 68
42 44 61 62 68
42 44 55
42 44 53
42 43 78 79
42 43 69
42 43 69 78 79
42 43 68
42 43 68 69
42 43 67 68 78 79
42 43 63 68
42 43 63 68 69
42 43 63 67 68
42 43 61 73 78
42 43 61 73 76 77
42 43 61 71 72 78
42 43 61 71 72 76 77
42 43 61 62 68
42 43 61 62 68 69
42 43 61 62 67 68
42 43 59 73 77
42 43 59 73 75 76
42 43 59 71 72 77
42 43 59 71 72 75 76
42 43 55 69
42 43 55 67 68
42 43 53
42 43 53 69
42 43 53 67 68
42 43 51 61 73
42 43 51 61 71 72
42 43 50 59 73
42 43 50 59 71 72
42 43 46 61 78
42 43 46 61 76 77
42 43 46 59 77
42 43 46 59 75 76
42 43 46 51 61
42 43 46 50 59
42 43 44
40 78 79
40 61
40 61 78 79
40 59 78 79
40 54 78 79
40 54 68
40 53
40 53 61
40 53 59
40 53 54
40 52
40 43
40 41 59 73
40 41 59 73 78
40 41 59 73 76 77
40 41 59 71 72
40 41 59 71 72 78
40 41 59 71 72 76 77
40 41 59 65 73
40 41 59 65 71 72
40 41 59 61 78
40 41 59 61 77 78
40 41 59 61 75 76 78
40 41 59 61 75 76 77
40 41 59 61 63 73
40 41 59 61 63 71 72
40 41 59 60 63 73
40 41 59 60 63 71 72
40 41 55 59 73 77
40 41 55 59 73 75 76
40 41 55 59 71 72 77
40 41 55 59 71 72 75 76
40 41 51 59 73
40 41 51 59 71 72
40 41 51 59 61
40 41 51 59 61 77
40 41 51 59 61 75 76
40 41 50 59 61 78
40 41 50 59 61 76 77
40 41 50 55 59 73
40 41 50 55 59 71 72
40 41 50 51 59 61
40 41 46 59
40 41 46 59 78
40 41 46 59 76 77
40 41 46 59 65
40 41 46 59 61 63
40 41 46 59 60 63
40 41 46 55 59 77
40 41 46 55 59 75 76
40 41 46 51 59
40 41 46 50 55 59
38 69
38 67 68
38 42
37 68 69
37 67 68
37 42 68
36
36 78 79
36 69
36 68
36 67 68
36 61 78 79
36 59 73 78 79
36 59 71 72 78 79
36 59 67 78 79
36 59 65 66 78 79
36 54 67 78 79
36 54 65 66 78 79
36 53
36 53 61
36 53 59 73
36 53 59 71 72
36 53 59 67
36 53 59 65 66
36 53 55 69
36 53 55 67 68
36 53 54 67
36 53 54 65 66
36 51 52 55 69
36 51 52 55 67 68
36 46 59 78 79
36 46 53 59
36 44 55 69
36 44 55 67 68
36 42
36 42 53 55
36 42 51 52 55
36 42 44 55
36 42 43 55
36 42 43 55 69
36 42 43 55 67 68
36 40 59 78 79
36 40 54 78 79
36 40 53 59
36 40 53 54
35 69
35 67 68
35 42
35 36 68 69
35 36 67 68
35 36 42 68
34 78 79
34 68
34 61
34 61 73
34 61 71 72
34 61 69 78 79
34 61 67
34 61 67 68 78 79
34 61 65 66
34 59 69
34 59 69 78 79
34 59 67
34 59 67 68
34 59 67 68 78 79
34 59 65 66
34 55
34 54 69 78 79
34 54 67
34 54 67 68 78 79
34 54 65 66
34 53
34 53 61 69
34 53 61 67 68
34 53 59 69
34 53 59 67 68
34 53 54 69
34 53 54 67 68
34 46 61
34 42 61 78 79
34 42 59
34 42 59 78 79
34 42 59 63 73
34 42 59 63 71 72
34 42 54 78 79
34 42 53 61
34 42 53 59
34 42 53 54
34 42 46 59 63
34 40 61
34 40 59
34 40 54
34 40 41 59 63 73
34 40 41 59 63 71 72
34 40 41 46 59 63
34 35 69
34 35 68
34 35 67 68
34 35 42
30 44 59 73
30 44 59 71 72
30 44 46 59
30 42 55 59 73
30 42 55 59 71 72
30 42 46 55 59
30 42 43 59 73
30 42 43 59 71 72
30 42 43 46 59
30 40 41 55 59 73
30 40 41 55 59 71 72
30 40 41 46 55 59
28 29 44 59 73
28 29 44 59 71 72
28 29 44 46 59
28 29 42 55 59 73
28 29 42 55 59 71 72
28 29 42 46 55 59
28 29 42 43 59 73
28 29 42 43 59 71 72
28 29 42 43 46 59
28 29 40 41 55 59 73
28 29 40 41 55 59 71 72
28 29 40 41 46 55 59
26
26 69
26 69 78 79
26 68 69
26 67 68 78 79
26 63 68 69
26 63 67 68
26 61 62 68 69
26 61 62 67 68
26 55
26 55 69
26 55 67 68
26 53 69
26 53 67 68
26 42
26 42 78 79
26 42 68
26 42 63 68
26 42 61 62 68
26 42 55
26 42 53
26 36 55 69
26 36 55 67 68
26 36 42 55
25
25 67
25 65 66
25 40
24 68
23 68
23 68 69
23 67 68
23 42 68
23 24
22 68
22 61 69
22 61 67 68
22 59 69
22 59 67 68
22 42 61
22 42 59
22 36 69
22 36 67 68
22 36 42
21 78 79
21 68 69
21 67 68
21 53
21 42 68
20 61 69
20 61 67 68
20 59 68 69
20 59 67 68
20 55 69
20 55 67 68
20 42 61
20 42 59 68
20 42 55
20 36
20 36 69
20 36 67 68
20 36 61 69
20 36 61 67 68
20 36 59 68 69
20 36 59 67 68
20 36 42
20 36 42 61
20 36 42 59 68
18
18 69
18 68
18 67 68
18 42
17 69
17 69 78 79
17 68 69
17 67 68 78 79
17 63 68 69
17 63 67 68
17 61 73 78
17 61 73 76 77
17 61 71 72 78
17 61 71 72 76 77
17 61 62 68 69
17 61 62 67 68
17 59 73 77
17 59 73 75 76
17 59 71 72 77
17 59 71 72 75 76
17 55
17 55 69
17 55 67 68
17 53 69
17 53 67 68
17 51 61 73
17 51 61 71 72
17 50 59 73
17 50 59 71 72
17 46 61 78
17 46 61 76 77
17 46 59 77
17 46 59 75 76
17 46 51 61
17 46 50 59
17 42
17 42 78 79
17 42 68
17 42 63 68
17 42 61 62 68
17 42 55
17 42 53
17 36 55 69
17 36 55 67 68
17 36 42 55
17 30 59 73
17 30 59 71 72
17 30 46 59
17 28 29 59 73
17 28 29 59 71 72
17 28 29 46 59
15 59 73
15 59 73 78
15 59 73 76 77
15 59 71 72
15 59 71 72 78
15 59 71 72 76 77
15 59 65 73
15 59 65 71 72
15 59 61 78
15 59 61 77 78
15 59 61 75 76 78
15 59 61 75 76 77
15 59 61 63 73
15 59 61 63 71 72
15 59 60 63 73
15 59 60 63 71 72
15 55 59 73 77
15 55 59 73 75 76
15 55 59 71 72 77
15 55 59 71 72 75 76
15 51 59 73
15 51 59 71 72
15 51 59 61
15 51 59 61 77
15 51 59 61 75 76
15 50 59 61 78
15 50 59 61 76 77
15 50 55 59 73
15 50 55 59 71 72
15 50 51 59 61
15 46 59
15 46 59 78
15 46 59 76 77
15 46 59 65
15 46 59 61 63
15 46 59 60 63
15 46 55 59 77
15 46 55 59 75 76
15 46 51 59
15 46 50 55 59
15 34 59 63 73
15 34 59 63 71 72
15 34 46 59 63
15 30 55 59 73
15 30 55 59 71 72
15 30 46 55 59
15 28 29 55 59 73
15 28 29 55 59 71 72
15 28 29 46 55 59
10 69
10 68 69
10 67
10 65 66
10 55
10 55 69
10 55 67 68
10 42
10 42 68
10 42 55
10 40
9 69
9 68
9 67 78 79
9 67 68
9 65 66 78 79
9 53 67
9 53 65 66
9 42
9 40 78 79
9 40 53
9 36 67 78 79
9 36 65 66 78 79
9 36 53 67
9 36 53 65 66
9 36 40 78 79
9 36 40 53
9 34 69 78 79
9 34 67
9 34 67 68 78 79
9 34 65 66
9 34 53 69
9 34 53 67 68
9 34 42 78 79
9 34 42 53
9 34 40
8 69
8 67 68
8 42
8 9 69
8 9 67
8 9 67 68
8 9 65 66
8 9 55
8 9 42
8 9 40
7 68 69
7 67 68
7 42 68
3 44 59 73
3 44 59 71 72
3 44 46 59
3 42 55 59 73
3 42 55 59 71 72
3 42 46 55 59
3 42 43 59 73
3 42 43 59 71 72
3 42 43 46 59
3 40 41 55 59 73
3 40 41 55 59 71 72
3 40 41 46 55 59
3 17 59 73
3 17 59 71 72
3 17 46 59
3 15 55 59 73
3 15 55 59 71 72
3 15 46 55 59
1 78 79
1 73 78 79
1 71
1 71 72 78 79
1 69 70
1 68
1 65 69
1 65 67 68
1 61 67 78 79
1 61 65 66 78 79
1 59 69
1 59 67
1 59 67 78 79
1 59 67 68
1 59 65 66
1 59 65 66 78 79
1 55 69
1 55 67 68
1 53
1 53 73
1 53 71 72
1 53 61 67
1 53 61 65 66
1 53 59 67
1 53 59 65 66
1 53 54
1 46
1 46 78 79
1 46 53
1 44
1 44 45
1 42 65
1 42 59
1 42 55
1 40 61 78 79
1 40 59
1 40 59 78 79
1 40 53 61
1 40 53 59
1 37
1 36
1 36 71 78 79
1 36 69 70 78 79
1 36 53 71
1 36 53 69 70
1 36 44 78 79
1 36 44 53
1 35
1 35 36
1 34
1 34 67 78 79
1 34 65 66 78 79
1 34 53 67
1 34 53 65 66
1 34 40 78 79
1 34 40 53
1 28
1 25 67
1 25 65 66
1 25 40
1 22
1 21
1 20
1 19
1 10
1 8 69
1 8 67 68
1 8 42
1 8 36
1 7
0 68 69
0 65 66 68
0 55 68
0 42 68
0 40 68

