59 61 73
59 61 71 72
59 60 61 73
59 60 61 71 72
46 59 61
46 59 60 61
34 59 61 73
34 59 61 71 72
34 46 59 61
44 59 61 65 73
44 59 61 65 71 72
44 59 61 63 64 73
44 59 61 63 64 71 72
44 46 59 61 65
44 46 59 61 63 64
42 43 59 61 65 73
42 43 59 61 65 71 72
42 43 59 61 63 64 73
42 43 59 61 63 64 71 72
42 43 46 59 61 65
42 43 46 59 61 63 64
38 44 59 61 73
38 44 59 61 71 72
38 44 46 59 61
38 42 43 59 61 73
38 42 43 59 61 71 72
38 42 43 46 59 61
30 44 59 61 65 73
30 44 59 61 65 71 72
30 44 59 61 63 64 73
30 44 59 61 63 64 71 72
30 44 46 59 61 65
30 44 46 59 61 63 64
30 42 43 59 61 65 73
30 42 43 59 61 65 71 72
30 42 43 59 61 63 64 73
30 42 43 59 61 63 64 71 72
30 42 43 46 59 61 65
30 42 43 46 59 61 63 64
30 38 44 59 61 73
30 38 44 59 61 71 72
30 38 44 46 59 61
30 38 42 43 59 61 73
30 38 42 43 59 61 71 72
30 38 42 43 46 59 61
28 29 44 59 61 65 73
28 29 44 59 61 65 71 72
28 29 44 59 61 63 64 73
28 29 44 59 61 63 64 71 72
28 29 44 46 59 61 65
28 29 44 46 59 61 63 64
28 29 42 43 59 61 65 73
28 29 42 43 59 61 65 71 72
28 29 42 43 59 61 63 64 73
28 29 42 43 59 61 63 64 71 72
28 29 42 43 46 59 61 65
28 29 42 43 46 59 61 63 64
28 29 38 44 59 61 73
28 29 38 44 59 61 71 72
28 29 38 44 46 59 61
28 29 38 42 43 59 61 73
28 29 38 42 43 59 61 71 72
28 29 38 42 43 46 59 61
17 59 61 65 73
17 59 61 65 71 72
17 59 61 63 64 73
17 59 61 63 64 71 72
17 46 59 61 65
17 46 59 61 63 64
17 38 59 61 73
17 38 59 61 71 72
17 38 46 59 61
17 30 59 61 65 73
17 30 59 61 65 71 72
17 30 59 61 63 64 73
17 30 59 61 63 64 71 72
17 30 46 59 61 65
17 30 46 59 61 63 64
17 30 38 59 61 73
17 30 38 59 61 71 72
17 30 38 46 59 61
17 28 29 59 61 65 73
17 28 29 59 61 65 71 72
17 28 29 59 61 63 64 73
17 28 29 59 61 63 64 71 72
17 28 29 46 59 61 65
17 28 29 46 59 61 63 64
17 28 29 38 59 61 73
17 28 29 38 59 61 71 72
17 28 29 38 46 59 61
3 44 59 61 65 73
3 44 59 61 65 71 72
3 44 59 61 63 64 73
3 44 59 61 63 64 71 72
3 44 46 59 61 65
3 44 46 59 61 63 64
3 42 43 59 61 65 73
3 42 43 59 61 65 71 72
3 42 43 59 61 63 64 73
3 42 43 59 61 63 64 71 72
3 42 43 46 59 61 65
3 42 43 46 59 61 63 64
3 38 44 59 61 73
3 38 44 59 61 71 72
3 38 44 46 59 61
3 38 42 43 59 61 73
3 38 42 43 59 61 71 72
3 38 42 43 46 59 61
3 17 59 61 65 73
3 17 59 61 65 71 72
3 17 59 61 63 64 73
3 17 59 61 63 64 71 72
3 17 46 59 61 65
3 17 46 59 61 63 64
3 17 38 59 61 73
3 17 38 59 61 71 72
3 17 38 46 59 61
42 59 61 73
42 59 61 71 72
42 46 59 61
40 41 59 61 73
40 41 59 61 71 72
40 41 46 59 61
15 59 61 73
15 59 61 71 72
15 46 59 61
78 79
68 69
67 68
53
42 68
36
