42 57 59 73
42 57 59 71 72
42 46 57 59
40 41 57 59 73
40 41 57 59 71 72
40 41 46 57 59
15 57 59 73
15 57 59 71 72
15 46 57 59
42 46 47 57 59 78
42 46 47 57 59 76 77
42 46 47 57 59 73 78
42 46 47 57 59 73 76 77
42 46 47 57 59 71 72 78
42 46 47 57 59 71 72 76 77
42 46 47 51 57 59
42 46 47 51 57 59 73
42 46 47 51 57 59 71 72
40 41 46 47 57 59 78
40 41 46 47 57 59 76 77
40 41 46 47 57 59 73 78
40 41 46 47 57 59 73 76 77
40 41 46 47 57 59 71 72 78
40 41 46 47 57 59 71 72 76 77
40 41 46 47 51 57 59
40 41 46 47 51 57 59 73
40 41 46 47 51 57 59 71 72
21 42 57 59 73 78
21 42 57 59 73 76 77
21 42 57 59 71 72 78
21 42 57 59 71 72 76 77
21 42 51 57 59 73
21 42 51 57 59 71 72
21 42 46 57 59 78
21 42 46 57 59 76 77
21 42 46 51 57 59
21 40 41 57 59 73 78
21 40 41 57 59 73 76 77
21 40 41 57 59 71 72 78
21 40 41 57 59 71 72 76 77
21 40 41 51 57 59 73
21 40 41 51 57 59 71 72
21 40 41 46 57 59 78
21 40 41 46 57 59 76 77
21 40 41 46 51 57 59
15 46 47 57 59 78
15 46 47 57 59 76 77
15 46 47 57 59 73 78
15 46 47 57 59 73 76 77
15 46 47 57 59 71 72 78
15 46 47 57 59 71 72 76 77
15 46 47 51 57 59
15 46 47 51 57 59 73
15 46 47 51 57 59 71 72
15 21 57 59 73 78
15 21 57 59 73 76 77
15 21 57 59 71 72 78
15 21 57 59 71 72 76 77
15 21 51 57 59 73
15 21 51 57 59 71 72
15 21 46 57 59 78
15 21 46 57 59 76 77
15 21 46 51 57 59
42 48 57 59 73 75 78
42 48 57 59 73 75 76 77
42 48 57 59 73 74 78
42 48 57 59 73 74 76 77
42 48 57 59 71 72 75 78
42 48 57 59 71 72 75 76 77
42 48 57 59 71 72 73 74 78
42 48 57 59 71 72 73 74 76 77
42 48 51 57 59 73 75
42 48 51 57 59 73 74
42 48 51 57 59 71 72 75
42 48 51 57 59 71 72 73 74
42 46 48 57 59 75 78
42 46 48 57 59 75 76 77
42 46 48 57 59 73 74 78
42 46 48 57 59 73 74 76 77
42 46 48 51 57 59 75
42 46 48 51 57 59 73 74
42 46 47 57 59 75 78
42 46 47 57 59 75 76 77
42 46 47 57 59 73 75 78
42 46 47 57 59 73 75 76 77
42 46 47 57 59 71 72 75 78
42 46 47 57 59 71 72 75 76 77
42 46 47 57 59 71 72 73 74 78
42 46 47 57 59 71 72 73 74 76 77
42 46 47 51 57 59 75
42 46 47 51 57 59 73 75
42 46 47 51 57 59 71 72 75
42 46 47 51 57 59 71 72 73 74
42 46 47 48 57 59 78
42 46 47 48 57 59 76 77
42 46 47 48 57 59 73 78
42 46 47 48 57 59 73 76 77
42 46 47 48 57 59 71 72 78
42 46 47 48 57 59 71 72 76 77
42 46 47 48 51 57 59
42 46 47 48 51 57 59 73
42 46 47 48 51 57 59 71 72
40 41 48 57 59 73 75 78
40 41 48 57 59 73 75 76 77
40 41 48 57 59 73 74 78
40 41 48 57 59 73 74 76 77
40 41 48 57 59 71 72 75 78
40 41 48 57 59 71 72 75 76 77
40 41 48 57 59 71 72 73 74 78
40 41 48 57 59 71 72 73 74 76 77
40 41 48 51 57 59 73 75
40 41 48 51 57 59 73 74
40 41 48 51 57 59 71 72 75
40 41 48 51 57 59 71 72 73 74
40 41 46 48 57 59 75 78
40 41 46 48 57 59 75 76 77
40 41 46 48 57 59 73 74 78
40 41 46 48 57 59 73 74 76 77
40 41 46 48 51 57 59 75
40 41 46 48 51 57 59 73 74
40 41 46 47 57 59 75 78
40 41 46 47 57 59 75 76 77
40 41 46 47 57 59 73 75 78
40 41 46 47 57 59 73 75 76 77
40 41 46 47 57 59 71 72 75 78
40 41 46 47 57 59 71 72 75 76 77
40 41 46 47 57 59 71 72 73 74 78
40 41 46 47 57 59 71 72 73 74 76 77
40 41 46 47 51 57 59 75
40 41 46 47 51 57 59 73 75
40 41 46 47 51 57 59 71 72 75
40 41 46 47 51 57 59 71 72 73 74
40 41 46 47 48 57 59 78
40 41 46 47 48 57 59 76 77
40 41 46 47 48 57 59 73 78
40 41 46 47 48 57 59 73 76 77
40 41 46 47 48 57 59 71 72 78
40 41 46 47 48 57 59 71 72 76 77
40 41 46 47 48 51 57 59
40 41 46 47 48 51 57 59 73
40 41 46 47 48 51 57 59 71 72
21 42 57 59 73 75 78
21 42 57 59 73 75 76 77
21 42 57 59 73 74 78
21 42 57 59 73 74 76 77
21 42 57 59 71 72 75 78
21 42 57 59 71 72 75 76 77
21 42 57 59 71 72 73 74 78
21 42 57 59 71 72 73 74 76 77
21 42 51 57 59 73 75
21 42 51 57 59 73 74
21 42 51 57 59 71 72 75
21 42 51 57 59 71 72 73 74
21 42 48 57 59 73 78
21 42 48 57 59 73 76 77
21 42 48 57 59 71 72 78
21 42 48 57 59 71 72 76 77
21 42 48 51 57 59 73
21 42 48 51 57 59 71 72
21 42 46 57 59 75 78
21 42 46 57 59 75 76 77
21 42 46 57 59 73 74 78
21 42 46 57 59 73 74 76 77
21 42 46 51 57 59 75
21 42 46 51 57 59 73 74
21 42 46 48 57 59 78
21 42 46 48 57 59 76 77
21 42 46 48 51 57 59
21 40 41 57 59 73 75 78
21 40 41 57 59 73 75 76 77
21 40 41 57 59 73 74 78
21 40 41 57 59 73 74 76 77
21 40 41 57 59 71 72 75 78
21 40 41 57 59 71 72 75 76 77
21 40 41 57 59 71 72 73 74 78
21 40 41 57 59 71 72 73 74 76 77
21 40 41 51 57 59 73 75
21 40 41 51 57 59 73 74
21 40 41 51 57 59 71 72 75
21 40 41 51 57 59 71 72 73 74
21 40 41 48 57 59 73 78
21 40 41 48 57 59 73 76 77
21 40 41 48 57 59 71 72 78
21 40 41 48 57 59 71 72 76 77
21 40 41 48 51 57 59 73
21 40 41 48 51 57 59 71 72
21 40 41 46 57 59 75 78
21 40 41 46 57 59 75 76 77
21 40 41 46 57 59 73 74 78
21 40 41 46 57 59 73 74 76 77
21 40 41 46 51 57 59 75
21 40 41 46 51 57 59 73 74
21 40 41 46 48 57 59 78
21 40 41 46 48 57 59 76 77
21 40 41 46 48 51 57 59
15 48 57 59 73 75 78
15 48 57 59 73 75 76 77
15 48 57 59 73 74 78
15 48 57 59 73 74 76 77
15 48 57 59 71 72 75 78
15 48 57 59 71 72 75 76 77
15 48 57 59 71 72 73 74 78
15 48 57 59 71 72 73 74 76 77
15 48 51 57 59 73 75
15 48 51 57 59 73 74
15 48 51 57 59 71 72 75
15 48 51 57 59 71 72 73 74
15 46 48 57 59 75 78
15 46 48 57 59 75 76 77
15 46 48 57 59 73 74 78
15 46 48 57 59 73 74 76 77
15 46 48 51 57 59 75
15 46 48 51 57 59 73 74
15 46 47 57 59 75 78
15 46 47 57 59 75 76 77
15 46 47 57 59 73 75 78
15 46 47 57 59 73 75 76 77
15 46 47 57 59 71 72 75 78
15 46 47 57 59 71 72 75 76 77
15 46 47 57 59 71 72 73 74 78
15 46 47 57 59 71 72 73 74 76 77
15 46 47 51 57 59 75
15 46 47 51 57 59 73 75
15 46 47 51 57 59 71 72 75
15 46 47 51 57 59 71 72 73 74
15 46 47 48 57 59 78
15 46 47 48 57 59 76 77
15 46 47 48 57 59 73 78
15 46 47 48 57 59 73 76 77
15 46 47 48 57 59 71 72 78
15 46 47 48 57 59 71 72 76 77
15 46 47 48 51 57 59
15 46 47 48 51 57 59 73
15 46 47 48 51 57 59 71 72
15 21 57 59 73 75 78
15 21 57 59 73 75 76 77
15 21 57 59 73 74 78
15 21 57 59 73 74 76 77
15 21 57 59 71 72 75 78
15 21 57 59 71 72 75 76 77
15 21 57 59 71 72 73 74 78
15 21 57 59 71 72 73 74 76 77
15 21 51 57 59 73 75
15 21 51 57 59 73 74
15 21 51 57 59 71 72 75
15 21 51 57 59 71 72 73 74
15 21 48 57 59 73 78
15 21 48 57 59 73 76 77
15 21 48 57 59 71 72 78
15 21 48 57 59 71 72 76 77
15 21 48 51 57 59 73
15 21 48 51 57 59 71 72
15 21 46 57 59 75 78
15 21 46 57 59 75 76 77
15 21 46 57 59 73 74 78
15 21 46 57 59 73 74 76 77
15 21 46 51 57 59 75
15 21 46 51 57 59 73 74
15 21 46 48 57 59 78
15 21 46 48 57 59 76 77
15 21 46 48 51 57 59
42 59 73
42 59 71 72
42 46 59
40 41 59 73
40 41 59 71 72
40 41 46 59
15 59 73
15 59 71 72
15 46 59
68 69 78 79
53 68 69
42 68 78 79
42 53 68
8 69 78 79
8 67 68 78 79
8 53 69
8 53 67 68
8 42 78 79
8 42 53
42 57 59 61 73
42 57 59 61 71 72
42 46 57 59 61
40 41 57 59 61 73
40 41 57 59 61 71 72
40 41 46 57 59 61
15 57 59 61 73
15 57 59 61 71 72
15 46 57 59 61
57 59 73
57 59 71 72
46 57 59
44 57 60 73
44 57 60 71 72
44 57 58 59 73
44 57 58 59 71 72
44 46 57 60
44 46 57 58 59
42 43 57 60 73
42 43 57 60 71 72
42 43 46 57 60
33 44 57 73
33 44 57 71 72
33 44 46 57
33 42 43 57 73
33 42 43 57 71 72
33 42 43 46 57
17 57 60 73
17 57 60 71 72
17 57 58 59 73
17 57 58 59 71 72
17 46 57 60
17 46 57 58 59
17 33 57 73
17 33 57 71 72
17 33 46 57
57 59 60 73
57 59 60 71 72
57 58 59 73
57 58 59 71 72
46 57 59 60
46 57 58 59
33 57 59 73
33 57 59 71 72
33 46 57 59
42 59 61 73
42 59 61 71 72
42 46 59 61
40 41 59 61 73
40 41 59 61 71 72
40 41 46 59 61
15 59 61 73
15 59 61 71 72
15 46 59 61
42 45 57 59 60 73
42 45 57 59 60 71 72
42 45 57 58 59 73
42 45 57 58 59 71 72
42 45 46 57 59 60
42 45 46 57 58 59
42 44 57 59 60 73
42 44 57 59 60 71 72
42 44 57 58 59 73
42 44 57 58 59 71 72
42 44 46 57 59 60
42 44 46 57 58 59
42 43 57 59 60 73
42 43 57 59 60 71 72
42 43 46 57 59 60
42 43 44 57 59 60 73
42 43 44 57 59 60 71 72
42 43 44 57 58 59 73
42 43 44 57 58 59 71 72
42 43 44 46 57 59 60
42 43 44 46 57 58 59
40 41 45 57 59 60 73
40 41 45 57 59 60 71 72
40 41 45 57 58 59 73
40 41 45 57 58 59 71 72
40 41 45 46 57 59 60
40 41 45 46 57 58 59
40 41 44 57 59 60 73
40 41 44 57 59 60 71 72
40 41 44 57 58 59 73
40 41 44 57 58 59 71 72
40 41 44 46 57 59 60
40 41 44 46 57 58 59
40 41 43 44 57 59 60 73
40 41 43 44 57 59 60 71 72
40 41 43 44 57 58 59 73
40 41 43 44 57 58 59 71 72
40 41 43 44 46 57 59 60
40 41 43 44 46 57 58 59
40 41 42 43 57 59 60 73
40 41 42 43 57 59 60 71 72
40 41 42 43 57 58 59 73
40 41 42 43 57 58 59 71 72
40 41 42 43 46 57 59 60
40 41 42 43 46 57 58 59
33 42 45 57 59 73
33 42 45 57 59 71 72
33 42 45 46 57 59
33 42 44 57 59 73
33 42 44 57 59 71 72
33 42 44 46 57 59
33 42 43 57 59 73
33 42 43 57 59 71 72
33 42 43 46 57 59
33 42 43 44 57 59 73
33 42 43 44 57 59 71 72
33 42 43 44 46 57 59
33 40 41 45 57 59 73
33 40 41 45 57 59 71 72
33 40 41 45 46 57 59
33 40 41 44 57 59 73
33 40 41 44 57 59 71 72
33 40 41 44 46 57 59
33 40 41 43 44 57 59 73
33 40 41 43 44 57 59 71 72
33 40 41 43 44 46 57 59
33 40 41 42 43 57 59 73
33 40 41 42 43 57 59 71 72
33 40 41 42 43 46 57 59
30 42 57 59 60 73
30 42 57 59 60 71 72
30 42 57 58 59 73
30 42 57 58 59 71 72
30 42 46 57 59 60
30 42 46 57 58 59
30 40 41 57 59 60 73
30 40 41 57 59 60 71 72
30 40 41 57 58 59 73
30 40 41 57 58 59 71 72
30 40 41 46 57 59 60
30 40 41 46 57 58 59
30 33 42 57 59 73
30 33 42 57 59 71 72
30 33 42 46 57 59
30 33 40 41 57 59 73
30 33 40 41 57 59 71 72
30 33 40 41 46 57 59
29 44 57 59 60 73
29 44 57 59 60 71 72
29 44 57 58 59 73
29 44 57 58 59 71 72
29 44 46 57 59 60
29 44 46 57 58 59
29 42 43 57 59 60 73
29 42 43 57 59 60 71 72
29 42 43 57 58 59 73
29 42 43 57 58 59 71 72
29 42 43 46 57 59 60
29 42 43 46 57 58 59
29 33 44 57 59 73
29 33 44 57 59 71 72
29 33 44 46 57 59
29 33 42 43 57 59 73
29 33 42 43 57 59 71 72
29 33 42 43 46 57 59
28 29 42 57 59 60 73
28 29 42 57 59 60 71 72
28 29 42 57 58 59 73
28 29 42 57 58 59 71 72
28 29 42 46 57 59 60
28 29 42 46 57 58 59
28 29 40 41 57 59 60 73
28 29 40 41 57 59 60 71 72
28 29 40 41 57 58 59 73
28 29 40 41 57 58 59 71 72
28 29 40 41 46 57 59 60
28 29 40 41 46 57 58 59
28 29 33 42 57 59 73
28 29 33 42 57 59 71 72
28 29 33 42 46 57 59
28 29 33 40 41 57 59 73
28 29 33 40 41 57 59 71 72
28 29 33 40 41 46 57 59
27 28 44 57 59 60 73
27 28 44 57 59 60 71 72
27 28 44 57 58 59 73
27 28 44 57 58 59 71 72
27 28 44 46 57 59 60
27 28 44 46 57 58 59
27 28 42 43 57 59 60 73
27 28 42 43 57 59 60 71 72
27 28 42 43 57 58 59 73
27 28 42 43 57 58 59 71 72
27 28 42 43 46 57 59 60
27 28 42 43 46 57 58 59
27 28 33 44 57 59 73
27 28 33 44 57 59 71 72
27 28 33 44 46 57 59
27 28 33 42 43 57 59 73
27 28 33 42 43 57 59 71 72
27 28 33 42 43 46 57 59
17 42 57 59 60 73
17 42 57 59 60 71 72
17 42 57 58 59 73
17 42 57 58 59 71 72
17 42 46 57 59 60
17 42 46 57 58 59
17 40 41 57 59 60 73
17 40 41 57 59 60 71 72
17 40 41 57 58 59 73
17 40 41 57 58 59 71 72
17 40 41 46 57 59 60
17 40 41 46 57 58 59
17 33 42 57 59 73
17 33 42 57 59 71 72
17 33 42 46 57 59
17 33 40 41 57 59 73
17 33 40 41 57 59 71 72
17 33 40 41 46 57 59
17 29 57 59 60 73
17 29 57 59 60 71 72
17 29 57 58 59 73
17 29 57 58 59 71 72
17 29 46 57 59 60
17 29 46 57 58 59
17 29 33 57 59 73
17 29 33 57 59 71 72
17 29 33 46 57 59
17 27 28 57 59 60 73
17 27 28 57 59 60 71 72
17 27 28 57 58 59 73
17 27 28 57 58 59 71 72
17 27 28 46 57 59 60
17 27 28 46 57 58 59
17 27 28 33 57 59 73
17 27 28 33 57 59 71 72
17 27 28 33 46 57 59
15 45 57 59 60 73
15 45 57 59 60 71 72
15 45 57 58 59 73
15 45 57 58 59 71 72
15 45 46 57 59 60
15 45 46 57 58 59
15 44 57 59 60 73
15 44 57 59 60 71 72
15 44 57 58 59 73
15 44 57 58 59 71 72
15 44 46 57 59 60
15 44 46 57 58 59
15 43 44 57 59 60 73
15 43 44 57 59 60 71 72
15 43 44 57 58 59 73
15 43 44 57 58 59 71 72
15 43 44 46 57 59 60
15 43 44 46 57 58 59
15 42 43 57 59 60 73
15 42 43 57 59 60 71 72
15 42 43 57 58 59 73
15 42 43 57 58 59 71 72
15 42 43 46 57 59 60
15 42 43 46 57 58 59
15 33 45 57 59 73
15 33 45 57 59 71 72
15 33 45 46 57 59
15 33 44 57 59 73
15 33 44 57 59 71 72
15 33 44 46 57 59
15 33 43 44 57 59 73
15 33 43 44 57 59 71 72
15 33 43 44 46 57 59
15 33 42 43 57 59 73
15 33 42 43 57 59 71 72
15 33 42 43 46 57 59
15 30 57 59 60 73
15 30 57 59 60 71 72
15 30 57 58 59 73
15 30 57 58 59 71 72
15 30 46 57 59 60
15 30 46 57 58 59
15 30 33 57 59 73
15 30 33 57 59 71 72
15 30 33 46 57 59
15 28 29 57 59 60 73
15 28 29 57 59 60 71 72
15 28 29 57 58 59 73
15 28 29 57 58 59 71 72
15 28 29 46 57 59 60
15 28 29 46 57 58 59
15 28 29 33 57 59 73
15 28 29 33 57 59 71 72
15 28 29 33 46 57 59
15 17 57 59 60 73
15 17 57 59 60 71 72
15 17 57 58 59 73
15 17 57 58 59 71 72
15 17 46 57 59 60
15 17 46 57 58 59
15 17 33 57 59 73
15 17 33 57 59 71 72
15 17 33 46 57 59
3 42 57 59 60 73
3 42 57 59 60 71 72
3 42 57 58 59 73
3 42 57 58 59 71 72
3 42 46 57 59 60
3 42 46 57 58 59
3 40 41 57 59 60 73
3 40 41 57 59 60 71 72
3 40 41 57 58 59 73
3 40 41 57 58 59 71 72
3 40 41 46 57 59 60
3 40 41 46 57 58 59
3 33 42 57 59 73
3 33 42 57 59 71 72
3 33 42 46 57 59
3 33 40 41 57 59 73
3 33 40 41 57 59 71 72
3 33 40 41 46 57 59
3 15 57 59 60 73
3 15 57 59 60 71 72
3 15 57 58 59 73
3 15 57 58 59 71 72
3 15 46 57 59 60
3 15 46 57 58 59
3 15 33 57 59 73
3 15 33 57 59 71 72
3 15 33 46 57 59
2 44 57 59 60 73
2 44 57 59 60 71 72
2 44 57 58 59 73
2 44 57 58 59 71 72
2 44 46 57 59 60
2 44 46 57 58 59
2 42 43 57 59 60 73
2 42 43 57 59 60 71 72
2 42 43 57 58 59 73
2 42 43 57 58 59 71 72
2 42 43 46 57 59 60
2 42 43 46 57 58 59
2 33 44 57 59 73
2 33 44 57 59 71 72
2 33 44 46 57 59
2 33 42 43 57 59 73
2 33 42 43 57 59 71 72
2 33 42 43 46 57 59
2 17 57 59 60 73
2 17 57 59 60 71 72
2 17 57 58 59 73
2 17 57 58 59 71 72
2 17 46 57 59 60
2 17 46 57 58 59
2 17 33 57 59 73
2 17 33 57 59 71 72
2 17 33 46 57 59
71 78 79
69
69 70 78 79
68
67
67 78 79
67 68
67 68 78 79
65 69 78 79
65 67 68 78 79
65 66
65 66 78 79
59
59 69
59 67 78 79
59 67 68
59 65 66 78 79
53 71
53 69 70
53 67
53 67 68
53 65 69
53 65 67 68
53 65 66
53 59 67
53 59 65 66
44 78 79
44 53
42
42 65 78 79
42 59
42 53 65
40
40 78 79
40 59 78 79
40 53
40 53 59
36 78 79
36 53
25
20
8 69
8 67 68
8 42
1 69
1 67
1 67 68
1 65
1 65 66
1 42
1 40
1 36 69
1 36 67 68
1 36 42
