42 43 59 63 73 78
42 43 59 63 73 76 77
42 43 59 63 71 72 78
42 43 59 63 71 72 76 77
42 43 51 59 63 73
42 43 51 59 63 71 72
42 43 46 59 63 78
42 43 46 59 63 76 77
42 43 46 51 59 63
44 59 61 63 73 78
44 59 61 63 73 76 77
44 59 61 63 71 72 78
44 59 61 63 71 72 76 77
44 59 61 62 73 78
44 59 61 62 73 76 77
44 59 61 62 71 72 78
44 59 61 62 71 72 76 77
44 51 59 61 63 73
44 51 59 61 63 71 72
44 51 59 61 62 73
44 51 59 61 62 71 72
44 46 59 61 63 78
44 46 59 61 63 76 77
44 46 59 61 62 78
44 46 59 61 62 76 77
44 46 51 59 61 63
44 46 51 59 61 62
42 43 59 61 63 73 78
42 43 59 61 63 73 76 77
42 43 59 61 63 71 72 78
42 43 59 61 63 71 72 76 77
42 43 59 61 62 73 78
42 43 59 61 62 73 76 77
42 43 59 61 62 71 72 78
42 43 59 61 62 71 72 76 77
42 43 51 59 61 63 73
42 43 51 59 61 63 71 72
42 43 51 59 61 62 73
42 43 51 59 61 62 71 72
42 43 46 59 61 63 78
42 43 46 59 61 63 76 77
42 43 46 59 61 62 78
42 43 46 59 61 62 76 77
42 43 46 51 59 61 63
42 43 46 51 59 61 62
36 44 59 61 73 78
36 44 59 61 73 76 77
36 44 59 61 71 72 78
36 44 59 61 71 72 76 77
36 44 51 59 61 73
36 44 51 59 61 71 72
36 44 46 59 61 78
36 44 46 59 61 76 77
36 44 46 51 59 61
36 42 43 59 61 73 78
36 42 43 59 61 73 76 77
36 42 43 59 61 71 72 78
36 42 43 59 61 71 72 76 77
36 42 43 51 59 61 73
36 42 43 51 59 61 71 72
36 42 43 46 59 61 78
36 42 43 46 59 61 76 77
36 42 43 46 51 59 61
17 59 61 63 73 78
17 59 61 63 73 76 77
17 59 61 63 71 72 78
17 59 61 63 71 72 76 77
17 59 61 62 73 78
17 59 61 62 73 76 77
17 59 61 62 71 72 78
17 59 61 62 71 72 76 77
17 51 59 61 63 73
17 51 59 61 63 71 72
17 51 59 61 62 73
17 51 59 61 62 71 72
17 46 59 61 63 78
17 46 59 61 63 76 77
17 46 59 61 62 78
17 46 59 61 62 76 77
17 46 51 59 61 63
17 46 51 59 61 62
17 36 59 61 73 78
17 36 59 61 73 76 77
17 36 59 61 71 72 78
17 36 59 61 71 72 76 77
17 36 51 59 61 73
17 36 51 59 61 71 72
17 36 46 59 61 78
17 36 46 59 61 76 77
17 36 46 51 59 61
44 46 59 63 78
44 46 59 63 76 77
44 46 51 59 63
17 46 59 63 78
17 46 59 63 76 77
17 46 51 59 63
44 59 63 73 78
44 59 63 73 76 77
44 59 63 71 72 78
44 59 63 71 72 76 77
44 51 59 63 73
44 51 59 63 71 72
17 59 63 73 78
17 59 63 73 76 77
17 59 63 71 72 78
17 59 63 71 72 76 77
17 51 59 63 73
17 51 59 63 71 72
42 59 61 65 73
42 59 61 65 71 72
42 59 61 63 64 73
42 59 61 63 64 71 72
42 59 60 61 65 73
42 59 60 61 65 71 72
42 59 60 61 63 64 73
42 59 60 61 63 64 71 72
42 46 59 61 65
42 46 59 61 63 64
42 46 59 60 61 65
42 46 59 60 61 63 64
40 41 59 61 65 73
40 41 59 61 65 71 72
40 41 59 61 63 64 73
40 41 59 61 63 64 71 72
40 41 59 60 61 65 73
40 41 59 60 61 65 71 72
40 41 59 60 61 63 64 73
40 41 59 60 61 63 64 71 72
40 41 46 59 61 65
40 41 46 59 61 63 64
40 41 46 59 60 61 65
40 41 46 59 60 61 63 64
38 42 59 61 73
38 42 59 61 71 72
38 42 59 60 61 73
38 42 59 60 61 71 72
38 42 46 59 61
38 42 46 59 60 61
38 40 41 59 61 73
38 40 41 59 61 71 72
38 40 41 59 60 61 73
38 40 41 59 60 61 71 72
38 40 41 46 59 61
38 40 41 46 59 60 61
34 42 59 61 65 73
34 42 59 61 65 71 72
34 42 59 61 63 64 73
34 42 59 61 63 64 71 72
34 42 46 59 61 65
34 42 46 59 61 63 64
34 40 41 59 61 65 73
34 40 41 59 61 65 71 72
34 40 41 59 61 63 64 73
34 40 41 59 61 63 64 71 72
34 40 41 46 59 61 65
34 40 41 46 59 61 63 64
34 38 42 59 61 73
34 38 42 59 61 71 72
34 38 42 46 59 61
34 38 40 41 59 61 73
34 38 40 41 59 61 71 72
34 38 40 41 46 59 61
15 59 61 65 73
15 59 61 65 71 72
15 59 61 63 64 73
15 59 61 63 64 71 72
15 59 60 61 65 73
15 59 60 61 65 71 72
15 59 60 61 63 64 73
15 59 60 61 63 64 71 72
15 46 59 61 65
15 46 59 61 63 64
15 46 59 60 61 65
15 46 59 60 61 63 64
15 38 59 61 73
15 38 59 61 71 72
15 38 59 60 61 73
15 38 59 60 61 71 72
15 38 46 59 61
15 38 46 59 60 61
15 34 59 61 65 73
15 34 59 61 65 71 72
15 34 59 61 63 64 73
15 34 59 61 63 64 71 72
15 34 46 59 61 65
15 34 46 59 61 63 64
15 34 38 59 61 73
15 34 38 59 61 71 72
15 34 38 46 59 61
69
67
65 66
65 66 68
63
61
61 69 73
61 69 71 72
61 67 68 73
61 67 68 71 72
61 62
54
46 61 69
46 61 67 68
45
43 44
42
42 61 73
42 61 71 72
42 46 61
40
40 68
38 69
38 67 68
38 42
36 67
36 65 66
36 61
36 40
34
34 35
27
22
20 34
18
10 36
9
1 69
1 67 68
1 63 67
1 63 65 66
1 61 69
1 61 67
1 61 67 68
1 61 65 66
1 61 62 67
1 61 62 65 66
1 55 61 69
1 55 61 67 68
1 54 67
1 54 65 66
1 45 67
1 45 65 66
1 43 44 67
1 43 44 65 66
1 42
1 42 61
1 42 55 61
1 40 63
1 40 61
1 40 61 62
1 40 54
1 40 45
1 40 43 44
1 38 68 69
1 38 67
1 38 67 68
1 38 65 66
1 38 42 68
1 38 40
1 36 67
1 36 65 66
1 36 40
1 34 67
1 34 65 66
1 34 40
1 34 35 67
1 34 35 65 66
1 34 35 40
1 22 69
1 22 67
1 22 67 68
1 22 65 66
1 22 42
1 22 40
1 20 34 67
1 20 34 65 66
1 20 34 40
1 18 67
1 18 65 66
1 18 40
1 9 67
1 9 65 66
1 9 40
15 21 59 61 64 73
15 21 59 61 64 71 72
15 21 59 61 62 63 73
15 21 59 61 62 63 71 72
15 21 59 60 61 64 73
15 21 59 60 61 64 71 72
15 21 59 60 61 62 63 73
15 21 59 60 61 62 63 71 72
15 21 49 59 61 73
15 21 49 59 61 71 72
15 21 49 59 60 61 73
15 21 49 59 60 61 71 72
15 21 47 48 59 61 73
15 21 47 48 59 61 71 72
15 21 47 48 59 60 61 73
15 21 47 48 59 60 61 71 72
15 21 46 59 61 64
15 21 46 59 61 62 63
15 21 46 59 60 61 64
15 21 46 59 60 61 62 63
15 21 46 49 59 61
15 21 46 49 59 60 61
15 21 46 47 48 59 61
15 21 46 47 48 59 60 61
15 21 37 59 61 73
15 21 37 59 61 71 72
15 21 37 59 60 61 73
15 21 37 59 60 61 71 72
15 21 37 46 59 61
15 21 37 46 59 60 61
15 21 34 59 61 64 73
15 21 34 59 61 64 71 72
15 21 34 59 61 62 63 73
15 21 34 59 61 62 63 71 72
15 21 34 49 59 61 73
15 21 34 49 59 61 71 72
15 21 34 47 48 59 61 73
15 21 34 47 48 59 61 71 72
15 21 34 46 59 61 64
15 21 34 46 59 61 62 63
15 21 34 46 49 59 61
15 21 34 46 47 48 59 61
15 21 34 37 59 61 73
15 21 34 37 59 61 71 72
15 21 34 37 46 59 61
15 21 22 59 61 73
15 21 22 59 61 71 72
15 21 22 59 60 61 73
15 21 22 59 60 61 71 72
15 21 22 46 59 61
15 21 22 46 59 60 61
15 21 22 34 59 61 73
15 21 22 34 59 61 71 72
15 21 22 34 46 59 61
21 40 41 59 61 64 73
21 40 41 59 61 64 71 72
21 40 41 59 61 62 63 73
21 40 41 59 61 62 63 71 72
21 40 41 59 60 61 64 73
21 40 41 59 60 61 64 71 72
21 40 41 59 60 61 62 63 73
21 40 41 59 60 61 62 63 71 72
21 40 41 49 59 61 73
21 40 41 49 59 61 71 72
21 40 41 49 59 60 61 73
21 40 41 49 59 60 61 71 72
21 40 41 47 48 59 61 73
21 40 41 47 48 59 61 71 72
21 40 41 47 48 59 60 61 73
21 40 41 47 48 59 60 61 71 72
21 40 41 46 59 61 64
21 40 41 46 59 61 62 63
21 40 41 46 59 60 61 64
21 40 41 46 59 60 61 62 63
21 40 41 46 49 59 61
21 40 41 46 49 59 60 61
21 40 41 46 47 48 59 61
21 40 41 46 47 48 59 60 61
21 37 40 41 59 61 73
21 37 40 41 59 61 71 72
21 37 40 41 59 60 61 73
21 37 40 41 59 60 61 71 72
21 37 40 41 46 59 61
21 37 40 41 46 59 60 61
21 34 40 41 59 61 64 73
21 34 40 41 59 61 64 71 72
21 34 40 41 59 61 62 63 73
21 34 40 41 59 61 62 63 71 72
21 34 40 41 49 59 61 73
21 34 40 41 49 59 61 71 72
21 34 40 41 47 48 59 61 73
21 34 40 41 47 48 59 61 71 72
21 34 40 41 46 59 61 64
21 34 40 41 46 59 61 62 63
21 34 40 41 46 49 59 61
21 34 40 41 46 47 48 59 61
21 34 37 40 41 59 61 73
21 34 37 40 41 59 61 71 72
21 34 37 40 41 46 59 61
21 22 40 41 59 61 73
21 22 40 41 59 61 71 72
21 22 40 41 59 60 61 73
21 22 40 41 59 60 61 71 72
21 22 40 41 46 59 61
21 22 40 41 46 59 60 61
21 22 34 40 41 59 61 73
21 22 34 40 41 59 61 71 72
21 22 34 40 41 46 59 61
15 48 59 61 64 73
15 48 59 61 64 71 72
15 48 59 61 62 63 73
15 48 59 61 62 63 71 72
15 48 59 60 61 64 73
15 48 59 60 61 64 71 72
15 48 59 60 61 62 63 73
15 48 59 60 61 62 63 71 72
15 47 48 59 61 73
15 47 48 59 61 71 72
15 47 48 59 60 61 73
15 47 48 59 60 61 71 72
15 46 48 59 61 64
15 46 48 59 61 62 63
15 46 48 59 60 61 64
15 46 48 59 60 61 62 63
15 37 48 59 61 73
15 37 48 59 61 71 72
15 37 48 59 60 61 73
15 37 48 59 60 61 71 72
15 37 46 48 59 61
15 37 46 48 59 60 61
15 34 48 59 61 64 73
15 34 48 59 61 64 71 72
15 34 48 59 61 62 63 73
15 34 48 59 61 62 63 71 72
15 34 47 48 59 61 73
15 34 47 48 59 61 71 72
15 34 46 48 59 61 64
15 34 46 48 59 61 62 63
15 34 37 48 59 61 73
15 34 37 48 59 61 71 72
15 34 37 46 48 59 61
15 22 48 59 61 73
15 22 48 59 61 71 72
15 22 48 59 60 61 73
15 22 48 59 60 61 71 72
15 22 46 48 59 61
15 22 46 48 59 60 61
15 22 34 48 59 61 73
15 22 34 48 59 61 71 72
15 22 34 46 48 59 61
59 73
59 71 72
59 61 73
59 61 71 72
59 61 62 73
59 61 62 71 72
59 60 73
59 60 71 72
59 60 62 73
59 60 62 71 72
48 59 73
48 59 71 72
46 59
46 59 61
46 59 61 62
46 59 60
46 59 60 62
46 48 59
46 47 59
46 47 59 73
46 47 59 71 72
35 59 61 73
35 59 61 71 72
35 59 60 73
35 59 60 71 72
35 46 59 61
35 46 59 60
34 59 73
34 59 71 72
34 59 62 73
34 59 62 71 72
34 59 60 61 73
34 59 60 61 71 72
34 46 59
34 46 59 62
34 46 59 60 61
34 35 59 73
34 35 59 71 72
34 35 46 59
21 59 73
21 59 71 72
21 46 59
40 41 48 59 61 64 73
40 41 48 59 61 64 71 72
40 41 48 59 61 62 63 73
40 41 48 59 61 62 63 71 72
40 41 48 59 60 61 64 73
40 41 48 59 60 61 64 71 72
40 41 48 59 60 61 62 63 73
40 41 48 59 60 61 62 63 71 72
40 41 47 48 59 61 73
40 41 47 48 59 61 71 72
40 41 47 48 59 60 61 73
40 41 47 48 59 60 61 71 72
40 41 46 48 59 61 64
40 41 46 48 59 61 62 63
40 41 46 48 59 60 61 64
40 41 46 48 59 60 61 62 63
37 40 41 48 59 61 73
37 40 41 48 59 61 71 72
37 40 41 48 59 60 61 73
37 40 41 48 59 60 61 71 72
37 40 41 46 48 59 61
37 40 41 46 48 59 60 61
34 40 41 48 59 61 64 73
34 40 41 48 59 61 64 71 72
34 40 41 48 59 61 62 63 73
34 40 41 48 59 61 62 63 71 72
34 40 41 47 48 59 61 73
34 40 41 47 48 59 61 71 72
34 40 41 46 48 59 61 64
34 40 41 46 48 59 61 62 63
34 37 40 41 48 59 61 73
34 37 40 41 48 59 61 71 72
34 37 40 41 46 48 59 61
22 40 41 48 59 61 73
22 40 41 48 59 61 71 72
22 40 41 48 59 60 61 73
22 40 41 48 59 60 61 71 72
22 40 41 46 48 59 61
22 40 41 46 48 59 60 61
22 34 40 41 48 59 61 73
22 34 40 41 48 59 61 71 72
22 34 40 41 46 48 59 61
42 50 59 61 73
42 50 59 61 71 72
42 50 59 60 61 73
42 50 59 60 61 71 72
42 46 50 59 61
42 46 50 59 60 61
40 41 50 59 61 73
40 41 50 59 61 71 72
40 41 50 59 60 61 73
40 41 50 59 60 61 71 72
40 41 46 50 59 61
40 41 46 50 59 60 61
34 42 50 59 61 73
34 42 50 59 61 71 72
34 42 46 50 59 61
34 40 41 50 59 61 73
34 40 41 50 59 61 71 72
34 40 41 46 50 59 61
23 42 59 61 73
23 42 59 61 71 72
23 42 59 60 61 73
23 42 59 60 61 71 72
23 42 46 59 61
23 42 46 59 60 61
23 40 41 59 61 73
23 40 41 59 61 71 72
23 40 41 59 60 61 73
23 40 41 59 60 61 71 72
23 40 41 46 59 61
23 40 41 46 59 60 61
23 34 42 59 61 73
23 34 42 59 61 71 72
23 34 42 46 59 61
23 34 40 41 59 61 73
23 34 40 41 59 61 71 72
23 34 40 41 46 59 61
15 50 59 61 73
15 50 59 61 71 72
15 50 59 60 61 73
15 50 59 60 61 71 72
15 46 50 59 61
15 46 50 59 60 61
15 34 50 59 61 73
15 34 50 59 61 71 72
15 34 46 50 59 61
15 23 59 61 73
15 23 59 61 71 72
15 23 59 60 61 73
15 23 59 60 61 71 72
15 23 46 59 61
15 23 46 59 60 61
15 23 34 59 61 73
15 23 34 59 61 71 72
15 23 34 46 59 61
42 46 47 59 61 64
42 46 47 59 61 64 73
42 46 47 59 61 64 71 72
42 46 47 59 61 62 63
42 46 47 59 61 62 63 73
42 46 47 59 61 62 63 71 72
42 46 47 59 60 61 64
42 46 47 59 60 61 64 73
42 46 47 59 60 61 64 71 72
42 46 47 59 60 61 62 63
42 46 47 59 60 61 62 63 73
42 46 47 59 60 61 62 63 71 72
42 46 47 49 59 61
42 46 47 49 59 61 73
42 46 47 49 59 61 71 72
42 46 47 49 59 60 61
42 46 47 49 59 60 61 73
42 46 47 49 59 60 61 71 72
42 46 47 48 59 61 73
42 46 47 48 59 61 71 72
42 46 47 48 59 60 61 73
42 46 47 48 59 60 61 71 72
37 42 46 47 59 61
37 42 46 47 59 61 73
37 42 46 47 59 61 71 72
37 42 46 47 59 60 61
37 42 46 47 59 60 61 73
37 42 46 47 59 60 61 71 72
34 42 46 47 59 61 64
34 42 46 47 59 61 64 73
34 42 46 47 59 61 64 71 72
34 42 46 47 59 61 62 63
34 42 46 47 59 61 62 63 73
34 42 46 47 59 61 62 63 71 72
34 42 46 47 49 59 61
34 42 46 47 49 59 61 73
34 42 46 47 49 59 61 71 72
34 42 46 47 48 59 61 73
34 42 46 47 48 59 61 71 72
34 37 42 46 47 59 61
34 37 42 46 47 59 61 73
34 37 42 46 47 59 61 71 72
22 42 46 47 59 61
22 42 46 47 59 61 73
22 42 46 47 59 61 71 72
22 42 46 47 59 60 61
22 42 46 47 59 60 61 73
22 42 46 47 59 60 61 71 72
22 34 42 46 47 59 61
22 34 42 46 47 59 61 73
22 34 42 46 47 59 61 71 72
42 48 59 61 64 73
42 48 59 61 64 71 72
42 48 59 61 62 63 73
42 48 59 61 62 63 71 72
42 48 59 60 61 64 73
42 48 59 60 61 64 71 72
42 48 59 60 61 62 63 73
42 48 59 60 61 62 63 71 72
42 47 48 59 61 73
42 47 48 59 61 71 72
42 47 48 59 60 61 73
42 47 48 59 60 61 71 72
42 46 48 59 61 64
42 46 48 59 61 62 63
42 46 48 59 60 61 64
42 46 48 59 60 61 62 63
37 42 48 59 61 73
37 42 48 59 61 71 72
37 42 48 59 60 61 73
37 42 48 59 60 61 71 72
37 42 46 48 59 61
37 42 46 48 59 60 61
34 42 48 59 61 64 73
34 42 48 59 61 64 71 72
34 42 48 59 61 62 63 73
34 42 48 59 61 62 63 71 72
34 42 47 48 59 61 73
34 42 47 48 59 61 71 72
34 42 46 48 59 61 64
34 42 46 48 59 61 62 63
34 37 42 48 59 61 73
34 37 42 48 59 61 71 72
34 37 42 46 48 59 61
22 42 48 59 61 73
22 42 48 59 61 71 72
22 42 48 59 60 61 73
22 42 48 59 60 61 71 72
22 42 46 48 59 61
22 42 46 48 59 60 61
22 34 42 48 59 61 73
22 34 42 48 59 61 71 72
22 34 42 46 48 59 61
40 41 46 47 59 61 64
40 41 46 47 59 61 64 73
40 41 46 47 59 61 64 71 72
40 41 46 47 59 61 62 63
40 41 46 47 59 61 62 63 73
40 41 46 47 59 61 62 63 71 72
40 41 46 47 59 60 61 64
40 41 46 47 59 60 61 64 73
40 41 46 47 59 60 61 64 71 72
40 41 46 47 59 60 61 62 63
40 41 46 47 59 60 61 62 63 73
40 41 46 47 59 60 61 62 63 71 72
40 41 46 47 49 59 61
40 41 46 47 49 59 61 73
40 41 46 47 49 59 61 71 72
40 41 46 47 49 59 60 61
40 41 46 47 49 59 60 61 73
40 41 46 47 49 59 60 61 71 72
40 41 46 47 48 59 61 73
40 41 46 47 48 59 61 71 72
40 41 46 47 48 59 60 61 73
40 41 46 47 48 59 60 61 71 72
37 40 41 46 47 59 61
37 40 41 46 47 59 61 73
37 40 41 46 47 59 61 71 72
37 40 41 46 47 59 60 61
37 40 41 46 47 59 60 61 73
37 40 41 46 47 59 60 61 71 72
34 40 41 46 47 59 61 64
34 40 41 46 47 59 61 64 73
34 40 41 46 47 59 61 64 71 72
34 40 41 46 47 59 61 62 63
34 40 41 46 47 59 61 62 63 73
34 40 41 46 47 59 61 62 63 71 72
34 40 41 46 47 49 59 61
34 40 41 46 47 49 59 61 73
34 40 41 46 47 49 59 61 71 72
34 40 41 46 47 48 59 61 73
34 40 41 46 47 48 59 61 71 72
34 37 40 41 46 47 59 61
34 37 40 41 46 47 59 61 73
34 37 40 41 46 47 59 61 71 72
22 40 41 46 47 59 61
22 40 41 46 47 59 61 73
22 40 41 46 47 59 61 71 72
22 40 41 46 47 59 60 61
22 40 41 46 47 59 60 61 73
22 40 41 46 47 59 60 61 71 72
22 34 40 41 46 47 59 61
22 34 40 41 46 47 59 61 73
22 34 40 41 46 47 59 61 71 72
21 42 59 61 64 73
21 42 59 61 64 71 72
21 42 59 61 62 63 73
21 42 59 61 62 63 71 72
21 42 59 60 61 64 73
21 42 59 60 61 64 71 72
21 42 59 60 61 62 63 73
21 42 59 60 61 62 63 71 72
21 42 49 59 61 73
21 42 49 59 61 71 72
21 42 49 59 60 61 73
21 42 49 59 60 61 71 72
21 42 47 48 59 61 73
21 42 47 48 59 61 71 72
21 42 47 48 59 60 61 73
21 42 47 48 59 60 61 71 72
21 42 46 59 61 64
21 42 46 59 61 62 63
21 42 46 59 60 61 64
21 42 46 59 60 61 62 63
21 42 46 49 59 61
21 42 46 49 59 60 61
21 42 46 47 48 59 61
21 42 46 47 48 59 60 61
21 37 42 59 61 73
21 37 42 59 61 71 72
21 37 42 59 60 61 73
21 37 42 59 60 61 71 72
21 37 42 46 59 61
21 37 42 46 59 60 61
21 34 42 59 61 64 73
21 34 42 59 61 64 71 72
21 34 42 59 61 62 63 73
21 34 42 59 61 62 63 71 72
21 34 42 49 59 61 73
21 34 42 49 59 61 71 72
21 34 42 47 48 59 61 73
21 34 42 47 48 59 61 71 72
21 34 42 46 59 61 64
21 34 42 46 59 61 62 63
21 34 42 46 49 59 61
21 34 42 46 47 48 59 61
21 34 37 42 59 61 73
21 34 37 42 59 61 71 72
21 34 37 42 46 59 61
21 22 42 59 61 73
21 22 42 59 61 71 72
21 22 42 59 60 61 73
21 22 42 59 60 61 71 72
21 22 42 46 59 61
21 22 42 46 59 60 61
21 22 34 42 59 61 73
21 22 34 42 59 61 71 72
21 22 34 42 46 59 61
68
48 59 61 73
48 59 61 71 72
48 59 60 61 73
48 59 60 61 71 72
46 48 59 61
46 48 59 60 61
46 47 59 61
46 47 59 61 73
46 47 59 61 71 72
46 47 59 60 61
46 47 59 60 61 73
46 47 59 60 61 71 72
34 48 59 61 73
34 48 59 61 71 72
34 46 48 59 61
34 46 47 59 61
34 46 47 59 61 73
34 46 47 59 61 71 72
21 59 61 73
21 59 61 71 72
21 59 60 61 73
21 59 60 61 71 72
21 46 59 61
21 46 59 60 61
21 34 59 61 73
21 34 59 61 71 72
21 34 46 59 61
15 46 47 59 61 64
15 46 47 59 61 64 73
15 46 47 59 61 64 71 72
15 46 47 59 61 62 63
15 46 47 59 61 62 63 73
15 46 47 59 61 62 63 71 72
15 46 47 59 60 61 64
15 46 47 59 60 61 64 73
15 46 47 59 60 61 64 71 72
15 46 47 59 60 61 62 63
15 46 47 59 60 61 62 63 73
15 46 47 59 60 61 62 63 71 72
15 46 47 49 59 61
15 46 47 49 59 61 73
15 46 47 49 59 61 71 72
15 46 47 49 59 60 61
15 46 47 49 59 60 61 73
15 46 47 49 59 60 61 71 72
15 46 47 48 59 61 73
15 46 47 48 59 61 71 72
15 46 47 48 59 60 61 73
15 46 47 48 59 60 61 71 72
15 37 46 47 59 61
15 37 46 47 59 61 73
15 37 46 47 59 61 71 72
15 37 46 47 59 60 61
15 37 46 47 59 60 61 73
15 37 46 47 59 60 61 71 72
15 34 46 47 59 61 64
15 34 46 47 59 61 64 73
15 34 46 47 59 61 64 71 72
15 34 46 47 59 61 62 63
15 34 46 47 59 61 62 63 73
15 34 46 47 59 61 62 63 71 72
15 34 46 47 49 59 61
15 34 46 47 49 59 61 73
15 34 46 47 49 59 61 71 72
15 34 46 47 48 59 61 73
15 34 46 47 48 59 61 71 72
15 34 37 46 47 59 61
15 34 37 46 47 59 61 73
15 34 37 46 47 59 61 71 72
15 22 46 47 59 61
15 22 46 47 59 61 73
15 22 46 47 59 61 71 72
15 22 46 47 59 60 61
15 22 46 47 59 60 61 73
15 22 46 47 59 60 61 71 72
15 22 34 46 47 59 61
15 22 34 46 47 59 61 73
15 22 34 46 47 59 61 71 72
42 48 59 60 61 63 73
42 48 59 60 61 63 71 72
42 48 59 60 61 62 73
42 48 59 60 61 62 71 72
42 46 48 59 60 61 63
42 46 48 59 60 61 62
42 46 47 59 60 61 63
42 46 47 59 60 61 63 73
42 46 47 59 60 61 63 71 72
42 46 47 59 60 61 62
42 46 47 59 60 61 62 73
42 46 47 59 60 61 62 71 72
40 41 48 59 60 61 63 73
40 41 48 59 60 61 63 71 72
40 41 48 59 60 61 62 73
40 41 48 59 60 61 62 71 72
40 41 46 48 59 60 61 63
40 41 46 48 59 60 61 62
40 41 46 47 59 60 61 63
40 41 46 47 59 60 61 63 73
40 41 46 47 59 60 61 63 71 72
40 41 46 47 59 60 61 62
40 41 46 47 59 60 61 62 73
40 41 46 47 59 60 61 62 71 72
36 42 48 59 60 61 73
36 42 48 59 60 61 71 72
36 42 46 48 59 60 61
36 42 46 47 59 60 61
36 42 46 47 59 60 61 73
36 42 46 47 59 60 61 71 72
36 40 41 48 59 60 61 73
36 40 41 48 59 60 61 71 72
36 40 41 46 48 59 60 61
36 40 41 46 47 59 60 61
36 40 41 46 47 59 60 61 73
36 40 41 46 47 59 60 61 71 72
34 42 48 59 61 63 73
34 42 48 59 61 63 71 72
34 42 48 59 61 62 73
34 42 48 59 61 62 71 72
34 42 46 48 59 61 63
34 42 46 48 59 61 62
34 42 46 47 59 61 63
34 42 46 47 59 61 63 73
34 42 46 47 59 61 63 71 72
34 42 46 47 59 61 62
34 42 46 47 59 61 62 73
34 42 46 47 59 61 62 71 72
34 40 41 48 59 61 63 73
34 40 41 48 59 61 63 71 72
34 40 41 48 59 61 62 73
34 40 41 48 59 61 62 71 72
34 40 41 46 48 59 61 63
34 40 41 46 48 59 61 62
34 40 41 46 47 59 61 63
34 40 41 46 47 59 61 63 73
34 40 41 46 47 59 61 63 71 72
34 40 41 46 47 59 61 62
34 40 41 46 47 59 61 62 73
34 40 41 46 47 59 61 62 71 72
34 36 42 48 59 61 73
34 36 42 48 59 61 71 72
34 36 42 46 48 59 61
34 36 42 46 47 59 61
34 36 42 46 47 59 61 73
34 36 42 46 47 59 61 71 72
34 36 40 41 48 59 61 73
34 36 40 41 48 59 61 71 72
34 36 40 41 46 48 59 61
34 36 40 41 46 47 59 61
34 36 40 41 46 47 59 61 73
34 36 40 41 46 47 59 61 71 72
21 42 59 60 61 63 73
21 42 59 60 61 63 71 72
21 42 59 60 61 62 73
21 42 59 60 61 62 71 72
21 42 46 59 60 61 63
21 42 46 59 60 61 62
21 40 41 59 60 61 63 73
21 40 41 59 60 61 63 71 72
21 40 41 59 60 61 62 73
21 40 41 59 60 61 62 71 72
21 40 41 46 59 60 61 63
21 40 41 46 59 60 61 62
21 36 42 59 60 61 73
21 36 42 59 60 61 71 72
21 36 42 46 59 60 61
21 36 40 41 59 60 61 73
21 36 40 41 59 60 61 71 72
21 36 40 41 46 59 60 61
21 34 42 59 61 63 73
21 34 42 59 61 63 71 72
21 34 42 59 61 62 73
21 34 42 59 61 62 71 72
21 34 42 46 59 61 63
21 34 42 46 59 61 62
21 34 40 41 59 61 63 73
21 34 40 41 59 61 63 71 72
21 34 40 41 59 61 62 73
21 34 40 41 59 61 62 71 72
21 34 40 41 46 59 61 63
21 34 40 41 46 59 61 62
21 34 36 42 59 61 73
21 34 36 42 59 61 71 72
21 34 36 42 46 59 61
21 34 36 40 41 59 61 73
21 34 36 40 41 59 61 71 72
21 34 36 40 41 46 59 61
15 48 59 60 61 63 73
15 48 59 60 61 63 71 72
15 48 59 60 61 62 73
15 48 59 60 61 62 71 72
15 46 48 59 60 61 63
15 46 48 59 60 61 62
15 46 47 59 60 61 63
15 46 47 59 60 61 63 73
15 46 47 59 60 61 63 71 72
15 46 47 59 60 61 62
15 46 47 59 60 61 62 73
15 46 47 59 60 61 62 71 72
15 36 48 59 60 61 73
15 36 48 59 60 61 71 72
15 36 46 48 59 60 61
15 36 46 47 59 60 61
15 36 46 47 59 60 61 73
15 36 46 47 59 60 61 71 72
15 34 48 59 61 63 73
15 34 48 59 61 63 71 72
15 34 48 59 61 62 73
15 34 48 59 61 62 71 72
15 34 46 48 59 61 63
15 34 46 48 59 61 62
15 34 46 47 59 61 63
15 34 46 47 59 61 63 73
15 34 46 47 59 61 63 71 72
15 34 46 47 59 61 62
15 34 46 47 59 61 62 73
15 34 46 47 59 61 62 71 72
15 34 36 48 59 61 73
15 34 36 48 59 61 71 72
15 34 36 46 48 59 61
15 34 36 46 47 59 61
15 34 36 46 47 59 61 73
15 34 36 46 47 59 61 71 72
15 21 59 60 61 63 73
15 21 59 60 61 63 71 72
15 21 59 60 61 62 73
15 21 59 60 61 62 71 72
15 21 46 59 60 61 63
15 21 46 59 60 61 62
15 21 36 59 60 61 73
15 21 36 59 60 61 71 72
15 21 36 46 59 60 61
15 21 34 59 61 63 73
15 21 34 59 61 63 71 72
15 21 34 59 61 62 73
15 21 34 59 61 62 71 72
15 21 34 46 59 61 63
15 21 34 46 59 61 62
15 21 34 36 59 61 73
15 21 34 36 59 61 71 72
15 21 34 36 46 59 61
42 59 73 78
42 59 73 76 77
42 59 71 72 78
42 59 71 72 76 77
42 51 59 73
42 51 59 71 72
42 46 59 78
42 46 59 76 77
42 46 51 59
40 41 59 73 78
40 41 59 73 76 77
40 41 59 71 72 78
40 41 59 71 72 76 77
40 41 51 59 73
40 41 51 59 71 72
40 41 46 59 78
40 41 46 59 76 77
40 41 46 51 59
15 59 73 78
15 59 73 76 77
15 59 71 72 78
15 59 71 72 76 77
15 51 59 73
15 51 59 71 72
15 46 59 78
15 46 59 76 77
15 46 51 59
