79
78 79
77 78
75
74
73
73 78 79
73 74
71 78 79
71 72 78 79
70
70 71 73
70 71 72
69 77 78 79
69 73
69 71 72
69 70
69 70 78 79
68
68 79
68 78
68 77 78
68 77 78 79
68 76 77
68 73 78
68 73 76 77
68 71 78 79
68 71 72 78
68 71 72 76 77
68 69 78 79
68 69 73
68 69 71 72
68 69 70
68 69 70 78 79
67
67 73
67 73 78 79
67 71 78 79
67 71 72
67 71 72 78 79
67 69 78 79
67 69 70 78 79
67 68
67 68 78 79
67 68 71
67 68 69 70
66 78 79
66 73
66 71 72
66 68
66 67 78 79
66 67 69
66 67 68 69
65
65 78
65 76 77
65 73 78 79
65 71 72 78 79
65 69
65 68 78
65 68 78 79
65 68 76 77
65 68 69 78 79
65 67
65 67 68 78 79
65 66 73
65 66 73 78 79
65 66 71 78 79
65 66 71 72
65 66 71 72 78 79
65 66 69 78 79
65 66 69 70 78 79
65 66 68
65 66 68 78 79
65 66 68 77 78 79
65 66 68 73
65 66 68 71 72
65 66 67
65 66 67 78 79
65 66 67 68 78 79
64
64 78 79
64 69
64 68
64 67 68
64 65
64 65 78 79
64 65 73
64 65 71 72
64 65 68
64 65 68 69
64 65 66 68
63 78 79
63 69
63 69 78 79
63 68
63 68 69 78 79
63 67 78 79
63 65 66 78 79
63 64 78 79
63 64 69
63 64 68 78 79
63 64 67
63 64 65
63 64 65 66
63 64 65 66 68
62
62 69
62 68
62 67 68
62 63
61 78
61 76 77
61 69
61 68
61 67
61 67 78 79
61 67 73
61 67 71 72
61 67 68
61 66
61 65 66
61 65 66 78 79
61 65 66 73
61 65 66 71 72
61 64 65
61 63 64 78 79
61 62 78 79
61 62 69
61 62 69 78 79
61 62 68
61 62 68 69 78 79
61 62 67 78 79
61 62 65 66 78 79
61 62 64
61 62 63
60 69
60 68
60 65 66 68
60 61
59 69 78 79
59 67 68
59 67 68 78 79
59 65 68
59 65 66 68
59 63
59 63 64 68
59 61
59 61 68
59 61 62
57 73 78
57 73 76 77
57 71 72 78
57 71 72 76 77
57 69
57 68
57 67
57 67 68
57 65 66
57 63 73
57 63 71 72
57 61 73 78 79
57 61 71 72 78 79
57 61 62 73
57 61 62 71 72
57 58 78 79
57 58 69 78 79
57 58 69 73
57 58 69 71 72
57 58 68 69
57 58 67 68
57 58 67 68 78 79
57 58 67 68 73
57 58 67 68 71 72
56 78 79
56 69
56 68
56 68 78 79
56 67
56 65
56 65 66
56 65 66 68
56 61 78 79
56 59 68
55
55 73
55 71 72
55 69 73
55 69 71
55 69 71 72
55 69 70
55 68 69
55 67 68
55 67 68 73
55 67 68 71
55 67 68 71 72
55 67 68 69 70
55 65 68
55 64
55 63 78 79
55 63 64 68
55 61
55 61 78 79
55 61 71
55 61 69 71
55 61 67 68 71
55 61 67 68 69 70
55 61 62 78 79
55 56 69
55 56 67 68
54 73
54 71 72
54 69
54 69 78 79
54 68
54 68 78
54 68 76 77
54 68 69 78 79
54 67
54 67 78 79
54 67 68
54 67 68 78 79
54 67 68 73
54 67 68 71 72
54 65 68 78 79
54 65 66
54 65 66 78 79
54 65 66 68
54 65 66 68 78 79
54 65 66 68 73
54 65 66 68 71 72
54 64
54 63 64 68 78 79
54 62 63
54 61
54 59
54 56 68 78 79
54 55
54 55 69
54 55 68 78 79
54 55 68 69
54 55 67
54 55 67 68
54 55 65
54 55 65 66
54 55 65 66 68
54 55 61 78 79
54 55 61 69 71
54 55 61 69 70
54 55 61 67 68 71
54 55 61 67 68 69 70
54 55 59 68
53
53 73
53 71
53 71 72
53 69 79
53 69 77 78
53 69 70
53 68 79
53 68 77 78
53 68 71
53 68 69
53 68 69 70
53 67 73
53 67 71
53 67 71 72
53 67 69
53 67 69 70
53 66
53 66 67
53 65 73
53 65 71 72
53 65 68
53 65 68 69
53 65 67 68
53 65 66 73
53 65 66 71
53 65 66 71 72
53 65 66 69
53 65 66 69 70
53 65 66 68 79
53 65 66 68 77 78
53 65 66 67
53 65 66 67 68
53 64
53 64 65
53 63
53 63 69
53 63 68 69
53 63 67
53 63 65 66
53 63 64
53 63 64 68
53 61 67
53 61 65 66
53 61 63 64
53 61 62
53 61 62 69
53 61 62 68 69
53 61 62 67
53 61 62 65 66
53 59 69
53 59 67 68
53 57 61 73
53 57 61 71 72
53 57 58
53 57 58 69
53 57 58 67 68
53 56
53 56 68
53 56 61
53 55 63
53 55 61
53 55 61 62
53 54 68
53 54 68 69
53 54 67
53 54 65 68
53 54 65 66
53 54 65 66 68
53 54 63 64 68
53 54 61
53 54 61 71
53 54 61 69 70
53 54 56 68
53 54 55
53 54 55 68
53 54 55 61
52 78
52 78 79
52 76 77
52 73 78 79
52 71 72 78 79
52 69
52 69 78 79
52 68
52 68 78 79
52 67 78 79
52 67 73
52 67 71 72
52 67 68
52 66
52 65 66 78 79
52 65 66 73
52 65 66 71 72
52 65 66 68 78 79
52 64 65
52 63
52 63 64 78 79
52 61 62
52 60
52 56 78 79
52 55
52 55 78 79
52 54 55 78 79
52 53 73
52 53 71 72
52 53 69
52 53 69 78 79
52 53 68
52 53 68 69 78 79
52 53 67 78 79
52 53 67 68
52 53 65 66 78 79
52 53 65 66 68
52 53 64
52 53 63 64
52 53 62 63
52 53 61
52 53 59
52 53 56
52 53 55 78 79
52 53 54 55
51 69
51 68 73
51 68 71 72
51 68 69
51 68 69 73
51 68 69 71 72
51 67 68 73
51 67 68 71 72
51 65
51 65 68
51 61
51 61 69
51 61 67 68
51 57 73
51 57 71 72
51 55 69
51 55 67 68
51 54 68
51 52 54 69
51 52 54 67 68
50
50 69
50 68 78 79
50 68 69
50 53 68
49 68
49 68 78 79
49 53 68
49 50 69
49 50 68
49 50 68 69
49 50 68 69 73
49 50 68 69 71 72
49 50 67 68 73
49 50 67 68 71 72
49 50 61 69
49 50 61 67 68
49 50 55 69
49 50 55 67 68
49 50 52 69
49 50 52 67 68
48
48 69
48 67 68
48 57 73
48 57 71 72
48 57 63 73
48 57 63 71 72
48 57 61 62 73
48 57 61 62 71 72
48 49
48 49 69
48 49 68 78 79
48 49 68 69
48 49 53 68
47
47 68
47 48 68
47 48 68 78 79
47 48 53 68
46
46 78 79
46 72
46 70 71
46 68
46 68 78
46 68 76 77
46 67
46 67 78 79
46 66
46 65 78 79
46 65 68
46 65 66
46 65 66 78 79
46 65 66 68
46 64 65
46 63
46 63 64 68
46 61 67
46 61 65 66
46 61 62
46 57 78
46 57 76 77
46 57 63
46 57 61 78 79
46 57 61 62
46 57 58 69
46 57 58 67 68
46 56 68
46 55 69
46 55 67 68
46 54 67 68
46 54 65 66 68
46 54 55 68
46 53
46 53 67
46 53 65
46 53 65 66
46 53 57 61
46 52 78 79
46 52 67
46 52 65 66
46 51 68
46 51 68 69
46 51 67 68
46 51 57
46 49 50 68 69
46 49 50 67 68
46 48 57
46 48 57 63
46 48 57 61 62
46 47 57
46 47 57 73
46 47 57 71 72
46 47 57 63
46 47 57 63 73
46 47 57 63 71 72
46 47 57 61 62
46 47 57 61 62 73
46 47 57 61 62 71 72
45 78 79
45 67 68
45 65 66 68
45 53
44 78 79
44 68 78 79
44 68 69
44 67 78 79
44 65 66 78 79
44 57 73 78
44 57 73 76 77
44 57 71 72 78
44 57 71 72 76 77
44 55 69
44 55 67 68
44 55 61
44 55 61 69
44 55 61 67 68
44 54 55 61 69
44 54 55 61 67 68
44 53
44 53 68
44 53 67
44 53 65 66
44 53 54 61
44 51 57 73
44 51 57 71 72
44 46 57 78
44 46 57 76 77
44 46 51 57
44 45 69
44 45 68 69
44 45 63
44 45 61 62
44 45 55
44 45 54
44 45 52 53
43 78
43 78 79
43 76 77
43 73 78 79
43 71 72 78 79
43 68 69
43 67 78 79
43 67 73
43 67 71 72
43 67 68
43 66
43 65 66 78 79
43 65 66 73
43 65 66 71 72
43 64 65
43 63
43 63 64 78 79
43 61 62
43 60
43 56 78 79
43 55
43 55 78 79
43 54 55 78 79
43 53
43 53 73
43 53 71 72
43 53 67
43 53 65 66
43 53 63 64
43 53 56
43 53 55
43 53 54 55
43 51
43 51 69
43 51 67 68
43 49 50 69
43 49 50 67 68
43 46 78 79
43 46 67
43 46 65 66
43 46 53
43 44 68
43 44 68 69
43 44 67 68
43 44 61
43 44 52
42 77 78 79
42 73
42 71 72
42 70
42 68
42 68 78 79
42 68 73
42 68 71 72
42 68 70
42 67 78 79
42 66 67
42 66 67 68
42 65
42 65 68 78 79
42 65 66 78 79
42 64
42 64 65 68
42 63
42 63 78 79
42 63 68 78 79
42 63 64
42 62
42 61
42 61 62
42 61 62 78 79
42 61 62 68 78 79
42 60
42 59 78 79
42 57
42 57 61 73 78
42 57 61 73 76 77
42 57 61 71 72 78
42 57 61 71 72 76 77
42 57 60 61 63 73
42 57 60 61 63 71 72
42 57 60 61 62 73
42 57 60 61 62 71 72
42 57 59 60 73
42 57 59 60 71 72
42 57 59 60 61 73
42 57 59 60 61 71 72
42 57 58 78 79
42 57 58 73
42 57 58 71 72
42 57 58 68
42 57 58 61 73
42 57 58 61 71 72
42 57 58 59 61 63 73
42 57 58 59 61 63 71 72
42 57 58 59 61 62 73
42 57 58 59 61 62 71 72
42 57 58 59 60 61 73
42 57 58 59 60 61 71 72
42 56
42 55 73
42 55 71
42 55 71 72
42 55 69 70
42 55 68
42 55 61 71
42 55 61 69 70
42 55 56
42 54
42 54 78 79
42 54 68 78 79
42 54 55
42 54 55 68
42 54 55 61 71
42 54 55 61 69 70
42 53 79
42 53 77 78
42 53 68
42 53 67
42 53 65 68
42 53 65 66
42 53 63
42 53 63 68
42 53 61 62
42 53 61 62 68
42 53 59
42 53 57 58
42 53 54 68
42 52
42 52 78 79
42 52 53
42 52 53 78 79
42 52 53 68 78 79
42 51
42 51 68
42 51 68 73
42 51 68 71 72
42 51 61
42 51 57 61 73
42 51 57 61 71 72
42 51 55
42 51 52 54
42 50
42 50 68
42 49 50
42 49 50 68
42 49 50 68 73
42 49 50 68 71 72
42 49 50 61
42 49 50 55
42 49 50 52
42 48
42 48 49
42 48 49 68
42 46 57 61 78
42 46 57 61 76 77
42 46 57 60 61 63
42 46 57 60 61 62
42 46 57 59 60
42 46 57 59 60 61
42 46 57 58
42 46 57 58 61
42 46 57 58 59 61 63
42 46 57 58 59 61 62
42 46 57 58 59 60 61
42 46 55
42 46 51 68
42 46 51 57 61
42 46 49 50 68
42 44 68
42 44 55
42 44 55 61
42 44 54 55 61
42 44 45
42 44 45 68
42 43 68 69
42 43 67 68
42 43 57 73 78
42 43 57 73 76 77
42 43 57 71 72 78
42 43 57 71 72 76 77
42 43 51
42 43 51 57 73
42 43 51 57 71 72
42 43 49 50
42 43 46 57 78
42 43 46 57 76 77
42 43 46 51 57
42 43 44 68
41 69
41 68
41 68 69
41 67 78 79
41 65 68
41 65 66 78 79
41 63 64 68
41 56 68
41 54 55 68
41 53 67
41 53 65 66
41 42
41 42 68
40
40 78 79
40 73
40 73 78 79
40 71 78 79
40 71 72
40 71 72 78 79
40 69 78 79
40 69 70 78 79
40 68
40 68 78 79
40 68 77 78 79
40 68 73
40 68 71 72
40 67
40 67 68 78 79
40 66 68
40 66 67 78 79
40 65
40 65 68
40 64 65 68
40 63 78 79
40 63 64
40 63 64 68
40 61
40 61 78 79
40 61 73
40 61 71 72
40 61 62 78 79
40 60 68
40 59 68
40 57
40 56
40 56 68
40 55
40 54
40 54 78 79
40 54 68
40 54 68 78 79
40 54 68 73
40 54 68 71 72
40 54 55
40 54 55 68
40 53
40 53 73
40 53 71
40 53 71 72
40 53 69
40 53 69 70
40 53 68 79
40 53 68 77 78
40 53 67 68
40 53 66 67
40 53 63
40 53 61
40 53 61 62
40 53 54
40 53 54 68
40 52 78 79
40 52 73
40 52 71 72
40 52 68 78 79
40 52 53 78 79
40 52 53 68
40 46
40 46 78 79
40 46 68
40 46 61
40 46 54 68
40 46 53
40 46 52
40 45 68
40 44 78 79
40 44 53
40 43 78 79
40 43 73
40 43 71 72
40 43 53
40 43 46
40 42 78 79
40 42 53
40 41 78 79
40 41 57 61 73 78
40 41 57 61 73 76 77
40 41 57 61 71 72 78
40 41 57 61 71 72 76 77
40 41 57 60 61 63 73
40 41 57 60 61 63 71 72
40 41 57 60 61 62 73
40 41 57 60 61 62 71 72
40 41 57 59 60 73
40 41 57 59 60 71 72
40 41 57 59 60 61 73
40 41 57 59 60 61 71 72
40 41 57 58 61 73
40 41 57 58 61 71 72
40 41 57 58 59 61 63 73
40 41 57 58 59 61 63 71 72
40 41 57 58 59 61 62 73
40 41 57 58 59 61 62 71 72
40 41 57 58 59 60 61 73
40 41 57 58 59 60 61 71 72
40 41 53
40 41 51 57 61 73
40 41 51 57 61 71 72
40 41 46 57 61 78
40 41 46 57 61 76 77
40 41 46 57 60 61 63
40 41 46 57 60 61 62
40 41 46 57 59 60
40 41 46 57 59 60 61
40 41 46 57 58 61
40 41 46 57 58 59 61 63
40 41 46 57 58 59 61 62
40 41 46 57 58 59 60 61
40 41 46 51 57 61
39
39 78 79
39 73
39 71 72
39 68
39 68 69
39 65 66 68
39 61
39 53
39 52
39 46
39 43
39 42 68
39 40 68
39 40 65 68
39 40 63 64 68
39 40 56 68
39 40 54 55 68
38 78 79
38 73
38 71 72
38 69 78 79
38 69 73
38 69 71 72
38 68 69
38 67
38 67 68 78 79
38 67 68 73
38 67 68 71 72
38 65 66
38 65 66 68
38 53
38 53 69
38 53 67 68
38 46
38 46 69
38 46 67 68
38 42 78 79
38 42 73
38 42 71 72
38 42 68
38 42 53
38 42 46
38 40
38 40 68
38 39 78 79
38 39 55
38 39 53
37
37 68
37 68 69
37 67 68
37 55
37 42 68
36
36 78 79
36 73 78 79
36 71 78 79
36 71 72 78 79
36 69 78
36 69 76 77
36 69 70 78 79
36 68
36 68 78 79
36 68 73 78
36 68 73 78 79
36 68 73 76 77
36 68 71
36 68 71 78 79
36 68 71 72 78
36 68 71 72 78 79
36 68 71 72 76 77
36 68 69 70
36 68 69 70 78 79
36 67
36 67 69
36 67 69 78 79
36 67 68 78
36 67 68 78 79
36 67 68 76 77
36 65
36 65 66
36 65 66 69
36 65 66 69 78 79
36 65 66 68
36 65 66 67 68
36 65 66 67 68 78 79
36 64
36 63
36 63 69
36 63 69 78 79
36 63 68 69 78 79
36 63 67 78 79
36 63 67 68
36 63 65 66 78 79
36 62 63
36 61 78 79
36 61 68 69
36 61 67
36 61 67 68
36 61 65 66
36 61 62
36 61 62 69 78 79
36 61 62 68 69 78 79
36 60 69
36 60 67 78 79
36 60 67 68
36 60 65 66 78 79
36 59
36 59 67
36 59 65 66
36 59 63
36 59 61 62
36 57 73
36 57 71 72
36 57 58 67
36 57 58 65 66
36 55
36 55 78 79
36 55 73
36 55 71 72
36 55 69 78 79
36 55 68
36 55 67 68 78 79
36 54
36 54 69
36 54 69 78 79
36 54 68 78 79
36 54 68 69
36 54 68 69 78 79
36 54 67 78 79
36 54 67 68
36 54 65 66 78 79
36 54 65 66 68
36 54 59
36 53
36 53 73
36 53 71
36 53 71 72
36 53 69 70
36 53 68
36 53 68 73
36 53 68 71
36 53 68 71 72
36 53 68 69 70
36 53 67 69
36 53 67 68
36 53 65 66 69
36 53 65 66 67 68
36 53 63 69
36 53 63 68 69
36 53 63 67
36 53 63 65 66
36 53 61
36 53 61 62 69
36 53 61 62 68 69
36 53 60 67
36 53 60 65 66
36 53 55
36 53 55 69
36 53 55 67 68
36 53 54 69
36 53 54 68
36 53 54 68 69
36 53 54 67
36 53 54 65 66
36 52 78 79
36 52 73 78 79
36 52 71 72 78 79
36 52 69
36 52 67
36 52 67 68
36 52 65 66
36 52 53 73
36 52 53 71 72
36 52 53 69
36 52 53 69 78 79
36 52 53 68 69
36 52 53 68 69 78 79
36 52 53 59
36 51 69
36 51 68 73
36 51 68 71 72
36 51 67 68
36 48 57 73
36 48 57 71 72
36 46
36 46 78 79
36 46 68
36 46 68 78
36 46 68 78 79
36 46 68 76 77
36 46 57
36 46 55
36 46 53
36 46 53 68
36 46 52 78 79
36 46 52 53
36 46 51 68
36 46 48 57
36 46 47 57
36 46 47 57 73
36 46 47 57 71 72
36 45 69
36 45 67 78 79
36 45 67 68
36 45 65 66 78 79
36 45 53 67
36 45 53 65 66
36 44 78 79
36 44 68
36 44 68 78 79
36 44 53
36 44 53 68
36 44 45
36 43 78 79
36 43 73 78 79
36 43 71 72 78 79
36 43 69
36 43 67
36 43 67 68
36 43 65 66
36 43 53
36 43 53 73
36 43 53 71 72
36 43 46 78 79
36 43 46 53
36 42 78
36 42 76 77
36 42 67
36 42 67 78 79
36 42 65 66
36 42 65 66 78 79
36 42 63
36 42 63 78 79
36 42 63 68 78 79
36 42 61 68
36 42 61 62 78 79
36 42 61 62 68 78 79
36 42 60
36 42 57 60 61 73
36 42 57 60 61 71 72
36 42 57 58 59 61 73
36 42 57 58 59 61 71 72
36 42 55 78 79
36 42 54
36 42 54 78 79
36 42 54 68
36 42 54 68 78 79
36 42 53 67
36 42 53 65 66
36 42 53 63
36 42 53 63 68
36 42 53 61 62
36 42 53 61 62 68
36 42 53 55
36 42 53 54
36 42 53 54 68
36 42 52
36 42 52 53
36 42 52 53 78 79
36 42 52 53 68
36 42 52 53 68 78 79
36 42 51
36 42 46 57 60 61
36 42 46 57 58 59 61
36 42 45
36 42 43
36 41 68
36 40
36 40 69
36 40 69 78 79
36 40 68
36 40 67 68
36 40 67 68 78 79
36 40 63 78 79
36 40 61
36 40 60 78 79
36 40 59
36 40 57 58
36 40 54 78 79
36 40 54 68
36 40 53 69
36 40 53 67 68
36 40 53 63
36 40 53 60
36 40 53 54
36 40 52
36 40 45 78 79
36 40 45 53
36 40 43
36 40 42
36 40 42 78 79
36 40 42 53
36 40 41 57 60 61 73
36 40 41 57 60 61 71 72
36 40 41 57 58 59 61 73
36 40 41 57 58 59 61 71 72
36 40 41 46 57 60 61
36 40 41 46 57 58 59 61
36 39 40 68
35 63
35 61 62
35 55
35 54
35 52 53
35 36
35 36 68 69
35 36 67 68
35 36 63
35 36 61 62
35 36 55
35 36 54
35 36 52 53
35 36 42 68
34
34 73
34 71 78 79
34 71 72
34 69
34 69 73 78 79
34 69 71 72 78 79
34 69 70 78 79
34 68 79
34 68 78
34 68 78 79
34 68 77 78
34 68 76 77
34 68 73
34 68 71
34 68 71 72
34 68 69 78 79
34 68 69 73 78 79
34 68 69 71
34 68 69 71 72 78 79
34 68 69 70
34 67
34 67 68
34 67 68 71
34 67 68 70
34 67 68 69
34 67 68 69 70
34 66 67
34 65 78 79
34 65 69
34 65 69 78 79
34 65 68 69 78 79
34 65 67
34 65 67 68
34 65 66 68
34 65 66 68 78 79
34 65 66 67
34 64 68 69
34 64 67 68
34 63 68 69
34 63 67 68
34 63 64 69
34 63 64 68 69 78 79
34 63 64 67
34 63 64 67 68
34 63 64 67 68 78 79
34 63 64 65 69 78 79
34 63 64 65 67 68 78 79
34 63 64 65 66
34 61
34 61 68
34 61 68 73
34 61 68 71 72
34 61 62 68 69
34 61 62 67 68
34 59 69 78 79
34 59 68
34 59 68 69
34 59 67 68
34 59 67 68 78 79
34 57 58
34 57 58 69 78 79
34 57 58 68 69 78 79
34 56 69
34 56 68 69
34 56 68 69 78 79
34 56 67
34 56 67 68 78 79
34 56 65 69 78 79
34 56 65 67 68 78 79
34 56 65 66
34 55 78 79
34 55 73
34 55 71 72
34 55 69 78 79
34 55 68 73
34 55 68 71 72
34 55 68 69
34 55 67
34 55 67 68
34 55 67 68 78 79
34 55 65 66
34 55 61 69 78 79
34 55 61 67 68 78 79
34 55 59
34 54
34 54 68
34 54 61 68
34 54 55 69
34 54 55 68 69
34 54 55 68 69 78 79
34 54 55 67
34 54 55 67 68 78 79
34 54 55 65 69 78 79
34 54 55 65 67 68 78 79
34 54 55 65 66
34 53 71
34 53 69 73
34 53 69 71 72
34 53 69 70
34 53 68
34 53 68 69
34 53 68 69 73
34 53 68 69 71 72
34 53 65
34 53 65 69
34 53 65 68 69
34 53 65 66 68
34 53 63 64 68 69
34 53 63 64 67 68
34 53 63 64 65 69
34 53 63 64 65 67 68
34 53 59 69
34 53 59 67 68
34 53 57 58 69
34 53 57 58 68 69
34 53 56 68 69
34 53 56 67 68
34 53 56 65 69
34 53 56 65 67 68
34 53 55
34 53 55 69
34 53 55 67 68
34 53 55 61 69
34 53 55 61 67 68
34 53 54 55 68 69
34 53 54 55 67 68
34 53 54 55 65 69
34 53 54 55 65 67 68
34 52
34 52 78 79
34 52 69
34 52 68
34 52 67 68
34 52 61
34 52 59
34 52 53 68 69
34 52 53 67 68
34 51 68
34 46
34 46 68
34 46 68 69 78 79
34 46 67
34 46 67 68 78 79
34 46 65 66
34 46 61 68
34 46 55
34 46 55 68
34 46 53 68 69
34 46 53 67
34 46 53 67 78 79
34 46 53 67 68
34 46 53 65 66
34 46 53 65 66 78 79
34 46 51 52 67 78 79
34 46 51 52 65 66 78 79
34 46 51 52 53 67
34 46 51 52 53 65 66
34 44 78 79
34 44 68
34 44 68 69
34 44 67 68
34 44 55 67 78 79
34 44 55 65 66 78 79
34 44 53
34 44 53 55 67
34 44 53 55 65 66
34 44 53 54 67
34 44 53 54 67 78 79
34 44 53 54 65 66
34 44 53 54 65 66 78 79
34 44 45 69 78 79
34 44 45 67 68 78 79
34 44 45 53 69
34 44 45 53 67
34 44 45 53 67 78 79
34 44 45 53 67 68
34 44 45 53 65 66
34 44 45 53 65 66 78 79
34 44 45 51 52 67 78 79
34 44 45 51 52 65 66 78 79
34 44 45 51 52 53 67
34 44 45 51 52 53 65 66
34 43
34 43 78 79
34 43 69
34 43 68 69
34 43 61
34 43 59
34 43 53
34 42
34 42 73 78 79
34 42 71 72 78 79
34 42 68
34 42 68 78 79
34 42 68 73 78 79
34 42 68 71
34 42 68 71 72 78 79
34 42 68 70
34 42 68 69
34 42 68 69 70
34 42 65
34 42 65 78 79
34 42 65 68 78 79
34 42 64 68
34 42 63 68
34 42 63 64
34 42 63 64 68 78 79
34 42 63 64 65 78 79
34 42 61 62 68
34 42 59 78 79
34 42 59 68
34 42 57 73
34 42 57 71 72
34 42 57 61 73
34 42 57 61 71 72
34 42 57 58 78 79
34 42 57 58 68 78 79
34 42 57 58 61 73
34 42 57 58 61 71 72
34 42 56
34 42 56 68
34 42 56 68 78 79
34 42 56 65 78 79
34 42 55 78 79
34 42 55 68
34 42 55 61 78 79
34 42 54 55
34 42 54 55 68
34 42 54 55 68 78 79
34 42 54 55 65 78 79
34 42 53 73
34 42 53 71 72
34 42 53 68
34 42 53 68 73
34 42 53 68 71 72
34 42 53 65
34 42 53 65 68
34 42 53 63 64 68
34 42 53 63 64 65
34 42 53 59
34 42 53 57 58
34 42 53 57 58 68
34 42 53 56 68
34 42 53 56 65
34 42 53 55
34 42 53 55 61
34 42 53 54 55 68
34 42 53 54 55 65
34 42 52
34 42 52 53 68
34 42 46 68 78 79
34 42 46 57
34 42 46 57 61
34 42 46 57 58 61
34 42 46 53 68
34 42 44 68
34 42 44 45 78 79
34 42 44 45 53
34 42 43
34 42 43 68
34 42 43 55 67 78 79
34 42 43 55 65 66 78 79
34 42 43 53 55 67
34 42 43 53 55 65 66
34 42 43 53 54 67
34 42 43 53 54 67 78 79
34 42 43 53 54 65 66
34 42 43 53 54 65 66 78 79
34 41 67
34 41 65 66
34 40
34 40 68
34 40 68 78 79
34 40 68 69
34 40 67 68
34 40 66 67
34 40 65
34 40 63 64
34 40 56
34 40 55
34 40 54 55
34 40 53 68
34 40 46
34 40 46 53
34 40 46 53 78 79
34 40 46 51 52 78 79
34 40 46 51 52 53
34 40 44 55 78 79
34 40 44 53 55
34 40 44 53 54
34 40 44 53 54 78 79
34 40 44 45 53
34 40 44 45 53 78 79
34 40 44 45 51 52 78 79
34 40 44 45 51 52 53
34 40 42 68
34 40 42 43 55 78 79
34 40 42 43 53 55
34 40 42 43 53 54
34 40 42 43 53 54 78 79
34 40 41
34 40 41 57 73
34 40 41 57 71 72
34 40 41 57 61 73
34 40 41 57 61 71 72
34 40 41 57 58 61 73
34 40 41 57 58 61 71 72
34 40 41 46 57
34 40 41 46 57 61
34 40 41 46 57 58 61
34 38 39 68 69
34 38 39 67 68
34 38 39 42 68
34 37 69 78 79
34 37 67 68 78 79
34 37 53 69
34 37 53 67
34 37 53 67 78 79
34 37 53 67 68
34 37 53 65 66
34 37 53 65 66 78 79
34 37 51 52 67 78 79
34 37 51 52 65 66 78 79
34 37 51 52 53 67
34 37 51 52 53 65 66
34 37 42 78 79
34 37 42 53
34 37 40 53
34 37 40 53 78 79
34 37 40 51 52 78 79
34 37 40 51 52 53
34 36 69
34 36 68
34 36 68 69
34 36 68 69 78 79
34 36 67
34 36 67 68 78 79
34 36 65 69 78 79
34 36 65 67 68 78 79
34 36 65 66
34 36 53 68 69
34 36 53 67 68
34 36 53 65 69
34 36 53 65 67 68
34 36 42
34 36 42 68
34 36 42 68 78 79
34 36 42 65 78 79
34 36 42 53 68
34 36 42 53 65
34 36 40
34 35
34 35 68
34 35 68 69
34 35 67 68
34 35 61
34 35 55 67 78 79
34 35 55 65 66 78 79
34 35 53 55 67
34 35 53 55 65 66
34 35 53 54 67
34 35 53 54 67 78 79
34 35 53 54 65 66
34 35 53 54 65 66 78 79
34 35 52
34 35 43
34 35 42 68
34 35 40 55 78 79
34 35 40 53 55
34 35 40 53 54
34 35 40 53 54 78 79
34 35 36 69 78 79
34 35 36 67 68 78 79
34 35 36 53 69
34 35 36 53 67
34 35 36 53 67 78 79
34 35 36 53 67 68
34 35 36 53 65 66
34 35 36 53 65 66 78 79
34 35 36 51 52 67 78 79
34 35 36 51 52 65 66 78 79
34 35 36 51 52 53 67
34 35 36 51 52 53 65 66
34 35 36 42 78 79
34 35 36 42 53
34 35 36 40 53
34 35 36 40 53 78 79
34 35 36 40 51 52 78 79
34 35 36 40 51 52 53
33 42 57 61 63 73
33 42 57 61 63 71 72
33 42 57 61 62 73
33 42 57 61 62 71 72
33 42 46 57 61 63
33 42 46 57 61 62
33 40 41 57 61 63 73
33 40 41 57 61 63 71 72
33 40 41 57 61 62 73
33 40 41 57 61 62 71 72
33 40 41 46 57 61 63
33 40 41 46 57 61 62
33 36 42 57 61 73
33 36 42 57 61 71 72
33 36 42 46 57 61
33 36 40 41 57 61 73
33 36 40 41 57 61 71 72
33 36 40 41 46 57 61
33 34 55 67 78 79
33 34 55 65 66 78 79
33 34 53 55 67
33 34 53 55 65 66
33 34 53 54 67
33 34 53 54 67 78 79
33 34 53 54 65 66
33 34 53 54 65 66 78 79
33 34 40 55 78 79
33 34 40 53 55
33 34 40 53 54
33 34 40 53 54 78 79
32
32 78 79
32 69 78 79
32 69 73
32 69 71 72
32 68 69
32 67 68
32 67 68 78 79
32 67 68 73
32 67 68 71 72
32 65 68
32 63 64 68
32 56 68
32 54 55 68
32 53
32 53 69
32 53 67 68
32 46 69
32 46 67 68
32 42 78 79
32 42 73
32 42 71 72
32 42 68
32 42 53
32 42 46
32 36 68
32 36 67
32 36 65 66
32 36 40
32 34
32 34 69 78 79
32 34 68 69 78 79
32 34 53 69
32 34 53 68 69
32 34 42 78 79
32 34 42 68 78 79
32 34 42 53
32 34 42 53 68
31 78 79
31 55
31 53
31 34 68 69
31 34 67 68
31 34 42 68
30 68
30 31
30 31 65 68
30 31 63 64 68
30 31 56 68
30 31 54 55 68
30 31 36 68
29
29 78 79
29 69
29 68 78 79
29 68 69
29 67
29 67 68
29 65
29 65 66
29 65 66 68
29 61 78 79
29 59 68
29 55 68
29 54 68 78 79
29 53
29 53 68
29 53 61
29 53 54 68
29 52 78 79
29 52 53
29 46 68
29 43 78 79
29 43 53
29 42
29 42 68
29 41 68
29 40
29 40 68
29 39 40 68
29 34 69
29 34 68 69
29 34 68 69 78 79
29 34 67
29 34 67 68 78 79
29 34 65 69 78 79
29 34 65 67 68 78 79
29 34 65 66
29 34 53 68 69
29 34 53 67 68
29 34 53 65 69
29 34 53 65 67 68
29 34 42
29 34 42 68
29 34 42 68 78 79
29 34 42 65 78 79
29 34 42 53 68
29 34 42 53 65
29 34 40
29 32 68
29 30 78 79
29 30 55
29 30 53
29 30 34 68 69
29 30 34 67 68
29 30 34 42 68
29 30 31 68
28 68
28 61
28 61 71
28 61 69 71
28 61 67 68 71
28 61 67 68 69 70
28 55
28 54 61 69 71
28 54 61 69 70
28 54 61 67 68 71
28 54 61 67 68 69 70
28 44 61
28 44 61 69
28 44 61 67 68
28 44 54 61 69
28 44 54 61 67 68
28 42 61 71
28 42 61 69 70
28 42 54 61 71
28 42 54 61 69 70
28 42 44 61
28 42 44 54 61
28 34 44 67 78 79
28 34 44 65 66 78 79
28 34 44 53 67
28 34 44 53 65 66
28 34 42 43 67 78 79
28 34 42 43 65 66 78 79
28 34 42 43 53 67
28 34 42 43 53 65 66
28 34 40 44 78 79
28 34 40 44 53
28 34 40 42 43 78 79
28 34 40 42 43 53
28 34 35 67 78 79
28 34 35 65 66 78 79
28 34 35 53 67
28 34 35 53 65 66
28 34 35 40 78 79
28 34 35 40 53
28 33 34 67 78 79
28 33 34 65 66 78 79
28 33 34 53 67
28 33 34 53 65 66
28 33 34 40 78 79
28 33 34 40 53
27
27 69
27 69 78 79
27 68 69
27 68 69 78 79
27 67 78 79
27 67 68
27 65 66 78 79
27 64
27 62 63
27 61
27 59
27 55 78 79
27 53 69
27 53 68 69
27 53 67
27 53 65 66
27 53 55
27 46
27 44 45
27 42
27 42 78 79
27 42 68
27 42 68 78 79
27 42 53
27 42 53 68
27 40 78 79
27 40 53
27 36
27 36 69 78 79
27 36 68 69 78 79
27 36 59
27 36 53 69
27 36 53 68 69
27 36 42 78 79
27 36 42 68 78 79
27 36 42 53
27 36 42 53 68
27 35
27 35 36
27 34
27 34 68 69
27 34 67 68
27 34 42 68
26
26 55 69
26 55 67 68
26 54 69
26 54 67 68
26 42 55
26 42 54
26 34 46 67 78 79
26 34 46 65 66 78 79
26 34 46 53 67
26 34 46 53 65 66
26 34 44 45 67 78 79
26 34 44 45 65 66 78 79
26 34 44 45 53 67
26 34 44 45 53 65 66
26 34 40 46 78 79
26 34 40 46 53
26 34 40 44 45 78 79
26 34 40 44 45 53
26 34 37 67 78 79
26 34 37 65 66 78 79
26 34 37 53 67
26 34 37 53 65 66
26 34 37 40 78 79
26 34 37 40 53
26 34 35 36 67 78 79
26 34 35 36 65 66 78 79
26 34 35 36 53 67
26 34 35 36 53 65 66
26 34 35 36 40 78 79
26 34 35 36 40 53
25
25 78 79
25 69
25 69 78 79
25 68
25 68 73
25 68 71
25 68 71 72
25 68 69
25 68 69 70
25 67
25 67 68 78 79
25 66
25 65
25 65 78 79
25 65 66
25 64 65
25 63 68
25 63 64
25 61
25 61 62 68
25 60
25 56
25 55
25 55 61
25 54 68
25 54 55
25 53
25 53 69
25 53 67 68
25 53 65
25 52 53 68
25 46 68
25 45
25 44 68
25 42
25 42 78 79
25 42 68
25 42 53
25 40
25 39
25 36 69 78 79
25 36 67 68 78 79
25 36 53 69
25 36 53 67 68
25 36 42 78 79
25 36 42 53
25 34
25 34 78 79
25 34 68
25 34 65
25 34 63
25 34 63 64
25 34 61 63
25 34 56
25 34 54
25 34 54 61
25 34 54 55
25 34 53
25 34 52 53
25 34 52 53 61
25 34 36
25 29
25 29 34
25 27 68
25 27 34
25 27 34 61
24
24 68
24 68 69
24 68 69 73
24 68 69 71 72
24 67
24 67 68
24 67 68 73
24 67 68 71 72
24 65 66
24 61 69
24 61 67 68
24 55 69
24 55 67 68
24 52 69
24 52 67 68
24 46 68 69
24 46 67 68
24 43 69
24 43 67 68
24 42 68
24 42 68 73
24 42 68 71 72
24 42 61
24 42 55
24 42 52
24 42 46 68
24 42 43
24 40
24 25
24 25 69
24 25 67 68
24 25 42
23
23 69
23 68 78 79
23 68 69
23 53 68
23 42
23 42 68
23 24 68
23 24 68 73
23 24 68 71
23 24 68 71 72
23 24 68 69 70
23 24 67
23 24 65 66
23 24 63 68
23 24 61 62 68
23 24 54 68
23 24 52 53 68
23 24 46 68
23 24 44 68
23 24 40
23 24 27 68
22
22 69
22 68
22 68 78 79
22 68 73
22 68 71 72
22 68 69
22 65 68
22 63 64 68
22 59 68
22 57 69
22 57 67 68
22 56 68
22 55
22 55 69
22 55 67 68
22 55 56 69
22 55 56 67 68
22 54 55 68
22 53 68
22 46 68
22 42
22 42 68
22 42 57
22 42 55
22 42 55 56
22 36 68
22 34 67
22 34 65 66
22 34 40
22 30 69
22 30 67 68
22 30 42
22 29 68
22 25 67
22 25 65 66
22 25 40
21 78 79
21 69 78 79
21 68
21 68 78 79
21 65 68
21 65 66 68 78 79
21 63 64 68
21 57 73
21 57 71 72
21 57 63 73
21 57 63 71 72
21 57 61 62 73
21 57 61 62 71 72
21 56 68
21 55
21 54 55 68
21 53
21 53 69
21 53 68
21 53 65 66 68
21 46 57
21 46 57 63
21 46 57 61 62
21 42 78 79
21 42 53
21 40 68 78 79
21 40 53 68
21 36 68
21 36 57 73
21 36 57 71 72
21 36 46 57
21 34 68 69
21 34 67 68
21 34 42 68
21 29 68
20
20 78 79
20 69
20 69 73
20 69 71
20 69 71 72
20 69 70
20 68
20 68 69
20 68 69 71
20 68 69 70
20 67
20 67 68 73
20 67 68 71 72
20 65 66
20 61
20 61 69
20 61 68 69
20 55 69
20 55 68
20 55 68 69
20 54 68
20 54 55 68
20 53
20 53 69
20 53 67 68
20 52 55
20 51 68 69
20 51 67 68
20 51 52 69
20 51 52 67 68
20 50 69
20 50 67 68
20 49 69
20 49 67 68
20 49 50 68 69
20 49 50 67 68
20 48 49 69
20 48 49 67 68
20 47 48 69
20 47 48 67 68
20 44 69
20 44 68 69
20 44 45 69
20 44 45 67 68
20 43 55
20 42
20 42 73
20 42 71
20 42 71 72
20 42 69 70
20 42 68
20 42 68 71
20 42 68 69 70
20 42 61
20 42 61 68
20 42 55
20 42 55 68
20 42 53
20 42 51 68
20 42 51 52
20 42 50
20 42 49
20 42 49 50 68
20 42 48 49
20 42 47 48
20 42 44
20 42 44 68
20 42 44 45
20 40
20 38 69 73
20 38 69 71 72
20 38 68 69
20 38 67
20 38 67 68
20 38 67 68 73
20 38 67 68 71 72
20 38 65 66
20 38 46 69
20 38 46 67 68
20 38 42 73
20 38 42 71 72
20 38 42 68
20 38 42 46
20 38 40
20 36
20 36 69 73
20 36 69 71 72
20 36 67
20 36 67 73
20 36 67 71
20 36 67 71 72
20 36 67 69 70
20 36 67 68 73
20 36 67 68 71 72
20 36 65 66
20 36 65 66 73
20 36 65 66 71
20 36 65 66 71 72
20 36 65 66 69 70
20 36 55
20 36 46 69
20 36 46 67
20 36 46 67 68
20 36 46 65 66
20 36 44 67
20 36 44 65 66
20 36 42 73
20 36 42 71 72
20 36 42 46
20 36 40
20 36 40 73
20 36 40 71
20 36 40 71 72
20 36 40 69 70
20 36 40 46
20 36 40 44
20 34
20 34 67
20 34 67 68
20 34 65 66
20 34 65 66 68
20 34 61 69
20 34 61 68
20 34 61 67 68
20 34 55 68
20 34 42 61
20 34 40
20 34 40 68
20 34 36 68 69
20 34 36 67 68
20 34 36 42 68
20 26 69
20 26 67 68
20 26 42
20 25 67
20 25 65 66
20 25 40
20 24 68 69
20 24 67 68
20 24 42 68
20 23 69
20 23 67 68
20 23 42
20 22 69
20 22 68
20 22 65 66 68
20 22 42
20 22 40 68
20 22 34 68
19 68 69
19 67 68
19 63
19 61 67 78 79
19 61 65 66 78 79
19 61 62
19 55
19 54
19 53 61 67
19 53 61 65 66
19 52 53
19 42 68
19 40 61 78 79
19 40 53 61
19 36
19 34 69 78 79
19 34 67 68 78 79
19 34 53 69
19 34 53 67
19 34 53 67 78 79
19 34 53 67 68
19 34 53 65 66
19 34 53 65 66 78 79
19 34 51 52 67 78 79
19 34 51 52 65 66 78 79
19 34 51 52 53 67
19 34 51 52 53 65 66
19 34 42 78 79
19 34 42 53
19 34 40 53
19 34 40 53 78 79
19 34 40 51 52 78 79
19 34 40 51 52 53
19 27
19 26 34 67 78 79
19 26 34 65 66 78 79
19 26 34 53 67
19 26 34 53 65 66
19 26 34 40 78 79
19 26 34 40 53
19 20 69
19 20 67 68
19 20 42
18 78 79
18 68
18 68 69
18 67 68
18 61
18 53
18 52
18 43
18 42 68
18 19 69
18 19 67 68
18 19 42
17 68 69
17 67 68
17 57 73 78
17 57 73 76 77
17 57 71 72 78
17 57 71 72 76 77
17 51 57 73
17 51 57 71 72
17 46 57 78
17 46 57 76 77
17 46 51 57
17 42 68
17 34 55 67 78 79
17 34 55 65 66 78 79
17 34 53 55 67
17 34 53 55 65 66
17 34 53 54 67
17 34 53 54 67 78 79
17 34 53 54 65 66
17 34 53 54 65 66 78 79
17 34 40 55 78 79
17 34 40 53 55
17 34 40 53 54
17 34 40 53 54 78 79
17 28 34 67 78 79
17 28 34 65 66 78 79
17 28 34 53 67
17 28 34 53 65 66
17 28 34 40 78 79
17 28 34 40 53
17 18 69
17 18 67 68
17 18 61 67 78 79
17 18 61 65 66 78 79
17 18 53 61 67
17 18 53 61 65 66
17 18 42
17 18 40 61 78 79
17 18 40 53 61
16 42 57 61 73
16 42 57 61 71 72
16 42 57 59 60 61 73
16 42 57 59 60 61 71 72
16 42 46 57 61
16 42 46 57 59 60 61
16 40 41 57 61 73
16 40 41 57 61 71 72
16 40 41 57 59 60 61 73
16 40 41 57 59 60 61 71 72
16 40 41 46 57 61
16 40 41 46 57 59 60 61
16 34 42 57 61 73
16 34 42 57 61 71 72
16 34 42 46 57 61
16 34 40 41 57 61 73
16 34 40 41 57 61 71 72
16 34 40 41 46 57 61
16 17
16 17 78 79
16 17 53
15 57 61 73 78
15 57 61 73 76 77
15 57 61 71 72 78
15 57 61 71 72 76 77
15 57 60 61 63 73
15 57 60 61 63 71 72
15 57 60 61 62 73
15 57 60 61 62 71 72
15 57 59 60 73
15 57 59 60 71 72
15 57 59 60 61 73
15 57 59 60 61 71 72
15 57 58 61 73
15 57 58 61 71 72
15 57 58 59 61 63 73
15 57 58 59 61 63 71 72
15 57 58 59 61 62 73
15 57 58 59 61 62 71 72
15 57 58 59 60 61 73
15 57 58 59 60 61 71 72
15 51 57 61 73
15 51 57 61 71 72
15 46 57 61 78
15 46 57 61 76 77
15 46 57 60 61 63
15 46 57 60 61 62
15 46 57 59 60
15 46 57 59 60 61
15 46 57 58 61
15 46 57 58 59 61 63
15 46 57 58 59 61 62
15 46 57 58 59 60 61
15 46 51 57 61
15 36 57 60 61 73
15 36 57 60 61 71 72
15 36 57 58 59 61 73
15 36 57 58 59 61 71 72
15 36 46 57 60 61
15 36 46 57 58 59 61
15 34 57 73
15 34 57 71 72
15 34 57 61 73
15 34 57 61 71 72
15 34 57 58 61 73
15 34 57 58 61 71 72
15 34 46 57
15 34 46 57 61
15 34 46 57 58 61
15 33 57 61 63 73
15 33 57 61 63 71 72
15 33 57 61 62 73
15 33 57 61 62 71 72
15 33 46 57 61 63
15 33 46 57 61 62
15 33 36 57 61 73
15 33 36 57 61 71 72
15 33 36 46 57 61
15 16 57 61 73
15 16 57 61 71 72
15 16 57 59 60 61 73
15 16 57 59 60 61 71 72
15 16 46 57 61
15 16 46 57 59 60 61
15 16 34 57 61 73
15 16 34 57 61 71 72
15 16 34 46 57 61
14 65 68
14 63 64 68
14 56 68
14 54 55 68
14 36 68
14 29 68
14 15 57 61 73
14 15 57 61 71 72
14 15 57 59 60 61 73
14 15 57 59 60 61 71 72
14 15 46 57 61
14 15 46 57 59 60 61
14 15 42 57 61 73
14 15 42 57 61 71 72
14 15 42 57 59 60 61 73
14 15 42 57 59 60 61 71 72
14 15 42 46 57 61
14 15 42 46 57 59 60 61
14 15 40 41 57 61 73
14 15 40 41 57 61 71 72
14 15 40 41 57 59 60 61 73
14 15 40 41 57 59 60 61 71 72
14 15 40 41 46 57 61
14 15 40 41 46 57 59 60 61
14 15 34 57 61 73
14 15 34 57 61 71 72
14 15 34 46 57 61
14 15 34 42 57 61 73
14 15 34 42 57 61 71 72
14 15 34 42 46 57 61
14 15 34 40 41 57 61 73
14 15 34 40 41 57 61 71 72
14 15 34 40 41 46 57 61
13 78 79
13 55
13 53
13 34 68 69
13 34 67 68
13 34 42 68
12 78 79
12 53
12 36 69
12 36 67 78 79
12 36 67 68
12 36 65 66 78 79
12 36 53 67
12 36 53 65 66
12 36 42
12 36 40 78 79
12 36 40 53
11
11 68
11 68 69
11 67 68
11 42 68
10
10 78
10 78 79
10 76 77
10 73
10 73 78 79
10 71 72
10 71 72 78 79
10 69 73
10 69 71 72
10 67 78 79
10 67 73
10 67 73 78 79
10 67 71 72
10 67 71 72 78 79
10 67 68 73
10 67 68 71 72
10 65 78 79
10 65 66 78 79
10 65 66 73
10 65 66 73 78 79
10 65 66 71 72
10 65 66 71 72 78 79
10 63
10 63 67
10 63 65 66
10 63 64 78 79
10 61 62
10 61 62 67
10 61 62 65 66
10 59 69
10 59 67 68
10 56 78 79
10 55
10 55 78 79
10 55 69
10 55 68
10 55 67 68
10 54 67
10 54 65 66
10 54 55 78 79
10 53
10 53 73
10 53 71 72
10 53 67
10 53 67 73
10 53 67 71 72
10 53 65
10 53 65 66
10 53 65 66 73
10 53 65 66 71 72
10 53 63 64
10 53 56
10 53 55
10 53 54 55
10 52 53 67
10 52 53 65 66
10 51
10 51 69
10 51 67 68
10 49 50 69
10 49 50 67 68
10 46
10 46 78 79
10 46 69
10 46 67
10 46 67 78 79
10 46 67 68
10 46 65 66
10 46 65 66 78 79
10 46 53
10 46 53 67
10 46 53 65 66
10 45
10 43 44
10 42 73
10 42 71 72
10 42 59
10 42 55
10 42 51
10 42 49 50
10 42 46
10 40 78 79
10 40 73
10 40 73 78 79
10 40 71 72
10 40 71 72 78 79
10 40 63
10 40 61 62
10 40 54
10 40 53
10 40 53 73
10 40 53 71 72
10 40 52 53
10 40 46
10 40 46 78 79
10 40 46 53
10 36 78 79
10 36 73 78 79
10 36 71 72 78 79
10 36 69
10 36 67
10 36 67 68
10 36 65 66
10 36 59 69
10 36 59 67 68
10 36 53
10 36 53 73
10 36 53 71 72
10 36 46 78 79
10 36 46 53
10 36 42
10 36 42 59
10 36 40
10 34
10 34 78 79
10 34 69
10 34 69 78 79
10 34 67 68
10 34 67 68 78 79
10 34 61
10 34 59
10 34 55
10 34 55 68
10 34 53
10 34 53 69
10 34 53 67
10 34 53 67 78 79
10 34 53 67 68
10 34 53 65 66
10 34 53 65 66 78 79
10 34 51 52 67 78 79
10 34 51 52 65 66 78 79
10 34 51 52 53 67
10 34 51 52 53 65 66
10 34 42
10 34 42 78 79
10 34 42 53
10 34 40 53
10 34 40 53 78 79
10 34 40 51 52 78 79
10 34 40 51 52 53
10 34 35
10 29 78 79
10 29 53
10 27 67
10 27 65 66
10 27 40
10 26 34 67 78 79
10 26 34 65 66 78 79
10 26 34 53 67
10 26 34 53 65 66
10 26 34 40 78 79
10 26 34 40 53
10 24 69
10 24 67 68
10 24 42
10 20
10 20 73
10 20 71 72
10 20 69 73
10 20 69 71 72
10 20 67 68 73
10 20 67 68 71 72
10 20 55
10 20 46
10 20 46 69
10 20 46 67 68
10 20 42 73
10 20 42 71 72
10 20 42 46
10 18
10 11 36 69
10 11 36 67 78 79
10 11 36 67 68
10 11 36 65 66 78 79
10 11 36 53 67
10 11 36 53 65 66
10 11 36 42
10 11 36 40 78 79
10 11 36 40 53
9 73
9 71 72
9 69
9 68 78 79
9 68 73 78 79
9 68 71 72 78 79
9 66 68
9 65 68 78 79
9 65 66 68
9 64 65 68
9 63 68
9 61 62 68
9 60 68
9 55 61 69 71
9 55 61 69 70
9 55 61 67 68 71
9 55 61 67 68 69 70
9 53 69
9 53 68
9 53 68 73
9 53 68 71 72
9 53 67 68
9 53 65 68
9 53 54 61 69 71
9 53 54 61 69 70
9 53 54 61 67 68 71
9 53 54 61 67 68 69 70
9 51 68 69
9 51 67 68
9 51 52 69
9 51 52 67 68
9 49 50 68 69
9 49 50 67 68
9 46
9 46 68 78 79
9 46 53 68
9 44 55 61 69
9 44 55 61 67 68
9 44 53 54 61 69
9 44 53 54 61 67 68
9 43 44 68
9 42
9 42 55 61 71
9 42 55 61 69 70
9 42 53
9 42 53 54 61 71
9 42 53 54 61 69 70
9 42 51 68
9 42 51 52
9 42 49 50 68
9 42 44 55 61
9 42 44 53 54 61
9 40 68
9 39 68
9 36 68 73 78 79
9 36 68 71 72 78 79
9 36 53 68 73
9 36 53 68 71 72
9 36 46 68 78 79
9 36 46 53 68
9 34 68 78 79
9 34 59 68
9 34 53 68
9 34 35 68
9 28 61 69 71
9 28 61 69 70
9 28 61 67 68 71
9 28 61 67 68 69 70
9 28 44 61 69
9 28 44 61 67 68
9 28 42 61 71
9 28 42 61 69 70
9 28 42 44 61
9 26 69
9 26 67 68
9 26 42
9 24 68 69
9 24 67 68
9 24 42 68
9 20 68
9 18 68
9 10
9 10 68
8 78 79
8 69 78 79
8 68 69 78 79
8 59 68
8 53
8 53 69
8 53 68 69
8 42 78 79
8 42 68 78 79
8 42 53
8 42 53 68
8 36 78 79
8 36 69 78 79
8 36 67 68 78 79
8 36 53
8 36 53 69
8 36 53 67 68
8 36 42 78 79
8 36 42 53
8 34 55 67 78 79
8 34 55 65 66 78 79
8 34 53 55 67
8 34 53 55 65 66
8 34 53 54 67
8 34 53 54 67 78 79
8 34 53 54 65 66
8 34 53 54 65 66 78 79
8 34 40 55 78 79
8 34 40 53 55
8 34 40 53 54
8 34 40 53 54 78 79
8 28 34 67 78 79
8 28 34 65 66 78 79
8 28 34 53 67
8 28 34 53 65 66
8 28 34 40 78 79
8 28 34 40 53
8 9
8 9 78
8 9 78 79
8 9 76 77
8 9 73 78 79
8 9 71 72 78 79
8 9 69
8 9 67 78 79
8 9 67 73
8 9 67 71 72
8 9 67 68
8 9 66
8 9 65 66 78 79
8 9 65 66 73
8 9 65 66 71 72
8 9 64 65
8 9 63
8 9 63 64 78 79
8 9 61 62
8 9 60
8 9 56 78 79
8 9 55
8 9 55 78 79
8 9 54 55 78 79
8 9 53
8 9 53 73
8 9 53 71 72
8 9 53 67
8 9 53 65 66
8 9 53 63 64
8 9 53 56
8 9 53 55
8 9 53 54 55
8 9 51
8 9 51 69
8 9 51 67 68
8 9 49 50 69
8 9 49 50 67 68
8 9 46 78 79
8 9 46 67
8 9 46 65 66
8 9 46 53
8 9 43 44
8 9 42
8 9 42 51
8 9 42 49 50
8 9 40 78 79
8 9 40 73
8 9 40 71 72
8 9 40 53
8 9 40 46
8 9 39
8 9 36 78 79
8 9 36 73 78 79
8 9 36 71 72 78 79
8 9 36 69
8 9 36 67
8 9 36 67 68
8 9 36 65 66
8 9 36 53
8 9 36 53 73
8 9 36 53 71 72
8 9 36 46 78 79
8 9 36 46 53
8 9 36 42
8 9 36 40
8 9 34
8 9 34 78 79
8 9 34 69
8 9 34 67 68
8 9 34 61
8 9 34 59
8 9 34 53
8 9 34 42
8 9 34 35
8 9 29 78 79
8 9 29 53
8 9 24 69
8 9 24 67 68
8 9 24 42
8 9 20 55
8 9 18
7 68 69
7 67 68
7 42 68
7 34 68
5
5 65 68
5 63 64 68
5 56 68
5 54 55 68
5 36 68
5 29 68
4 78 79
4 55
4 53
4 34 68 69
4 34 67 68
4 34 42 68
3 36 69
3 36 67 78 79
3 36 67 68
3 36 65 66 78 79
3 36 53 67
3 36 53 65 66
3 36 42
3 36 40 78 79
3 36 40 53
2
2 68
1
1 78
1 78 79
1 76 77
1 73 78 79
1 71
1 71 72 78 79
1 69
1 69 78 79
1 69 73 78 79
1 69 71 78 79
1 69 71 72 78 79
1 69 70
1 69 70 78 79
1 68
1 68 69 78 79
1 67 69
1 67 68 73 78 79
1 67 68 71 78 79
1 67 68 71 72 78 79
1 67 68 69 70 78 79
1 65 66 69
1 65 66 67 68
1 64
1 63 78 79
1 63 64
1 63 64 78 79
1 63 64 65
1 61 62 78 79
1 59 69 78 79
1 59 67
1 59 67 68 78 79
1 59 65 66
1 57 58 69 78 79
1 57 58 67 68 78 79
1 56
1 56 78 79
1 56 65
1 55 78 79
1 55 69
1 55 67 68
1 54
1 54 78 79
1 54 69
1 54 69 71
1 54 69 70
1 54 67 68
1 54 67 68 71
1 54 67 68 69 70
1 54 55
1 54 55 78 79
1 54 55 65
1 53
1 53 73
1 53 71 72
1 53 69
1 53 69 73
1 53 69 71
1 53 69 71 72
1 53 69 70
1 53 68 69
1 53 67 68 73
1 53 67 68 71
1 53 67 68 71 72
1 53 67 68 69 70
1 53 63
1 53 63 64
1 53 61 62
1 53 59 69
1 53 59 67 68
1 53 57 58 69
1 53 57 58 67 68
1 53 56
1 53 55
1 53 54
1 53 54 55
1 52
1 52 53 78 79
1 52 53 69 71
1 52 53 69 70
1 52 53 67 68 71
1 52 53 67 68 69 70
1 51
1 51 69
1 51 67 68
1 49 50 69
1 49 50 67 68
1 46
1 46 78 79
1 46 69 78 79
1 46 67
1 46 67 68 78 79
1 46 65 66
1 46 53
1 46 53 69
1 46 53 67 68
1 45
1 45 69 71
1 45 69 70
1 45 67 68 71
1 45 67 68 69 70
1 44
1 44 69 78 79
1 44 67 68 78 79
1 44 54 69
1 44 54 67 68
1 44 53 69
1 44 53 67 68
1 44 52 53 69
1 44 52 53 67 68
1 44 45
1 44 45 69
1 44 45 67
1 44 45 67 68
1 44 45 65 66
1 43
1 43 44
1 43 44 69
1 43 44 69 71
1 43 44 69 70
1 43 44 67 68
1 43 44 67 68 71
1 43 44 67 68 69 70
1 42
1 42 78 79
1 42 73 78 79
1 42 71 78 79
1 42 71 72 78 79
1 42 69 70 78 79
1 42 68 78 79
1 42 67
1 42 65 66
1 42 59 78 79
1 42 57 58 78 79
1 42 55
1 42 54
1 42 54 71
1 42 54 69 70
1 42 53
1 42 53 73
1 42 53 71
1 42 53 71 72
1 42 53 69 70
1 42 53 68
1 42 53 59
1 42 53 57 58
1 42 52 53 71
1 42 52 53 69 70
1 42 51
1 42 49 50
1 42 46 78 79
1 42 46 53
1 42 45 71
1 42 45 69 70
1 42 44 78 79
1 42 44 54
1 42 44 53
1 42 44 52 53
1 42 44 45
1 42 43 44
1 42 43 44 71
1 42 43 44 69 70
1 40
1 40 69
1 40 67 68
1 40 59
1 40 46
1 40 44 45
1 40 42
1 38 78 79
1 38 69
1 38 67 78 79
1 38 67 68
1 38 65 66 78 79
1 38 53
1 38 53 67
1 38 53 65 66
1 38 42
1 38 40 78 79
1 38 40 53
1 38 39
1 37
1 37 67
1 37 65 66
1 37 40
1 36 73
1 36 73 78 79
1 36 71 72
1 36 71 72 78 79
1 36 70
1 36 69
1 36 69 71 78 79
1 36 69 70 78 79
1 36 68
1 36 68 69 78 79
1 36 67 78 79
1 36 67 69
1 36 67 68
1 36 67 68 71 78 79
1 36 67 68 69 70 78 79
1 36 66 67 78 79
1 36 66 67 69
1 36 66 67 68
1 36 65
1 36 65 66 78 79
1 36 65 66 69
1 36 65 66 68 78 79
1 36 65 66 67 78 79
1 36 65 66 67 68
1 36 61
1 36 59 78 79
1 36 59 69 78 79
1 36 59 67 68 78 79
1 36 57 58 69 78 79
1 36 57 58 67 68 78 79
1 36 55
1 36 55 69 78 79
1 36 55 67 68 78 79
1 36 54 78 79
1 36 54 68
1 36 53 73
1 36 53 71 72
1 36 53 69 71
1 36 53 69 70
1 36 53 68 69
1 36 53 67
1 36 53 67 68 71
1 36 53 67 68 69 70
1 36 53 66 67
1 36 53 65 66
1 36 53 65 66 68
1 36 53 65 66 67
1 36 53 59
1 36 53 59 69
1 36 53 59 67 68
1 36 53 57 58 69
1 36 53 57 58 67 68
1 36 53 55 69
1 36 53 55 67 68
1 36 52
1 36 52 53
1 36 52 53 78 79
1 36 46
1 36 46 78 79
1 36 46 53
1 36 44 69 78 79
1 36 44 67 68 78 79
1 36 44 53 69
1 36 44 53 67 68
1 36 42
1 36 42 71 78 79
1 36 42 69 70 78 79
1 36 42 68
1 36 42 68 78 79
1 36 42 67
1 36 42 66 67
1 36 42 65 66
1 36 42 59 78 79
1 36 42 57 58 78 79
1 36 42 55 78 79
1 36 42 53 71
1 36 42 53 69 70
1 36 42 53 68
1 36 42 53 59
1 36 42 53 57 58
1 36 42 53 55
1 36 42 44 78 79
1 36 42 44 53
1 36 41 69
1 36 41 67 78 79
1 36 41 67 68
1 36 41 65 66 78 79
1 36 41 53 67
1 36 41 53 65 66
1 36 41 42
1 36 40 78 79
1 36 40 69
1 36 40 68 78 79
1 36 40 67 68
1 36 40 66 67 78 79
1 36 40 53
1 36 40 53 68
1 36 40 53 66 67
1 36 40 42
1 36 40 41 78 79
1 36 40 41 53
1 35 36
1 35 36 67
1 35 36 65 66
1 35 36 40
1 34 73 78 79
1 34 71 72 78 79
1 34 69
1 34 69 71 78 79
1 34 69 70 78 79
1 34 68
1 34 67
1 34 67 68
1 34 67 68 71 78 79
1 34 67 68 69 70 78 79
1 34 65 66
1 34 65 66 78 79
1 34 63 64
1 34 63 64 65
1 34 61
1 34 61 69
1 34 61 67 68
1 34 59
1 34 59 67
1 34 59 67 78 79
1 34 59 65 66
1 34 59 65 66 78 79
1 34 56
1 34 56 65
1 34 54 55
1 34 54 55 65
1 34 53 73
1 34 53 71 72
1 34 53 69 71
1 34 53 69 70
1 34 53 67 68 71
1 34 53 67 68 69 70
1 34 53 65 66
1 34 53 59 67
1 34 53 59 65 66
1 34 46
1 34 46 78 79
1 34 46 53
1 34 44 69 78 79
1 34 44 67 68 78 79
1 34 44 53 69
1 34 44 53 67 68
1 34 44 45
1 34 42
1 34 42 71 78 79
1 34 42 69 70 78 79
1 34 42 61
1 34 42 53 71
1 34 42 53 69 70
1 34 42 44 78 79
1 34 42 44 53
1 34 40
1 34 40 78 79
1 34 40 59
1 34 40 59 78 79
1 34 40 53
1 34 40 53 59
1 34 37
1 34 36 65
1 34 35
1 34 35 69
1 34 35 69 71
1 34 35 69 70
1 34 35 67 68
1 34 35 67 68 71
1 34 35 67 68 69 70
1 34 35 44 69
1 34 35 44 67 68
1 34 35 42
1 34 35 42 71
1 34 35 42 69 70
1 34 35 42 44
1 34 35 36
1 32 69 78 79
1 32 67 68 78 79
1 32 53 69
1 32 53 67 68
1 32 42 78 79
1 32 42 53
1 32 36 69 78 79
1 32 36 67 68 78 79
1 32 36 53 69
1 32 36 53 67 68
1 32 36 42 78 79
1 32 36 42 53
1 31
1 29
1 29 78 79
1 29 65
1 29 53
1 29 34
1 29 34 65
1 29 30
1 28 36
1 27
1 27 78 79
1 27 69 71
1 27 69 70
1 27 67 68 71
1 27 67 68 69 70
1 27 53
1 27 44 69
1 27 44 67 68
1 27 42 71
1 27 42 69 70
1 27 42 44
1 27 36 78 79
1 27 36 53
1 25
1 25 69 78 79
1 25 69 73
1 25 69 71 72
1 25 67
1 25 67 68 78 79
1 25 67 68 73
1 25 67 68 71 72
1 25 65 66
1 25 53 69
1 25 53 67 68
1 25 46 69
1 25 46 67 68
1 25 42 78 79
1 25 42 73
1 25 42 71 72
1 25 42 53
1 25 42 46
1 25 40
1 25 36 69 78 79
1 25 36 67 68 78 79
1 25 36 59 78 79
1 25 36 53 69
1 25 36 53 67 68
1 25 36 53 59
1 25 36 42 78 79
1 25 36 42 53
1 24 69
1 24 67 68
1 24 42
1 23 24 34 78 79
1 23 24 34 53
1 22 69
1 22 67
1 22 67 68
1 22 65 66
1 22 42
1 22 40
1 22 25 69
1 22 25 67 68
1 22 25 42
1 21
1 20
1 20 65
1 20 55
1 20 36
1 20 25 69
1 20 25 67 68
1 20 25 42
1 19
1 19 67
1 19 65 66
1 19 40
1 19 34
1 18
1 18 69 71
1 18 69 70
1 18 67 68 71
1 18 67 68 69 70
1 18 44 69
1 18 44 67 68
1 18 42 71
1 18 42 69 70
1 18 42 44
1 13
1 11 36 69
1 11 36 67 78 79
1 11 36 67 68
1 11 36 65 66 78 79
1 11 36 53 67
1 11 36 53 65 66
1 11 36 42
1 11 36 40 78 79
1 11 36 40 53
1 10
1 10 36
1 10 34
1 9
1 9 69
1 9 67 68
1 9 42
1 8 36
1 8 9
1 8 9 36
1 7 36
1 4
1 2 36 69
1 2 36 67 78 79
1 2 36 67 68
1 2 36 65 66 78 79
1 2 36 53 67
1 2 36 53 65 66
1 2 36 42
1 2 36 40 78 79
1 2 36 40 53
0 68
0 68 78
0 68 78 79
0 68 76 77
0 68 73 78 79
0 68 71 72 78 79
0 68 69
0 67 68
0 67 68 78 79
0 67 68 73
0 67 68 71 72
0 66 68
0 65 66 68 78 79
0 65 66 68 73
0 65 66 68 71 72
0 64 65 68
0 63 68
0 63 64 68 78 79
0 61 62 68
0 60 68
0 56 68 78 79
0 55 68
0 55 68 78 79
0 54 55 68 78 79
0 53 68
0 53 68 73
0 53 68 71 72
0 53 67 68
0 53 65 66 68
0 53 63 64 68
0 53 56 68
0 53 55 68
0 53 54 55 68
0 51 68
0 51 68 69
0 51 67 68
0 49 50 68 69
0 49 50 67 68
0 46 68 78 79
0 46 67 68
0 46 65 66 68
0 46 53 68
0 43 44 68
0 42 68
0 42 51 68
0 42 49 50 68
0 40 68 78 79
0 40 68 73
0 40 68 71 72
0 40 53 68
0 40 46 68
0 39 68
0 36 68 78 79
0 36 68 73 78 79
0 36 68 71 72 78 79
0 36 68 69
0 36 65 66 68
0 36 53 68
0 36 53 68 73
0 36 53 68 71 72
0 36 46 68 78 79
0 36 46 53 68
0 36 42 68
0 36 40 68
0 34 68
0 34 68 78 79
0 34 68 69
0 34 67 68
0 34 61 68
0 34 59 68
0 34 53 68
0 34 42 68
0 34 35 68
0 29 68 78 79
0 29 53 68
0 24 68 69
0 24 67 68
0 24 42 68
0 20 55 68
0 18 68
0 1
0 1 36 68

