42 44 59 61 62 73
42 44 59 61 62 71 72
42 44 46 59 61 62
42 43 59 61 62 73
42 43 59 61 62 71 72
42 43 46 59 61 62
40 41 44 59 61 62 73
40 41 44 59 61 62 71 72
40 41 44 46 59 61 62
36 42 43 59 61 73
36 42 43 59 61 71 72
36 42 43 46 59 61
15 44 59 61 62 73
15 44 59 61 62 71 72
15 44 46 59 61 62
44 59 73 77
44 59 73 75 76
44 59 71 72 77
44 59 71 72 75 76
44 50 59 73
44 50 59 71 72
44 46 59 77
44 46 59 75 76
44 46 50 59
42 43 59 73 77
42 43 59 73 75 76
42 43 59 71 72 77
42 43 59 71 72 75 76
42 43 50 59 73
42 43 50 59 71 72
42 43 46 59 77
42 43 46 59 75 76
42 43 46 50 59
17 59 73 77
17 59 73 75 76
17 59 71 72 77
17 59 71 72 75 76
17 50 59 73
17 50 59 71 72
17 46 59 77
17 46 59 75 76
17 46 50 59
16 17 42 59 60 61 63 73 78
16 17 42 59 60 61 63 73 76 77
16 17 42 59 60 61 63 71 72 78
16 17 42 59 60 61 63 71 72 76 77
16 17 42 59 60 61 62 73 78
16 17 42 59 60 61 62 73 76 77
16 17 42 59 60 61 62 71 72 78
16 17 42 59 60 61 62 71 72 76 77
16 17 42 58 59 61 63 73 78
16 17 42 58 59 61 63 73 76 77
16 17 42 58 59 61 63 71 72 78
16 17 42 58 59 61 63 71 72 76 77
16 17 42 58 59 61 62 73 78
16 17 42 58 59 61 62 73 76 77
16 17 42 58 59 61 62 71 72 78
16 17 42 58 59 61 62 71 72 76 77
16 17 42 51 59 60 61 63 73
16 17 42 51 59 60 61 63 71 72
16 17 42 51 59 60 61 62 73
16 17 42 51 59 60 61 62 71 72
16 17 42 51 58 59 61 63 73
16 17 42 51 58 59 61 63 71 72
16 17 42 51 58 59 61 62 73
16 17 42 51 58 59 61 62 71 72
16 17 42 46 59 60 61 63 78
16 17 42 46 59 60 61 63 76 77
16 17 42 46 59 60 61 62 78
16 17 42 46 59 60 61 62 76 77
16 17 42 46 58 59 61 63 78
16 17 42 46 58 59 61 63 76 77
16 17 42 46 58 59 61 62 78
16 17 42 46 58 59 61 62 76 77
16 17 42 46 51 59 60 61 63
16 17 42 46 51 59 60 61 62
16 17 42 46 51 58 59 61 63
16 17 42 46 51 58 59 61 62
16 17 40 41 59 60 61 63 73 78
16 17 40 41 59 60 61 63 73 76 77
16 17 40 41 59 60 61 63 71 72 78
16 17 40 41 59 60 61 63 71 72 76 77
16 17 40 41 59 60 61 62 73 78
16 17 40 41 59 60 61 62 73 76 77
16 17 40 41 59 60 61 62 71 72 78
16 17 40 41 59 60 61 62 71 72 76 77
16 17 40 41 58 59 61 63 73 78
16 17 40 41 58 59 61 63 73 76 77
16 17 40 41 58 59 61 63 71 72 78
16 17 40 41 58 59 61 63 71 72 76 77
16 17 40 41 58 59 61 62 73 78
16 17 40 41 58 59 61 62 73 76 77
16 17 40 41 58 59 61 62 71 72 78
16 17 40 41 58 59 61 62 71 72 76 77
16 17 40 41 51 59 60 61 63 73
16 17 40 41 51 59 60 61 63 71 72
16 17 40 41 51 59 60 61 62 73
16 17 40 41 51 59 60 61 62 71 72
16 17 40 41 51 58 59 61 63 73
16 17 40 41 51 58 59 61 63 71 72
16 17 40 41 51 58 59 61 62 73
16 17 40 41 51 58 59 61 62 71 72
16 17 40 41 46 59 60 61 63 78
16 17 40 41 46 59 60 61 63 76 77
16 17 40 41 46 59 60 61 62 78
16 17 40 41 46 59 60 61 62 76 77
16 17 40 41 46 58 59 61 63 78
16 17 40 41 46 58 59 61 63 76 77
16 17 40 41 46 58 59 61 62 78
16 17 40 41 46 58 59 61 62 76 77
16 17 40 41 46 51 59 60 61 63
16 17 40 41 46 51 59 60 61 62
16 17 40 41 46 51 58 59 61 63
16 17 40 41 46 51 58 59 61 62
16 17 36 42 59 60 61 73 78
16 17 36 42 59 60 61 73 76 77
16 17 36 42 59 60 61 71 72 78
16 17 36 42 59 60 61 71 72 76 77
16 17 36 42 58 59 61 73 78
16 17 36 42 58 59 61 73 76 77
16 17 36 42 58 59 61 71 72 78
16 17 36 42 58 59 61 71 72 76 77
16 17 36 42 51 59 60 61 73
16 17 36 42 51 59 60 61 71 72
16 17 36 42 51 58 59 61 73
16 17 36 42 51 58 59 61 71 72
16 17 36 42 46 59 60 61 78
16 17 36 42 46 59 60 61 76 77
16 17 36 42 46 58 59 61 78
16 17 36 42 46 58 59 61 76 77
16 17 36 42 46 51 59 60 61
16 17 36 42 46 51 58 59 61
16 17 36 40 41 59 60 61 73 78
16 17 36 40 41 59 60 61 73 76 77
16 17 36 40 41 59 60 61 71 72 78
16 17 36 40 41 59 60 61 71 72 76 77
16 17 36 40 41 58 59 61 73 78
16 17 36 40 41 58 59 61 73 76 77
16 17 36 40 41 58 59 61 71 72 78
16 17 36 40 41 58 59 61 71 72 76 77
16 17 36 40 41 51 59 60 61 73
16 17 36 40 41 51 59 60 61 71 72
16 17 36 40 41 51 58 59 61 73
16 17 36 40 41 51 58 59 61 71 72
16 17 36 40 41 46 59 60 61 78
16 17 36 40 41 46 59 60 61 76 77
16 17 36 40 41 46 58 59 61 78
16 17 36 40 41 46 58 59 61 76 77
16 17 36 40 41 46 51 59 60 61
16 17 36 40 41 46 51 58 59 61
16 17 33 42 59 61 63 73 78
16 17 33 42 59 61 63 73 76 77
16 17 33 42 59 61 63 71 72 78
16 17 33 42 59 61 63 71 72 76 77
16 17 33 42 59 61 62 73 78
16 17 33 42 59 61 62 73 76 77
16 17 33 42 59 61 62 71 72 78
16 17 33 42 59 61 62 71 72 76 77
16 17 33 42 51 59 61 63 73
16 17 33 42 51 59 61 63 71 72
16 17 33 42 51 59 61 62 73
16 17 33 42 51 59 61 62 71 72
16 17 33 42 46 59 61 63 78
16 17 33 42 46 59 61 63 76 77
16 17 33 42 46 59 61 62 78
16 17 33 42 46 59 61 62 76 77
16 17 33 42 46 51 59 61 63
16 17 33 42 46 51 59 61 62
16 17 33 40 41 59 61 63 73 78
16 17 33 40 41 59 61 63 73 76 77
16 17 33 40 41 59 61 63 71 72 78
16 17 33 40 41 59 61 63 71 72 76 77
16 17 33 40 41 59 61 62 73 78
16 17 33 40 41 59 61 62 73 76 77
16 17 33 40 41 59 61 62 71 72 78
16 17 33 40 41 59 61 62 71 72 76 77
16 17 33 40 41 51 59 61 63 73
16 17 33 40 41 51 59 61 63 71 72
16 17 33 40 41 51 59 61 62 73
16 17 33 40 41 51 59 61 62 71 72
16 17 33 40 41 46 59 61 63 78
16 17 33 40 41 46 59 61 63 76 77
16 17 33 40 41 46 59 61 62 78
16 17 33 40 41 46 59 61 62 76 77
16 17 33 40 41 46 51 59 61 63
16 17 33 40 41 46 51 59 61 62
16 17 33 36 42 59 61 73 78
16 17 33 36 42 59 61 73 76 77
16 17 33 36 42 59 61 71 72 78
16 17 33 36 42 59 61 71 72 76 77
16 17 33 36 42 51 59 61 73
16 17 33 36 42 51 59 61 71 72
16 17 33 36 42 46 59 61 78
16 17 33 36 42 46 59 61 76 77
16 17 33 36 42 46 51 59 61
16 17 33 36 40 41 59 61 73 78
16 17 33 36 40 41 59 61 73 76 77
16 17 33 36 40 41 59 61 71 72 78
16 17 33 36 40 41 59 61 71 72 76 77
16 17 33 36 40 41 51 59 61 73
16 17 33 36 40 41 51 59 61 71 72
16 17 33 36 40 41 46 59 61 78
16 17 33 36 40 41 46 59 61 76 77
16 17 33 36 40 41 46 51 59 61
15 16 17 59 60 61 63 73 78
15 16 17 59 60 61 63 73 76 77
15 16 17 59 60 61 63 71 72 78
15 16 17 59 60 61 63 71 72 76 77
15 16 17 59 60 61 62 73 78
15 16 17 59 60 61 62 73 76 77
15 16 17 59 60 61 62 71 72 78
15 16 17 59 60 61 62 71 72 76 77
15 16 17 58 59 61 63 73 78
15 16 17 58 59 61 63 73 76 77
15 16 17 58 59 61 63 71 72 78
15 16 17 58 59 61 63 71 72 76 77
15 16 17 58 59 61 62 73 78
15 16 17 58 59 61 62 73 76 77
15 16 17 58 59 61 62 71 72 78
15 16 17 58 59 61 62 71 72 76 77
15 16 17 51 59 60 61 63 73
15 16 17 51 59 60 61 63 71 72
15 16 17 51 59 60 61 62 73
15 16 17 51 59 60 61 62 71 72
15 16 17 51 58 59 61 63 73
15 16 17 51 58 59 61 63 71 72
15 16 17 51 58 59 61 62 73
15 16 17 51 58 59 61 62 71 72
15 16 17 46 59 60 61 63 78
15 16 17 46 59 60 61 63 76 77
15 16 17 46 59 60 61 62 78
15 16 17 46 59 60 61 62 76 77
15 16 17 46 58 59 61 63 78
15 16 17 46 58 59 61 63 76 77
15 16 17 46 58 59 61 62 78
15 16 17 46 58 59 61 62 76 77
15 16 17 46 51 59 60 61 63
15 16 17 46 51 59 60 61 62
15 16 17 46 51 58 59 61 63
15 16 17 46 51 58 59 61 62
15 16 17 36 59 60 61 73 78
15 16 17 36 59 60 61 73 76 77
15 16 17 36 59 60 61 71 72 78
15 16 17 36 59 60 61 71 72 76 77
15 16 17 36 58 59 61 73 78
15 16 17 36 58 59 61 73 76 77
15 16 17 36 58 59 61 71 72 78
15 16 17 36 58 59 61 71 72 76 77
15 16 17 36 51 59 60 61 73
15 16 17 36 51 59 60 61 71 72
15 16 17 36 51 58 59 61 73
15 16 17 36 51 58 59 61 71 72
15 16 17 36 46 59 60 61 78
15 16 17 36 46 59 60 61 76 77
15 16 17 36 46 58 59 61 78
15 16 17 36 46 58 59 61 76 77
15 16 17 36 46 51 59 60 61
15 16 17 36 46 51 58 59 61
15 16 17 33 59 61 63 73 78
15 16 17 33 59 61 63 73 76 77
15 16 17 33 59 61 63 71 72 78
15 16 17 33 59 61 63 71 72 76 77
15 16 17 33 59 61 62 73 78
15 16 17 33 59 61 62 73 76 77
15 16 17 33 59 61 62 71 72 78
15 16 17 33 59 61 62 71 72 76 77
15 16 17 33 51 59 61 63 73
15 16 17 33 51 59 61 63 71 72
15 16 17 33 51 59 61 62 73
15 16 17 33 51 59 61 62 71 72
15 16 17 33 46 59 61 63 78
15 16 17 33 46 59 61 63 76 77
15 16 17 33 46 59 61 62 78
15 16 17 33 46 59 61 62 76 77
15 16 17 33 46 51 59 61 63
15 16 17 33 46 51 59 61 62
15 16 17 33 36 59 61 73 78
15 16 17 33 36 59 61 73 76 77
15 16 17 33 36 59 61 71 72 78
15 16 17 33 36 59 61 71 72 76 77
15 16 17 33 36 51 59 61 73
15 16 17 33 36 51 59 61 71 72
15 16 17 33 36 46 59 61 78
15 16 17 33 36 46 59 61 76 77
15 16 17 33 36 46 51 59 61
42 43 59 61 73
42 43 59 61 71 72
42 43 59 60 61 71 72
42 43 48 59 61 73
42 43 48 59 61 71 72
42 43 46 59 61
42 43 46 48 59 61
44 59 61 73 75
44 59 61 73 74
44 59 61 71 72 75
44 59 61 71 72 73 74
44 59 60 73 75
44 59 60 73 74
44 59 60 71 72 75
44 59 60 71 72 73 74
44 48 59 61 73
44 48 59 61 71 72
44 48 59 60 73
44 48 59 60 71 72
44 46 59 61 75
44 46 59 61 73 74
44 46 59 60 75
44 46 59 60 73 74
44 46 48 59 61
44 46 48 59 60
42 43 59 61 73 75
42 43 59 61 73 74
42 43 59 61 71 72 75
42 43 59 61 71 72 73 74
42 43 59 60 73 75
42 43 59 60 73 74
42 43 59 60 71 72 75
42 43 59 60 71 72 73 74
42 43 48 59 60 73
42 43 48 59 60 71 72
42 43 46 59 61 75
42 43 46 59 61 73 74
42 43 46 59 60 75
42 43 46 59 60 73 74
42 43 46 48 59 60
34 44 59 73 75
34 44 59 73 74
34 44 59 71 72 75
34 44 59 71 72 73 74
34 44 48 59 73
34 44 48 59 71 72
34 44 46 59 75
34 44 46 59 73 74
34 44 46 48 59
34 42 43 59 73 75
34 42 43 59 73 74
34 42 43 59 71 72 75
34 42 43 59 71 72 73 74
34 42 43 48 59 73
34 42 43 48 59 71 72
34 42 43 46 59 75
34 42 43 46 59 73 74
34 42 43 46 48 59
17 59 61 73 75
17 59 61 73 74
17 59 61 71 72 75
17 59 61 71 72 73 74
17 59 60 73 75
17 59 60 73 74
17 59 60 71 72 75
17 59 60 71 72 73 74
17 48 59 61 73
17 48 59 61 71 72
17 48 59 60 73
17 48 59 60 71 72
17 46 59 61 75
17 46 59 61 73 74
17 46 59 60 75
17 46 59 60 73 74
17 46 48 59 61
17 46 48 59 60
17 34 59 73 75
17 34 59 73 74
17 34 59 71 72 75
17 34 59 71 72 73 74
17 34 48 59 73
17 34 48 59 71 72
17 34 46 59 75
17 34 46 59 73 74
17 34 46 48 59
59 73
59 71 72
46 59
42 59 73
42 59 71 72
42 59 60 61 73
42 59 60 61 71 72
42 46 59
42 46 59 60 61
40 41 59 60 61 73
40 41 59 60 61 71 72
40 41 46 59 60 61
15 59 60 61 73
15 59 60 61 71 72
15 46 59 60 61
42 59 63 73 78
42 59 63 73 76 77
42 51 59 63 73
42 46 59 63 78
42 46 59 63 76 77
42 46 51 59 63
40 41 59 63 73 78
40 41 59 63 73 76 77
40 41 51 59 63 73
40 41 46 59 63 78
40 41 46 59 63 76 77
40 41 46 51 59 63
15 59 63 73 78
15 59 63 73 76 77
15 51 59 63 73
15 46 59 63 78
15 46 59 63 76 77
15 46 51 59 63
44 61 73
44 61 71 73
44 61 69 70 73
44 61 69 70 71 72
44 61 63 73
44 61 63 71 73
44 61 63 69 70 73
44 61 63 69 70 71 72
44 59 60 61 73
44 59 60 61 71 73
44 59 60 61 69 70 73
44 59 60 61 69 70 71 72
44 59 60 61 63 73
44 59 60 61 63 71 73
44 59 60 61 63 69 70 73
44 59 60 61 63 69 70 71 72
44 46 61
44 46 61 71
44 46 61 69 70
44 46 61 63
44 46 61 63 71
44 46 61 63 69 70
44 46 59 60 61
44 46 59 60 61 71
44 46 59 60 61 69 70
44 46 59 60 61 63
44 46 59 60 61 63 71
44 46 59 60 61 63 69 70
42 43 61 71 73
42 43 61 71 72
42 43 61 69 70 73
42 43 61 69 70 71 72
42 43 61 63 71 73
42 43 61 63 71 72
42 43 61 63 69 70 73
42 43 61 63 69 70 71 72
42 43 59 60 61 71 73
42 43 59 60 61 69 70 73
42 43 59 60 61 69 70 71 72
42 43 59 60 61 63 71 73
42 43 59 60 61 63 71 72
42 43 59 60 61 63 69 70 73
42 43 59 60 61 63 69 70 71 72
42 43 46 61 71
42 43 46 61 69 70
42 43 46 61 63 71
42 43 46 61 63 69 70
42 43 46 59 60 61 71
42 43 46 59 60 61 69 70
42 43 46 59 60 61 63 71
42 43 46 59 60 61 63 69 70
42 43 44 61 73
42 43 44 61 71 72
42 43 44 61 63 73
42 43 44 61 63 71 72
42 43 44 59 60 61 73
42 43 44 59 60 61 71 72
42 43 44 59 60 61 63 73
42 43 44 59 60 61 63 71 72
42 43 44 46 61
42 43 44 46 61 63
42 43 44 46 59 60 61
42 43 44 46 59 60 61 63
34 44 61 73
34 44 61 71 73
34 44 61 69 70 73
34 44 61 69 70 71 72
34 44 61 63 73
34 44 61 63 71 73
34 44 61 63 69 70 73
34 44 61 63 69 70 71 72
34 44 46 61
34 44 46 61 71
34 44 46 61 69 70
34 44 46 61 63
34 44 46 61 63 71
34 44 46 61 63 69 70
34 42 43 61 71 73
34 42 43 61 71 72
34 42 43 61 69 70 73
34 42 43 61 69 70 71 72
34 42 43 61 63 71 73
34 42 43 61 63 71 72
34 42 43 61 63 69 70 73
34 42 43 61 63 69 70 71 72
34 42 43 46 61 71
34 42 43 46 61 69 70
34 42 43 46 61 63 71
34 42 43 46 61 63 69 70
34 42 43 44 61 73
34 42 43 44 61 71 72
34 42 43 44 61 63 73
34 42 43 44 61 63 71 72
34 42 43 44 46 61
34 42 43 44 46 61 63
17 61 71 73
17 61 71 72
17 61 69 70 73
17 61 69 70 71 72
17 61 63 71 73
17 61 63 71 72
17 61 63 69 70 73
17 61 63 69 70 71 72
17 59 60 61 71 73
17 59 60 61 71 72
17 59 60 61 69 70 73
17 59 60 61 69 70 71 72
17 59 60 61 63 71 73
17 59 60 61 63 71 72
17 59 60 61 63 69 70 73
17 59 60 61 63 69 70 71 72
17 46 61 71
17 46 61 69 70
17 46 61 63 71
17 46 61 63 69 70
17 46 59 60 61 71
17 46 59 60 61 69 70
17 46 59 60 61 63 71
17 46 59 60 61 63 69 70
17 44 61 73
17 44 61 71 72
17 44 61 63 73
17 44 61 63 71 72
17 44 59 60 61 73
17 44 59 60 61 71 72
17 44 59 60 61 63 73
17 44 59 60 61 63 71 72
17 44 46 61
17 44 46 61 63
17 44 46 59 60 61
17 44 46 59 60 61 63
17 34 61 71 73
17 34 61 71 72
17 34 61 69 70 73
17 34 61 69 70 71 72
17 34 61 63 71 73
17 34 61 63 71 72
17 34 61 63 69 70 73
17 34 61 63 69 70 71 72
17 34 46 61 71
17 34 46 61 69 70
17 34 46 61 63 71
17 34 46 61 63 69 70
17 34 44 61 73
17 34 44 61 71 72
17 34 44 61 63 73
17 34 44 61 63 71 72
17 34 44 46 61
17 34 44 46 61 63
44 59 60 63 73
44 59 60 63 71 72
44 48 59 61 63 73
44 48 59 61 63 71 72
44 48 59 60 63 73
44 48 59 60 63 71 72
44 46 59 60 63
44 46 48 59 61 63
44 46 48 59 60 63
44 46 47 59 61 63
44 46 47 59 61 63 73
44 46 47 59 61 63 71 72
44 46 47 59 60 63
44 46 47 59 60 63 73
44 46 47 59 60 63 71 72
42 59 61 62 63 73
42 59 61 62 63 71 72
42 48 59 61 63 73
42 48 59 61 63 71 72
42 48 59 61 62 63 73
42 48 59 61 62 63 71 72
42 46 59 61 62 63
42 46 48 59 61 63
42 46 48 59 61 62 63
42 46 47 59 61 63
42 46 47 59 61 63 73
42 46 47 59 61 63 71 72
42 46 47 59 61 62 63
42 46 47 59 61 62 63 73
42 46 47 59 61 62 63 71 72
42 43 59 60 63 73
42 43 59 60 63 71 72
42 43 48 59 61 63 73
42 43 48 59 61 63 71 72
42 43 48 59 60 63 73
42 43 48 59 60 63 71 72
42 43 46 59 60 63
42 43 46 48 59 61 63
42 43 46 48 59 60 63
42 43 46 47 59 61 63
42 43 46 47 59 61 63 73
42 43 46 47 59 61 63 71 72
42 43 46 47 59 60 63
42 43 46 47 59 60 63 73
42 43 46 47 59 60 63 71 72
40 41 59 61 62 63 73
40 41 59 61 62 63 71 72
40 41 48 59 61 63 73
40 41 48 59 61 63 71 72
40 41 48 59 61 62 63 73
40 41 48 59 61 62 63 71 72
40 41 46 59 61 62 63
40 41 46 48 59 61 63
40 41 46 48 59 61 62 63
40 41 46 47 59 61 63
40 41 46 47 59 61 63 73
40 41 46 47 59 61 63 71 72
40 41 46 47 59 61 62 63
40 41 46 47 59 61 62 63 73
40 41 46 47 59 61 62 63 71 72
36 42 59 61 63 73
36 42 59 61 63 71 72
36 42 48 59 61 63 73
36 42 48 59 61 63 71 72
36 42 46 59 61 63
36 42 46 48 59 61 63
36 42 46 47 59 61 63
36 42 46 47 59 61 63 73
36 42 46 47 59 61 63 71 72
36 40 41 59 61 63 73
36 40 41 59 61 63 71 72
36 40 41 48 59 61 63 73
36 40 41 48 59 61 63 71 72
36 40 41 46 59 61 63
36 40 41 46 48 59 61 63
36 40 41 46 47 59 61 63
36 40 41 46 47 59 61 63 73
36 40 41 46 47 59 61 63 71 72
34 44 59 63 73
34 44 59 63 71 72
34 44 48 59 63 73
34 44 48 59 63 71 72
34 44 46 59 63
34 44 46 48 59 63
34 44 46 47 59 63
34 44 46 47 59 63 73
34 44 46 47 59 63 71 72
34 42 43 59 63 73
34 42 43 59 63 71 72
34 42 43 48 59 63 73
34 42 43 48 59 63 71 72
34 42 43 46 59 63
34 42 43 46 48 59 63
34 42 43 46 47 59 63
34 42 43 46 47 59 63 73
34 42 43 46 47 59 63 71 72
21 44 59 61 63 73
21 44 59 61 63 71 72
21 44 59 60 63 73
21 44 59 60 63 71 72
21 44 46 59 61 63
21 44 46 59 60 63
21 42 59 61 63 73
21 42 59 61 63 71 72
21 42 59 61 62 63 73
21 42 59 61 62 63 71 72
21 42 46 59 61 63
21 42 46 59 61 62 63
21 42 43 59 61 63 73
21 42 43 59 61 63 71 72
21 42 43 59 60 63 73
21 42 43 59 60 63 71 72
21 42 43 46 59 61 63
21 42 43 46 59 60 63
21 40 41 59 61 63 73
21 40 41 59 61 63 71 72
21 40 41 59 61 62 63 73
21 40 41 59 61 62 63 71 72
21 40 41 46 59 61 63
21 40 41 46 59 61 62 63
21 36 42 59 61 63 73
21 36 42 59 61 63 71 72
21 36 42 46 59 61 63
21 36 40 41 59 61 63 73
21 36 40 41 59 61 63 71 72
21 36 40 41 46 59 61 63
21 34 44 59 63 73
21 34 44 59 63 71 72
21 34 44 46 59 63
21 34 42 43 59 63 73
21 34 42 43 59 63 71 72
21 34 42 43 46 59 63
17 59 60 63 73
17 59 60 63 71 72
17 48 59 61 63 73
17 48 59 61 63 71 72
17 48 59 60 63 73
17 48 59 60 63 71 72
17 46 59 60 63
17 46 48 59 61 63
17 46 48 59 60 63
17 46 47 59 61 63
17 46 47 59 61 63 73
17 46 47 59 61 63 71 72
17 46 47 59 60 63
17 46 47 59 60 63 73
17 46 47 59 60 63 71 72
17 34 59 63 73
17 34 59 63 71 72
17 34 48 59 63 73
17 34 48 59 63 71 72
17 34 46 59 63
17 34 46 48 59 63
17 34 46 47 59 63
17 34 46 47 59 63 73
17 34 46 47 59 63 71 72
17 21 59 61 63 73
17 21 59 61 63 71 72
17 21 59 60 63 73
17 21 59 60 63 71 72
17 21 46 59 61 63
17 21 46 59 60 63
17 21 34 59 63 73
17 21 34 59 63 71 72
17 21 34 46 59 63
15 59 61 62 63 73
15 59 61 62 63 71 72
15 48 59 61 63 73
15 48 59 61 63 71 72
15 48 59 61 62 63 73
15 48 59 61 62 63 71 72
15 46 59 61 62 63
15 46 48 59 61 63
15 46 48 59 61 62 63
15 46 47 59 61 63
15 46 47 59 61 63 73
15 46 47 59 61 63 71 72
15 46 47 59 61 62 63
15 46 47 59 61 62 63 73
15 46 47 59 61 62 63 71 72
15 36 59 61 63 73
15 36 59 61 63 71 72
15 36 48 59 61 63 73
15 36 48 59 61 63 71 72
15 36 46 59 61 63
15 36 46 48 59 61 63
15 36 46 47 59 61 63
15 36 46 47 59 61 63 73
15 36 46 47 59 61 63 71 72
15 21 59 61 63 73
15 21 59 61 63 71 72
15 21 59 61 62 63 73
15 21 59 61 62 63 71 72
15 21 46 59 61 63
15 21 46 59 61 62 63
15 21 36 59 61 63 73
15 21 36 59 61 63 71 72
15 21 36 46 59 61 63
42 57 59 61 73 78
42 57 59 61 73 76 77
42 57 59 61 71 72 78
42 57 59 61 71 72 76 77
42 51 57 59 61 73
42 51 57 59 61 71 72
42 46 57 59 61 78
42 46 57 59 61 76 77
42 46 51 57 59 61
40 41 57 59 61 73 78
40 41 57 59 61 73 76 77
40 41 57 59 61 71 72 78
40 41 57 59 61 71 72 76 77
40 41 51 57 59 61 73
40 41 51 57 59 61 71 72
40 41 46 57 59 61 78
40 41 46 57 59 61 76 77
40 41 46 51 57 59 61
15 57 59 61 73 78
15 57 59 61 73 76 77
15 57 59 61 71 72 78
15 57 59 61 71 72 76 77
15 51 57 59 61 73
15 51 57 59 61 71 72
15 46 57 59 61 78
15 46 57 59 61 76 77
15 46 51 57 59 61
59 61 78
59 61 76 77
51 59 61
61 73
61 71 72
46 61
44 57 59 73
44 57 59 71 72
44 46 57 59
42 43 57 59 73
42 43 57 59 71 72
42 43 46 57 59
30 42 59 73
30 42 59 71 72
30 42 46 59
30 40 41 59 73
30 40 41 59 71 72
30 40 41 46 59
28 29 42 59 73
28 29 42 59 71 72
28 29 42 46 59
28 29 40 41 59 73
28 29 40 41 59 71 72
28 29 40 41 46 59
17 44 57 59 73
17 44 57 59 71 72
17 44 46 57 59
17 42 43 57 59 73
17 42 43 57 59 71 72
17 42 43 46 57 59
15 30 59 73
15 30 59 71 72
15 30 46 59
15 28 29 59 73
15 28 29 59 71 72
15 28 29 46 59
15 16 44 57 59 73
15 16 44 57 59 71 72
15 16 44 46 57 59
15 16 42 43 57 59 73
15 16 42 43 57 59 71 72
15 16 42 43 46 57 59
15 16 17 57 59 73
15 16 17 57 59 71 72
15 16 17 46 57 59
14 42 59 73
14 42 59 71 72
14 42 46 59
14 40 41 59 73
14 40 41 59 71 72
14 40 41 46 59
14 15 59 73
14 15 59 71 72
14 15 46 59
3 42 59 73
3 42 59 71 72
3 42 46 59
3 40 41 59 73
3 40 41 59 71 72
3 40 41 46 59
3 15 59 73
3 15 59 71 72
3 15 46 59
59 78 79
53 59
59 73 78 79
59 71 72 78 79
59 63 71 78 79
59 63 69 70 78 79
59 61 62 71 78 79
59 61 62 69 70 78 79
53 59 73
53 59 71 72
53 59 63 71
53 59 63 69 70
53 59 61 62 71
53 59 61 62 69 70
46 59 78 79
46 53 59
44 59 63 78 79
44 59 61 62 78 79
44 53 59 63
44 53 59 61 62
36 59 71 78 79
36 59 69 70 78 79
36 53 59 71
36 53 59 69 70
36 44 59 78 79
36 44 53 59
42 59 61 65 75
42 59 61 65 73 74
42 59 61 63 64 75
42 59 61 63 64 73 74
42 48 59 61 65
42 48 59 61 63 64
40 41 59 61 65 75
40 41 59 61 65 73 74
40 41 59 61 63 64 75
40 41 59 61 63 64 73 74
40 41 48 59 61 65
40 41 48 59 61 63 64
38 42 59 61 75
38 42 59 61 73 74
38 42 48 59 61
38 40 41 59 61 75
38 40 41 59 61 73 74
38 40 41 48 59 61
15 59 61 65 75
15 59 61 65 73 74
15 59 61 63 64 75
15 59 61 63 64 73 74
15 48 59 61 65
15 48 59 61 63 64
15 38 59 61 75
15 38 59 61 73 74
15 38 48 59 61
42 59 61 63 73 78
42 59 61 63 73 76 77
42 59 61 63 71 72 78
42 59 61 63 71 72 76 77
42 59 61 62 71 72 78
42 59 61 62 71 72 76 77
42 51 59 61 63 73
42 51 59 61 63 71 72
42 51 59 61 62 71 72
42 46 59 61 63 78
42 46 59 61 63 76 77
42 46 51 59 61 63
40 41 59 61 63 73 78
40 41 59 61 63 73 76 77
40 41 59 61 63 71 72 78
40 41 59 61 63 71 72 76 77
40 41 59 61 62 71 72 78
40 41 59 61 62 71 72 76 77
40 41 51 59 61 63 73
40 41 51 59 61 63 71 72
40 41 51 59 61 62 71 72
40 41 46 59 61 63 78
40 41 46 59 61 63 76 77
40 41 46 51 59 61 63
36 42 59 61 73 78
36 42 59 61 73 76 77
36 42 59 61 71 72 78
36 42 59 61 71 72 76 77
36 42 51 59 61 73
36 42 51 59 61 71 72
36 42 46 59 61 78
36 42 46 59 61 76 77
36 42 46 51 59 61
36 40 41 59 61 73 78
36 40 41 59 61 73 76 77
36 40 41 59 61 71 72 78
36 40 41 59 61 71 72 76 77
36 40 41 51 59 61 73
36 40 41 51 59 61 71 72
36 40 41 46 59 61 78
36 40 41 46 59 61 76 77
36 40 41 46 51 59 61
15 59 61 63 73 78
15 59 61 63 73 76 77
15 59 61 63 71 72 78
15 59 61 63 71 72 76 77
15 59 61 62 71 72 78
15 59 61 62 71 72 76 77
15 51 59 61 63 73
15 51 59 61 63 71 72
15 51 59 61 62 71 72
15 46 59 61 63 78
15 46 59 61 63 76 77
15 46 51 59 61 63
15 36 59 61 73 78
15 36 59 61 73 76 77
15 36 59 61 71 72 78
15 36 59 61 71 72 76 77
15 36 51 59 61 73
15 36 51 59 61 71 72
15 36 46 59 61 78
15 36 46 59 61 76 77
15 36 46 51 59 61
42 57 59 73 78
42 57 59 73 76 77
42 57 59 71 72 78
42 57 59 71 72 76 77
42 51 57 59 73
42 51 57 59 71 72
42 48 57 59 73 78
42 48 57 59 73 76 77
42 48 57 59 71 72 78
42 48 57 59 71 72 76 77
42 48 51 57 59 73
42 48 51 57 59 71 72
42 46 57 59 78
42 46 57 59 76 77
42 46 51 57 59
42 46 48 57 59 78
42 46 48 57 59 76 77
42 46 48 51 57 59
42 46 47 57 59 78
42 46 47 57 59 76 77
42 46 47 57 59 73 78
42 46 47 57 59 73 76 77
42 46 47 57 59 71 72 78
42 46 47 57 59 71 72 76 77
42 46 47 51 57 59
42 46 47 51 57 59 73
42 46 47 51 57 59 71 72
40 41 57 59 73 78
40 41 57 59 73 76 77
40 41 57 59 71 72 78
40 41 57 59 71 72 76 77
40 41 51 57 59 73
40 41 51 57 59 71 72
40 41 48 57 59 73 78
40 41 48 57 59 73 76 77
40 41 48 57 59 71 72 78
40 41 48 57 59 71 72 76 77
40 41 48 51 57 59 73
40 41 48 51 57 59 71 72
40 41 46 57 59 78
40 41 46 57 59 76 77
40 41 46 51 57 59
40 41 46 48 57 59 78
40 41 46 48 57 59 76 77
40 41 46 48 51 57 59
40 41 46 47 57 59 78
40 41 46 47 57 59 76 77
40 41 46 47 57 59 73 78
40 41 46 47 57 59 73 76 77
40 41 46 47 57 59 71 72 78
40 41 46 47 57 59 71 72 76 77
40 41 46 47 51 57 59
40 41 46 47 51 57 59 73
40 41 46 47 51 57 59 71 72
21 42 57 59 73 78
21 42 57 59 73 76 77
21 42 57 59 71 72 78
21 42 57 59 71 72 76 77
21 42 51 57 59 73
21 42 51 57 59 71 72
21 42 46 57 59 78
21 42 46 57 59 76 77
21 42 46 51 57 59
21 40 41 57 59 73 78
21 40 41 57 59 73 76 77
21 40 41 57 59 71 72 78
21 40 41 57 59 71 72 76 77
21 40 41 51 57 59 73
21 40 41 51 57 59 71 72
21 40 41 46 57 59 78
21 40 41 46 57 59 76 77
21 40 41 46 51 57 59
15 57 59 73 78
15 57 59 73 76 77
15 57 59 71 72 78
15 57 59 71 72 76 77
15 51 57 59 73
15 51 57 59 71 72
15 48 57 59 73 78
15 48 57 59 73 76 77
15 48 57 59 71 72 78
15 48 57 59 71 72 76 77
15 48 51 57 59 73
15 48 51 57 59 71 72
15 46 57 59 78
15 46 57 59 76 77
15 46 51 57 59
15 46 48 57 59 78
15 46 48 57 59 76 77
15 46 48 51 57 59
15 46 47 57 59 78
15 46 47 57 59 76 77
15 46 47 57 59 73 78
15 46 47 57 59 73 76 77
15 46 47 57 59 71 72 78
15 46 47 57 59 71 72 76 77
15 46 47 51 57 59
15 46 47 51 57 59 73
15 46 47 51 57 59 71 72
15 21 57 59 73 78
15 21 57 59 73 76 77
15 21 57 59 71 72 78
15 21 57 59 71 72 76 77
15 21 51 57 59 73
15 21 51 57 59 71 72
15 21 46 57 59 78
15 21 46 57 59 76 77
15 21 46 51 57 59
42 59 61 73 78
42 59 61 73 76 77
42 59 61 71 72 78
42 59 61 71 72 76 77
42 51 59 61 73
42 51 59 61 71 72
42 46 59 61 78
42 46 59 61 76 77
42 46 51 59 61
40 41 59 61 73 78
40 41 59 61 73 76 77
40 41 59 61 71 72 78
40 41 59 61 71 72 76 77
40 41 51 59 61 73
40 41 51 59 61 71 72
40 41 46 59 61 78
40 41 46 59 61 76 77
40 41 46 51 59 61
15 59 61 73 78
15 59 61 73 76 77
15 59 61 71 72 78
15 59 61 71 72 76 77
15 51 59 61 73
15 51 59 61 71 72
15 46 59 61 78
15 46 59 61 76 77
15 46 51 59 61
42 57 59 73
42 57 59 73 75
42 57 59 73 74
42 57 59 71 72
42 57 59 71 72 75
42 57 59 71 72 73 74
42 48 57 59 73
42 48 57 59 71 72
42 46 57 59
42 46 57 59 75
42 46 57 59 73 74
42 46 48 57 59
40 41 57 59 73
40 41 57 59 73 75
40 41 57 59 73 74
40 41 57 59 71 72
40 41 57 59 71 72 75
40 41 57 59 71 72 73 74
40 41 48 57 59 73
40 41 48 57 59 71 72
40 41 46 57 59
40 41 46 57 59 75
40 41 46 57 59 73 74
40 41 46 48 57 59
30 42 57 59 73
30 42 57 59 71 72
30 42 46 57 59
30 40 41 57 59 73
30 40 41 57 59 71 72
30 40 41 46 57 59
28 29 42 57 59 73
28 29 42 57 59 71 72
28 29 42 46 57 59
28 29 40 41 57 59 73
28 29 40 41 57 59 71 72
28 29 40 41 46 57 59
15 57 59 73
15 57 59 73 75
15 57 59 73 74
15 57 59 71 72
15 57 59 71 72 75
15 57 59 71 72 73 74
15 48 57 59 73
15 48 57 59 71 72
15 46 57 59
15 46 57 59 75
15 46 57 59 73 74
15 46 48 57 59
15 30 57 59 73
15 30 57 59 71 72
15 30 46 57 59
15 28 29 57 59 73
15 28 29 57 59 71 72
15 28 29 46 57 59
3 42 57 59 73
3 42 57 59 71 72
3 42 46 57 59
3 40 41 57 59 73
3 40 41 57 59 71 72
3 40 41 46 57 59
3 15 57 59 73
3 15 57 59 71 72
3 15 46 57 59
42 59 63 71 73 78
42 59 63 71 73 76 77
42 59 63 69 70 73 78
42 59 63 69 70 73 76 77
42 59 63 69 70 71 72 78
42 59 63 69 70 71 72 76 77
42 59 61 62 71 73 78
42 59 61 62 71 73 76 77
42 59 61 62 69 70 73 78
42 59 61 62 69 70 73 76 77
42 59 61 62 69 70 71 72 78
42 59 61 62 69 70 71 72 76 77
42 51 59 63 71 73
42 51 59 63 69 70 73
42 51 59 63 69 70 71 72
42 51 59 61 62 71 73
42 51 59 61 62 69 70 73
42 51 59 61 62 69 70 71 72
42 46 59 63 71 78
42 46 59 63 71 76 77
42 46 59 63 69 70 78
42 46 59 63 69 70 76 77
42 46 59 61 62 71 78
42 46 59 61 62 71 76 77
42 46 59 61 62 69 70 78
42 46 59 61 62 69 70 76 77
42 46 51 59 63 71
42 46 51 59 63 69 70
42 46 51 59 61 62 71
42 46 51 59 61 62 69 70
42 44 59 63 73 78
42 44 59 63 73 76 77
42 44 59 63 71 72 78
42 44 59 63 71 72 76 77
42 44 59 61 62 73 78
42 44 59 61 62 73 76 77
42 44 59 61 62 71 72 78
42 44 59 61 62 71 72 76 77
42 44 51 59 63 73
42 44 51 59 63 71 72
42 44 51 59 61 62 73
42 44 51 59 61 62 71 72
42 44 46 59 63 78
42 44 46 59 63 76 77
42 44 46 59 61 62 78
42 44 46 59 61 62 76 77
42 44 46 51 59 63
42 44 46 51 59 61 62
40 41 59 63 71 73 78
40 41 59 63 71 73 76 77
40 41 59 63 69 70 73 78
40 41 59 63 69 70 73 76 77
40 41 59 63 69 70 71 72 78
40 41 59 63 69 70 71 72 76 77
40 41 59 61 62 71 73 78
40 41 59 61 62 71 73 76 77
40 41 59 61 62 69 70 73 78
40 41 59 61 62 69 70 73 76 77
40 41 59 61 62 69 70 71 72 78
40 41 59 61 62 69 70 71 72 76 77
40 41 51 59 63 71 73
40 41 51 59 63 69 70 73
40 41 51 59 63 69 70 71 72
40 41 51 59 61 62 71 73
40 41 51 59 61 62 69 70 73
40 41 51 59 61 62 69 70 71 72
40 41 46 59 63 71 78
40 41 46 59 63 71 76 77
40 41 46 59 63 69 70 78
40 41 46 59 63 69 70 76 77
40 41 46 59 61 62 71 78
40 41 46 59 61 62 71 76 77
40 41 46 59 61 62 69 70 78
40 41 46 59 61 62 69 70 76 77
40 41 46 51 59 63 71
40 41 46 51 59 63 69 70
40 41 46 51 59 61 62 71
40 41 46 51 59 61 62 69 70
40 41 44 59 63 73 78
40 41 44 59 63 73 76 77
40 41 44 59 63 71 72 78
40 41 44 59 63 71 72 76 77
40 41 44 59 61 62 73 78
40 41 44 59 61 62 73 76 77
40 41 44 59 61 62 71 72 78
40 41 44 59 61 62 71 72 76 77
40 41 44 51 59 63 73
40 41 44 51 59 63 71 72
40 41 44 51 59 61 62 73
40 41 44 51 59 61 62 71 72
40 41 44 46 59 63 78
40 41 44 46 59 63 76 77
40 41 44 46 59 61 62 78
40 41 44 46 59 61 62 76 77
40 41 44 46 51 59 63
40 41 44 46 51 59 61 62
36 42 59 71 73 78
36 42 59 71 73 76 77
36 42 59 69 70 73 78
36 42 59 69 70 73 76 77
36 42 59 69 70 71 72 78
36 42 59 69 70 71 72 76 77
36 42 51 59 71 73
36 42 51 59 69 70 73
36 42 51 59 69 70 71 72
36 42 46 59 71 78
36 42 46 59 71 76 77
36 42 46 59 69 70 78
36 42 46 59 69 70 76 77
36 42 46 51 59 71
36 42 46 51 59 69 70
36 42 44 59 73 78
36 42 44 59 73 76 77
36 42 44 59 71 72 78
36 42 44 59 71 72 76 77
36 42 44 51 59 73
36 42 44 51 59 71 72
36 42 44 46 59 78
36 42 44 46 59 76 77
36 42 44 46 51 59
36 40 41 59 71 73 78
36 40 41 59 71 73 76 77
36 40 41 59 69 70 73 78
36 40 41 59 69 70 73 76 77
36 40 41 59 69 70 71 72 78
36 40 41 59 69 70 71 72 76 77
36 40 41 51 59 71 73
36 40 41 51 59 69 70 73
36 40 41 51 59 69 70 71 72
36 40 41 46 59 71 78
36 40 41 46 59 71 76 77
36 40 41 46 59 69 70 78
36 40 41 46 59 69 70 76 77
36 40 41 46 51 59 71
36 40 41 46 51 59 69 70
36 40 41 44 59 73 78
36 40 41 44 59 73 76 77
36 40 41 44 59 71 72 78
36 40 41 44 59 71 72 76 77
36 40 41 44 51 59 73
36 40 41 44 51 59 71 72
36 40 41 44 46 59 78
36 40 41 44 46 59 76 77
36 40 41 44 46 51 59
15 59 63 71 73 78
15 59 63 71 73 76 77
15 59 63 69 70 73 78
15 59 63 69 70 73 76 77
15 59 63 69 70 71 72 78
15 59 63 69 70 71 72 76 77
15 59 61 62 71 73 78
15 59 61 62 71 73 76 77
15 59 61 62 69 70 73 78
15 59 61 62 69 70 73 76 77
15 59 61 62 69 70 71 72 78
15 59 61 62 69 70 71 72 76 77
15 51 59 63 71 73
15 51 59 63 69 70 73
15 51 59 63 69 70 71 72
15 51 59 61 62 71 73
15 51 59 61 62 69 70 73
15 51 59 61 62 69 70 71 72
15 46 59 63 71 78
15 46 59 63 71 76 77
15 46 59 63 69 70 78
15 46 59 63 69 70 76 77
15 46 59 61 62 71 78
15 46 59 61 62 71 76 77
15 46 59 61 62 69 70 78
15 46 59 61 62 69 70 76 77
15 46 51 59 63 71
15 46 51 59 63 69 70
15 46 51 59 61 62 71
15 46 51 59 61 62 69 70
15 44 59 63 73 78
15 44 59 63 73 76 77
15 44 59 63 71 72 78
15 44 59 63 71 72 76 77
15 44 59 61 62 73 78
15 44 59 61 62 73 76 77
15 44 59 61 62 71 72 78
15 44 59 61 62 71 72 76 77
15 44 51 59 63 73
15 44 51 59 63 71 72
15 44 51 59 61 62 73
15 44 51 59 61 62 71 72
15 44 46 59 63 78
15 44 46 59 63 76 77
15 44 46 59 61 62 78
15 44 46 59 61 62 76 77
15 44 46 51 59 63
15 44 46 51 59 61 62
15 36 59 71 73 78
15 36 59 71 73 76 77
15 36 59 69 70 73 78
15 36 59 69 70 73 76 77
15 36 59 69 70 71 72 78
15 36 59 69 70 71 72 76 77
15 36 51 59 71 73
15 36 51 59 69 70 73
15 36 51 59 69 70 71 72
15 36 46 59 71 78
15 36 46 59 71 76 77
15 36 46 59 69 70 78
15 36 46 59 69 70 76 77
15 36 46 51 59 71
15 36 46 51 59 69 70
15 36 44 59 73 78
15 36 44 59 73 76 77
15 36 44 59 71 72 78
15 36 44 59 71 72 76 77
15 36 44 51 59 73
15 36 44 51 59 71 72
15 36 44 46 59 78
15 36 44 46 59 76 77
15 36 44 46 51 59
42 58 59 61 62 73 78
42 58 59 61 62 73 76 77
42 58 59 61 62 71 72 78
42 58 59 61 62 71 72 76 77
42 58 59 60 61 62 73 78
42 58 59 60 61 62 73 76 77
42 58 59 60 61 62 71 72 78
42 58 59 60 61 62 71 72 76 77
42 51 58 59 61 62 73
42 51 58 59 61 62 71 72
42 51 58 59 60 61 62 73
42 51 58 59 60 61 62 71 72
42 46 58 59 61 62 78
42 46 58 59 61 62 76 77
42 46 58 59 60 61 62 78
42 46 58 59 60 61 62 76 77
42 46 51 58 59 61 62
42 46 51 58 59 60 61 62
40 41 58 59 61 62 73 78
40 41 58 59 61 62 73 76 77
40 41 58 59 61 62 71 72 78
40 41 58 59 61 62 71 72 76 77
40 41 58 59 60 61 62 73 78
40 41 58 59 60 61 62 73 76 77
40 41 58 59 60 61 62 71 72 78
40 41 58 59 60 61 62 71 72 76 77
40 41 51 58 59 61 62 73
40 41 51 58 59 61 62 71 72
40 41 51 58 59 60 61 62 73
40 41 51 58 59 60 61 62 71 72
40 41 46 58 59 61 62 78
40 41 46 58 59 61 62 76 77
40 41 46 58 59 60 61 62 78
40 41 46 58 59 60 61 62 76 77
40 41 46 51 58 59 61 62
40 41 46 51 58 59 60 61 62
33 42 59 61 62 73 78
33 42 59 61 62 73 76 77
33 42 59 61 62 71 72 78
33 42 59 61 62 71 72 76 77
33 42 59 60 61 62 73 78
33 42 59 60 61 62 73 76 77
33 42 59 60 61 62 71 72 78
33 42 59 60 61 62 71 72 76 77
33 42 51 59 61 62 73
33 42 51 59 61 62 71 72
33 42 51 59 60 61 62 73
33 42 51 59 60 61 62 71 72
33 42 46 59 61 62 78
33 42 46 59 61 62 76 77
33 42 46 59 60 61 62 78
33 42 46 59 60 61 62 76 77
33 42 46 51 59 61 62
33 42 46 51 59 60 61 62
33 40 41 59 61 62 73 78
33 40 41 59 61 62 73 76 77
33 40 41 59 61 62 71 72 78
33 40 41 59 61 62 71 72 76 77
33 40 41 59 60 61 62 73 78
33 40 41 59 60 61 62 73 76 77
33 40 41 59 60 61 62 71 72 78
33 40 41 59 60 61 62 71 72 76 77
33 40 41 51 59 61 62 73
33 40 41 51 59 61 62 71 72
33 40 41 51 59 60 61 62 73
33 40 41 51 59 60 61 62 71 72
33 40 41 46 59 61 62 78
33 40 41 46 59 61 62 76 77
33 40 41 46 59 60 61 62 78
33 40 41 46 59 60 61 62 76 77
33 40 41 46 51 59 61 62
33 40 41 46 51 59 60 61 62
15 58 59 61 62 73 78
15 58 59 61 62 73 76 77
15 58 59 61 62 71 72 78
15 58 59 61 62 71 72 76 77
15 58 59 60 61 62 73 78
15 58 59 60 61 62 73 76 77
15 58 59 60 61 62 71 72 78
15 58 59 60 61 62 71 72 76 77
15 51 58 59 61 62 73
15 51 58 59 61 62 71 72
15 51 58 59 60 61 62 73
15 51 58 59 60 61 62 71 72
15 46 58 59 61 62 78
15 46 58 59 61 62 76 77
15 46 58 59 60 61 62 78
15 46 58 59 60 61 62 76 77
15 46 51 58 59 61 62
15 46 51 58 59 60 61 62
15 33 59 61 62 73 78
15 33 59 61 62 73 76 77
15 33 59 61 62 71 72 78
15 33 59 61 62 71 72 76 77
15 33 59 60 61 62 73 78
15 33 59 60 61 62 73 76 77
15 33 59 60 61 62 71 72 78
15 33 59 60 61 62 71 72 76 77
15 33 51 59 61 62 73
15 33 51 59 61 62 71 72
15 33 51 59 60 61 62 73
15 33 51 59 60 61 62 71 72
15 33 46 59 61 62 78
15 33 46 59 61 62 76 77
15 33 46 59 60 61 62 78
15 33 46 59 60 61 62 76 77
15 33 46 51 59 61 62
15 33 46 51 59 60 61 62
34 42 59 61 73
34 42 59 61 71 72
34 42 46 59 61
34 40 41 59 61 73
34 40 41 59 61 71 72
34 40 41 46 59 61
15 34 59 61 73
15 34 59 61 71 72
15 34 46 59 61
42 59 63 71 73
42 59 63 71 72
42 59 63 69 70 73
42 59 63 69 70 71 72
42 59 61 62 71 73
42 59 61 62 69 70 73
42 59 61 62 69 70 71 72
42 46 59 63 71
42 46 59 63 69 70
42 46 59 61 62 71
42 46 59 61 62 69 70
42 44 59 63 73
42 44 59 63 71 72
42 44 46 59 63
40 41 59 63 71 73
40 41 59 63 71 72
40 41 59 63 69 70 73
40 41 59 63 69 70 71 72
40 41 59 61 62 71 73
40 41 59 61 62 69 70 73
40 41 59 61 62 69 70 71 72
40 41 46 59 63 71
40 41 46 59 63 69 70
40 41 46 59 61 62 71
40 41 46 59 61 62 69 70
40 41 44 59 63 73
40 41 44 59 63 71 72
40 41 44 46 59 63
36 42 59 71 73
36 42 59 71 72
36 42 59 69 70 73
36 42 59 69 70 71 72
36 42 46 59 71
36 42 46 59 69 70
36 42 44 59 73
36 42 44 59 71 72
36 42 44 46 59
36 40 41 59 71 73
36 40 41 59 71 72
36 40 41 59 69 70 73
36 40 41 59 69 70 71 72
36 40 41 46 59 71
36 40 41 46 59 69 70
36 40 41 44 59 73
36 40 41 44 59 71 72
36 40 41 44 46 59
29 42 59 61 71 73
29 42 59 61 71 72
29 42 59 61 69 70 73
29 42 59 61 69 70 71 72
29 42 59 60 71 73
29 42 59 60 71 72
29 42 59 60 69 70 73
29 42 59 60 69 70 71 72
29 42 46 59 61 71
29 42 46 59 61 69 70
29 42 46 59 60 71
29 42 46 59 60 69 70
29 42 44 59 61 73
29 42 44 59 61 71 72
29 42 44 59 60 73
29 42 44 59 60 71 72
29 42 44 46 59 61
29 42 44 46 59 60
29 40 41 59 61 71 73
29 40 41 59 61 71 72
29 40 41 59 61 69 70 73
29 40 41 59 61 69 70 71 72
29 40 41 59 60 71 73
29 40 41 59 60 71 72
29 40 41 59 60 69 70 73
29 40 41 59 60 69 70 71 72
29 40 41 46 59 61 71
29 40 41 46 59 61 69 70
29 40 41 46 59 60 71
29 40 41 46 59 60 69 70
29 40 41 44 59 61 73
29 40 41 44 59 61 71 72
29 40 41 44 59 60 73
29 40 41 44 59 60 71 72
29 40 41 44 46 59 61
29 40 41 44 46 59 60
29 34 42 59 71 73
29 34 42 59 71 72
29 34 42 59 69 70 73
29 34 42 59 69 70 71 72
29 34 42 46 59 71
29 34 42 46 59 69 70
29 34 42 44 59 73
29 34 42 44 59 71 72
29 34 42 44 46 59
29 34 40 41 59 71 73
29 34 40 41 59 71 72
29 34 40 41 59 69 70 73
29 34 40 41 59 69 70 71 72
29 34 40 41 46 59 71
29 34 40 41 46 59 69 70
29 34 40 41 44 59 73
29 34 40 41 44 59 71 72
29 34 40 41 44 46 59
27 28 42 59 61 71 73
27 28 42 59 61 71 72
27 28 42 59 61 69 70 73
27 28 42 59 61 69 70 71 72
27 28 42 59 60 71 73
27 28 42 59 60 71 72
27 28 42 59 60 69 70 73
27 28 42 59 60 69 70 71 72
27 28 42 46 59 61 71
27 28 42 46 59 61 69 70
27 28 42 46 59 60 71
27 28 42 46 59 60 69 70
27 28 42 44 59 61 73
27 28 42 44 59 61 71 72
27 28 42 44 59 60 73
27 28 42 44 59 60 71 72
27 28 42 44 46 59 61
27 28 42 44 46 59 60
27 28 40 41 59 61 71 73
27 28 40 41 59 61 71 72
27 28 40 41 59 61 69 70 73
27 28 40 41 59 61 69 70 71 72
27 28 40 41 59 60 71 73
27 28 40 41 59 60 71 72
27 28 40 41 59 60 69 70 73
27 28 40 41 59 60 69 70 71 72
27 28 40 41 46 59 61 71
27 28 40 41 46 59 61 69 70
27 28 40 41 46 59 60 71
27 28 40 41 46 59 60 69 70
27 28 40 41 44 59 61 73
27 28 40 41 44 59 61 71 72
27 28 40 41 44 59 60 73
27 28 40 41 44 59 60 71 72
27 28 40 41 44 46 59 61
27 28 40 41 44 46 59 60
27 28 34 42 59 71 73
27 28 34 42 59 71 72
27 28 34 42 59 69 70 73
27 28 34 42 59 69 70 71 72
27 28 34 42 46 59 71
27 28 34 42 46 59 69 70
27 28 34 42 44 59 73
27 28 34 42 44 59 71 72
27 28 34 42 44 46 59
27 28 34 40 41 59 71 73
27 28 34 40 41 59 71 72
27 28 34 40 41 59 69 70 73
27 28 34 40 41 59 69 70 71 72
27 28 34 40 41 46 59 71
27 28 34 40 41 46 59 69 70
27 28 34 40 41 44 59 73
27 28 34 40 41 44 59 71 72
27 28 34 40 41 44 46 59
15 59 63 71 73
15 59 63 71 72
15 59 63 69 70 73
15 59 63 69 70 71 72
15 59 61 62 71 73
15 59 61 62 69 70 73
15 59 61 62 69 70 71 72
15 46 59 63 71
15 46 59 63 69 70
15 46 59 61 62 71
15 46 59 61 62 69 70
15 44 59 63 73
15 44 59 63 71 72
15 44 46 59 63
15 36 59 71 73
15 36 59 71 72
15 36 59 69 70 73
15 36 59 69 70 71 72
15 36 46 59 71
15 36 46 59 69 70
15 36 44 59 73
15 36 44 59 71 72
15 36 44 46 59
15 29 59 61 71 73
15 29 59 61 71 72
15 29 59 61 69 70 73
15 29 59 61 69 70 71 72
15 29 59 60 71 73
15 29 59 60 71 72
15 29 59 60 69 70 73
15 29 59 60 69 70 71 72
15 29 46 59 61 71
15 29 46 59 61 69 70
15 29 46 59 60 71
15 29 46 59 60 69 70
15 29 44 59 61 73
15 29 44 59 61 71 72
15 29 44 59 60 73
15 29 44 59 60 71 72
15 29 44 46 59 61
15 29 44 46 59 60
15 29 34 59 71 73
15 29 34 59 71 72
15 29 34 59 69 70 73
15 29 34 59 69 70 71 72
15 29 34 46 59 71
15 29 34 46 59 69 70
15 29 34 44 59 73
15 29 34 44 59 71 72
15 29 34 44 46 59
15 27 28 59 61 71 73
15 27 28 59 61 71 72
15 27 28 59 61 69 70 73
15 27 28 59 61 69 70 71 72
15 27 28 59 60 71 73
15 27 28 59 60 71 72
15 27 28 59 60 69 70 73
15 27 28 59 60 69 70 71 72
15 27 28 46 59 61 71
15 27 28 46 59 61 69 70
15 27 28 46 59 60 71
15 27 28 46 59 60 69 70
15 27 28 44 59 61 73
15 27 28 44 59 61 71 72
15 27 28 44 59 60 73
15 27 28 44 59 60 71 72
15 27 28 44 46 59 61
15 27 28 44 46 59 60
15 27 28 34 59 71 73
15 27 28 34 59 71 72
15 27 28 34 59 69 70 73
15 27 28 34 59 69 70 71 72
15 27 28 34 46 59 71
15 27 28 34 46 59 69 70
15 27 28 34 44 59 73
15 27 28 34 44 59 71 72
15 27 28 34 44 46 59
2 42 59 61 71 73
2 42 59 61 71 72
2 42 59 61 69 70 73
2 42 59 61 69 70 71 72
2 42 59 60 71 73
2 42 59 60 71 72
2 42 59 60 69 70 73
2 42 59 60 69 70 71 72
2 42 46 59 61 71
2 42 46 59 61 69 70
2 42 46 59 60 71
2 42 46 59 60 69 70
2 42 44 59 61 73
2 42 44 59 61 71 72
2 42 44 59 60 73
2 42 44 59 60 71 72
2 42 44 46 59 61
2 42 44 46 59 60
2 40 41 59 61 71 73
2 40 41 59 61 71 72
2 40 41 59 61 69 70 73
2 40 41 59 61 69 70 71 72
2 40 41 59 60 71 73
2 40 41 59 60 71 72
2 40 41 59 60 69 70 73
2 40 41 59 60 69 70 71 72
2 40 41 46 59 61 71
2 40 41 46 59 61 69 70
2 40 41 46 59 60 71
2 40 41 46 59 60 69 70
2 40 41 44 59 61 73
2 40 41 44 59 61 71 72
2 40 41 44 59 60 73
2 40 41 44 59 60 71 72
2 40 41 44 46 59 61
2 40 41 44 46 59 60
2 34 42 59 71 73
2 34 42 59 71 72
2 34 42 59 69 70 73
2 34 42 59 69 70 71 72
2 34 42 46 59 71
2 34 42 46 59 69 70
2 34 42 44 59 73
2 34 42 44 59 71 72
2 34 42 44 46 59
2 34 40 41 59 71 73
2 34 40 41 59 71 72
2 34 40 41 59 69 70 73
2 34 40 41 59 69 70 71 72
2 34 40 41 46 59 71
2 34 40 41 46 59 69 70
2 34 40 41 44 59 73
2 34 40 41 44 59 71 72
2 34 40 41 44 46 59
2 15 59 61 71 73
2 15 59 61 71 72
2 15 59 61 69 70 73
2 15 59 61 69 70 71 72
2 15 59 60 71 73
2 15 59 60 71 72
2 15 59 60 69 70 73
2 15 59 60 69 70 71 72
2 15 46 59 61 71
2 15 46 59 61 69 70
2 15 46 59 60 71
2 15 46 59 60 69 70
2 15 44 59 61 73
2 15 44 59 61 71 72
2 15 44 59 60 73
2 15 44 59 60 71 72
2 15 44 46 59 61
2 15 44 46 59 60
2 15 34 59 71 73
2 15 34 59 71 72
2 15 34 59 69 70 73
2 15 34 59 69 70 71 72
2 15 34 46 59 71
2 15 34 46 59 69 70
2 15 34 44 59 73
2 15 34 44 59 71 72
2 15 34 44 46 59
46 59 61
46 59 61 73
46 59 61 71 72
44 45 59 61 73
44 45 59 61 71 72
44 45 46 59 61
19 59 61 73
19 59 61 71 72
19 46 59 61
59 63 73
59 63 71 72
59 61 63 73
59 61 63 71 72
58 59 60 63 73
58 59 60 63 71 72
58 59 60 61 62 73
58 59 60 61 62 71 72
46 59 63 73
46 59 63 71 72
46 59 61 63
46 59 61 62
46 59 61 62 73
46 59 61 62 71 72
46 58 59 60 63
46 58 59 60 61 62
44 45 59 63 73
44 45 59 63 71 72
44 45 59 61 62 73
44 45 59 61 62 71 72
44 45 46 59 63
44 45 46 59 61 62
36 59 73
36 59 71 72
36 59 61 73
36 59 61 71 72
36 58 59 60 73
36 58 59 60 71 72
36 46 59 73
36 46 59 71 72
36 46 59 61
36 46 58 59 60
36 44 45 59 73
36 44 45 59 71 72
36 44 45 46 59
34 59 63 73
34 59 63 71 72
34 59 61 62 73
34 59 61 62 71 72
34 46 59 63
34 46 59 61 62
34 36 59 73
34 36 59 71 72
34 36 46 59
33 59 60 63 73
33 59 60 63 71 72
33 59 60 61 62 73
33 59 60 61 62 71 72
33 46 59 60 63
33 46 59 60 61 62
33 36 59 60 73
33 36 59 60 71 72
33 36 46 59 60
19 59 63 73
19 59 63 71 72
19 59 61 62 73
19 59 61 62 71 72
19 46 59 63
19 46 59 61 62
19 36 59 73
19 36 59 71 72
19 36 46 59
18 59 60 63 73
18 59 60 63 71 72
18 59 60 61 62 73
18 59 60 61 62 71 72
18 58 59 63 73
18 58 59 63 71 72
18 58 59 61 62 73
18 58 59 61 62 71 72
18 46 59 60 63
18 46 59 60 61 62
18 46 58 59 63
18 46 58 59 61 62
18 36 59 60 73
18 36 59 60 71 72
18 36 58 59 73
18 36 58 59 71 72
18 36 46 59 60
18 36 46 58 59
18 33 59 63 73
18 33 59 63 71 72
18 33 59 61 62 73
18 33 59 61 62 71 72
18 33 46 59 63
18 33 46 59 61 62
18 33 36 59 73
18 33 36 59 71 72
18 33 36 46 59
16 17 59 60 63 73
16 17 59 60 63 71 72
16 17 59 60 61 62 73
16 17 59 60 61 62 71 72
16 17 58 59 63 73
16 17 58 59 63 71 72
16 17 58 59 61 62 73
16 17 58 59 61 62 71 72
16 17 46 59 60 63
16 17 46 59 60 61 62
16 17 46 58 59 63
16 17 46 58 59 61 62
16 17 36 59 60 73
16 17 36 59 60 71 72
16 17 36 58 59 73
16 17 36 58 59 71 72
16 17 36 46 59 60
16 17 36 46 58 59
16 17 33 59 63 73
16 17 33 59 63 71 72
16 17 33 59 61 62 73
16 17 33 59 61 62 71 72
16 17 33 46 59 63
16 17 33 46 59 61 62
16 17 33 36 59 73
16 17 33 36 59 71 72
16 17 33 36 46 59
42 59 60 61 73 78
42 59 60 61 73 76 77
42 59 60 61 71 72 78
42 59 60 61 71 72 76 77
42 51 59 60 61 73
42 51 59 60 61 71 72
42 46 59 60 61 78
42 46 59 60 61 76 77
42 46 51 59 60 61
40 41 59 60 61 73 78
40 41 59 60 61 73 76 77
40 41 59 60 61 71 72 78
40 41 59 60 61 71 72 76 77
40 41 51 59 60 61 73
40 41 51 59 60 61 71 72
40 41 46 59 60 61 78
40 41 46 59 60 61 76 77
40 41 46 51 59 60 61
34 42 59 61 73 78
34 42 59 61 73 76 77
34 42 59 61 71 72 78
34 42 59 61 71 72 76 77
34 42 51 59 61 73
34 42 51 59 61 71 72
34 42 46 59 61 78
34 42 46 59 61 76 77
34 42 46 51 59 61
34 40 41 59 61 73 78
34 40 41 59 61 73 76 77
34 40 41 59 61 71 72 78
34 40 41 59 61 71 72 76 77
34 40 41 51 59 61 73
34 40 41 51 59 61 71 72
34 40 41 46 59 61 78
34 40 41 46 59 61 76 77
34 40 41 46 51 59 61
15 59 60 61 73 78
15 59 60 61 73 76 77
15 59 60 61 71 72 78
15 59 60 61 71 72 76 77
15 51 59 60 61 73
15 51 59 60 61 71 72
15 46 59 60 61 78
15 46 59 60 61 76 77
15 46 51 59 60 61
15 34 59 61 73 78
15 34 59 61 73 76 77
15 34 59 61 71 72 78
15 34 59 61 71 72 76 77
15 34 51 59 61 73
15 34 51 59 61 71 72
15 34 46 59 61 78
15 34 46 59 61 76 77
15 34 46 51 59 61
59 60 75
59 60 73 74
48 59 60
34 59 75
34 59 73 74
34 48 59
18 42 59 60 61 63 73 78
18 42 59 60 61 63 73 76 77
18 42 59 60 61 63 71 72 78
18 42 59 60 61 63 71 72 76 77
18 42 59 60 61 62 73 78
18 42 59 60 61 62 73 76 77
18 42 59 60 61 62 71 72 78
18 42 59 60 61 62 71 72 76 77
18 42 58 59 61 63 73 78
18 42 58 59 61 63 73 76 77
18 42 58 59 61 63 71 72 78
18 42 58 59 61 63 71 72 76 77
18 42 58 59 61 62 73 78
18 42 58 59 61 62 73 76 77
18 42 58 59 61 62 71 72 78
18 42 58 59 61 62 71 72 76 77
18 42 51 59 60 61 63 73
18 42 51 59 60 61 63 71 72
18 42 51 59 60 61 62 73
18 42 51 59 60 61 62 71 72
18 42 51 58 59 61 63 73
18 42 51 58 59 61 63 71 72
18 42 51 58 59 61 62 73
18 42 51 58 59 61 62 71 72
18 42 46 59 60 61 63 78
18 42 46 59 60 61 63 76 77
18 42 46 59 60 61 62 78
18 42 46 59 60 61 62 76 77
18 42 46 58 59 61 63 78
18 42 46 58 59 61 63 76 77
18 42 46 58 59 61 62 78
18 42 46 58 59 61 62 76 77
18 42 46 51 59 60 61 63
18 42 46 51 59 60 61 62
18 42 46 51 58 59 61 63
18 42 46 51 58 59 61 62
18 40 41 59 60 61 63 73 78
18 40 41 59 60 61 63 73 76 77
18 40 41 59 60 61 63 71 72 78
18 40 41 59 60 61 63 71 72 76 77
18 40 41 59 60 61 62 73 78
18 40 41 59 60 61 62 73 76 77
18 40 41 59 60 61 62 71 72 78
18 40 41 59 60 61 62 71 72 76 77
18 40 41 58 59 61 63 73 78
18 40 41 58 59 61 63 73 76 77
18 40 41 58 59 61 63 71 72 78
18 40 41 58 59 61 63 71 72 76 77
18 40 41 58 59 61 62 73 78
18 40 41 58 59 61 62 73 76 77
18 40 41 58 59 61 62 71 72 78
18 40 41 58 59 61 62 71 72 76 77
18 40 41 51 59 60 61 63 73
18 40 41 51 59 60 61 63 71 72
18 40 41 51 59 60 61 62 73
18 40 41 51 59 60 61 62 71 72
18 40 41 51 58 59 61 63 73
18 40 41 51 58 59 61 63 71 72
18 40 41 51 58 59 61 62 73
18 40 41 51 58 59 61 62 71 72
18 40 41 46 59 60 61 63 78
18 40 41 46 59 60 61 63 76 77
18 40 41 46 59 60 61 62 78
18 40 41 46 59 60 61 62 76 77
18 40 41 46 58 59 61 63 78
18 40 41 46 58 59 61 63 76 77
18 40 41 46 58 59 61 62 78
18 40 41 46 58 59 61 62 76 77
18 40 41 46 51 59 60 61 63
18 40 41 46 51 59 60 61 62
18 40 41 46 51 58 59 61 63
18 40 41 46 51 58 59 61 62
18 36 42 59 60 61 73 78
18 36 42 59 60 61 73 76 77
18 36 42 59 60 61 71 72 78
18 36 42 59 60 61 71 72 76 77
18 36 42 58 59 61 73 78
18 36 42 58 59 61 73 76 77
18 36 42 58 59 61 71 72 78
18 36 42 58 59 61 71 72 76 77
18 36 42 51 59 60 61 73
18 36 42 51 59 60 61 71 72
18 36 42 51 58 59 61 73
18 36 42 51 58 59 61 71 72
18 36 42 46 59 60 61 78
18 36 42 46 59 60 61 76 77
18 36 42 46 58 59 61 78
18 36 42 46 58 59 61 76 77
18 36 42 46 51 59 60 61
18 36 42 46 51 58 59 61
18 36 40 41 59 60 61 73 78
18 36 40 41 59 60 61 73 76 77
18 36 40 41 59 60 61 71 72 78
18 36 40 41 59 60 61 71 72 76 77
18 36 40 41 58 59 61 73 78
18 36 40 41 58 59 61 73 76 77
18 36 40 41 58 59 61 71 72 78
18 36 40 41 58 59 61 71 72 76 77
18 36 40 41 51 59 60 61 73
18 36 40 41 51 59 60 61 71 72
18 36 40 41 51 58 59 61 73
18 36 40 41 51 58 59 61 71 72
18 36 40 41 46 59 60 61 78
18 36 40 41 46 59 60 61 76 77
18 36 40 41 46 58 59 61 78
18 36 40 41 46 58 59 61 76 77
18 36 40 41 46 51 59 60 61
18 36 40 41 46 51 58 59 61
18 33 42 59 61 63 73 78
18 33 42 59 61 63 73 76 77
18 33 42 59 61 63 71 72 78
18 33 42 59 61 63 71 72 76 77
18 33 42 59 61 62 73 78
18 33 42 59 61 62 73 76 77
18 33 42 59 61 62 71 72 78
18 33 42 59 61 62 71 72 76 77
18 33 42 51 59 61 63 73
18 33 42 51 59 61 63 71 72
18 33 42 51 59 61 62 73
18 33 42 51 59 61 62 71 72
18 33 42 46 59 61 63 78
18 33 42 46 59 61 63 76 77
18 33 42 46 59 61 62 78
18 33 42 46 59 61 62 76 77
18 33 42 46 51 59 61 63
18 33 42 46 51 59 61 62
18 33 40 41 59 61 63 73 78
18 33 40 41 59 61 63 73 76 77
18 33 40 41 59 61 63 71 72 78
18 33 40 41 59 61 63 71 72 76 77
18 33 40 41 59 61 62 73 78
18 33 40 41 59 61 62 73 76 77
18 33 40 41 59 61 62 71 72 78
18 33 40 41 59 61 62 71 72 76 77
18 33 40 41 51 59 61 63 73
18 33 40 41 51 59 61 63 71 72
18 33 40 41 51 59 61 62 73
18 33 40 41 51 59 61 62 71 72
18 33 40 41 46 59 61 63 78
18 33 40 41 46 59 61 63 76 77
18 33 40 41 46 59 61 62 78
18 33 40 41 46 59 61 62 76 77
18 33 40 41 46 51 59 61 63
18 33 40 41 46 51 59 61 62
18 33 36 42 59 61 73 78
18 33 36 42 59 61 73 76 77
18 33 36 42 59 61 71 72 78
18 33 36 42 59 61 71 72 76 77
18 33 36 42 51 59 61 73
18 33 36 42 51 59 61 71 72
18 33 36 42 46 59 61 78
18 33 36 42 46 59 61 76 77
18 33 36 42 46 51 59 61
18 33 36 40 41 59 61 73 78
18 33 36 40 41 59 61 73 76 77
18 33 36 40 41 59 61 71 72 78
18 33 36 40 41 59 61 71 72 76 77
18 33 36 40 41 51 59 61 73
18 33 36 40 41 51 59 61 71 72
18 33 36 40 41 46 59 61 78
18 33 36 40 41 46 59 61 76 77
18 33 36 40 41 46 51 59 61
15 18 59 60 61 63 73 78
15 18 59 60 61 63 73 76 77
15 18 59 60 61 63 71 72 78
15 18 59 60 61 63 71 72 76 77
15 18 59 60 61 62 73 78
15 18 59 60 61 62 73 76 77
15 18 59 60 61 62 71 72 78
15 18 59 60 61 62 71 72 76 77
15 18 58 59 61 63 73 78
15 18 58 59 61 63 73 76 77
15 18 58 59 61 63 71 72 78
15 18 58 59 61 63 71 72 76 77
15 18 58 59 61 62 73 78
15 18 58 59 61 62 73 76 77
15 18 58 59 61 62 71 72 78
15 18 58 59 61 62 71 72 76 77
15 18 51 59 60 61 63 73
15 18 51 59 60 61 63 71 72
15 18 51 59 60 61 62 73
15 18 51 59 60 61 62 71 72
15 18 51 58 59 61 63 73
15 18 51 58 59 61 63 71 72
15 18 51 58 59 61 62 73
15 18 51 58 59 61 62 71 72
15 18 46 59 60 61 63 78
15 18 46 59 60 61 63 76 77
15 18 46 59 60 61 62 78
15 18 46 59 60 61 62 76 77
15 18 46 58 59 61 63 78
15 18 46 58 59 61 63 76 77
15 18 46 58 59 61 62 78
15 18 46 58 59 61 62 76 77
15 18 46 51 59 60 61 63
15 18 46 51 59 60 61 62
15 18 46 51 58 59 61 63
15 18 46 51 58 59 61 62
15 18 36 59 60 61 73 78
15 18 36 59 60 61 73 76 77
15 18 36 59 60 61 71 72 78
15 18 36 59 60 61 71 72 76 77
15 18 36 58 59 61 73 78
15 18 36 58 59 61 73 76 77
15 18 36 58 59 61 71 72 78
15 18 36 58 59 61 71 72 76 77
15 18 36 51 59 60 61 73
15 18 36 51 59 60 61 71 72
15 18 36 51 58 59 61 73
15 18 36 51 58 59 61 71 72
15 18 36 46 59 60 61 78
15 18 36 46 59 60 61 76 77
15 18 36 46 58 59 61 78
15 18 36 46 58 59 61 76 77
15 18 36 46 51 59 60 61
15 18 36 46 51 58 59 61
15 18 33 59 61 63 73 78
15 18 33 59 61 63 73 76 77
15 18 33 59 61 63 71 72 78
15 18 33 59 61 63 71 72 76 77
15 18 33 59 61 62 73 78
15 18 33 59 61 62 73 76 77
15 18 33 59 61 62 71 72 78
15 18 33 59 61 62 71 72 76 77
15 18 33 51 59 61 63 73
15 18 33 51 59 61 63 71 72
15 18 33 51 59 61 62 73
15 18 33 51 59 61 62 71 72
15 18 33 46 59 61 63 78
15 18 33 46 59 61 63 76 77
15 18 33 46 59 61 62 78
15 18 33 46 59 61 62 76 77
15 18 33 46 51 59 61 63
15 18 33 46 51 59 61 62
15 18 33 36 59 61 73 78
15 18 33 36 59 61 73 76 77
15 18 33 36 59 61 71 72 78
15 18 33 36 59 61 71 72 76 77
15 18 33 36 51 59 61 73
15 18 33 36 51 59 61 71 72
15 18 33 36 46 59 61 78
15 18 33 36 46 59 61 76 77
15 18 33 36 46 51 59 61
42 59 60 73
42 59 60 71 72
42 58 59 60 73
42 58 59 60 71 72
42 46 59 60
42 46 58 59 60
40 41 59 60 73
40 41 59 60 71 72
40 41 58 59 60 73
40 41 58 59 60 71 72
40 41 46 59 60
40 41 46 58 59 60
33 42 59 60 73
33 42 59 60 71 72
33 42 46 59 60
33 40 41 59 60 73
33 40 41 59 60 71 72
33 40 41 46 59 60
18 42 59 60 73
18 42 59 60 71 72
18 42 58 59 73
18 42 58 59 71 72
18 42 46 59 60
18 42 46 58 59
18 40 41 59 60 73
18 40 41 59 60 71 72
18 40 41 58 59 73
18 40 41 58 59 71 72
18 40 41 46 59 60
18 40 41 46 58 59
18 33 42 59 73
18 33 42 59 71 72
18 33 42 46 59
18 33 40 41 59 73
18 33 40 41 59 71 72
18 33 40 41 46 59
16 17 42 59 60 73
16 17 42 59 60 71 72
16 17 42 58 59 73
16 17 42 58 59 71 72
16 17 42 46 59 60
16 17 42 46 58 59
16 17 40 41 59 60 73
16 17 40 41 59 60 71 72
16 17 40 41 58 59 73
16 17 40 41 58 59 71 72
16 17 40 41 46 59 60
16 17 40 41 46 58 59
16 17 33 42 59 73
16 17 33 42 59 71 72
16 17 33 42 46 59
16 17 33 40 41 59 73
16 17 33 40 41 59 71 72
16 17 33 40 41 46 59
15 59 60 73
15 59 60 71 72
15 58 59 60 73
15 58 59 60 71 72
15 46 59 60
15 46 58 59 60
15 33 59 60 73
15 33 59 60 71 72
15 33 46 59 60
15 18 59 60 73
15 18 59 60 71 72
15 18 58 59 73
15 18 58 59 71 72
15 18 46 59 60
15 18 46 58 59
15 18 33 59 73
15 18 33 59 71 72
15 18 33 46 59
15 16 17 59 60 73
15 16 17 59 60 71 72
15 16 17 58 59 73
15 16 17 58 59 71 72
15 16 17 46 59 60
15 16 17 46 58 59
15 16 17 33 59 73
15 16 17 33 59 71 72
15 16 17 33 46 59
42 59 61 62 73
42 46 59 61 62
40 41 59 61 62 73
40 41 46 59 61 62
36 42 59 61 73
36 42 59 61 71 72
36 42 46 59 61
36 40 41 59 61 73
36 40 41 59 61 71 72
36 40 41 46 59 61
15 59 61 62 73
15 46 59 61 62
15 36 59 61 73
15 36 59 61 71 72
15 36 46 59 61
59 69 73
59 69 71 72
59 67 68 73
59 67 68 71 72
46 59 69
46 59 67 68
44 59 60 73
44 59 60 71 72
44 58 59 73
44 58 59 71 72
44 46 59 60
44 46 58 59
42 43 59 60 73
42 43 59 60 71 72
42 43 58 59 73
42 43 58 59 71 72
42 43 46 59 60
42 43 46 58 59
33 44 59 73
33 44 59 71 72
33 44 46 59
33 42 43 59 73
33 42 43 59 71 72
33 42 43 46 59
17 59 60 73
17 59 60 71 72
17 58 59 73
17 58 59 71 72
17 46 59 60
17 46 58 59
17 33 59 73
17 33 59 71 72
17 33 46 59
14 42 48 59 73
14 42 48 59 71 72
14 42 46 48 59
14 42 46 47 59
14 42 46 47 59 73
14 42 46 47 59 71 72
14 40 41 48 59 73
14 40 41 48 59 71 72
14 40 41 46 48 59
14 40 41 46 47 59
14 40 41 46 47 59 73
14 40 41 46 47 59 71 72
14 21 42 59 73
14 21 42 59 71 72
14 21 42 46 59
14 21 40 41 59 73
14 21 40 41 59 71 72
14 21 40 41 46 59
14 15 48 59 73
14 15 48 59 71 72
14 15 46 48 59
14 15 46 47 59
14 15 46 47 59 73
14 15 46 47 59 71 72
14 15 21 59 73
14 15 21 59 71 72
14 15 21 46 59
57 59 63 73 78 79
57 59 63 71 72 78 79
57 59 61 62 73 78 79
57 59 61 62 71 72 78 79
53 57 59 63 73
53 57 59 63 71 72
53 57 59 61 62 73
53 57 59 61 62 71 72
46 57 59 63 78 79
46 57 59 61 62 78 79
46 53 57 59 63
46 53 57 59 61 62
36 57 59 73 78 79
36 57 59 71 72 78 79
36 53 57 59 73
36 53 57 59 71 72
36 46 57 59 78 79
36 46 53 57 59
59 61 65 73 75
59 61 65 73 74
59 61 65 71 72 75
59 61 65 71 72 73 74
59 61 63 64 73 75
59 61 63 64 73 74
59 61 63 64 71 72 75
59 61 63 64 71 72 73 74
59 60 65 73 75
59 60 65 73 74
59 60 65 71 72 75
59 60 65 71 72 73 74
59 60 63 64 73 75
59 60 63 64 73 74
59 60 63 64 71 72 75
59 60 63 64 71 72 73 74
48 59 61 65 73
48 59 61 65 71 72
48 59 61 63 64 73
48 59 61 63 64 71 72
48 59 60 65 73
48 59 60 65 71 72
48 59 60 63 64 73
48 59 60 63 64 71 72
46 59 61 65 75
46 59 61 65 73 74
46 59 61 63 64 75
46 59 61 63 64 73 74
46 59 60 65 75
46 59 60 65 73 74
46 59 60 63 64 75
46 59 60 63 64 73 74
46 48 59 61 65
46 48 59 61 63 64
46 48 59 60 65
46 48 59 60 63 64
38 59 61 73 75
38 59 61 73 74
38 59 61 71 72 75
38 59 61 71 72 73 74
38 59 60 73 75
38 59 60 73 74
38 59 60 71 72 75
38 59 60 71 72 73 74
38 48 59 61 73
38 48 59 61 71 72
38 48 59 60 73
38 48 59 60 71 72
38 46 59 61 75
38 46 59 61 73 74
38 46 59 60 75
38 46 59 60 73 74
38 46 48 59 61
38 46 48 59 60
34 59 65 73 75
34 59 65 73 74
34 59 65 71 72 75
34 59 65 71 72 73 74
34 59 63 64 73 75
34 59 63 64 73 74
34 59 63 64 71 72 75
34 59 63 64 71 72 73 74
34 48 59 65 73
34 48 59 65 71 72
34 48 59 63 64 73
34 48 59 63 64 71 72
34 46 59 65 75
34 46 59 65 73 74
34 46 59 63 64 75
34 46 59 63 64 73 74
34 46 48 59 65
34 46 48 59 63 64
34 38 59 73 75
34 38 59 73 74
34 38 59 71 72 75
34 38 59 71 72 73 74
34 38 48 59 73
34 38 48 59 71 72
34 38 46 59 75
34 38 46 59 73 74
34 38 46 48 59
36 42 59 73 78
36 42 59 73 76 77
36 42 51 59 73
36 42 46 59 78
36 42 46 59 76 77
36 42 46 51 59
36 40 41 59 73 78
36 40 41 59 73 76 77
36 40 41 51 59 73
36 40 41 46 59 78
36 40 41 46 59 76 77
36 40 41 46 51 59
15 36 59 73 78
15 36 59 73 76 77
15 36 51 59 73
15 36 46 59 78
15 36 46 59 76 77
15 36 46 51 59
42 61 73 75
42 61 73 74
42 61 71 72 75
42 61 71 72 73 74
42 59 60 61 73 75
42 59 60 61 73 74
42 59 60 61 71 72 75
42 59 60 61 71 72 73 74
42 48 61 73 75
42 48 61 73 74
42 48 61 71 72 75
42 48 61 71 72 73 74
42 48 59 60 61 73 75
42 48 59 60 61 73 74
42 48 59 60 61 71 72 75
42 48 59 60 61 71 72 73 74
42 46 61 75
42 46 61 73 74
42 46 59 60 61 75
42 46 59 60 61 73 74
42 46 48 61 75
42 46 48 61 73 74
42 46 48 59 60 61 75
42 46 48 59 60 61 73 74
42 46 47 61 75
42 46 47 61 73 75
42 46 47 61 71 72 75
42 46 47 61 71 72 73 74
42 46 47 59 60 61 75
42 46 47 59 60 61 73 75
42 46 47 59 60 61 71 72 75
42 46 47 59 60 61 71 72 73 74
42 46 47 48 61
42 46 47 48 61 73
42 46 47 48 61 71 72
42 46 47 48 59 60 61
42 46 47 48 59 60 61 73
42 46 47 48 59 60 61 71 72
40 41 61 73 75
40 41 61 73 74
40 41 61 71 72 75
40 41 61 71 72 73 74
40 41 59 60 61 73 75
40 41 59 60 61 73 74
40 41 59 60 61 71 72 75
40 41 59 60 61 71 72 73 74
40 41 48 61 73 75
40 41 48 61 73 74
40 41 48 61 71 72 75
40 41 48 61 71 72 73 74
40 41 48 59 60 61 73 75
40 41 48 59 60 61 73 74
40 41 48 59 60 61 71 72 75
40 41 48 59 60 61 71 72 73 74
40 41 46 61 75
40 41 46 61 73 74
40 41 46 59 60 61 75
40 41 46 59 60 61 73 74
40 41 46 48 61 75
40 41 46 48 61 73 74
40 41 46 48 59 60 61 75
40 41 46 48 59 60 61 73 74
40 41 46 47 61 75
40 41 46 47 61 73 75
40 41 46 47 61 71 72 75
40 41 46 47 61 71 72 73 74
40 41 46 47 59 60 61 75
40 41 46 47 59 60 61 73 75
40 41 46 47 59 60 61 71 72 75
40 41 46 47 59 60 61 71 72 73 74
40 41 46 47 48 61
40 41 46 47 48 61 73
40 41 46 47 48 61 71 72
40 41 46 47 48 59 60 61
40 41 46 47 48 59 60 61 73
40 41 46 47 48 59 60 61 71 72
34 42 61 73 75
34 42 61 73 74
34 42 61 71 72 75
34 42 61 71 72 73 74
34 42 48 61 73 75
34 42 48 61 73 74
34 42 48 61 71 72 75
34 42 48 61 71 72 73 74
34 42 46 61 75
34 42 46 61 73 74
34 42 46 48 61 75
34 42 46 48 61 73 74
34 42 46 47 61 75
34 42 46 47 61 73 75
34 42 46 47 61 71 72 75
34 42 46 47 61 71 72 73 74
34 42 46 47 48 61
34 42 46 47 48 61 73
34 42 46 47 48 61 71 72
34 40 41 61 73 75
34 40 41 61 73 74
34 40 41 61 71 72 75
34 40 41 61 71 72 73 74
34 40 41 48 61 73 75
34 40 41 48 61 73 74
34 40 41 48 61 71 72 75
34 40 41 48 61 71 72 73 74
34 40 41 46 61 75
34 40 41 46 61 73 74
34 40 41 46 48 61 75
34 40 41 46 48 61 73 74
34 40 41 46 47 61 75
34 40 41 46 47 61 73 75
34 40 41 46 47 61 71 72 75
34 40 41 46 47 61 71 72 73 74
34 40 41 46 47 48 61
34 40 41 46 47 48 61 73
34 40 41 46 47 48 61 71 72
21 42 61 73 75
21 42 61 73 74
21 42 61 71 72 75
21 42 61 71 72 73 74
21 42 59 60 61 73 75
21 42 59 60 61 73 74
21 42 59 60 61 71 72 75
21 42 59 60 61 71 72 73 74
21 42 48 61 73
21 42 48 61 71 72
21 42 48 59 60 61 73
21 42 48 59 60 61 71 72
21 42 46 61 75
21 42 46 61 73 74
21 42 46 59 60 61 75
21 42 46 59 60 61 73 74
21 42 46 48 61
21 42 46 48 59 60 61
21 40 41 61 73 75
21 40 41 61 73 74
21 40 41 61 71 72 75
21 40 41 61 71 72 73 74
21 40 41 59 60 61 73 75
21 40 41 59 60 61 73 74
21 40 41 59 60 61 71 72 75
21 40 41 59 60 61 71 72 73 74
21 40 41 48 61 73
21 40 41 48 61 71 72
21 40 41 48 59 60 61 73
21 40 41 48 59 60 61 71 72
21 40 41 46 61 75
21 40 41 46 61 73 74
21 40 41 46 59 60 61 75
21 40 41 46 59 60 61 73 74
21 40 41 46 48 61
21 40 41 46 48 59 60 61
21 34 42 61 73 75
21 34 42 61 73 74
21 34 42 61 71 72 75
21 34 42 61 71 72 73 74
21 34 42 48 61 73
21 34 42 48 61 71 72
21 34 42 46 61 75
21 34 42 46 61 73 74
21 34 42 46 48 61
21 34 40 41 61 73 75
21 34 40 41 61 73 74
21 34 40 41 61 71 72 75
21 34 40 41 61 71 72 73 74
21 34 40 41 48 61 73
21 34 40 41 48 61 71 72
21 34 40 41 46 61 75
21 34 40 41 46 61 73 74
21 34 40 41 46 48 61
15 61 73 75
15 61 73 74
15 61 71 72 75
15 61 71 72 73 74
15 59 60 61 73 75
15 59 60 61 73 74
15 59 60 61 71 72 75
15 59 60 61 71 72 73 74
15 48 61 73 75
15 48 61 73 74
15 48 61 71 72 75
15 48 61 71 72 73 74
15 48 59 60 61 73 75
15 48 59 60 61 73 74
15 48 59 60 61 71 72 75
15 48 59 60 61 71 72 73 74
15 46 61 75
15 46 61 73 74
15 46 59 60 61 75
15 46 59 60 61 73 74
15 46 48 61 75
15 46 48 61 73 74
15 46 48 59 60 61 75
15 46 48 59 60 61 73 74
15 46 47 61 75
15 46 47 61 73 75
15 46 47 61 71 72 75
15 46 47 61 71 72 73 74
15 46 47 59 60 61 75
15 46 47 59 60 61 73 75
15 46 47 59 60 61 71 72 75
15 46 47 59 60 61 71 72 73 74
15 46 47 48 61
15 46 47 48 61 73
15 46 47 48 61 71 72
15 46 47 48 59 60 61
15 46 47 48 59 60 61 73
15 46 47 48 59 60 61 71 72
15 34 61 73 75
15 34 61 73 74
15 34 61 71 72 75
15 34 61 71 72 73 74
15 34 48 61 73 75
15 34 48 61 73 74
15 34 48 61 71 72 75
15 34 48 61 71 72 73 74
15 34 46 61 75
15 34 46 61 73 74
15 34 46 48 61 75
15 34 46 48 61 73 74
15 34 46 47 61 75
15 34 46 47 61 73 75
15 34 46 47 61 71 72 75
15 34 46 47 61 71 72 73 74
15 34 46 47 48 61
15 34 46 47 48 61 73
15 34 46 47 48 61 71 72
15 21 61 73 75
15 21 61 73 74
15 21 61 71 72 75
15 21 61 71 72 73 74
15 21 59 60 61 73 75
15 21 59 60 61 73 74
15 21 59 60 61 71 72 75
15 21 59 60 61 71 72 73 74
15 21 48 61 73
15 21 48 61 71 72
15 21 48 59 60 61 73
15 21 48 59 60 61 71 72
15 21 46 61 75
15 21 46 61 73 74
15 21 46 59 60 61 75
15 21 46 59 60 61 73 74
15 21 46 48 61
15 21 46 48 59 60 61
15 21 34 61 73 75
15 21 34 61 73 74
15 21 34 61 71 72 75
15 21 34 61 71 72 73 74
15 21 34 48 61 73
15 21 34 48 61 71 72
15 21 34 46 61 75
15 21 34 46 61 73 74
15 21 34 46 48 61
44 59 61 73
44 59 61 71 72
44 46 59 61
17 59 61 73
17 59 61 71 72
17 46 59 61
59 65 73
59 65 71 72
59 63 64 73
59 63 64 71 72
59 61 65 73
59 61 65 71 72
59 61 63 64 73
59 61 63 64 71 72
46 59 65
46 59 63 64
46 59 61 65 73
46 59 61 65 71 72
46 59 61 63 64 73
46 59 61 63 64 71 72
44 59 65 73
44 59 65 71 72
44 59 63 64 73
44 59 63 64 71 72
44 59 61 62 73
44 59 61 62 71 72
44 46 59 65
44 46 59 63 64
44 46 59 61 62
43 44 59 61 65 73
43 44 59 61 65 71 72
43 44 59 61 63 64 73
43 44 59 61 63 64 71 72
43 44 46 59 61 65
43 44 46 59 61 63 64
42 43 59 65 73
42 43 59 65 71 72
42 43 59 63 64 73
42 43 59 63 64 71 72
42 43 46 59 65
42 43 46 59 63 64
42 43 45 59 61 65 73
42 43 45 59 61 65 71 72
42 43 45 59 61 63 64 73
42 43 45 59 61 63 64 71 72
42 43 45 46 59 61 65
42 43 45 46 59 61 63 64
42 43 44 59 61 65 73
42 43 44 59 61 65 71 72
42 43 44 59 61 63 64 73
42 43 44 59 61 63 64 71 72
42 43 44 46 59 61 65
42 43 44 46 59 61 63 64
38 59 73
38 59 71 72
38 59 61 73
38 59 61 71 72
38 46 59
38 46 59 61 73
38 46 59 61 71 72
38 44 59 73
38 44 59 71 72
38 44 46 59
38 43 44 59 61 73
38 43 44 59 61 71 72
38 43 44 46 59 61
38 42 43 59 73
38 42 43 59 71 72
38 42 43 46 59
38 42 43 45 59 61 73
38 42 43 45 59 61 71 72
38 42 43 45 46 59 61
38 42 43 44 59 61 73
38 42 43 44 59 61 71 72
38 42 43 44 46 59 61
36 44 59 61 73
36 44 59 61 71 72
36 44 46 59 61
31 59 61 65 73
31 59 61 65 71 72
31 59 61 63 64 73
31 59 61 63 64 71 72
31 46 59 61 65
31 46 59 61 63 64
31 38 59 61 73
31 38 59 61 71 72
31 38 46 59 61
29 30 59 61 65 73
29 30 59 61 65 71 72
29 30 59 61 63 64 73
29 30 59 61 63 64 71 72
29 30 46 59 61 65
29 30 46 59 61 63 64
29 30 38 59 61 73
29 30 38 59 61 71 72
29 30 38 46 59 61
19 59 61 65 73
19 59 61 65 71 72
19 59 61 63 64 73
19 59 61 63 64 71 72
19 46 59 61 65
19 46 59 61 63 64
19 38 59 61 73
19 38 59 61 71 72
19 38 46 59 61
18 44 59 61 65 73
18 44 59 61 65 71 72
18 44 59 61 63 64 73
18 44 59 61 63 64 71 72
18 44 46 59 61 65
18 44 46 59 61 63 64
18 42 43 59 61 65 73
18 42 43 59 61 65 71 72
18 42 43 59 61 63 64 73
18 42 43 59 61 63 64 71 72
18 42 43 46 59 61 65
18 42 43 46 59 61 63 64
18 38 44 59 61 73
18 38 44 59 61 71 72
18 38 44 46 59 61
18 38 42 43 59 61 73
18 38 42 43 59 61 71 72
18 38 42 43 46 59 61
17 59 65 73
17 59 65 71 72
17 59 63 64 73
17 59 63 64 71 72
17 59 61 62 73
17 59 61 62 71 72
17 46 59 65
17 46 59 63 64
17 46 59 61 62
17 45 59 61 65 73
17 45 59 61 65 71 72
17 45 59 61 63 64 73
17 45 59 61 63 64 71 72
17 45 46 59 61 65
17 45 46 59 61 63 64
17 43 44 59 61 65 73
17 43 44 59 61 65 71 72
17 43 44 59 61 63 64 73
17 43 44 59 61 63 64 71 72
17 43 44 46 59 61 65
17 43 44 46 59 61 63 64
17 38 59 73
17 38 59 71 72
17 38 46 59
17 38 45 59 61 73
17 38 45 59 61 71 72
17 38 45 46 59 61
17 38 43 44 59 61 73
17 38 43 44 59 61 71 72
17 38 43 44 46 59 61
17 36 59 61 73
17 36 59 61 71 72
17 36 46 59 61
17 18 59 61 65 73
17 18 59 61 65 71 72
17 18 59 61 63 64 73
17 18 59 61 63 64 71 72
17 18 46 59 61 65
17 18 46 59 61 63 64
17 18 38 59 61 73
17 18 38 59 61 71 72
17 18 38 46 59 61
4 59 61 65 73
4 59 61 65 71 72
4 59 61 63 64 73
4 59 61 63 64 71 72
4 46 59 61 65
4 46 59 61 63 64
4 38 59 61 73
4 38 59 61 71 72
4 38 46 59 61
42 58 59 60 61 63 73 78
42 58 59 60 61 63 73 76 77
42 58 59 60 61 63 71 72 78
42 58 59 60 61 63 71 72 76 77
42 51 58 59 60 61 63 73
42 51 58 59 60 61 63 71 72
42 46 58 59 60 61 63 78
42 46 58 59 60 61 63 76 77
42 46 51 58 59 60 61 63
40 41 58 59 60 61 63 73 78
40 41 58 59 60 61 63 73 76 77
40 41 58 59 60 61 63 71 72 78
40 41 58 59 60 61 63 71 72 76 77
40 41 51 58 59 60 61 63 73
40 41 51 58 59 60 61 63 71 72
40 41 46 58 59 60 61 63 78
40 41 46 58 59 60 61 63 76 77
40 41 46 51 58 59 60 61 63
36 42 58 59 60 61 73 78
36 42 58 59 60 61 73 76 77
36 42 58 59 60 61 71 72 78
36 42 58 59 60 61 71 72 76 77
36 42 51 58 59 60 61 73
36 42 51 58 59 60 61 71 72
36 42 46 58 59 60 61 78
36 42 46 58 59 60 61 76 77
36 42 46 51 58 59 60 61
36 40 41 58 59 60 61 73 78
36 40 41 58 59 60 61 73 76 77
36 40 41 58 59 60 61 71 72 78
36 40 41 58 59 60 61 71 72 76 77
36 40 41 51 58 59 60 61 73
36 40 41 51 58 59 60 61 71 72
36 40 41 46 58 59 60 61 78
36 40 41 46 58 59 60 61 76 77
36 40 41 46 51 58 59 60 61
33 42 59 60 61 63 73 78
33 42 59 60 61 63 73 76 77
33 42 59 60 61 63 71 72 78
33 42 59 60 61 63 71 72 76 77
33 42 51 59 60 61 63 73
33 42 51 59 60 61 63 71 72
33 42 46 59 60 61 63 78
33 42 46 59 60 61 63 76 77
33 42 46 51 59 60 61 63
33 40 41 59 60 61 63 73 78
33 40 41 59 60 61 63 73 76 77
33 40 41 59 60 61 63 71 72 78
33 40 41 59 60 61 63 71 72 76 77
33 40 41 51 59 60 61 63 73
33 40 41 51 59 60 61 63 71 72
33 40 41 46 59 60 61 63 78
33 40 41 46 59 60 61 63 76 77
33 40 41 46 51 59 60 61 63
33 36 42 59 60 61 73 78
33 36 42 59 60 61 73 76 77
33 36 42 59 60 61 71 72 78
33 36 42 59 60 61 71 72 76 77
33 36 42 51 59 60 61 73
33 36 42 51 59 60 61 71 72
33 36 42 46 59 60 61 78
33 36 42 46 59 60 61 76 77
33 36 42 46 51 59 60 61
33 36 40 41 59 60 61 73 78
33 36 40 41 59 60 61 73 76 77
33 36 40 41 59 60 61 71 72 78
33 36 40 41 59 60 61 71 72 76 77
33 36 40 41 51 59 60 61 73
33 36 40 41 51 59 60 61 71 72
33 36 40 41 46 59 60 61 78
33 36 40 41 46 59 60 61 76 77
33 36 40 41 46 51 59 60 61
15 58 59 60 61 63 73 78
15 58 59 60 61 63 73 76 77
15 58 59 60 61 63 71 72 78
15 58 59 60 61 63 71 72 76 77
15 51 58 59 60 61 63 73
15 51 58 59 60 61 63 71 72
15 46 58 59 60 61 63 78
15 46 58 59 60 61 63 76 77
15 46 51 58 59 60 61 63
15 36 58 59 60 61 73 78
15 36 58 59 60 61 73 76 77
15 36 58 59 60 61 71 72 78
15 36 58 59 60 61 71 72 76 77
15 36 51 58 59 60 61 73
15 36 51 58 59 60 61 71 72
15 36 46 58 59 60 61 78
15 36 46 58 59 60 61 76 77
15 36 46 51 58 59 60 61
15 33 59 60 61 63 73 78
15 33 59 60 61 63 73 76 77
15 33 59 60 61 63 71 72 78
15 33 59 60 61 63 71 72 76 77
15 33 51 59 60 61 63 73
15 33 51 59 60 61 63 71 72
15 33 46 59 60 61 63 78
15 33 46 59 60 61 63 76 77
15 33 46 51 59 60 61 63
15 33 36 59 60 61 73 78
15 33 36 59 60 61 73 76 77
15 33 36 59 60 61 71 72 78
15 33 36 59 60 61 71 72 76 77
15 33 36 51 59 60 61 73
15 33 36 51 59 60 61 71 72
15 33 36 46 59 60 61 78
15 33 36 46 59 60 61 76 77
15 33 36 46 51 59 60 61
42 58 59 61 63 73 78
42 58 59 61 63 73 76 77
42 58 59 61 63 71 72 78
42 58 59 61 63 71 72 76 77
42 51 58 59 61 63 73
42 51 58 59 61 63 71 72
42 46 58 59 61 63 78
42 46 58 59 61 63 76 77
42 46 51 58 59 61 63
40 41 58 59 61 63 73 78
40 41 58 59 61 63 73 76 77
40 41 58 59 61 63 71 72 78
40 41 58 59 61 63 71 72 76 77
40 41 51 58 59 61 63 73
40 41 51 58 59 61 63 71 72
40 41 46 58 59 61 63 78
40 41 46 58 59 61 63 76 77
40 41 46 51 58 59 61 63
36 42 58 59 61 73 78
36 42 58 59 61 73 76 77
36 42 58 59 61 71 72 78
36 42 58 59 61 71 72 76 77
36 42 51 58 59 61 73
36 42 51 58 59 61 71 72
36 42 46 58 59 61 78
36 42 46 58 59 61 76 77
36 42 46 51 58 59 61
36 40 41 58 59 61 73 78
36 40 41 58 59 61 73 76 77
36 40 41 58 59 61 71 72 78
36 40 41 58 59 61 71 72 76 77
36 40 41 51 58 59 61 73
36 40 41 51 58 59 61 71 72
36 40 41 46 58 59 61 78
36 40 41 46 58 59 61 76 77
36 40 41 46 51 58 59 61
33 42 59 61 63 73 78
33 42 59 61 63 73 76 77
33 42 59 61 63 71 72 78
33 42 59 61 63 71 72 76 77
33 42 51 59 61 63 73
33 42 51 59 61 63 71 72
33 42 46 59 61 63 78
33 42 46 59 61 63 76 77
33 42 46 51 59 61 63
33 40 41 59 61 63 73 78
33 40 41 59 61 63 73 76 77
33 40 41 59 61 63 71 72 78
33 40 41 59 61 63 71 72 76 77
33 40 41 51 59 61 63 73
33 40 41 51 59 61 63 71 72
33 40 41 46 59 61 63 78
33 40 41 46 59 61 63 76 77
33 40 41 46 51 59 61 63
33 36 42 59 61 73 78
33 36 42 59 61 73 76 77
33 36 42 59 61 71 72 78
33 36 42 59 61 71 72 76 77
33 36 42 51 59 61 73
33 36 42 51 59 61 71 72
33 36 42 46 59 61 78
33 36 42 46 59 61 76 77
33 36 42 46 51 59 61
33 36 40 41 59 61 73 78
33 36 40 41 59 61 73 76 77
33 36 40 41 59 61 71 72 78
33 36 40 41 59 61 71 72 76 77
33 36 40 41 51 59 61 73
33 36 40 41 51 59 61 71 72
33 36 40 41 46 59 61 78
33 36 40 41 46 59 61 76 77
33 36 40 41 46 51 59 61
15 58 59 61 63 73 78
15 58 59 61 63 73 76 77
15 58 59 61 63 71 72 78
15 58 59 61 63 71 72 76 77
15 51 58 59 61 63 73
15 51 58 59 61 63 71 72
15 46 58 59 61 63 78
15 46 58 59 61 63 76 77
15 46 51 58 59 61 63
15 36 58 59 61 73 78
15 36 58 59 61 73 76 77
15 36 58 59 61 71 72 78
15 36 58 59 61 71 72 76 77
15 36 51 58 59 61 73
15 36 51 58 59 61 71 72
15 36 46 58 59 61 78
15 36 46 58 59 61 76 77
15 36 46 51 58 59 61
15 33 59 61 63 73 78
15 33 59 61 63 73 76 77
15 33 59 61 63 71 72 78
15 33 59 61 63 71 72 76 77
15 33 51 59 61 63 73
15 33 51 59 61 63 71 72
15 33 46 59 61 63 78
15 33 46 59 61 63 76 77
15 33 46 51 59 61 63
15 33 36 59 61 73 78
15 33 36 59 61 73 76 77
15 33 36 59 61 71 72 78
15 33 36 59 61 71 72 76 77
15 33 36 51 59 61 73
15 33 36 51 59 61 71 72
15 33 36 46 59 61 78
15 33 36 46 59 61 76 77
15 33 36 46 51 59 61
42 48 59 61 73 78
42 48 59 61 73 76 77
42 48 59 61 73 75 78
42 48 59 61 73 75 76 77
42 48 59 61 73 74 78
42 48 59 61 73 74 76 77
42 48 59 61 71 72 78
42 48 59 61 71 72 76 77
42 48 59 61 71 72 75 78
42 48 59 61 71 72 75 76 77
42 48 59 61 71 72 73 74 78
42 48 59 61 71 72 73 74 76 77
42 48 51 59 61 73
42 48 51 59 61 73 75
42 48 51 59 61 73 74
42 48 51 59 61 71 72
42 48 51 59 61 71 72 75
42 48 51 59 61 71 72 73 74
42 46 48 59 61 78
42 46 48 59 61 76 77
42 46 48 59 61 75 78
42 46 48 59 61 75 76 77
42 46 48 59 61 73 74 78
42 46 48 59 61 73 74 76 77
42 46 48 51 59 61
42 46 48 51 59 61 75
42 46 48 51 59 61 73 74
42 46 47 59 61 75 78
42 46 47 59 61 75 76 77
42 46 47 59 61 73 75 78
42 46 47 59 61 73 75 76 77
42 46 47 59 61 71 72 75 78
42 46 47 59 61 71 72 75 76 77
42 46 47 59 61 71 72 73 74 78
42 46 47 59 61 71 72 73 74 76 77
42 46 47 51 59 61 75
42 46 47 51 59 61 73 75
42 46 47 51 59 61 71 72 75
42 46 47 51 59 61 71 72 73 74
42 46 47 48 59 61 78
42 46 47 48 59 61 76 77
42 46 47 48 59 61 73 78
42 46 47 48 59 61 73 76 77
42 46 47 48 59 61 71 72 78
42 46 47 48 59 61 71 72 76 77
42 46 47 48 51 59 61
42 46 47 48 51 59 61 73
42 46 47 48 51 59 61 71 72
40 41 48 59 61 73 78
40 41 48 59 61 73 76 77
40 41 48 59 61 73 75 78
40 41 48 59 61 73 75 76 77
40 41 48 59 61 73 74 78
40 41 48 59 61 73 74 76 77
40 41 48 59 61 71 72 78
40 41 48 59 61 71 72 76 77
40 41 48 59 61 71 72 75 78
40 41 48 59 61 71 72 75 76 77
40 41 48 59 61 71 72 73 74 78
40 41 48 59 61 71 72 73 74 76 77
40 41 48 51 59 61 73
40 41 48 51 59 61 73 75
40 41 48 51 59 61 73 74
40 41 48 51 59 61 71 72
40 41 48 51 59 61 71 72 75
40 41 48 51 59 61 71 72 73 74
40 41 46 48 59 61 78
40 41 46 48 59 61 76 77
40 41 46 48 59 61 75 78
40 41 46 48 59 61 75 76 77
40 41 46 48 59 61 73 74 78
40 41 46 48 59 61 73 74 76 77
40 41 46 48 51 59 61
40 41 46 48 51 59 61 75
40 41 46 48 51 59 61 73 74
40 41 46 47 59 61 75 78
40 41 46 47 59 61 75 76 77
40 41 46 47 59 61 73 75 78
40 41 46 47 59 61 73 75 76 77
40 41 46 47 59 61 71 72 75 78
40 41 46 47 59 61 71 72 75 76 77
40 41 46 47 59 61 71 72 73 74 78
40 41 46 47 59 61 71 72 73 74 76 77
40 41 46 47 51 59 61 75
40 41 46 47 51 59 61 73 75
40 41 46 47 51 59 61 71 72 75
40 41 46 47 51 59 61 71 72 73 74
40 41 46 47 48 59 61 78
40 41 46 47 48 59 61 76 77
40 41 46 47 48 59 61 73 78
40 41 46 47 48 59 61 73 76 77
40 41 46 47 48 59 61 71 72 78
40 41 46 47 48 59 61 71 72 76 77
40 41 46 47 48 51 59 61
40 41 46 47 48 51 59 61 73
40 41 46 47 48 51 59 61 71 72
21 42 59 61 73 75 78
21 42 59 61 73 75 76 77
21 42 59 61 73 74 78
21 42 59 61 73 74 76 77
21 42 59 61 71 72 75 78
21 42 59 61 71 72 75 76 77
21 42 59 61 71 72 73 74 78
21 42 59 61 71 72 73 74 76 77
21 42 51 59 61 73 75
21 42 51 59 61 73 74
21 42 51 59 61 71 72 75
21 42 51 59 61 71 72 73 74
21 42 48 59 61 73 78
21 42 48 59 61 73 76 77
21 42 48 59 61 71 72 78
21 42 48 59 61 71 72 76 77
21 42 48 51 59 61 73
21 42 48 51 59 61 71 72
21 42 46 59 61 75 78
21 42 46 59 61 75 76 77
21 42 46 59 61 73 74 78
21 42 46 59 61 73 74 76 77
21 42 46 51 59 61 75
21 42 46 51 59 61 73 74
21 42 46 48 59 61 78
21 42 46 48 59 61 76 77
21 42 46 48 51 59 61
21 40 41 59 61 73 75 78
21 40 41 59 61 73 75 76 77
21 40 41 59 61 73 74 78
21 40 41 59 61 73 74 76 77
21 40 41 59 61 71 72 75 78
21 40 41 59 61 71 72 75 76 77
21 40 41 59 61 71 72 73 74 78
21 40 41 59 61 71 72 73 74 76 77
21 40 41 51 59 61 73 75
21 40 41 51 59 61 73 74
21 40 41 51 59 61 71 72 75
21 40 41 51 59 61 71 72 73 74
21 40 41 48 59 61 73 78
21 40 41 48 59 61 73 76 77
21 40 41 48 59 61 71 72 78
21 40 41 48 59 61 71 72 76 77
21 40 41 48 51 59 61 73
21 40 41 48 51 59 61 71 72
21 40 41 46 59 61 75 78
21 40 41 46 59 61 75 76 77
21 40 41 46 59 61 73 74 78
21 40 41 46 59 61 73 74 76 77
21 40 41 46 51 59 61 75
21 40 41 46 51 59 61 73 74
21 40 41 46 48 59 61 78
21 40 41 46 48 59 61 76 77
21 40 41 46 48 51 59 61
15 48 59 61 73 78
15 48 59 61 73 76 77
15 48 59 61 73 75 78
15 48 59 61 73 75 76 77
15 48 59 61 73 74 78
15 48 59 61 73 74 76 77
15 48 59 61 71 72 78
15 48 59 61 71 72 76 77
15 48 59 61 71 72 75 78
15 48 59 61 71 72 75 76 77
15 48 59 61 71 72 73 74 78
15 48 59 61 71 72 73 74 76 77
15 48 51 59 61 73
15 48 51 59 61 73 75
15 48 51 59 61 73 74
15 48 51 59 61 71 72
15 48 51 59 61 71 72 75
15 48 51 59 61 71 72 73 74
15 46 48 59 61 78
15 46 48 59 61 76 77
15 46 48 59 61 75 78
15 46 48 59 61 75 76 77
15 46 48 59 61 73 74 78
15 46 48 59 61 73 74 76 77
15 46 48 51 59 61
15 46 48 51 59 61 75
15 46 48 51 59 61 73 74
15 46 47 59 61 75 78
15 46 47 59 61 75 76 77
15 46 47 59 61 73 75 78
15 46 47 59 61 73 75 76 77
15 46 47 59 61 71 72 75 78
15 46 47 59 61 71 72 75 76 77
15 46 47 59 61 71 72 73 74 78
15 46 47 59 61 71 72 73 74 76 77
15 46 47 51 59 61 75
15 46 47 51 59 61 73 75
15 46 47 51 59 61 71 72 75
15 46 47 51 59 61 71 72 73 74
15 46 47 48 59 61 78
15 46 47 48 59 61 76 77
15 46 47 48 59 61 73 78
15 46 47 48 59 61 73 76 77
15 46 47 48 59 61 71 72 78
15 46 47 48 59 61 71 72 76 77
15 46 47 48 51 59 61
15 46 47 48 51 59 61 73
15 46 47 48 51 59 61 71 72
15 21 59 61 73 75 78
15 21 59 61 73 75 76 77
15 21 59 61 73 74 78
15 21 59 61 73 74 76 77
15 21 59 61 71 72 75 78
15 21 59 61 71 72 75 76 77
15 21 59 61 71 72 73 74 78
15 21 59 61 71 72 73 74 76 77
15 21 51 59 61 73 75
15 21 51 59 61 73 74
15 21 51 59 61 71 72 75
15 21 51 59 61 71 72 73 74
15 21 48 59 61 73 78
15 21 48 59 61 73 76 77
15 21 48 59 61 71 72 78
15 21 48 59 61 71 72 76 77
15 21 48 51 59 61 73
15 21 48 51 59 61 71 72
15 21 46 59 61 75 78
15 21 46 59 61 75 76 77
15 21 46 59 61 73 74 78
15 21 46 59 61 73 74 76 77
15 21 46 51 59 61 75
15 21 46 51 59 61 73 74
15 21 46 48 59 61 78
15 21 46 48 59 61 76 77
15 21 46 48 51 59 61
44 57 59 61 69 73
44 57 59 61 69 71 72
44 57 59 61 67 68 73
44 57 59 61 67 68 71 72
44 57 59 60 61 69 73
44 57 59 60 61 69 71 72
44 57 59 60 61 67 68 73
44 57 59 60 61 67 68 71 72
44 46 57 59 61 69
44 46 57 59 61 67 68
44 46 57 59 60 61 69
44 46 57 59 60 61 67 68
42 44 57 59 61 73
42 44 57 59 61 71 72
42 44 57 59 60 61 73
42 44 57 59 60 61 71 72
42 44 46 57 59 61
42 44 46 57 59 60 61
42 43 57 59 61 73
42 43 57 59 61 71 72
42 43 57 59 61 69 73
42 43 57 59 61 69 71 72
42 43 57 59 61 67 68 73
42 43 57 59 61 67 68 71 72
42 43 57 59 60 61 73
42 43 57 59 60 61 71 72
42 43 57 59 60 61 69 73
42 43 57 59 60 61 69 71 72
42 43 57 59 60 61 67 68 73
42 43 57 59 60 61 67 68 71 72
42 43 46 57 59 61
42 43 46 57 59 61 69
42 43 46 57 59 61 67 68
42 43 46 57 59 60 61
42 43 46 57 59 60 61 69
42 43 46 57 59 60 61 67 68
34 44 57 59 61 69 73
34 44 57 59 61 69 71 72
34 44 57 59 61 67 68 73
34 44 57 59 61 67 68 71 72
34 44 46 57 59 61 69
34 44 46 57 59 61 67 68
34 42 44 57 59 61 73
34 42 44 57 59 61 71 72
34 42 44 46 57 59 61
34 42 43 57 59 61 73
34 42 43 57 59 61 71 72
34 42 43 57 59 61 69 73
34 42 43 57 59 61 69 71 72
34 42 43 57 59 61 67 68 73
34 42 43 57 59 61 67 68 71 72
34 42 43 46 57 59 61
34 42 43 46 57 59 61 69
34 42 43 46 57 59 61 67 68
17 57 59 61 69 73
17 57 59 61 69 71 72
17 57 59 61 67 68 73
17 57 59 61 67 68 71 72
17 57 59 60 61 69 73
17 57 59 60 61 69 71 72
17 57 59 60 61 67 68 73
17 57 59 60 61 67 68 71 72
17 46 57 59 61 69
17 46 57 59 61 67 68
17 46 57 59 60 61 69
17 46 57 59 60 61 67 68
17 42 57 59 61 73
17 42 57 59 61 71 72
17 42 57 59 60 61 73
17 42 57 59 60 61 71 72
17 42 46 57 59 61
17 42 46 57 59 60 61
17 34 57 59 61 69 73
17 34 57 59 61 69 71 72
17 34 57 59 61 67 68 73
17 34 57 59 61 67 68 71 72
17 34 46 57 59 61 69
17 34 46 57 59 61 67 68
17 34 42 57 59 61 73
17 34 42 57 59 61 71 72
17 34 42 46 57 59 61
61 75
61 73 74
48 61
34 61 75
34 61 73 74
34 59 61 75
34 59 61 73 74
34 48 61
34 48 59 61
59 61
79
77 78
73
71 72
69
67 68
65
63
61
61 62
54
52
52 53
46
42
38 69
38 67 68
38 42
36 69
36 68 69
36 42
36 42 68
34 70 73
34 70 71 72
34 69 73
34 69 71 72
34 68
34 66 67 69 73
34 66 67 69 71 72
34 66 67 68 73
34 66 67 68 71 72
34 61 68
34 55
34 55 73
34 55 71 72
34 53 54 73
34 53 54 71 72
34 46 70
34 46 69
34 46 66 67 69
34 46 66 67 68
34 46 55
34 46 53 54
34 43 73
34 43 71 72
34 43 46
34 42 73
34 42 71 72
34 42 68 73
34 42 68 71 72
34 42 66 67 73
34 42 66 67 71 72
34 42 46
34 42 46 68
34 42 46 66 67
34 41 69 73
34 41 69 71 72
34 41 67 68 73
34 41 67 68 71 72
34 41 46 69
34 41 46 67 68
34 41 42 73
34 41 42 71 72
34 41 42 46
28 34 73
28 34 71 72
28 34 46
27
25
20 69
20 67 68
20 42
20 36 69
20 36 67 68
20 36 42
7 34 73
7 34 71 72
7 34 46
1 67
1 65
1 65 66
1 40
1 36 69
1 36 67 68
1 36 59
1 36 59 67
1 36 59 65 66
1 36 42
1 36 40 59
1 34 67
1 34 65 66
1 34 40
42 59 60 61 63 73
42 59 60 61 63 71 72
42 59 60 61 62 73
42 59 60 61 62 71 72
42 46 59 60 61 63
42 46 59 60 61 62
40 41 59 60 61 63 73
40 41 59 60 61 63 71 72
40 41 59 60 61 62 73
40 41 59 60 61 62 71 72
40 41 46 59 60 61 63
40 41 46 59 60 61 62
36 42 59 60 61 73
36 42 59 60 61 71 72
36 42 46 59 60 61
36 40 41 59 60 61 73
36 40 41 59 60 61 71 72
36 40 41 46 59 60 61
18 42 59 61 63 73
18 42 59 61 63 71 72
18 42 59 61 62 73
18 42 59 61 62 71 72
18 42 46 59 61 63
18 42 46 59 61 62
18 40 41 59 61 63 73
18 40 41 59 61 63 71 72
18 40 41 59 61 62 73
18 40 41 59 61 62 71 72
18 40 41 46 59 61 63
18 40 41 46 59 61 62
18 36 42 59 61 73
18 36 42 59 61 71 72
18 36 42 46 59 61
18 36 40 41 59 61 73
18 36 40 41 59 61 71 72
18 36 40 41 46 59 61
16 17 42 59 61 63 73
16 17 42 59 61 63 71 72
16 17 42 59 61 62 73
16 17 42 59 61 62 71 72
16 17 42 46 59 61 63
16 17 42 46 59 61 62
16 17 40 41 59 61 63 73
16 17 40 41 59 61 63 71 72
16 17 40 41 59 61 62 73
16 17 40 41 59 61 62 71 72
16 17 40 41 46 59 61 63
16 17 40 41 46 59 61 62
16 17 36 42 59 61 73
16 17 36 42 59 61 71 72
16 17 36 42 46 59 61
16 17 36 40 41 59 61 73
16 17 36 40 41 59 61 71 72
16 17 36 40 41 46 59 61
15 59 60 61 63 73
15 59 60 61 63 71 72
15 59 60 61 62 73
15 59 60 61 62 71 72
15 46 59 60 61 63
15 46 59 60 61 62
15 36 59 60 61 73
15 36 59 60 61 71 72
15 36 46 59 60 61
15 18 59 61 63 73
15 18 59 61 63 71 72
15 18 59 61 62 73
15 18 59 61 62 71 72
15 18 46 59 61 63
15 18 46 59 61 62
15 18 36 59 61 73
15 18 36 59 61 71 72
15 18 36 46 59 61
15 16 17 59 61 63 73
15 16 17 59 61 63 71 72
15 16 17 59 61 62 73
15 16 17 59 61 62 71 72
15 16 17 46 59 61 63
15 16 17 46 59 61 62
15 16 17 36 59 61 73
15 16 17 36 59 61 71 72
15 16 17 36 46 59 61
