78 79
73
73 78 79
71 72
71 72 78 79
69
69 78 79
69 77 78 79
68 69
68 69 78 79
67 70
67 69
67 68 77 78 79
67 68 69
66 69
66 67 68
65 66 70
65 66 69
65 66 68
65 66 68 69
65 66 67 68
64 65 69
64 65 67 68
63 69
63 67 68
61
61 78
61 78 79
61 76 77
61 73
61 71 72
61 69 78 79
61 67
61 67 68 78 79
61 65 66
61 63 75
61 63 73 74
61 62 75
61 62 73 74
61 62 69
61 62 67 68
59 69 78 79
59 67 68 78 79
59 63 75
59 63 73 78
59 63 73 76 77
59 63 73 74
59 63 71 72 78
59 63 71 72 76 77
59 63 68 73
59 63 68 71 72
59 63 67 68 73
59 63 67 68 71 72
59 61 75 78
59 61 75 76 77
59 61 73
59 61 73 78
59 61 73 78 79
59 61 73 76 77
59 61 73 74 78
59 61 73 74 76 77
59 61 71 72
59 61 71 72 78
59 61 71 72 78 79
59 61 71 72 76 77
59 61 63 75
59 61 63 73 74
59 61 62 75
59 61 62 73
59 61 62 73 78
59 61 62 73 76 77
59 61 62 73 74
59 61 62 71 72
59 61 62 71 72 78
59 61 62 71 72 76 77
59 61 62 68 73
59 61 62 68 71 72
59 61 62 67 68 73
59 61 62 67 68 71 72
59 61 62 63 75
59 61 62 63 73 74
59 60 61 73
59 60 61 71 72
55 69
55 69 78 79
55 67 68
55 67 68 78 79
55 61 69 78 79
55 61 67 68 78 79
55 59
55 59 68 69
55 59 67 68
54 69
54 65 66 68
53
53 73
53 71 72
53 69 79
53 69 77 78
53 68 69
53 67 68
53 67 68 79
53 67 68 77 78
53 61
53 61 69
53 61 67 68
53 59 69
53 59 67 68
53 59 61 73
53 59 61 71 72
53 55 69
53 55 67 68
53 55 61 69
53 55 61 67 68
53 54
53 54 67
53 54 65 66
52 69 78 79
52 67
52 67 68 78 79
52 65 66
51 61
51 59 63 73
51 59 63 71 72
51 59 61 75
51 59 61 73
51 59 61 73 74
51 59 61 71 72
51 59 61 62 73
51 59 61 62 71 72
48 61 63
48 61 62
48 59 73
48 59 71 72
48 59 63
48 59 61 78
48 59 61 76 77
48 59 61 63
48 59 61 62
48 59 61 62 63
48 51 59 61
46 78 79
46 61
46 59 63 78
46 59 63 76 77
46 59 63 68
46 59 63 67 68
46 59 61
46 59 61 78
46 59 61 78 79
46 59 61 76 77
46 59 61 62
46 59 61 62 78
46 59 61 62 76 77
46 59 61 62 68
46 59 61 62 67 68
46 59 60 61
46 53
46 53 59 61
46 51 59 63
46 51 59 61
46 51 59 61 62
46 48 59
46 47 59
46 47 59 73
46 47 59 71 72
44 61 73
44 61 73 78
44 61 73 76 77
44 61 71 72
44 61 71 72 78
44 61 71 72 76 77
44 59 73
44 59 73 78
44 59 73 78 79
44 59 73 76 77
44 59 72 73 78
44 59 72 73 76 77
44 59 71 72
44 59 71 72 78 79
44 59 70 71 73 78
44 59 70 71 73 76 77
44 59 70 71 72 78
44 59 70 71 72 76 77
44 59 63 73
44 59 63 73 78
44 59 63 73 76 77
44 59 63 71 72
44 59 63 71 72 78
44 59 63 71 72 76 77
44 59 61 75 78
44 59 61 75 76 77
44 59 61 73
44 59 61 73 78 79
44 59 61 73 74 78
44 59 61 73 74 76 77
44 59 61 71 75 78
44 59 61 71 75 76 77
44 59 61 71 73 74 78
44 59 61 71 73 74 76 77
44 59 61 71 72
44 59 61 71 72 78 79
44 59 61 69 70 75 78
44 59 61 69 70 75 76 77
44 59 61 69 70 73 74 78
44 59 61 69 70 73 74 76 77
44 59 61 62 73
44 59 61 62 71 72
44 59 60 78
44 59 60 76 77
44 59 60 75 78
44 59 60 75 76 77
44 59 60 73 78
44 59 60 73 76 77
44 59 60 73 74 78
44 59 60 73 74 76 77
44 59 60 71 75 78
44 59 60 71 75 76 77
44 59 60 71 73 74 78
44 59 60 71 73 74 76 77
44 59 60 71 72 78
44 59 60 71 72 76 77
44 59 60 69 70 75 78
44 59 60 69 70 75 76 77
44 59 60 69 70 73 74 78
44 59 60 69 70 73 74 76 77
44 59 60 62 73 78
44 59 60 62 73 76 77
44 59 60 62 71 72 78
44 59 60 62 71 72 76 77
44 58 59 78
44 58 59 76 77
44 57 58 59 73 78
44 57 58 59 73 76 77
44 57 58 59 71 72 78
44 57 58 59 71 72 76 77
44 53 59 73
44 53 59 71 72
44 53 59 61 73
44 53 59 61 71 72
44 51 61 73
44 51 61 71 72
44 51 59 73
44 51 59 72 73
44 51 59 70 71 73
44 51 59 70 71 72
44 51 59 63 73
44 51 59 63 71 72
44 51 59 61 75
44 51 59 61 73 74
44 51 59 61 71 75
44 51 59 61 71 73 74
44 51 59 61 69 70 75
44 51 59 61 69 70 73 74
44 51 59 60
44 51 59 60 75
44 51 59 60 73
44 51 59 60 73 74
44 51 59 60 71 75
44 51 59 60 71 73 74
44 51 59 60 71 72
44 51 59 60 69 70 75
44 51 59 60 69 70 73 74
44 51 59 60 62 73
44 51 59 60 62 71 72
44 51 58 59
44 51 57 58 59 73
44 51 57 58 59 71 72
44 48 59 61 78
44 48 59 61 76 77
44 48 59 61 73
44 48 59 61 71 78
44 48 59 61 71 76 77
44 48 59 61 71 72
44 48 59 61 69 70 78
44 48 59 61 69 70 76 77
44 48 59 60 78
44 48 59 60 76 77
44 48 59 60 71 78
44 48 59 60 71 76 77
44 48 59 60 69 70 78
44 48 59 60 69 70 76 77
44 48 51 59 61
44 48 51 59 61 71
44 48 51 59 61 69 70
44 48 51 59 60
44 48 51 59 60 71
44 48 51 59 60 69 70
44 46 61
44 46 61 78
44 46 61 76 77
44 46 59
44 46 59 78
44 46 59 78 79
44 46 59 76 77
44 46 59 72 78
44 46 59 72 76 77
44 46 59 70 71 78
44 46 59 70 71 76 77
44 46 59 63
44 46 59 63 78
44 46 59 63 76 77
44 46 59 61
44 46 59 61 78 79
44 46 59 61 62
44 46 59 60 78
44 46 59 60 76 77
44 46 59 60 62 78
44 46 59 60 62 76 77
44 46 57 58 59 78
44 46 57 58 59 76 77
44 46 53 59
44 46 53 59 61
44 46 51 61
44 46 51 59
44 46 51 59 72
44 46 51 59 70 71
44 46 51 59 63
44 46 51 59 60
44 46 51 59 60 62
44 46 51 57 58 59
44 46 48 59 61
44 46 47 59 61
44 46 47 59 61 73
44 46 47 59 61 71 72
44 45
44 45 59 73 78
44 45 59 73 76 77
44 45 59 71 72 78
44 45 59 71 72 76 77
44 45 51 59 73
44 45 51 59 71 72
44 45 46 59 78
44 45 46 59 76 77
44 45 46 51 59
43 44 69
43 44 67 68
42
42 78 79
42 77 78 79
42 68
42 68 78 79
42 67
42 66
42 65 66
42 64 65
42 63
42 61 78 79
42 61 71 73 78
42 61 71 73 76 77
42 61 71 72 78
42 61 71 72 76 77
42 61 69 70 73 78
42 61 69 70 73 76 77
42 61 69 70 71 72 78
42 61 69 70 71 72 76 77
42 61 63 73
42 61 63 71 72
42 61 62
42 61 62 73
42 61 62 71 72
42 59 78 79
42 59 73
42 59 71 73 78
42 59 71 73 76 77
42 59 71 73 75 78
42 59 71 73 75 76 77
42 59 71 73 74 78
42 59 71 73 74 76 77
42 59 71 72
42 59 71 72 78
42 59 71 72 76 77
42 59 71 72 75 78
42 59 71 72 75 76 77
42 59 71 72 73 74 78
42 59 71 72 73 74 76 77
42 59 69 70 73 78
42 59 69 70 73 76 77
42 59 69 70 73 75 78
42 59 69 70 73 75 76 77
42 59 69 70 73 74 78
42 59 69 70 73 74 76 77
42 59 69 70 71 72 78
42 59 69 70 71 72 76 77
42 59 69 70 71 72 75 78
42 59 69 70 71 72 75 76 77
42 59 69 70 71 72 73 74 78
42 59 69 70 71 72 73 74 76 77
42 59 65 73 77
42 59 65 73 75 76
42 59 65 71 72 77
42 59 65 71 72 75 76
42 59 63 73 78
42 59 63 73 76 77
42 59 63 73 75 78
42 59 63 73 75 76 77
42 59 63 73 74 78
42 59 63 73 74 76 77
42 59 63 71 72 78
42 59 63 71 72 76 77
42 59 63 71 72 75 78
42 59 63 71 72 75 76 77
42 59 63 71 72 73 74 78
42 59 63 71 72 73 74 76 77
42 59 63 64 73 77
42 59 63 64 73 75 76
42 59 63 64 71 72 77
42 59 63 64 71 72 75 76
42 59 62 73 78
42 59 62 73 76 77
42 59 62 71 72 78
42 59 62 71 72 76 77
42 59 61
42 59 61 77
42 59 61 77 78
42 59 61 76 77
42 59 61 75 78
42 59 61 75 76
42 59 61 75 76 78
42 59 61 73
42 59 61 73 78
42 59 61 73 76 78
42 59 61 73 74 78
42 59 61 73 74 76 77
42 59 61 73 74 75 78
42 59 61 73 74 75 76 77
42 59 61 71 73
42 59 61 71 72 78
42 59 61 71 72 76 78
42 59 61 71 72 74 75 78
42 59 61 71 72 74 75 76 77
42 59 61 69 70 73
42 59 61 69 70 71 72
42 59 61 65 73 75
42 59 61 65 73 74
42 59 61 65 71 72 75
42 59 61 65 71 72 73 74
42 59 61 64 73
42 59 61 64 71 72
42 59 61 63 73 78
42 59 61 63 73 76 77
42 59 61 63 71 72 78
42 59 61 63 71 72 76 77
42 59 61 63 64 73 75
42 59 61 63 64 73 74
42 59 61 63 64 71 72 75
42 59 61 63 64 71 72 73 74
42 59 61 62 73 78
42 59 61 62 73 76 77
42 59 61 62 71 72 78
42 59 61 62 71 72 76 77
42 59 61 62 63 73
42 59 61 62 63 71 72
42 59 60 73 78
42 59 60 73 76 77
42 59 60 71 73
42 59 60 71 72
42 59 60 71 72 78
42 59 60 71 72 76 77
42 59 60 69 70 73
42 59 60 69 70 71 72
42 59 60 65 73 75
42 59 60 65 73 74
42 59 60 65 71 72 75
42 59 60 65 71 72 73 74
42 59 60 63 64 73 75
42 59 60 63 64 73 74
42 59 60 63 64 71 72 75
42 59 60 63 64 71 72 73 74
42 59 60 61 75 78
42 59 60 61 75 76 77
42 59 60 61 73
42 59 60 61 73 74 78
42 59 60 61 73 74 76 77
42 59 60 61 71 72
42 59 60 61 64 73
42 59 60 61 64 71 72
42 59 60 61 63 73
42 59 60 61 63 71 72
42 59 60 61 62 73
42 59 60 61 62 71 72
42 59 60 61 62 63 73
42 59 60 61 62 63 71 72
42 58 59 61 73
42 58 59 61 71 72
42 55
42 55 78 79
42 55 61 78 79
42 55 59 68
42 54
42 53 79
42 53 77 78
42 53 68
42 53 61
42 53 59
42 53 55
42 53 55 61
42 52 78 79
42 51 61 71 73
42 51 61 71 72
42 51 61 69 70 73
42 51 61 69 70 71 72
42 51 59 71 73
42 51 59 71 73 75
42 51 59 71 73 74
42 51 59 71 72
42 51 59 71 72 75
42 51 59 71 72 73 74
42 51 59 69 70 73
42 51 59 69 70 73 75
42 51 59 69 70 73 74
42 51 59 69 70 71 72
42 51 59 69 70 71 72 75
42 51 59 69 70 71 72 73 74
42 51 59 63 73
42 51 59 63 73 75
42 51 59 63 73 74
42 51 59 63 71 72
42 51 59 63 71 72 75
42 51 59 63 71 72 73 74
42 51 59 62 73
42 51 59 62 71 72
42 51 59 61 77
42 51 59 61 75
42 51 59 61 75 76
42 51 59 61 73
42 51 59 61 73 76
42 51 59 61 73 74
42 51 59 61 73 74 75
42 51 59 61 71 72
42 51 59 61 71 72 76
42 51 59 61 71 72 74 75
42 51 59 61 63 73
42 51 59 61 63 71 72
42 51 59 61 62 73
42 51 59 61 62 71 72
42 51 59 60 73
42 51 59 60 71 72
42 51 59 60 61 75
42 51 59 60 61 73 74
42 50 59 65 73
42 50 59 65 71 72
42 50 59 63 64 73
42 50 59 63 64 71 72
42 50 59 61
42 50 59 61 78
42 50 59 61 76 77
42 50 51 59 61
42 49 59 61 73
42 49 59 61 73 78
42 49 59 61 73 76 77
42 49 59 61 71 72
42 49 59 61 71 72 78
42 49 59 61 71 72 76 77
42 49 59 60 61 73
42 49 59 60 61 71 72
42 49 51 59 61 73
42 49 51 59 61 71 72
42 48 59 73
42 48 59 73 78
42 48 59 73 76 77
42 48 59 71 73 78
42 48 59 71 73 76 77
42 48 59 71 72
42 48 59 69 70 73 78
42 48 59 69 70 73 76 77
42 48 59 69 70 71 72 78
42 48 59 69 70 71 72 76 77
42 48 59 63 73 78
42 48 59 63 73 76 77
42 48 59 63 71 72 78
42 48 59 63 71 72 76 77
42 48 59 61 75 78
42 48 59 61 75 76 77
42 48 59 61 73 78
42 48 59 61 73 76 77
42 48 59 61 73 74 78
42 48 59 61 73 74 76 77
42 48 59 61 71 72 78
42 48 59 61 71 72 76 77
42 48 59 61 65 73
42 48 59 61 65 71 72
42 48 59 61 63 64 73
42 48 59 61 63 64 71 72
42 48 59 60 73 78
42 48 59 60 73 76 77
42 48 59 60 71 72 78
42 48 59 60 71 72 76 77
42 48 59 60 65 73
42 48 59 60 65 71 72
42 48 59 60 63 64 73
42 48 59 60 63 64 71 72
42 48 59 60 61 78
42 48 59 60 61 76 77
42 48 51 59 73
42 48 51 59 71 73
42 48 51 59 69 70 73
42 48 51 59 69 70 71 72
42 48 51 59 63 73
42 48 51 59 63 71 72
42 48 51 59 61 75
42 48 51 59 61 73
42 48 51 59 61 73 74
42 48 51 59 61 71 72
42 48 51 59 60 73
42 48 51 59 60 71 72
42 48 51 59 60 61
42 47 48 59 61 73
42 47 48 59 61 71 72
42 47 48 59 60 61 73
42 47 48 59 60 61 71 72
42 46 61 71 78
42 46 61 71 76 77
42 46 61 69 70 78
42 46 61 69 70 76 77
42 46 61 63
42 46 61 62
42 46 59
42 46 59 71 78
42 46 59 71 76 77
42 46 59 71 75 78
42 46 59 71 75 76 77
42 46 59 71 73 74 78
42 46 59 71 73 74 76 77
42 46 59 69 70 78
42 46 59 69 70 76 77
42 46 59 69 70 75 78
42 46 59 69 70 75 76 77
42 46 59 69 70 73 74 78
42 46 59 69 70 73 74 76 77
42 46 59 65 77
42 46 59 65 75 76
42 46 59 63 78
42 46 59 63 76 77
42 46 59 63 75 78
42 46 59 63 75 76 77
42 46 59 63 73 74 78
42 46 59 63 73 74 76 77
42 46 59 63 64 77
42 46 59 63 64 75 76
42 46 59 62 78
42 46 59 62 76 77
42 46 59 61
42 46 59 61 76 78
42 46 59 61 76 77
42 46 59 61 74 75 78
42 46 59 61 74 75 76 77
42 46 59 61 73 78
42 46 59 61 73 76 77
42 46 59 61 71
42 46 59 61 71 72 78
42 46 59 61 71 72 76 77
42 46 59 61 69 70
42 46 59 61 65 75
42 46 59 61 65 73 74
42 46 59 61 64
42 46 59 61 63 78
42 46 59 61 63 76 77
42 46 59 61 63 64 75
42 46 59 61 63 64 73 74
42 46 59 61 62 78
42 46 59 61 62 76 77
42 46 59 61 62 63
42 46 59 60 78
42 46 59 60 76 77
42 46 59 60 71
42 46 59 60 69 70
42 46 59 60 65 75
42 46 59 60 65 73 74
42 46 59 60 63 64 75
42 46 59 60 63 64 73 74
42 46 59 60 61
42 46 59 60 61 64
42 46 59 60 61 63
42 46 59 60 61 62
42 46 59 60 61 62 63
42 46 58 59 61
42 46 51 61 71
42 46 51 61 69 70
42 46 51 59 71
42 46 51 59 71 75
42 46 51 59 71 73 74
42 46 51 59 69 70
42 46 51 59 69 70 75
42 46 51 59 69 70 73 74
42 46 51 59 63
42 46 51 59 63 75
42 46 51 59 63 73 74
42 46 51 59 62
42 46 51 59 61 76
42 46 51 59 61 74 75
42 46 51 59 61 73
42 46 51 59 61 71 72
42 46 51 59 61 63
42 46 51 59 61 62
42 46 51 59 60
42 46 50 59 65
42 46 50 59 63 64
42 46 49 59 61
42 46 49 59 61 78
42 46 49 59 61 76 77
42 46 49 59 60 61
42 46 49 51 59 61
42 46 48 59
42 46 48 59 78
42 46 48 59 76 77
42 46 48 59 71 78
42 46 48 59 71 76 77
42 46 48 59 69 70 78
42 46 48 59 69 70 76 77
42 46 48 59 63 78
42 46 48 59 63 76 77
42 46 48 59 61 78
42 46 48 59 61 76 77
42 46 48 59 61 65
42 46 48 59 61 63 64
42 46 48 59 60 78
42 46 48 59 60 76 77
42 46 48 59 60 65
42 46 48 59 60 63 64
42 46 48 51 59
42 46 48 51 59 71
42 46 48 51 59 69 70
42 46 48 51 59 63
42 46 48 51 59 61
42 46 48 51 59 60
42 46 47 59
42 46 47 59 78
42 46 47 59 76 77
42 46 47 59 73
42 46 47 59 73 78
42 46 47 59 73 76 77
42 46 47 59 71 72
42 46 47 59 71 72 78
42 46 47 59 71 72 76 77
42 46 47 59 61 78
42 46 47 59 61 76 77
42 46 47 59 61 75 78
42 46 47 59 61 75 76 77
42 46 47 59 61 73 78
42 46 47 59 61 73 76 77
42 46 47 59 61 73 74 78
42 46 47 59 61 73 74 76 77
42 46 47 59 61 71 72 78
42 46 47 59 61 71 72 76 77
42 46 47 59 60 78
42 46 47 59 60 76 77
42 46 47 59 60 73 78
42 46 47 59 60 73 76 77
42 46 47 59 60 71 72 78
42 46 47 59 60 71 72 76 77
42 46 47 51 59
42 46 47 51 59 73
42 46 47 51 59 71 72
42 46 47 51 59 61
42 46 47 51 59 61 75
42 46 47 51 59 61 73
42 46 47 51 59 61 73 74
42 46 47 51 59 61 71 72
42 46 47 51 59 60
42 46 47 51 59 60 73
42 46 47 51 59 60 71 72
42 46 47 48 59 61
42 46 47 48 59 61 78
42 46 47 48 59 61 76 77
42 46 47 48 59 60 61
42 46 47 48 51 59 61
42 45 59 73
42 45 59 71 72
42 45 46 59
42 44 61 73 78
42 44 61 73 76 77
42 44 61 71 72 78
42 44 61 71 72 76 77
42 44 59 73
42 44 59 73 78
42 44 59 73 76 77
42 44 59 73 75 78
42 44 59 73 75 76 77
42 44 59 73 74 78
42 44 59 73 74 76 77
42 44 59 71 72
42 44 59 71 72 78
42 44 59 71 72 76 77
42 44 59 71 72 75 78
42 44 59 71 72 75 76 77
42 44 59 71 72 73 74 78
42 44 59 71 72 73 74 76 77
42 44 59 61 73 77
42 44 59 61 73 75 76
42 44 59 61 71 72 77
42 44 59 61 71 72 75 76
42 44 59 60 73
42 44 59 60 73 77
42 44 59 60 73 75 76
42 44 59 60 71 72
42 44 59 60 71 72 77
42 44 59 60 71 72 75 76
42 44 51 61 73
42 44 51 61 71 72
42 44 51 59 73
42 44 51 59 73 75
42 44 51 59 73 74
42 44 51 59 71 72
42 44 51 59 71 72 75
42 44 51 59 71 72 73 74
42 44 50 59 61 73
42 44 50 59 61 71 72
42 44 50 59 60 73
42 44 50 59 60 71 72
42 44 48 59 73 78
42 44 48 59 73 76 77
42 44 48 59 71 72 78
42 44 48 59 71 72 76 77
42 44 48 51 59 73
42 44 48 51 59 71 72
42 44 46 61 78
42 44 46 61 76 77
42 44 46 59
42 44 46 59 78
42 44 46 59 76 77
42 44 46 59 75 78
42 44 46 59 75 76 77
42 44 46 59 73 74 78
42 44 46 59 73 74 76 77
42 44 46 59 61 77
42 44 46 59 61 75 76
42 44 46 59 60
42 44 46 59 60 77
42 44 46 59 60 75 76
42 44 46 51 61
42 44 46 51 59
42 44 46 51 59 75
42 44 46 51 59 73 74
42 44 46 50 59 61
42 44 46 50 59 60
42 44 46 48 59 78
42 44 46 48 59 76 77
42 44 46 48 51 59
42 44 45 59 61 73 78
42 44 45 59 61 73 76 77
42 44 45 59 61 71 72 78
42 44 45 59 61 71 72 76 77
42 44 45 51 59 61 73
42 44 45 51 59 61 71 72
42 44 45 46 59 61 78
42 44 45 46 59 61 76 77
42 44 45 46 51 59 61
42 43 61 73
42 43 61 73 78
42 43 61 73 76 77
42 43 61 71 72
42 43 61 71 72 78
42 43 61 71 72 76 77
42 43 59 73 78
42 43 59 73 78 79
42 43 59 73 76 77
42 43 59 72 73 78
42 43 59 72 73 76 77
42 43 59 71 72 78 79
42 43 59 70 71 73 78
42 43 59 70 71 73 76 77
42 43 59 70 71 72 78
42 43 59 70 71 72 76 77
42 43 59 63 73
42 43 59 63 73 78
42 43 59 63 73 76 77
42 43 59 63 71 72
42 43 59 63 71 72 78
42 43 59 63 71 72 76 77
42 43 59 61 73 78 79
42 43 59 61 73 77
42 43 59 61 73 75 76
42 43 59 61 71 75 78
42 43 59 61 71 75 76 77
42 43 59 61 71 73 74 78
42 43 59 61 71 73 74 76 77
42 43 59 61 71 72 78 79
42 43 59 61 71 72 77
42 43 59 61 71 72 75 76
42 43 59 61 69 70 75 78
42 43 59 61 69 70 75 76 77
42 43 59 61 69 70 73 74 78
42 43 59 61 69 70 73 74 76 77
42 43 59 61 62 73
42 43 59 61 62 71 72
42 43 59 60 78
42 43 59 60 76 77
42 43 59 60 73 78
42 43 59 60 73 77
42 43 59 60 73 76 77
42 43 59 60 73 75 76
42 43 59 60 71 75 78
42 43 59 60 71 75 76 77
42 43 59 60 71 73 74 78
42 43 59 60 71 73 74 76 77
42 43 59 60 71 72 78
42 43 59 60 71 72 77
42 43 59 60 71 72 76 77
42 43 59 60 71 72 75 76
42 43 59 60 69 70 75 78
42 43 59 60 69 70 75 76 77
42 43 59 60 69 70 73 74 78
42 43 59 60 69 70 73 74 76 77
42 43 59 60 62 73 78
42 43 59 60 62 73 76 77
42 43 59 60 62 71 72 78
42 43 59 60 62 71 72 76 77
42 43 58 59 78
42 43 58 59 76 77
42 43 57 58 59 73 78
42 43 57 58 59 73 76 77
42 43 57 58 59 71 72 78
42 43 57 58 59 71 72 76 77
42 43 53 59 73
42 43 53 59 71 72
42 43 53 59 61 73
42 43 53 59 61 71 72
42 43 51 61 73
42 43 51 61 71 72
42 43 51 59 73
42 43 51 59 72 73
42 43 51 59 70 71 73
42 43 51 59 70 71 72
42 43 51 59 63 73
42 43 51 59 63 71 72
42 43 51 59 61 71 75
42 43 51 59 61 71 73 74
42 43 51 59 61 69 70 75
42 43 51 59 61 69 70 73 74
42 43 51 59 60
42 43 51 59 60 73
42 43 51 59 60 71 75
42 43 51 59 60 71 73 74
42 43 51 59 60 71 72
42 43 51 59 60 69 70 75
42 43 51 59 60 69 70 73 74
42 43 51 59 60 62 73
42 43 51 59 60 62 71 72
42 43 51 58 59
42 43 51 57 58 59 73
42 43 51 57 58 59 71 72
42 43 50 59 61 73
42 43 50 59 61 71 72
42 43 50 59 60 73
42 43 50 59 60 71 72
42 43 48 59 61 73
42 43 48 59 61 71 78
42 43 48 59 61 71 76 77
42 43 48 59 61 71 72
42 43 48 59 61 69 70 78
42 43 48 59 61 69 70 76 77
42 43 48 59 60 71 78
42 43 48 59 60 71 76 77
42 43 48 59 60 69 70 78
42 43 48 59 60 69 70 76 77
42 43 48 51 59 61 71
42 43 48 51 59 61 69 70
42 43 48 51 59 60 71
42 43 48 51 59 60 69 70
42 43 46 61
42 43 46 61 78
42 43 46 61 76 77
42 43 46 59 78
42 43 46 59 78 79
42 43 46 59 76 77
42 43 46 59 72 78
42 43 46 59 72 76 77
42 43 46 59 70 71 78
42 43 46 59 70 71 76 77
42 43 46 59 63
42 43 46 59 63 78
42 43 46 59 63 76 77
42 43 46 59 61 78 79
42 43 46 59 61 77
42 43 46 59 61 75 76
42 43 46 59 61 62
42 43 46 59 60 78
42 43 46 59 60 77
42 43 46 59 60 76 77
42 43 46 59 60 75 76
42 43 46 59 60 62 78
42 43 46 59 60 62 76 77
42 43 46 57 58 59 78
42 43 46 57 58 59 76 77
42 43 46 53 59
42 43 46 53 59 61
42 43 46 51 61
42 43 46 51 59
42 43 46 51 59 72
42 43 46 51 59 70 71
42 43 46 51 59 63
42 43 46 51 59 60
42 43 46 51 59 60 62
42 43 46 51 57 58 59
42 43 46 50 59 61
42 43 46 50 59 60
42 43 46 48 59 61
42 43 46 47 59 61
42 43 46 47 59 61 73
42 43 46 47 59 61 71 72
42 43 45 59 73 78
42 43 45 59 73 76 77
42 43 45 59 71 72 78
42 43 45 59 71 72 76 77
42 43 45 51 59 73
42 43 45 51 59 71 72
42 43 45 46 59 78
42 43 45 46 59 76 77
42 43 45 46 51 59
42 43 44
42 43 44 59 73
42 43 44 59 71 72
42 43 44 59 61 75 78
42 43 44 59 61 75 76 77
42 43 44 59 61 73 74 78
42 43 44 59 61 73 74 76 77
42 43 44 59 60 75 78
42 43 44 59 60 75 76 77
42 43 44 59 60 73 74 78
42 43 44 59 60 73 74 76 77
42 43 44 51 59 61 75
42 43 44 51 59 61 73 74
42 43 44 51 59 60 75
42 43 44 51 59 60 73 74
42 43 44 48 59 61 78
42 43 44 48 59 61 76 77
42 43 44 48 59 60 78
42 43 44 48 59 60 76 77
42 43 44 48 51 59 61
42 43 44 48 51 59 60
42 43 44 46 59
40 70
40 69
40 68
40 68 69
40 67 68
40 61
40 59 61 73
40 59 61 71 72
40 59 60 61 73
40 59 60 61 71 72
40 54 68
40 53 54
40 52
40 46 59 61
40 46 59 60 61
40 42
40 41 61 71 73 78
40 41 61 71 73 76 77
40 41 61 71 72 78
40 41 61 71 72 76 77
40 41 61 69 70 73 78
40 41 61 69 70 73 76 77
40 41 61 69 70 71 72 78
40 41 61 69 70 71 72 76 77
40 41 61 63 73
40 41 61 63 71 72
40 41 61 62 73
40 41 61 62 71 72
40 41 59 73
40 41 59 71 73 78
40 41 59 71 73 76 77
40 41 59 71 73 75 78
40 41 59 71 73 75 76 77
40 41 59 71 73 74 78
40 41 59 71 73 74 76 77
40 41 59 71 72
40 41 59 71 72 78
40 41 59 71 72 76 77
40 41 59 71 72 75 78
40 41 59 71 72 75 76 77
40 41 59 71 72 73 74 78
40 41 59 71 72 73 74 76 77
40 41 59 69 70 73 78
40 41 59 69 70 73 76 77
40 41 59 69 70 73 75 78
40 41 59 69 70 73 75 76 77
40 41 59 69 70 73 74 78
40 41 59 69 70 73 74 76 77
40 41 59 69 70 71 72 78
40 41 59 69 70 71 72 76 77
40 41 59 69 70 71 72 75 78
40 41 59 69 70 71 72 75 76 77
40 41 59 69 70 71 72 73 74 78
40 41 59 69 70 71 72 73 74 76 77
40 41 59 65 73 77
40 41 59 65 73 75 76
40 41 59 65 71 72 77
40 41 59 65 71 72 75 76
40 41 59 63 73
40 41 59 63 73 78
40 41 59 63 73 76 77
40 41 59 63 73 75 78
40 41 59 63 73 75 76 77
40 41 59 63 73 74 78
40 41 59 63 73 74 76 77
40 41 59 63 71 72
40 41 59 63 71 72 78
40 41 59 63 71 72 76 77
40 41 59 63 71 72 75 78
40 41 59 63 71 72 75 76 77
40 41 59 63 71 72 73 74 78
40 41 59 63 71 72 73 74 76 77
40 41 59 63 64 73 77
40 41 59 63 64 73 75 76
40 41 59 63 64 71 72 77
40 41 59 63 64 71 72 75 76
40 41 59 62 73 78
40 41 59 62 73 76 77
40 41 59 62 71 72 78
40 41 59 62 71 72 76 77
40 41 59 61
40 41 59 61 77
40 41 59 61 77 78
40 41 59 61 76 77
40 41 59 61 75 78
40 41 59 61 75 76
40 41 59 61 75 76 78
40 41 59 61 73
40 41 59 61 73 78
40 41 59 61 73 76 78
40 41 59 61 73 74 78
40 41 59 61 73 74 76 77
40 41 59 61 73 74 75 78
40 41 59 61 73 74 75 76 77
40 41 59 61 71 73
40 41 59 61 71 72 78
40 41 59 61 71 72 76 78
40 41 59 61 71 72 74 75 78
40 41 59 61 71 72 74 75 76 77
40 41 59 61 69 70 73
40 41 59 61 69 70 71 72
40 41 59 61 65 73 75
40 41 59 61 65 73 74
40 41 59 61 65 71 72 75
40 41 59 61 65 71 72 73 74
40 41 59 61 64 73
40 41 59 61 64 71 72
40 41 59 61 63 73 78
40 41 59 61 63 73 76 77
40 41 59 61 63 71 72 78
40 41 59 61 63 71 72 76 77
40 41 59 61 63 64 73 75
40 41 59 61 63 64 73 74
40 41 59 61 63 64 71 72 75
40 41 59 61 63 64 71 72 73 74
40 41 59 61 62 73
40 41 59 61 62 73 78
40 41 59 61 62 73 76 77
40 41 59 61 62 71 72
40 41 59 61 62 71 72 78
40 41 59 61 62 71 72 76 77
40 41 59 61 62 63 73
40 41 59 61 62 63 71 72
40 41 59 60 73 78
40 41 59 60 73 76 77
40 41 59 60 71 73
40 41 59 60 71 72
40 41 59 60 71 72 78
40 41 59 60 71 72 76 77
40 41 59 60 69 70 73
40 41 59 60 69 70 71 72
40 41 59 60 65 73 75
40 41 59 60 65 73 74
40 41 59 60 65 71 72 75
40 41 59 60 65 71 72 73 74
40 41 59 60 63 64 73 75
40 41 59 60 63 64 73 74
40 41 59 60 63 64 71 72 75
40 41 59 60 63 64 71 72 73 74
40 41 59 60 61 75 78
40 41 59 60 61 75 76 77
40 41 59 60 61 73
40 41 59 60 61 73 74 78
40 41 59 60 61 73 74 76 77
40 41 59 60 61 71 72
40 41 59 60 61 64 73
40 41 59 60 61 64 71 72
40 41 59 60 61 63 73
40 41 59 60 61 63 71 72
40 41 59 60 61 62 73
40 41 59 60 61 62 71 72
40 41 59 60 61 62 63 73
40 41 59 60 61 62 63 71 72
40 41 58 59 61 73
40 41 58 59 61 71 72
40 41 51 61 71 73
40 41 51 61 71 72
40 41 51 61 69 70 73
40 41 51 61 69 70 71 72
40 41 51 59 71 73
40 41 51 59 71 73 75
40 41 51 59 71 73 74
40 41 51 59 71 72
40 41 51 59 71 72 75
40 41 51 59 71 72 73 74
40 41 51 59 69 70 73
40 41 51 59 69 70 73 75
40 41 51 59 69 70 73 74
40 41 51 59 69 70 71 72
40 41 51 59 69 70 71 72 75
40 41 51 59 69 70 71 72 73 74
40 41 51 59 63 73
40 41 51 59 63 73 75
40 41 51 59 63 73 74
40 41 51 59 63 71 72
40 41 51 59 63 71 72 75
40 41 51 59 63 71 72 73 74
40 41 51 59 62 73
40 41 51 59 62 71 72
40 41 51 59 61 77
40 41 51 59 61 75
40 41 51 59 61 75 76
40 41 51 59 61 73
40 41 51 59 61 73 76
40 41 51 59 61 73 74
40 41 51 59 61 73 74 75
40 41 51 59 61 71 72
40 41 51 59 61 71 72 76
40 41 51 59 61 71 72 74 75
40 41 51 59 61 63 73
40 41 51 59 61 63 71 72
40 41 51 59 61 62 73
40 41 51 59 61 62 71 72
40 41 51 59 60 73
40 41 51 59 60 71 72
40 41 51 59 60 61 75
40 41 51 59 60 61 73 74
40 41 50 59 65 73
40 41 50 59 65 71 72
40 41 50 59 63 64 73
40 41 50 59 63 64 71 72
40 41 50 59 61
40 41 50 59 61 78
40 41 50 59 61 76 77
40 41 50 51 59 61
40 41 49 59 61 73
40 41 49 59 61 73 78
40 41 49 59 61 73 76 77
40 41 49 59 61 71 72
40 41 49 59 61 71 72 78
40 41 49 59 61 71 72 76 77
40 41 49 59 60 61 73
40 41 49 59 60 61 71 72
40 41 49 51 59 61 73
40 41 49 51 59 61 71 72
40 41 48 59 73
40 41 48 59 73 78
40 41 48 59 73 76 77
40 41 48 59 71 73 78
40 41 48 59 71 73 76 77
40 41 48 59 71 72
40 41 48 59 69 70 73 78
40 41 48 59 69 70 73 76 77
40 41 48 59 69 70 71 72 78
40 41 48 59 69 70 71 72 76 77
40 41 48 59 63 73 78
40 41 48 59 63 73 76 77
40 41 48 59 63 71 72 78
40 41 48 59 63 71 72 76 77
40 41 48 59 61 75 78
40 41 48 59 61 75 76 77
40 41 48 59 61 73 78
40 41 48 59 61 73 76 77
40 41 48 59 61 73 74 78
40 41 48 59 61 73 74 76 77
40 41 48 59 61 71 72 78
40 41 48 59 61 71 72 76 77
40 41 48 59 61 65 73
40 41 48 59 61 65 71 72
40 41 48 59 61 63 64 73
40 41 48 59 61 63 64 71 72
40 41 48 59 60 73 78
40 41 48 59 60 73 76 77
40 41 48 59 60 71 72 78
40 41 48 59 60 71 72 76 77
40 41 48 59 60 65 73
40 41 48 59 60 65 71 72
40 41 48 59 60 63 64 73
40 41 48 59 60 63 64 71 72
40 41 48 59 60 61 78
40 41 48 59 60 61 76 77
40 41 48 51 59 73
40 41 48 51 59 71 73
40 41 48 51 59 69 70 73
40 41 48 51 59 69 70 71 72
40 41 48 51 59 63 73
40 41 48 51 59 63 71 72
40 41 48 51 59 61 75
40 41 48 51 59 61 73
40 41 48 51 59 61 73 74
40 41 48 51 59 61 71 72
40 41 48 51 59 60 73
40 41 48 51 59 60 71 72
40 41 48 51 59 60 61
40 41 47 48 59 61 73
40 41 47 48 59 61 71 72
40 41 47 48 59 60 61 73
40 41 47 48 59 60 61 71 72
40 41 46 61 71 78
40 41 46 61 71 76 77
40 41 46 61 69 70 78
40 41 46 61 69 70 76 77
40 41 46 61 63
40 41 46 61 62
40 41 46 59
40 41 46 59 71 78
40 41 46 59 71 76 77
40 41 46 59 71 75 78
40 41 46 59 71 75 76 77
40 41 46 59 71 73 74 78
40 41 46 59 71 73 74 76 77
40 41 46 59 69 70 78
40 41 46 59 69 70 76 77
40 41 46 59 69 70 75 78
40 41 46 59 69 70 75 76 77
40 41 46 59 69 70 73 74 78
40 41 46 59 69 70 73 74 76 77
40 41 46 59 65 77
40 41 46 59 65 75 76
40 41 46 59 63
40 41 46 59 63 78
40 41 46 59 63 76 77
40 41 46 59 63 75 78
40 41 46 59 63 75 76 77
40 41 46 59 63 73 74 78
40 41 46 59 63 73 74 76 77
40 41 46 59 63 64 77
40 41 46 59 63 64 75 76
40 41 46 59 62 78
40 41 46 59 62 76 77
40 41 46 59 61
40 41 46 59 61 76 78
40 41 46 59 61 76 77
40 41 46 59 61 74 75 78
40 41 46 59 61 74 75 76 77
40 41 46 59 61 73 78
40 41 46 59 61 73 76 77
40 41 46 59 61 71
40 41 46 59 61 71 72 78
40 41 46 59 61 71 72 76 77
40 41 46 59 61 69 70
40 41 46 59 61 65 75
40 41 46 59 61 65 73 74
40 41 46 59 61 64
40 41 46 59 61 63 78
40 41 46 59 61 63 76 77
40 41 46 59 61 63 64 75
40 41 46 59 61 63 64 73 74
40 41 46 59 61 62
40 41 46 59 61 62 78
40 41 46 59 61 62 76 77
40 41 46 59 61 62 63
40 41 46 59 60 78
40 41 46 59 60 76 77
40 41 46 59 60 71
40 41 46 59 60 69 70
40 41 46 59 60 65 75
40 41 46 59 60 65 73 74
40 41 46 59 60 63 64 75
40 41 46 59 60 63 64 73 74
40 41 46 59 60 61
40 41 46 59 60 61 64
40 41 46 59 60 61 63
40 41 46 59 60 61 62
40 41 46 59 60 61 62 63
40 41 46 58 59 61
40 41 46 51 61 71
40 41 46 51 61 69 70
40 41 46 51 59 71
40 41 46 51 59 71 75
40 41 46 51 59 71 73 74
40 41 46 51 59 69 70
40 41 46 51 59 69 70 75
40 41 46 51 59 69 70 73 74
40 41 46 51 59 63
40 41 46 51 59 63 75
40 41 46 51 59 63 73 74
40 41 46 51 59 62
40 41 46 51 59 61 76
40 41 46 51 59 61 74 75
40 41 46 51 59 61 73
40 41 46 51 59 61 71 72
40 41 46 51 59 61 63
40 41 46 51 59 61 62
40 41 46 51 59 60
40 41 46 50 59 65
40 41 46 50 59 63 64
40 41 46 49 59 61
40 41 46 49 59 61 78
40 41 46 49 59 61 76 77
40 41 46 49 59 60 61
40 41 46 49 51 59 61
40 41 46 48 59
40 41 46 48 59 78
40 41 46 48 59 76 77
40 41 46 48 59 71 78
40 41 46 48 59 71 76 77
40 41 46 48 59 69 70 78
40 41 46 48 59 69 70 76 77
40 41 46 48 59 63 78
40 41 46 48 59 63 76 77
40 41 46 48 59 61 78
40 41 46 48 59 61 76 77
40 41 46 48 59 61 65
40 41 46 48 59 61 63 64
40 41 46 48 59 60 78
40 41 46 48 59 60 76 77
40 41 46 48 59 60 65
40 41 46 48 59 60 63 64
40 41 46 48 51 59
40 41 46 48 51 59 71
40 41 46 48 51 59 69 70
40 41 46 48 51 59 63
40 41 46 48 51 59 61
40 41 46 48 51 59 60
40 41 46 47 59
40 41 46 47 59 78
40 41 46 47 59 76 77
40 41 46 47 59 73
40 41 46 47 59 73 78
40 41 46 47 59 73 76 77
40 41 46 47 59 71 72
40 41 46 47 59 71 72 78
40 41 46 47 59 71 72 76 77
40 41 46 47 59 61 78
40 41 46 47 59 61 76 77
40 41 46 47 59 61 75 78
40 41 46 47 59 61 75 76 77
40 41 46 47 59 61 73 78
40 41 46 47 59 61 73 76 77
40 41 46 47 59 61 73 74 78
40 41 46 47 59 61 73 74 76 77
40 41 46 47 59 61 71 72 78
40 41 46 47 59 61 71 72 76 77
40 41 46 47 59 60 78
40 41 46 47 59 60 76 77
40 41 46 47 59 60 73 78
40 41 46 47 59 60 73 76 77
40 41 46 47 59 60 71 72 78
40 41 46 47 59 60 71 72 76 77
40 41 46 47 51 59
40 41 46 47 51 59 73
40 41 46 47 51 59 71 72
40 41 46 47 51 59 61
40 41 46 47 51 59 61 75
40 41 46 47 51 59 61 73
40 41 46 47 51 59 61 73 74
40 41 46 47 51 59 61 71 72
40 41 46 47 51 59 60
40 41 46 47 51 59 60 73
40 41 46 47 51 59 60 71 72
40 41 46 47 48 59 61
40 41 46 47 48 59 61 78
40 41 46 47 48 59 61 76 77
40 41 46 47 48 59 60 61
40 41 46 47 48 51 59 61
40 41 45 59 73
40 41 45 59 71 72
40 41 45 46 59
40 41 44 61 73 78
40 41 44 61 73 76 77
40 41 44 61 71 72 78
40 41 44 61 71 72 76 77
40 41 44 59 73
40 41 44 59 73 78
40 41 44 59 73 76 77
40 41 44 59 73 75 78
40 41 44 59 73 75 76 77
40 41 44 59 73 74 78
40 41 44 59 73 74 76 77
40 41 44 59 71 72
40 41 44 59 71 72 78
40 41 44 59 71 72 76 77
40 41 44 59 71 72 75 78
40 41 44 59 71 72 75 76 77
40 41 44 59 71 72 73 74 78
40 41 44 59 71 72 73 74 76 77
40 41 44 59 61 73 77
40 41 44 59 61 73 75 76
40 41 44 59 61 71 72 77
40 41 44 59 61 71 72 75 76
40 41 44 59 60 73
40 41 44 59 60 73 77
40 41 44 59 60 73 75 76
40 41 44 59 60 71 72
40 41 44 59 60 71 72 77
40 41 44 59 60 71 72 75 76
40 41 44 51 61 73
40 41 44 51 61 71 72
40 41 44 51 59 73
40 41 44 51 59 73 75
40 41 44 51 59 73 74
40 41 44 51 59 71 72
40 41 44 51 59 71 72 75
40 41 44 51 59 71 72 73 74
40 41 44 50 59 61 73
40 41 44 50 59 61 71 72
40 41 44 50 59 60 73
40 41 44 50 59 60 71 72
40 41 44 48 59 73 78
40 41 44 48 59 73 76 77
40 41 44 48 59 71 72 78
40 41 44 48 59 71 72 76 77
40 41 44 48 51 59 73
40 41 44 48 51 59 71 72
40 41 44 46 61 78
40 41 44 46 61 76 77
40 41 44 46 59
40 41 44 46 59 78
40 41 44 46 59 76 77
40 41 44 46 59 75 78
40 41 44 46 59 75 76 77
40 41 44 46 59 73 74 78
40 41 44 46 59 73 74 76 77
40 41 44 46 59 61 77
40 41 44 46 59 61 75 76
40 41 44 46 59 60
40 41 44 46 59 60 77
40 41 44 46 59 60 75 76
40 41 44 46 51 61
40 41 44 46 51 59
40 41 44 46 51 59 75
40 41 44 46 51 59 73 74
40 41 44 46 50 59 61
40 41 44 46 50 59 60
40 41 44 46 48 59 78
40 41 44 46 48 59 76 77
40 41 44 46 48 51 59
40 41 44 45 59 61 73 78
40 41 44 45 59 61 73 76 77
40 41 44 45 59 61 71 72 78
40 41 44 45 59 61 71 72 76 77
40 41 44 45 51 59 61 73
40 41 44 45 51 59 61 71 72
40 41 44 45 46 59 61 78
40 41 44 45 46 59 61 76 77
40 41 44 45 46 51 59 61
40 41 43 44 59 73
40 41 43 44 59 71 72
40 41 43 44 46 59
40 41 42 43 59 73
40 41 42 43 59 71 72
40 41 42 43 59 61 73
40 41 42 43 59 61 73 77
40 41 42 43 59 61 73 75 76
40 41 42 43 59 61 71 72
40 41 42 43 59 61 71 72 77
40 41 42 43 59 61 71 72 75 76
40 41 42 43 59 60 73 77
40 41 42 43 59 60 73 75 76
40 41 42 43 59 60 71 72 77
40 41 42 43 59 60 71 72 75 76
40 41 42 43 50 59 61 73
40 41 42 43 50 59 61 71 72
40 41 42 43 50 59 60 73
40 41 42 43 50 59 60 71 72
40 41 42 43 46 59
40 41 42 43 46 59 61
40 41 42 43 46 59 61 77
40 41 42 43 46 59 61 75 76
40 41 42 43 46 59 60 77
40 41 42 43 46 59 60 75 76
40 41 42 43 46 50 59 61
40 41 42 43 46 50 59 60
39 69
39 67 68
39 42
38 78 79
38 69
38 68 69
38 67
38 65 66
38 53
38 42
38 42 68
38 42 59 73 77
38 42 59 73 75 76
38 42 59 71 72 77
38 42 59 71 72 75 76
38 42 59 61 73 75
38 42 59 61 73 74
38 42 59 61 71 72 75
38 42 59 61 71 72 73 74
38 42 59 60 73 75
38 42 59 60 73 74
38 42 59 60 71 72 75
38 42 59 60 71 72 73 74
38 42 50 59 73
38 42 50 59 71 72
38 42 48 59 61 73
38 42 48 59 61 71 72
38 42 48 59 60 73
38 42 48 59 60 71 72
38 42 46 59 77
38 42 46 59 75 76
38 42 46 59 61 75
38 42 46 59 61 73 74
38 42 46 59 60 75
38 42 46 59 60 73 74
38 42 46 50 59
38 42 46 48 59 61
38 42 46 48 59 60
38 40
38 40 41 59 73 77
38 40 41 59 73 75 76
38 40 41 59 71 72 77
38 40 41 59 71 72 75 76
38 40 41 59 61 73 75
38 40 41 59 61 73 74
38 40 41 59 61 71 72 75
38 40 41 59 61 71 72 73 74
38 40 41 59 60 73 75
38 40 41 59 60 73 74
38 40 41 59 60 71 72 75
38 40 41 59 60 71 72 73 74
38 40 41 50 59 73
38 40 41 50 59 71 72
38 40 41 48 59 61 73
38 40 41 48 59 61 71 72
38 40 41 48 59 60 73
38 40 41 48 59 60 71 72
38 40 41 46 59 77
38 40 41 46 59 75 76
38 40 41 46 59 61 75
38 40 41 46 59 61 73 74
38 40 41 46 59 60 75
38 40 41 46 59 60 73 74
38 40 41 46 50 59
38 40 41 46 48 59 61
38 40 41 46 48 59 60
38 39 59 61 73
38 39 59 61 71 72
38 39 59 60 61 73
38 39 59 60 61 71 72
38 39 46 59 61
38 39 46 59 60 61
37
37 42 59 61 73
37 42 59 61 71 72
37 42 59 60 61 73
37 42 59 60 61 71 72
37 42 46 59 61
37 42 46 59 60 61
37 40 41 59 61 73
37 40 41 59 61 71 72
37 40 41 59 60 61 73
37 40 41 59 60 61 71 72
37 40 41 46 59 61
37 40 41 46 59 60 61
36
36 78 79
36 68 69
36 67
36 67 78 79
36 67 68
36 65 66
36 65 66 78 79
36 61 75
36 61 73 74
36 61 67
36 61 65 66
36 59 73 78
36 59 73 76 77
36 59 71 72 78
36 59 71 72 76 77
36 59 69 78 79
36 59 68 73
36 59 68 71 72
36 59 67 68 78 79
36 59 67 68 73
36 59 67 68 71 72
36 59 63 75
36 59 63 73 74
36 59 61 75
36 59 61 73 74
36 55 61 69
36 55 61 69 78 79
36 55 61 67 68
36 55 61 67 68 78 79
36 53
36 53 67
36 53 65 66
36 53 59 69
36 53 59 67 68
36 53 55 61 69
36 53 55 61 67 68
36 51 59 73
36 51 59 71 72
36 48 61
36 48 59 63
36 48 59 61
36 46 59 78
36 46 59 76 77
36 46 59 68
36 46 59 67 68
36 46 51 59
36 44 59 73
36 44 59 73 78
36 44 59 73 76 77
36 44 59 71 72
36 44 59 71 72 78
36 44 59 71 72 76 77
36 44 51 59 73
36 44 51 59 71 72
36 44 46 59
36 44 46 59 78
36 44 46 59 76 77
36 44 46 51 59
36 42 68
36 42 61 73
36 42 61 71 72
36 42 59 78 79
36 42 59 60 61 73
36 42 59 60 61 71 72
36 42 55 61
36 42 55 61 78 79
36 42 53 59
36 42 53 55 61
36 42 46 61
36 42 46 59 60 61
36 42 43 59 73
36 42 43 59 73 78
36 42 43 59 73 76 77
36 42 43 59 71 72
36 42 43 59 71 72 78
36 42 43 59 71 72 76 77
36 42 43 51 59 73
36 42 43 51 59 71 72
36 42 43 46 59
36 42 43 46 59 78
36 42 43 46 59 76 77
36 42 43 46 51 59
36 40
36 40 78 79
36 40 61
36 40 53
36 40 41 61 73
36 40 41 61 71 72
36 40 41 59 73
36 40 41 59 71 72
36 40 41 59 60 61 73
36 40 41 59 60 61 71 72
36 40 41 46 61
36 40 41 46 59
36 40 41 46 59 60 61
35 69
35 67 68
35 55 68 69
35 55 67 68
35 44 59 61 73 78
35 44 59 61 73 76 77
35 44 59 61 71 72 78
35 44 59 61 71 72 76 77
35 44 59 60 73 78
35 44 59 60 73 76 77
35 44 59 60 71 72 78
35 44 59 60 71 72 76 77
35 44 51 59 61 73
35 44 51 59 61 71 72
35 44 51 59 60 73
35 44 51 59 60 71 72
35 44 46 59 61 78
35 44 46 59 61 76 77
35 44 46 59 60 78
35 44 46 59 60 76 77
35 44 46 51 59 61
35 44 46 51 59 60
35 42
35 42 55 68
35 42 43 59 61 73 78
35 42 43 59 61 73 76 77
35 42 43 59 61 71 72 78
35 42 43 59 61 71 72 76 77
35 42 43 59 60 73 78
35 42 43 59 60 73 76 77
35 42 43 59 60 71 72 78
35 42 43 59 60 71 72 76 77
35 42 43 51 59 61 73
35 42 43 51 59 61 71 72
35 42 43 51 59 60 73
35 42 43 51 59 60 71 72
35 42 43 46 59 61 78
35 42 43 46 59 61 76 77
35 42 43 46 59 60 78
35 42 43 46 59 60 76 77
35 42 43 46 51 59 61
35 42 43 46 51 59 60
35 36
34
34 78 79
34 71 78 79
34 69 70 78 79
34 67
34 65 66
34 61
34 61 69
34 61 67 68
34 59
34 55 61 78 79
34 53
34 53 71
34 53 69 70
34 53 55 61
34 44 78 79
34 44 67
34 44 67 78 79
34 44 65 66
34 44 65 66 78 79
34 44 59 75 78
34 44 59 75 76 77
34 44 59 73 74 78
34 44 59 73 74 76 77
34 44 59 71 75 78
34 44 59 71 75 76 77
34 44 59 71 73 74 78
34 44 59 71 73 74 76 77
34 44 59 69 70 75 78
34 44 59 69 70 75 76 77
34 44 59 69 70 73 74 78
34 44 59 69 70 73 74 76 77
34 44 59 62 73 78
34 44 59 62 73 76 77
34 44 59 62 71 72 78
34 44 59 62 71 72 76 77
34 44 59 60 61 73 78
34 44 59 60 61 73 76 77
34 44 59 60 61 71 72 78
34 44 59 60 61 71 72 76 77
34 44 53
34 44 53 67
34 44 53 65 66
34 44 51 59 75
34 44 51 59 73 74
34 44 51 59 71 75
34 44 51 59 71 73 74
34 44 51 59 69 70 75
34 44 51 59 69 70 73 74
34 44 51 59 62 73
34 44 51 59 62 71 72
34 44 51 59 60 61 73
34 44 51 59 60 61 71 72
34 44 48 59 78
34 44 48 59 76 77
34 44 48 59 71 78
34 44 48 59 71 76 77
34 44 48 59 69 70 78
34 44 48 59 69 70 76 77
34 44 48 51 59
34 44 48 51 59 71
34 44 48 51 59 69 70
34 44 46 59 62 78
34 44 46 59 62 76 77
34 44 46 59 60 61 78
34 44 46 59 60 61 76 77
34 44 46 51 59 62
34 44 46 51 59 60 61
34 42 61
34 42 59 73 78
34 42 59 73 76 77
34 42 59 71 73
34 42 59 71 72
34 42 59 71 72 78
34 42 59 71 72 76 77
34 42 59 69 70 73
34 42 59 69 70 71 72
34 42 59 65 73 75
34 42 59 65 73 74
34 42 59 65 71 72 75
34 42 59 65 71 72 73 74
34 42 59 63 64 73 75
34 42 59 63 64 73 74
34 42 59 63 64 71 72 75
34 42 59 63 64 71 72 73 74
34 42 59 61 75 78
34 42 59 61 75 76 77
34 42 59 61 73 74 78
34 42 59 61 73 74 76 77
34 42 59 61 64 73
34 42 59 61 64 71 72
34 42 59 61 63 73
34 42 59 61 63 71 72
34 42 59 61 62 73
34 42 59 61 62 71 72
34 42 59 61 62 63 73
34 42 59 61 62 63 71 72
34 42 51 59 73
34 42 51 59 71 72
34 42 51 59 61 75
34 42 51 59 61 73 74
34 42 49 59 61 73
34 42 49 59 61 71 72
34 42 48 59 73 78
34 42 48 59 73 76 77
34 42 48 59 71 72 78
34 42 48 59 71 72 76 77
34 42 48 59 65 73
34 42 48 59 65 71 72
34 42 48 59 63 64 73
34 42 48 59 63 64 71 72
34 42 48 59 61 78
34 42 48 59 61 76 77
34 42 48 51 59 73
34 42 48 51 59 71 72
34 42 48 51 59 61
34 42 47 48 59 61 73
34 42 47 48 59 61 71 72
34 42 46 59 78
34 42 46 59 76 77
34 42 46 59 71
34 42 46 59 69 70
34 42 46 59 65 75
34 42 46 59 65 73 74
34 42 46 59 63 64 75
34 42 46 59 63 64 73 74
34 42 46 59 61 64
34 42 46 59 61 63
34 42 46 59 61 62
34 42 46 59 61 62 63
34 42 46 51 59
34 42 46 49 59 61
34 42 46 48 59 78
34 42 46 48 59 76 77
34 42 46 48 59 65
34 42 46 48 59 63 64
34 42 46 48 51 59
34 42 46 47 59 78
34 42 46 47 59 76 77
34 42 46 47 59 73 78
34 42 46 47 59 73 76 77
34 42 46 47 59 71 72 78
34 42 46 47 59 71 72 76 77
34 42 46 47 51 59
34 42 46 47 51 59 73
34 42 46 47 51 59 71 72
34 42 46 47 48 59 61
34 42 44 59 73
34 42 44 59 73 77
34 42 44 59 73 75 76
34 42 44 59 71 72
34 42 44 59 71 72 77
34 42 44 59 71 72 75 76
34 42 44 50 59 73
34 42 44 50 59 71 72
34 42 44 46 59
34 42 44 46 59 77
34 42 44 46 59 75 76
34 42 44 46 50 59
34 42 43 67
34 42 43 67 78 79
34 42 43 65 66
34 42 43 65 66 78 79
34 42 43 59 73 77
34 42 43 59 73 75 76
34 42 43 59 71 75 78
34 42 43 59 71 75 76 77
34 42 43 59 71 73 74 78
34 42 43 59 71 73 74 76 77
34 42 43 59 71 72 77
34 42 43 59 71 72 75 76
34 42 43 59 69 70 75 78
34 42 43 59 69 70 75 76 77
34 42 43 59 69 70 73 74 78
34 42 43 59 69 70 73 74 76 77
34 42 43 59 62 73 78
34 42 43 59 62 73 76 77
34 42 43 59 62 71 72 78
34 42 43 59 62 71 72 76 77
34 42 43 59 60 61 73 78
34 42 43 59 60 61 73 76 77
34 42 43 59 60 61 71 72 78
34 42 43 59 60 61 71 72 76 77
34 42 43 53 67
34 42 43 53 65 66
34 42 43 51 59 71 75
34 42 43 51 59 71 73 74
34 42 43 51 59 69 70 75
34 42 43 51 59 69 70 73 74
34 42 43 51 59 62 73
34 42 43 51 59 62 71 72
34 42 43 51 59 60 61 73
34 42 43 51 59 60 61 71 72
34 42 43 50 59 73
34 42 43 50 59 71 72
34 42 43 48 59 71 78
34 42 43 48 59 71 76 77
34 42 43 48 59 69 70 78
34 42 43 48 59 69 70 76 77
34 42 43 48 51 59 71
34 42 43 48 51 59 69 70
34 42 43 46 59 77
34 42 43 46 59 75 76
34 42 43 46 59 62 78
34 42 43 46 59 62 76 77
34 42 43 46 59 60 61 78
34 42 43 46 59 60 61 76 77
34 42 43 46 51 59 62
34 42 43 46 51 59 60 61
34 42 43 46 50 59
34 42 43 44 59 75 78
34 42 43 44 59 75 76 77
34 42 43 44 59 73 74 78
34 42 43 44 59 73 74 76 77
34 42 43 44 51 59 75
34 42 43 44 51 59 73 74
34 42 43 44 48 59 78
34 42 43 44 48 59 76 77
34 42 43 44 48 51 59
34 40
34 40 59 61 73
34 40 59 61 71 72
34 40 46 59 61
34 40 44
34 40 44 78 79
34 40 44 53
34 40 42 43
34 40 42 43 78 79
34 40 42 43 53
34 40 41 59 73 78
34 40 41 59 73 76 77
34 40 41 59 71 73
34 40 41 59 71 72
34 40 41 59 71 72 78
34 40 41 59 71 72 76 77
34 40 41 59 69 70 73
34 40 41 59 69 70 71 72
34 40 41 59 65 73 75
34 40 41 59 65 73 74
34 40 41 59 65 71 72 75
34 40 41 59 65 71 72 73 74
34 40 41 59 63 64 73 75
34 40 41 59 63 64 73 74
34 40 41 59 63 64 71 72 75
34 40 41 59 63 64 71 72 73 74
34 40 41 59 61 75 78
34 40 41 59 61 75 76 77
34 40 41 59 61 73 74 78
34 40 41 59 61 73 74 76 77
34 40 41 59 61 64 73
34 40 41 59 61 64 71 72
34 40 41 59 61 63 73
34 40 41 59 61 63 71 72
34 40 41 59 61 62 73
34 40 41 59 61 62 71 72
34 40 41 59 61 62 63 73
34 40 41 59 61 62 63 71 72
34 40 41 51 59 73
34 40 41 51 59 71 72
34 40 41 51 59 61 75
34 40 41 51 59 61 73 74
34 40 41 49 59 61 73
34 40 41 49 59 61 71 72
34 40 41 48 59 73 78
34 40 41 48 59 73 76 77
34 40 41 48 59 71 72 78
34 40 41 48 59 71 72 76 77
34 40 41 48 59 65 73
34 40 41 48 59 65 71 72
34 40 41 48 59 63 64 73
34 40 41 48 59 63 64 71 72
34 40 41 48 59 61 78
34 40 41 48 59 61 76 77
34 40 41 48 51 59 73
34 40 41 48 51 59 71 72
34 40 41 48 51 59 61
34 40 41 47 48 59 61 73
34 40 41 47 48 59 61 71 72
34 40 41 46 59 78
34 40 41 46 59 76 77
34 40 41 46 59 71
34 40 41 46 59 69 70
34 40 41 46 59 65 75
34 40 41 46 59 65 73 74
34 40 41 46 59 63 64 75
34 40 41 46 59 63 64 73 74
34 40 41 46 59 61 64
34 40 41 46 59 61 63
34 40 41 46 59 61 62
34 40 41 46 59 61 62 63
34 40 41 46 51 59
34 40 41 46 49 59 61
34 40 41 46 48 59 78
34 40 41 46 48 59 76 77
34 40 41 46 48 59 65
34 40 41 46 48 59 63 64
34 40 41 46 48 51 59
34 40 41 46 47 59 78
34 40 41 46 47 59 76 77
34 40 41 46 47 59 73 78
34 40 41 46 47 59 73 76 77
34 40 41 46 47 59 71 72 78
34 40 41 46 47 59 71 72 76 77
34 40 41 46 47 51 59
34 40 41 46 47 51 59 73
34 40 41 46 47 51 59 71 72
34 40 41 46 47 48 59 61
34 40 41 44 59 73
34 40 41 44 59 73 77
34 40 41 44 59 73 75 76
34 40 41 44 59 71 72
34 40 41 44 59 71 72 77
34 40 41 44 59 71 72 75 76
34 40 41 44 50 59 73
34 40 41 44 50 59 71 72
34 40 41 44 46 59
34 40 41 44 46 59 77
34 40 41 44 46 59 75 76
34 40 41 44 46 50 59
34 40 41 42 43 59 73 77
34 40 41 42 43 59 73 75 76
34 40 41 42 43 59 71 72 77
34 40 41 42 43 59 71 72 75 76
34 40 41 42 43 50 59 73
34 40 41 42 43 50 59 71 72
34 40 41 42 43 46 59 77
34 40 41 42 43 46 59 75 76
34 40 41 42 43 46 50 59
34 38 42 59 73 75
34 38 42 59 73 74
34 38 42 59 71 72 75
34 38 42 59 71 72 73 74
34 38 42 48 59 73
34 38 42 48 59 71 72
34 38 42 46 59 75
34 38 42 46 59 73 74
34 38 42 46 48 59
34 38 40 41 59 73 75
34 38 40 41 59 73 74
34 38 40 41 59 71 72 75
34 38 40 41 59 71 72 73 74
34 38 40 41 48 59 73
34 38 40 41 48 59 71 72
34 38 40 41 46 59 75
34 38 40 41 46 59 73 74
34 38 40 41 46 48 59
34 38 39 59 61 73
34 38 39 59 61 71 72
34 38 39 46 59 61
34 37 42 59 61 73
34 37 42 59 61 71 72
34 37 42 46 59 61
34 37 40 41 59 61 73
34 37 40 41 59 61 71 72
34 37 40 41 46 59 61
34 36 42 59 61 73
34 36 42 59 61 71 72
34 36 42 46 59 61
34 36 40 41 59 61 73
34 36 40 41 59 61 71 72
34 36 40 41 46 59 61
34 35 69
34 35 67
34 35 67 78 79
34 35 67 68
34 35 65 66
34 35 65 66 78 79
34 35 53 67
34 35 53 65 66
34 35 44 59 73 78
34 35 44 59 73 76 77
34 35 44 59 71 72 78
34 35 44 59 71 72 76 77
34 35 44 51 59 73
34 35 44 51 59 71 72
34 35 44 46 59 78
34 35 44 46 59 76 77
34 35 44 46 51 59
34 35 42
34 35 42 43 59 73 78
34 35 42 43 59 73 76 77
34 35 42 43 59 71 72 78
34 35 42 43 59 71 72 76 77
34 35 42 43 51 59 73
34 35 42 43 51 59 71 72
34 35 42 43 46 59 78
34 35 42 43 46 59 76 77
34 35 42 43 46 51 59
34 35 40
34 35 40 78 79
34 35 40 53
33 44 59 78
33 44 59 76 77
33 44 51 59
33 42 59 61 73
33 42 59 61 71 72
33 42 46 59 61
33 42 43 59 78
33 42 43 59 76 77
33 42 43 51 59
33 40 41 59 61 73
33 40 41 59 61 71 72
33 40 41 46 59 61
33 34 67
33 34 67 78 79
33 34 65 66
33 34 65 66 78 79
33 34 53 67
33 34 53 65 66
33 34 40
33 34 40 78 79
33 34 40 53
32 55
32 44 59 73 78
32 44 59 73 76 77
32 44 59 71 72 78
32 44 59 71 72 76 77
32 44 51 59 73
32 44 51 59 71 72
32 44 46 59 78
32 44 46 59 76 77
32 44 46 51 59
32 42 61 63 73
32 42 61 63 71 72
32 42 61 62 73
32 42 61 62 71 72
32 42 46 61 63
32 42 46 61 62
32 42 43 59 73 78
32 42 43 59 73 76 77
32 42 43 59 71 72 78
32 42 43 59 71 72 76 77
32 42 43 51 59 73
32 42 43 51 59 71 72
32 42 43 46 59 78
32 42 43 46 59 76 77
32 42 43 46 51 59
32 40 41 61 63 73
32 40 41 61 63 71 72
32 40 41 61 62 73
32 40 41 61 62 71 72
32 40 41 46 61 63
32 40 41 46 61 62
32 36 42 61 73
32 36 42 61 71 72
32 36 42 46 61
32 36 40 41 61 73
32 36 40 41 61 71 72
32 36 40 41 46 61
30 42 59 73
30 42 59 71 73 78
30 42 59 71 73 76 77
30 42 59 71 72
30 42 59 71 72 78
30 42 59 71 72 76 77
30 42 59 69 70 73 78
30 42 59 69 70 73 76 77
30 42 59 69 70 71 72 78
30 42 59 69 70 71 72 76 77
30 42 51 59 71 73
30 42 51 59 71 72
30 42 51 59 69 70 73
30 42 51 59 69 70 71 72
30 42 46 59
30 42 46 59 71 78
30 42 46 59 71 76 77
30 42 46 59 69 70 78
30 42 46 59 69 70 76 77
30 42 46 51 59 71
30 42 46 51 59 69 70
30 42 44 59 73 78
30 42 44 59 73 76 77
30 42 44 59 71 72 78
30 42 44 59 71 72 76 77
30 42 44 51 59 73
30 42 44 51 59 71 72
30 42 44 46 59 78
30 42 44 46 59 76 77
30 42 44 46 51 59
30 40 41 59 73
30 40 41 59 71 73 78
30 40 41 59 71 73 76 77
30 40 41 59 71 72
30 40 41 59 71 72 78
30 40 41 59 71 72 76 77
30 40 41 59 69 70 73 78
30 40 41 59 69 70 73 76 77
30 40 41 59 69 70 71 72 78
30 40 41 59 69 70 71 72 76 77
30 40 41 51 59 71 73
30 40 41 51 59 71 72
30 40 41 51 59 69 70 73
30 40 41 51 59 69 70 71 72
30 40 41 46 59
30 40 41 46 59 71 78
30 40 41 46 59 71 76 77
30 40 41 46 59 69 70 78
30 40 41 46 59 69 70 76 77
30 40 41 46 51 59 71
30 40 41 46 51 59 69 70
30 40 41 44 59 73 78
30 40 41 44 59 73 76 77
30 40 41 44 59 71 72 78
30 40 41 44 59 71 72 76 77
30 40 41 44 51 59 73
30 40 41 44 51 59 71 72
30 40 41 44 46 59 78
30 40 41 44 46 59 76 77
30 40 41 44 46 51 59
30 31 42 61 63 73
30 31 42 61 63 71 72
30 31 42 61 62 73
30 31 42 61 62 71 72
30 31 42 46 61 63
30 31 42 46 61 62
30 31 40 41 61 63 73
30 31 40 41 61 63 71 72
30 31 40 41 61 62 73
30 31 40 41 61 62 71 72
30 31 40 41 46 61 63
30 31 40 41 46 61 62
30 31 36 42 61 73
30 31 36 42 61 71 72
30 31 36 42 46 61
30 31 36 40 41 61 73
30 31 36 40 41 61 71 72
30 31 36 40 41 46 61
29 44 59 73
29 44 59 71 72
29 44 46 59
29 42 43 59 73
29 42 43 59 71 72
29 42 43 46 59
28
28 67
28 65 66
28 40
28 29 42 59 73
28 29 42 59 71 73 78
28 29 42 59 71 73 76 77
28 29 42 59 71 72
28 29 42 59 71 72 78
28 29 42 59 71 72 76 77
28 29 42 59 69 70 73 78
28 29 42 59 69 70 73 76 77
28 29 42 59 69 70 71 72 78
28 29 42 59 69 70 71 72 76 77
28 29 42 51 59 71 73
28 29 42 51 59 71 72
28 29 42 51 59 69 70 73
28 29 42 51 59 69 70 71 72
28 29 42 46 59
28 29 42 46 59 71 78
28 29 42 46 59 71 76 77
28 29 42 46 59 69 70 78
28 29 42 46 59 69 70 76 77
28 29 42 46 51 59 71
28 29 42 46 51 59 69 70
28 29 42 44 59 73 78
28 29 42 44 59 73 76 77
28 29 42 44 59 71 72 78
28 29 42 44 59 71 72 76 77
28 29 42 44 51 59 73
28 29 42 44 51 59 71 72
28 29 42 44 46 59 78
28 29 42 44 46 59 76 77
28 29 42 44 46 51 59
28 29 40 41 59 73
28 29 40 41 59 71 73 78
28 29 40 41 59 71 73 76 77
28 29 40 41 59 71 72
28 29 40 41 59 71 72 78
28 29 40 41 59 71 72 76 77
28 29 40 41 59 69 70 73 78
28 29 40 41 59 69 70 73 76 77
28 29 40 41 59 69 70 71 72 78
28 29 40 41 59 69 70 71 72 76 77
28 29 40 41 51 59 71 73
28 29 40 41 51 59 71 72
28 29 40 41 51 59 69 70 73
28 29 40 41 51 59 69 70 71 72
28 29 40 41 46 59
28 29 40 41 46 59 71 78
28 29 40 41 46 59 71 76 77
28 29 40 41 46 59 69 70 78
28 29 40 41 46 59 69 70 76 77
28 29 40 41 46 51 59 71
28 29 40 41 46 51 59 69 70
28 29 40 41 44 59 73 78
28 29 40 41 44 59 73 76 77
28 29 40 41 44 59 71 72 78
28 29 40 41 44 59 71 72 76 77
28 29 40 41 44 51 59 73
28 29 40 41 44 51 59 71 72
28 29 40 41 44 46 59 78
28 29 40 41 44 46 59 76 77
28 29 40 41 44 46 51 59
27 69
27 67 68
27 42
27 28 44 59 73
27 28 44 59 71 72
27 28 44 46 59
27 28 42 43 59 73
27 28 42 43 59 71 72
27 28 42 43 46 59
26 44 59 73 78
26 44 59 73 76 77
26 44 59 71 72 78
26 44 59 71 72 76 77
26 44 51 59 73
26 44 51 59 71 72
26 44 46 59 78
26 44 46 59 76 77
26 44 46 51 59
26 42 43 59 73 78
26 42 43 59 73 76 77
26 42 43 59 71 72 78
26 42 43 59 71 72 76 77
26 42 43 51 59 73
26 42 43 51 59 71 72
26 42 43 46 59 78
26 42 43 46 59 76 77
26 42 43 46 51 59
25
22
22 69
22 68
22 68 69
22 67
22 65 66
22 59
22 42
22 42 68
22 42 59 61 73
22 42 59 61 71 72
22 42 59 60 61 73
22 42 59 60 61 71 72
22 42 46 59 61
22 42 46 59 60 61
22 40
22 40 41 59 61 73
22 40 41 59 61 71 72
22 40 41 59 60 61 73
22 40 41 59 60 61 71 72
22 40 41 46 59 61
22 40 41 46 59 60 61
22 34 42 59 61 73
22 34 42 59 61 71 72
22 34 42 46 59 61
22 34 40 41 59 61 73
22 34 40 41 59 61 71 72
22 34 40 41 46 59 61
21 69 78 79
21 67
21 67 68 78 79
21 65 66
21 59
21 59 73
21 59 71 72
21 53 69
21 53 67 68
21 46 59
21 44 59 61 73
21 44 59 61 71 72
21 44 46 59 61
21 42 78 79
21 42 59 73
21 42 59 73 78
21 42 59 73 76 77
21 42 59 71 72
21 42 59 71 72 78
21 42 59 71 72 76 77
21 42 59 61 75 78
21 42 59 61 75 76 77
21 42 59 61 73 78
21 42 59 61 73 76 77
21 42 59 61 73 74 78
21 42 59 61 73 74 76 77
21 42 59 61 71 72 78
21 42 59 61 71 72 76 77
21 42 59 60 73 78
21 42 59 60 73 76 77
21 42 59 60 71 72 78
21 42 59 60 71 72 76 77
21 42 53
21 42 51 59 73
21 42 51 59 71 72
21 42 51 59 61 75
21 42 51 59 61 73
21 42 51 59 61 73 74
21 42 51 59 61 71 72
21 42 51 59 60 73
21 42 51 59 60 71 72
21 42 48 59 61 78
21 42 48 59 61 76 77
21 42 48 51 59 61
21 42 46 59
21 42 46 59 78
21 42 46 59 76 77
21 42 46 59 61 78
21 42 46 59 61 76 77
21 42 46 59 60 78
21 42 46 59 60 76 77
21 42 46 51 59
21 42 46 51 59 61
21 42 46 51 59 60
21 42 43 59 61 73
21 42 43 59 61 71 72
21 42 43 46 59 61
21 40
21 40 41 59 73
21 40 41 59 73 78
21 40 41 59 73 76 77
21 40 41 59 71 72
21 40 41 59 71 72 78
21 40 41 59 71 72 76 77
21 40 41 59 61 75 78
21 40 41 59 61 75 76 77
21 40 41 59 61 73 78
21 40 41 59 61 73 76 77
21 40 41 59 61 73 74 78
21 40 41 59 61 73 74 76 77
21 40 41 59 61 71 72 78
21 40 41 59 61 71 72 76 77
21 40 41 59 60 73 78
21 40 41 59 60 73 76 77
21 40 41 59 60 71 72 78
21 40 41 59 60 71 72 76 77
21 40 41 51 59 73
21 40 41 51 59 71 72
21 40 41 51 59 61 75
21 40 41 51 59 61 73
21 40 41 51 59 61 73 74
21 40 41 51 59 61 71 72
21 40 41 51 59 60 73
21 40 41 51 59 60 71 72
21 40 41 48 59 61 78
21 40 41 48 59 61 76 77
21 40 41 48 51 59 61
21 40 41 46 59
21 40 41 46 59 78
21 40 41 46 59 76 77
21 40 41 46 59 61 78
21 40 41 46 59 61 76 77
21 40 41 46 59 60 78
21 40 41 46 59 60 76 77
21 40 41 46 51 59
21 40 41 46 51 59 61
21 40 41 46 51 59 60
21 34 42 59 73 78
21 34 42 59 73 76 77
21 34 42 59 71 72 78
21 34 42 59 71 72 76 77
21 34 42 51 59 73
21 34 42 51 59 71 72
21 34 42 46 59 78
21 34 42 46 59 76 77
21 34 42 46 51 59
21 34 40 41 59 73 78
21 34 40 41 59 73 76 77
21 34 40 41 59 71 72 78
21 34 40 41 59 71 72 76 77
21 34 40 41 51 59 73
21 34 40 41 51 59 71 72
21 34 40 41 46 59 78
21 34 40 41 46 59 76 77
21 34 40 41 46 51 59
20 69 73
20 69 71 72
20 67
20 67 68 73
20 67 68 71 72
20 65 66
20 61
20 61 69
20 61 67 68
20 59
20 59 61 73
20 59 61 71 72
20 55 61
20 55 61 69
20 55 61 67 68
20 46 69
20 46 67 68
20 46 59 61
20 42 73
20 42 71 72
20 42 61
20 42 59 73 78
20 42 59 73 76 77
20 42 59 71 72 78
20 42 59 71 72 76 77
20 42 59 61 73 78
20 42 59 61 73 76 77
20 42 59 61 71 72 78
20 42 59 61 71 72 76 77
20 42 55 61
20 42 51 59 73
20 42 51 59 71 72
20 42 51 59 61 73
20 42 51 59 61 71 72
20 42 46
20 42 46 59 78
20 42 46 59 76 77
20 42 46 59 61 78
20 42 46 59 61 76 77
20 42 46 51 59
20 42 46 51 59 61
20 40
20 40 41 59 73 78
20 40 41 59 73 76 77
20 40 41 59 71 72 78
20 40 41 59 71 72 76 77
20 40 41 59 61 73 78
20 40 41 59 61 73 76 77
20 40 41 59 61 71 72 78
20 40 41 59 61 71 72 76 77
20 40 41 51 59 73
20 40 41 51 59 71 72
20 40 41 51 59 61 73
20 40 41 51 59 61 71 72
20 40 41 46 59 78
20 40 41 46 59 76 77
20 40 41 46 59 61 78
20 40 41 46 59 61 76 77
20 40 41 46 51 59
20 40 41 46 51 59 61
20 38 69
20 38 67 68
20 38 42
20 34 69
20 34 67 68
20 34 61
20 34 42
19
19 42 59 61 73 78
19 42 59 61 73 76 77
19 42 59 61 71 72 78
19 42 59 61 71 72 76 77
19 42 51 59 61 73
19 42 51 59 61 71 72
19 42 46 59 61 78
19 42 46 59 61 76 77
19 42 46 51 59 61
19 40 41 59 61 73 78
19 40 41 59 61 73 76 77
19 40 41 59 61 71 72 78
19 40 41 59 61 71 72 76 77
19 40 41 51 59 61 73
19 40 41 51 59 61 71 72
19 40 41 46 59 61 78
19 40 41 46 59 61 76 77
19 40 41 46 51 59 61
18 69
18 67 68
18 59 61 73
18 59 61 71 72
18 46 59 61
18 44 59 73 78
18 44 59 73 76 77
18 44 59 71 72 78
18 44 59 71 72 76 77
18 44 51 59 73
18 44 51 59 71 72
18 44 46 59 78
18 44 46 59 76 77
18 44 46 51 59
18 42
18 42 43 59 73 78
18 42 43 59 73 76 77
18 42 43 59 71 72 78
18 42 43 59 71 72 76 77
18 42 43 51 59 73
18 42 43 51 59 71 72
18 42 43 46 59 78
18 42 43 46 59 76 77
18 42 43 46 51 59
18 19 59 61 73
18 19 59 61 71 72
18 19 46 59 61
18 19 42 59 73 78
18 19 42 59 73 76 77
18 19 42 59 71 72 78
18 19 42 59 71 72 76 77
18 19 42 59 61 73 78
18 19 42 59 61 73 76 77
18 19 42 59 61 71 72 78
18 19 42 59 61 71 72 76 77
18 19 42 51 59 73
18 19 42 51 59 71 72
18 19 42 51 59 61 73
18 19 42 51 59 61 71 72
18 19 42 46 59 78
18 19 42 46 59 76 77
18 19 42 46 59 61 78
18 19 42 46 59 61 76 77
18 19 42 46 51 59
18 19 42 46 51 59 61
18 19 40 41 59 73 78
18 19 40 41 59 73 76 77
18 19 40 41 59 71 72 78
18 19 40 41 59 71 72 76 77
18 19 40 41 59 61 73 78
18 19 40 41 59 61 73 76 77
18 19 40 41 59 61 71 72 78
18 19 40 41 59 61 71 72 76 77
18 19 40 41 51 59 73
18 19 40 41 51 59 71 72
18 19 40 41 51 59 61 73
18 19 40 41 51 59 61 71 72
18 19 40 41 46 59 78
18 19 40 41 46 59 76 77
18 19 40 41 46 59 61 78
18 19 40 41 46 59 61 76 77
18 19 40 41 46 51 59
18 19 40 41 46 51 59 61
17 61 73
17 61 73 78
17 61 73 76 77
17 61 71 72
17 61 71 72 78
17 61 71 72 76 77
17 59 73
17 59 73 78
17 59 73 78 79
17 59 73 76 77
17 59 72 73 78
17 59 72 73 76 77
17 59 71 72
17 59 71 72 78 79
17 59 70 71 73 78
17 59 70 71 73 76 77
17 59 70 71 72 78
17 59 70 71 72 76 77
17 59 63 73
17 59 63 73 78
17 59 63 73 76 77
17 59 63 71 72
17 59 63 71 72 78
17 59 63 71 72 76 77
17 59 61 73
17 59 61 73 78 79
17 59 61 71 75 78
17 59 61 71 75 76 77
17 59 61 71 73 74 78
17 59 61 71 73 74 76 77
17 59 61 71 72
17 59 61 71 72 78 79
17 59 61 69 70 75 78
17 59 61 69 70 75 76 77
17 59 61 69 70 73 74 78
17 59 61 69 70 73 74 76 77
17 59 61 62 73
17 59 61 62 71 72
17 59 60 78
17 59 60 76 77
17 59 60 73 78
17 59 60 73 76 77
17 59 60 71 75 78
17 59 60 71 75 76 77
17 59 60 71 73 74 78
17 59 60 71 73 74 76 77
17 59 60 71 72 78
17 59 60 71 72 76 77
17 59 60 69 70 75 78
17 59 60 69 70 75 76 77
17 59 60 69 70 73 74 78
17 59 60 69 70 73 74 76 77
17 59 60 62 73 78
17 59 60 62 73 76 77
17 59 60 62 71 72 78
17 59 60 62 71 72 76 77
17 58 59 78
17 58 59 76 77
17 57 58 59 73 78
17 57 58 59 73 76 77
17 57 58 59 71 72 78
17 57 58 59 71 72 76 77
17 53 59 73
17 53 59 71 72
17 53 59 61 73
17 53 59 61 71 72
17 51 61 73
17 51 61 71 72
17 51 59 73
17 51 59 72 73
17 51 59 70 71 73
17 51 59 70 71 72
17 51 59 63 73
17 51 59 63 71 72
17 51 59 61 71 75
17 51 59 61 71 73 74
17 51 59 61 69 70 75
17 51 59 61 69 70 73 74
17 51 59 60
17 51 59 60 73
17 51 59 60 71 75
17 51 59 60 71 73 74
17 51 59 60 71 72
17 51 59 60 69 70 75
17 51 59 60 69 70 73 74
17 51 59 60 62 73
17 51 59 60 62 71 72
17 51 58 59
17 51 57 58 59 73
17 51 57 58 59 71 72
17 48 59 61 73
17 48 59 61 71 78
17 48 59 61 71 76 77
17 48 59 61 71 72
17 48 59 61 69 70 78
17 48 59 61 69 70 76 77
17 48 59 60 71 78
17 48 59 60 71 76 77
17 48 59 60 69 70 78
17 48 59 60 69 70 76 77
17 48 51 59 61 71
17 48 51 59 61 69 70
17 48 51 59 60 71
17 48 51 59 60 69 70
17 46 61
17 46 61 78
17 46 61 76 77
17 46 59
17 46 59 78
17 46 59 78 79
17 46 59 76 77
17 46 59 72 78
17 46 59 72 76 77
17 46 59 70 71 78
17 46 59 70 71 76 77
17 46 59 63
17 46 59 63 78
17 46 59 63 76 77
17 46 59 61
17 46 59 61 78 79
17 46 59 61 62
17 46 59 60 78
17 46 59 60 76 77
17 46 59 60 62 78
17 46 59 60 62 76 77
17 46 57 58 59 78
17 46 57 58 59 76 77
17 46 53 59
17 46 53 59 61
17 46 51 61
17 46 51 59
17 46 51 59 72
17 46 51 59 70 71
17 46 51 59 63
17 46 51 59 60
17 46 51 59 60 62
17 46 51 57 58 59
17 46 48 59 61
17 46 47 59 61
17 46 47 59 61 73
17 46 47 59 61 71 72
17 45 59 73 78
17 45 59 73 76 77
17 45 59 71 72 78
17 45 59 71 72 76 77
17 45 51 59 73
17 45 51 59 71 72
17 45 46 59 78
17 45 46 59 76 77
17 45 46 51 59
17 44 59 61 75 78
17 44 59 61 75 76 77
17 44 59 61 73 74 78
17 44 59 61 73 74 76 77
17 44 59 60 75 78
17 44 59 60 75 76 77
17 44 59 60 73 74 78
17 44 59 60 73 74 76 77
17 44 51 59 61 75
17 44 51 59 61 73 74
17 44 51 59 60 75
17 44 51 59 60 73 74
17 44 48 59 61 78
17 44 48 59 61 76 77
17 44 48 59 60 78
17 44 48 59 60 76 77
17 44 48 51 59 61
17 44 48 51 59 60
17 42 59 73
17 42 59 71 72
17 42 59 61 73
17 42 59 61 73 77
17 42 59 61 73 75 76
17 42 59 61 71 72
17 42 59 61 71 72 77
17 42 59 61 71 72 75 76
17 42 59 60 73 77
17 42 59 60 73 75 76
17 42 59 60 71 72 77
17 42 59 60 71 72 75 76
17 42 50 59 61 73
17 42 50 59 61 71 72
17 42 50 59 60 73
17 42 50 59 60 71 72
17 42 46 59
17 42 46 59 61
17 42 46 59 61 77
17 42 46 59 61 75 76
17 42 46 59 60 77
17 42 46 59 60 75 76
17 42 46 50 59 61
17 42 46 50 59 60
17 40 41 59 73
17 40 41 59 71 72
17 40 41 59 61 73
17 40 41 59 61 73 77
17 40 41 59 61 73 75 76
17 40 41 59 61 71 72
17 40 41 59 61 71 72 77
17 40 41 59 61 71 72 75 76
17 40 41 59 60 73 77
17 40 41 59 60 73 75 76
17 40 41 59 60 71 72 77
17 40 41 59 60 71 72 75 76
17 40 41 50 59 61 73
17 40 41 50 59 61 71 72
17 40 41 50 59 60 73
17 40 41 50 59 60 71 72
17 40 41 46 59
17 40 41 46 59 61
17 40 41 46 59 61 77
17 40 41 46 59 61 75 76
17 40 41 46 59 60 77
17 40 41 46 59 60 75 76
17 40 41 46 50 59 61
17 40 41 46 50 59 60
17 36 59 73
17 36 59 73 78
17 36 59 73 76 77
17 36 59 71 72
17 36 59 71 72 78
17 36 59 71 72 76 77
17 36 51 59 73
17 36 51 59 71 72
17 36 46 59
17 36 46 59 78
17 36 46 59 76 77
17 36 46 51 59
17 35 59 61 73 78
17 35 59 61 73 76 77
17 35 59 61 71 72 78
17 35 59 61 71 72 76 77
17 35 59 60 73 78
17 35 59 60 73 76 77
17 35 59 60 71 72 78
17 35 59 60 71 72 76 77
17 35 51 59 61 73
17 35 51 59 61 71 72
17 35 51 59 60 73
17 35 51 59 60 71 72
17 35 46 59 61 78
17 35 46 59 61 76 77
17 35 46 59 60 78
17 35 46 59 60 76 77
17 35 46 51 59 61
17 35 46 51 59 60
17 34 67
17 34 67 78 79
17 34 65 66
17 34 65 66 78 79
17 34 59 71 75 78
17 34 59 71 75 76 77
17 34 59 71 73 74 78
17 34 59 71 73 74 76 77
17 34 59 69 70 75 78
17 34 59 69 70 75 76 77
17 34 59 69 70 73 74 78
17 34 59 69 70 73 74 76 77
17 34 59 62 73 78
17 34 59 62 73 76 77
17 34 59 62 71 72 78
17 34 59 62 71 72 76 77
17 34 59 60 61 73 78
17 34 59 60 61 73 76 77
17 34 59 60 61 71 72 78
17 34 59 60 61 71 72 76 77
17 34 53 67
17 34 53 65 66
17 34 51 59 71 75
17 34 51 59 71 73 74
17 34 51 59 69 70 75
17 34 51 59 69 70 73 74
17 34 51 59 62 73
17 34 51 59 62 71 72
17 34 51 59 60 61 73
17 34 51 59 60 61 71 72
17 34 48 59 71 78
17 34 48 59 71 76 77
17 34 48 59 69 70 78
17 34 48 59 69 70 76 77
17 34 48 51 59 71
17 34 48 51 59 69 70
17 34 46 59 62 78
17 34 46 59 62 76 77
17 34 46 59 60 61 78
17 34 46 59 60 61 76 77
17 34 46 51 59 62
17 34 46 51 59 60 61
17 34 44 59 75 78
17 34 44 59 75 76 77
17 34 44 59 73 74 78
17 34 44 59 73 74 76 77
17 34 44 51 59 75
17 34 44 51 59 73 74
17 34 44 48 59 78
17 34 44 48 59 76 77
17 34 44 48 51 59
17 34 42 59 73 77
17 34 42 59 73 75 76
17 34 42 59 71 72 77
17 34 42 59 71 72 75 76
17 34 42 50 59 73
17 34 42 50 59 71 72
17 34 42 46 59 77
17 34 42 46 59 75 76
17 34 42 46 50 59
17 34 40
17 34 40 78 79
17 34 40 53
17 34 40 41 59 73 77
17 34 40 41 59 73 75 76
17 34 40 41 59 71 72 77
17 34 40 41 59 71 72 75 76
17 34 40 41 50 59 73
17 34 40 41 50 59 71 72
17 34 40 41 46 59 77
17 34 40 41 46 59 75 76
17 34 40 41 46 50 59
17 34 35 59 73 78
17 34 35 59 73 76 77
17 34 35 59 71 72 78
17 34 35 59 71 72 76 77
17 34 35 51 59 73
17 34 35 51 59 71 72
17 34 35 46 59 78
17 34 35 46 59 76 77
17 34 35 46 51 59
17 33 59 78
17 33 59 76 77
17 33 51 59
17 32 59 73 78
17 32 59 73 76 77
17 32 59 71 72 78
17 32 59 71 72 76 77
17 32 51 59 73
17 32 51 59 71 72
17 32 46 59 78
17 32 46 59 76 77
17 32 46 51 59
17 29 59 73
17 29 59 71 72
17 29 46 59
17 27 28 59 73
17 27 28 59 71 72
17 27 28 46 59
17 26 59 73 78
17 26 59 73 76 77
17 26 59 71 72 78
17 26 59 71 72 76 77
17 26 51 59 73
17 26 51 59 71 72
17 26 46 59 78
17 26 46 59 76 77
17 26 46 51 59
17 21 59 61 73
17 21 59 61 71 72
17 21 46 59 61
17 18 59 73 78
17 18 59 73 76 77
17 18 59 71 72 78
17 18 59 71 72 76 77
17 18 51 59 73
17 18 51 59 71 72
17 18 46 59 78
17 18 46 59 76 77
17 18 46 51 59
16 42 59 61 73
16 42 59 61 71 72
16 42 48 59 61 73
16 42 48 59 61 71 72
16 42 46 59 61
16 42 46 48 59 61
16 42 46 47 59 61
16 42 46 47 59 61 73
16 42 46 47 59 61 71 72
16 40 41 59 61 73
16 40 41 59 61 71 72
16 40 41 48 59 61 73
16 40 41 48 59 61 71 72
16 40 41 46 59 61
16 40 41 46 48 59 61
16 40 41 46 47 59 61
16 40 41 46 47 59 61 73
16 40 41 46 47 59 61 71 72
16 21 42 59 61 73
16 21 42 59 61 71 72
16 21 42 46 59 61
16 21 40 41 59 61 73
16 21 40 41 59 61 71 72
16 21 40 41 46 59 61
16 17 59 73 78
16 17 59 73 76 77
16 17 59 71 72 78
16 17 59 71 72 76 77
16 17 59 61 73
16 17 59 61 71 72
16 17 51 59 73
16 17 51 59 71 72
16 17 46 59 78
16 17 46 59 76 77
16 17 46 59 61
16 17 46 51 59
16 17 44 59 73 78
16 17 44 59 73 76 77
16 17 44 59 71 72 78
16 17 44 59 71 72 76 77
16 17 44 51 59 73
16 17 44 51 59 71 72
16 17 44 46 59 78
16 17 44 46 59 76 77
16 17 44 46 51 59
16 17 42 43 59 73 78
16 17 42 43 59 73 76 77
16 17 42 43 59 71 72 78
16 17 42 43 59 71 72 76 77
16 17 42 43 51 59 73
16 17 42 43 51 59 71 72
16 17 42 43 46 59 78
16 17 42 43 46 59 76 77
16 17 42 43 46 51 59
15 61 71 73 78
15 61 71 73 76 77
15 61 71 72 78
15 61 71 72 76 77
15 61 69 70 73 78
15 61 69 70 73 76 77
15 61 69 70 71 72 78
15 61 69 70 71 72 76 77
15 61 63 73
15 61 63 71 72
15 61 62 73
15 61 62 71 72
15 59 73
15 59 71 73 78
15 59 71 73 76 77
15 59 71 73 75 78
15 59 71 73 75 76 77
15 59 71 73 74 78
15 59 71 73 74 76 77
15 59 71 72
15 59 71 72 78
15 59 71 72 76 77
15 59 71 72 75 78
15 59 71 72 75 76 77
15 59 71 72 73 74 78
15 59 71 72 73 74 76 77
15 59 69 70 73 78
15 59 69 70 73 76 77
15 59 69 70 73 75 78
15 59 69 70 73 75 76 77
15 59 69 70 73 74 78
15 59 69 70 73 74 76 77
15 59 69 70 71 72 78
15 59 69 70 71 72 76 77
15 59 69 70 71 72 75 78
15 59 69 70 71 72 75 76 77
15 59 69 70 71 72 73 74 78
15 59 69 70 71 72 73 74 76 77
15 59 65 73 77
15 59 65 73 75 76
15 59 65 71 72 77
15 59 65 71 72 75 76
15 59 63 73
15 59 63 73 78
15 59 63 73 76 77
15 59 63 73 75 78
15 59 63 73 75 76 77
15 59 63 73 74 78
15 59 63 73 74 76 77
15 59 63 71 72
15 59 63 71 72 78
15 59 63 71 72 76 77
15 59 63 71 72 75 78
15 59 63 71 72 75 76 77
15 59 63 71 72 73 74 78
15 59 63 71 72 73 74 76 77
15 59 63 64 73 77
15 59 63 64 73 75 76
15 59 63 64 71 72 77
15 59 63 64 71 72 75 76
15 59 62 73 78
15 59 62 73 76 77
15 59 62 71 72 78
15 59 62 71 72 76 77
15 59 61
15 59 61 77
15 59 61 77 78
15 59 61 76 77
15 59 61 75 78
15 59 61 75 76
15 59 61 75 76 78
15 59 61 73
15 59 61 73 78
15 59 61 73 76 78
15 59 61 73 74 78
15 59 61 73 74 76 77
15 59 61 73 74 75 78
15 59 61 73 74 75 76 77
15 59 61 71 73
15 59 61 71 72 78
15 59 61 71 72 76 78
15 59 61 71 72 74 75 78
15 59 61 71 72 74 75 76 77
15 59 61 69 70 73
15 59 61 69 70 71 72
15 59 61 65 73 75
15 59 61 65 73 74
15 59 61 65 71 72 75
15 59 61 65 71 72 73 74
15 59 61 64 73
15 59 61 64 71 72
15 59 61 63 73 78
15 59 61 63 73 76 77
15 59 61 63 71 72 78
15 59 61 63 71 72 76 77
15 59 61 63 64 73 75
15 59 61 63 64 73 74
15 59 61 63 64 71 72 75
15 59 61 63 64 71 72 73 74
15 59 61 62 73
15 59 61 62 73 78
15 59 61 62 73 76 77
15 59 61 62 71 72
15 59 61 62 71 72 78
15 59 61 62 71 72 76 77
15 59 61 62 63 73
15 59 61 62 63 71 72
15 59 60 73 78
15 59 60 73 76 77
15 59 60 71 73
15 59 60 71 72
15 59 60 71 72 78
15 59 60 71 72 76 77
15 59 60 69 70 73
15 59 60 69 70 71 72
15 59 60 65 73 75
15 59 60 65 73 74
15 59 60 65 71 72 75
15 59 60 65 71 72 73 74
15 59 60 63 64 73 75
15 59 60 63 64 73 74
15 59 60 63 64 71 72 75
15 59 60 63 64 71 72 73 74
15 59 60 61 75 78
15 59 60 61 75 76 77
15 59 60 61 73
15 59 60 61 73 74 78
15 59 60 61 73 74 76 77
15 59 60 61 71 72
15 59 60 61 64 73
15 59 60 61 64 71 72
15 59 60 61 63 73
15 59 60 61 63 71 72
15 59 60 61 62 73
15 59 60 61 62 71 72
15 59 60 61 62 63 73
15 59 60 61 62 63 71 72
15 58 59 61 73
15 58 59 61 71 72
15 51 61 71 73
15 51 61 71 72
15 51 61 69 70 73
15 51 61 69 70 71 72
15 51 59 71 73
15 51 59 71 73 75
15 51 59 71 73 74
15 51 59 71 72
15 51 59 71 72 75
15 51 59 71 72 73 74
15 51 59 69 70 73
15 51 59 69 70 73 75
15 51 59 69 70 73 74
15 51 59 69 70 71 72
15 51 59 69 70 71 72 75
15 51 59 69 70 71 72 73 74
15 51 59 63 73
15 51 59 63 73 75
15 51 59 63 73 74
15 51 59 63 71 72
15 51 59 63 71 72 75
15 51 59 63 71 72 73 74
15 51 59 62 73
15 51 59 62 71 72
15 51 59 61 77
15 51 59 61 75
15 51 59 61 75 76
15 51 59 61 73
15 51 59 61 73 76
15 51 59 61 73 74
15 51 59 61 73 74 75
15 51 59 61 71 72
15 51 59 61 71 72 76
15 51 59 61 71 72 74 75
15 51 59 61 63 73
15 51 59 61 63 71 72
15 51 59 61 62 73
15 51 59 61 62 71 72
15 51 59 60 73
15 51 59 60 71 72
15 51 59 60 61 75
15 51 59 60 61 73 74
15 50 59 65 73
15 50 59 65 71 72
15 50 59 63 64 73
15 50 59 63 64 71 72
15 50 59 61
15 50 59 61 78
15 50 59 61 76 77
15 50 51 59 61
15 49 59 61 73
15 49 59 61 73 78
15 49 59 61 73 76 77
15 49 59 61 71 72
15 49 59 61 71 72 78
15 49 59 61 71 72 76 77
15 49 59 60 61 73
15 49 59 60 61 71 72
15 49 51 59 61 73
15 49 51 59 61 71 72
15 48 59 73
15 48 59 73 78
15 48 59 73 76 77
15 48 59 71 73 78
15 48 59 71 73 76 77
15 48 59 71 72
15 48 59 69 70 73 78
15 48 59 69 70 73 76 77
15 48 59 69 70 71 72 78
15 48 59 69 70 71 72 76 77
15 48 59 63 73 78
15 48 59 63 73 76 77
15 48 59 63 71 72 78
15 48 59 63 71 72 76 77
15 48 59 61 75 78
15 48 59 61 75 76 77
15 48 59 61 73 78
15 48 59 61 73 76 77
15 48 59 61 73 74 78
15 48 59 61 73 74 76 77
15 48 59 61 71 72 78
15 48 59 61 71 72 76 77
15 48 59 61 65 73
15 48 59 61 65 71 72
15 48 59 61 63 64 73
15 48 59 61 63 64 71 72
15 48 59 60 73 78
15 48 59 60 73 76 77
15 48 59 60 71 72 78
15 48 59 60 71 72 76 77
15 48 59 60 65 73
15 48 59 60 65 71 72
15 48 59 60 63 64 73
15 48 59 60 63 64 71 72
15 48 59 60 61 78
15 48 59 60 61 76 77
15 48 51 59 73
15 48 51 59 71 73
15 48 51 59 69 70 73
15 48 51 59 69 70 71 72
15 48 51 59 63 73
15 48 51 59 63 71 72
15 48 51 59 61 75
15 48 51 59 61 73
15 48 51 59 61 73 74
15 48 51 59 61 71 72
15 48 51 59 60 73
15 48 51 59 60 71 72
15 48 51 59 60 61
15 47 48 59 61 73
15 47 48 59 61 71 72
15 47 48 59 60 61 73
15 47 48 59 60 61 71 72
15 46 61 71 78
15 46 61 71 76 77
15 46 61 69 70 78
15 46 61 69 70 76 77
15 46 61 63
15 46 61 62
15 46 59
15 46 59 71 78
15 46 59 71 76 77
15 46 59 71 75 78
15 46 59 71 75 76 77
15 46 59 71 73 74 78
15 46 59 71 73 74 76 77
15 46 59 69 70 78
15 46 59 69 70 76 77
15 46 59 69 70 75 78
15 46 59 69 70 75 76 77
15 46 59 69 70 73 74 78
15 46 59 69 70 73 74 76 77
15 46 59 65 77
15 46 59 65 75 76
15 46 59 63
15 46 59 63 78
15 46 59 63 76 77
15 46 59 63 75 78
15 46 59 63 75 76 77
15 46 59 63 73 74 78
15 46 59 63 73 74 76 77
15 46 59 63 64 77
15 46 59 63 64 75 76
15 46 59 62 78
15 46 59 62 76 77
15 46 59 61
15 46 59 61 76 78
15 46 59 61 76 77
15 46 59 61 74 75 78
15 46 59 61 74 75 76 77
15 46 59 61 73 78
15 46 59 61 73 76 77
15 46 59 61 71
15 46 59 61 71 72 78
15 46 59 61 71 72 76 77
15 46 59 61 69 70
15 46 59 61 65 75
15 46 59 61 65 73 74
15 46 59 61 64
15 46 59 61 63 78
15 46 59 61 63 76 77
15 46 59 61 63 64 75
15 46 59 61 63 64 73 74
15 46 59 61 62
15 46 59 61 62 78
15 46 59 61 62 76 77
15 46 59 61 62 63
15 46 59 60 78
15 46 59 60 76 77
15 46 59 60 71
15 46 59 60 69 70
15 46 59 60 65 75
15 46 59 60 65 73 74
15 46 59 60 63 64 75
15 46 59 60 63 64 73 74
15 46 59 60 61
15 46 59 60 61 64
15 46 59 60 61 63
15 46 59 60 61 62
15 46 59 60 61 62 63
15 46 58 59 61
15 46 51 61 71
15 46 51 61 69 70
15 46 51 59 71
15 46 51 59 71 75
15 46 51 59 71 73 74
15 46 51 59 69 70
15 46 51 59 69 70 75
15 46 51 59 69 70 73 74
15 46 51 59 63
15 46 51 59 63 75
15 46 51 59 63 73 74
15 46 51 59 62
15 46 51 59 61 76
15 46 51 59 61 74 75
15 46 51 59 61 73
15 46 51 59 61 71 72
15 46 51 59 61 63
15 46 51 59 61 62
15 46 51 59 60
15 46 50 59 65
15 46 50 59 63 64
15 46 49 59 61
15 46 49 59 61 78
15 46 49 59 61 76 77
15 46 49 59 60 61
15 46 49 51 59 61
15 46 48 59
15 46 48 59 78
15 46 48 59 76 77
15 46 48 59 71 78
15 46 48 59 71 76 77
15 46 48 59 69 70 78
15 46 48 59 69 70 76 77
15 46 48 59 63 78
15 46 48 59 63 76 77
15 46 48 59 61 78
15 46 48 59 61 76 77
15 46 48 59 61 65
15 46 48 59 61 63 64
15 46 48 59 60 78
15 46 48 59 60 76 77
15 46 48 59 60 65
15 46 48 59 60 63 64
15 46 48 51 59
15 46 48 51 59 71
15 46 48 51 59 69 70
15 46 48 51 59 63
15 46 48 51 59 61
15 46 48 51 59 60
15 46 47 59
15 46 47 59 78
15 46 47 59 76 77
15 46 47 59 73
15 46 47 59 73 78
15 46 47 59 73 76 77
15 46 47 59 71 72
15 46 47 59 71 72 78
15 46 47 59 71 72 76 77
15 46 47 59 61 78
15 46 47 59 61 76 77
15 46 47 59 61 75 78
15 46 47 59 61 75 76 77
15 46 47 59 61 73 78
15 46 47 59 61 73 76 77
15 46 47 59 61 73 74 78
15 46 47 59 61 73 74 76 77
15 46 47 59 61 71 72 78
15 46 47 59 61 71 72 76 77
15 46 47 59 60 78
15 46 47 59 60 76 77
15 46 47 59 60 73 78
15 46 47 59 60 73 76 77
15 46 47 59 60 71 72 78
15 46 47 59 60 71 72 76 77
15 46 47 51 59
15 46 47 51 59 73
15 46 47 51 59 71 72
15 46 47 51 59 61
15 46 47 51 59 61 75
15 46 47 51 59 61 73
15 46 47 51 59 61 73 74
15 46 47 51 59 61 71 72
15 46 47 51 59 60
15 46 47 51 59 60 73
15 46 47 51 59 60 71 72
15 46 47 48 59 61
15 46 47 48 59 61 78
15 46 47 48 59 61 76 77
15 46 47 48 59 60 61
15 46 47 48 51 59 61
15 45 59 73
15 45 59 71 72
15 45 46 59
15 44 61 73 78
15 44 61 73 76 77
15 44 61 71 72 78
15 44 61 71 72 76 77
15 44 59 73
15 44 59 73 78
15 44 59 73 76 77
15 44 59 73 75 78
15 44 59 73 75 76 77
15 44 59 73 74 78
15 44 59 73 74 76 77
15 44 59 71 72
15 44 59 71 72 78
15 44 59 71 72 76 77
15 44 59 71 72 75 78
15 44 59 71 72 75 76 77
15 44 59 71 72 73 74 78
15 44 59 71 72 73 74 76 77
15 44 59 61 73 77
15 44 59 61 73 75 76
15 44 59 61 71 72 77
15 44 59 61 71 72 75 76
15 44 59 60 73
15 44 59 60 73 77
15 44 59 60 73 75 76
15 44 59 60 71 72
15 44 59 60 71 72 77
15 44 59 60 71 72 75 76
15 44 51 61 73
15 44 51 61 71 72
15 44 51 59 73
15 44 51 59 73 75
15 44 51 59 73 74
15 44 51 59 71 72
15 44 51 59 71 72 75
15 44 51 59 71 72 73 74
15 44 50 59 61 73
15 44 50 59 61 71 72
15 44 50 59 60 73
15 44 50 59 60 71 72
15 44 48 59 73 78
15 44 48 59 73 76 77
15 44 48 59 71 72 78
15 44 48 59 71 72 76 77
15 44 48 51 59 73
15 44 48 51 59 71 72
15 44 46 61 78
15 44 46 61 76 77
15 44 46 59
15 44 46 59 78
15 44 46 59 76 77
15 44 46 59 75 78
15 44 46 59 75 76 77
15 44 46 59 73 74 78
15 44 46 59 73 74 76 77
15 44 46 59 61 77
15 44 46 59 61 75 76
15 44 46 59 60
15 44 46 59 60 77
15 44 46 59 60 75 76
15 44 46 51 61
15 44 46 51 59
15 44 46 51 59 75
15 44 46 51 59 73 74
15 44 46 50 59 61
15 44 46 50 59 60
15 44 46 48 59 78
15 44 46 48 59 76 77
15 44 46 48 51 59
15 44 45 59 61 73 78
15 44 45 59 61 73 76 77
15 44 45 59 61 71 72 78
15 44 45 59 61 71 72 76 77
15 44 45 51 59 61 73
15 44 45 51 59 61 71 72
15 44 45 46 59 61 78
15 44 45 46 59 61 76 77
15 44 45 46 51 59 61
15 43 44 59 73
15 43 44 59 71 72
15 43 44 46 59
15 42 43 59 73
15 42 43 59 71 72
15 42 43 59 61 73
15 42 43 59 61 73 77
15 42 43 59 61 73 75 76
15 42 43 59 61 71 72
15 42 43 59 61 71 72 77
15 42 43 59 61 71 72 75 76
15 42 43 59 60 73 77
15 42 43 59 60 73 75 76
15 42 43 59 60 71 72 77
15 42 43 59 60 71 72 75 76
15 42 43 50 59 61 73
15 42 43 50 59 61 71 72
15 42 43 50 59 60 73
15 42 43 50 59 60 71 72
15 42 43 46 59
15 42 43 46 59 61
15 42 43 46 59 61 77
15 42 43 46 59 61 75 76
15 42 43 46 59 60 77
15 42 43 46 59 60 75 76
15 42 43 46 50 59 61
15 42 43 46 50 59 60
15 38 59 73 77
15 38 59 73 75 76
15 38 59 71 72 77
15 38 59 71 72 75 76
15 38 59 61 73 75
15 38 59 61 73 74
15 38 59 61 71 72 75
15 38 59 61 71 72 73 74
15 38 59 60 73 75
15 38 59 60 73 74
15 38 59 60 71 72 75
15 38 59 60 71 72 73 74
15 38 50 59 73
15 38 50 59 71 72
15 38 48 59 61 73
15 38 48 59 61 71 72
15 38 48 59 60 73
15 38 48 59 60 71 72
15 38 46 59 77
15 38 46 59 75 76
15 38 46 59 61 75
15 38 46 59 61 73 74
15 38 46 59 60 75
15 38 46 59 60 73 74
15 38 46 50 59
15 38 46 48 59 61
15 38 46 48 59 60
15 37 59 61 73
15 37 59 61 71 72
15 37 59 60 61 73
15 37 59 60 61 71 72
15 37 46 59 61
15 37 46 59 60 61
15 36 61 73
15 36 61 71 72
15 36 59 73
15 36 59 71 72
15 36 59 60 61 73
15 36 59 60 61 71 72
15 36 46 61
15 36 46 59
15 36 46 59 60 61
15 34 59 73 78
15 34 59 73 76 77
15 34 59 71 73
15 34 59 71 72
15 34 59 71 72 78
15 34 59 71 72 76 77
15 34 59 69 70 73
15 34 59 69 70 71 72
15 34 59 65 73 75
15 34 59 65 73 74
15 34 59 65 71 72 75
15 34 59 65 71 72 73 74
15 34 59 63 64 73 75
15 34 59 63 64 73 74
15 34 59 63 64 71 72 75
15 34 59 63 64 71 72 73 74
15 34 59 61 75 78
15 34 59 61 75 76 77
15 34 59 61 73 74 78
15 34 59 61 73 74 76 77
15 34 59 61 64 73
15 34 59 61 64 71 72
15 34 59 61 63 73
15 34 59 61 63 71 72
15 34 59 61 62 73
15 34 59 61 62 71 72
15 34 59 61 62 63 73
15 34 59 61 62 63 71 72
15 34 51 59 73
15 34 51 59 71 72
15 34 51 59 61 75
15 34 51 59 61 73 74
15 34 49 59 61 73
15 34 49 59 61 71 72
15 34 48 59 73 78
15 34 48 59 73 76 77
15 34 48 59 71 72 78
15 34 48 59 71 72 76 77
15 34 48 59 65 73
15 34 48 59 65 71 72
15 34 48 59 63 64 73
15 34 48 59 63 64 71 72
15 34 48 59 61 78
15 34 48 59 61 76 77
15 34 48 51 59 73
15 34 48 51 59 71 72
15 34 48 51 59 61
15 34 47 48 59 61 73
15 34 47 48 59 61 71 72
15 34 46 59 78
15 34 46 59 76 77
15 34 46 59 71
15 34 46 59 69 70
15 34 46 59 65 75
15 34 46 59 65 73 74
15 34 46 59 63 64 75
15 34 46 59 63 64 73 74
15 34 46 59 61 64
15 34 46 59 61 63
15 34 46 59 61 62
15 34 46 59 61 62 63
15 34 46 51 59
15 34 46 49 59 61
15 34 46 48 59 78
15 34 46 48 59 76 77
15 34 46 48 59 65
15 34 46 48 59 63 64
15 34 46 48 51 59
15 34 46 47 59 78
15 34 46 47 59 76 77
15 34 46 47 59 73 78
15 34 46 47 59 73 76 77
15 34 46 47 59 71 72 78
15 34 46 47 59 71 72 76 77
15 34 46 47 51 59
15 34 46 47 51 59 73
15 34 46 47 51 59 71 72
15 34 46 47 48 59 61
15 34 44 59 73
15 34 44 59 73 77
15 34 44 59 73 75 76
15 34 44 59 71 72
15 34 44 59 71 72 77
15 34 44 59 71 72 75 76
15 34 44 50 59 73
15 34 44 50 59 71 72
15 34 44 46 59
15 34 44 46 59 77
15 34 44 46 59 75 76
15 34 44 46 50 59
15 34 42 43 59 73 77
15 34 42 43 59 73 75 76
15 34 42 43 59 71 72 77
15 34 42 43 59 71 72 75 76
15 34 42 43 50 59 73
15 34 42 43 50 59 71 72
15 34 42 43 46 59 77
15 34 42 43 46 59 75 76
15 34 42 43 46 50 59
15 34 38 59 73 75
15 34 38 59 73 74
15 34 38 59 71 72 75
15 34 38 59 71 72 73 74
15 34 38 48 59 73
15 34 38 48 59 71 72
15 34 38 46 59 75
15 34 38 46 59 73 74
15 34 38 46 48 59
15 34 37 59 61 73
15 34 37 59 61 71 72
15 34 37 46 59 61
15 34 36 59 61 73
15 34 36 59 61 71 72
15 34 36 46 59 61
15 33 59 61 73
15 33 59 61 71 72
15 33 46 59 61
15 32 61 63 73
15 32 61 63 71 72
15 32 61 62 73
15 32 61 62 71 72
15 32 46 61 63
15 32 46 61 62
15 32 36 61 73
15 32 36 61 71 72
15 32 36 46 61
15 30 59 73
15 30 59 71 73 78
15 30 59 71 73 76 77
15 30 59 71 72
15 30 59 71 72 78
15 30 59 71 72 76 77
15 30 59 69 70 73 78
15 30 59 69 70 73 76 77
15 30 59 69 70 71 72 78
15 30 59 69 70 71 72 76 77
15 30 51 59 71 73
15 30 51 59 71 72
15 30 51 59 69 70 73
15 30 51 59 69 70 71 72
15 30 46 59
15 30 46 59 71 78
15 30 46 59 71 76 77
15 30 46 59 69 70 78
15 30 46 59 69 70 76 77
15 30 46 51 59 71
15 30 46 51 59 69 70
15 30 44 59 73 78
15 30 44 59 73 76 77
15 30 44 59 71 72 78
15 30 44 59 71 72 76 77
15 30 44 51 59 73
15 30 44 51 59 71 72
15 30 44 46 59 78
15 30 44 46 59 76 77
15 30 44 46 51 59
15 30 31 61 63 73
15 30 31 61 63 71 72
15 30 31 61 62 73
15 30 31 61 62 71 72
15 30 31 46 61 63
15 30 31 46 61 62
15 30 31 36 61 73
15 30 31 36 61 71 72
15 30 31 36 46 61
15 28 29 59 73
15 28 29 59 71 73 78
15 28 29 59 71 73 76 77
15 28 29 59 71 72
15 28 29 59 71 72 78
15 28 29 59 71 72 76 77
15 28 29 59 69 70 73 78
15 28 29 59 69 70 73 76 77
15 28 29 59 69 70 71 72 78
15 28 29 59 69 70 71 72 76 77
15 28 29 51 59 71 73
15 28 29 51 59 71 72
15 28 29 51 59 69 70 73
15 28 29 51 59 69 70 71 72
15 28 29 46 59
15 28 29 46 59 71 78
15 28 29 46 59 71 76 77
15 28 29 46 59 69 70 78
15 28 29 46 59 69 70 76 77
15 28 29 46 51 59 71
15 28 29 46 51 59 69 70
15 28 29 44 59 73 78
15 28 29 44 59 73 76 77
15 28 29 44 59 71 72 78
15 28 29 44 59 71 72 76 77
15 28 29 44 51 59 73
15 28 29 44 51 59 71 72
15 28 29 44 46 59 78
15 28 29 44 46 59 76 77
15 28 29 44 46 51 59
15 22 59 61 73
15 22 59 61 71 72
15 22 59 60 61 73
15 22 59 60 61 71 72
15 22 46 59 61
15 22 46 59 60 61
15 22 34 59 61 73
15 22 34 59 61 71 72
15 22 34 46 59 61
15 21 59 73
15 21 59 73 78
15 21 59 73 76 77
15 21 59 71 72
15 21 59 71 72 78
15 21 59 71 72 76 77
15 21 59 61 75 78
15 21 59 61 75 76 77
15 21 59 61 73 78
15 21 59 61 73 76 77
15 21 59 61 73 74 78
15 21 59 61 73 74 76 77
15 21 59 61 71 72 78
15 21 59 61 71 72 76 77
15 21 59 60 73 78
15 21 59 60 73 76 77
15 21 59 60 71 72 78
15 21 59 60 71 72 76 77
15 21 51 59 73
15 21 51 59 71 72
15 21 51 59 61 75
15 21 51 59 61 73
15 21 51 59 61 73 74
15 21 51 59 61 71 72
15 21 51 59 60 73
15 21 51 59 60 71 72
15 21 48 59 61 78
15 21 48 59 61 76 77
15 21 48 51 59 61
15 21 46 59
15 21 46 59 78
15 21 46 59 76 77
15 21 46 59 61 78
15 21 46 59 61 76 77
15 21 46 59 60 78
15 21 46 59 60 76 77
15 21 46 51 59
15 21 46 51 59 61
15 21 46 51 59 60
15 21 34 59 73 78
15 21 34 59 73 76 77
15 21 34 59 71 72 78
15 21 34 59 71 72 76 77
15 21 34 51 59 73
15 21 34 51 59 71 72
15 21 34 46 59 78
15 21 34 46 59 76 77
15 21 34 46 51 59
15 20 59 73 78
15 20 59 73 76 77
15 20 59 71 72 78
15 20 59 71 72 76 77
15 20 59 61 73 78
15 20 59 61 73 76 77
15 20 59 61 71 72 78
15 20 59 61 71 72 76 77
15 20 51 59 73
15 20 51 59 71 72
15 20 51 59 61 73
15 20 51 59 61 71 72
15 20 46 59 78
15 20 46 59 76 77
15 20 46 59 61 78
15 20 46 59 61 76 77
15 20 46 51 59
15 20 46 51 59 61
15 19 59 61 73 78
15 19 59 61 73 76 77
15 19 59 61 71 72 78
15 19 59 61 71 72 76 77
15 19 51 59 61 73
15 19 51 59 61 71 72
15 19 46 59 61 78
15 19 46 59 61 76 77
15 19 46 51 59 61
15 18 19 59 73 78
15 18 19 59 73 76 77
15 18 19 59 71 72 78
15 18 19 59 71 72 76 77
15 18 19 59 61 73 78
15 18 19 59 61 73 76 77
15 18 19 59 61 71 72 78
15 18 19 59 61 71 72 76 77
15 18 19 51 59 73
15 18 19 51 59 71 72
15 18 19 51 59 61 73
15 18 19 51 59 61 71 72
15 18 19 46 59 78
15 18 19 46 59 76 77
15 18 19 46 59 61 78
15 18 19 46 59 61 76 77
15 18 19 46 51 59
15 18 19 46 51 59 61
15 17 59 73
15 17 59 71 72
15 17 59 61 73
15 17 59 61 73 77
15 17 59 61 73 75 76
15 17 59 61 71 72
15 17 59 61 71 72 77
15 17 59 61 71 72 75 76
15 17 59 60 73 77
15 17 59 60 73 75 76
15 17 59 60 71 72 77
15 17 59 60 71 72 75 76
15 17 50 59 61 73
15 17 50 59 61 71 72
15 17 50 59 60 73
15 17 50 59 60 71 72
15 17 46 59
15 17 46 59 61
15 17 46 59 61 77
15 17 46 59 61 75 76
15 17 46 59 60 77
15 17 46 59 60 75 76
15 17 46 50 59 61
15 17 46 50 59 60
15 17 34 59 73 77
15 17 34 59 73 75 76
15 17 34 59 71 72 77
15 17 34 59 71 72 75 76
15 17 34 50 59 73
15 17 34 50 59 71 72
15 17 34 46 59 77
15 17 34 46 59 75 76
15 17 34 46 50 59
15 16 59 61 73
15 16 59 61 71 72
15 16 48 59 61 73
15 16 48 59 61 71 72
15 16 46 59 61
15 16 46 48 59 61
15 16 46 47 59 61
15 16 46 47 59 61 73
15 16 46 47 59 61 71 72
15 16 21 59 61 73
15 16 21 59 61 71 72
15 16 21 46 59 61
13 59 61 73
13 59 61 71 72
13 59 60 61 73
13 59 60 61 71 72
13 46 59 61
13 46 59 60 61
13 34 59 61 73
13 34 59 61 71 72
13 34 46 59 61
10
10 78 79
10 68 69
10 65 66 68
10 53
10 42 68
10 40 68
10 36 78 79
10 36 69 78 79
10 36 67 68 78 79
10 36 53
10 36 53 69
10 36 53 67 68
10 36 42 78 79
10 36 42 53
10 20
8 34
8 34 67
8 34 67 78 79
8 34 65 66
8 34 65 66 78 79
8 34 53 67
8 34 53 65 66
8 34 40
8 34 40 78 79
8 34 40 53
8 9 67
8 9 65 66
8 9 40
7 59
5 42 61 63 73
5 42 61 63 71 72
5 42 61 62 73
5 42 61 62 71 72
5 42 46 61 63
5 42 46 61 62
5 40 41 61 63 73
5 40 41 61 63 71 72
5 40 41 61 62 73
5 40 41 61 62 71 72
5 40 41 46 61 63
5 40 41 46 61 62
5 36 42 61 73
5 36 42 61 71 72
5 36 42 46 61
5 36 40 41 61 73
5 36 40 41 61 71 72
5 36 40 41 46 61
5 15 61 63 73
5 15 61 63 71 72
5 15 61 62 73
5 15 61 62 71 72
5 15 46 61 63
5 15 46 61 62
5 15 36 61 73
5 15 36 61 71 72
5 15 36 46 61
3 42 59 73
3 42 59 71 73 78
3 42 59 71 73 76 77
3 42 59 71 72
3 42 59 71 72 78
3 42 59 71 72 76 77
3 42 59 69 70 73 78
3 42 59 69 70 73 76 77
3 42 59 69 70 71 72 78
3 42 59 69 70 71 72 76 77
3 42 51 59 71 73
3 42 51 59 71 72
3 42 51 59 69 70 73
3 42 51 59 69 70 71 72
3 42 46 59
3 42 46 59 71 78
3 42 46 59 71 76 77
3 42 46 59 69 70 78
3 42 46 59 69 70 76 77
3 42 46 51 59 71
3 42 46 51 59 69 70
3 42 44 59 73 78
3 42 44 59 73 76 77
3 42 44 59 71 72 78
3 42 44 59 71 72 76 77
3 42 44 51 59 73
3 42 44 51 59 71 72
3 42 44 46 59 78
3 42 44 46 59 76 77
3 42 44 46 51 59
3 40 41 59 73
3 40 41 59 71 73 78
3 40 41 59 71 73 76 77
3 40 41 59 71 72
3 40 41 59 71 72 78
3 40 41 59 71 72 76 77
3 40 41 59 69 70 73 78
3 40 41 59 69 70 73 76 77
3 40 41 59 69 70 71 72 78
3 40 41 59 69 70 71 72 76 77
3 40 41 51 59 71 73
3 40 41 51 59 71 72
3 40 41 51 59 69 70 73
3 40 41 51 59 69 70 71 72
3 40 41 46 59
3 40 41 46 59 71 78
3 40 41 46 59 71 76 77
3 40 41 46 59 69 70 78
3 40 41 46 59 69 70 76 77
3 40 41 46 51 59 71
3 40 41 46 51 59 69 70
3 40 41 44 59 73 78
3 40 41 44 59 73 76 77
3 40 41 44 59 71 72 78
3 40 41 44 59 71 72 76 77
3 40 41 44 51 59 73
3 40 41 44 51 59 71 72
3 40 41 44 46 59 78
3 40 41 44 46 59 76 77
3 40 41 44 46 51 59
3 15 59 73
3 15 59 71 73 78
3 15 59 71 73 76 77
3 15 59 71 72
3 15 59 71 72 78
3 15 59 71 72 76 77
3 15 59 69 70 73 78
3 15 59 69 70 73 76 77
3 15 59 69 70 71 72 78
3 15 59 69 70 71 72 76 77
3 15 51 59 71 73
3 15 51 59 71 72
3 15 51 59 69 70 73
3 15 51 59 69 70 71 72
3 15 46 59
3 15 46 59 71 78
3 15 46 59 71 76 77
3 15 46 59 69 70 78
3 15 46 59 69 70 76 77
3 15 46 51 59 71
3 15 46 51 59 69 70
3 15 44 59 73 78
3 15 44 59 73 76 77
3 15 44 59 71 72 78
3 15 44 59 71 72 76 77
3 15 44 51 59 73
3 15 44 51 59 71 72
3 15 44 46 59 78
3 15 44 46 59 76 77
3 15 44 46 51 59
2 44 59 73
2 44 59 71 72
2 44 46 59
2 42 43 59 73
2 42 43 59 71 72
2 42 43 46 59
2 17 59 73
2 17 59 71 72
2 17 46 59
1
1 78 79
1 71
1 69
1 69 73
1 69 71
1 69 71 72
1 67 68
1 67 68 73
1 67 68 71
1 67 68 71 72
1 67 68 69 70
1 61 68 69
1 61 67 68
1 59
1 59 69
1 59 67 68
1 59 61
1 59 61 67
1 59 61 65 66
1 55
1 55 67
1 55 65 66
1 55 61 67
1 55 61 65 66
1 53
1 53 54
1 53 54 69
1 53 54 67
1 53 54 67 68
1 53 54 65 66
1 53 54 61 67
1 53 54 61 65 66
1 46
1 46 67
1 46 65 66
1 46 61 67
1 46 61 65 66
1 44
1 44 69
1 44 67 68
1 44 45
1 44 45 69
1 44 45 67
1 44 45 67 68
1 44 45 65 66
1 44 45 61 67
1 44 45 61 65 66
1 42
1 42 73
1 42 71
1 42 71 72
1 42 69 70
1 42 61 68
1 42 59
1 42 53 54
1 42 44
1 42 44 45
1 40 59 61
1 40 55
1 40 55 61
1 40 53 54
1 40 53 54 61
1 40 46
1 40 46 61
1 40 44 45
1 40 44 45 61
1 38 69
1 38 67 68
1 38 42
1 37
1 37 69
1 37 67
1 37 67 68
1 37 65 66
1 37 61 67
1 37 61 65 66
1 37 42
1 37 40
1 37 40 61
1 36 78 79
1 36 69
1 36 69 71
1 36 69 70
1 36 67 68
1 36 67 68 71
1 36 67 68 69 70
1 36 61 69
1 36 61 67 68
1 36 59 69
1 36 59 67 68
1 36 53
1 36 44 69
1 36 44 67 68
1 36 42
1 36 42 71
1 36 42 69 70
1 36 42 61
1 36 42 59
1 36 42 44
1 35
1 35 69
1 35 67
1 35 67 68
1 35 65 66
1 35 61 67
1 35 61 65 66
1 35 42
1 35 40
1 35 40 61
1 35 36
1 35 36 69
1 35 36 67
1 35 36 67 68
1 35 36 65 66
1 35 36 61 67
1 35 36 61 65 66
1 35 36 42
1 35 36 40
1 35 36 40 61
1 34
1 34 68 69 78 79
1 34 67 68 78 79
1 34 61 78 79
1 34 61 67
1 34 61 65 66
1 34 53 68 69
1 34 53 67 68
1 34 53 61
1 34 42 68 78 79
1 34 42 53 68
1 34 40 61
1 28
1 28 69
1 28 67
1 28 67 68
1 28 65 66
1 28 61 67
1 28 61 65 66
1 28 42
1 28 40
1 28 40 61
1 22
1 22 69
1 22 67 68
1 22 61 67
1 22 61 65 66
1 22 42
1 22 40 61
1 21
1 21 69
1 21 67 68
1 21 61 67
1 21 61 65 66
1 21 42
1 21 40 61
1 20 69
1 20 67 68
1 20 61 69
1 20 61 67 68
1 20 42
1 20 42 61
1 20 36 69
1 20 36 67
1 20 36 67 68
1 20 36 65 66
1 20 36 42
1 20 36 40
1 19
1 19 69
1 19 67
1 19 67 68
1 19 65 66
1 19 61 67
1 19 61 65 66
1 19 42
1 19 40
1 19 40 61
1 10 67
1 10 65 66
1 10 61 67
1 10 61 65 66
1 10 40
1 10 40 61
1 10 36 69
1 10 36 67 68
1 10 36 42
1 10 20 67
1 10 20 65 66
1 10 20 40
1 7
1 7 69
1 7 67 68
1 7 61 67
1 7 61 65 66
1 7 42
1 7 40 61
0 67 68
0 65 66 68
0 59 63 73
0 59 63 71 72
0 59 61 62 73
0 59 61 62 71 72
0 46 59 63
0 46 59 61 62
0 40 68
0 36 59 73
0 36 59 71 72
0 36 46 59

