2 42 59 61 63 65 73 78
2 42 59 61 63 65 73 76 77
2 42 59 61 63 65 71 72 78
2 42 59 61 63 65 71 72 76 77
2 42 59 61 63 64 73 78
2 42 59 61 63 64 73 76 77
2 42 59 61 63 64 71 72 78
2 42 59 61 63 64 71 72 76 77
2 42 51 59 61 63 65 73
2 42 51 59 61 63 65 71 72
2 42 51 59 61 63 64 73
2 42 51 59 61 63 64 71 72
2 42 46 59 61 63 65 78
2 42 46 59 61 63 65 76 77
2 42 46 59 61 63 64 78
2 42 46 59 61 63 64 76 77
2 42 46 51 59 61 63 65
2 42 46 51 59 61 63 64
2 40 41 59 61 63 65 73 78
2 40 41 59 61 63 65 73 76 77
2 40 41 59 61 63 65 71 72 78
2 40 41 59 61 63 65 71 72 76 77
2 40 41 59 61 63 64 73 78
2 40 41 59 61 63 64 73 76 77
2 40 41 59 61 63 64 71 72 78
2 40 41 59 61 63 64 71 72 76 77
2 40 41 51 59 61 63 65 73
2 40 41 51 59 61 63 65 71 72
2 40 41 51 59 61 63 64 73
2 40 41 51 59 61 63 64 71 72
2 40 41 46 59 61 63 65 78
2 40 41 46 59 61 63 65 76 77
2 40 41 46 59 61 63 64 78
2 40 41 46 59 61 63 64 76 77
2 40 41 46 51 59 61 63 65
2 40 41 46 51 59 61 63 64
2 38 42 59 61 63 73 78
2 38 42 59 61 63 73 76 77
2 38 42 59 61 63 71 72 78
2 38 42 59 61 63 71 72 76 77
2 38 42 51 59 61 63 73
2 38 42 51 59 61 63 71 72
2 38 42 46 59 61 63 78
2 38 42 46 59 61 63 76 77
2 38 42 46 51 59 61 63
2 38 40 41 59 61 63 73 78
2 38 40 41 59 61 63 73 76 77
2 38 40 41 59 61 63 71 72 78
2 38 40 41 59 61 63 71 72 76 77
2 38 40 41 51 59 61 63 73
2 38 40 41 51 59 61 63 71 72
2 38 40 41 46 59 61 63 78
2 38 40 41 46 59 61 63 76 77
2 38 40 41 46 51 59 61 63
2 15 59 61 63 65 73 78
2 15 59 61 63 65 73 76 77
2 15 59 61 63 65 71 72 78
2 15 59 61 63 65 71 72 76 77
2 15 59 61 63 64 73 78
2 15 59 61 63 64 73 76 77
2 15 59 61 63 64 71 72 78
2 15 59 61 63 64 71 72 76 77
2 15 51 59 61 63 65 73
2 15 51 59 61 63 65 71 72
2 15 51 59 61 63 64 73
2 15 51 59 61 63 64 71 72
2 15 46 59 61 63 65 78
2 15 46 59 61 63 65 76 77
2 15 46 59 61 63 64 78
2 15 46 59 61 63 64 76 77
2 15 46 51 59 61 63 65
2 15 46 51 59 61 63 64
2 15 38 59 61 63 73 78
2 15 38 59 61 63 73 76 77
2 15 38 59 61 63 71 72 78
2 15 38 59 61 63 71 72 76 77
2 15 38 51 59 61 63 73
2 15 38 51 59 61 63 71 72
2 15 38 46 59 61 63 78
2 15 38 46 59 61 63 76 77
2 15 38 46 51 59 61 63
27 28 42 59 61 63 64 73 78
27 28 42 59 61 63 64 73 76 77
27 28 42 59 61 63 64 71 72 78
27 28 42 59 61 63 64 71 72 76 77
27 28 42 51 59 61 63 64 73
27 28 42 51 59 61 63 64 71 72
27 28 42 46 59 61 63 64 78
27 28 42 46 59 61 63 64 76 77
27 28 42 46 51 59 61 63 64
27 28 40 41 59 61 63 64 73 78
27 28 40 41 59 61 63 64 73 76 77
27 28 40 41 59 61 63 64 71 72 78
27 28 40 41 59 61 63 64 71 72 76 77
27 28 40 41 51 59 61 63 64 73
27 28 40 41 51 59 61 63 64 71 72
27 28 40 41 46 59 61 63 64 78
27 28 40 41 46 59 61 63 64 76 77
27 28 40 41 46 51 59 61 63 64
15 27 28 59 61 63 64 73 78
15 27 28 59 61 63 64 73 76 77
15 27 28 59 61 63 64 71 72 78
15 27 28 59 61 63 64 71 72 76 77
15 27 28 51 59 61 63 64 73
15 27 28 51 59 61 63 64 71 72
15 27 28 46 59 61 63 64 78
15 27 28 46 59 61 63 64 76 77
15 27 28 46 51 59 61 63 64
42 59 61 65 73
42 59 61 65 71 72
42 59 61 63 64 73
42 59 61 63 64 71 72
42 59 60 61 65 73
42 59 60 61 65 71 72
42 59 60 61 63 64 73
42 59 60 61 63 64 71 72
42 46 59 61 65
42 46 59 61 63 64
42 46 59 60 61 65
42 46 59 60 61 63 64
40 41 59 61 65 73
40 41 59 61 65 71 72
40 41 59 61 63 64 73
40 41 59 61 63 64 71 72
40 41 59 60 61 65 73
40 41 59 60 61 65 71 72
40 41 59 60 61 63 64 73
40 41 59 60 61 63 64 71 72
40 41 46 59 61 65
40 41 46 59 61 63 64
40 41 46 59 60 61 65
40 41 46 59 60 61 63 64
38 42 59 61 73
38 42 59 61 71 72
38 42 59 60 61 73
38 42 59 60 61 71 72
38 42 46 59 61
38 42 46 59 60 61
38 40 41 59 61 73
38 40 41 59 61 71 72
38 40 41 59 60 61 73
38 40 41 59 60 61 71 72
38 40 41 46 59 61
38 40 41 46 59 60 61
34 42 59 61 65 73
34 42 59 61 65 71 72
34 42 59 61 63 64 73
34 42 59 61 63 64 71 72
34 42 46 59 61 65
34 42 46 59 61 63 64
34 40 41 59 61 65 73
34 40 41 59 61 65 71 72
34 40 41 59 61 63 64 73
34 40 41 59 61 63 64 71 72
34 40 41 46 59 61 65
34 40 41 46 59 61 63 64
34 38 42 59 61 73
34 38 42 59 61 71 72
34 38 42 46 59 61
34 38 40 41 59 61 73
34 38 40 41 59 61 71 72
34 38 40 41 46 59 61
15 59 61 65 73
15 59 61 65 71 72
15 59 61 63 64 73
15 59 61 63 64 71 72
15 59 60 61 65 73
15 59 60 61 65 71 72
15 59 60 61 63 64 73
15 59 60 61 63 64 71 72
15 46 59 61 65
15 46 59 61 63 64
15 46 59 60 61 65
15 46 59 60 61 63 64
15 38 59 61 73
15 38 59 61 71 72
15 38 59 60 61 73
15 38 59 60 61 71 72
15 38 46 59 61
15 38 46 59 60 61
15 34 59 61 65 73
15 34 59 61 65 71 72
15 34 59 61 63 64 73
15 34 59 61 63 64 71 72
15 34 46 59 61 65
15 34 46 59 61 63 64
15 34 38 59 61 73
15 34 38 59 61 71 72
15 34 38 46 59 61
27 28 42 59 63 65 73 78
27 28 42 59 63 65 73 76 77
27 28 42 59 63 65 71 72 78
27 28 42 59 63 65 71 72 76 77
27 28 42 59 63 64 73 78
27 28 42 59 63 64 73 76 77
27 28 42 59 63 64 71 72 78
27 28 42 59 63 64 71 72 76 77
27 28 42 51 59 63 65 73
27 28 42 51 59 63 65 71 72
27 28 42 51 59 63 64 73
27 28 42 51 59 63 64 71 72
27 28 42 46 59 63 65 78
27 28 42 46 59 63 65 76 77
27 28 42 46 59 63 64 78
27 28 42 46 59 63 64 76 77
27 28 42 46 51 59 63 65
27 28 42 46 51 59 63 64
27 28 40 41 59 63 65 73 78
27 28 40 41 59 63 65 73 76 77
27 28 40 41 59 63 65 71 72 78
27 28 40 41 59 63 65 71 72 76 77
27 28 40 41 59 63 64 73 78
27 28 40 41 59 63 64 73 76 77
27 28 40 41 59 63 64 71 72 78
27 28 40 41 59 63 64 71 72 76 77
27 28 40 41 51 59 63 65 73
27 28 40 41 51 59 63 65 71 72
27 28 40 41 51 59 63 64 73
27 28 40 41 51 59 63 64 71 72
27 28 40 41 46 59 63 65 78
27 28 40 41 46 59 63 65 76 77
27 28 40 41 46 59 63 64 78
27 28 40 41 46 59 63 64 76 77
27 28 40 41 46 51 59 63 65
27 28 40 41 46 51 59 63 64
27 28 38 42 59 63 73 78
27 28 38 42 59 63 73 76 77
27 28 38 42 59 63 71 72 78
27 28 38 42 59 63 71 72 76 77
27 28 38 42 51 59 63 73
27 28 38 42 51 59 63 71 72
27 28 38 42 46 59 63 78
27 28 38 42 46 59 63 76 77
27 28 38 42 46 51 59 63
27 28 38 40 41 59 63 73 78
27 28 38 40 41 59 63 73 76 77
27 28 38 40 41 59 63 71 72 78
27 28 38 40 41 59 63 71 72 76 77
27 28 38 40 41 51 59 63 73
27 28 38 40 41 51 59 63 71 72
27 28 38 40 41 46 59 63 78
27 28 38 40 41 46 59 63 76 77
27 28 38 40 41 46 51 59 63
15 27 28 59 63 65 73 78
15 27 28 59 63 65 73 76 77
15 27 28 59 63 65 71 72 78
15 27 28 59 63 65 71 72 76 77
15 27 28 59 63 64 73 78
15 27 28 59 63 64 73 76 77
15 27 28 59 63 64 71 72 78
15 27 28 59 63 64 71 72 76 77
15 27 28 51 59 63 65 73
15 27 28 51 59 63 65 71 72
15 27 28 51 59 63 64 73
15 27 28 51 59 63 64 71 72
15 27 28 46 59 63 65 78
15 27 28 46 59 63 65 76 77
15 27 28 46 59 63 64 78
15 27 28 46 59 63 64 76 77
15 27 28 46 51 59 63 65
15 27 28 46 51 59 63 64
15 27 28 38 59 63 73 78
15 27 28 38 59 63 73 76 77
15 27 28 38 59 63 71 72 78
15 27 28 38 59 63 71 72 76 77
15 27 28 38 51 59 63 73
15 27 28 38 51 59 63 71 72
15 27 28 38 46 59 63 78
15 27 28 38 46 59 63 76 77
15 27 28 38 46 51 59 63
44 59 61 73
44 59 61 71 72
44 46 59 61
42 43 59 61 73
42 43 59 61 71 72
42 43 46 59 61
18 42 57 59 73
18 42 57 59 71 72
18 42 46 57 59
18 40 41 57 59 73
18 40 41 57 59 71 72
18 40 41 46 57 59
17 59 61 73
17 59 61 71 72
17 46 59 61
16 17 42 57 59 73
16 17 42 57 59 71 72
16 17 42 46 57 59
16 17 40 41 57 59 73
16 17 40 41 57 59 71 72
16 17 40 41 46 57 59
15 18 57 59 73
15 18 57 59 71 72
15 18 46 57 59
15 16 17 57 59 73
15 16 17 57 59 71 72
15 16 17 46 57 59
29 42 59 61 63 64 73 78
29 42 59 61 63 64 73 76 77
29 42 59 61 63 64 71 72 78
29 42 59 61 63 64 71 72 76 77
29 42 51 59 61 63 64 73
29 42 51 59 61 63 64 71 72
29 42 46 59 61 63 64 78
29 42 46 59 61 63 64 76 77
29 42 46 51 59 61 63 64
29 40 41 59 61 63 64 73 78
29 40 41 59 61 63 64 73 76 77
29 40 41 59 61 63 64 71 72 78
29 40 41 59 61 63 64 71 72 76 77
29 40 41 51 59 61 63 64 73
29 40 41 51 59 61 63 64 71 72
29 40 41 46 59 61 63 64 78
29 40 41 46 59 61 63 64 76 77
29 40 41 46 51 59 61 63 64
15 29 59 61 63 64 73 78
15 29 59 61 63 64 73 76 77
15 29 59 61 63 64 71 72 78
15 29 59 61 63 64 71 72 76 77
15 29 51 59 61 63 64 73
15 29 51 59 61 63 64 71 72
15 29 46 59 61 63 64 78
15 29 46 59 61 63 64 76 77
15 29 46 51 59 61 63 64
59 61 63 73
59 61 63 71 72
59 60 63 73
59 60 63 71 72
46 59 61 63
46 59 60 63
34 59 63 73
34 59 63 71 72
34 46 59 63
42 59 61 63 64 73 78
42 59 61 63 64 73 76 77
42 59 61 63 64 71 72 78
42 59 61 63 64 71 72 76 77
42 59 60 63 65 73 78
42 59 60 63 65 73 76 77
42 59 60 63 65 71 72 78
42 59 60 63 65 71 72 76 77
42 59 60 63 64 73 78
42 59 60 63 64 73 76 77
42 59 60 63 64 71 72 78
42 59 60 63 64 71 72 76 77
42 51 59 61 63 64 73
42 51 59 61 63 64 71 72
42 51 59 60 63 65 73
42 51 59 60 63 65 71 72
42 51 59 60 63 64 73
42 51 59 60 63 64 71 72
42 46 59 61 63 64 78
42 46 59 61 63 64 76 77
42 46 59 60 63 65 78
42 46 59 60 63 65 76 77
42 46 59 60 63 64 78
42 46 59 60 63 64 76 77
42 46 51 59 61 63 64
42 46 51 59 60 63 65
42 46 51 59 60 63 64
40 41 59 61 63 64 73 78
40 41 59 61 63 64 73 76 77
40 41 59 61 63 64 71 72 78
40 41 59 61 63 64 71 72 76 77
40 41 59 60 63 65 73 78
40 41 59 60 63 65 73 76 77
40 41 59 60 63 65 71 72 78
40 41 59 60 63 65 71 72 76 77
40 41 59 60 63 64 73 78
40 41 59 60 63 64 73 76 77
40 41 59 60 63 64 71 72 78
40 41 59 60 63 64 71 72 76 77
40 41 51 59 61 63 64 73
40 41 51 59 61 63 64 71 72
40 41 51 59 60 63 65 73
40 41 51 59 60 63 65 71 72
40 41 51 59 60 63 64 73
40 41 51 59 60 63 64 71 72
40 41 46 59 61 63 64 78
40 41 46 59 61 63 64 76 77
40 41 46 59 60 63 65 78
40 41 46 59 60 63 65 76 77
40 41 46 59 60 63 64 78
40 41 46 59 60 63 64 76 77
40 41 46 51 59 61 63 64
40 41 46 51 59 60 63 65
40 41 46 51 59 60 63 64
38 42 59 60 63 73 78
38 42 59 60 63 73 76 77
38 42 59 60 63 71 72 78
38 42 59 60 63 71 72 76 77
38 42 51 59 60 63 73
38 42 51 59 60 63 71 72
38 42 46 59 60 63 78
38 42 46 59 60 63 76 77
38 42 46 51 59 60 63
38 40 41 59 60 63 73 78
38 40 41 59 60 63 73 76 77
38 40 41 59 60 63 71 72 78
38 40 41 59 60 63 71 72 76 77
38 40 41 51 59 60 63 73
38 40 41 51 59 60 63 71 72
38 40 41 46 59 60 63 78
38 40 41 46 59 60 63 76 77
38 40 41 46 51 59 60 63
34 42 59 63 65 73 78
34 42 59 63 65 73 76 77
34 42 59 63 65 71 72 78
34 42 59 63 65 71 72 76 77
34 42 59 63 64 73 78
34 42 59 63 64 73 76 77
34 42 59 63 64 71 72 78
34 42 59 63 64 71 72 76 77
34 42 51 59 63 65 73
34 42 51 59 63 65 71 72
34 42 51 59 63 64 73
34 42 51 59 63 64 71 72
34 42 46 59 63 65 78
34 42 46 59 63 65 76 77
34 42 46 59 63 64 78
34 42 46 59 63 64 76 77
34 42 46 51 59 63 65
34 42 46 51 59 63 64
34 40 41 59 63 65 73 78
34 40 41 59 63 65 73 76 77
34 40 41 59 63 65 71 72 78
34 40 41 59 63 65 71 72 76 77
34 40 41 59 63 64 73 78
34 40 41 59 63 64 73 76 77
34 40 41 59 63 64 71 72 78
34 40 41 59 63 64 71 72 76 77
34 40 41 51 59 63 65 73
34 40 41 51 59 63 65 71 72
34 40 41 51 59 63 64 73
34 40 41 51 59 63 64 71 72
34 40 41 46 59 63 65 78
34 40 41 46 59 63 65 76 77
34 40 41 46 59 63 64 78
34 40 41 46 59 63 64 76 77
34 40 41 46 51 59 63 65
34 40 41 46 51 59 63 64
34 38 42 59 63 73 78
34 38 42 59 63 73 76 77
34 38 42 59 63 71 72 78
34 38 42 59 63 71 72 76 77
34 38 42 51 59 63 73
34 38 42 51 59 63 71 72
34 38 42 46 59 63 78
34 38 42 46 59 63 76 77
34 38 42 46 51 59 63
34 38 40 41 59 63 73 78
34 38 40 41 59 63 73 76 77
34 38 40 41 59 63 71 72 78
34 38 40 41 59 63 71 72 76 77
34 38 40 41 51 59 63 73
34 38 40 41 51 59 63 71 72
34 38 40 41 46 59 63 78
34 38 40 41 46 59 63 76 77
34 38 40 41 46 51 59 63
15 59 61 63 64 73 78
15 59 61 63 64 73 76 77
15 59 61 63 64 71 72 78
15 59 61 63 64 71 72 76 77
15 59 60 63 65 73 78
15 59 60 63 65 73 76 77
15 59 60 63 65 71 72 78
15 59 60 63 65 71 72 76 77
15 59 60 63 64 73 78
15 59 60 63 64 73 76 77
15 59 60 63 64 71 72 78
15 59 60 63 64 71 72 76 77
15 51 59 61 63 64 73
15 51 59 61 63 64 71 72
15 51 59 60 63 65 73
15 51 59 60 63 65 71 72
15 51 59 60 63 64 73
15 51 59 60 63 64 71 72
15 46 59 61 63 64 78
15 46 59 61 63 64 76 77
15 46 59 60 63 65 78
15 46 59 60 63 65 76 77
15 46 59 60 63 64 78
15 46 59 60 63 64 76 77
15 46 51 59 61 63 64
15 46 51 59 60 63 65
15 46 51 59 60 63 64
15 38 59 60 63 73 78
15 38 59 60 63 73 76 77
15 38 59 60 63 71 72 78
15 38 59 60 63 71 72 76 77
15 38 51 59 60 63 73
15 38 51 59 60 63 71 72
15 38 46 59 60 63 78
15 38 46 59 60 63 76 77
15 38 46 51 59 60 63
15 34 59 63 65 73 78
15 34 59 63 65 73 76 77
15 34 59 63 65 71 72 78
15 34 59 63 65 71 72 76 77
15 34 59 63 64 73 78
15 34 59 63 64 73 76 77
15 34 59 63 64 71 72 78
15 34 59 63 64 71 72 76 77
15 34 51 59 63 65 73
15 34 51 59 63 65 71 72
15 34 51 59 63 64 73
15 34 51 59 63 64 71 72
15 34 46 59 63 65 78
15 34 46 59 63 65 76 77
15 34 46 59 63 64 78
15 34 46 59 63 64 76 77
15 34 46 51 59 63 65
15 34 46 51 59 63 64
15 34 38 59 63 73 78
15 34 38 59 63 73 76 77
15 34 38 59 63 71 72 78
15 34 38 59 63 71 72 76 77
15 34 38 51 59 63 73
15 34 38 51 59 63 71 72
15 34 38 46 59 63 78
15 34 38 46 59 63 76 77
15 34 38 46 51 59 63
42 59 61 65 73 78
42 59 61 65 73 76 77
42 59 61 65 71 72 78
42 59 61 65 71 72 76 77
42 59 60 61 65 73 78
42 59 60 61 65 73 76 77
42 59 60 61 65 71 72 78
42 59 60 61 65 71 72 76 77
42 59 60 61 63 64 73 78
42 59 60 61 63 64 73 76 77
42 59 60 61 63 64 71 72 78
42 59 60 61 63 64 71 72 76 77
42 51 59 61 65 73
42 51 59 61 65 71 72
42 51 59 60 61 65 73
42 51 59 60 61 65 71 72
42 51 59 60 61 63 64 73
42 51 59 60 61 63 64 71 72
42 46 59 61 65 78
42 46 59 61 65 76 77
42 46 59 60 61 65 78
42 46 59 60 61 65 76 77
42 46 59 60 61 63 64 78
42 46 59 60 61 63 64 76 77
42 46 51 59 61 65
42 46 51 59 60 61 65
42 46 51 59 60 61 63 64
40 41 59 61 65 73 78
40 41 59 61 65 73 76 77
40 41 59 61 65 71 72 78
40 41 59 61 65 71 72 76 77
40 41 59 60 61 65 73 78
40 41 59 60 61 65 73 76 77
40 41 59 60 61 65 71 72 78
40 41 59 60 61 65 71 72 76 77
40 41 59 60 61 63 64 73 78
40 41 59 60 61 63 64 73 76 77
40 41 59 60 61 63 64 71 72 78
40 41 59 60 61 63 64 71 72 76 77
40 41 51 59 61 65 73
40 41 51 59 61 65 71 72
40 41 51 59 60 61 65 73
40 41 51 59 60 61 65 71 72
40 41 51 59 60 61 63 64 73
40 41 51 59 60 61 63 64 71 72
40 41 46 59 61 65 78
40 41 46 59 61 65 76 77
40 41 46 59 60 61 65 78
40 41 46 59 60 61 65 76 77
40 41 46 59 60 61 63 64 78
40 41 46 59 60 61 63 64 76 77
40 41 46 51 59 61 65
40 41 46 51 59 60 61 65
40 41 46 51 59 60 61 63 64
38 42 59 61 73 78
38 42 59 61 73 76 77
38 42 59 61 71 72 78
38 42 59 61 71 72 76 77
38 42 59 60 61 73 78
38 42 59 60 61 73 76 77
38 42 59 60 61 71 72 78
38 42 59 60 61 71 72 76 77
38 42 51 59 61 73
38 42 51 59 61 71 72
38 42 51 59 60 61 73
38 42 51 59 60 61 71 72
38 42 46 59 61 78
38 42 46 59 61 76 77
38 42 46 59 60 61 78
38 42 46 59 60 61 76 77
38 42 46 51 59 61
38 42 46 51 59 60 61
38 40 41 59 61 73 78
38 40 41 59 61 73 76 77
38 40 41 59 61 71 72 78
38 40 41 59 61 71 72 76 77
38 40 41 59 60 61 73 78
38 40 41 59 60 61 73 76 77
38 40 41 59 60 61 71 72 78
38 40 41 59 60 61 71 72 76 77
38 40 41 51 59 61 73
38 40 41 51 59 61 71 72
38 40 41 51 59 60 61 73
38 40 41 51 59 60 61 71 72
38 40 41 46 59 61 78
38 40 41 46 59 61 76 77
38 40 41 46 59 60 61 78
38 40 41 46 59 60 61 76 77
38 40 41 46 51 59 61
38 40 41 46 51 59 60 61
34 42 59 61 65 73 78
34 42 59 61 65 73 76 77
34 42 59 61 65 71 72 78
34 42 59 61 65 71 72 76 77
34 42 59 61 63 64 73 78
34 42 59 61 63 64 73 76 77
34 42 59 61 63 64 71 72 78
34 42 59 61 63 64 71 72 76 77
34 42 51 59 61 65 73
34 42 51 59 61 65 71 72
34 42 51 59 61 63 64 73
34 42 51 59 61 63 64 71 72
34 42 46 59 61 65 78
34 42 46 59 61 65 76 77
34 42 46 59 61 63 64 78
34 42 46 59 61 63 64 76 77
34 42 46 51 59 61 65
34 42 46 51 59 61 63 64
34 40 41 59 61 65 73 78
34 40 41 59 61 65 73 76 77
34 40 41 59 61 65 71 72 78
34 40 41 59 61 65 71 72 76 77
34 40 41 59 61 63 64 73 78
34 40 41 59 61 63 64 73 76 77
34 40 41 59 61 63 64 71 72 78
34 40 41 59 61 63 64 71 72 76 77
34 40 41 51 59 61 65 73
34 40 41 51 59 61 65 71 72
34 40 41 51 59 61 63 64 73
34 40 41 51 59 61 63 64 71 72
34 40 41 46 59 61 65 78
34 40 41 46 59 61 65 76 77
34 40 41 46 59 61 63 64 78
34 40 41 46 59 61 63 64 76 77
34 40 41 46 51 59 61 65
34 40 41 46 51 59 61 63 64
34 38 42 59 61 73 78
34 38 42 59 61 73 76 77
34 38 42 59 61 71 72 78
34 38 42 59 61 71 72 76 77
34 38 42 51 59 61 73
34 38 42 51 59 61 71 72
34 38 42 46 59 61 78
34 38 42 46 59 61 76 77
34 38 42 46 51 59 61
34 38 40 41 59 61 73 78
34 38 40 41 59 61 73 76 77
34 38 40 41 59 61 71 72 78
34 38 40 41 59 61 71 72 76 77
34 38 40 41 51 59 61 73
34 38 40 41 51 59 61 71 72
34 38 40 41 46 59 61 78
34 38 40 41 46 59 61 76 77
34 38 40 41 46 51 59 61
15 59 61 65 73 78
15 59 61 65 73 76 77
15 59 61 65 71 72 78
15 59 61 65 71 72 76 77
15 59 60 61 65 73 78
15 59 60 61 65 73 76 77
15 59 60 61 65 71 72 78
15 59 60 61 65 71 72 76 77
15 59 60 61 63 64 73 78
15 59 60 61 63 64 73 76 77
15 59 60 61 63 64 71 72 78
15 59 60 61 63 64 71 72 76 77
15 51 59 61 65 73
15 51 59 61 65 71 72
15 51 59 60 61 65 73
15 51 59 60 61 65 71 72
15 51 59 60 61 63 64 73
15 51 59 60 61 63 64 71 72
15 46 59 61 65 78
15 46 59 61 65 76 77
15 46 59 60 61 65 78
15 46 59 60 61 65 76 77
15 46 59 60 61 63 64 78
15 46 59 60 61 63 64 76 77
15 46 51 59 61 65
15 46 51 59 60 61 65
15 46 51 59 60 61 63 64
15 38 59 61 73 78
15 38 59 61 73 76 77
15 38 59 61 71 72 78
15 38 59 61 71 72 76 77
15 38 59 60 61 73 78
15 38 59 60 61 73 76 77
15 38 59 60 61 71 72 78
15 38 59 60 61 71 72 76 77
15 38 51 59 61 73
15 38 51 59 61 71 72
15 38 51 59 60 61 73
15 38 51 59 60 61 71 72
15 38 46 59 61 78
15 38 46 59 61 76 77
15 38 46 59 60 61 78
15 38 46 59 60 61 76 77
15 38 46 51 59 61
15 38 46 51 59 60 61
15 34 59 61 65 73 78
15 34 59 61 65 73 76 77
15 34 59 61 65 71 72 78
15 34 59 61 65 71 72 76 77
15 34 59 61 63 64 73 78
15 34 59 61 63 64 73 76 77
15 34 59 61 63 64 71 72 78
15 34 59 61 63 64 71 72 76 77
15 34 51 59 61 65 73
15 34 51 59 61 65 71 72
15 34 51 59 61 63 64 73
15 34 51 59 61 63 64 71 72
15 34 46 59 61 65 78
15 34 46 59 61 65 76 77
15 34 46 59 61 63 64 78
15 34 46 59 61 63 64 76 77
15 34 46 51 59 61 65
15 34 46 51 59 61 63 64
15 34 38 59 61 73 78
15 34 38 59 61 73 76 77
15 34 38 59 61 71 72 78
15 34 38 59 61 71 72 76 77
15 34 38 51 59 61 73
15 34 38 51 59 61 71 72
15 34 38 46 59 61 78
15 34 38 46 59 61 76 77
15 34 38 46 51 59 61
59 61 77
59 61 75 76
50 59 61
42 43 59 61 65 73
42 43 59 61 65 71 72
42 43 46 59 61 65
42 59 61
40 41 59 61
15 59 61
42 44 59 63 65 73
42 44 59 63 65 71 72
42 44 59 63 64 73
42 44 59 63 64 71 72
42 44 59 61 65 73
42 44 59 61 65 71 72
42 44 59 61 63 64 73
42 44 59 61 63 64 71 72
42 44 46 59 63 65
42 44 46 59 63 64
42 44 46 59 61 65
42 44 46 59 61 63 64
42 43 59 63 65 73
42 43 59 63 65 71 72
42 43 59 63 64 73
42 43 59 63 64 71 72
42 43 59 61 63 64 73
42 43 59 61 63 64 71 72
42 43 46 59 63 65
42 43 46 59 63 64
42 43 46 59 61 63 64
40 41 44 59 63 65 73
40 41 44 59 63 65 71 72
40 41 44 59 63 64 73
40 41 44 59 63 64 71 72
40 41 44 59 61 65 73
40 41 44 59 61 65 71 72
40 41 44 59 61 63 64 73
40 41 44 59 61 63 64 71 72
40 41 44 46 59 63 65
40 41 44 46 59 63 64
40 41 44 46 59 61 65
40 41 44 46 59 61 63 64
40 41 42 43 59 63 65 73
40 41 42 43 59 63 65 71 72
40 41 42 43 59 63 64 73
40 41 42 43 59 63 64 71 72
40 41 42 43 59 61 65 73
40 41 42 43 59 61 65 71 72
40 41 42 43 59 61 63 64 73
40 41 42 43 59 61 63 64 71 72
40 41 42 43 46 59 63 65
40 41 42 43 46 59 63 64
40 41 42 43 46 59 61 65
40 41 42 43 46 59 61 63 64
38 42 44 59 63 73
38 42 44 59 63 71 72
38 42 44 59 61 73
38 42 44 59 61 71 72
38 42 44 46 59 63
38 42 44 46 59 61
38 42 43 59 63 73
38 42 43 59 63 71 72
38 42 43 59 61 73
38 42 43 59 61 71 72
38 42 43 46 59 63
38 42 43 46 59 61
38 40 41 44 59 63 73
38 40 41 44 59 63 71 72
38 40 41 44 59 61 73
38 40 41 44 59 61 71 72
38 40 41 44 46 59 63
38 40 41 44 46 59 61
38 40 41 42 43 59 63 73
38 40 41 42 43 59 63 71 72
38 40 41 42 43 59 61 73
38 40 41 42 43 59 61 71 72
38 40 41 42 43 46 59 63
38 40 41 42 43 46 59 61
17 42 59 63 65 73
17 42 59 63 65 71 72
17 42 59 63 64 73
17 42 59 63 64 71 72
17 42 59 61 65 73
17 42 59 61 65 71 72
17 42 59 61 63 64 73
17 42 59 61 63 64 71 72
17 42 46 59 63 65
17 42 46 59 63 64
17 42 46 59 61 65
17 42 46 59 61 63 64
17 40 41 59 63 65 73
17 40 41 59 63 65 71 72
17 40 41 59 63 64 73
17 40 41 59 63 64 71 72
17 40 41 59 61 65 73
17 40 41 59 61 65 71 72
17 40 41 59 61 63 64 73
17 40 41 59 61 63 64 71 72
17 40 41 46 59 63 65
17 40 41 46 59 63 64
17 40 41 46 59 61 65
17 40 41 46 59 61 63 64
17 38 42 59 63 73
17 38 42 59 63 71 72
17 38 42 59 61 73
17 38 42 59 61 71 72
17 38 42 46 59 63
17 38 42 46 59 61
17 38 40 41 59 63 73
17 38 40 41 59 63 71 72
17 38 40 41 59 61 73
17 38 40 41 59 61 71 72
17 38 40 41 46 59 63
17 38 40 41 46 59 61
15 44 59 63 65 73
15 44 59 63 65 71 72
15 44 59 63 64 73
15 44 59 63 64 71 72
15 44 59 61 65 73
15 44 59 61 65 71 72
15 44 59 61 63 64 73
15 44 59 61 63 64 71 72
15 44 46 59 63 65
15 44 46 59 63 64
15 44 46 59 61 65
15 44 46 59 61 63 64
15 42 43 59 63 65 73
15 42 43 59 63 65 71 72
15 42 43 59 63 64 73
15 42 43 59 63 64 71 72
15 42 43 59 61 65 73
15 42 43 59 61 65 71 72
15 42 43 59 61 63 64 73
15 42 43 59 61 63 64 71 72
15 42 43 46 59 63 65
15 42 43 46 59 63 64
15 42 43 46 59 61 65
15 42 43 46 59 61 63 64
15 38 44 59 63 73
15 38 44 59 63 71 72
15 38 44 59 61 73
15 38 44 59 61 71 72
15 38 44 46 59 63
15 38 44 46 59 61
15 38 42 43 59 63 73
15 38 42 43 59 63 71 72
15 38 42 43 59 61 73
15 38 42 43 59 61 71 72
15 38 42 43 46 59 63
15 38 42 43 46 59 61
15 17 59 63 65 73
15 17 59 63 65 71 72
15 17 59 63 64 73
15 17 59 63 64 71 72
15 17 59 61 65 73
15 17 59 61 65 71 72
15 17 59 61 63 64 73
15 17 59 61 63 64 71 72
15 17 46 59 63 65
15 17 46 59 63 64
15 17 46 59 61 65
15 17 46 59 61 63 64
15 17 38 59 63 73
15 17 38 59 63 71 72
15 17 38 59 61 73
15 17 38 59 61 71 72
15 17 38 46 59 63
15 17 38 46 59 61
42 57 59 61 73 77
42 57 59 61 73 75 76
42 57 59 61 71 72 77
42 57 59 61 71 72 75 76
42 57 59 60 61 73
42 57 59 60 61 73 77
42 57 59 60 61 73 75 76
42 57 59 60 61 71 72
42 57 59 60 61 71 72 77
42 57 59 60 61 71 72 75 76
42 50 57 59 61 73
42 50 57 59 61 71 72
42 50 57 59 60 61 73
42 50 57 59 60 61 71 72
42 46 57 59 61 77
42 46 57 59 61 75 76
42 46 57 59 60 61
42 46 57 59 60 61 77
42 46 57 59 60 61 75 76
42 46 50 57 59 61
42 46 50 57 59 60 61
40 41 57 59 61 73 77
40 41 57 59 61 73 75 76
40 41 57 59 61 71 72 77
40 41 57 59 61 71 72 75 76
40 41 57 59 60 61 73
40 41 57 59 60 61 73 77
40 41 57 59 60 61 73 75 76
40 41 57 59 60 61 71 72
40 41 57 59 60 61 71 72 77
40 41 57 59 60 61 71 72 75 76
40 41 50 57 59 61 73
40 41 50 57 59 61 71 72
40 41 50 57 59 60 61 73
40 41 50 57 59 60 61 71 72
40 41 46 57 59 61 77
40 41 46 57 59 61 75 76
40 41 46 57 59 60 61
40 41 46 57 59 60 61 77
40 41 46 57 59 60 61 75 76
40 41 46 50 57 59 61
40 41 46 50 57 59 60 61
34 42 57 59 61 73
34 42 57 59 61 73 77
34 42 57 59 61 73 75 76
34 42 57 59 61 71 72
34 42 57 59 61 71 72 77
34 42 57 59 61 71 72 75 76
34 42 50 57 59 61 73
34 42 50 57 59 61 71 72
34 42 46 57 59 61
34 42 46 57 59 61 77
34 42 46 57 59 61 75 76
34 42 46 50 57 59 61
34 40 41 57 59 61 73
34 40 41 57 59 61 73 77
34 40 41 57 59 61 73 75 76
34 40 41 57 59 61 71 72
34 40 41 57 59 61 71 72 77
34 40 41 57 59 61 71 72 75 76
34 40 41 50 57 59 61 73
34 40 41 50 57 59 61 71 72
34 40 41 46 57 59 61
34 40 41 46 57 59 61 77
34 40 41 46 57 59 61 75 76
34 40 41 46 50 57 59 61
15 57 59 61 73 77
15 57 59 61 73 75 76
15 57 59 61 71 72 77
15 57 59 61 71 72 75 76
15 57 59 60 61 73
15 57 59 60 61 73 77
15 57 59 60 61 73 75 76
15 57 59 60 61 71 72
15 57 59 60 61 71 72 77
15 57 59 60 61 71 72 75 76
15 50 57 59 61 73
15 50 57 59 61 71 72
15 50 57 59 60 61 73
15 50 57 59 60 61 71 72
15 46 57 59 61 77
15 46 57 59 61 75 76
15 46 57 59 60 61
15 46 57 59 60 61 77
15 46 57 59 60 61 75 76
15 46 50 57 59 61
15 46 50 57 59 60 61
15 34 57 59 61 73
15 34 57 59 61 73 77
15 34 57 59 61 73 75 76
15 34 57 59 61 71 72
15 34 57 59 61 71 72 77
15 34 57 59 61 71 72 75 76
15 34 50 57 59 61 73
15 34 50 57 59 61 71 72
15 34 46 57 59 61
15 34 46 57 59 61 77
15 34 46 57 59 61 75 76
15 34 46 50 57 59 61
57 59 69 73
57 59 69 71 72
57 59 67 68 73
57 59 67 68 71 72
46 57 59 69
46 57 59 67 68
42 57 61 73
42 57 61 73 75
42 57 61 73 74
42 57 61 71 72
42 57 61 71 72 75
42 57 61 71 72 73 74
42 57 59 73
42 57 59 71 72
42 48 57 61 73
42 48 57 61 71 72
42 46 57 61
42 46 57 61 75
42 46 57 61 73 74
42 46 57 59
42 46 48 57 61
40 41 57 61 73
40 41 57 61 73 75
40 41 57 61 73 74
40 41 57 61 71 72
40 41 57 61 71 72 75
40 41 57 61 71 72 73 74
40 41 48 57 61 73
40 41 48 57 61 71 72
40 41 46 57 61
40 41 46 57 61 75
40 41 46 57 61 73 74
40 41 46 48 57 61
30 42 57 61 73
30 42 57 61 71 72
30 42 46 57 61
30 40 41 57 61 73
30 40 41 57 61 71 72
30 40 41 46 57 61
28 29 42 57 61 73
28 29 42 57 61 71 72
28 29 42 46 57 61
28 29 40 41 57 61 73
28 29 40 41 57 61 71 72
28 29 40 41 46 57 61
15 57 61 73
15 57 61 73 75
15 57 61 73 74
15 57 61 71 72
15 57 61 71 72 75
15 57 61 71 72 73 74
15 48 57 61 73
15 48 57 61 71 72
15 46 57 61
15 46 57 61 75
15 46 57 61 73 74
15 46 48 57 61
15 30 57 61 73
15 30 57 61 71 72
15 30 46 57 61
15 28 29 57 61 73
15 28 29 57 61 71 72
15 28 29 46 57 61
3 42 57 61 73
3 42 57 61 71 72
3 42 46 57 61
3 40 41 57 61 73
3 40 41 57 61 71 72
3 40 41 46 57 61
3 15 57 61 73
3 15 57 61 71 72
3 15 46 57 61
27 28 42 59 61 63 65 73 78
27 28 42 59 61 63 65 73 76 77
27 28 42 59 61 63 65 71 72 78
27 28 42 59 61 63 65 71 72 76 77
27 28 42 51 59 61 63 65 73
27 28 42 51 59 61 63 65 71 72
27 28 42 46 59 61 63 65 78
27 28 42 46 59 61 63 65 76 77
27 28 42 46 51 59 61 63 65
27 28 40 41 59 61 63 65 73 78
27 28 40 41 59 61 63 65 73 76 77
27 28 40 41 59 61 63 65 71 72 78
27 28 40 41 59 61 63 65 71 72 76 77
27 28 40 41 51 59 61 63 65 73
27 28 40 41 51 59 61 63 65 71 72
27 28 40 41 46 59 61 63 65 78
27 28 40 41 46 59 61 63 65 76 77
27 28 40 41 46 51 59 61 63 65
27 28 38 42 59 61 63 73 78
27 28 38 42 59 61 63 73 76 77
27 28 38 42 59 61 63 71 72 78
27 28 38 42 59 61 63 71 72 76 77
27 28 38 42 51 59 61 63 73
27 28 38 42 51 59 61 63 71 72
27 28 38 42 46 59 61 63 78
27 28 38 42 46 59 61 63 76 77
27 28 38 42 46 51 59 61 63
27 28 38 40 41 59 61 63 73 78
27 28 38 40 41 59 61 63 73 76 77
27 28 38 40 41 59 61 63 71 72 78
27 28 38 40 41 59 61 63 71 72 76 77
27 28 38 40 41 51 59 61 63 73
27 28 38 40 41 51 59 61 63 71 72
27 28 38 40 41 46 59 61 63 78
27 28 38 40 41 46 59 61 63 76 77
27 28 38 40 41 46 51 59 61 63
15 27 28 59 61 63 65 73 78
15 27 28 59 61 63 65 73 76 77
15 27 28 59 61 63 65 71 72 78
15 27 28 59 61 63 65 71 72 76 77
15 27 28 51 59 61 63 65 73
15 27 28 51 59 61 63 65 71 72
15 27 28 46 59 61 63 65 78
15 27 28 46 59 61 63 65 76 77
15 27 28 46 51 59 61 63 65
15 27 28 38 59 61 63 73 78
15 27 28 38 59 61 63 73 76 77
15 27 28 38 59 61 63 71 72 78
15 27 28 38 59 61 63 71 72 76 77
15 27 28 38 51 59 61 63 73
15 27 28 38 51 59 61 63 71 72
15 27 28 38 46 59 61 63 78
15 27 28 38 46 59 61 63 76 77
15 27 28 38 46 51 59 61 63
29 42 59 63 65 73 78
29 42 59 63 65 73 76 77
29 42 59 63 65 71 72 78
29 42 59 63 65 71 72 76 77
29 42 59 63 64 73 78
29 42 59 63 64 73 76 77
29 42 59 63 64 71 72 78
29 42 59 63 64 71 72 76 77
29 42 59 61 62 63 65 73 78
29 42 59 61 62 63 65 73 76 77
29 42 59 61 62 63 65 71 72 78
29 42 59 61 62 63 65 71 72 76 77
29 42 51 59 63 65 73
29 42 51 59 63 65 71 72
29 42 51 59 63 64 73
29 42 51 59 63 64 71 72
29 42 51 59 61 62 63 65 73
29 42 51 59 61 62 63 65 71 72
29 42 46 59 63 65 78
29 42 46 59 63 65 76 77
29 42 46 59 63 64 78
29 42 46 59 63 64 76 77
29 42 46 59 61 62 63 65 78
29 42 46 59 61 62 63 65 76 77
29 42 46 51 59 63 65
29 42 46 51 59 63 64
29 42 46 51 59 61 62 63 65
29 40 41 59 63 65 73 78
29 40 41 59 63 65 73 76 77
29 40 41 59 63 65 71 72 78
29 40 41 59 63 65 71 72 76 77
29 40 41 59 63 64 73 78
29 40 41 59 63 64 73 76 77
29 40 41 59 63 64 71 72 78
29 40 41 59 63 64 71 72 76 77
29 40 41 59 61 62 63 65 73 78
29 40 41 59 61 62 63 65 73 76 77
29 40 41 59 61 62 63 65 71 72 78
29 40 41 59 61 62 63 65 71 72 76 77
29 40 41 51 59 63 65 73
29 40 41 51 59 63 65 71 72
29 40 41 51 59 63 64 73
29 40 41 51 59 63 64 71 72
29 40 41 51 59 61 62 63 65 73
29 40 41 51 59 61 62 63 65 71 72
29 40 41 46 59 63 65 78
29 40 41 46 59 63 65 76 77
29 40 41 46 59 63 64 78
29 40 41 46 59 63 64 76 77
29 40 41 46 59 61 62 63 65 78
29 40 41 46 59 61 62 63 65 76 77
29 40 41 46 51 59 63 65
29 40 41 46 51 59 63 64
29 40 41 46 51 59 61 62 63 65
29 38 42 59 63 73 78
29 38 42 59 63 73 76 77
29 38 42 59 63 71 72 78
29 38 42 59 63 71 72 76 77
29 38 42 59 61 62 63 73 78
29 38 42 59 61 62 63 73 76 77
29 38 42 59 61 62 63 71 72 78
29 38 42 59 61 62 63 71 72 76 77
29 38 42 51 59 63 73
29 38 42 51 59 63 71 72
29 38 42 51 59 61 62 63 73
29 38 42 51 59 61 62 63 71 72
29 38 42 46 59 63 78
29 38 42 46 59 63 76 77
29 38 42 46 59 61 62 63 78
29 38 42 46 59 61 62 63 76 77
29 38 42 46 51 59 63
29 38 42 46 51 59 61 62 63
29 38 40 41 59 63 73 78
29 38 40 41 59 63 73 76 77
29 38 40 41 59 63 71 72 78
29 38 40 41 59 63 71 72 76 77
29 38 40 41 59 61 62 63 73 78
29 38 40 41 59 61 62 63 73 76 77
29 38 40 41 59 61 62 63 71 72 78
29 38 40 41 59 61 62 63 71 72 76 77
29 38 40 41 51 59 63 73
29 38 40 41 51 59 63 71 72
29 38 40 41 51 59 61 62 63 73
29 38 40 41 51 59 61 62 63 71 72
29 38 40 41 46 59 63 78
29 38 40 41 46 59 63 76 77
29 38 40 41 46 59 61 62 63 78
29 38 40 41 46 59 61 62 63 76 77
29 38 40 41 46 51 59 63
29 38 40 41 46 51 59 61 62 63
29 36 42 59 63 65 73 78
29 36 42 59 63 65 73 76 77
29 36 42 59 63 65 71 72 78
29 36 42 59 63 65 71 72 76 77
29 36 42 59 63 64 73 78
29 36 42 59 63 64 73 76 77
29 36 42 59 63 64 71 72 78
29 36 42 59 63 64 71 72 76 77
29 36 42 51 59 63 65 73
29 36 42 51 59 63 65 71 72
29 36 42 51 59 63 64 73
29 36 42 51 59 63 64 71 72
29 36 42 46 59 63 65 78
29 36 42 46 59 63 65 76 77
29 36 42 46 59 63 64 78
29 36 42 46 59 63 64 76 77
29 36 42 46 51 59 63 65
29 36 42 46 51 59 63 64
29 36 40 41 59 63 65 73 78
29 36 40 41 59 63 65 73 76 77
29 36 40 41 59 63 65 71 72 78
29 36 40 41 59 63 65 71 72 76 77
29 36 40 41 59 63 64 73 78
29 36 40 41 59 63 64 73 76 77
29 36 40 41 59 63 64 71 72 78
29 36 40 41 59 63 64 71 72 76 77
29 36 40 41 51 59 63 65 73
29 36 40 41 51 59 63 65 71 72
29 36 40 41 51 59 63 64 73
29 36 40 41 51 59 63 64 71 72
29 36 40 41 46 59 63 65 78
29 36 40 41 46 59 63 65 76 77
29 36 40 41 46 59 63 64 78
29 36 40 41 46 59 63 64 76 77
29 36 40 41 46 51 59 63 65
29 36 40 41 46 51 59 63 64
29 36 38 42 59 63 73 78
29 36 38 42 59 63 73 76 77
29 36 38 42 59 63 71 72 78
29 36 38 42 59 63 71 72 76 77
29 36 38 42 51 59 63 73
29 36 38 42 51 59 63 71 72
29 36 38 42 46 59 63 78
29 36 38 42 46 59 63 76 77
29 36 38 42 46 51 59 63
29 36 38 40 41 59 63 73 78
29 36 38 40 41 59 63 73 76 77
29 36 38 40 41 59 63 71 72 78
29 36 38 40 41 59 63 71 72 76 77
29 36 38 40 41 51 59 63 73
29 36 38 40 41 51 59 63 71 72
29 36 38 40 41 46 59 63 78
29 36 38 40 41 46 59 63 76 77
29 36 38 40 41 46 51 59 63
15 29 59 63 65 73 78
15 29 59 63 65 73 76 77
15 29 59 63 65 71 72 78
15 29 59 63 65 71 72 76 77
15 29 59 63 64 73 78
15 29 59 63 64 73 76 77
15 29 59 63 64 71 72 78
15 29 59 63 64 71 72 76 77
15 29 59 61 62 63 65 73 78
15 29 59 61 62 63 65 73 76 77
15 29 59 61 62 63 65 71 72 78
15 29 59 61 62 63 65 71 72 76 77
15 29 51 59 63 65 73
15 29 51 59 63 65 71 72
15 29 51 59 63 64 73
15 29 51 59 63 64 71 72
15 29 51 59 61 62 63 65 73
15 29 51 59 61 62 63 65 71 72
15 29 46 59 63 65 78
15 29 46 59 63 65 76 77
15 29 46 59 63 64 78
15 29 46 59 63 64 76 77
15 29 46 59 61 62 63 65 78
15 29 46 59 61 62 63 65 76 77
15 29 46 51 59 63 65
15 29 46 51 59 63 64
15 29 46 51 59 61 62 63 65
15 29 38 59 63 73 78
15 29 38 59 63 73 76 77
15 29 38 59 63 71 72 78
15 29 38 59 63 71 72 76 77
15 29 38 59 61 62 63 73 78
15 29 38 59 61 62 63 73 76 77
15 29 38 59 61 62 63 71 72 78
15 29 38 59 61 62 63 71 72 76 77
15 29 38 51 59 63 73
15 29 38 51 59 63 71 72
15 29 38 51 59 61 62 63 73
15 29 38 51 59 61 62 63 71 72
15 29 38 46 59 63 78
15 29 38 46 59 63 76 77
15 29 38 46 59 61 62 63 78
15 29 38 46 59 61 62 63 76 77
15 29 38 46 51 59 63
15 29 38 46 51 59 61 62 63
15 29 36 59 63 65 73 78
15 29 36 59 63 65 73 76 77
15 29 36 59 63 65 71 72 78
15 29 36 59 63 65 71 72 76 77
15 29 36 59 63 64 73 78
15 29 36 59 63 64 73 76 77
15 29 36 59 63 64 71 72 78
15 29 36 59 63 64 71 72 76 77
15 29 36 51 59 63 65 73
15 29 36 51 59 63 65 71 72
15 29 36 51 59 63 64 73
15 29 36 51 59 63 64 71 72
15 29 36 46 59 63 65 78
15 29 36 46 59 63 65 76 77
15 29 36 46 59 63 64 78
15 29 36 46 59 63 64 76 77
15 29 36 46 51 59 63 65
15 29 36 46 51 59 63 64
15 29 36 38 59 63 73 78
15 29 36 38 59 63 73 76 77
15 29 36 38 59 63 71 72 78
15 29 36 38 59 63 71 72 76 77
15 29 36 38 51 59 63 73
15 29 36 38 51 59 63 71 72
15 29 36 38 46 59 63 78
15 29 36 38 46 59 63 76 77
15 29 36 38 46 51 59 63
27 28 42 59 61 62 65 73 78
27 28 42 59 61 62 65 73 76 77
27 28 42 59 61 62 65 71 72 78
27 28 42 59 61 62 65 71 72 76 77
27 28 42 51 59 61 62 65 73
27 28 42 51 59 61 62 65 71 72
27 28 42 46 59 61 62 65 78
27 28 42 46 59 61 62 65 76 77
27 28 42 46 51 59 61 62 65
27 28 40 41 59 61 62 65 73 78
27 28 40 41 59 61 62 65 73 76 77
27 28 40 41 59 61 62 65 71 72 78
27 28 40 41 59 61 62 65 71 72 76 77
27 28 40 41 51 59 61 62 65 73
27 28 40 41 51 59 61 62 65 71 72
27 28 40 41 46 59 61 62 65 78
27 28 40 41 46 59 61 62 65 76 77
27 28 40 41 46 51 59 61 62 65
27 28 38 42 59 61 62 73 78
27 28 38 42 59 61 62 73 76 77
27 28 38 42 59 61 62 71 72 78
27 28 38 42 59 61 62 71 72 76 77
27 28 38 42 51 59 61 62 73
27 28 38 42 51 59 61 62 71 72
27 28 38 42 46 59 61 62 78
27 28 38 42 46 59 61 62 76 77
27 28 38 42 46 51 59 61 62
27 28 38 40 41 59 61 62 73 78
27 28 38 40 41 59 61 62 73 76 77
27 28 38 40 41 59 61 62 71 72 78
27 28 38 40 41 59 61 62 71 72 76 77
27 28 38 40 41 51 59 61 62 73
27 28 38 40 41 51 59 61 62 71 72
27 28 38 40 41 46 59 61 62 78
27 28 38 40 41 46 59 61 62 76 77
27 28 38 40 41 46 51 59 61 62
27 28 36 42 59 61 65 73 78
27 28 36 42 59 61 65 73 76 77
27 28 36 42 59 61 65 71 72 78
27 28 36 42 59 61 65 71 72 76 77
27 28 36 42 59 61 63 64 73 78
27 28 36 42 59 61 63 64 73 76 77
27 28 36 42 59 61 63 64 71 72 78
27 28 36 42 59 61 63 64 71 72 76 77
27 28 36 42 51 59 61 65 73
27 28 36 42 51 59 61 65 71 72
27 28 36 42 51 59 61 63 64 73
27 28 36 42 51 59 61 63 64 71 72
27 28 36 42 46 59 61 65 78
27 28 36 42 46 59 61 65 76 77
27 28 36 42 46 59 61 63 64 78
27 28 36 42 46 59 61 63 64 76 77
27 28 36 42 46 51 59 61 65
27 28 36 42 46 51 59 61 63 64
27 28 36 40 41 59 61 65 73 78
27 28 36 40 41 59 61 65 73 76 77
27 28 36 40 41 59 61 65 71 72 78
27 28 36 40 41 59 61 65 71 72 76 77
27 28 36 40 41 59 61 63 64 73 78
27 28 36 40 41 59 61 63 64 73 76 77
27 28 36 40 41 59 61 63 64 71 72 78
27 28 36 40 41 59 61 63 64 71 72 76 77
27 28 36 40 41 51 59 61 65 73
27 28 36 40 41 51 59 61 65 71 72
27 28 36 40 41 51 59 61 63 64 73
27 28 36 40 41 51 59 61 63 64 71 72
27 28 36 40 41 46 59 61 65 78
27 28 36 40 41 46 59 61 65 76 77
27 28 36 40 41 46 59 61 63 64 78
27 28 36 40 41 46 59 61 63 64 76 77
27 28 36 40 41 46 51 59 61 65
27 28 36 40 41 46 51 59 61 63 64
27 28 36 38 42 59 61 73 78
27 28 36 38 42 59 61 73 76 77
27 28 36 38 42 59 61 71 72 78
27 28 36 38 42 59 61 71 72 76 77
27 28 36 38 42 51 59 61 73
27 28 36 38 42 51 59 61 71 72
27 28 36 38 42 46 59 61 78
27 28 36 38 42 46 59 61 76 77
27 28 36 38 42 46 51 59 61
27 28 36 38 40 41 59 61 73 78
27 28 36 38 40 41 59 61 73 76 77
27 28 36 38 40 41 59 61 71 72 78
27 28 36 38 40 41 59 61 71 72 76 77
27 28 36 38 40 41 51 59 61 73
27 28 36 38 40 41 51 59 61 71 72
27 28 36 38 40 41 46 59 61 78
27 28 36 38 40 41 46 59 61 76 77
27 28 36 38 40 41 46 51 59 61
15 27 28 59 61 62 65 73 78
15 27 28 59 61 62 65 73 76 77
15 27 28 59 61 62 65 71 72 78
15 27 28 59 61 62 65 71 72 76 77
15 27 28 51 59 61 62 65 73
15 27 28 51 59 61 62 65 71 72
15 27 28 46 59 61 62 65 78
15 27 28 46 59 61 62 65 76 77
15 27 28 46 51 59 61 62 65
15 27 28 38 59 61 62 73 78
15 27 28 38 59 61 62 73 76 77
15 27 28 38 59 61 62 71 72 78
15 27 28 38 59 61 62 71 72 76 77
15 27 28 38 51 59 61 62 73
15 27 28 38 51 59 61 62 71 72
15 27 28 38 46 59 61 62 78
15 27 28 38 46 59 61 62 76 77
15 27 28 38 46 51 59 61 62
15 27 28 36 59 61 65 73 78
15 27 28 36 59 61 65 73 76 77
15 27 28 36 59 61 65 71 72 78
15 27 28 36 59 61 65 71 72 76 77
15 27 28 36 59 61 63 64 73 78
15 27 28 36 59 61 63 64 73 76 77
15 27 28 36 59 61 63 64 71 72 78
15 27 28 36 59 61 63 64 71 72 76 77
15 27 28 36 51 59 61 65 73
15 27 28 36 51 59 61 65 71 72
15 27 28 36 51 59 61 63 64 73
15 27 28 36 51 59 61 63 64 71 72
15 27 28 36 46 59 61 65 78
15 27 28 36 46 59 61 65 76 77
15 27 28 36 46 59 61 63 64 78
15 27 28 36 46 59 61 63 64 76 77
15 27 28 36 46 51 59 61 65
15 27 28 36 46 51 59 61 63 64
15 27 28 36 38 59 61 73 78
15 27 28 36 38 59 61 73 76 77
15 27 28 36 38 59 61 71 72 78
15 27 28 36 38 59 61 71 72 76 77
15 27 28 36 38 51 59 61 73
15 27 28 36 38 51 59 61 71 72
15 27 28 36 38 46 59 61 78
15 27 28 36 38 46 59 61 76 77
15 27 28 36 38 46 51 59 61
57 61 73 78 79
57 61 71 72 78 79
57 59 60 73 78 79
57 59 60 71 72 78 79
53 57 61 73
53 57 61 71 72
53 57 59 60 73
53 57 59 60 71 72
46 57 61 78 79
46 57 59 60 78 79
46 53 57 61
46 53 57 59 60
34 57 73 78 79
34 57 71 72 78 79
34 53 57 73
34 53 57 71 72
34 46 57 78 79
34 46 53 57
29 42 59 61 63 65 73 78
29 42 59 61 63 65 73 76 77
29 42 59 61 63 65 71 72 78
29 42 59 61 63 65 71 72 76 77
29 42 51 59 61 63 65 73
29 42 51 59 61 63 65 71 72
29 42 46 59 61 63 65 78
29 42 46 59 61 63 65 76 77
29 42 46 51 59 61 63 65
29 40 41 59 61 63 65 73 78
29 40 41 59 61 63 65 73 76 77
29 40 41 59 61 63 65 71 72 78
29 40 41 59 61 63 65 71 72 76 77
29 40 41 51 59 61 63 65 73
29 40 41 51 59 61 63 65 71 72
29 40 41 46 59 61 63 65 78
29 40 41 46 59 61 63 65 76 77
29 40 41 46 51 59 61 63 65
29 38 42 59 61 63 73 78
29 38 42 59 61 63 73 76 77
29 38 42 59 61 63 71 72 78
29 38 42 59 61 63 71 72 76 77
29 38 42 51 59 61 63 73
29 38 42 51 59 61 63 71 72
29 38 42 46 59 61 63 78
29 38 42 46 59 61 63 76 77
29 38 42 46 51 59 61 63
29 38 40 41 59 61 63 73 78
29 38 40 41 59 61 63 73 76 77
29 38 40 41 59 61 63 71 72 78
29 38 40 41 59 61 63 71 72 76 77
29 38 40 41 51 59 61 63 73
29 38 40 41 51 59 61 63 71 72
29 38 40 41 46 59 61 63 78
29 38 40 41 46 59 61 63 76 77
29 38 40 41 46 51 59 61 63
15 29 59 61 63 65 73 78
15 29 59 61 63 65 73 76 77
15 29 59 61 63 65 71 72 78
15 29 59 61 63 65 71 72 76 77
15 29 51 59 61 63 65 73
15 29 51 59 61 63 65 71 72
15 29 46 59 61 63 65 78
15 29 46 59 61 63 65 76 77
15 29 46 51 59 61 63 65
15 29 38 59 61 63 73 78
15 29 38 59 61 63 73 76 77
15 29 38 59 61 63 71 72 78
15 29 38 59 61 63 71 72 76 77
15 29 38 51 59 61 63 73
15 29 38 51 59 61 63 71 72
15 29 38 46 59 61 63 78
15 29 38 46 59 61 63 76 77
15 29 38 46 51 59 61 63
42 59 73
42 59 71 72
42 59 61 73
42 59 61 71 72
42 46 59
42 46 59 61
40 41 59 73
40 41 59 71 72
40 41 59 61 73
40 41 59 61 71 72
40 41 46 59
40 41 46 59 61
15 59 73
15 59 71 72
15 59 61 73
15 59 61 71 72
15 46 59
15 46 59 61
42 59 61 62 63 64 73
42 59 61 62 63 64 71 72
42 46 59 61 62 63 64
40 41 59 61 62 63 64 73
40 41 59 61 62 63 64 71 72
40 41 46 59 61 62 63 64
15 59 61 62 63 64 73
15 59 61 62 63 64 71 72
15 46 59 61 62 63 64
42 59 63 65 71 78 79
42 59 63 65 69 70 78 79
42 59 63 64 71 78 79
42 59 63 64 69 70 78 79
42 59 61 63 65 71 78 79
42 59 61 63 65 69 70 78 79
42 59 61 63 64 71 78 79
42 59 61 63 64 69 70 78 79
42 53 59 63 65 71
42 53 59 63 65 69 70
42 53 59 63 64 71
42 53 59 63 64 69 70
42 53 59 61 63 65 71
42 53 59 61 63 65 69 70
42 53 59 61 63 64 71
42 53 59 61 63 64 69 70
42 44 59 63 65 78 79
42 44 59 63 64 78 79
42 44 59 61 63 65 78 79
42 44 59 61 63 64 78 79
42 44 53 59 63 65
42 44 53 59 63 64
42 44 53 59 61 63 65
42 44 53 59 61 63 64
40 41 59 63 65 71 78 79
40 41 59 63 65 69 70 78 79
40 41 59 63 64 71 78 79
40 41 59 63 64 69 70 78 79
40 41 59 61 63 65 71 78 79
40 41 59 61 63 65 69 70 78 79
40 41 59 61 63 64 71 78 79
40 41 59 61 63 64 69 70 78 79
40 41 53 59 63 65 71
40 41 53 59 63 65 69 70
40 41 53 59 63 64 71
40 41 53 59 63 64 69 70
40 41 53 59 61 63 65 71
40 41 53 59 61 63 65 69 70
40 41 53 59 61 63 64 71
40 41 53 59 61 63 64 69 70
40 41 44 59 63 65 78 79
40 41 44 59 63 64 78 79
40 41 44 59 61 63 65 78 79
40 41 44 59 61 63 64 78 79
40 41 44 53 59 63 65
40 41 44 53 59 63 64
40 41 44 53 59 61 63 65
40 41 44 53 59 61 63 64
38 42 59 63 71 78 79
38 42 59 63 69 70 78 79
38 42 59 61 63 71 78 79
38 42 59 61 63 69 70 78 79
38 42 53 59 63 71
38 42 53 59 63 69 70
38 42 53 59 61 63 71
38 42 53 59 61 63 69 70
38 42 44 59 63 78 79
38 42 44 59 61 63 78 79
38 42 44 53 59 63
38 42 44 53 59 61 63
38 40 41 59 63 71 78 79
38 40 41 59 63 69 70 78 79
38 40 41 59 61 63 71 78 79
38 40 41 59 61 63 69 70 78 79
38 40 41 53 59 63 71
38 40 41 53 59 63 69 70
38 40 41 53 59 61 63 71
38 40 41 53 59 61 63 69 70
38 40 41 44 59 63 78 79
38 40 41 44 59 61 63 78 79
38 40 41 44 53 59 63
38 40 41 44 53 59 61 63
36 42 59 65 71 78 79
36 42 59 65 69 70 78 79
36 42 59 63 64 71 78 79
36 42 59 63 64 69 70 78 79
36 42 59 61 65 71 78 79
36 42 59 61 65 69 70 78 79
36 42 59 61 63 64 71 78 79
36 42 59 61 63 64 69 70 78 79
36 42 53 59 65 71
36 42 53 59 65 69 70
36 42 53 59 63 64 71
36 42 53 59 63 64 69 70
36 42 53 59 61 65 71
36 42 53 59 61 65 69 70
36 42 53 59 61 63 64 71
36 42 53 59 61 63 64 69 70
36 42 44 59 65 78 79
36 42 44 59 63 64 78 79
36 42 44 59 61 65 78 79
36 42 44 59 61 63 64 78 79
36 42 44 53 59 65
36 42 44 53 59 63 64
36 42 44 53 59 61 65
36 42 44 53 59 61 63 64
36 40 41 59 65 71 78 79
36 40 41 59 65 69 70 78 79
36 40 41 59 63 64 71 78 79
36 40 41 59 63 64 69 70 78 79
36 40 41 59 61 65 71 78 79
36 40 41 59 61 65 69 70 78 79
36 40 41 59 61 63 64 71 78 79
36 40 41 59 61 63 64 69 70 78 79
36 40 41 53 59 65 71
36 40 41 53 59 65 69 70
36 40 41 53 59 63 64 71
36 40 41 53 59 63 64 69 70
36 40 41 53 59 61 65 71
36 40 41 53 59 61 65 69 70
36 40 41 53 59 61 63 64 71
36 40 41 53 59 61 63 64 69 70
36 40 41 44 59 65 78 79
36 40 41 44 59 63 64 78 79
36 40 41 44 59 61 65 78 79
36 40 41 44 59 61 63 64 78 79
36 40 41 44 53 59 65
36 40 41 44 53 59 63 64
36 40 41 44 53 59 61 65
36 40 41 44 53 59 61 63 64
36 38 42 59 71 78 79
36 38 42 59 69 70 78 79
36 38 42 59 61 71 78 79
36 38 42 59 61 69 70 78 79
36 38 42 53 59 71
36 38 42 53 59 69 70
36 38 42 53 59 61 71
36 38 42 53 59 61 69 70
36 38 42 44 59 78 79
36 38 42 44 59 61 78 79
36 38 42 44 53 59
36 38 42 44 53 59 61
36 38 40 41 59 71 78 79
36 38 40 41 59 69 70 78 79
36 38 40 41 59 61 71 78 79
36 38 40 41 59 61 69 70 78 79
36 38 40 41 53 59 71
36 38 40 41 53 59 69 70
36 38 40 41 53 59 61 71
36 38 40 41 53 59 61 69 70
36 38 40 41 44 59 78 79
36 38 40 41 44 59 61 78 79
36 38 40 41 44 53 59
36 38 40 41 44 53 59 61
15 59 63 65 71 78 79
15 59 63 65 69 70 78 79
15 59 63 64 71 78 79
15 59 63 64 69 70 78 79
15 59 61 63 65 71 78 79
15 59 61 63 65 69 70 78 79
15 59 61 63 64 71 78 79
15 59 61 63 64 69 70 78 79
15 53 59 63 65 71
15 53 59 63 65 69 70
15 53 59 63 64 71
15 53 59 63 64 69 70
15 53 59 61 63 65 71
15 53 59 61 63 65 69 70
15 53 59 61 63 64 71
15 53 59 61 63 64 69 70
15 44 59 63 65 78 79
15 44 59 63 64 78 79
15 44 59 61 63 65 78 79
15 44 59 61 63 64 78 79
15 44 53 59 63 65
15 44 53 59 63 64
15 44 53 59 61 63 65
15 44 53 59 61 63 64
15 38 59 63 71 78 79
15 38 59 63 69 70 78 79
15 38 59 61 63 71 78 79
15 38 59 61 63 69 70 78 79
15 38 53 59 63 71
15 38 53 59 63 69 70
15 38 53 59 61 63 71
15 38 53 59 61 63 69 70
15 38 44 59 63 78 79
15 38 44 59 61 63 78 79
15 38 44 53 59 63
15 38 44 53 59 61 63
15 36 59 65 71 78 79
15 36 59 65 69 70 78 79
15 36 59 63 64 71 78 79
15 36 59 63 64 69 70 78 79
15 36 59 61 65 71 78 79
15 36 59 61 65 69 70 78 79
15 36 59 61 63 64 71 78 79
15 36 59 61 63 64 69 70 78 79
15 36 53 59 65 71
15 36 53 59 65 69 70
15 36 53 59 63 64 71
15 36 53 59 63 64 69 70
15 36 53 59 61 65 71
15 36 53 59 61 65 69 70
15 36 53 59 61 63 64 71
15 36 53 59 61 63 64 69 70
15 36 44 59 65 78 79
15 36 44 59 63 64 78 79
15 36 44 59 61 65 78 79
15 36 44 59 61 63 64 78 79
15 36 44 53 59 65
15 36 44 53 59 63 64
15 36 44 53 59 61 65
15 36 44 53 59 61 63 64
15 36 38 59 71 78 79
15 36 38 59 69 70 78 79
15 36 38 59 61 71 78 79
15 36 38 59 61 69 70 78 79
15 36 38 53 59 71
15 36 38 53 59 69 70
15 36 38 53 59 61 71
15 36 38 53 59 61 69 70
15 36 38 44 59 78 79
15 36 38 44 59 61 78 79
15 36 38 44 53 59
15 36 38 44 53 59 61

68
59 69
59 68 69
55 68
42 59
42 59 68
22
20 68 69
20 67 68
20 42 68
1
1 67 73 78 79
1 67 71
1 67 71 72 78 79
1 67 69 70
1 65 66 73 78 79
1 65 66 71
1 65 66 71 72 78 79
1 65 66 69 70
1 61 67 78 79
1 61 65 66 78 79
1 53 67 73
1 53 67 71 72
1 53 65 66 73
1 53 65 66 71 72
1 53 61 67
1 53 61 65 66
1 46 67 78 79
1 46 65 66 78 79
1 46 53 67
1 46 53 65 66
1 44 67
1 44 65 66
1 40 73 78 79
1 40 71
1 40 71 72 78 79
1 40 69 70
1 40 61 78 79
1 40 53 73
1 40 53 71 72
1 40 53 61
1 40 46 78 79
1 40 46 53
1 40 44
1 10 67 78 79
1 10 65 66 78 79
1 10 53 67
1 10 53 65 66
1 10 40 78 79
1 10 40 53
29 42 59 63 65 73
29 42 59 63 65 71 72
29 42 46 59 63 65
29 40 41 59 63 65 73
29 40 41 59 63 65 71 72
29 40 41 46 59 63 65
29 38 42 59 63 73
29 38 42 59 63 71 72
29 38 42 46 59 63
29 38 40 41 59 63 73
29 38 40 41 59 63 71 72
29 38 40 41 46 59 63
27 28 42 59 63 65 73
27 28 42 59 63 65 71 72
27 28 42 46 59 63 65
27 28 40 41 59 63 65 73
27 28 40 41 59 63 65 71 72
27 28 40 41 46 59 63 65
27 28 38 42 59 63 73
27 28 38 42 59 63 71 72
27 28 38 42 46 59 63
27 28 38 40 41 59 63 73
27 28 38 40 41 59 63 71 72
27 28 38 40 41 46 59 63
15 29 59 63 65 73
15 29 59 63 65 71 72
15 29 46 59 63 65
15 29 38 59 63 73
15 29 38 59 63 71 72
15 29 38 46 59 63
15 27 28 59 63 65 73
15 27 28 59 63 65 71 72
15 27 28 46 59 63 65
15 27 28 38 59 63 73
15 27 28 38 59 63 71 72
15 27 28 38 46 59 63
2 42 59 63 65 73
2 42 59 63 65 71 72
2 42 46 59 63 65
2 40 41 59 63 65 73
2 40 41 59 63 65 71 72
2 40 41 46 59 63 65
2 38 42 59 63 73
2 38 42 59 63 71 72
2 38 42 46 59 63
2 38 40 41 59 63 73
2 38 40 41 59 63 71 72
2 38 40 41 46 59 63
2 15 59 63 65 73
2 15 59 63 65 71 72
2 15 46 59 63 65
2 15 38 59 63 73
2 15 38 59 63 71 72
2 15 38 46 59 63
42 59 63 65 73 78
42 59 63 65 73 76 77
42 59 63 65 71 72 78
42 59 63 65 71 72 76 77
42 59 63 64 73 78
42 59 63 64 73 76 77
42 59 63 64 71 72 78
42 59 63 64 71 72 76 77
42 51 59 63 65 73
42 51 59 63 65 71 72
42 51 59 63 64 73
42 51 59 63 64 71 72
42 46 59 63 65 78
42 46 59 63 65 76 77
42 46 59 63 64 78
42 46 59 63 64 76 77
42 46 51 59 63 65
42 46 51 59 63 64
40 41 59 63 65 73 78
40 41 59 63 65 73 76 77
40 41 59 63 65 71 72 78
40 41 59 63 65 71 72 76 77
40 41 59 63 64 73 78
40 41 59 63 64 73 76 77
40 41 59 63 64 71 72 78
40 41 59 63 64 71 72 76 77
40 41 51 59 63 65 73
40 41 51 59 63 65 71 72
40 41 51 59 63 64 73
40 41 51 59 63 64 71 72
40 41 46 59 63 65 78
40 41 46 59 63 65 76 77
40 41 46 59 63 64 78
40 41 46 59 63 64 76 77
40 41 46 51 59 63 65
40 41 46 51 59 63 64
38 42 59 63 73 78
38 42 59 63 73 76 77
38 42 59 63 71 72 78
38 42 59 63 71 72 76 77
38 42 51 59 63 73
38 42 51 59 63 71 72
38 42 46 59 63 78
38 42 46 59 63 76 77
38 42 46 51 59 63
38 40 41 59 63 73 78
38 40 41 59 63 73 76 77
38 40 41 59 63 71 72 78
38 40 41 59 63 71 72 76 77
38 40 41 51 59 63 73
38 40 41 51 59 63 71 72
38 40 41 46 59 63 78
38 40 41 46 59 63 76 77
38 40 41 46 51 59 63
15 59 63 65 73 78
15 59 63 65 73 76 77
15 59 63 65 71 72 78
15 59 63 65 71 72 76 77
15 59 63 64 73 78
15 59 63 64 73 76 77
15 59 63 64 71 72 78
15 59 63 64 71 72 76 77
15 51 59 63 65 73
15 51 59 63 65 71 72
15 51 59 63 64 73
15 51 59 63 64 71 72
15 46 59 63 65 78
15 46 59 63 65 76 77
15 46 59 63 64 78
15 46 59 63 64 76 77
15 46 51 59 63 65
15 46 51 59 63 64
15 38 59 63 73 78
15 38 59 63 73 76 77
15 38 59 63 71 72 78
15 38 59 63 71 72 76 77
15 38 51 59 63 73
15 38 51 59 63 71 72
15 38 46 59 63 78
15 38 46 59 63 76 77
15 38 46 51 59 63
2 42 59 61 62 65 73 78
2 42 59 61 62 65 73 76 77
2 42 59 61 62 65 71 72 78
2 42 59 61 62 65 71 72 76 77
2 42 51 59 61 62 65 73
2 42 51 59 61 62 65 71 72
2 42 46 59 61 62 65 78
2 42 46 59 61 62 65 76 77
2 42 46 51 59 61 62 65
2 40 41 59 61 62 65 73 78
2 40 41 59 61 62 65 73 76 77
2 40 41 59 61 62 65 71 72 78
2 40 41 59 61 62 65 71 72 76 77
2 40 41 51 59 61 62 65 73
2 40 41 51 59 61 62 65 71 72
2 40 41 46 59 61 62 65 78
2 40 41 46 59 61 62 65 76 77
2 40 41 46 51 59 61 62 65
2 38 42 59 61 62 73 78
2 38 42 59 61 62 73 76 77
2 38 42 59 61 62 71 72 78
2 38 42 59 61 62 71 72 76 77
2 38 42 51 59 61 62 73
2 38 42 51 59 61 62 71 72
2 38 42 46 59 61 62 78
2 38 42 46 59 61 62 76 77
2 38 42 46 51 59 61 62
2 38 40 41 59 61 62 73 78
2 38 40 41 59 61 62 73 76 77
2 38 40 41 59 61 62 71 72 78
2 38 40 41 59 61 62 71 72 76 77
2 38 40 41 51 59 61 62 73
2 38 40 41 51 59 61 62 71 72
2 38 40 41 46 59 61 62 78
2 38 40 41 46 59 61 62 76 77
2 38 40 41 46 51 59 61 62
2 36 42 59 61 65 73 78
2 36 42 59 61 65 73 76 77
2 36 42 59 61 65 71 72 78
2 36 42 59 61 65 71 72 76 77
2 36 42 59 61 63 64 73 78
2 36 42 59 61 63 64 73 76 77
2 36 42 59 61 63 64 71 72 78
2 36 42 59 61 63 64 71 72 76 77
2 36 42 51 59 61 65 73
2 36 42 51 59 61 65 71 72
2 36 42 51 59 61 63 64 73
2 36 42 51 59 61 63 64 71 72
2 36 42 46 59 61 65 78
2 36 42 46 59 61 65 76 77
2 36 42 46 59 61 63 64 78
2 36 42 46 59 61 63 64 76 77
2 36 42 46 51 59 61 65
2 36 42 46 51 59 61 63 64
2 36 40 41 59 61 65 73 78
2 36 40 41 59 61 65 73 76 77
2 36 40 41 59 61 65 71 72 78
2 36 40 41 59 61 65 71 72 76 77
2 36 40 41 59 61 63 64 73 78
2 36 40 41 59 61 63 64 73 76 77
2 36 40 41 59 61 63 64 71 72 78
2 36 40 41 59 61 63 64 71 72 76 77
2 36 40 41 51 59 61 65 73
2 36 40 41 51 59 61 65 71 72
2 36 40 41 51 59 61 63 64 73
2 36 40 41 51 59 61 63 64 71 72
2 36 40 41 46 59 61 65 78
2 36 40 41 46 59 61 65 76 77
2 36 40 41 46 59 61 63 64 78
2 36 40 41 46 59 61 63 64 76 77
2 36 40 41 46 51 59 61 65
2 36 40 41 46 51 59 61 63 64
2 36 38 42 59 61 73 78
2 36 38 42 59 61 73 76 77
2 36 38 42 59 61 71 72 78
2 36 38 42 59 61 71 72 76 77
2 36 38 42 51 59 61 73
2 36 38 42 51 59 61 71 72
2 36 38 42 46 59 61 78
2 36 38 42 46 59 61 76 77
2 36 38 42 46 51 59 61
2 36 38 40 41 59 61 73 78
2 36 38 40 41 59 61 73 76 77
2 36 38 40 41 59 61 71 72 78
2 36 38 40 41 59 61 71 72 76 77
2 36 38 40 41 51 59 61 73
2 36 38 40 41 51 59 61 71 72
2 36 38 40 41 46 59 61 78
2 36 38 40 41 46 59 61 76 77
2 36 38 40 41 46 51 59 61
2 15 59 61 62 65 73 78
2 15 59 61 62 65 73 76 77
2 15 59 61 62 65 71 72 78
2 15 59 61 62 65 71 72 76 77
2 15 51 59 61 62 65 73
2 15 51 59 61 62 65 71 72
2 15 46 59 61 62 65 78
2 15 46 59 61 62 65 76 77
2 15 46 51 59 61 62 65
2 15 38 59 61 62 73 78
2 15 38 59 61 62 73 76 77
2 15 38 59 61 62 71 72 78
2 15 38 59 61 62 71 72 76 77
2 15 38 51 59 61 62 73
2 15 38 51 59 61 62 71 72
2 15 38 46 59 61 62 78
2 15 38 46 59 61 62 76 77
2 15 38 46 51 59 61 62
2 15 36 59 61 65 73 78
2 15 36 59 61 65 73 76 77
2 15 36 59 61 65 71 72 78
2 15 36 59 61 65 71 72 76 77
2 15 36 59 61 63 64 73 78
2 15 36 59 61 63 64 73 76 77
2 15 36 59 61 63 64 71 72 78
2 15 36 59 61 63 64 71 72 76 77
2 15 36 51 59 61 65 73
2 15 36 51 59 61 65 71 72
2 15 36 51 59 61 63 64 73
2 15 36 51 59 61 63 64 71 72
2 15 36 46 59 61 65 78
2 15 36 46 59 61 65 76 77
2 15 36 46 59 61 63 64 78
2 15 36 46 59 61 63 64 76 77
2 15 36 46 51 59 61 65
2 15 36 46 51 59 61 63 64
2 15 36 38 59 61 73 78
2 15 36 38 59 61 73 76 77
2 15 36 38 59 61 71 72 78
2 15 36 38 59 61 71 72 76 77
2 15 36 38 51 59 61 73
2 15 36 38 51 59 61 71 72
2 15 36 38 46 59 61 78
2 15 36 38 46 59 61 76 77
2 15 36 38 46 51 59 61
42 59 63 73 78
42 59 63 73 76 77
42 59 63 71 72 78
42 59 63 71 72 76 77
42 59 61 62 73 78
42 59 61 62 73 76 77
42 59 61 62 71 72 78
42 59 61 62 71 72 76 77
42 51 59 63 73
42 51 59 63 71 72
42 51 59 61 62 73
42 51 59 61 62 71 72
42 46 59 63 78
42 46 59 63 76 77
42 46 59 61 62 78
42 46 59 61 62 76 77
42 46 51 59 63
42 46 51 59 61 62
40 41 59 63 73 78
40 41 59 63 73 76 77
40 41 59 63 71 72 78
40 41 59 63 71 72 76 77
40 41 59 61 62 73 78
40 41 59 61 62 73 76 77
40 41 59 61 62 71 72 78
40 41 59 61 62 71 72 76 77
40 41 51 59 63 73
40 41 51 59 63 71 72
40 41 51 59 61 62 73
40 41 51 59 61 62 71 72
40 41 46 59 63 78
40 41 46 59 63 76 77
40 41 46 59 61 62 78
40 41 46 59 61 62 76 77
40 41 46 51 59 63
40 41 46 51 59 61 62
36 42 59 73 78
36 42 59 73 76 77
36 42 59 71 72 78
36 42 59 71 72 76 77
36 42 51 59 73
36 42 51 59 71 72
36 42 46 59 78
36 42 46 59 76 77
36 42 46 51 59
36 40 41 59 73 78
36 40 41 59 73 76 77
36 40 41 59 71 72 78
36 40 41 59 71 72 76 77
36 40 41 51 59 73
36 40 41 51 59 71 72
36 40 41 46 59 78
36 40 41 46 59 76 77
36 40 41 46 51 59
15 59 63 73 78
15 59 63 73 76 77
15 59 63 71 72 78
15 59 63 71 72 76 77
15 59 61 62 73 78
15 59 61 62 73 76 77
15 59 61 62 71 72 78
15 59 61 62 71 72 76 77
15 51 59 63 73
15 51 59 63 71 72
15 51 59 61 62 73
15 51 59 61 62 71 72
15 46 59 63 78
15 46 59 63 76 77
15 46 59 61 62 78
15 46 59 61 62 76 77
15 46 51 59 63
15 46 51 59 61 62
15 36 59 73 78
15 36 59 73 76 77
15 36 59 71 72 78
15 36 59 71 72 76 77
15 36 51 59 73
15 36 51 59 71 72
15 36 46 59 78
15 36 46 59 76 77
15 36 46 51 59
2 42 59 63 65 73 78
2 42 59 63 65 73 76 77
2 42 59 63 65 71 72 78
2 42 59 63 65 71 72 76 77
2 42 59 63 64 73 78
2 42 59 63 64 73 76 77
2 42 59 63 64 71 72 78
2 42 59 63 64 71 72 76 77
2 42 51 59 63 65 73
2 42 51 59 63 65 71 72
2 42 51 59 63 64 73
2 42 51 59 63 64 71 72
2 42 46 59 63 65 78
2 42 46 59 63 65 76 77
2 42 46 59 63 64 78
2 42 46 59 63 64 76 77
2 42 46 51 59 63 65
2 42 46 51 59 63 64
2 40 41 59 63 65 73 78
2 40 41 59 63 65 73 76 77
2 40 41 59 63 65 71 72 78
2 40 41 59 63 65 71 72 76 77
2 40 41 59 63 64 73 78
2 40 41 59 63 64 73 76 77
2 40 41 59 63 64 71 72 78
2 40 41 59 63 64 71 72 76 77
2 40 41 51 59 63 65 73
2 40 41 51 59 63 65 71 72
2 40 41 51 59 63 64 73
2 40 41 51 59 63 64 71 72
2 40 41 46 59 63 65 78
2 40 41 46 59 63 65 76 77
2 40 41 46 59 63 64 78
2 40 41 46 59 63 64 76 77
2 40 41 46 51 59 63 65
2 40 41 46 51 59 63 64
2 38 42 59 63 73 78
2 38 42 59 63 73 76 77
2 38 42 59 63 71 72 78
2 38 42 59 63 71 72 76 77
2 38 42 51 59 63 73
2 38 42 51 59 63 71 72
2 38 42 46 59 63 78
2 38 42 46 59 63 76 77
2 38 42 46 51 59 63
2 38 40 41 59 63 73 78
2 38 40 41 59 63 73 76 77
2 38 40 41 59 63 71 72 78
2 38 40 41 59 63 71 72 76 77
2 38 40 41 51 59 63 73
2 38 40 41 51 59 63 71 72
2 38 40 41 46 59 63 78
2 38 40 41 46 59 63 76 77
2 38 40 41 46 51 59 63
2 15 59 63 65 73 78
2 15 59 63 65 73 76 77
2 15 59 63 65 71 72 78
2 15 59 63 65 71 72 76 77
2 15 59 63 64 73 78
2 15 59 63 64 73 76 77
2 15 59 63 64 71 72 78
2 15 59 63 64 71 72 76 77
2 15 51 59 63 65 73
2 15 51 59 63 65 71 72
2 15 51 59 63 64 73
2 15 51 59 63 64 71 72
2 15 46 59 63 65 78
2 15 46 59 63 65 76 77
2 15 46 59 63 64 78
2 15 46 59 63 64 76 77
2 15 46 51 59 63 65
2 15 46 51 59 63 64
2 15 38 59 63 73 78
2 15 38 59 63 73 76 77
2 15 38 59 63 71 72 78
2 15 38 59 63 71 72 76 77
2 15 38 51 59 63 73
2 15 38 51 59 63 71 72
2 15 38 46 59 63 78
2 15 38 46 59 63 76 77
2 15 38 46 51 59 63
27 28 42 59 61 62 63 65 73 78
27 28 42 59 61 62 63 65 73 76 77
27 28 42 59 61 62 63 65 71 72 78
27 28 42 59 61 62 63 65 71 72 76 77
27 28 42 51 59 61 62 63 65 73
27 28 42 51 59 61 62 63 65 71 72
27 28 42 46 59 61 62 63 65 78
27 28 42 46 59 61 62 63 65 76 77
27 28 42 46 51 59 61 62 63 65
27 28 40 41 59 61 62 63 65 73 78
27 28 40 41 59 61 62 63 65 73 76 77
27 28 40 41 59 61 62 63 65 71 72 78
27 28 40 41 59 61 62 63 65 71 72 76 77
27 28 40 41 51 59 61 62 63 65 73
27 28 40 41 51 59 61 62 63 65 71 72
27 28 40 41 46 59 61 62 63 65 78
27 28 40 41 46 59 61 62 63 65 76 77
27 28 40 41 46 51 59 61 62 63 65
27 28 38 42 59 61 62 63 73 78
27 28 38 42 59 61 62 63 73 76 77
27 28 38 42 59 61 62 63 71 72 78
27 28 38 42 59 61 62 63 71 72 76 77
27 28 38 42 51 59 61 62 63 73
27 28 38 42 51 59 61 62 63 71 72
27 28 38 42 46 59 61 62 63 78
27 28 38 42 46 59 61 62 63 76 77
27 28 38 42 46 51 59 61 62 63
27 28 38 40 41 59 61 62 63 73 78
27 28 38 40 41 59 61 62 63 73 76 77
27 28 38 40 41 59 61 62 63 71 72 78
27 28 38 40 41 59 61 62 63 71 72 76 77
27 28 38 40 41 51 59 61 62 63 73
27 28 38 40 41 51 59 61 62 63 71 72
27 28 38 40 41 46 59 61 62 63 78
27 28 38 40 41 46 59 61 62 63 76 77
27 28 38 40 41 46 51 59 61 62 63
27 28 36 42 59 63 65 73 78
27 28 36 42 59 63 65 73 76 77
27 28 36 42 59 63 65 71 72 78
27 28 36 42 59 63 65 71 72 76 77
27 28 36 42 59 63 64 73 78
27 28 36 42 59 63 64 73 76 77
27 28 36 42 59 63 64 71 72 78
27 28 36 42 59 63 64 71 72 76 77
27 28 36 42 51 59 63 65 73
27 28 36 42 51 59 63 65 71 72
27 28 36 42 51 59 63 64 73
27 28 36 42 51 59 63 64 71 72
27 28 36 42 46 59 63 65 78
27 28 36 42 46 59 63 65 76 77
27 28 36 42 46 59 63 64 78
27 28 36 42 46 59 63 64 76 77
27 28 36 42 46 51 59 63 65
27 28 36 42 46 51 59 63 64
27 28 36 40 41 59 63 65 73 78
27 28 36 40 41 59 63 65 73 76 77
27 28 36 40 41 59 63 65 71 72 78
27 28 36 40 41 59 63 65 71 72 76 77
27 28 36 40 41 59 63 64 73 78
27 28 36 40 41 59 63 64 73 76 77
27 28 36 40 41 59 63 64 71 72 78
27 28 36 40 41 59 63 64 71 72 76 77
27 28 36 40 41 51 59 63 65 73
27 28 36 40 41 51 59 63 65 71 72
27 28 36 40 41 51 59 63 64 73
27 28 36 40 41 51 59 63 64 71 72
27 28 36 40 41 46 59 63 65 78
27 28 36 40 41 46 59 63 65 76 77
27 28 36 40 41 46 59 63 64 78
27 28 36 40 41 46 59 63 64 76 77
27 28 36 40 41 46 51 59 63 65
27 28 36 40 41 46 51 59 63 64
27 28 36 38 42 59 63 73 78
27 28 36 38 42 59 63 73 76 77
27 28 36 38 42 59 63 71 72 78
27 28 36 38 42 59 63 71 72 76 77
27 28 36 38 42 51 59 63 73
27 28 36 38 42 51 59 63 71 72
27 28 36 38 42 46 59 63 78
27 28 36 38 42 46 59 63 76 77
27 28 36 38 42 46 51 59 63
27 28 36 38 40 41 59 63 73 78
27 28 36 38 40 41 59 63 73 76 77
27 28 36 38 40 41 59 63 71 72 78
27 28 36 38 40 41 59 63 71 72 76 77
27 28 36 38 40 41 51 59 63 73
27 28 36 38 40 41 51 59 63 71 72
27 28 36 38 40 41 46 59 63 78
27 28 36 38 40 41 46 59 63 76 77
27 28 36 38 40 41 46 51 59 63
15 27 28 59 61 62 63 65 73 78
15 27 28 59 61 62 63 65 73 76 77
15 27 28 59 61 62 63 65 71 72 78
15 27 28 59 61 62 63 65 71 72 76 77
15 27 28 51 59 61 62 63 65 73
15 27 28 51 59 61 62 63 65 71 72
15 27 28 46 59 61 62 63 65 78
15 27 28 46 59 61 62 63 65 76 77
15 27 28 46 51 59 61 62 63 65
15 27 28 38 59 61 62 63 73 78
15 27 28 38 59 61 62 63 73 76 77
15 27 28 38 59 61 62 63 71 72 78
15 27 28 38 59 61 62 63 71 72 76 77
15 27 28 38 51 59 61 62 63 73
15 27 28 38 51 59 61 62 63 71 72
15 27 28 38 46 59 61 62 63 78
15 27 28 38 46 59 61 62 63 76 77
15 27 28 38 46 51 59 61 62 63
15 27 28 36 59 63 65 73 78
15 27 28 36 59 63 65 73 76 77
15 27 28 36 59 63 65 71 72 78
15 27 28 36 59 63 65 71 72 76 77
15 27 28 36 59 63 64 73 78
15 27 28 36 59 63 64 73 76 77
15 27 28 36 59 63 64 71 72 78
15 27 28 36 59 63 64 71 72 76 77
15 27 28 36 51 59 63 65 73
15 27 28 36 51 59 63 65 71 72
15 27 28 36 51 59 63 64 73
15 27 28 36 51 59 63 64 71 72
15 27 28 36 46 59 63 65 78
15 27 28 36 46 59 63 65 76 77
15 27 28 36 46 59 63 64 78
15 27 28 36 46 59 63 64 76 77
15 27 28 36 46 51 59 63 65
15 27 28 36 46 51 59 63 64
15 27 28 36 38 59 63 73 78
15 27 28 36 38 59 63 73 76 77
15 27 28 36 38 59 63 71 72 78
15 27 28 36 38 59 63 71 72 76 77
15 27 28 36 38 51 59 63 73
15 27 28 36 38 51 59 63 71 72
15 27 28 36 38 46 59 63 78
15 27 28 36 38 46 59 63 76 77
15 27 28 36 38 46 51 59 63
29 42 59 65 73
29 42 59 65 71 72
29 42 46 59 65
29 40 41 59 65 73
29 40 41 59 65 71 72
29 40 41 46 59 65
29 38 42 59 73
29 38 42 59 71 72
29 38 42 46 59
29 38 40 41 59 73
29 38 40 41 59 71 72
29 38 40 41 46 59
27 28 42 59 65 73
27 28 42 59 65 71 72
27 28 42 46 59 65
27 28 40 41 59 65 73
27 28 40 41 59 65 71 72
27 28 40 41 46 59 65
27 28 38 42 59 73
27 28 38 42 59 71 72
27 28 38 42 46 59
27 28 38 40 41 59 73
27 28 38 40 41 59 71 72
27 28 38 40 41 46 59
15 29 59 65 73
15 29 59 65 71 72
15 29 46 59 65
15 29 38 59 73
15 29 38 59 71 72
15 29 38 46 59
15 27 28 59 65 73
15 27 28 59 65 71 72
15 27 28 46 59 65
15 27 28 38 59 73
15 27 28 38 59 71 72
15 27 28 38 46 59
2 42 59 65 73
2 42 59 65 71 72
2 42 46 59 65
2 40 41 59 65 73
2 40 41 59 65 71 72
2 40 41 46 59 65
2 38 42 59 73
2 38 42 59 71 72
2 38 42 46 59
2 38 40 41 59 73
2 38 40 41 59 71 72
2 38 40 41 46 59
2 15 59 65 73
2 15 59 65 71 72
2 15 46 59 65
2 15 38 59 73
2 15 38 59 71 72
2 15 38 46 59
29 42 59 61 62 65 73 78
29 42 59 61 62 65 73 76 77
29 42 59 61 62 65 71 72 78
29 42 59 61 62 65 71 72 76 77
29 42 51 59 61 62 65 73
29 42 51 59 61 62 65 71 72
29 42 46 59 61 62 65 78
29 42 46 59 61 62 65 76 77
29 42 46 51 59 61 62 65
29 40 41 59 61 62 65 73 78
29 40 41 59 61 62 65 73 76 77
29 40 41 59 61 62 65 71 72 78
29 40 41 59 61 62 65 71 72 76 77
29 40 41 51 59 61 62 65 73
29 40 41 51 59 61 62 65 71 72
29 40 41 46 59 61 62 65 78
29 40 41 46 59 61 62 65 76 77
29 40 41 46 51 59 61 62 65
29 38 42 59 61 62 73 78
29 38 42 59 61 62 73 76 77
29 38 42 59 61 62 71 72 78
29 38 42 59 61 62 71 72 76 77
29 38 42 51 59 61 62 73
29 38 42 51 59 61 62 71 72
29 38 42 46 59 61 62 78
29 38 42 46 59 61 62 76 77
29 38 42 46 51 59 61 62
29 38 40 41 59 61 62 73 78
29 38 40 41 59 61 62 73 76 77
29 38 40 41 59 61 62 71 72 78
29 38 40 41 59 61 62 71 72 76 77
29 38 40 41 51 59 61 62 73
29 38 40 41 51 59 61 62 71 72
29 38 40 41 46 59 61 62 78
29 38 40 41 46 59 61 62 76 77
29 38 40 41 46 51 59 61 62
29 36 42 59 61 65 73 78
29 36 42 59 61 65 73 76 77
29 36 42 59 61 65 71 72 78
29 36 42 59 61 65 71 72 76 77
29 36 42 59 61 63 64 73 78
29 36 42 59 61 63 64 73 76 77
29 36 42 59 61 63 64 71 72 78
29 36 42 59 61 63 64 71 72 76 77
29 36 42 51 59 61 65 73
29 36 42 51 59 61 65 71 72
29 36 42 51 59 61 63 64 73
29 36 42 51 59 61 63 64 71 72
29 36 42 46 59 61 65 78
29 36 42 46 59 61 65 76 77
29 36 42 46 59 61 63 64 78
29 36 42 46 59 61 63 64 76 77
29 36 42 46 51 59 61 65
29 36 42 46 51 59 61 63 64
29 36 40 41 59 61 65 73 78
29 36 40 41 59 61 65 73 76 77
29 36 40 41 59 61 65 71 72 78
29 36 40 41 59 61 65 71 72 76 77
29 36 40 41 59 61 63 64 73 78
29 36 40 41 59 61 63 64 73 76 77
29 36 40 41 59 61 63 64 71 72 78
29 36 40 41 59 61 63 64 71 72 76 77
29 36 40 41 51 59 61 65 73
29 36 40 41 51 59 61 65 71 72
29 36 40 41 51 59 61 63 64 73
29 36 40 41 51 59 61 63 64 71 72
29 36 40 41 46 59 61 65 78
29 36 40 41 46 59 61 65 76 77
29 36 40 41 46 59 61 63 64 78
29 36 40 41 46 59 61 63 64 76 77
29 36 40 41 46 51 59 61 65
29 36 40 41 46 51 59 61 63 64
29 36 38 42 59 61 73 78
29 36 38 42 59 61 73 76 77
29 36 38 42 59 61 71 72 78
29 36 38 42 59 61 71 72 76 77
29 36 38 42 51 59 61 73
29 36 38 42 51 59 61 71 72
29 36 38 42 46 59 61 78
29 36 38 42 46 59 61 76 77
29 36 38 42 46 51 59 61
29 36 38 40 41 59 61 73 78
29 36 38 40 41 59 61 73 76 77
29 36 38 40 41 59 61 71 72 78
29 36 38 40 41 59 61 71 72 76 77
29 36 38 40 41 51 59 61 73
29 36 38 40 41 51 59 61 71 72
29 36 38 40 41 46 59 61 78
29 36 38 40 41 46 59 61 76 77
29 36 38 40 41 46 51 59 61
15 29 59 61 62 65 73 78
15 29 59 61 62 65 73 76 77
15 29 59 61 62 65 71 72 78
15 29 59 61 62 65 71 72 76 77
15 29 51 59 61 62 65 73
15 29 51 59 61 62 65 71 72
15 29 46 59 61 62 65 78
15 29 46 59 61 62 65 76 77
15 29 46 51 59 61 62 65
15 29 38 59 61 62 73 78
15 29 38 59 61 62 73 76 77
15 29 38 59 61 62 71 72 78
15 29 38 59 61 62 71 72 76 77
15 29 38 51 59 61 62 73
15 29 38 51 59 61 62 71 72
15 29 38 46 59 61 62 78
15 29 38 46 59 61 62 76 77
15 29 38 46 51 59 61 62
15 29 36 59 61 65 73 78
15 29 36 59 61 65 73 76 77
15 29 36 59 61 65 71 72 78
15 29 36 59 61 65 71 72 76 77
15 29 36 59 61 63 64 73 78
15 29 36 59 61 63 64 73 76 77
15 29 36 59 61 63 64 71 72 78
15 29 36 59 61 63 64 71 72 76 77
15 29 36 51 59 61 65 73
15 29 36 51 59 61 65 71 72
15 29 36 51 59 61 63 64 73
15 29 36 51 59 61 63 64 71 72
15 29 36 46 59 61 65 78
15 29 36 46 59 61 65 76 77
15 29 36 46 59 61 63 64 78
15 29 36 46 59 61 63 64 76 77
15 29 36 46 51 59 61 65
15 29 36 46 51 59 61 63 64
15 29 36 38 59 61 73 78
15 29 36 38 59 61 73 76 77
15 29 36 38 59 61 71 72 78
15 29 36 38 59 61 71 72 76 77
15 29 36 38 51 59 61 73
15 29 36 38 51 59 61 71 72
15 29 36 38 46 59 61 78
15 29 36 38 46 59 61 76 77
15 29 36 38 46 51 59 61
42 57 73
42 57 71 72
42 57 58 73
42 57 58 71 72
42 46 57
42 46 57 58
40 41 57 73
40 41 57 71 72
40 41 57 58 73
40 41 57 58 71 72
40 41 46 57
40 41 46 57 58
16 42 57 73
16 42 57 71 72
16 42 46 57
16 40 41 57 73
16 40 41 57 71 72
16 40 41 46 57
15 57 73
15 57 71 72
15 57 58 73
15 57 58 71 72
15 46 57
15 46 57 58
15 16 57 73
15 16 57 71 72
15 16 46 57
14 15 57 73
14 15 57 71 72
14 15 46 57
14 15 42 57 73
14 15 42 57 71 72
14 15 42 46 57
14 15 40 41 57 73
14 15 40 41 57 71 72
14 15 40 41 46 57
2 42 59 61 62 63 65 73 78
2 42 59 61 62 63 65 73 76 77
2 42 59 61 62 63 65 71 72 78
2 42 59 61 62 63 65 71 72 76 77
2 42 51 59 61 62 63 65 73
2 42 51 59 61 62 63 65 71 72
2 42 46 59 61 62 63 65 78
2 42 46 59 61 62 63 65 76 77
2 42 46 51 59 61 62 63 65
2 40 41 59 61 62 63 65 73 78
2 40 41 59 61 62 63 65 73 76 77
2 40 41 59 61 62 63 65 71 72 78
2 40 41 59 61 62 63 65 71 72 76 77
2 40 41 51 59 61 62 63 65 73
2 40 41 51 59 61 62 63 65 71 72
2 40 41 46 59 61 62 63 65 78
2 40 41 46 59 61 62 63 65 76 77
2 40 41 46 51 59 61 62 63 65
2 38 42 59 61 62 63 73 78
2 38 42 59 61 62 63 73 76 77
2 38 42 59 61 62 63 71 72 78
2 38 42 59 61 62 63 71 72 76 77
2 38 42 51 59 61 62 63 73
2 38 42 51 59 61 62 63 71 72
2 38 42 46 59 61 62 63 78
2 38 42 46 59 61 62 63 76 77
2 38 42 46 51 59 61 62 63
2 38 40 41 59 61 62 63 73 78
2 38 40 41 59 61 62 63 73 76 77
2 38 40 41 59 61 62 63 71 72 78
2 38 40 41 59 61 62 63 71 72 76 77
2 38 40 41 51 59 61 62 63 73
2 38 40 41 51 59 61 62 63 71 72
2 38 40 41 46 59 61 62 63 78
2 38 40 41 46 59 61 62 63 76 77
2 38 40 41 46 51 59 61 62 63
2 36 42 59 63 65 73 78
2 36 42 59 63 65 73 76 77
2 36 42 59 63 65 71 72 78
2 36 42 59 63 65 71 72 76 77
2 36 42 59 63 64 73 78
2 36 42 59 63 64 73 76 77
2 36 42 59 63 64 71 72 78
2 36 42 59 63 64 71 72 76 77
2 36 42 51 59 63 65 73
2 36 42 51 59 63 65 71 72
2 36 42 51 59 63 64 73
2 36 42 51 59 63 64 71 72
2 36 42 46 59 63 65 78
2 36 42 46 59 63 65 76 77
2 36 42 46 59 63 64 78
2 36 42 46 59 63 64 76 77
2 36 42 46 51 59 63 65
2 36 42 46 51 59 63 64
2 36 40 41 59 63 65 73 78
2 36 40 41 59 63 65 73 76 77
2 36 40 41 59 63 65 71 72 78
2 36 40 41 59 63 65 71 72 76 77
2 36 40 41 59 63 64 73 78
2 36 40 41 59 63 64 73 76 77
2 36 40 41 59 63 64 71 72 78
2 36 40 41 59 63 64 71 72 76 77
2 36 40 41 51 59 63 65 73
2 36 40 41 51 59 63 65 71 72
2 36 40 41 51 59 63 64 73
2 36 40 41 51 59 63 64 71 72
2 36 40 41 46 59 63 65 78
2 36 40 41 46 59 63 65 76 77
2 36 40 41 46 59 63 64 78
2 36 40 41 46 59 63 64 76 77
2 36 40 41 46 51 59 63 65
2 36 40 41 46 51 59 63 64
2 36 38 42 59 63 73 78
2 36 38 42 59 63 73 76 77
2 36 38 42 59 63 71 72 78
2 36 38 42 59 63 71 72 76 77
2 36 38 42 51 59 63 73
2 36 38 42 51 59 63 71 72
2 36 38 42 46 59 63 78
2 36 38 42 46 59 63 76 77
2 36 38 42 46 51 59 63
2 36 38 40 41 59 63 73 78
2 36 38 40 41 59 63 73 76 77
2 36 38 40 41 59 63 71 72 78
2 36 38 40 41 59 63 71 72 76 77
2 36 38 40 41 51 59 63 73
2 36 38 40 41 51 59 63 71 72
2 36 38 40 41 46 59 63 78
2 36 38 40 41 46 59 63 76 77
2 36 38 40 41 46 51 59 63
2 15 59 61 62 63 65 73 78
2 15 59 61 62 63 65 73 76 77
2 15 59 61 62 63 65 71 72 78
2 15 59 61 62 63 65 71 72 76 77
2 15 51 59 61 62 63 65 73
2 15 51 59 61 62 63 65 71 72
2 15 46 59 61 62 63 65 78
2 15 46 59 61 62 63 65 76 77
2 15 46 51 59 61 62 63 65
2 15 38 59 61 62 63 73 78
2 15 38 59 61 62 63 73 76 77
2 15 38 59 61 62 63 71 72 78
2 15 38 59 61 62 63 71 72 76 77
2 15 38 51 59 61 62 63 73
2 15 38 51 59 61 62 63 71 72
2 15 38 46 59 61 62 63 78
2 15 38 46 59 61 62 63 76 77
2 15 38 46 51 59 61 62 63
2 15 36 59 63 65 73 78
2 15 36 59 63 65 73 76 77
2 15 36 59 63 65 71 72 78
2 15 36 59 63 65 71 72 76 77
2 15 36 59 63 64 73 78
2 15 36 59 63 64 73 76 77
2 15 36 59 63 64 71 72 78
2 15 36 59 63 64 71 72 76 77
2 15 36 51 59 63 65 73
2 15 36 51 59 63 65 71 72
2 15 36 51 59 63 64 73
2 15 36 51 59 63 64 71 72
2 15 36 46 59 63 65 78
2 15 36 46 59 63 65 76 77
2 15 36 46 59 63 64 78
2 15 36 46 59 63 64 76 77
2 15 36 46 51 59 63 65
2 15 36 46 51 59 63 64
2 15 36 38 59 63 73 78
2 15 36 38 59 63 73 76 77
2 15 36 38 59 63 71 72 78
2 15 36 38 59 63 71 72 76 77
2 15 36 38 51 59 63 73
2 15 36 38 51 59 63 71 72
2 15 36 38 46 59 63 78
2 15 36 38 46 59 63 76 77
2 15 36 38 46 51 59 63
57 59 73
57 59 71 72
46 57 59
31 57 59 73
31 57 59 71 72
31 46 57 59
29 30 57 59 73
29 30 57 59 71 72
29 30 46 57 59
4 57 59 73
4 57 59 71 72
4 46 57 59
59 73 75
59 73 74
59 71 72 75
59 71 72 73 74
59 63 73
59 63 71 72
48 59 73
48 59 71 72
46 59 75
46 59 73 74
46 59 63
46 48 59
30 59 73
30 59 71 72
30 46 59
28 29 59 73
28 29 59 71 72
28 29 46 59
4 59 73
4 59 71 72
4 46 59
3 59 73
3 59 71 72
3 46 59
42 59 63 65 73
42 59 63 65 71 72
42 59 63 64 73
42 59 63 64 71 72
42 59 61 62 63 65 73
42 59 61 62 63 65 71 72
42 46 59 63 65
42 46 59 63 64
42 46 59 61 62 63 65
40 41 59 63 65 73
40 41 59 63 65 71 72
40 41 59 63 64 73
40 41 59 63 64 71 72
40 41 59 61 62 63 65 73
40 41 59 61 62 63 65 71 72
40 41 46 59 63 65
40 41 46 59 63 64
40 41 46 59 61 62 63 65
38 42 59 63 73
38 42 59 63 71 72
38 42 59 61 62 63 73
38 42 59 61 62 63 71 72
38 42 46 59 63
38 42 46 59 61 62 63
38 40 41 59 63 73
38 40 41 59 63 71 72
38 40 41 59 61 62 63 73
38 40 41 59 61 62 63 71 72
38 40 41 46 59 63
38 40 41 46 59 61 62 63
36 42 59 63 65 73
36 42 59 63 65 71 72
36 42 59 63 64 73
36 42 59 63 64 71 72
36 42 46 59 63 65
36 42 46 59 63 64
36 40 41 59 63 65 73
36 40 41 59 63 65 71 72
36 40 41 59 63 64 73
36 40 41 59 63 64 71 72
36 40 41 46 59 63 65
36 40 41 46 59 63 64
36 38 42 59 63 73
36 38 42 59 63 71 72
36 38 42 46 59 63
36 38 40 41 59 63 73
36 38 40 41 59 63 71 72
36 38 40 41 46 59 63
15 59 63 65 73
15 59 63 65 71 72
15 59 63 64 73
15 59 63 64 71 72
15 59 61 62 63 65 73
15 59 61 62 63 65 71 72
15 46 59 63 65
15 46 59 63 64
15 46 59 61 62 63 65
15 38 59 63 73
15 38 59 63 71 72
15 38 59 61 62 63 73
15 38 59 61 62 63 71 72
15 38 46 59 63
15 38 46 59 61 62 63
15 36 59 63 65 73
15 36 59 63 65 71 72
15 36 59 63 64 73
15 36 59 63 64 71 72
15 36 46 59 63 65
15 36 46 59 63 64
15 36 38 59 63 73
15 36 38 59 63 71 72
15 36 38 46 59 63
34 42 57 59 73
34 42 57 59 71 72
34 42 46 57 59
34 40 41 57 59 73
34 40 41 57 59 71 72
34 40 41 46 57 59
15 34 57 59 73
15 34 57 59 71 72
15 34 46 57 59
61 69
61 67 68
42 61
42 59 61 62 65 73 78
42 59 61 62 65 73 76 77
42 59 61 62 65 71 72 78
42 59 61 62 65 71 72 76 77
42 51 59 61 62 65 73
42 51 59 61 62 65 71 72
42 46 59 61 62 65 78
42 46 59 61 62 65 76 77
42 46 51 59 61 62 65
40 41 59 61 62 65 73 78
40 41 59 61 62 65 73 76 77
40 41 59 61 62 65 71 72 78
40 41 59 61 62 65 71 72 76 77
40 41 51 59 61 62 65 73
40 41 51 59 61 62 65 71 72
40 41 46 59 61 62 65 78
40 41 46 59 61 62 65 76 77
40 41 46 51 59 61 62 65
38 42 59 61 62 73 78
38 42 59 61 62 73 76 77
38 42 59 61 62 71 72 78
38 42 59 61 62 71 72 76 77
38 42 51 59 61 62 73
38 42 51 59 61 62 71 72
38 42 46 59 61 62 78
38 42 46 59 61 62 76 77
38 42 46 51 59 61 62
38 40 41 59 61 62 73 78
38 40 41 59 61 62 73 76 77
38 40 41 59 61 62 71 72 78
38 40 41 59 61 62 71 72 76 77
38 40 41 51 59 61 62 73
38 40 41 51 59 61 62 71 72
38 40 41 46 59 61 62 78
38 40 41 46 59 61 62 76 77
38 40 41 46 51 59 61 62
36 42 59 61 65 73 78
36 42 59 61 65 73 76 77
36 42 59 61 65 71 72 78
36 42 59 61 65 71 72 76 77
36 42 59 61 63 64 73 78
36 42 59 61 63 64 73 76 77
36 42 59 61 63 64 71 72 78
36 42 59 61 63 64 71 72 76 77
36 42 51 59 61 65 73
36 42 51 59 61 65 71 72
36 42 51 59 61 63 64 73
36 42 51 59 61 63 64 71 72
36 42 46 59 61 65 78
36 42 46 59 61 65 76 77
36 42 46 59 61 63 64 78
36 42 46 59 61 63 64 76 77
36 42 46 51 59 61 65
36 42 46 51 59 61 63 64
36 40 41 59 61 65 73 78
36 40 41 59 61 65 73 76 77
36 40 41 59 61 65 71 72 78
36 40 41 59 61 65 71 72 76 77
36 40 41 59 61 63 64 73 78
36 40 41 59 61 63 64 73 76 77
36 40 41 59 61 63 64 71 72 78
36 40 41 59 61 63 64 71 72 76 77
36 40 41 51 59 61 65 73
36 40 41 51 59 61 65 71 72
36 40 41 51 59 61 63 64 73
36 40 41 51 59 61 63 64 71 72
36 40 41 46 59 61 65 78
36 40 41 46 59 61 65 76 77
36 40 41 46 59 61 63 64 78
36 40 41 46 59 61 63 64 76 77
36 40 41 46 51 59 61 65
36 40 41 46 51 59 61 63 64
36 38 42 59 61 73 78
36 38 42 59 61 73 76 77
36 38 42 59 61 71 72 78
36 38 42 59 61 71 72 76 77
36 38 42 51 59 61 73
36 38 42 51 59 61 71 72
36 38 42 46 59 61 78
36 38 42 46 59 61 76 77
36 38 42 46 51 59 61
36 38 40 41 59 61 73 78
36 38 40 41 59 61 73 76 77
36 38 40 41 59 61 71 72 78
36 38 40 41 59 61 71 72 76 77
36 38 40 41 51 59 61 73
36 38 40 41 51 59 61 71 72
36 38 40 41 46 59 61 78
36 38 40 41 46 59 61 76 77
36 38 40 41 46 51 59 61
15 59 61 62 65 73 78
15 59 61 62 65 73 76 77
15 59 61 62 65 71 72 78
15 59 61 62 65 71 72 76 77
15 51 59 61 62 65 73
15 51 59 61 62 65 71 72
15 46 59 61 62 65 78
15 46 59 61 62 65 76 77
15 46 51 59 61 62 65
15 38 59 61 62 73 78
15 38 59 61 62 73 76 77
15 38 59 61 62 71 72 78
15 38 59 61 62 71 72 76 77
15 38 51 59 61 62 73
15 38 51 59 61 62 71 72
15 38 46 59 61 62 78
15 38 46 59 61 62 76 77
15 38 46 51 59 61 62
15 36 59 61 65 73 78
15 36 59 61 65 73 76 77
15 36 59 61 65 71 72 78
15 36 59 61 65 71 72 76 77
15 36 59 61 63 64 73 78
15 36 59 61 63 64 73 76 77
15 36 59 61 63 64 71 72 78
15 36 59 61 63 64 71 72 76 77
15 36 51 59 61 65 73
15 36 51 59 61 65 71 72
15 36 51 59 61 63 64 73
15 36 51 59 61 63 64 71 72
15 36 46 59 61 65 78
15 36 46 59 61 65 76 77
15 36 46 59 61 63 64 78
15 36 46 59 61 63 64 76 77
15 36 46 51 59 61 65
15 36 46 51 59 61 63 64
15 36 38 59 61 73 78
15 36 38 59 61 73 76 77
15 36 38 59 61 71 72 78
15 36 38 59 61 71 72 76 77
15 36 38 51 59 61 73
15 36 38 51 59 61 71 72
15 36 38 46 59 61 78
15 36 38 46 59 61 76 77
15 36 38 46 51 59 61
59 63
59 61 62
36 59
29 42 59 61 65 73
29 42 59 61 65 71 72
29 42 59 61 63 64 73
29 42 59 61 63 64 71 72
29 42 46 59 61 65
29 42 46 59 61 63 64
29 40 41 59 61 65 73
29 40 41 59 61 65 71 72
29 40 41 59 61 63 64 73
29 40 41 59 61 63 64 71 72
29 40 41 46 59 61 65
29 40 41 46 59 61 63 64
29 38 42 59 61 73
29 38 42 59 61 71 72
29 38 42 46 59 61
29 38 40 41 59 61 73
29 38 40 41 59 61 71 72
29 38 40 41 46 59 61
27 28 42 59 61 65 73
27 28 42 59 61 65 71 72
27 28 42 59 61 63 64 73
27 28 42 59 61 63 64 71 72
27 28 42 46 59 61 65
27 28 42 46 59 61 63 64
27 28 40 41 59 61 65 73
27 28 40 41 59 61 65 71 72
27 28 40 41 59 61 63 64 73
27 28 40 41 59 61 63 64 71 72
27 28 40 41 46 59 61 65
27 28 40 41 46 59 61 63 64
27 28 38 42 59 61 73
27 28 38 42 59 61 71 72
27 28 38 42 46 59 61
27 28 38 40 41 59 61 73
27 28 38 40 41 59 61 71 72
27 28 38 40 41 46 59 61
15 29 59 61 65 73
15 29 59 61 65 71 72
15 29 59 61 63 64 73
15 29 59 61 63 64 71 72
15 29 46 59 61 65
15 29 46 59 61 63 64
15 29 38 59 61 73
15 29 38 59 61 71 72
15 29 38 46 59 61
15 27 28 59 61 65 73
15 27 28 59 61 65 71 72
15 27 28 59 61 63 64 73
15 27 28 59 61 63 64 71 72
15 27 28 46 59 61 65
15 27 28 46 59 61 63 64
15 27 28 38 59 61 73
15 27 28 38 59 61 71 72
15 27 28 38 46 59 61
2 42 59 61 65 73
2 42 59 61 65 71 72
2 42 59 61 63 64 73
2 42 59 61 63 64 71 72
2 42 46 59 61 65
2 42 46 59 61 63 64
2 40 41 59 61 65 73
2 40 41 59 61 65 71 72
2 40 41 59 61 63 64 73
2 40 41 59 61 63 64 71 72
2 40 41 46 59 61 65
2 40 41 46 59 61 63 64
2 38 42 59 61 73
2 38 42 59 61 71 72
2 38 42 46 59 61
2 38 40 41 59 61 73
2 38 40 41 59 61 71 72
2 38 40 41 46 59 61
2 15 59 61 65 73
2 15 59 61 65 71 72
2 15 59 61 63 64 73
2 15 59 61 63 64 71 72
2 15 46 59 61 65
2 15 46 59 61 63 64
2 15 38 59 61 73
2 15 38 59 61 71 72
2 15 38 46 59 61
42 59 61 62 63 65 73 78
42 59 61 62 63 65 73 76 77
42 59 61 62 63 65 71 72 78
42 59 61 62 63 65 71 72 76 77
42 51 59 61 62 63 65 73
42 51 59 61 62 63 65 71 72
42 46 59 61 62 63 65 78
42 46 59 61 62 63 65 76 77
42 46 51 59 61 62 63 65
40 41 59 61 62 63 65 73 78
40 41 59 61 62 63 65 73 76 77
40 41 59 61 62 63 65 71 72 78
40 41 59 61 62 63 65 71 72 76 77
40 41 51 59 61 62 63 65 73
40 41 51 59 61 62 63 65 71 72
40 41 46 59 61 62 63 65 78
40 41 46 59 61 62 63 65 76 77
40 41 46 51 59 61 62 63 65
38 42 59 61 62 63 73 78
38 42 59 61 62 63 73 76 77
38 42 59 61 62 63 71 72 78
38 42 59 61 62 63 71 72 76 77
38 42 51 59 61 62 63 73
38 42 51 59 61 62 63 71 72
38 42 46 59 61 62 63 78
38 42 46 59 61 62 63 76 77
38 42 46 51 59 61 62 63
38 40 41 59 61 62 63 73 78
38 40 41 59 61 62 63 73 76 77
38 40 41 59 61 62 63 71 72 78
38 40 41 59 61 62 63 71 72 76 77
38 40 41 51 59 61 62 63 73
38 40 41 51 59 61 62 63 71 72
38 40 41 46 59 61 62 63 78
38 40 41 46 59 61 62 63 76 77
38 40 41 46 51 59 61 62 63
36 42 59 63 65 73 78
36 42 59 63 65 73 76 77
36 42 59 63 65 71 72 78
36 42 59 63 65 71 72 76 77
36 42 59 63 64 73 78
36 42 59 63 64 73 76 77
36 42 59 63 64 71 72 78
36 42 59 63 64 71 72 76 77
36 42 51 59 63 65 73
36 42 51 59 63 65 71 72
36 42 51 59 63 64 73
36 42 51 59 63 64 71 72
36 42 46 59 63 65 78
36 42 46 59 63 65 76 77
36 42 46 59 63 64 78
36 42 46 59 63 64 76 77
36 42 46 51 59 63 65
36 42 46 51 59 63 64
36 40 41 59 63 65 73 78
36 40 41 59 63 65 73 76 77
36 40 41 59 63 65 71 72 78
36 40 41 59 63 65 71 72 76 77
36 40 41 59 63 64 73 78
36 40 41 59 63 64 73 76 77
36 40 41 59 63 64 71 72 78
36 40 41 59 63 64 71 72 76 77
36 40 41 51 59 63 65 73
36 40 41 51 59 63 65 71 72
36 40 41 51 59 63 64 73
36 40 41 51 59 63 64 71 72
36 40 41 46 59 63 65 78
36 40 41 46 59 63 65 76 77
36 40 41 46 59 63 64 78
36 40 41 46 59 63 64 76 77
36 40 41 46 51 59 63 65
36 40 41 46 51 59 63 64
36 38 42 59 63 73 78
36 38 42 59 63 73 76 77
36 38 42 59 63 71 72 78
36 38 42 59 63 71 72 76 77
36 38 42 51 59 63 73
36 38 42 51 59 63 71 72
36 38 42 46 59 63 78
36 38 42 46 59 63 76 77
36 38 42 46 51 59 63
36 38 40 41 59 63 73 78
36 38 40 41 59 63 73 76 77
36 38 40 41 59 63 71 72 78
36 38 40 41 59 63 71 72 76 77
36 38 40 41 51 59 63 73
36 38 40 41 51 59 63 71 72
36 38 40 41 46 59 63 78
36 38 40 41 46 59 63 76 77
36 38 40 41 46 51 59 63
15 59 61 62 63 65 73 78
15 59 61 62 63 65 73 76 77
15 59 61 62 63 65 71 72 78
15 59 61 62 63 65 71 72 76 77
15 51 59 61 62 63 65 73
15 51 59 61 62 63 65 71 72
15 46 59 61 62 63 65 78
15 46 59 61 62 63 65 76 77
15 46 51 59 61 62 63 65
15 38 59 61 62 63 73 78
15 38 59 61 62 63 73 76 77
15 38 59 61 62 63 71 72 78
15 38 59 61 62 63 71 72 76 77
15 38 51 59 61 62 63 73
15 38 51 59 61 62 63 71 72
15 38 46 59 61 62 63 78
15 38 46 59 61 62 63 76 77
15 38 46 51 59 61 62 63
15 36 59 63 65 73 78
15 36 59 63 65 73 76 77
15 36 59 63 65 71 72 78
15 36 59 63 65 71 72 76 77
15 36 59 63 64 73 78
15 36 59 63 64 73 76 77
15 36 59 63 64 71 72 78
15 36 59 63 64 71 72 76 77
15 36 51 59 63 65 73
15 36 51 59 63 65 71 72
15 36 51 59 63 64 73
15 36 51 59 63 64 71 72
15 36 46 59 63 65 78
15 36 46 59 63 65 76 77
15 36 46 59 63 64 78
15 36 46 59 63 64 76 77
15 36 46 51 59 63 65
15 36 46 51 59 63 64
15 36 38 59 63 73 78
15 36 38 59 63 73 76 77
15 36 38 59 63 71 72 78
15 36 38 59 63 71 72 76 77
15 36 38 51 59 63 73
15 36 38 51 59 63 71 72
15 36 38 46 59 63 78
15 36 38 46 59 63 76 77
15 36 38 46 51 59 63
59 60 69 73
59 60 69 71 72
59 60 67 68 73
59 60 67 68 71 72
59 60 63 69 73
59 60 63 69 71 72
59 60 63 67 68 73
59 60 63 67 68 71 72
46 59 60 69
46 59 60 67 68
46 59 60 63 69
46 59 60 63 67 68
42 59 60 73
42 59 60 71 72
42 59 60 63 73
42 59 60 63 71 72
42 46 59 60
42 46 59 60 63
18 59 69 73
18 59 69 71 72
18 59 67 68 73
18 59 67 68 71 72
18 59 63 69 73
18 59 63 69 71 72
18 59 63 67 68 73
18 59 63 67 68 71 72
18 46 59 69
18 46 59 67 68
18 46 59 63 69
18 46 59 63 67 68
18 42 59 73
18 42 59 71 72
18 42 59 63 73
18 42 59 63 71 72
18 42 46 59
18 42 46 59 63
16 17 59 69 73
16 17 59 69 71 72
16 17 59 67 68 73
16 17 59 67 68 71 72
16 17 59 63 69 73
16 17 59 63 69 71 72
16 17 59 63 67 68 73
16 17 59 63 67 68 71 72
16 17 46 59 69
16 17 46 59 67 68
16 17 46 59 63 69
16 17 46 59 63 67 68
16 17 42 59 73
16 17 42 59 71 72
16 17 42 59 63 73
16 17 42 59 63 71 72
16 17 42 46 59
16 17 42 46 59 63
4 59 60 69 73
4 59 60 69 71 72
4 59 60 67 68 73
4 59 60 67 68 71 72
4 46 59 60 69
4 46 59 60 67 68
4 42 59 60 73
4 42 59 60 71 72
4 42 46 59 60
4 18 59 69 73
4 18 59 69 71 72
4 18 59 67 68 73
4 18 59 67 68 71 72
4 18 46 59 69
4 18 46 59 67 68
4 18 42 59 73
4 18 42 59 71 72
4 18 42 46 59
4 16 17 59 69 73
4 16 17 59 69 71 72
4 16 17 59 67 68 73
4 16 17 59 67 68 71 72
4 16 17 46 59 69
4 16 17 46 59 67 68
4 16 17 42 59 73
4 16 17 42 59 71 72
4 16 17 42 46 59
