34 69 78 79
34 67 68 78 79
34 53
34 42 78 79
34 55 61 69 71
34 55 61 67 68 71
34 55 61 67 68 69 70
34 44 55 61 69
34 44 55 61 67 68
34 42 55 61 71
34 42 55 61 69 70
34 42 44 55 61

69 70
34 73
34 71 72
34 55
34 55 73
34 55 71 72
34 55 69 73
34 55 69 71 72
34 55 68
34 55 67 68 73
34 55 67 68 71 72
34 46 55
34 46 55 69
34 46 55 67 68
34 42 55 73
34 42 55 71 72
34 42 46 55
1 34 55 69
1 34 55 67 68
1 34 42 55
34 44 45
34 37
34 35 36
19 34
10 34
67 68 78 79
61 69 78 79
61 67 68 78 79
53
53 67 68
53 61 69
53 61 67 68
42 61 78 79
42 53 61
1 61 69
1 61 67 68
1 42 61
57 59 60 73
57 59 60 71 72
46 57 59 60
33 57 59 73
33 57 59 71 72
33 46 57 59
34 57 61 69
34 57 61 67 68
34 55 56 61 69
34 55 56 61 67 68
34 42 57 61
34 42 55 56 61
30 34 61 69
30 34 61 67 68
30 34 42 61
59 68 69 78 79
55 59 61
53 59 68 69
42 59 68 78 79
42 53 59 68
20 59 61
20 55 59 61
55 69
51 67 68
51 52
49 50 67 68
42 55
34 61 69 78 79
34 61 67 68 78 79
34 59 68
34 53 61 69
34 53 61 67 68
34 42 61 78 79
34 42 53 61
24 67 68
20 34 69
20 34 67 68
20 34 42
14 57 59 73
14 57 59 71 72
14 48 57 59 73
14 48 57 59 71 72
14 46 57 59
14 46 48 57 59
14 46 47 57 59
14 46 47 57 59 73
14 46 47 57 59 71 72
14 21 57 59 73
14 21 57 59 71 72
14 21 46 57 59
52 53
25 78 79
25 53
10 78 79
10 53
1
1 71
1 69 70
1 59
1 59 78 79
1 59 69 78 79
1 59 67 68 78 79
1 53 59
1 53 59 69
1 53 59 67 68
1 44
1 42 59 78 79
1 42 53 59
1 38 69
1 38 67 68
1 38 42
1 36 71
1 36 69
1 36 69 70
1 36 67 68
1 36 59 69
1 36 59 69 78 79
1 36 59 67 68
1 36 59 67 68 78 79
1 36 54 69
1 36 54 67 68
1 36 53 59 69
1 36 53 59 67 68
1 36 44
1 36 42
1 36 42 59
1 36 42 59 78 79
1 36 42 54
1 36 42 53 59
1 25 59 69 78 79
1 25 59 67 68 78 79
1 25 53 59 69
1 25 53 59 67 68
1 25 42 59 78 79
1 25 42 53 59
1 9 36 69
1 9 36 67 68
1 9 36 42
1 8
69 77 78 79
68 69 78 79
67 68 77 78 79
66 69
66 67 68
64 65 69
64 65 67 68
57 58 69
57 58 67 68
57 58 59 69 78 79
57 58 59 67 68 78 79
55 69 78 79
55 67 68 78 79
54 68 69 78 79
53 69 79
53 69 77 78
53 68 69
53 67 68 79
53 67 68 77 78
53 57 58 59 69
53 57 58 59 67 68
53 55 69
53 55 67 68
53 54 69 78 79
53 54 68 69
53 54 67 68 78 79
52 69 78 79
52 67 68 78 79
46 53 69 78 79
46 53 67 68 78 79
46 51 52 69 78 79
46 51 52 67 68 78 79
46 51 52 53 69
46 51 52 53 67 68
45 69
45 67 68
44 55 69 78 79
44 55 67 68 78 79
44 53 55 69
44 53 55 67 68
44 53 54 69
44 53 54 69 78 79
44 53 54 67 68
44 53 54 67 68 78 79
44 45 69 78 79
44 45 67 68 78 79
44 45 53 69 78 79
44 45 53 67 68 78 79
44 45 51 52 69 78 79
44 45 51 52 67 68 78 79
44 45 51 52 53 69
44 45 51 52 53 67 68
43 69 78 79
43 67 68 78 79
43 53 69
43 53 67 68
42 77 78 79
42 68
42 68 78 79
42 66
42 64 65
42 57 58
42 57 58 59 78 79
42 55 78 79
42 54 68 78 79
42 53 79
42 53 77 78
42 53 68
42 53 57 58 59
42 53 55
42 53 54 78 79
42 53 54 68
42 52 78 79
42 46 53 78 79
42 46 51 52 78 79
42 46 51 52 53
42 45
42 44 55 78 79
42 44 53 55
42 44 53 54
42 44 53 54 78 79
42 44 45 78 79
42 44 45 53 78 79
42 44 45 51 52 78 79
42 44 45 51 52 53
42 43 78 79
42 43 55 78 79
42 43 55 69 78 79
42 43 55 67 68 78 79
42 43 53
42 43 53 55
42 43 53 55 69
42 43 53 55 67 68
42 43 53 54
42 43 53 54 78 79
42 43 53 54 69
42 43 53 54 69 78 79
42 43 53 54 67 68
42 43 53 54 67 68 78 79
39 69
39 67 68
39 42
37 69 78 79
37 67 68 78 79
37 53 69 78 79
37 53 67 68 78 79
37 51 52 69 78 79
37 51 52 67 68 78 79
37 51 52 53 69
37 51 52 53 67 68
37 42 78 79
37 42 53 78 79
37 42 51 52 78 79
37 42 51 52 53
36 69 78 79
36 68 69 78 79
36 59 69 78 79
36 59 67 68 78 79
36 53 69
36 53 68 69
36 53 59 69
36 53 59 67 68
36 42 78 79
36 42 68 78 79
36 42 59 78 79
36 42 53
36 42 53 68
36 42 53 59
35 69 78 79
35 67 68 78 79
35 55 69 78 79
35 55 67 68 78 79
35 53 55 69
35 53 55 67 68
35 53 54 69
35 53 54 69 78 79
35 53 54 67 68
35 53 54 67 68 78 79
35 42 78 79
35 42 55 78 79
35 42 53 55
35 42 53 54
35 42 53 54 78 79
35 36 69 78 79
35 36 67 68 78 79
35 36 53 69 78 79
35 36 53 67 68 78 79
35 36 51 52 69 78 79
35 36 51 52 67 68 78 79
35 36 51 52 53 69
35 36 51 52 53 67 68
35 36 42 78 79
35 36 42 53 78 79
35 36 42 51 52 78 79
35 36 42 51 52 53
33 34 55 69 78 79
33 34 55 67 68 78 79
33 34 53 55 69
33 34 53 55 67 68
33 34 53 54 69
33 34 53 54 69 78 79
33 34 53 54 67 68
33 34 53 54 67 68 78 79
33 34 42 55 78 79
33 34 42 53 55
33 34 42 53 54
33 34 42 53 54 78 79
32 69
32 67 68
32 59 69 78 79
32 59 67 68 78 79
32 53 59 69
32 53 59 67 68
32 42
32 42 59 78 79
32 42 53 59
28 44 69 78 79
28 44 67 68 78 79
28 44 53 69
28 44 53 67 68
28 42 44 78 79
28 42 44 53
28 42 43 78 79
28 42 43 69 78 79
28 42 43 67 68 78 79
28 42 43 53
28 42 43 53 69
28 42 43 53 67 68
28 35 69 78 79
28 35 67 68 78 79
28 35 53 69
28 35 53 67 68
28 35 42 78 79
28 35 42 53
28 33 34 69 78 79
28 33 34 67 68 78 79
28 33 34 53 69
28 33 34 53 67 68
28 33 34 42 78 79
28 33 34 42 53
26 46 69 78 79
26 46 67 68 78 79
26 46 53 69
26 46 53 67 68
26 44 45 69 78 79
26 44 45 67 68 78 79
26 44 45 53 69
26 44 45 53 67 68
26 42 46 78 79
26 42 46 53
26 42 44 45 78 79
26 42 44 45 53
26 37 69 78 79
26 37 67 68 78 79
26 37 53 69
26 37 53 67 68
26 37 42 78 79
26 37 42 53
26 35 36 69 78 79
26 35 36 67 68 78 79
26 35 36 53 69
26 35 36 53 67 68
26 35 36 42 78 79
26 35 36 42 53
26 27 69 78 79
26 27 67 68 78 79
26 27 53 69
26 27 53 67 68
26 27 42 78 79
26 27 42 53
20 67 68
19 53 69
19 53 69 78 79
19 53 67 68
19 53 67 68 78 79
19 51 52 69 78 79
19 51 52 67 68 78 79
19 51 52 53 69
19 51 52 53 67 68
19 42 53
19 42 53 78 79
19 42 51 52 78 79
19 42 51 52 53
19 26 69 78 79
19 26 67 68 78 79
19 26 53 69
19 26 53 67 68
19 26 42 78 79
19 26 42 53
17 55 69 78 79
17 55 67 68 78 79
17 53 55 69
17 53 55 67 68
17 53 54 69
17 53 54 69 78 79
17 53 54 67 68
17 53 54 67 68 78 79
17 42 55 78 79
17 42 53 55
17 42 53 54
17 42 53 54 78 79
17 28 69 78 79
17 28 67 68 78 79
17 28 53 69
17 28 53 67 68
17 28 42 78 79
17 28 42 53
17 18 69 78 79
17 18 67 68 78 79
17 18 53 69
17 18 53 67 68
17 18 42 78 79
17 18 42 53
10 69 78 79
10 67 68 78 79
10 53 69 78 79
10 53 67 68 78 79
10 51 52 69 78 79
10 51 52 67 68 78 79
10 51 52 53 69
10 51 52 53 67 68
10 42 78 79
10 42 53 78 79
10 42 51 52 78 79
10 42 51 52 53
10 26 69 78 79
10 26 67 68 78 79
10 26 53 69
10 26 53 67 68
10 26 42 78 79
10 26 42 53
9 69 78 79
9 67 68 78 79
9 53 69
9 53 67 68
9 42 78 79
9 42 53
8 69 78 79
8 67 68 78 79
8 55 69 78 79
8 55 67 68 78 79
8 54 69 78 79
8 54 67 68 78 79
8 53 69
8 53 67 68
8 53 55 69
8 53 55 67 68
8 53 54 69 78 79
8 53 54 67 68 78 79
8 42 78 79
8 42 55 78 79
8 42 54 78 79
8 42 53
8 42 53 55
8 42 53 54 78 79
8 36 69 78 79
8 36 67 68 78 79
8 36 53 69
8 36 53 67 68
8 36 42 78 79
8 36 42 53
8 28 69 78 79
8 28 67 68 78 79
8 28 53 69
8 28 53 67 68
8 28 42 78 79
8 28 42 53
1 42 43 78 79
1 42 43 69 78 79
1 42 43 67 68 78 79
1 42 43 53
1 42 43 53 69
1 42 43 53 67 68
1 35 69 78 79
1 35 67 68 78 79
1 35 53 69
1 35 53 67 68
1 35 42 78 79
1 35 42 53
1 33 34 69 78 79
1 33 34 67 68 78 79
1 33 34 53 69
1 33 34 53 67 68
1 33 34 42 78 79
1 33 34 42 53
1 17 69 78 79
1 17 67 68 78 79
1 17 53 69
1 17 53 67 68
1 17 42 78 79
1 17 42 53
1 8 69 78 79
1 8 67 68 78 79
1 8 53 69
1 8 53 67 68
1 8 42 78 79
1 8 42 53
0 68 69 78 79
0 67 68 78 79
0 53 68 69
0 53 67 68
0 42 68 78 79
0 42 53 68
36 69
36 42
59 78 79
59 69 70
53 59
51 69
49 50 69
42 51
42 49 50
34 63 69 78 79
34 63 68
34 63 67 68 78 79
34 61 62 69 78 79
34 61 62 68
34 61 62 67 68 78 79
34 54 69 78 79
34 54 68
34 54 67 68 78 79
34 53 54 69
34 53 54 67 68
34 52 53 69 78 79
34 52 53 68
34 52 53 67 68 78 79
34 42 63 78 79
34 42 61 62 78 79
34 42 54 78 79
34 42 53 54
34 42 52 53 78 79
27 34 69 78 79
27 34 68
27 34 67 68 78 79
27 34 53 69
27 34 53 67 68
27 34 42 78 79
27 34 42 53
25 69 78 79
25 67 68 78 79
25 53 69
25 53 67 68
25 42 78 79
25 42 53
24 69
24 42
1 71 78 79
1 67 71 78 79
1 67 69 70 78 79
1 53 71
1 53 67 71
1 53 67 69 70
1 44 78 79
1 44 67 78 79
1 44 53
1 44 53 67
1 25 71 78 79
1 25 69
1 25 69 70 78 79
1 25 67 68
1 25 53 71
1 25 53 69 70
1 25 44 78 79
1 25 44 53
1 25 42
1 23 24 71 78 79
1 23 24 69 70 78 79
1 23 24 53 71
1 23 24 53 69 70
1 23 24 44 78 79
1 23 24 44 53
67 68 70
67 68 69
63
61 62
54
54 68
54 68 69
52
52 69
52 67 68
46
42 70
42 68 69
42 54 68
42 52
41
36 68
36 68 69
36 59
36 42 68
34 63 69
34 63 67 68
34 61 62 69
34 61 62 67 68
34 54 69
34 54 67 68
34 42 63
34 42 61 62
34 42 54
27
27 34 69
27 34 67 68
27 34 42
20
11
10 71
10 69
10 69 70
10 67 68
10 44
10 42
8
8 69
8 67 68
8 42
8 9
8 9 69
8 9 67 68
8 9 42
7
0 68
0 68 69
0 67 68
0 42 68
34 44
34 42 43
34 35
33 34
17 34
8 34
57 59 73
57 59 71 72
57 59 60 61 73
57 59 60 61 71 72
46 57 59 60 61
34 57 59 61 73
34 57 59 61 71 72
34 46 57 59 61
46 69 78 79
46 67 68 78 79
42 46 78 79
1 65 69
1 65 67 68
1 63 64 69
1 63 64 67 68
1 56 69
1 56 67 68
1 54 55 69
1 54 55 67 68
1 42 65
1 42 63 64
1 42 56
1 42 54 55
1 29 69
1 29 67 68
1 29 42
59 69 78 79
53 59 69
42 59 78 79
42 53 59
38 69
38 67 68
38 42
1 67
1 65 66
1 40
1 36 69 78 79
1 36 67 68 78 79
1 36 59
1 36 53 69
1 36 53 67 68
1 36 42 78 79
1 36 42 53
1 35 69
1 35 67 68
1 35 42
51 78 79
51 53
49 50 78 79
49 50 53
38 78 79
38 69 78 79
38 67 68 78 79
38 61 69 78 79
38 61 67 68 78 79
38 53
38 53 69
38 53 67 68
38 53 61 69
38 53 61 67 68
38 42 78 79
38 42 61 78 79
38 42 53
38 42 53 61
36 54 78 79
36 53 54
24 78 79
24 53
9 36 78 79
9 36 53
1 36 78 79
1 36 53
3 69 78 79
3 67 68 78 79
3 53 69
3 53 67 68
3 42 78 79
3 42 53
1 69 71 78 79
1 67 68 71 78 79
1 67 68 69 70 78 79
1 53 69 71
1 53 67 68 71
1 53 67 68 69 70
1 42 71 78 79
1 42 69 70 78 79
1 42 53 71
1 42 53 69 70
1 25 59 69
1 25 59 67 68
1 25 42 59
67 78 79
65 69
65 67 68
65 66 78 79
61 69
61 67
61 65 66
57 58
57 58 59
54 69
53 67
53 65 66
42 65
42 61
42 54
40 78 79
40 61
40 53
36 65 69
36 65 67 68
36 61 69
36 61 67 68
36 42 65
36 42 61
35 69
35 67 68
35 42
32 59
22 69 78 79
22 67 68 78 79
22 53 69
22 53 67 68
22 42 78 79
22 42 53
20 69 78 79
20 68 69
20 67 68 78 79
20 65 69
20 65 67 68
20 53 69
20 53 67 68
20 42 78 79
20 42 68
20 42 65
20 42 53
20 36 65 69
20 36 65 67 68
20 36 42 65
9 69
9 67 68
9 42
1 61 69 78 79
1 61 67 68 78 79
1 59 69
1 59 67 68
1 55 59 69
1 55 59 67 68
1 54 69
1 54 67 68
1 53 61 69
1 53 61 67 68
1 42 61 78 79
1 42 59
1 42 55 59
1 42 54
1 42 53 61
1 20 69
1 20 67 68
1 20 42
1 9 69
1 9 67 68
1 9 42
1 36 67
1 36 65 66
1 36 40
55 59
55 59 78 79
53 55 59
53 54 59 78 79
28 59
28 59 78 79
28 53 59
61 69 71
61 69 70
61 67 68 71
61 67 68 69 70
51 61 71
51 61 69 70
49 50 61 71
49 50 61 69 70
44 61 69
44 61 67 68
44 51 61
44 49 50 61
42 61 71
42 61 69 70
42 44 61
24 61 71
24 61 69 70
24 44 61
34 57 61
34 55 61 71
34 55 56 61
34 53 54 61 71
34 53 54 61 69 70
34 44 55 61
34 44 53 54 61
30 34 61
28 34 61 71
28 34 61 69 70
28 34 44 61
53 54 59 69
53 54 59 67 68
42 53 54 59
28 59 69
28 59 67 68
28 42 59
51 52 69
51 52 67 68
42 51 52
26 69
26 67 68
26 42
59 68 71
44 59 68
65
63 64
63 64 78 79
59 73
59 71 72
59 67
59 65
59 65 66
59 63 64
56 78 79
56 59
55 78 79
54 55 78 79
54 55 59
53 63
53 63 64
53 61 62
53 56
53 55
53 54 78 79
53 54 55
50
48 49
46 59
44 45 78 79
44 45 53
40 59
36 67 78 79
36 65 66 78 79
36 53 67
36 53 65 66
36 40 78 79
36 40 53
35 78 79
35 53
35 36 78 79
35 36 53
29 78 79
29 59
29 53
28 78 79
28 53
25 59 78 79
25 53 59
23
19 78 79
19 53
10
3 78 79
3 53
55 61
44 59 73
44 59 71 72
57 58 59 60 73
57 58 59 60 71 72
48 57 59 61 73
48 57 59 61 71 72
46 57 59 73
46 57 59 71 72
46 57 58 59 60
46 48 57 59 61
46 47 57 59 61
46 47 57 59 61 73
46 47 57 59 61 71 72
44 45 57 59 73
44 45 57 59 71 72
44 45 46 57 59
33 57 58 59 73
33 57 58 59 71 72
33 46 57 58 59
32 57 59 60 73
32 57 59 60 71 72
32 57 58 59 73
32 57 58 59 71 72
32 46 57 59 60
32 46 57 58 59
32 33 57 59 73
32 33 57 59 71 72
32 33 46 57 59
21 57 59 61 73
21 57 59 61 71 72
21 46 57 59 61
19 57 59 73
19 57 59 71 72
19 46 57 59
34 51 52 69
34 51 52 67 68
34 51 52 63 69
34 51 52 63 67 68
34 51 52 61 62 69
34 51 52 61 62 67 68
34 42 51 52
34 42 51 52 63
34 42 51 52 61 62
34 36 53 69
34 36 53 67 68
34 36 51 52 69
34 36 51 52 67 68
34 36 42 53
34 36 42 51 52
26 34 69
26 34 67 68
26 34 63 69
26 34 63 67 68
26 34 61 62 69
26 34 61 62 67 68
26 34 42
26 34 42 63
26 34 42 61 62
26 34 36 69
26 34 36 67 68
26 34 36 42
44 46 59
42 43 59 73
42 43 59 71 72
42 43 46 59
17 59 73
17 59 71 72
17 46 59
34 51 69
34 51 67 68
34 49 50 69
34 49 50 67 68
34 42 51
34 42 49 50
24 34 69
24 34 67 68
24 34 42
49 59 73
49 59 71 72
47 48 59 73
47 48 59 71 72
46 49 59
46 47 48 59
40 59 61 73
40 59 61 71 72
40 59 60 73
40 59 60 71 72
40 46 59 61
40 46 59 60
38 39 59 61 73
38 39 59 61 71 72
38 39 59 60 73
38 39 59 60 71 72
38 39 46 59 61
38 39 46 59 60
34 40 59 73
34 40 59 71 72
34 40 46 59
34 38 39 59 73
34 38 39 59 71 72
34 38 39 46 59
22 59 73
22 59 71 72
22 46 59
13 59 61 73
13 59 61 71 72
13 59 60 73
13 59 60 71 72
13 46 59 61
13 46 59 60
13 34 59 73
13 34 59 71 72
13 34 46 59
44 59 61 65 73 78
44 59 61 65 73 76 77
44 59 61 65 71 72 78
44 59 61 65 71 72 76 77
44 59 61 63 64 73 78
44 59 61 63 64 73 76 77
44 59 61 63 64 71 72 78
44 59 61 63 64 71 72 76 77
44 51 59 61 65 73
44 51 59 61 65 71 72
44 51 59 61 63 64 73
44 51 59 61 63 64 71 72
44 46 59 61 65 78
44 46 59 61 65 76 77
44 46 59 61 63 64 78
44 46 59 61 63 64 76 77
44 46 51 59 61 65
44 46 51 59 61 63 64
42 43 59 61 65 73 78
42 43 59 61 65 73 76 77
42 43 59 61 65 71 72 78
42 43 59 61 65 71 72 76 77
42 43 59 61 63 64 73 78
42 43 59 61 63 64 73 76 77
42 43 59 61 63 64 71 72 78
42 43 59 61 63 64 71 72 76 77
42 43 51 59 61 65 73
42 43 51 59 61 65 71 72
42 43 51 59 61 63 64 73
42 43 51 59 61 63 64 71 72
42 43 46 59 61 65 78
42 43 46 59 61 65 76 77
42 43 46 59 61 63 64 78
42 43 46 59 61 63 64 76 77
42 43 46 51 59 61 65
42 43 46 51 59 61 63 64
38 44 59 61 73 78
38 44 59 61 73 76 77
38 44 59 61 71 72 78
38 44 59 61 71 72 76 77
38 44 51 59 61 73
38 44 51 59 61 71 72
38 44 46 59 61 78
38 44 46 59 61 76 77
38 44 46 51 59 61
38 42 43 59 61 73 78
38 42 43 59 61 73 76 77
38 42 43 59 61 71 72 78
38 42 43 59 61 71 72 76 77
38 42 43 51 59 61 73
38 42 43 51 59 61 71 72
38 42 43 46 59 61 78
38 42 43 46 59 61 76 77
38 42 43 46 51 59 61
30 44 59 61 65 73 78
30 44 59 61 65 73 76 77
30 44 59 61 65 71 72 78
30 44 59 61 65 71 72 76 77
30 44 59 61 63 64 73 78
30 44 59 61 63 64 73 76 77
30 44 59 61 63 64 71 72 78
30 44 59 61 63 64 71 72 76 77
30 44 51 59 61 65 73
30 44 51 59 61 65 71 72
30 44 51 59 61 63 64 73
30 44 51 59 61 63 64 71 72
30 44 46 59 61 65 78
30 44 46 59 61 65 76 77
30 44 46 59 61 63 64 78
30 44 46 59 61 63 64 76 77
30 44 46 51 59 61 65
30 44 46 51 59 61 63 64
30 42 43 59 61 65 73 78
30 42 43 59 61 65 73 76 77
30 42 43 59 61 65 71 72 78
30 42 43 59 61 65 71 72 76 77
30 42 43 59 61 63 64 73 78
30 42 43 59 61 63 64 73 76 77
30 42 43 59 61 63 64 71 72 78
30 42 43 59 61 63 64 71 72 76 77
30 42 43 51 59 61 65 73
30 42 43 51 59 61 65 71 72
30 42 43 51 59 61 63 64 73
30 42 43 51 59 61 63 64 71 72
30 42 43 46 59 61 65 78
30 42 43 46 59 61 65 76 77
30 42 43 46 59 61 63 64 78
30 42 43 46 59 61 63 64 76 77
30 42 43 46 51 59 61 65
30 42 43 46 51 59 61 63 64
30 38 44 59 61 73 78
30 38 44 59 61 73 76 77
30 38 44 59 61 71 72 78
30 38 44 59 61 71 72 76 77
30 38 44 51 59 61 73
30 38 44 51 59 61 71 72
30 38 44 46 59 61 78
30 38 44 46 59 61 76 77
30 38 44 46 51 59 61
30 38 42 43 59 61 73 78
30 38 42 43 59 61 73 76 77
30 38 42 43 59 61 71 72 78
30 38 42 43 59 61 71 72 76 77
30 38 42 43 51 59 61 73
30 38 42 43 51 59 61 71 72
30 38 42 43 46 59 61 78
30 38 42 43 46 59 61 76 77
30 38 42 43 46 51 59 61
28 29 44 59 61 65 73 78
28 29 44 59 61 65 73 76 77
28 29 44 59 61 65 71 72 78
28 29 44 59 61 65 71 72 76 77
28 29 44 59 61 63 64 73 78
28 29 44 59 61 63 64 73 76 77
28 29 44 59 61 63 64 71 72 78
28 29 44 59 61 63 64 71 72 76 77
28 29 44 51 59 61 65 73
28 29 44 51 59 61 65 71 72
28 29 44 51 59 61 63 64 73
28 29 44 51 59 61 63 64 71 72
28 29 44 46 59 61 65 78
28 29 44 46 59 61 65 76 77
28 29 44 46 59 61 63 64 78
28 29 44 46 59 61 63 64 76 77
28 29 44 46 51 59 61 65
28 29 44 46 51 59 61 63 64
28 29 42 43 59 61 65 73 78
28 29 42 43 59 61 65 73 76 77
28 29 42 43 59 61 65 71 72 78
28 29 42 43 59 61 65 71 72 76 77
28 29 42 43 59 61 63 64 73 78
28 29 42 43 59 61 63 64 73 76 77
28 29 42 43 59 61 63 64 71 72 78
28 29 42 43 59 61 63 64 71 72 76 77
28 29 42 43 51 59 61 65 73
28 29 42 43 51 59 61 65 71 72
28 29 42 43 51 59 61 63 64 73
28 29 42 43 51 59 61 63 64 71 72
28 29 42 43 46 59 61 65 78
28 29 42 43 46 59 61 65 76 77
28 29 42 43 46 59 61 63 64 78
28 29 42 43 46 59 61 63 64 76 77
28 29 42 43 46 51 59 61 65
28 29 42 43 46 51 59 61 63 64
28 29 38 44 59 61 73 78
28 29 38 44 59 61 73 76 77
28 29 38 44 59 61 71 72 78
28 29 38 44 59 61 71 72 76 77
28 29 38 44 51 59 61 73
28 29 38 44 51 59 61 71 72
28 29 38 44 46 59 61 78
28 29 38 44 46 59 61 76 77
28 29 38 44 46 51 59 61
28 29 38 42 43 59 61 73 78
28 29 38 42 43 59 61 73 76 77
28 29 38 42 43 59 61 71 72 78
28 29 38 42 43 59 61 71 72 76 77
28 29 38 42 43 51 59 61 73
28 29 38 42 43 51 59 61 71 72
28 29 38 42 43 46 59 61 78
28 29 38 42 43 46 59 61 76 77
28 29 38 42 43 46 51 59 61
17 59 61 65 73 78
17 59 61 65 73 76 77
17 59 61 65 71 72 78
17 59 61 65 71 72 76 77
17 59 61 63 64 73 78
17 59 61 63 64 73 76 77
17 59 61 63 64 71 72 78
17 59 61 63 64 71 72 76 77
17 51 59 61 65 73
17 51 59 61 65 71 72
17 51 59 61 63 64 73
17 51 59 61 63 64 71 72
17 46 59 61 65 78
17 46 59 61 65 76 77
17 46 59 61 63 64 78
17 46 59 61 63 64 76 77
17 46 51 59 61 65
17 46 51 59 61 63 64
17 38 59 61 73 78
17 38 59 61 73 76 77
17 38 59 61 71 72 78
17 38 59 61 71 72 76 77
17 38 51 59 61 73
17 38 51 59 61 71 72
17 38 46 59 61 78
17 38 46 59 61 76 77
17 38 46 51 59 61
17 30 59 61 65 73 78
17 30 59 61 65 73 76 77
17 30 59 61 65 71 72 78
17 30 59 61 65 71 72 76 77
17 30 59 61 63 64 73 78
17 30 59 61 63 64 73 76 77
17 30 59 61 63 64 71 72 78
17 30 59 61 63 64 71 72 76 77
17 30 51 59 61 65 73
17 30 51 59 61 65 71 72
17 30 51 59 61 63 64 73
17 30 51 59 61 63 64 71 72
17 30 46 59 61 65 78
17 30 46 59 61 65 76 77
17 30 46 59 61 63 64 78
17 30 46 59 61 63 64 76 77
17 30 46 51 59 61 65
17 30 46 51 59 61 63 64
17 30 38 59 61 73 78
17 30 38 59 61 73 76 77
17 30 38 59 61 71 72 78
17 30 38 59 61 71 72 76 77
17 30 38 51 59 61 73
17 30 38 51 59 61 71 72
17 30 38 46 59 61 78
17 30 38 46 59 61 76 77
17 30 38 46 51 59 61
17 28 29 59 61 65 73 78
17 28 29 59 61 65 73 76 77
17 28 29 59 61 65 71 72 78
17 28 29 59 61 65 71 72 76 77
17 28 29 59 61 63 64 73 78
17 28 29 59 61 63 64 73 76 77
17 28 29 59 61 63 64 71 72 78
17 28 29 59 61 63 64 71 72 76 77
17 28 29 51 59 61 65 73
17 28 29 51 59 61 65 71 72
17 28 29 51 59 61 63 64 73
17 28 29 51 59 61 63 64 71 72
17 28 29 46 59 61 65 78
17 28 29 46 59 61 65 76 77
17 28 29 46 59 61 63 64 78
17 28 29 46 59 61 63 64 76 77
17 28 29 46 51 59 61 65
17 28 29 46 51 59 61 63 64
17 28 29 38 59 61 73 78
17 28 29 38 59 61 73 76 77
17 28 29 38 59 61 71 72 78
17 28 29 38 59 61 71 72 76 77
17 28 29 38 51 59 61 73
17 28 29 38 51 59 61 71 72
17 28 29 38 46 59 61 78
17 28 29 38 46 59 61 76 77
17 28 29 38 46 51 59 61
3 44 59 61 65 73 78
3 44 59 61 65 73 76 77
3 44 59 61 65 71 72 78
3 44 59 61 65 71 72 76 77
3 44 59 61 63 64 73 78
3 44 59 61 63 64 73 76 77
3 44 59 61 63 64 71 72 78
3 44 59 61 63 64 71 72 76 77
3 44 51 59 61 65 73
3 44 51 59 61 65 71 72
3 44 51 59 61 63 64 73
3 44 51 59 61 63 64 71 72
3 44 46 59 61 65 78
3 44 46 59 61 65 76 77
3 44 46 59 61 63 64 78
3 44 46 59 61 63 64 76 77
3 44 46 51 59 61 65
3 44 46 51 59 61 63 64
3 42 43 59 61 65 73 78
3 42 43 59 61 65 73 76 77
3 42 43 59 61 65 71 72 78
3 42 43 59 61 65 71 72 76 77
3 42 43 59 61 63 64 73 78
3 42 43 59 61 63 64 73 76 77
3 42 43 59 61 63 64 71 72 78
3 42 43 59 61 63 64 71 72 76 77
3 42 43 51 59 61 65 73
3 42 43 51 59 61 65 71 72
3 42 43 51 59 61 63 64 73
3 42 43 51 59 61 63 64 71 72
3 42 43 46 59 61 65 78
3 42 43 46 59 61 65 76 77
3 42 43 46 59 61 63 64 78
3 42 43 46 59 61 63 64 76 77
3 42 43 46 51 59 61 65
3 42 43 46 51 59 61 63 64
3 38 44 59 61 73 78
3 38 44 59 61 73 76 77
3 38 44 59 61 71 72 78
3 38 44 59 61 71 72 76 77
3 38 44 51 59 61 73
3 38 44 51 59 61 71 72
3 38 44 46 59 61 78
3 38 44 46 59 61 76 77
3 38 44 46 51 59 61
3 38 42 43 59 61 73 78
3 38 42 43 59 61 73 76 77
3 38 42 43 59 61 71 72 78
3 38 42 43 59 61 71 72 76 77
3 38 42 43 51 59 61 73
3 38 42 43 51 59 61 71 72
3 38 42 43 46 59 61 78
3 38 42 43 46 59 61 76 77
3 38 42 43 46 51 59 61
3 17 59 61 65 73 78
3 17 59 61 65 73 76 77
3 17 59 61 65 71 72 78
3 17 59 61 65 71 72 76 77
3 17 59 61 63 64 73 78
3 17 59 61 63 64 73 76 77
3 17 59 61 63 64 71 72 78
3 17 59 61 63 64 71 72 76 77
3 17 51 59 61 65 73
3 17 51 59 61 65 71 72
3 17 51 59 61 63 64 73
3 17 51 59 61 63 64 71 72
3 17 46 59 61 65 78
3 17 46 59 61 65 76 77
3 17 46 59 61 63 64 78
3 17 46 59 61 63 64 76 77
3 17 46 51 59 61 65
3 17 46 51 59 61 63 64
3 17 38 59 61 73 78
3 17 38 59 61 73 76 77
3 17 38 59 61 71 72 78
3 17 38 59 61 71 72 76 77
3 17 38 51 59 61 73
3 17 38 51 59 61 71 72
3 17 38 46 59 61 78
3 17 38 46 59 61 76 77
3 17 38 46 51 59 61
36 78 79
36 53
51 52 63
51 52 61 62
44 63
44 61 62
42 43 63
42 43 61 62
35 51 52 69
35 51 52 67 68
35 44 69
35 44 67 68
35 42 51 52
35 42 44
35 42 43
35 42 43 69
35 42 43 67 68
28
26 63
26 61 62
26 35 69
26 35 67 68
26 35 42
17 63
17 61 62
17 35 69
17 35 67 68
17 35 42
67 73 78 79
67 71 72 78 79
65 66 73 78 79
65 66 71 72 78 79
63 69 78 79
63 67 68 78 79
61 71 78 79
61 69 70 78 79
61 62 69 78 79
61 62 67 68 78 79
59 61 78 79
54 67 68 78 79
53 67 73
53 67 71 72
53 65 66 73
53 65 66 71 72
53 63 69
53 63 67 68
53 61 71
53 61 69 70
53 61 62 69
53 61 62 67 68
53 59 61
53 54 69
52 53 69 78 79
52 53 67 68 78 79
50 67
50 65 66
48 49 67
48 49 65 66
46 78 79
46 67 78 79
46 65 66 78 79
46 53
46 53 67
46 53 65 66
44 61 78 79
44 53 61
42 63 78 79
42 61 62 78 79
42 53 63
42 53 61 62
42 53 54
42 52 53 78 79
41 67
41 65 66
40 73 78 79
40 71 72 78 79
40 53 73
40 53 71 72
40 50
40 48 49
40 46 78 79
40 46 53
40 41
39 40 67
39 40 65 66
36 67
36 65 66
36 40
35
30 31
27 69 78 79
27 67 68 78 79
27 53 69
27 53 67 68
27 42 78 79
27 42 53
25 71 78 79
25 69 70 78 79
25 53 71
25 53 69 70
25 44 78 79
25 44 53
23 67
23 65 66
23 40
14
14 67
14 65 66
14 40
8 25
5
34 67 78 79
34 65 66 78 79
34 53 67
34 53 65 66
34 40 78 79
34 40 53
22 34
10 22
61 68 69
59 69 71
59 68 69 71
55 61 69
55 61 67 68
44 59 69
44 59 68 69
42 61 68
42 59 71
42 59 69 70
42 59 68 71
42 59 68 69 70
42 55 61
42 44 59
42 44 59 68
79
77 78
65 69 78 79
65 67 68 78 79
61 73 78 79
61 71 72 78 79
53 65 69
53 65 67 68
53 61 73
53 61 71 72
51
48 49 51
48 49 50
46 61 78 79
46 53 61
43
42 65 78 79
42 53 65
26 61 78 79
26 53 61
24
24 50
24 48 49
23 51
23 49 50
23 24
16
11 61 78 79
11 53 61
10 61 78 79
10 53 61
59 61 71
59 61 69 70
44 59 61
34 51 69 78 79
34 51 67 68 78 79
34 51 53 69
34 51 53 67 68
34 49 50 69 78 79
34 49 50 67 68 78 79
34 49 50 53 69
34 49 50 53 67 68
34 42 51 78 79
34 42 51 53
34 42 49 50 78 79
34 42 49 50 53
24 34 69 78 79
24 34 67 68 78 79
24 34 53 69
24 34 53 67 68
24 34 42 78 79
24 34 42 53
65 66 68
55 68 69
51 68
49 50 68
42 55 68
40 68
24 68
69 73
69 71 72
67 68 73
67 68 71 72
46 69
46 67 68
42 73
42 71 72
42 46
20 59
57 59 61 73 75 78 79
57 59 61 73 74 78 79
57 59 61 71 72 75 78 79
57 59 61 71 72 73 74 78 79
57 59 60 73 75 78 79
57 59 60 73 74 78 79
57 59 60 71 72 75 78 79
57 59 60 71 72 73 74 78 79
53 57 59 61 73 75
53 57 59 61 73 74
53 57 59 61 71 72 75
53 57 59 61 71 72 73 74
53 57 59 60 73 75
53 57 59 60 73 74
53 57 59 60 71 72 75
53 57 59 60 71 72 73 74
48 57 59 61 73 78 79
48 57 59 61 71 72 78 79
48 57 59 60 73 78 79
48 57 59 60 71 72 78 79
48 53 57 59 61 73
48 53 57 59 61 71 72
48 53 57 59 60 73
48 53 57 59 60 71 72
46 57 59 61 75 78 79
46 57 59 61 73 74 78 79
46 57 59 60 75 78 79
46 57 59 60 73 74 78 79
46 53 57 59 61 75
46 53 57 59 61 73 74
46 53 57 59 60 75
46 53 57 59 60 73 74
46 48 57 59 61 78 79
46 48 57 59 60 78 79
46 48 53 57 59 61
46 48 53 57 59 60
34 57 59 73 75 78 79
34 57 59 73 74 78 79
34 57 59 71 72 75 78 79
34 57 59 71 72 73 74 78 79
34 53 57 59 73 75
34 53 57 59 73 74
34 53 57 59 71 72 75
34 53 57 59 71 72 73 74
34 48 57 59 73 78 79
34 48 57 59 71 72 78 79
34 48 53 57 59 73
34 48 53 57 59 71 72
34 46 57 59 75 78 79
34 46 57 59 73 74 78 79
34 46 53 57 59 75
34 46 53 57 59 73 74
34 46 48 57 59 78 79
34 46 48 53 57 59
34 53 78 79
34 51 52 78 79
34 51 52 53
26 34 78 79
26 34 53
34 61 69
34 61 67 68
34 42 61
