
78 79
69 73
69 71
69 71 72
67 68
67 68 73
65 66
55 67 68
46 67 68
44 67 68
42 73
42 71
42 71 72
42 69 70
42 68
40
1 67 68
65 66 68
61
53 67
53 65 66
40 68
40 53
39 40
30 31
22
21
20 65 66
14
9
7
5
42
38 69
38 67 68
38 42
53 54 69
42 53 54
28 69
28 42
19 69
19 67 68
19 42
64 67 68
60 69 78 79
60 67 68 78 79
55
53 60 69
53 60 67 68
53 54
52
42 60 78 79
42 53 60
40 67 68
38 39 69
38 39 67 68
38 39 42
31 69
31 67 68
31 42
29 30 69
29 30 67 68
29 30 42
28
24 68
22 67 68
20 69 79
20 69 77 78
20 67 68 79
20 67 68 77 78
20 65 69
20 65 67 68
20 60 69
20 60 67 68
20 42 79
20 42 77 78
20 42 65
20 42 60
20 21 69
20 21 67 68
20 21 42
13 69
13 67 68
13 42
10
8 9
4 69
4 67 68
4 42
1
0 68
42 57 61 73
42 57 61 71 72
42 46 57 61
40 41 57 61 73
40 41 57 61 71 72
40 41 46 57 61
15 57 61 73
15 57 61 71 72
15 46 57 61
73
55 78 79
55 67 78 79
55 65 66 78 79
54 67
54 65 66
53 55
53 55 67
53 55 65 66
40 55 78 79
40 54
40 53 55
36 67
36 40
35
35 65 66
35 40
34 69
34 67 68
34 55 67 78 79
34 55 65 66 78 79
34 53 55 67
34 53 55 65 66
34 42
34 40 55 78 79
34 40 53 55
20 69
20 69 73
20 69 71 72
20 46 67 68
20 42
20 42 73
20 42 71 72
20 25 67
20 25 65 66
20 25 40
55 68 69
46 55
44 45 55
42 55 68
37 55
35 36 55
19 55
55 68 69 79
55 68 69 77 78
55 65 68 69
55 64 68 69
55 64 67 68
52 55 68 69
42 55 68 79
42 55 68 77 78
42 55 65 68
42 55 64 68
42 52 55 68
40 55 68 69
40 55 67 68
40 42 55 68
38 39 55 68 69
38 39 55 67 68
38 39 42 55 68
36 55 69
36 42 55
31 55 68 69
31 55 67 68
31 42 55 68
29 30 55 68 69
29 30 55 67 68
29 30 42 55 68
22 55 68 69
22 55 67 68
22 42 55 68
21 55 68 69
21 42 55 68
20 55 68 69
20 55 68 69 79
20 55 68 69 77 78
20 55 67 68
20 55 67 68 79
20 55 67 68 77 78
20 55 65 68 69
20 55 65 67 68
20 52 55 68 69
20 52 55 67 68
20 42 55 68
20 42 55 68 79
20 42 55 68 77 78
20 42 55 65 68
20 42 52 55 68
20 21 55 68 69
20 21 55 67 68
20 21 42 55 68
13 55 68 69
13 55 67 68
13 42 55 68
10 55
4 55 68 69
4 55 67 68
4 42 55 68
36 69
36 67 68
36 42
55 67
55 65 66
40 55
57 61 73 78 79
57 61 71 72 78 79
57 59 60 73 78 79
57 59 60 71 72 78 79
53 57 61 73
53 57 61 71 72
53 57 59 60 73
53 57 59 60 71 72
46 57 61 78 79
46 57 59 60 78 79
46 53 57 61
46 53 57 59 60
34 57 73 78 79
34 57 71 72 78 79
34 53 57 73
34 53 57 71 72
34 46 57 78 79
34 46 53 57
49 50 69
49 50 67 68
42 49 50
24 67 68
10 55 69
10 42 55
68 69 70
63 64
56
54 55
44
36 65
36 63 64
36 56
36 54 55
34 78 79
34 68
34 68 69
34 65 66 68
34 55 69
34 55 68
34 55 67
34 55 67 68
34 55 65 66
34 53
34 44
34 42 68
34 42 55
34 42 43
34 40 68
34 40 55
32 71
32 69 70
32 68 71
32 68 69 70
32 55 68
32 44
32 44 68
29 36
17 34
8 68
8 34 68
8 32 68
10 36
61 67 68
59 69
42 59
10 69
10 42
1 20 69
1 20 67 68
1 20 42
69 78 79
67 68 78 79
55 61 69
55 61 67 68
52 53 67 68
45 69
45 67 68
43 44 69
43 44 67 68
42 78 79
42 55 61
42 45
42 43 44
37 67 68
36 61 69
36 61 67 68
36 42 61
35 36 69
35 36 42
34 35 69
34 35 67 68
34 35 42
27 69
27 42
25 53 54 69
25 53 54 67 68
25 46 69
25 46 67 68
25 44 45 69
25 44 45 67 68
25 42 53 54
25 42 46
25 42 44 45
25 37 69
25 37 67 68
25 37 42
25 35 36 69
25 35 36 67 68
25 35 36 42
25 28 69
25 28 67 68
25 28 42
21 25 69
21 25 67 68
21 25 42
19 25 69
19 25 67 68
19 25 42
18 69
18 67 68
18 42
10 36 69
10 36 67 68
10 36 42
9 69
9 67 68
9 42
7 69
7 42
7 25 69
7 25 67 68
7 25 42
3 69
3 67 68
3 42
1 68 69
1 42 68
1 10 69
1 10 67 68
1 10 42
20 69 75
20 69 73 74
20 67 68 75
20 67 68 73 74
20 48 69
20 48 67 68
20 42 75
20 42 73 74
20 42 48
1 71
1 69 70
1 44
1 20
1 20 71
1 20 69 70
1 20 44
68 69 71
54 67 68
44 68 69
42 68 71
42 68 69 70
42 44 68
38 65 66
38 65 66 68
38 40
38 40 68
10 68 69
10 42 68
1 65 66 68
1 40 68
57 63 73
57 63 71 72
57 61 62 73
57 61 62 71 72
46 57 63
46 57 61 62
36 57 73
36 57 71 72
36 46 57
57
54 68 69
52 69
43 69
43 67 68
42 54 68
42 52
35 68 69
35 42 68
26 69
26 67 68
26 42
25 35
23 24 35
20 42 68
0 67 68
44 57 60 73 78
44 57 60 73 77
44 57 60 73 76 77
44 57 60 73 75 76
44 57 60 71 72 78
44 57 60 71 72 77
44 57 60 71 72 76 77
44 57 60 71 72 75 76
44 57 58 59 73 78
44 57 58 59 73 77
44 57 58 59 73 76 77
44 57 58 59 73 75 76
44 57 58 59 71 72 78
44 57 58 59 71 72 77
44 57 58 59 71 72 76 77
44 57 58 59 71 72 75 76
44 51 57 60 73
44 51 57 60 71 72
44 51 57 58 59 73
44 51 57 58 59 71 72
44 50 57 60 73
44 50 57 60 71 72
44 50 57 58 59 73
44 50 57 58 59 71 72
44 46 57 60 78
44 46 57 60 77
44 46 57 60 76 77
44 46 57 60 75 76
44 46 57 58 59 78
44 46 57 58 59 77
44 46 57 58 59 76 77
44 46 57 58 59 75 76
44 46 51 57 60
44 46 51 57 58 59
44 46 50 57 60
44 46 50 57 58 59
42 57 73 75 78
42 57 73 75 76 77
42 57 73 74 78
42 57 73 74 76 77
42 57 71 72 75 78
42 57 71 72 75 76 77
42 57 71 72 73 74 78
42 57 71 72 73 74 76 77
42 51 57 73 75
42 51 57 73 74
42 51 57 71 72 75
42 51 57 71 72 73 74
42 48 57 73 78
42 48 57 73 76 77
42 48 57 71 72 78
42 48 57 71 72 76 77
42 48 51 57 73
42 48 51 57 71 72
42 46 57 75 78
42 46 57 75 76 77
42 46 57 73 74 78
42 46 57 73 74 76 77
42 46 51 57 75
42 46 51 57 73 74
42 46 48 57 78
42 46 48 57 76 77
42 46 48 51 57
42 43 57 60 73 78
42 43 57 60 73 77
42 43 57 60 73 76 77
42 43 57 60 73 75 76
42 43 57 60 71 72 78
42 43 57 60 71 72 77
42 43 57 60 71 72 76 77
42 43 57 60 71 72 75 76
42 43 57 58 59 73 78
42 43 57 58 59 73 77
42 43 57 58 59 73 76 77
42 43 57 58 59 73 75 76
42 43 57 58 59 71 72 78
42 43 57 58 59 71 72 77
42 43 57 58 59 71 72 76 77
42 43 57 58 59 71 72 75 76
42 43 51 57 60 73
42 43 51 57 60 71 72
42 43 51 57 58 59 73
42 43 51 57 58 59 71 72
42 43 50 57 60 73
42 43 50 57 60 71 72
42 43 50 57 58 59 73
42 43 50 57 58 59 71 72
42 43 46 57 60 78
42 43 46 57 60 77
42 43 46 57 60 76 77
42 43 46 57 60 75 76
42 43 46 57 58 59 78
42 43 46 57 58 59 77
42 43 46 57 58 59 76 77
42 43 46 57 58 59 75 76
42 43 46 51 57 60
42 43 46 51 57 58 59
42 43 46 50 57 60
42 43 46 50 57 58 59
40 41 57 73 75 78
40 41 57 73 75 76 77
40 41 57 73 74 78
40 41 57 73 74 76 77
40 41 57 71 72 75 78
40 41 57 71 72 75 76 77
40 41 57 71 72 73 74 78
40 41 57 71 72 73 74 76 77
40 41 51 57 73 75
40 41 51 57 73 74
40 41 51 57 71 72 75
40 41 51 57 71 72 73 74
40 41 48 57 73 78
40 41 48 57 73 76 77
40 41 48 57 71 72 78
40 41 48 57 71 72 76 77
40 41 48 51 57 73
40 41 48 51 57 71 72
40 41 46 57 75 78
40 41 46 57 75 76 77
40 41 46 57 73 74 78
40 41 46 57 73 74 76 77
40 41 46 51 57 75
40 41 46 51 57 73 74
40 41 46 48 57 78
40 41 46 48 57 76 77
40 41 46 48 51 57
33 44 57 73 78
33 44 57 73 77
33 44 57 73 76 77
33 44 57 73 75 76
33 44 57 71 72 78
33 44 57 71 72 77
33 44 57 71 72 76 77
33 44 57 71 72 75 76
33 44 51 57 73
33 44 51 57 71 72
33 44 50 57 73
33 44 50 57 71 72
33 44 46 57 78
33 44 46 57 77
33 44 46 57 76 77
33 44 46 57 75 76
33 44 46 51 57
33 44 46 50 57
33 42 43 57 73 78
33 42 43 57 73 77
33 42 43 57 73 76 77
33 42 43 57 73 75 76
33 42 43 57 71 72 78
33 42 43 57 71 72 77
33 42 43 57 71 72 76 77
33 42 43 57 71 72 75 76
33 42 43 51 57 73
33 42 43 51 57 71 72
33 42 43 50 57 73
33 42 43 50 57 71 72
33 42 43 46 57 78
33 42 43 46 57 77
33 42 43 46 57 76 77
33 42 43 46 57 75 76
33 42 43 46 51 57
33 42 43 46 50 57
17 57 60 73 78
17 57 60 73 77
17 57 60 73 76 77
17 57 60 73 75 76
17 57 60 71 72 78
17 57 60 71 72 77
17 57 60 71 72 76 77
17 57 60 71 72 75 76
17 57 58 59 73 78
17 57 58 59 73 77
17 57 58 59 73 76 77
17 57 58 59 73 75 76
17 57 58 59 71 72 78
17 57 58 59 71 72 77
17 57 58 59 71 72 76 77
17 57 58 59 71 72 75 76
17 51 57 60 73
17 51 57 60 71 72
17 51 57 58 59 73
17 51 57 58 59 71 72
17 50 57 60 73
17 50 57 60 71 72
17 50 57 58 59 73
17 50 57 58 59 71 72
17 46 57 60 78
17 46 57 60 77
17 46 57 60 76 77
17 46 57 60 75 76
17 46 57 58 59 78
17 46 57 58 59 77
17 46 57 58 59 76 77
17 46 57 58 59 75 76
17 46 51 57 60
17 46 51 57 58 59
17 46 50 57 60
17 46 50 57 58 59
17 33 57 73 78
17 33 57 73 77
17 33 57 73 76 77
17 33 57 73 75 76
17 33 57 71 72 78
17 33 57 71 72 77
17 33 57 71 72 76 77
17 33 57 71 72 75 76
17 33 51 57 73
17 33 51 57 71 72
17 33 50 57 73
17 33 50 57 71 72
17 33 46 57 78
17 33 46 57 77
17 33 46 57 76 77
17 33 46 57 75 76
17 33 46 51 57
17 33 46 50 57
15 57 73 75 78
15 57 73 75 76 77
15 57 73 74 78
15 57 73 74 76 77
15 57 71 72 75 78
15 57 71 72 75 76 77
15 57 71 72 73 74 78
15 57 71 72 73 74 76 77
15 51 57 73 75
15 51 57 73 74
15 51 57 71 72 75
15 51 57 71 72 73 74
15 48 57 73 78
15 48 57 73 76 77
15 48 57 71 72 78
15 48 57 71 72 76 77
15 48 51 57 73
15 48 51 57 71 72
15 46 57 75 78
15 46 57 75 76 77
15 46 57 73 74 78
15 46 57 73 74 76 77
15 46 51 57 75
15 46 51 57 73 74
15 46 48 57 78
15 46 48 57 76 77
15 46 48 51 57
73 78 79
71 72 78 79
63
61 73 78 79
61 71 72 78 79
61 67 73
61 67 71 72
61 65 66 73
61 65 66 71 72
61 63
54 61
53 73
53 71 72
53 61 73
53 61 71 72
46 78 79
46 61 78 79
46 61 67
46 61 65 66
46 53
46 53 61
40 61 73
40 61 71 72
40 46 61
20 73
20 71 72
20 61 73
20 61 71 72
20 46
20 46 61
10 73
10 73 78 79
10 71 72
10 71 72 78 79
10 63
10 61 62
10 53 73
10 53 71 72
10 46 78 79
10 46 53
10 20 73
10 20 71 72
10 20 46
74
72 73
66 67
61 78 79
60 61
53 61
45 61
44 45
43 44 61
37
35 36
34 35 61
27 28
22 36
19
18 61
10 45
10 43 44
10 34 35
10 18
9 61
9 10
1 54
0 1
38 68
38 67 70
38 67 69
38 67 68 69
38 65 66 70
38 65 66 69
38 65 66 68 69
38 65 66 67 68
38 61 67
38 61 65 66
38 54 65 66 68
38 53 54 67
38 53 54 65 66
38 52 67
38 52 65 66
38 52 53 69
38 52 53 67 68
38 51 69
38 51 67 68
38 49 50 69
38 49 50 67 68
38 42 67
38 42 65 66
38 42 52 53
38 42 51
38 42 49 50
38 40 70
38 40 69
38 40 68 69
38 40 67 68
38 40 61
38 40 54 68
38 40 53 54
38 40 52
38 40 42
36 67 70
36 67 69
36 67 68 69
36 65 66 70
36 65 66 69
36 65 66 68
36 65 66 68 69
36 65 66 67 68
36 61 67
36 61 65 66
36 59 69
36 59 67 68
36 55 67
36 55 65 66
36 54 67 68
36 54 65 66 68
36 53 54 67
36 53 54 65 66
36 52 67
36 52 65 66
36 42 67
36 42 65 66
36 42 59
36 40 70
36 40 68
36 40 68 69
36 40 61
36 40 55
36 40 54 68
36 40 53 54
36 40 52
28 38 67
28 38 65 66
28 38 40
28 36 67
28 36 65 66
28 36 40
27 38 69
27 38 67 68
27 38 42
24 38 69
24 38 67 68
24 38 42
20 55 67
20 55 65 66
20 40 55
10 67
10 65 66
10 40
10 38 65 66 68
10 38 40 68
10 36 67
10 36 65 66
10 36 40
8 9 38 67
8 9 38 65 66
8 9 38 40
8 9 36 67
8 9 36 65 66
8 9 36 40
7 67
7 65 66
7 40
7 38 67
7 38 65 66
7 38 40
7 36 67
7 36 65 66
7 36 40
1 38 65 66 68
1 38 40 68
1 36 67
1 36 65 66
1 36 40
1 25 69
1 25 67 68
1 25 42
0 38 67 68
0 38 65 66 68
0 38 40 68
0 36 67 68
0 36 65 66 68
0 36 40 68
46 53 54 55
44 45 53 54 55
37 53 54 55
35 36 53 54 55
28 46 55
28 44 45 55
28 37 55
28 35 36 55
19 53 54 55
19 28 55
10 53 54 55
10 28 55
43
61 68 69
42 61 68
36 55 68 69
36 42 55 68
42 61 63 73 78
42 61 63 73 76 77
42 61 63 71 72 78
42 61 63 71 72 76 77
42 59 60 61 63 73 78
42 59 60 61 63 73 76 77
42 59 60 61 63 71 72 78
42 59 60 61 63 71 72 76 77
42 51 61 63 73
42 51 61 63 71 72
42 51 59 60 61 63 73
42 51 59 60 61 63 71 72
42 46 61 63 78
42 46 61 63 76 77
42 46 59 60 61 63 78
42 46 59 60 61 63 76 77
42 46 51 61 63
42 46 51 59 60 61 63
40 41 61 63 73 78
40 41 61 63 73 76 77
40 41 61 63 71 72 78
40 41 61 63 71 72 76 77
40 41 59 60 61 63 73 78
40 41 59 60 61 63 73 76 77
40 41 59 60 61 63 71 72 78
40 41 59 60 61 63 71 72 76 77
40 41 51 61 63 73
40 41 51 61 63 71 72
40 41 51 59 60 61 63 73
40 41 51 59 60 61 63 71 72
40 41 46 61 63 78
40 41 46 61 63 76 77
40 41 46 59 60 61 63 78
40 41 46 59 60 61 63 76 77
40 41 46 51 61 63
40 41 46 51 59 60 61 63
34 42 61 63 73 78
34 42 61 63 73 76 77
34 42 61 63 71 72 78
34 42 61 63 71 72 76 77
34 42 51 61 63 73
34 42 51 61 63 71 72
34 42 46 61 63 78
34 42 46 61 63 76 77
34 42 46 51 61 63
34 40 41 61 63 73 78
34 40 41 61 63 73 76 77
34 40 41 61 63 71 72 78
34 40 41 61 63 71 72 76 77
34 40 41 51 61 63 73
34 40 41 51 61 63 71 72
34 40 41 46 61 63 78
34 40 41 46 61 63 76 77
34 40 41 46 51 61 63
15 61 63 73 78
15 61 63 73 76 77
15 61 63 71 72 78
15 61 63 71 72 76 77
15 59 60 61 63 73 78
15 59 60 61 63 73 76 77
15 59 60 61 63 71 72 78
15 59 60 61 63 71 72 76 77
15 51 61 63 73
15 51 61 63 71 72
15 51 59 60 61 63 73
15 51 59 60 61 63 71 72
15 46 61 63 78
15 46 61 63 76 77
15 46 59 60 61 63 78
15 46 59 60 61 63 76 77
15 46 51 61 63
15 46 51 59 60 61 63
15 34 61 63 73 78
15 34 61 63 73 76 77
15 34 61 63 71 72 78
15 34 61 63 71 72 76 77
15 34 51 61 63 73
15 34 51 61 63 71 72
15 34 46 61 63 78
15 34 46 61 63 76 77
15 34 46 51 61 63
42 61 73
42 61 71 72
42 61 63 73
42 61 63 71 72
42 59 60 61 63 73
42 59 60 61 63 71 72
42 46 61
42 46 61 63
42 46 59 60 61 63
40 41 61 73
40 41 61 71 72
40 41 61 63 73
40 41 61 63 71 72
40 41 59 60 61 63 73
40 41 59 60 61 63 71 72
40 41 46 61
40 41 46 61 63
40 41 46 59 60 61 63
34 42 61 63 73
34 42 61 63 71 72
34 42 46 61 63
34 40 41 61 63 73
34 40 41 61 63 71 72
34 40 41 46 61 63
15 61 73
15 61 71 72
15 61 63 73
15 61 63 71 72
15 59 60 61 63 73
15 59 60 61 63 71 72
15 46 61
15 46 61 63
15 46 59 60 61 63
15 34 61 63 73
15 34 61 63 71 72
15 34 46 61 63
1 35
1 35 69
1 35 67
1 35 67 68
1 35 42
1 25 35
1 23 24 35
63 71
63 69 70
61 62 71
61 62 69 70
44 63
44 61 62
36 63 71
36 63 69 70
36 61 62 71
36 61 62 69 70
36 44 63
36 44 61 62
71 73
69 73 78 79
69 71 72 78 79
69 70 73
69 70 71 72
68 69 71 72
67 71
67 69 70
67 68 73 78 79
67 68 71 72 78 79
65 71
65 69 70
65 67
65 66 71
65 66 69 70
63 69
63 64 71
63 64 69
63 64 69 70
63 64 68 69
63 64 67
63 64 65 66
61 62 69
56 71
56 69
56 69 70
56 68 69
56 67
56 65 66
54 55 71
54 55 69
54 55 69 70
54 55 68 69
54 55 67
54 55 65 66
53 69 73
53 69 71 72
53 67 68 73
53 67 68 71 72
46 71
46 69 78 79
46 69 70
46 68 69
46 67 68 78 79
46 53 69
46 53 67 68
44 73
44 71 72
44 65
44 63 64
44 56
44 54 55
44 46
42 73 78 79
42 71 72 78 79
42 68 71 72
42 63
42 63 64
42 63 64 68
42 61 62
42 56
42 56 68
42 54 55
42 54 55 68
42 53 73
42 53 71 72
42 46 78 79
42 46 68
42 46 53
40 71
40 69 70
40 65
40 63 64
40 56
40 54 55
36 71 73
36 69 71 78 79
36 69 70 78 79
36 69 70 73
36 69 70 71 72
36 68 73
36 68 71 72
36 68 69 73
36 68 69 71 72
36 67 73
36 67 71
36 67 71 72
36 67 69 70
36 67 68 71 78 79
36 67 68 69 70 78 79
36 65 66 73
36 65 66 71
36 65 66 71 72
36 65 66 69 70
36 54
36 53 69 71
36 53 69 70
36 53 67 68 71
36 53 67 68 69 70
36 52 53
36 51 67 73
36 51 67 71 72
36 51 65 66 73
36 51 65 66 71 72
36 49 50 67 73
36 49 50 67 71 72
36 49 50 65 66 73
36 49 50 65 66 71 72
36 46 71
36 46 69
36 46 69 70
36 46 68
36 46 68 69
36 46 67
36 46 65 66
36 46 51 67
36 46 51 65 66
36 46 49 50 67
36 46 49 50 65 66
36 45
36 44 73
36 44 71 72
36 44 69 78 79
36 44 67
36 44 67 68 78 79
36 44 65 66
36 44 53 69
36 44 53 67 68
36 44 46
36 43 44
36 42 71 78 79
36 42 69 70 78 79
36 42 68 73
36 42 68 71 72
36 42 53 71
36 42 53 69 70
36 42 46
36 42 46 68
36 42 44 78 79
36 42 44 53
36 40 73
36 40 71
36 40 71 72
36 40 69 70
36 40 51 73
36 40 51 71 72
36 40 49 50 73
36 40 49 50 71 72
36 40 46
36 40 46 51
36 40 46 49 50
36 40 44
34 67 68 73
34 67 68 71 72
34 53 54
34 46 67 68
34 44 45
34 37
34 36
29 71
29 69
29 69 70
29 68 69
29 67
29 65 66
29 44
29 42
29 42 68
29 40
28 34
27 36
25 36
24 36 67 73
24 36 67 71 72
24 36 65 66 73
24 36 65 66 71 72
24 36 46 67
24 36 46 65 66
24 36 40 73
24 36 40 71 72
24 36 40 46
19 34
18 36
10 67 68 73
10 67 68 71 72
10 46 67 68
1 20 34 69
1 20 34 67 68
1 20 34 42
34 61
22 61
22 61 69
22 61 67 68
22 42 61
20 61
10 61
35 67 68
1 67 69
1 65 66 69
1 65 66 67 68
1 63 69
1 63 67 68
1 61 62 69
1 61 62 67 68
1 45 69
1 45 67 68
1 43 44 69
1 43 44 67 68
1 42 67
1 42 65 66
1 42 63
1 42 61 62
1 42 45
1 42 43 44
1 34 35 69
1 34 35 67 68
1 34 35 42
1 18 69
1 18 67 68
1 18 42
1 9 69
1 9 67 68
1 9 42
55 69 78 79
55 67 68 78 79
53 55 69
53 55 67 68
42 55 78 79
42 53 55
1 64 69
1 64 67 68
1 42 64
1 38 64 69
1 38 64 67 68
1 38 42 64
1 38 40 69
1 38 40 67 68
1 38 40 42
1 37 38 69
1 37 38 67 68
1 37 38 42
1 31 69
1 31 67 68
1 31 42
1 31 38 69
1 31 38 67 68
1 31 38 42
1 29 30 69
1 29 30 67 68
1 29 30 42
1 29 30 38 69
1 29 30 38 67 68
1 29 30 38 42
1 24 69
1 24 67 68
1 24 42
1 22 69
1 22 67 68
1 22 42
1 22 38 69
1 22 38 67 68
1 22 38 42
1 21 38 69
1 21 38 67 68
1 21 38 42
1 20 60 69
1 20 60 67 68
1 20 57 69
1 20 57 67 68
1 20 55 56 69
1 20 55 56 67 68
1 20 54 69
1 20 54 67 68
1 20 48 69
1 20 48 67 68
1 20 46 47 69
1 20 46 47 67 68
1 20 42 60
1 20 42 57
1 20 42 55 56
1 20 42 54
1 20 42 48
1 20 42 46 47
1 20 39 69
1 20 39 67 68
1 20 39 42
1 20 37 69
1 20 37 67 68
1 20 37 42
1 20 37 38 69
1 20 37 38 67 68
1 20 37 38 42
1 20 30 69
1 20 30 67 68
1 20 30 42
1 20 24 69
1 20 24 67 68
1 20 24 42
1 20 21 38 69
1 20 21 38 67 68
1 20 21 38 42
1 13 69
1 13 67 68
1 13 42
1 13 38 69
1 13 38 67 68
1 13 38 42
1 12 20 69
1 12 20 67 68
1 12 20 42
1 7 38 69
1 7 38 67 68
1 7 38 42
1 7 20 69
1 7 20 67 68
1 7 20 42
1 7 20 38 69
1 7 20 38 67 68
1 7 20 38 42
1 4 69
1 4 67 68
1 4 42
1 4 38 69
1 4 38 67 68
1 4 38 42
67 73 78 79
67 71 72 78 79
65 66 73 78 79
65 66 71 72 78 79
63 68 69
63 67
63 65 66
61 62 68 69
61 62 67
61 62 65 66
53 67 73
53 67 71 72
53 65 66 73
53 65 66 71 72
52 53 68 69
52 53 67
52 53 65 66
46 67 78 79
46 65 66 78 79
46 53 67
46 53 65 66
42 63 68
42 61 62 68
42 52 53 68
40 73 78 79
40 71 72 78 79
40 63
40 61 62
40 53 73
40 53 71 72
40 52 53
40 46 78 79
40 46 53
36 73 78 79
36 71 72
36 71 72 78 79
36 69 73 78 79
36 69 71 72 78 79
36 67 68 73
36 67 68 73 78 79
36 67 68 71 72
36 67 68 71 72 78 79
36 53 73
36 53 71 72
36 53 69 73
36 53 69 71 72
36 53 67 68 73
36 53 67 68 71 72
36 46 78 79
36 46 69 78 79
36 46 67 68 78 79
36 46 53
36 46 53 69
36 46 53 67 68
36 42 73 78 79
36 42 71 72 78 79
36 42 53 73
36 42 53 71 72
36 42 46 78 79
36 42 46 53
34 69 71 78 79
34 69 70 78 79
34 67 68 71 78 79
34 67 68 69 70 78 79
34 53 69 71
34 53 69 70
34 53 67 68 71
34 53 67 68 69 70
34 51 67
34 51 65 66
34 49 50 67
34 49 50 65 66
34 44 69 78 79
34 44 67 68 78 79
34 44 53 69
34 44 53 67 68
34 42 71 78 79
34 42 69 70 78 79
34 42 53 71
34 42 53 69 70
34 42 44 78 79
34 42 44 53
34 40 51
34 40 49 50
27 68 69
27 67
27 65 66
27 42 68
27 40
24 34 67
24 34 65 66
24 34 40
20 34 68 69 71
20 34 68 69 70
20 34 67 68 71
20 34 67 68 69 70
20 34 44 68 69
20 34 44 67 68
20 34 42 68 71
20 34 42 68 69 70
20 34 42 44 68
3 34
1 73
1 71 72
1 22
1 20 36
77 78 79
65 78 79
64
60
53 79
53 77 78
53 65
52 78 79
51
50
49
47 48
47 48 50
47 48 49
38 67 78 79
38 65 66 78 79
38 61
38 53 67
38 53 65 66
38 40 78 79
38 40 53
38 39
31
29 30
26
25 26
23
23 49
23 47 48
22 78 79
22 67
22 53
22 50
22 48 49
22 40
22 23
20 22
20 21
15
13
10 38
7 78 79
7 53
7 20
4
1 59
0
67 68 70
47 69
47 67 68
45 46 69
45 46 67 68
42 70
42 68 69
42 47
42 45 46
36 37 69
36 37 67 68
36 37 42
21 36 69
21 36 67 68
21 36 42
7 36 69
7 36 67 68
7 36 42
68 69 71 73
68 69 70 73
68 69 70 71 72
67 68 71 73
67 68 69 70 73
67 68 69 70 71 72
60 69 73
60 69 71 72
60 67 68 73
60 67 68 71 72
55 61 69 73
55 61 69 71 72
55 61 67 68 73
55 61 67 68 71 72
54 68 69 73
54 68 69 71 72
54 67 68 73
54 67 68 71 72
46 68 69 71
46 68 69 70
46 67 68 71
46 67 68 69 70
46 60 69
46 60 67 68
46 55 61 69
46 55 61 67 68
46 54 68 69
46 54 67 68
44 68 69 73
44 68 69 71 72
44 67 68 73
44 67 68 71 72
44 46 68 69
44 46 67 68
43 69 73
43 69 71 72
43 67 68 73
43 67 68 71 72
43 46 69
43 46 67 68
42 68 71 73
42 68 69 70 73
42 68 69 70 71 72
42 60 73
42 60 71 72
42 55 61 73
42 55 61 71 72
42 54 68 73
42 54 68 71 72
42 46 68 71
42 46 68 69 70
42 46 60
42 46 55 61
42 46 54 68
42 44 68 73
42 44 68 71 72
42 44 46 68
42 43 73
42 43 71 72
42 43 46
20 68 69 73
20 68 69 71 72
20 46 68 69
20 42 68 73
20 42 68 71 72
20 42 46 68
19 69 73
19 69 71 72
19 67 68 73
19 67 68 71 72
19 46 69
19 46 67 68
19 42 73
19 42 71 72
19 42 46
17 18 69 73
17 18 69 71 72
17 18 67 68 73
17 18 67 68 71 72
17 18 46 69
17 18 46 67 68
17 18 42 73
17 18 42 71 72
17 18 42 46
10 68 69 73
10 68 69 71 72
10 55 69 73
10 55 69 71 72
10 55 67 68 73
10 55 67 68 71 72
10 46 68 69
10 46 55 69
10 46 55 67 68
10 42 68 73
10 42 68 71 72
10 42 55 73
10 42 55 71 72
10 42 46 68
10 42 46 55
8 9 69 73
8 9 69 71 72
8 9 67 68 73
8 9 67 68 71 72
8 9 46 69
8 9 46 67 68
8 9 42 73
8 9 42 71 72
8 9 42 46
3 69 73
3 69 71 72
3 67 68 73
3 67 68 71 72
3 46 69
3 46 67 68
3 42 73
3 42 71 72
3 42 46
1 68 69 73
1 68 69 71 72
1 46 68 69
1 42 68 73
1 42 68 71 72
1 42 46 68
1 10 69 73
1 10 69 71 72
1 10 67 68 73
1 10 67 68 71 72
1 10 46 69
1 10 46 67 68
1 10 42 73
1 10 42 71 72
1 10 42 46
0 68 69 73
0 68 69 71 72
0 67 68 73
0 67 68 71 72
0 46 68 69
0 46 67 68
0 42 68 73
0 42 68 71 72
0 42 46 68
67 69
65 66 69
42 67
42 65 66
20 36 65 66
55 69 73
55 69 73 79
55 69 73 77 78
55 69 71 72
55 69 71 72 79
55 69 71 72 77 78
55 68 69 73
55 68 69 71 72
55 67 68 73 79
55 67 68 73 77 78
55 67 68 71 72 79
55 67 68 71 72 77 78
55 65 69 73
55 65 69 71 72
55 65 67 68 73
55 65 67 68 71 72
52 69 73
52 69 71 72
52 67 68 73
52 67 68 71 72
52 55 69 73
52 55 69 71 72
52 55 67 68 73
52 55 67 68 71 72
46 55 69
46 55 69 79
46 55 69 77 78
46 55 68 69
46 55 67 68 79
46 55 67 68 77 78
46 55 65 69
46 55 65 67 68
46 52 69
46 52 67 68
46 52 55 69
46 52 55 67 68
42 55 73
42 55 73 79
42 55 73 77 78
42 55 71 72
42 55 71 72 79
42 55 71 72 77 78
42 55 68 73
42 55 68 71 72
42 55 65 73
42 55 65 71 72
42 52 73
42 52 71 72
42 52 55 73
42 52 55 71 72
42 46 55
42 46 55 79
42 46 55 77 78
42 46 55 68
42 46 55 65
42 46 52
42 46 52 55
21 55 69 73
21 55 69 71 72
21 55 67 68 73
21 55 67 68 71 72
21 46 55 69
21 46 55 67 68
21 42 55 73
21 42 55 71 72
21 42 46 55
1 69 73
1 69 71 72
1 46 69
1 42 73
1 42 71 72
1 42 46
20 61 67 68
19 61 69
19 61 67 68
19 42 61
17 18 69
17 18 67 68
17 18 61 69
17 18 61 67 68
17 18 42
17 18 42 61
55 67 68 79
55 67 68 77 78
55 65 67 68
52 68 69
52 55 67 68
42 52 68
22 35 69
22 35 67 68
22 35 42
21 55 67 68
20 53 54 69
20 53 54 67 68
20 44 45 69
20 44 45 67 68
20 42 53 54
20 42 44 45
20 35 69
20 35 67 68
20 35 42
20 35 36 69
20 35 36 67 68
20 35 36 42
20 28 69
20 28 67 68
20 28 42
20 22 69
20 22 67 68
20 22 42
19 20 69
19 20 67 68
19 20 42
1 20 25 69
1 20 25 67 68
1 20 25 42
34 55 57
34 55 56
30 34 55
65 66 67
62
54 55 68
53 54 68
52 55
52 53 54
46 54 68
46 52
44 45 54 68
44 45 52
43 55
43 53 54
43 46
43 44 45
40 67
37 54 68
37 52
37 43
35 61
35 54 68
35 52
35 43
35 36 54 68
35 36 52
35 36 43
28 54 68
28 52
28 43
25 67
25 65 66
25 40
23 24 67
23 24 65 66
23 24 40
22 68
22 54 68
22 52
22 43
21 68
21 54 68
21 52
21 43
19 54 68
19 52
19 43
10 53 54
10 44 45
10 37
10 35
10 35 36
10 28
10 22
10 21
10 19
8 9 55
8 9 53 54
8 9 46
8 9 44 45
8 9 37
8 9 35
8 9 35 36
8 9 28
8 9 22
8 9 21
8 9 19
7 68
7 54 68
7 52
7 43
7 10
7 8 9
1 55
1 53 54
1 44 45
1 37
1 35 36
1 28
1 19
0 55 68
0 53 54 68
0 46 68
0 44 45 68
0 37 68
0 35 68
0 35 36 68
0 28 68
0 22 68
0 21 68
0 19 68
0 7 68
69 78
69 76 77
64 65 69
59 69 78 79
59 67 68 78 79
57 69
54 69 78 79
53 59 69
53 59 67 68
49 69
49 67 68
48 49 51 69
48 49 50 69
47 48 69
47 48 67 68
42 78
42 76 77
42 64 65
42 59 78 79
42 57
42 54 78 79
42 53 59
42 49
42 48 49 51
42 48 49 50
42 47 48
36 54 69
36 51 69
36 51 67 68
36 42 54
36 42 51
26 27 69
26 27 42
24 50 69
24 48 49 69
24 42 50
24 42 48 49
23 51 69
23 49 50 69
23 42 51
23 42 49 50
23 24 69
23 24 42
20 59 69
20 59 67 68
20 54 69
20 42 59
20 42 54
16 69
16 42
10 55 68 69
10 42 55 68
10 38 69
10 38 42
9 69 78 79
9 67 68 78 79
9 53 69
9 53 67 68
9 42 78 79
9 42 53
9 20 69
9 20 67 68
9 20 42
8 68 69
8 42 68
1 38 69
1 38 42
69 70 78 79
61 71
61 69 70
53 69 70
44 61
36 61 71
36 61 69 70
36 44 61
34 73
34 71 72
34 68 73
34 68 71 72
34 68 69 73
34 68 69 71 72
34 67 73
34 67 71 72
34 65 66 73
34 65 66 71 72
34 63
34 61 73
34 61 71 72
34 61 62
34 54
34 54 68
34 52
34 52 53
34 46 68
34 46 68 69
34 46 67
34 46 65 66
34 46 61
34 43
34 42 68 73
34 42 68 71 72
34 42 46 68
34 40 73
34 40 71 72
34 40 46
34 36 69
34 36 67 68
34 36 42
27 34
8 9 34
0 34 68
8 69
8 42
35 55 69
35 55 67 68
35 42 55
34 63 68 69
34 63 67 68
34 61 69
34 61 65 66 68
34 61 62 68 69
34 61 62 67 68
34 54 68 69
34 54 67 68
34 52 53 68 69
34 52 53 67 68
34 42 63 68
34 42 61
34 42 61 62 68
34 42 54 68
34 42 52 53 68
34 40 61 68
27 34 68 69
27 34 67 68
27 34 42 68
25 34 68 69
25 34 67 68
25 34 42 68
22 34 68
20 68
10 34 69
10 34 67 68
10 34 42
1 34 69
1 34 67 68
1 34 42
38 54 69
38 42 54
42 57 61 73 78
42 57 61 73 76 77
42 57 61 71 72 78
42 57 61 71 72 76 77
42 57 59 60 73 78
42 57 59 60 73 76 77
42 57 59 60 71 72 78
42 57 59 60 71 72 76 77
42 51 57 61 73
42 51 57 61 71 72
42 51 57 59 60 73
42 51 57 59 60 71 72
42 46 57 61 78
42 46 57 61 76 77
42 46 57 59 60 78
42 46 57 59 60 76 77
42 46 51 57 61
42 46 51 57 59 60
40 41 57 61 73 78
40 41 57 61 73 76 77
40 41 57 61 71 72 78
40 41 57 61 71 72 76 77
40 41 57 59 60 73 78
40 41 57 59 60 73 76 77
40 41 57 59 60 71 72 78
40 41 57 59 60 71 72 76 77
40 41 51 57 61 73
40 41 51 57 61 71 72
40 41 51 57 59 60 73
40 41 51 57 59 60 71 72
40 41 46 57 61 78
40 41 46 57 61 76 77
40 41 46 57 59 60 78
40 41 46 57 59 60 76 77
40 41 46 51 57 61
40 41 46 51 57 59 60
34 42 57 73 78
34 42 57 73 76 77
34 42 57 71 72 78
34 42 57 71 72 76 77
34 42 51 57 73
34 42 51 57 71 72
34 42 46 57 78
34 42 46 57 76 77
34 42 46 51 57
34 40 41 57 73 78
34 40 41 57 73 76 77
34 40 41 57 71 72 78
34 40 41 57 71 72 76 77
34 40 41 51 57 73
34 40 41 51 57 71 72
34 40 41 46 57 78
34 40 41 46 57 76 77
34 40 41 46 51 57
15 57 61 73 78
15 57 61 73 76 77
15 57 61 71 72 78
15 57 61 71 72 76 77
15 57 59 60 73 78
15 57 59 60 73 76 77
15 57 59 60 71 72 78
15 57 59 60 71 72 76 77
15 51 57 61 73
15 51 57 61 71 72
15 51 57 59 60 73
15 51 57 59 60 71 72
15 46 57 61 78
15 46 57 61 76 77
15 46 57 59 60 78
15 46 57 59 60 76 77
15 46 51 57 61
15 46 51 57 59 60
15 34 57 73 78
15 34 57 73 76 77
15 34 57 71 72 78
15 34 57 71 72 76 77
15 34 51 57 73
15 34 51 57 71 72
15 34 46 57 78
15 34 46 57 76 77
15 34 46 51 57
14 42 57 61 73 78
14 42 57 61 73 76 77
14 42 57 61 71 72 78
14 42 57 61 71 72 76 77
14 42 57 59 60 73 78
14 42 57 59 60 73 76 77
14 42 57 59 60 71 72 78
14 42 57 59 60 71 72 76 77
14 42 51 57 61 73
14 42 51 57 61 71 72
14 42 51 57 59 60 73
14 42 51 57 59 60 71 72
14 42 46 57 61 78
14 42 46 57 61 76 77
14 42 46 57 59 60 78
14 42 46 57 59 60 76 77
14 42 46 51 57 61
14 42 46 51 57 59 60
14 40 41 57 61 73 78
14 40 41 57 61 73 76 77
14 40 41 57 61 71 72 78
14 40 41 57 61 71 72 76 77
14 40 41 57 59 60 73 78
14 40 41 57 59 60 73 76 77
14 40 41 57 59 60 71 72 78
14 40 41 57 59 60 71 72 76 77
14 40 41 51 57 61 73
14 40 41 51 57 61 71 72
14 40 41 51 57 59 60 73
14 40 41 51 57 59 60 71 72
14 40 41 46 57 61 78
14 40 41 46 57 61 76 77
14 40 41 46 57 59 60 78
14 40 41 46 57 59 60 76 77
14 40 41 46 51 57 61
14 40 41 46 51 57 59 60
14 34 42 57 73 78
14 34 42 57 73 76 77
14 34 42 57 71 72 78
14 34 42 57 71 72 76 77
14 34 42 51 57 73
14 34 42 51 57 71 72
14 34 42 46 57 78
14 34 42 46 57 76 77
14 34 42 46 51 57
14 34 40 41 57 73 78
14 34 40 41 57 73 76 77
14 34 40 41 57 71 72 78
14 34 40 41 57 71 72 76 77
14 34 40 41 51 57 73
14 34 40 41 51 57 71 72
14 34 40 41 46 57 78
14 34 40 41 46 57 76 77
14 34 40 41 46 51 57
14 15 57 61 73 78
14 15 57 61 73 76 77
14 15 57 61 71 72 78
14 15 57 61 71 72 76 77
14 15 57 59 60 73 78
14 15 57 59 60 73 76 77
14 15 57 59 60 71 72 78
14 15 57 59 60 71 72 76 77
14 15 51 57 61 73
14 15 51 57 61 71 72
14 15 51 57 59 60 73
14 15 51 57 59 60 71 72
14 15 46 57 61 78
14 15 46 57 61 76 77
14 15 46 57 59 60 78
14 15 46 57 59 60 76 77
14 15 46 51 57 61
14 15 46 51 57 59 60
14 15 34 57 73 78
14 15 34 57 73 76 77
14 15 34 57 71 72 78
14 15 34 57 71 72 76 77
14 15 34 51 57 73
14 15 34 51 57 71 72
14 15 34 46 57 78
14 15 34 46 57 76 77
14 15 34 46 51 57
36 57 68
42 57 61 63 73
42 57 61 63 71 72
42 57 61 62 73
42 57 61 62 71 72
42 48 57 61 63 73
42 48 57 61 63 71 72
42 48 57 61 62 73
42 48 57 61 62 71 72
42 46 57 61 63
42 46 57 61 62
42 46 48 57 61 63
42 46 48 57 61 62
42 46 47 57 61 63
42 46 47 57 61 63 73
42 46 47 57 61 63 71 72
42 46 47 57 61 62
42 46 47 57 61 62 73
42 46 47 57 61 62 71 72
40 41 57 61 63 73
40 41 57 61 63 71 72
40 41 57 61 62 73
40 41 57 61 62 71 72
40 41 48 57 61 63 73
40 41 48 57 61 63 71 72
40 41 48 57 61 62 73
40 41 48 57 61 62 71 72
40 41 46 57 61 63
40 41 46 57 61 62
40 41 46 48 57 61 63
40 41 46 48 57 61 62
40 41 46 47 57 61 63
40 41 46 47 57 61 63 73
40 41 46 47 57 61 63 71 72
40 41 46 47 57 61 62
40 41 46 47 57 61 62 73
40 41 46 47 57 61 62 71 72
36 42 57 61 73
36 42 57 61 71 72
36 42 48 57 61 73
36 42 48 57 61 71 72
36 42 46 57 61
36 42 46 48 57 61
36 42 46 47 57 61
36 42 46 47 57 61 73
36 42 46 47 57 61 71 72
36 40 41 57 61 73
36 40 41 57 61 71 72
36 40 41 48 57 61 73
36 40 41 48 57 61 71 72
36 40 41 46 57 61
36 40 41 46 48 57 61
36 40 41 46 47 57 61
36 40 41 46 47 57 61 73
36 40 41 46 47 57 61 71 72
21 42 57 61 63 73
21 42 57 61 63 71 72
21 42 57 61 62 73
21 42 57 61 62 71 72
21 42 46 57 61 63
21 42 46 57 61 62
21 40 41 57 61 63 73
21 40 41 57 61 63 71 72
21 40 41 57 61 62 73
21 40 41 57 61 62 71 72
21 40 41 46 57 61 63
21 40 41 46 57 61 62
21 36 42 57 61 73
21 36 42 57 61 71 72
21 36 42 46 57 61
21 36 40 41 57 61 73
21 36 40 41 57 61 71 72
21 36 40 41 46 57 61
15 57 61 63 73
15 57 61 63 71 72
15 57 61 62 73
15 57 61 62 71 72
15 48 57 61 63 73
15 48 57 61 63 71 72
15 48 57 61 62 73
15 48 57 61 62 71 72
15 46 57 61 63
15 46 57 61 62
15 46 48 57 61 63
15 46 48 57 61 62
15 46 47 57 61 63
15 46 47 57 61 63 73
15 46 47 57 61 63 71 72
15 46 47 57 61 62
15 46 47 57 61 62 73
15 46 47 57 61 62 71 72
15 36 57 61 73
15 36 57 61 71 72
15 36 48 57 61 73
15 36 48 57 61 71 72
15 36 46 57 61
15 36 46 48 57 61
15 36 46 47 57 61
15 36 46 47 57 61 73
15 36 46 47 57 61 71 72
15 21 57 61 63 73
15 21 57 61 63 71 72
15 21 57 61 62 73
15 21 57 61 62 71 72
15 21 46 57 61 63
15 21 46 57 61 62
15 21 36 57 61 73
15 21 36 57 61 71 72
15 21 36 46 57 61
59 67 78 79
59 65 66 78 79
57 58 67 78 79
57 58 65 66 78 79
53 59 67
53 59 65 66
53 57 58 67
53 57 58 65 66
40 59 78 79
40 57 58 78 79
40 53 59
40 53 57 58
38 78 79
38 53
36 69 78 79
36 68 69 71
36 68 69 70
36 67 68 78 79
36 67 68 71
36 67 68 69 70
36 59 67 78 79
36 59 65 66 78 79
36 57 58 67 78 79
36 57 58 65 66 78 79
36 53 69
36 53 67 68
36 53 59 67
36 53 59 65 66
36 53 57 58 67
36 53 57 58 65 66
36 44 68 69
36 42 78 79
36 42 68 71
36 42 68 69 70
36 42 53
36 42 44 68
36 40 59 78 79
36 40 57 58 78 79
36 40 53 59
36 40 53 57 58
32 67 78 79
32 65 66 78 79
32 53 67
32 53 65 66
32 40 78 79
32 40 53
32 36 67 78 79
32 36 65 66 78 79
32 36 53 67
32 36 53 65 66
32 36 40 78 79
32 36 40 53
22 67 78 79
22 65 66 78 79
22 53 67
22 53 65 66
22 40 78 79
22 40 53
20 67 78 79
20 65 66 78 79
20 53 67
20 53 65 66
20 40 78 79
20 40 53
20 36 67 78 79
20 36 65 66 78 79
20 36 53 67
20 36 53 65 66
20 36 40 78 79
20 36 40 53
1 36
68 78 79
65 66 68 78 79
53 68
53 65 66 68
40 68 78 79
40 53 68
20 65
20 61 68 69
20 42 61 68
63 65 69
63 65 67 68
61 67
61 65 67
61 62 65 69
61 62 65 67 68
54 65 69
54 65 67 68
52 53 65 69
52 53 65 67 68
42 67 68
42 65 66 68
42 63 65
42 61 62 65
42 54 65
42 52 53 65
40 61
40 61 65
40 42 68
36 65 69
36 65 67
36 65 67 68
36 42 65
36 40 65
27 65 69
27 65 67 68
27 42 65
22 65 67
22 40 65
20 78 79
20 65 67
20 53
20 40 65
20 36
20 36 65 67
20 36 61
20 36 40 65
20 34 65 69
20 34 65 67 68
20 34 42 65
68 69 78
68 69 76 77
67 70
67 68 70 78 79
67 68 69 78 79
65 66 70
64 68 69
64 65 68 69
61 69 78 79
61 67 68 78 79
59 68 69
57 68 69
54 68 69 78 79
53 67 68 70
53 67 68 69
53 61 69
53 61 67 68
53 54 68 69
53 54 67
53 54 65 66
52 69 78 79
52 67 68 78 79
50 67
48 49 67
48 49 51 68 69
48 49 50 68 69
47 69 78 79
47 67 68 78 79
47 53 69
47 53 67 68
45 46 69 78 79
45 46 67 68 78 79
45 46 53 69
45 46 53 67 68
43 67
43 65 66
42 70 78 79
42 69
42 68 78
42 68 78 79
42 68 76 77
42 68 69 78 79
42 64 68
42 64 65 68
42 61 78 79
42 59 68
42 57 68
42 54 68 78 79
42 53 70
42 53 68
42 53 68 69
42 53 61
42 53 54 68
42 52 78 79
42 48 49 51 68
42 48 49 50 68
42 47 78 79
42 47 53
42 45 46 78 79
42 45 46 53
40 70
40 53 54
40 43
38 69 78 79
38 67 68 78 79
38 53 69
38 53 67 68
38 42 78 79
38 42 53
37 69 78 79
37 68 69
37 67 68 78 79
37 53 69
37 53 67 68
37 42 78 79
37 42 68
37 42 53
36 69 77 78 79
36 67 68 77 78 79
36 65 69 78 79
36 65 67 68 78 79
36 64 69
36 64 67 68
36 60 69
36 60 67 68
36 54 68 69
36 53 69 79
36 53 69 77 78
36 53 67 68 79
36 53 67 68 77 78
36 53 65 69
36 53 65 67 68
36 52 69
36 52 69 78 79
36 52 67 68
36 52 67 68 78 79
36 50 69
36 50 67 68
36 49 69
36 49 67 68
36 47 48 69
36 47 48 67 68
36 47 48 50 69
36 47 48 50 67 68
36 47 48 49 69
36 47 48 49 67 68
36 43 69
36 43 67 68
36 42 77 78 79
36 42 65 78 79
36 42 64
36 42 60
36 42 54 68
36 42 53 79
36 42 53 77 78
36 42 53 65
36 42 52
36 42 52 78 79
36 42 50
36 42 49
36 42 47 48
36 42 47 48 50
36 42 47 48 49
36 38 39 69
36 38 39 67 68
36 38 39 42
36 37 69 78 79
36 37 67 68 78 79
36 37 53 69
36 37 53 67 68
36 37 42 78 79
36 37 42 53
35 36 68 69
35 36 42 68
34 35 36 69
34 35 36 67 68
34 35 36 42
33 69
33 67 68
33 42
31 36 69
31 36 67 68
31 36 42
29 30 36 69
29 30 36 67 68
29 30 36 42
28 68 69
28 67
28 65 66
28 42 68
28 40
26 27 68 69
26 27 42 68
25 50
25 48 49
25 38
25 26 36 69
25 26 36 67 68
25 26 36 42
24 68 69
24 50 68 69
24 48 49 68 69
24 42 68
24 42 50 68
24 42 48 49 68
23 69
23 67
23 67 68
23 51 68 69
23 49 50 68 69
23 42
23 42 51 68
23 42 49 50 68
23 36 69
23 36 67 68
23 36 49 69
23 36 49 67 68
23 36 47 48 69
23 36 47 48 67 68
23 36 42
23 36 42 49
23 36 42 47 48
23 25
23 24 68 69
23 24 50
23 24 48 49
23 24 42 68
23 24 38
22 68 69
22 42 68
22 37 69
22 37 67 68
22 37 42
22 36 50 69
22 36 50 67 68
22 36 48 49 69
22 36 48 49 67 68
22 36 42 50
22 36 42 48 49
22 23 36 69
22 23 36 67 68
22 23 36 42
21 69 78 79
21 67 68 78 79
21 53 69
21 53 67 68
21 42 78 79
21 42 53
21 22 69
21 22 67 68
21 22 42
20 69 78 79
20 69 71
20 67 68 78 79
20 67 68 71
20 67 68 70
20 67 68 69
20 67 68 69 70
20 54 68 69
20 47 69
20 47 67 68
20 45 46 69
20 45 46 67 68
20 42 78 79
20 42 71
20 42 70
20 42 69 70
20 42 68 69
20 42 54 68
20 42 47
20 42 45 46
20 36 37 69
20 36 37 67 68
20 36 37 42
20 21 36 69
20 21 36 67 68
20 21 36 42
16 68 69
16 42 68
15 36 69
15 36 67 68
15 36 42
13 36 69
13 36 67 68
13 36 42
10 69 78 79
10 67 68 78 79
10 53 69
10 53 67 68
10 42 78 79
10 42 53
10 20 69
10 20 67 68
10 20 42
8 9 69 78 79
8 9 67 68 78 79
8 9 53 69
8 9 53 67 68
8 9 42 78 79
8 9 42 53
8 9 36 69
8 9 36 67 68
8 9 36 42
8 9 20 69
8 9 20 67 68
8 9 20 42
7 69 78 79
7 68 69
7 67 68 78 79
7 53 69
7 53 67 68
7 42 78 79
7 42 68
7 42 53
7 36 69 78 79
7 36 67 68 78 79
7 36 53 69
7 36 53 67 68
7 36 42 78 79
7 36 42 53
7 22 69
7 22 67 68
7 22 42
7 20 36 69
7 20 36 67 68
7 20 36 42
7 8 69
7 8 67 68
7 8 42
4 36 69
4 36 67 68
4 36 42
1 69 78 79
1 67 68 78 79
1 61 69
1 61 67 68
1 53 69
1 53 67 68
1 42 78 79
1 42 61
1 42 53
0 69
0 68 69 78 79
0 67 68 78 79
0 53 68 69
0 53 67 68
0 42
0 42 68 78 79
0 42 53 68
0 36 69
0 36 68 69
0 36 42
0 36 42 68
0 20 68 69
0 20 67 68
0 20 42 68
57 73
57 71 72
46 57
42 57 59 60 73
42 57 59 60 71 72
42 46 57 59 60
40 41 57 59 60 73
40 41 57 59 60 71 72
40 41 46 57 59 60
34 42 57 73
34 42 57 71 72
34 42 46 57
34 40 41 57 73
34 40 41 57 71 72
34 40 41 46 57
15 57 59 60 73
15 57 59 60 71 72
15 46 57 59 60
15 34 57 73
15 34 57 71 72
15 34 46 57
51 52 69
51 52 67
51 52 67 68
51 52 65 66
42 51 52
42 43 69
42 43 67
42 43 67 68
42 43 65 66
40 51 52
40 42 43
36 53 63 69
36 53 63 67 68
36 53 61 62 69
36 53 61 62 67 68
36 53 54 69
36 53 54 67 68
36 51 52 69
36 51 52 67 68
36 51 52 63 69
36 51 52 63 67 68
36 51 52 61 62 69
36 51 52 61 62 67 68
36 44 69
36 44 63 69
36 44 63 67 68
36 44 61 62 69
36 44 61 62 67 68
36 44 45 69
36 44 45 67 68
36 42 53 63
36 42 53 61 62
36 42 53 54
36 42 51 52
36 42 51 52 63
36 42 51 52 61 62
36 42 44
36 42 44 63
36 42 44 61 62
36 42 44 45
36 42 43 69
36 42 43 67 68
36 42 43 63
36 42 43 63 69
36 42 43 63 67 68
36 42 43 61 62
36 42 43 61 62 69
36 42 43 61 62 67 68
28 36 69
28 36 67 68
28 36 42
26 67
26 65 66
26 40
26 36 69
26 36 67 68
26 36 63 69
26 36 63 67 68
26 36 61 62 69
26 36 61 62 67 68
26 36 42
26 36 42 63
26 36 42 61 62
20 51 52 69
20 51 52 67 68
20 42 51 52
20 42 43
20 42 43 69
20 42 43 67 68
20 26 69
20 26 67 68
20 26 42
19 36 69
19 36 67 68
19 36 42
17 69
17 67
17 67 68
17 65 66
17 42
17 40
17 36 69
17 36 67 68
17 36 63 69
17 36 63 67 68
17 36 61 62 69
17 36 61 62 67 68
17 36 42
17 36 42 63
17 36 42 61 62
17 20 69
17 20 67 68
17 20 42
