69
67 68
57 73
57 71 72
48 57 59 73
48 57 59 71 72
46 57
46 48 57 59
46 47 57 59
46 47 57 59 73
46 47 57 59 71 72
44 61 73 75 78
44 61 73 75 76 77
44 61 73 74 78
44 61 73 74 76 77
44 61 71 72 75 78
44 61 71 72 75 76 77
44 61 71 72 73 74 78
44 61 71 72 73 74 76 77
44 61 63 73 78 79
44 61 63 73 75 78
44 61 63 73 75 76 77
44 61 63 73 74 78
44 61 63 73 74 76 77
44 61 63 71 72 78 79
44 61 63 71 72 75 78
44 61 63 71 72 75 76 77
44 61 63 71 72 73 74 78
44 61 63 71 72 73 74 76 77
44 61 62 73 75 78
44 61 62 73 75 76 77
44 61 62 73 74 78
44 61 62 73 74 76 77
44 61 62 71 72 75 78
44 61 62 71 72 75 76 77
44 61 62 71 72 73 74 78
44 61 62 71 72 73 74 76 77
44 59 60 61 73 75 78
44 59 60 61 73 75 76 77
44 59 60 61 73 74 78
44 59 60 61 73 74 76 77
44 59 60 61 71 72 75 78
44 59 60 61 71 72 75 76 77
44 59 60 61 71 72 73 74 78
44 59 60 61 71 72 73 74 76 77
44 59 60 61 63 73 78 79
44 59 60 61 63 71 72 78 79
44 57 73
44 57 71 72
44 57 59 61 73
44 57 59 61 71 72
44 57 59 60 73
44 57 59 60 71 72
44 53 61 63 73
44 53 61 63 71 72
44 53 59 60 61 63 73
44 53 59 60 61 63 71 72
44 51 61 73 75
44 51 61 73 74
44 51 61 71 72 75
44 51 61 71 72 73 74
44 51 61 63 73 75
44 51 61 63 73 74
44 51 61 63 71 72 75
44 51 61 63 71 72 73 74
44 51 61 62 73 75
44 51 61 62 73 74
44 51 61 62 71 72 75
44 51 61 62 71 72 73 74
44 51 59 60 61 73 75
44 51 59 60 61 73 74
44 51 59 60 61 71 72 75
44 51 59 60 61 71 72 73 74
44 48 61 73 78
44 48 61 73 76 77
44 48 61 71 72 78
44 48 61 71 72 76 77
44 48 61 63 73 78
44 48 61 63 73 76 77
44 48 61 63 71 72 78
44 48 61 63 71 72 76 77
44 48 61 62 73 78
44 48 61 62 73 76 77
44 48 61 62 71 72 78
44 48 61 62 71 72 76 77
44 48 59 60 61 73 78
44 48 59 60 61 73 76 77
44 48 59 60 61 71 72 78
44 48 59 60 61 71 72 76 77
44 48 51 61 73
44 48 51 61 71 72
44 48 51 61 63 73
44 48 51 61 63 71 72
44 48 51 61 62 73
44 48 51 61 62 71 72
44 48 51 59 60 61 73
44 48 51 59 60 61 71 72
44 46 61 75 78
44 46 61 75 76 77
44 46 61 73 74 78
44 46 61 73 74 76 77
44 46 61 63 78 79
44 46 61 63 75 78
44 46 61 63 75 76 77
44 46 61 63 73 74 78
44 46 61 63 73 74 76 77
44 46 61 62 75 78
44 46 61 62 75 76 77
44 46 61 62 73 74 78
44 46 61 62 73 74 76 77
44 46 59 60 61 75 78
44 46 59 60 61 75 76 77
44 46 59 60 61 73 74 78
44 46 59 60 61 73 74 76 77
44 46 59 60 61 63 78 79
44 46 57
44 46 57 59 61
44 46 57 59 60
44 46 53 61 63
44 46 53 59 60 61 63
44 46 51 61 75
44 46 51 61 73 74
44 46 51 61 63 75
44 46 51 61 63 73 74
44 46 51 61 62 75
44 46 51 61 62 73 74
44 46 51 59 60 61 75
44 46 51 59 60 61 73 74
44 46 48 61 78
44 46 48 61 76 77
44 46 48 61 63 78
44 46 48 61 63 76 77
44 46 48 61 62 78
44 46 48 61 62 76 77
44 46 48 59 60 61 78
44 46 48 59 60 61 76 77
44 46 48 51 61
44 46 48 51 61 63
44 46 48 51 61 62
44 46 48 51 59 60 61
42
42 59 63 73 75
42 59 63 73 74
42 59 63 71 72 75
42 59 63 71 72 73 74
42 59 61 73
42 59 61 71 72
42 59 61 62 73 75
42 59 61 62 73 74
42 59 61 62 71 72 75
42 59 61 62 71 72 73 74
42 58 59 61 73
42 58 59 61 71 72
42 57 73
42 57 71 72
42 57 59 61 77 78 79
42 57 59 61 75 78 79
42 57 59 61 75 76 78 79
42 57 59 61 73 74 78 79
42 57 59 60 61 75 78 79
42 57 59 60 61 73 74 78 79
42 53 57 59 61 77
42 53 57 59 61 75
42 53 57 59 61 75 76
42 53 57 59 61 73 74
42 53 57 59 60 61 75
42 53 57 59 60 61 73 74
42 50 57 59 61 78 79
42 50 53 57 59 61
42 48 59 63 73
42 48 59 63 71 72
42 48 59 61 62 73
42 48 59 61 62 71 72
42 48 57 59 61 78 79
42 48 57 59 60 61 78 79
42 48 53 57 59 61
42 48 53 57 59 60 61
42 46 59 63 75
42 46 59 63 73 74
42 46 59 61
42 46 59 61 62 75
42 46 59 61 62 73 74
42 46 58 59 61
42 46 57
42 46 48 59 63
42 46 48 59 61 62
42 43 61 73 75 78
42 43 61 73 75 76 77
42 43 61 73 74 78
42 43 61 73 74 76 77
42 43 61 71 72 75 78
42 43 61 71 72 75 76 77
42 43 61 71 72 73 74 78
42 43 61 71 72 73 74 76 77
42 43 61 63 73 78 79
42 43 61 63 73 75 78
42 43 61 63 73 75 76 77
42 43 61 63 73 74 78
42 43 61 63 73 74 76 77
42 43 61 63 71 72 78 79
42 43 61 63 71 72 75 78
42 43 61 63 71 72 75 76 77
42 43 61 63 71 72 73 74 78
42 43 61 63 71 72 73 74 76 77
42 43 61 62 73 75 78
42 43 61 62 73 75 76 77
42 43 61 62 73 74 78
42 43 61 62 73 74 76 77
42 43 61 62 71 72 75 78
42 43 61 62 71 72 75 76 77
42 43 61 62 71 72 73 74 78
42 43 61 62 71 72 73 74 76 77
42 43 59 60 61 73 75 78
42 43 59 60 61 73 75 76 77
42 43 59 60 61 73 74 78
42 43 59 60 61 73 74 76 77
42 43 59 60 61 71 72 75 78
42 43 59 60 61 71 72 75 76 77
42 43 59 60 61 71 72 73 74 78
42 43 59 60 61 71 72 73 74 76 77
42 43 59 60 61 63 73 78 79
42 43 59 60 61 63 71 72 78 79
42 43 57 73
42 43 57 71 72
42 43 57 59 61 73
42 43 57 59 61 71 72
42 43 57 59 60 73
42 43 57 59 60 71 72
42 43 53 61 63 73
42 43 53 61 63 71 72
42 43 53 59 60 61 63 73
42 43 53 59 60 61 63 71 72
42 43 51 61 73 75
42 43 51 61 73 74
42 43 51 61 71 72 75
42 43 51 61 71 72 73 74
42 43 51 61 63 73 75
42 43 51 61 63 73 74
42 43 51 61 63 71 72 75
42 43 51 61 63 71 72 73 74
42 43 51 61 62 73 75
42 43 51 61 62 73 74
42 43 51 61 62 71 72 75
42 43 51 61 62 71 72 73 74
42 43 51 59 60 61 73 75
42 43 51 59 60 61 73 74
42 43 51 59 60 61 71 72 75
42 43 51 59 60 61 71 72 73 74
42 43 48 61 73 78
42 43 48 61 73 76 77
42 43 48 61 71 72 78
42 43 48 61 71 72 76 77
42 43 48 61 63 73 78
42 43 48 61 63 73 76 77
42 43 48 61 63 71 72 78
42 43 48 61 63 71 72 76 77
42 43 48 61 62 73 78
42 43 48 61 62 73 76 77
42 43 48 61 62 71 72 78
42 43 48 61 62 71 72 76 77
42 43 48 59 60 61 73 78
42 43 48 59 60 61 73 76 77
42 43 48 59 60 61 71 72 78
42 43 48 59 60 61 71 72 76 77
42 43 48 51 61 73
42 43 48 51 61 71 72
42 43 48 51 61 63 73
42 43 48 51 61 63 71 72
42 43 48 51 61 62 73
42 43 48 51 61 62 71 72
42 43 48 51 59 60 61 73
42 43 48 51 59 60 61 71 72
42 43 46 61 75 78
42 43 46 61 75 76 77
42 43 46 61 73 74 78
42 43 46 61 73 74 76 77
42 43 46 61 63 78 79
42 43 46 61 63 75 78
42 43 46 61 63 75 76 77
42 43 46 61 63 73 74 78
42 43 46 61 63 73 74 76 77
42 43 46 61 62 75 78
42 43 46 61 62 75 76 77
42 43 46 61 62 73 74 78
42 43 46 61 62 73 74 76 77
42 43 46 59 60 61 75 78
42 43 46 59 60 61 75 76 77
42 43 46 59 60 61 73 74 78
42 43 46 59 60 61 73 74 76 77
42 43 46 59 60 61 63 78 79
42 43 46 57
42 43 46 57 59 61
42 43 46 57 59 60
42 43 46 53 61 63
42 43 46 53 59 60 61 63
42 43 46 51 61 75
42 43 46 51 61 73 74
42 43 46 51 61 63 75
42 43 46 51 61 63 73 74
42 43 46 51 61 62 75
42 43 46 51 61 62 73 74
42 43 46 51 59 60 61 75
42 43 46 51 59 60 61 73 74
42 43 46 48 61 78
42 43 46 48 61 76 77
42 43 46 48 61 63 78
42 43 46 48 61 63 76 77
42 43 46 48 61 62 78
42 43 46 48 61 62 76 77
42 43 46 48 59 60 61 78
42 43 46 48 59 60 61 76 77
42 43 46 48 51 61
42 43 46 48 51 61 63
42 43 46 48 51 61 62
42 43 46 48 51 59 60 61
40 41 59 63 73 75
40 41 59 63 73 74
40 41 59 63 71 72 75
40 41 59 63 71 72 73 74
40 41 59 61 73
40 41 59 61 71 72
40 41 59 61 62 73 75
40 41 59 61 62 73 74
40 41 59 61 62 71 72 75
40 41 59 61 62 71 72 73 74
40 41 58 59 61 73
40 41 58 59 61 71 72
40 41 57 73
40 41 57 71 72
40 41 57 59 61 77 78 79
40 41 57 59 61 75 78 79
40 41 57 59 61 75 76 78 79
40 41 57 59 61 73 74 78 79
40 41 57 59 60 61 75 78 79
40 41 57 59 60 61 73 74 78 79
40 41 53 57 59 61 77
40 41 53 57 59 61 75
40 41 53 57 59 61 75 76
40 41 53 57 59 61 73 74
40 41 53 57 59 60 61 75
40 41 53 57 59 60 61 73 74
40 41 50 57 59 61 78 79
40 41 50 53 57 59 61
40 41 48 59 63 73
40 41 48 59 63 71 72
40 41 48 59 61 62 73
40 41 48 59 61 62 71 72
40 41 48 57 59 61 78 79
40 41 48 57 59 60 61 78 79
40 41 48 53 57 59 61
40 41 48 53 57 59 60 61
40 41 46 59 63 75
40 41 46 59 63 73 74
40 41 46 59 61
40 41 46 59 61 62 75
40 41 46 59 61 62 73 74
40 41 46 58 59 61
40 41 46 57
40 41 46 48 59 63
40 41 46 48 59 61 62
36 44 61 73 75 78
36 44 61 73 75 76 77
36 44 61 73 74 78
36 44 61 73 74 76 77
36 44 61 71 72 75 78
36 44 61 71 72 75 76 77
36 44 61 71 72 73 74 78
36 44 61 71 72 73 74 76 77
36 44 51 61 73 75
36 44 51 61 73 74
36 44 51 61 71 72 75
36 44 51 61 71 72 73 74
36 44 48 61 73 78
36 44 48 61 73 76 77
36 44 48 61 71 72 78
36 44 48 61 71 72 76 77
36 44 48 51 61 73
36 44 48 51 61 71 72
36 44 46 61 75 78
36 44 46 61 75 76 77
36 44 46 61 73 74 78
36 44 46 61 73 74 76 77
36 44 46 51 61 75
36 44 46 51 61 73 74
36 44 46 48 61 78
36 44 46 48 61 76 77
36 44 46 48 51 61
36 42 59 73 75
36 42 59 73 74
36 42 59 71 72 75
36 42 59 71 72 73 74
36 42 48 59 73
36 42 48 59 71 72
36 42 46 59 75
36 42 46 59 73 74
36 42 46 48 59
36 42 43 61 73 75 78
36 42 43 61 73 75 76 77
36 42 43 61 73 74 78
36 42 43 61 73 74 76 77
36 42 43 61 71 72 75 78
36 42 43 61 71 72 75 76 77
36 42 43 61 71 72 73 74 78
36 42 43 61 71 72 73 74 76 77
36 42 43 51 61 73 75
36 42 43 51 61 73 74
36 42 43 51 61 71 72 75
36 42 43 51 61 71 72 73 74
36 42 43 48 61 73 78
36 42 43 48 61 73 76 77
36 42 43 48 61 71 72 78
36 42 43 48 61 71 72 76 77
36 42 43 48 51 61 73
36 42 43 48 51 61 71 72
36 42 43 46 61 75 78
36 42 43 46 61 75 76 77
36 42 43 46 61 73 74 78
36 42 43 46 61 73 74 76 77
36 42 43 46 51 61 75
36 42 43 46 51 61 73 74
36 42 43 46 48 61 78
36 42 43 46 48 61 76 77
36 42 43 46 48 51 61
36 40 41 59 73 75
36 40 41 59 73 74
36 40 41 59 71 72 75
36 40 41 59 71 72 73 74
36 40 41 48 59 73
36 40 41 48 59 71 72
36 40 41 46 59 75
36 40 41 46 59 73 74
36 40 41 46 48 59
34 44 61 73 75 78
34 44 61 73 75 76 77
34 44 61 73 74 78
34 44 61 73 74 76 77
34 44 61 71 72 75 78
34 44 61 71 72 75 76 77
34 44 61 71 72 73 74 78
34 44 61 71 72 73 74 76 77
34 44 61 63 73 78 79
34 44 61 63 71 72 78 79
34 44 57 59 73
34 44 57 59 71 72
34 44 53 61 63 73
34 44 53 61 63 71 72
34 44 51 61 73 75
34 44 51 61 73 74
34 44 51 61 71 72 75
34 44 51 61 71 72 73 74
34 44 48 61 73 78
34 44 48 61 73 76 77
34 44 48 61 71 72 78
34 44 48 61 71 72 76 77
34 44 48 51 61 73
34 44 48 51 61 71 72
34 44 46 61 75 78
34 44 46 61 75 76 77
34 44 46 61 73 74 78
34 44 46 61 73 74 76 77
34 44 46 61 63 78 79
34 44 46 57 59
34 44 46 53 61 63
34 44 46 51 61 75
34 44 46 51 61 73 74
34 44 46 48 61 78
34 44 46 48 61 76 77
34 44 46 48 51 61
34 42 59 61 73
34 42 59 61 71 72
34 42 57 59 61 75 78 79
34 42 57 59 61 73 74 78 79
34 42 53 57 59 61 75
34 42 53 57 59 61 73 74
34 42 48 57 59 61 78 79
34 42 48 53 57 59 61
34 42 46 59 61
34 42 43 61 73 75 78
34 42 43 61 73 75 76 77
34 42 43 61 73 74 78
34 42 43 61 73 74 76 77
34 42 43 61 71 72 75 78
34 42 43 61 71 72 75 76 77
34 42 43 61 71 72 73 74 78
34 42 43 61 71 72 73 74 76 77
34 42 43 61 63 73 78 79
34 42 43 61 63 71 72 78 79
34 42 43 57 59 73
34 42 43 57 59 71 72
34 42 43 53 61 63 73
34 42 43 53 61 63 71 72
34 42 43 51 61 73 75
34 42 43 51 61 73 74
34 42 43 51 61 71 72 75
34 42 43 51 61 71 72 73 74
34 42 43 48 61 73 78
34 42 43 48 61 73 76 77
34 42 43 48 61 71 72 78
34 42 43 48 61 71 72 76 77
34 42 43 48 51 61 73
34 42 43 48 51 61 71 72
34 42 43 46 61 75 78
34 42 43 46 61 75 76 77
34 42 43 46 61 73 74 78
34 42 43 46 61 73 74 76 77
34 42 43 46 61 63 78 79
34 42 43 46 57 59
34 42 43 46 53 61 63
34 42 43 46 51 61 75
34 42 43 46 51 61 73 74
34 42 43 46 48 61 78
34 42 43 46 48 61 76 77
34 42 43 46 48 51 61
34 40 41 59 61 73
34 40 41 59 61 71 72
34 40 41 57 59 61 75 78 79
34 40 41 57 59 61 73 74 78 79
34 40 41 53 57 59 61 75
34 40 41 53 57 59 61 73 74
34 40 41 48 57 59 61 78 79
34 40 41 48 53 57 59 61
34 40 41 46 59 61
33 42 59 61 73
33 42 59 61 71 72
33 42 46 59 61
33 40 41 59 61 73
33 40 41 59 61 71 72
33 40 41 46 59 61
30 42 57 59 61 77 78 79
30 42 57 59 61 75 78 79
30 42 57 59 61 75 76 78 79
30 42 57 59 61 73 74 78 79
30 42 57 59 60 61 75 78 79
30 42 57 59 60 61 73 74 78 79
30 42 53 57 59 61 77
30 42 53 57 59 61 75
30 42 53 57 59 61 75 76
30 42 53 57 59 61 73 74
30 42 53 57 59 60 61 75
30 42 53 57 59 60 61 73 74
30 42 50 57 59 61 78 79
30 42 50 53 57 59 61
30 42 48 57 59 61 78 79
30 42 48 57 59 60 61 78 79
30 42 48 53 57 59 61
30 42 48 53 57 59 60 61
30 40 41 57 59 61 77 78 79
30 40 41 57 59 61 75 78 79
30 40 41 57 59 61 75 76 78 79
30 40 41 57 59 61 73 74 78 79
30 40 41 57 59 60 61 75 78 79
30 40 41 57 59 60 61 73 74 78 79
30 40 41 53 57 59 61 77
30 40 41 53 57 59 61 75
30 40 41 53 57 59 61 75 76
30 40 41 53 57 59 61 73 74
30 40 41 53 57 59 60 61 75
30 40 41 53 57 59 60 61 73 74
30 40 41 50 57 59 61 78 79
30 40 41 50 53 57 59 61
30 40 41 48 57 59 61 78 79
30 40 41 48 57 59 60 61 78 79
30 40 41 48 53 57 59 61
30 40 41 48 53 57 59 60 61
30 34 42 57 59 61 75 78 79
30 34 42 57 59 61 73 74 78 79
30 34 42 53 57 59 61 75
30 34 42 53 57 59 61 73 74
30 34 42 48 57 59 61 78 79
30 34 42 48 53 57 59 61
30 34 40 41 57 59 61 75 78 79
30 34 40 41 57 59 61 73 74 78 79
30 34 40 41 53 57 59 61 75
30 34 40 41 53 57 59 61 73 74
30 34 40 41 48 57 59 61 78 79
30 34 40 41 48 53 57 59 61
28 29 42 57 59 61 77 78 79
28 29 42 57 59 61 75 78 79
28 29 42 57 59 61 75 76 78 79
28 29 42 57 59 61 73 74 78 79
28 29 42 57 59 60 61 75 78 79
28 29 42 57 59 60 61 73 74 78 79
28 29 42 53 57 59 61 77
28 29 42 53 57 59 61 75
28 29 42 53 57 59 61 75 76
28 29 42 53 57 59 61 73 74
28 29 42 53 57 59 60 61 75
28 29 42 53 57 59 60 61 73 74
28 29 42 50 57 59 61 78 79
28 29 42 50 53 57 59 61
28 29 42 48 57 59 61 78 79
28 29 42 48 57 59 60 61 78 79
28 29 42 48 53 57 59 61
28 29 42 48 53 57 59 60 61
28 29 40 41 57 59 61 77 78 79
28 29 40 41 57 59 61 75 78 79
28 29 40 41 57 59 61 75 76 78 79
28 29 40 41 57 59 61 73 74 78 79
28 29 40 41 57 59 60 61 75 78 79
28 29 40 41 57 59 60 61 73 74 78 79
28 29 40 41 53 57 59 61 77
28 29 40 41 53 57 59 61 75
28 29 40 41 53 57 59 61 75 76
28 29 40 41 53 57 59 61 73 74
28 29 40 41 53 57 59 60 61 75
28 29 40 41 53 57 59 60 61 73 74
28 29 40 41 50 57 59 61 78 79
28 29 40 41 50 53 57 59 61
28 29 40 41 48 57 59 61 78 79
28 29 40 41 48 57 59 60 61 78 79
28 29 40 41 48 53 57 59 61
28 29 40 41 48 53 57 59 60 61
28 29 34 42 57 59 61 75 78 79
28 29 34 42 57 59 61 73 74 78 79
28 29 34 42 53 57 59 61 75
28 29 34 42 53 57 59 61 73 74
28 29 34 42 48 57 59 61 78 79
28 29 34 42 48 53 57 59 61
28 29 34 40 41 57 59 61 75 78 79
28 29 34 40 41 57 59 61 73 74 78 79
28 29 34 40 41 53 57 59 61 75
28 29 34 40 41 53 57 59 61 73 74
28 29 34 40 41 48 57 59 61 78 79
28 29 34 40 41 48 53 57 59 61
21 57 59 73
21 57 59 71 72
21 46 57 59
17 61 73 75 78
17 61 73 75 76 77
17 61 73 74 78
17 61 73 74 76 77
17 61 71 72 75 78
17 61 71 72 75 76 77
17 61 71 72 73 74 78
17 61 71 72 73 74 76 77
17 61 63 73 78 79
17 61 63 73 75 78
17 61 63 73 75 76 77
17 61 63 73 74 78
17 61 63 73 74 76 77
17 61 63 71 72 78 79
17 61 63 71 72 75 78
17 61 63 71 72 75 76 77
17 61 63 71 72 73 74 78
17 61 63 71 72 73 74 76 77
17 61 62 73 75 78
17 61 62 73 75 76 77
17 61 62 73 74 78
17 61 62 73 74 76 77
17 61 62 71 72 75 78
17 61 62 71 72 75 76 77
17 61 62 71 72 73 74 78
17 61 62 71 72 73 74 76 77
17 59 60 61 73 75 78
17 59 60 61 73 75 76 77
17 59 60 61 73 74 78
17 59 60 61 73 74 76 77
17 59 60 61 71 72 75 78
17 59 60 61 71 72 75 76 77
17 59 60 61 71 72 73 74 78
17 59 60 61 71 72 73 74 76 77
17 59 60 61 63 73 78 79
17 59 60 61 63 71 72 78 79
17 57 73
17 57 71 72
17 57 59 61 73
17 57 59 61 71 72
17 57 59 60 73
17 57 59 60 71 72
17 53 61 63 73
17 53 61 63 71 72
17 53 59 60 61 63 73
17 53 59 60 61 63 71 72
17 51 61 73 75
17 51 61 73 74
17 51 61 71 72 75
17 51 61 71 72 73 74
17 51 61 63 73 75
17 51 61 63 73 74
17 51 61 63 71 72 75
17 51 61 63 71 72 73 74
17 51 61 62 73 75
17 51 61 62 73 74
17 51 61 62 71 72 75
17 51 61 62 71 72 73 74
17 51 59 60 61 73 75
17 51 59 60 61 73 74
17 51 59 60 61 71 72 75
17 51 59 60 61 71 72 73 74
17 48 61 73 78
17 48 61 73 76 77
17 48 61 71 72 78
17 48 61 71 72 76 77
17 48 61 63 73 78
17 48 61 63 73 76 77
17 48 61 63 71 72 78
17 48 61 63 71 72 76 77
17 48 61 62 73 78
17 48 61 62 73 76 77
17 48 61 62 71 72 78
17 48 61 62 71 72 76 77
17 48 59 60 61 73 78
17 48 59 60 61 73 76 77
17 48 59 60 61 71 72 78
17 48 59 60 61 71 72 76 77
17 48 51 61 73
17 48 51 61 71 72
17 48 51 61 63 73
17 48 51 61 63 71 72
17 48 51 61 62 73
17 48 51 61 62 71 72
17 48 51 59 60 61 73
17 48 51 59 60 61 71 72
17 46 61 75 78
17 46 61 75 76 77
17 46 61 73 74 78
17 46 61 73 74 76 77
17 46 61 63 78 79
17 46 61 63 75 78
17 46 61 63 75 76 77
17 46 61 63 73 74 78
17 46 61 63 73 74 76 77
17 46 61 62 75 78
17 46 61 62 75 76 77
17 46 61 62 73 74 78
17 46 61 62 73 74 76 77
17 46 59 60 61 75 78
17 46 59 60 61 75 76 77
17 46 59 60 61 73 74 78
17 46 59 60 61 73 74 76 77
17 46 59 60 61 63 78 79
17 46 57
17 46 57 59 61
17 46 57 59 60
17 46 53 61 63
17 46 53 59 60 61 63
17 46 51 61 75
17 46 51 61 73 74
17 46 51 61 63 75
17 46 51 61 63 73 74
17 46 51 61 62 75
17 46 51 61 62 73 74
17 46 51 59 60 61 75
17 46 51 59 60 61 73 74
17 46 48 61 78
17 46 48 61 76 77
17 46 48 61 63 78
17 46 48 61 63 76 77
17 46 48 61 62 78
17 46 48 61 62 76 77
17 46 48 59 60 61 78
17 46 48 59 60 61 76 77
17 46 48 51 61
17 46 48 51 61 63
17 46 48 51 61 62
17 46 48 51 59 60 61
17 36 61 73 75 78
17 36 61 73 75 76 77
17 36 61 73 74 78
17 36 61 73 74 76 77
17 36 61 71 72 75 78
17 36 61 71 72 75 76 77
17 36 61 71 72 73 74 78
17 36 61 71 72 73 74 76 77
17 36 51 61 73 75
17 36 51 61 73 74
17 36 51 61 71 72 75
17 36 51 61 71 72 73 74
17 36 48 61 73 78
17 36 48 61 73 76 77
17 36 48 61 71 72 78
17 36 48 61 71 72 76 77
17 36 48 51 61 73
17 36 48 51 61 71 72
17 36 46 61 75 78
17 36 46 61 75 76 77
17 36 46 61 73 74 78
17 36 46 61 73 74 76 77
17 36 46 51 61 75
17 36 46 51 61 73 74
17 36 46 48 61 78
17 36 46 48 61 76 77
17 36 46 48 51 61
17 34 61 73 75 78
17 34 61 73 75 76 77
17 34 61 73 74 78
17 34 61 73 74 76 77
17 34 61 71 72 75 78
17 34 61 71 72 75 76 77
17 34 61 71 72 73 74 78
17 34 61 71 72 73 74 76 77
17 34 61 63 73 78 79
17 34 61 63 71 72 78 79
17 34 57 59 73
17 34 57 59 71 72
17 34 53 61 63 73
17 34 53 61 63 71 72
17 34 51 61 73 75
17 34 51 61 73 74
17 34 51 61 71 72 75
17 34 51 61 71 72 73 74
17 34 48 61 73 78
17 34 48 61 73 76 77
17 34 48 61 71 72 78
17 34 48 61 71 72 76 77
17 34 48 51 61 73
17 34 48 51 61 71 72
17 34 46 61 75 78
17 34 46 61 75 76 77
17 34 46 61 73 74 78
17 34 46 61 73 74 76 77
17 34 46 61 63 78 79
17 34 46 57 59
17 34 46 53 61 63
17 34 46 51 61 75
17 34 46 51 61 73 74
17 34 46 48 61 78
17 34 46 48 61 76 77
17 34 46 48 51 61
15 59 63 73 75
15 59 63 73 74
15 59 63 71 72 75
15 59 63 71 72 73 74
15 59 61 73
15 59 61 71 72
15 59 61 62 73 75
15 59 61 62 73 74
15 59 61 62 71 72 75
15 59 61 62 71 72 73 74
15 58 59 61 73
15 58 59 61 71 72
15 57 73
15 57 71 72
15 57 59 61 77 78 79
15 57 59 61 75 78 79
15 57 59 61 75 76 78 79
15 57 59 61 73 74 78 79
15 57 59 60 61 75 78 79
15 57 59 60 61 73 74 78 79
15 53 57 59 61 77
15 53 57 59 61 75
15 53 57 59 61 75 76
15 53 57 59 61 73 74
15 53 57 59 60 61 75
15 53 57 59 60 61 73 74
15 50 57 59 61 78 79
15 50 53 57 59 61
15 48 59 63 73
15 48 59 63 71 72
15 48 59 61 62 73
15 48 59 61 62 71 72
15 48 57 59 61 78 79
15 48 57 59 60 61 78 79
15 48 53 57 59 61
15 48 53 57 59 60 61
15 46 59 63 75
15 46 59 63 73 74
15 46 59 61
15 46 59 61 62 75
15 46 59 61 62 73 74
15 46 58 59 61
15 46 57
15 46 48 59 63
15 46 48 59 61 62
15 36 59 73 75
15 36 59 73 74
15 36 59 71 72 75
15 36 59 71 72 73 74
15 36 48 59 73
15 36 48 59 71 72
15 36 46 59 75
15 36 46 59 73 74
15 36 46 48 59
15 34 59 61 73
15 34 59 61 71 72
15 34 57 59 61 75 78 79
15 34 57 59 61 73 74 78 79
15 34 53 57 59 61 75
15 34 53 57 59 61 73 74
15 34 48 57 59 61 78 79
15 34 48 53 57 59 61
15 34 46 59 61
15 33 59 61 73
15 33 59 61 71 72
15 33 46 59 61
15 30 57 59 61 77 78 79
15 30 57 59 61 75 78 79
15 30 57 59 61 75 76 78 79
15 30 57 59 61 73 74 78 79
15 30 57 59 60 61 75 78 79
15 30 57 59 60 61 73 74 78 79
15 30 53 57 59 61 77
15 30 53 57 59 61 75
15 30 53 57 59 61 75 76
15 30 53 57 59 61 73 74
15 30 53 57 59 60 61 75
15 30 53 57 59 60 61 73 74
15 30 50 57 59 61 78 79
15 30 50 53 57 59 61
15 30 48 57 59 61 78 79
15 30 48 57 59 60 61 78 79
15 30 48 53 57 59 61
15 30 48 53 57 59 60 61
15 30 34 57 59 61 75 78 79
15 30 34 57 59 61 73 74 78 79
15 30 34 53 57 59 61 75
15 30 34 53 57 59 61 73 74
15 30 34 48 57 59 61 78 79
15 30 34 48 53 57 59 61
15 28 29 57 59 61 77 78 79
15 28 29 57 59 61 75 78 79
15 28 29 57 59 61 75 76 78 79
15 28 29 57 59 61 73 74 78 79
15 28 29 57 59 60 61 75 78 79
15 28 29 57 59 60 61 73 74 78 79
15 28 29 53 57 59 61 77
15 28 29 53 57 59 61 75
15 28 29 53 57 59 61 75 76
15 28 29 53 57 59 61 73 74
15 28 29 53 57 59 60 61 75
15 28 29 53 57 59 60 61 73 74
15 28 29 50 57 59 61 78 79
15 28 29 50 53 57 59 61
15 28 29 48 57 59 61 78 79
15 28 29 48 57 59 60 61 78 79
15 28 29 48 53 57 59 61
15 28 29 48 53 57 59 60 61
15 28 29 34 57 59 61 75 78 79
15 28 29 34 57 59 61 73 74 78 79
15 28 29 34 53 57 59 61 75
15 28 29 34 53 57 59 61 73 74
15 28 29 34 48 57 59 61 78 79
15 28 29 34 48 53 57 59 61
4 44 59 61 73
4 44 59 61 71 72
4 44 46 59 61
4 42 43 59 61 73
4 42 43 59 61 71 72
4 42 43 46 59 61
4 17 59 61 73
4 17 59 61 71 72
4 17 46 59 61
3 42 57 59 61 77 78 79
3 42 57 59 61 75 78 79
3 42 57 59 61 75 76 78 79
3 42 57 59 61 73 74 78 79
3 42 57 59 60 61 75 78 79
3 42 57 59 60 61 73 74 78 79
3 42 53 57 59 61 77
3 42 53 57 59 61 75
3 42 53 57 59 61 75 76
3 42 53 57 59 61 73 74
3 42 53 57 59 60 61 75
3 42 53 57 59 60 61 73 74
3 42 50 57 59 61 78 79
3 42 50 53 57 59 61
3 42 48 57 59 61 78 79
3 42 48 57 59 60 61 78 79
3 42 48 53 57 59 61
3 42 48 53 57 59 60 61
3 40 41 57 59 61 77 78 79
3 40 41 57 59 61 75 78 79
3 40 41 57 59 61 75 76 78 79
3 40 41 57 59 61 73 74 78 79
3 40 41 57 59 60 61 75 78 79
3 40 41 57 59 60 61 73 74 78 79
3 40 41 53 57 59 61 77
3 40 41 53 57 59 61 75
3 40 41 53 57 59 61 75 76
3 40 41 53 57 59 61 73 74
3 40 41 53 57 59 60 61 75
3 40 41 53 57 59 60 61 73 74
3 40 41 50 57 59 61 78 79
3 40 41 50 53 57 59 61
3 40 41 48 57 59 61 78 79
3 40 41 48 57 59 60 61 78 79
3 40 41 48 53 57 59 61
3 40 41 48 53 57 59 60 61
3 34 42 57 59 61 75 78 79
3 34 42 57 59 61 73 74 78 79
3 34 42 53 57 59 61 75
3 34 42 53 57 59 61 73 74
3 34 42 48 57 59 61 78 79
3 34 42 48 53 57 59 61
3 34 40 41 57 59 61 75 78 79
3 34 40 41 57 59 61 73 74 78 79
3 34 40 41 53 57 59 61 75
3 34 40 41 53 57 59 61 73 74
3 34 40 41 48 57 59 61 78 79
3 34 40 41 48 53 57 59 61
3 15 57 59 61 77 78 79
3 15 57 59 61 75 78 79
3 15 57 59 61 75 76 78 79
3 15 57 59 61 73 74 78 79
3 15 57 59 60 61 75 78 79
3 15 57 59 60 61 73 74 78 79
3 15 53 57 59 61 77
3 15 53 57 59 61 75
3 15 53 57 59 61 75 76
3 15 53 57 59 61 73 74
3 15 53 57 59 60 61 75
3 15 53 57 59 60 61 73 74
3 15 50 57 59 61 78 79
3 15 50 53 57 59 61
3 15 48 57 59 61 78 79
3 15 48 57 59 60 61 78 79
3 15 48 53 57 59 61
3 15 48 53 57 59 60 61
3 15 34 57 59 61 75 78 79
3 15 34 57 59 61 73 74 78 79
3 15 34 53 57 59 61 75
3 15 34 53 57 59 61 73 74
3 15 34 48 57 59 61 78 79
3 15 34 48 53 57 59 61
