42 57 59 73 78
42 57 59 73 76 77
42 57 59 71 72 78
42 57 59 71 72 76 77
42 51 57 59 73
42 51 57 59 71 72
42 48 57 59 73 78
42 48 57 59 73 76 77
42 48 57 59 71 72 78
42 48 57 59 71 72 76 77
42 48 51 57 59 73
42 48 51 57 59 71 72
42 46 57 59 78
42 46 57 59 76 77
42 46 51 57 59
40 41 57 59 73 78
40 41 57 59 73 76 77
40 41 57 59 71 72 78
40 41 57 59 71 72 76 77
40 41 51 57 59 73
40 41 51 57 59 71 72
40 41 48 57 59 73 78
40 41 48 57 59 73 76 77
40 41 48 57 59 71 72 78
40 41 48 57 59 71 72 76 77
40 41 48 51 57 59 73
40 41 48 51 57 59 71 72
40 41 46 57 59 78
40 41 46 57 59 76 77
40 41 46 51 57 59
21 42 57 59 73 78
21 42 57 59 73 76 77
21 42 57 59 71 72 78
21 42 57 59 71 72 76 77
21 42 51 57 59 73
21 42 51 57 59 71 72
21 40 41 57 59 73 78
21 40 41 57 59 73 76 77
21 40 41 57 59 71 72 78
21 40 41 57 59 71 72 76 77
21 40 41 51 57 59 73
21 40 41 51 57 59 71 72
15 57 59 73 78
15 57 59 73 76 77
15 57 59 71 72 78
15 57 59 71 72 76 77
15 51 57 59 73
15 51 57 59 71 72
15 48 57 59 73 78
15 48 57 59 73 76 77
15 48 57 59 71 72 78
15 48 57 59 71 72 76 77
15 48 51 57 59 73
15 48 51 57 59 71 72
15 46 57 59 78
15 46 57 59 76 77
15 46 51 57 59
15 21 57 59 73 78
15 21 57 59 73 76 77
15 21 57 59 71 72 78
15 21 57 59 71 72 76 77
15 21 51 57 59 73
15 21 51 57 59 71 72
59 68 69
59 67 68
55 59 68
53 54 59 68
42 59 68
28 59 68
42 46 48 57 59 73 78
42 46 48 57 59 73 76 77
42 46 48 57 59 71 72 78
42 46 48 57 59 71 72 76 77
42 46 48 51 57 59 73
42 46 48 51 57 59 71 72
42 44 45 48 57 59 73 78
42 44 45 48 57 59 73 76 77
42 44 45 48 57 59 71 72 78
42 44 45 48 57 59 71 72 76 77
42 44 45 48 51 57 59 73
42 44 45 48 51 57 59 71 72
42 44 45 46 48 57 59 78
42 44 45 46 48 57 59 76 77
42 44 45 46 48 51 57 59
42 44 45 46 47 57 59 78
42 44 45 46 47 57 59 76 77
42 44 45 46 47 57 59 73 78
42 44 45 46 47 57 59 73 76 77
42 44 45 46 47 57 59 71 72 78
42 44 45 46 47 57 59 71 72 76 77
42 44 45 46 47 51 57 59
42 44 45 46 47 51 57 59 73
42 44 45 46 47 51 57 59 71 72
40 41 46 48 57 59 73 78
40 41 46 48 57 59 73 76 77
40 41 46 48 57 59 71 72 78
40 41 46 48 57 59 71 72 76 77
40 41 46 48 51 57 59 73
40 41 46 48 51 57 59 71 72
40 41 44 45 48 57 59 73 78
40 41 44 45 48 57 59 73 76 77
40 41 44 45 48 57 59 71 72 78
40 41 44 45 48 57 59 71 72 76 77
40 41 44 45 48 51 57 59 73
40 41 44 45 48 51 57 59 71 72
40 41 44 45 46 48 57 59 78
40 41 44 45 46 48 57 59 76 77
40 41 44 45 46 48 51 57 59
40 41 44 45 46 47 57 59 78
40 41 44 45 46 47 57 59 76 77
40 41 44 45 46 47 57 59 73 78
40 41 44 45 46 47 57 59 73 76 77
40 41 44 45 46 47 57 59 71 72 78
40 41 44 45 46 47 57 59 71 72 76 77
40 41 44 45 46 47 51 57 59
40 41 44 45 46 47 51 57 59 73
40 41 44 45 46 47 51 57 59 71 72
21 42 46 57 59 73 78
21 42 46 57 59 73 76 77
21 42 46 57 59 71 72 78
21 42 46 57 59 71 72 76 77
21 42 46 51 57 59 73
21 42 46 51 57 59 71 72
21 42 44 45 57 59 73 78
21 42 44 45 57 59 73 76 77
21 42 44 45 57 59 71 72 78
21 42 44 45 57 59 71 72 76 77
21 42 44 45 51 57 59 73
21 42 44 45 51 57 59 71 72
21 42 44 45 46 57 59 78
21 42 44 45 46 57 59 76 77
21 42 44 45 46 51 57 59
21 40 41 46 57 59 73 78
21 40 41 46 57 59 73 76 77
21 40 41 46 57 59 71 72 78
21 40 41 46 57 59 71 72 76 77
21 40 41 46 51 57 59 73
21 40 41 46 51 57 59 71 72
21 40 41 44 45 57 59 73 78
21 40 41 44 45 57 59 73 76 77
21 40 41 44 45 57 59 71 72 78
21 40 41 44 45 57 59 71 72 76 77
21 40 41 44 45 51 57 59 73
21 40 41 44 45 51 57 59 71 72
21 40 41 44 45 46 57 59 78
21 40 41 44 45 46 57 59 76 77
21 40 41 44 45 46 51 57 59
19 42 48 57 59 73 78
19 42 48 57 59 73 76 77
19 42 48 57 59 71 72 78
19 42 48 57 59 71 72 76 77
19 42 48 51 57 59 73
19 42 48 51 57 59 71 72
19 42 46 48 57 59 78
19 42 46 48 57 59 76 77
19 42 46 48 51 57 59
19 42 46 47 57 59 78
19 42 46 47 57 59 76 77
19 42 46 47 57 59 73 78
19 42 46 47 57 59 73 76 77
19 42 46 47 57 59 71 72 78
19 42 46 47 57 59 71 72 76 77
19 42 46 47 51 57 59
19 42 46 47 51 57 59 73
19 42 46 47 51 57 59 71 72
19 40 41 48 57 59 73 78
19 40 41 48 57 59 73 76 77
19 40 41 48 57 59 71 72 78
19 40 41 48 57 59 71 72 76 77
19 40 41 48 51 57 59 73
19 40 41 48 51 57 59 71 72
19 40 41 46 48 57 59 78
19 40 41 46 48 57 59 76 77
19 40 41 46 48 51 57 59
19 40 41 46 47 57 59 78
19 40 41 46 47 57 59 76 77
19 40 41 46 47 57 59 73 78
19 40 41 46 47 57 59 73 76 77
19 40 41 46 47 57 59 71 72 78
19 40 41 46 47 57 59 71 72 76 77
19 40 41 46 47 51 57 59
19 40 41 46 47 51 57 59 73
19 40 41 46 47 51 57 59 71 72
19 21 42 57 59 73 78
19 21 42 57 59 73 76 77
19 21 42 57 59 71 72 78
19 21 42 57 59 71 72 76 77
19 21 42 51 57 59 73
19 21 42 51 57 59 71 72
19 21 42 46 57 59 78
19 21 42 46 57 59 76 77
19 21 42 46 51 57 59
19 21 40 41 57 59 73 78
19 21 40 41 57 59 73 76 77
19 21 40 41 57 59 71 72 78
19 21 40 41 57 59 71 72 76 77
19 21 40 41 51 57 59 73
19 21 40 41 51 57 59 71 72
19 21 40 41 46 57 59 78
19 21 40 41 46 57 59 76 77
19 21 40 41 46 51 57 59
15 46 48 57 59 73 78
15 46 48 57 59 73 76 77
15 46 48 57 59 71 72 78
15 46 48 57 59 71 72 76 77
15 46 48 51 57 59 73
15 46 48 51 57 59 71 72
15 44 45 48 57 59 73 78
15 44 45 48 57 59 73 76 77
15 44 45 48 57 59 71 72 78
15 44 45 48 57 59 71 72 76 77
15 44 45 48 51 57 59 73
15 44 45 48 51 57 59 71 72
15 44 45 46 48 57 59 78
15 44 45 46 48 57 59 76 77
15 44 45 46 48 51 57 59
15 44 45 46 47 57 59 78
15 44 45 46 47 57 59 76 77
15 44 45 46 47 57 59 73 78
15 44 45 46 47 57 59 73 76 77
15 44 45 46 47 57 59 71 72 78
15 44 45 46 47 57 59 71 72 76 77
15 44 45 46 47 51 57 59
15 44 45 46 47 51 57 59 73
15 44 45 46 47 51 57 59 71 72
15 21 46 57 59 73 78
15 21 46 57 59 73 76 77
15 21 46 57 59 71 72 78
15 21 46 57 59 71 72 76 77
15 21 46 51 57 59 73
15 21 46 51 57 59 71 72
15 21 44 45 57 59 73 78
15 21 44 45 57 59 73 76 77
15 21 44 45 57 59 71 72 78
15 21 44 45 57 59 71 72 76 77
15 21 44 45 51 57 59 73
15 21 44 45 51 57 59 71 72
15 21 44 45 46 57 59 78
15 21 44 45 46 57 59 76 77
15 21 44 45 46 51 57 59
15 19 48 57 59 73 78
15 19 48 57 59 73 76 77
15 19 48 57 59 71 72 78
15 19 48 57 59 71 72 76 77
15 19 48 51 57 59 73
15 19 48 51 57 59 71 72
15 19 46 48 57 59 78
15 19 46 48 57 59 76 77
15 19 46 48 51 57 59
15 19 46 47 57 59 78
15 19 46 47 57 59 76 77
15 19 46 47 57 59 73 78
15 19 46 47 57 59 73 76 77
15 19 46 47 57 59 71 72 78
15 19 46 47 57 59 71 72 76 77
15 19 46 47 51 57 59
15 19 46 47 51 57 59 73
15 19 46 47 51 57 59 71 72
15 19 21 57 59 73 78
15 19 21 57 59 73 76 77
15 19 21 57 59 71 72 78
15 19 21 57 59 71 72 76 77
15 19 21 51 57 59 73
15 19 21 51 57 59 71 72
15 19 21 46 57 59 78
15 19 21 46 57 59 76 77
15 19 21 46 51 57 59
42 46 47 57 59 60 78
42 46 47 57 59 60 76 77
42 46 47 51 57 59 60
33 42 46 47 57 59 78
33 42 46 47 57 59 76 77
33 42 46 47 51 57 59
40 41 46 47 57 59 60 78
40 41 46 47 57 59 60 76 77
40 41 46 47 51 57 59 60
33 40 41 46 47 57 59 78
33 40 41 46 47 57 59 76 77
33 40 41 46 47 51 57 59
15 21 57 59 60 73 78
15 21 57 59 60 73 76 77
15 21 57 59 60 73 74 78
15 21 57 59 60 73 74 76 77
15 21 57 59 60 72 73 78
15 21 57 59 60 72 73 76 77
15 21 57 59 60 71 72 78
15 21 57 59 60 71 72 76 77
15 21 57 59 60 71 72 74 78
15 21 57 59 60 71 72 74 76 77
15 21 57 59 60 71 72 73 78
15 21 57 59 60 71 72 73 76 77
15 21 57 58 59 73 74 78
15 21 57 58 59 73 74 76 77
15 21 57 58 59 72 73 78
15 21 57 58 59 72 73 76 77
15 21 57 58 59 71 72 74 78
15 21 57 58 59 71 72 74 76 77
15 21 57 58 59 71 72 73 78
15 21 57 58 59 71 72 73 76 77
15 21 57 58 59 60 73 78
15 21 57 58 59 60 73 76 77
15 21 57 58 59 60 71 72 78
15 21 57 58 59 60 71 72 76 77
15 21 51 57 59 60 73
15 21 51 57 59 60 73 74
15 21 51 57 59 60 72 73
15 21 51 57 59 60 71 72
15 21 51 57 59 60 71 72 74
15 21 51 57 59 60 71 72 73
15 21 51 57 58 59 73 74
15 21 51 57 58 59 72 73
15 21 51 57 58 59 71 72 74
15 21 51 57 58 59 71 72 73
15 21 51 57 58 59 60 73
15 21 51 57 58 59 60 71 72
15 21 47 57 59 60 73 78
15 21 47 57 59 60 73 76 77
15 21 47 57 59 60 71 72 78
15 21 47 57 59 60 71 72 76 77
15 21 47 57 58 59 73 78
15 21 47 57 58 59 73 76 77
15 21 47 57 58 59 71 72 78
15 21 47 57 58 59 71 72 76 77
15 21 47 51 57 59 60 73
15 21 47 51 57 59 60 71 72
15 21 47 51 57 58 59 73
15 21 47 51 57 58 59 71 72
15 21 46 57 59 60 78
15 21 46 57 59 60 76 77
15 21 46 57 59 60 74 78
15 21 46 57 59 60 74 76 77
15 21 46 57 59 60 72 73 78
15 21 46 57 59 60 72 73 76 77
15 21 46 57 58 59 74 78
15 21 46 57 58 59 74 76 77
15 21 46 57 58 59 72 73 78
15 21 46 57 58 59 72 73 76 77
15 21 46 57 58 59 60 78
15 21 46 57 58 59 60 76 77
15 21 46 51 57 59 60
15 21 46 51 57 59 60 74
15 21 46 51 57 59 60 72 73
15 21 46 51 57 58 59 74
15 21 46 51 57 58 59 72 73
15 21 46 51 57 58 59 60
15 21 46 47 57 59 60 78
15 21 46 47 57 59 60 76 77
15 21 46 47 57 58 59 78
15 21 46 47 57 58 59 76 77
15 21 46 47 51 57 59 60
15 21 46 47 51 57 58 59
15 21 33 57 59 73 78
15 21 33 57 59 73 76 77
15 21 33 57 59 73 74 78
15 21 33 57 59 73 74 76 77
15 21 33 57 59 72 73 78
15 21 33 57 59 72 73 76 77
15 21 33 57 59 71 72 78
15 21 33 57 59 71 72 76 77
15 21 33 57 59 71 72 74 78
15 21 33 57 59 71 72 74 76 77
15 21 33 57 59 71 72 73 78
15 21 33 57 59 71 72 73 76 77
15 21 33 57 58 59 73 78
15 21 33 57 58 59 73 76 77
15 21 33 57 58 59 71 72 78
15 21 33 57 58 59 71 72 76 77
15 21 33 51 57 59 73
15 21 33 51 57 59 73 74
15 21 33 51 57 59 72 73
15 21 33 51 57 59 71 72
15 21 33 51 57 59 71 72 74
15 21 33 51 57 59 71 72 73
15 21 33 51 57 58 59 73
15 21 33 51 57 58 59 71 72
15 21 33 47 57 59 73 78
15 21 33 47 57 59 73 76 77
15 21 33 47 57 59 71 72 78
15 21 33 47 57 59 71 72 76 77
15 21 33 47 51 57 59 73
15 21 33 47 51 57 59 71 72
15 21 33 46 57 59 78
15 21 33 46 57 59 76 77
15 21 33 46 57 59 74 78
15 21 33 46 57 59 74 76 77
15 21 33 46 57 59 72 73 78
15 21 33 46 57 59 72 73 76 77
15 21 33 46 57 58 59 78
15 21 33 46 57 58 59 76 77
15 21 33 46 51 57 59
15 21 33 46 51 57 59 74
15 21 33 46 51 57 59 72 73
15 21 33 46 51 57 58 59
15 21 33 46 47 57 59 78
15 21 33 46 47 57 59 76 77
15 21 33 46 47 51 57 59
15 21 32 57 59 60 73 78
15 21 32 57 59 60 73 76 77
15 21 32 57 59 60 71 72 78
15 21 32 57 59 60 71 72 76 77
15 21 32 57 58 59 73 78
15 21 32 57 58 59 73 76 77
15 21 32 57 58 59 71 72 78
15 21 32 57 58 59 71 72 76 77
15 21 32 51 57 59 60 73
15 21 32 51 57 59 60 71 72
15 21 32 51 57 58 59 73
15 21 32 51 57 58 59 71 72
15 21 32 46 57 59 60 78
15 21 32 46 57 59 60 76 77
15 21 32 46 57 58 59 78
15 21 32 46 57 58 59 76 77
15 21 32 46 51 57 59 60
15 21 32 46 51 57 58 59
15 21 32 33 57 59 73 78
15 21 32 33 57 59 73 76 77
15 21 32 33 57 59 71 72 78
15 21 32 33 57 59 71 72 76 77
15 21 32 33 51 57 59 73
15 21 32 33 51 57 59 71 72
15 21 32 33 46 57 59 78
15 21 32 33 46 57 59 76 77
15 21 32 33 46 51 57 59
69
67 68
61
59 78 79
53 59
42
36 61
36 59 78 79
36 53 59
42 48 57 59 60 78
42 48 57 59 60 76 77
42 48 57 58 59 78
42 48 57 58 59 76 77
42 48 51 57 59 60
42 48 51 57 58 59
40 41 48 57 59 60 78
40 41 48 57 59 60 76 77
40 41 48 57 58 59 78
40 41 48 57 58 59 76 77
40 41 48 51 57 59 60
40 41 48 51 57 58 59
33 42 48 57 59 78
33 42 48 57 59 76 77
33 42 48 51 57 59
33 40 41 48 57 59 78
33 40 41 48 57 59 76 77
33 40 41 48 51 57 59
21 42 57 59 60 78
21 42 57 59 60 76 77
21 42 57 58 59 78
21 42 57 58 59 76 77
21 42 51 57 59 60
21 42 51 57 58 59
21 40 41 57 59 60 78
21 40 41 57 59 60 76 77
21 40 41 57 58 59 78
21 40 41 57 58 59 76 77
21 40 41 51 57 59 60
21 40 41 51 57 58 59
21 33 42 57 59 78
21 33 42 57 59 76 77
21 33 42 51 57 59
21 33 40 41 57 59 78
21 33 40 41 57 59 76 77
21 33 40 41 51 57 59
15 48 57 59 60 78
15 48 57 59 60 76 77
15 48 57 58 59 78
15 48 57 58 59 76 77
15 48 51 57 59 60
15 48 51 57 58 59
15 46 47 57 59 60 78
15 46 47 57 59 60 76 77
15 46 47 51 57 59 60
15 33 48 57 59 78
15 33 48 57 59 76 77
15 33 48 51 57 59
15 33 46 47 57 59 78
15 33 46 47 57 59 76 77
15 33 46 47 51 57 59
15 21 57 59 60 78
15 21 57 59 60 76 77
15 21 57 58 59 78
15 21 57 58 59 76 77
15 21 51 57 59 60
15 21 51 57 58 59
15 21 33 57 59 78
15 21 33 57 59 76 77
15 21 33 51 57 59
42 59 73 78
42 59 73 76 77
42 59 71 72 78
42 59 71 72 76 77
42 51 59 73
42 51 59 71 72
42 46 59 78
42 46 59 76 77
42 46 51 59
40 41 59 73 78
40 41 59 73 76 77
40 41 59 71 72 78
40 41 59 71 72 76 77
40 41 51 59 73
40 41 51 59 71 72
40 41 46 59 78
40 41 46 59 76 77
40 41 46 51 59
15 59 73 78
15 59 73 76 77
15 59 71 72 78
15 59 71 72 76 77
15 51 59 73
15 51 59 71 72
15 46 59 78
15 46 59 76 77
15 46 51 59
40 41 46 47 57 59 60 74 78
40 41 46 47 57 59 60 74 76 77
40 41 46 47 57 59 60 73 74 78
40 41 46 47 57 59 60 73 74 76 77
40 41 46 47 57 59 60 71 72 74 78
40 41 46 47 57 59 60 71 72 74 76 77
40 41 46 47 57 59 60 71 72 73 78
40 41 46 47 57 59 60 71 72 73 76 77
40 41 46 47 57 58 59 74 78
40 41 46 47 57 58 59 74 76 77
40 41 46 47 57 58 59 73 78
40 41 46 47 57 58 59 73 76 77
40 41 46 47 57 58 59 73 74 78
40 41 46 47 57 58 59 73 74 76 77
40 41 46 47 57 58 59 71 72 78
40 41 46 47 57 58 59 71 72 76 77
40 41 46 47 57 58 59 71 72 74 78
40 41 46 47 57 58 59 71 72 74 76 77
40 41 46 47 57 58 59 71 72 73 78
40 41 46 47 57 58 59 71 72 73 76 77
40 41 46 47 57 58 59 60 78
40 41 46 47 57 58 59 60 76 77
40 41 46 47 57 58 59 60 73 78
40 41 46 47 57 58 59 60 73 76 77
40 41 46 47 57 58 59 60 71 72 78
40 41 46 47 57 58 59 60 71 72 76 77
40 41 46 47 51 57 59 60 74
40 41 46 47 51 57 59 60 73 74
40 41 46 47 51 57 59 60 71 72 74
40 41 46 47 51 57 59 60 71 72 73
40 41 46 47 51 57 58 59 74
40 41 46 47 51 57 58 59 73
40 41 46 47 51 57 58 59 73 74
40 41 46 47 51 57 58 59 71 72
40 41 46 47 51 57 58 59 71 72 74
40 41 46 47 51 57 58 59 71 72 73
40 41 46 47 51 57 58 59 60
40 41 46 47 51 57 58 59 60 73
40 41 46 47 51 57 58 59 60 71 72
33 40 41 46 47 57 59 74 78
33 40 41 46 47 57 59 74 76 77
33 40 41 46 47 57 59 73 74 78
33 40 41 46 47 57 59 73 74 76 77
33 40 41 46 47 57 59 71 72 74 78
33 40 41 46 47 57 59 71 72 74 76 77
33 40 41 46 47 57 59 71 72 73 78
33 40 41 46 47 57 59 71 72 73 76 77
33 40 41 46 47 57 58 59 78
33 40 41 46 47 57 58 59 76 77
33 40 41 46 47 57 58 59 73 78
33 40 41 46 47 57 58 59 73 76 77
33 40 41 46 47 57 58 59 71 72 78
33 40 41 46 47 57 58 59 71 72 76 77
33 40 41 46 47 51 57 59 74
33 40 41 46 47 51 57 59 73 74
33 40 41 46 47 51 57 59 71 72 74
33 40 41 46 47 51 57 59 71 72 73
33 40 41 46 47 51 57 58 59
33 40 41 46 47 51 57 58 59 73
33 40 41 46 47 51 57 58 59 71 72
32 40 41 46 47 57 59 60 78
32 40 41 46 47 57 59 60 76 77
32 40 41 46 47 57 59 60 73 78
32 40 41 46 47 57 59 60 73 76 77
32 40 41 46 47 57 59 60 71 72 78
32 40 41 46 47 57 59 60 71 72 76 77
32 40 41 46 47 57 58 59 78
32 40 41 46 47 57 58 59 76 77
32 40 41 46 47 57 58 59 73 78
32 40 41 46 47 57 58 59 73 76 77
32 40 41 46 47 57 58 59 71 72 78
32 40 41 46 47 57 58 59 71 72 76 77
32 40 41 46 47 51 57 59 60
32 40 41 46 47 51 57 59 60 73
32 40 41 46 47 51 57 59 60 71 72
32 40 41 46 47 51 57 58 59
32 40 41 46 47 51 57 58 59 73
32 40 41 46 47 51 57 58 59 71 72
32 33 40 41 46 47 57 59 78
32 33 40 41 46 47 57 59 76 77
32 33 40 41 46 47 57 59 73 78
32 33 40 41 46 47 57 59 73 76 77
32 33 40 41 46 47 57 59 71 72 78
32 33 40 41 46 47 57 59 71 72 76 77
32 33 40 41 46 47 51 57 59
32 33 40 41 46 47 51 57 59 73
32 33 40 41 46 47 51 57 59 71 72
21 40 41 57 59 60 73 78
21 40 41 57 59 60 73 76 77
21 40 41 57 59 60 73 74 78
21 40 41 57 59 60 73 74 76 77
21 40 41 57 59 60 72 73 78
21 40 41 57 59 60 72 73 76 77
21 40 41 57 59 60 71 72 78
21 40 41 57 59 60 71 72 76 77
21 40 41 57 59 60 71 72 74 78
21 40 41 57 59 60 71 72 74 76 77
21 40 41 57 59 60 71 72 73 78
21 40 41 57 59 60 71 72 73 76 77
21 40 41 57 58 59 73 74 78
21 40 41 57 58 59 73 74 76 77
21 40 41 57 58 59 72 73 78
21 40 41 57 58 59 72 73 76 77
21 40 41 57 58 59 71 72 74 78
21 40 41 57 58 59 71 72 74 76 77
21 40 41 57 58 59 71 72 73 78
21 40 41 57 58 59 71 72 73 76 77
21 40 41 57 58 59 60 73 78
21 40 41 57 58 59 60 73 76 77
21 40 41 57 58 59 60 71 72 78
21 40 41 57 58 59 60 71 72 76 77
21 40 41 51 57 59 60 73
21 40 41 51 57 59 60 73 74
21 40 41 51 57 59 60 72 73
21 40 41 51 57 59 60 71 72
21 40 41 51 57 59 60 71 72 74
21 40 41 51 57 59 60 71 72 73
21 40 41 51 57 58 59 73 74
21 40 41 51 57 58 59 72 73
21 40 41 51 57 58 59 71 72 74
21 40 41 51 57 58 59 71 72 73
21 40 41 51 57 58 59 60 73
21 40 41 51 57 58 59 60 71 72
21 40 41 47 57 59 60 73 78
21 40 41 47 57 59 60 73 76 77
21 40 41 47 57 59 60 71 72 78
21 40 41 47 57 59 60 71 72 76 77
21 40 41 47 57 58 59 73 78
21 40 41 47 57 58 59 73 76 77
21 40 41 47 57 58 59 71 72 78
21 40 41 47 57 58 59 71 72 76 77
21 40 41 47 51 57 59 60 73
21 40 41 47 51 57 59 60 71 72
21 40 41 47 51 57 58 59 73
21 40 41 47 51 57 58 59 71 72
21 40 41 46 57 59 60 78
21 40 41 46 57 59 60 76 77
21 40 41 46 57 59 60 74 78
21 40 41 46 57 59 60 74 76 77
21 40 41 46 57 59 60 72 73 78
21 40 41 46 57 59 60 72 73 76 77
21 40 41 46 57 58 59 74 78
21 40 41 46 57 58 59 74 76 77
21 40 41 46 57 58 59 72 73 78
21 40 41 46 57 58 59 72 73 76 77
21 40 41 46 57 58 59 60 78
21 40 41 46 57 58 59 60 76 77
21 40 41 46 51 57 59 60
21 40 41 46 51 57 59 60 74
21 40 41 46 51 57 59 60 72 73
21 40 41 46 51 57 58 59 74
21 40 41 46 51 57 58 59 72 73
21 40 41 46 51 57 58 59 60
21 40 41 46 47 57 59 60 78
21 40 41 46 47 57 59 60 76 77
21 40 41 46 47 57 58 59 78
21 40 41 46 47 57 58 59 76 77
21 40 41 46 47 51 57 59 60
21 40 41 46 47 51 57 58 59
21 33 40 41 57 59 73 78
21 33 40 41 57 59 73 76 77
21 33 40 41 57 59 73 74 78
21 33 40 41 57 59 73 74 76 77
21 33 40 41 57 59 72 73 78
21 33 40 41 57 59 72 73 76 77
21 33 40 41 57 59 71 72 78
21 33 40 41 57 59 71 72 76 77
21 33 40 41 57 59 71 72 74 78
21 33 40 41 57 59 71 72 74 76 77
21 33 40 41 57 59 71 72 73 78
21 33 40 41 57 59 71 72 73 76 77
21 33 40 41 57 58 59 73 78
21 33 40 41 57 58 59 73 76 77
21 33 40 41 57 58 59 71 72 78
21 33 40 41 57 58 59 71 72 76 77
21 33 40 41 51 57 59 73
21 33 40 41 51 57 59 73 74
21 33 40 41 51 57 59 72 73
21 33 40 41 51 57 59 71 72
21 33 40 41 51 57 59 71 72 74
21 33 40 41 51 57 59 71 72 73
21 33 40 41 51 57 58 59 73
21 33 40 41 51 57 58 59 71 72
21 33 40 41 47 57 59 73 78
21 33 40 41 47 57 59 73 76 77
21 33 40 41 47 57 59 71 72 78
21 33 40 41 47 57 59 71 72 76 77
21 33 40 41 47 51 57 59 73
21 33 40 41 47 51 57 59 71 72
21 33 40 41 46 57 59 78
21 33 40 41 46 57 59 76 77
21 33 40 41 46 57 59 74 78
21 33 40 41 46 57 59 74 76 77
21 33 40 41 46 57 59 72 73 78
21 33 40 41 46 57 59 72 73 76 77
21 33 40 41 46 57 58 59 78
21 33 40 41 46 57 58 59 76 77
21 33 40 41 46 51 57 59
21 33 40 41 46 51 57 59 74
21 33 40 41 46 51 57 59 72 73
21 33 40 41 46 51 57 58 59
21 33 40 41 46 47 57 59 78
21 33 40 41 46 47 57 59 76 77
21 33 40 41 46 47 51 57 59
21 32 40 41 57 59 60 73 78
21 32 40 41 57 59 60 73 76 77
21 32 40 41 57 59 60 71 72 78
21 32 40 41 57 59 60 71 72 76 77
21 32 40 41 57 58 59 73 78
21 32 40 41 57 58 59 73 76 77
21 32 40 41 57 58 59 71 72 78
21 32 40 41 57 58 59 71 72 76 77
21 32 40 41 51 57 59 60 73
21 32 40 41 51 57 59 60 71 72
21 32 40 41 51 57 58 59 73
21 32 40 41 51 57 58 59 71 72
21 32 40 41 46 57 59 60 78
21 32 40 41 46 57 59 60 76 77
21 32 40 41 46 57 58 59 78
21 32 40 41 46 57 58 59 76 77
21 32 40 41 46 51 57 59 60
21 32 40 41 46 51 57 58 59
21 32 33 40 41 57 59 73 78
21 32 33 40 41 57 59 73 76 77
21 32 33 40 41 57 59 71 72 78
21 32 33 40 41 57 59 71 72 76 77
21 32 33 40 41 51 57 59 73
21 32 33 40 41 51 57 59 71 72
21 32 33 40 41 46 57 59 78
21 32 33 40 41 46 57 59 76 77
21 32 33 40 41 46 51 57 59
59 67
59 65 66
40 59
57 59 61 73
57 59 61 71 72
57 59 60 73
57 59 60 71 72
46 57 59 61
46 57 59 60
34 57 59 73
34 57 59 71 72
34 46 57 59
42 48 57 59 60 73 74 78
42 48 57 59 60 73 74 76 77
42 48 57 58 59 73 74 78
42 48 57 58 59 73 74 76 77
42 48 51 57 59 60 73 74
42 48 51 57 58 59 73 74
42 46 47 57 59 60 73 74 78
42 46 47 57 59 60 73 74 76 77
42 46 47 57 58 59 73 74 78
42 46 47 57 58 59 73 74 76 77
42 46 47 51 57 59 60 73 74
42 46 47 51 57 58 59 73 74
42 46 47 48 57 59 60 78
42 46 47 48 57 59 60 76 77
42 46 47 48 57 58 59 78
42 46 47 48 57 58 59 76 77
42 46 47 48 51 57 59 60
42 46 47 48 51 57 58 59
40 41 48 57 59 60 73 74 78
40 41 48 57 59 60 73 74 76 77
40 41 48 57 58 59 73 74 78
40 41 48 57 58 59 73 74 76 77
40 41 48 51 57 59 60 73 74
40 41 48 51 57 58 59 73 74
40 41 46 47 48 57 59 60 78
40 41 46 47 48 57 59 60 76 77
40 41 46 47 48 57 58 59 78
40 41 46 47 48 57 58 59 76 77
40 41 46 47 48 51 57 59 60
40 41 46 47 48 51 57 58 59
33 42 48 57 59 73 74 78
33 42 48 57 59 73 74 76 77
33 42 48 51 57 59 73 74
33 42 46 47 57 59 73 74 78
33 42 46 47 57 59 73 74 76 77
33 42 46 47 51 57 59 73 74
33 42 46 47 48 57 59 78
33 42 46 47 48 57 59 76 77
33 42 46 47 48 51 57 59
33 40 41 48 57 59 73 74 78
33 40 41 48 57 59 73 74 76 77
33 40 41 48 51 57 59 73 74
33 40 41 46 47 48 57 59 78
33 40 41 46 47 48 57 59 76 77
33 40 41 46 47 48 51 57 59
21 42 57 59 60 73 74 78
21 42 57 59 60 73 74 76 77
21 42 57 58 59 73 74 78
21 42 57 58 59 73 74 76 77
21 42 51 57 59 60 73 74
21 42 51 57 58 59 73 74
21 33 42 57 59 73 74 78
21 33 42 57 59 73 74 76 77
21 33 42 51 57 59 73 74
15 48 57 59 60 73 74 78
15 48 57 59 60 73 74 76 77
15 48 57 58 59 73 74 78
15 48 57 58 59 73 74 76 77
15 48 51 57 59 60 73 74
15 48 51 57 58 59 73 74
15 46 47 57 59 60 73 74 78
15 46 47 57 59 60 73 74 76 77
15 46 47 57 58 59 73 74 78
15 46 47 57 58 59 73 74 76 77
15 46 47 51 57 59 60 73 74
15 46 47 51 57 58 59 73 74
15 46 47 48 57 59 60 78
15 46 47 48 57 59 60 76 77
15 46 47 48 57 58 59 78
15 46 47 48 57 58 59 76 77
15 46 47 48 51 57 59 60
15 46 47 48 51 57 58 59
15 33 48 57 59 73 74 78
15 33 48 57 59 73 74 76 77
15 33 48 51 57 59 73 74
15 33 46 47 57 59 73 74 78
15 33 46 47 57 59 73 74 76 77
15 33 46 47 51 57 59 73 74
15 33 46 47 48 57 59 78
15 33 46 47 48 57 59 76 77
15 33 46 47 48 51 57 59
69 73
69 71 72
67 68 73
67 68 71 72
61 68 69
46 69
46 67 68
42 73
42 71 72
42 61 68
42 46
35 69
35 67 68
35 42
1 69 78 79
1 69 73
1 69 71 72
1 67 68 78 79
1 67 68 73
1 67 68 71 72
1 61 68 69
1 59 69
1 59 67 68
1 53 69
1 53 67 68
1 42 78 79
1 42 73
1 42 71 72
1 42 61 68
1 42 59
1 42 53
1 21 69
1 21 67 68
1 21 42
1 7 69
1 7 67 68
1 7 42
59 61 69
59 61 67 68
53 54 59 69
53 54 59 67 68
42 59 61
42 53 54 59
28 59 69
28 59 67 68
28 42 59
1 67 68
1 61 67 68
10 61 67
10 61 65 66
10 40 61
59 61 67
59 61 65 66
40 59 61

69 78 79
67
67 68 78 79
65 66
61 69
61 69 78 79
61 67 68 78 79
53 69
53 67 68
53 61 69
53 61 67 68
42 78 79
42 61
42 61 78 79
42 53
42 53 61
40
36 67 78 79
36 65 66 78 79
36 53 67
36 53 65 66
36 40 78 79
36 40 53
34 69 78 79
34 67 68 78 79
34 53 69
34 53 67 68
34 42 78 79
34 42 53
10
1 67
1 65 66
1 61 78 79
1 55
1 55 69
1 55 67 68
1 53 61
1 53 54
1 53 54 69
1 53 54 67 68
1 46
1 44 45
1 44 45 69
1 44 45 67 68
1 42 55
1 42 53 54
1 42 44 45
1 40
1 37
1 37 69
1 37 67 68
1 37 42
1 36 69
1 36 67
1 36 67 68
1 36 65 66
1 36 42
1 36 40
1 35 69
1 35 67 68
1 35 42
1 35 36
1 35 36 69
1 35 36 67 68
1 35 36 42
1 34
1 28
1 28 69
1 28 67 68
1 28 42
1 22
1 22 69
1 22 67 68
1 22 42
1 21
1 20 69
1 20 67 68
1 20 42
1 20 36 69
1 20 36 67 68
1 20 36 42
1 19
1 19 69
1 19 67 68
1 19 42
1 10
1 10 69
1 10 67 68
1 10 42
1 7
15 46 47 57 59 60 74 78
15 46 47 57 59 60 74 76 77
15 46 47 57 59 60 71 72 74 78
15 46 47 57 59 60 71 72 74 76 77
15 46 47 57 59 60 71 72 73 78
15 46 47 57 59 60 71 72 73 76 77
15 46 47 57 58 59 74 78
15 46 47 57 58 59 74 76 77
15 46 47 57 58 59 73 78
15 46 47 57 58 59 73 76 77
15 46 47 57 58 59 71 72 78
15 46 47 57 58 59 71 72 76 77
15 46 47 57 58 59 71 72 74 78
15 46 47 57 58 59 71 72 74 76 77
15 46 47 57 58 59 71 72 73 78
15 46 47 57 58 59 71 72 73 76 77
15 46 47 57 58 59 60 78
15 46 47 57 58 59 60 76 77
15 46 47 57 58 59 60 73 78
15 46 47 57 58 59 60 73 76 77
15 46 47 57 58 59 60 71 72 78
15 46 47 57 58 59 60 71 72 76 77
15 46 47 51 57 59 60 74
15 46 47 51 57 59 60 71 72 74
15 46 47 51 57 59 60 71 72 73
15 46 47 51 57 58 59 74
15 46 47 51 57 58 59 73
15 46 47 51 57 58 59 71 72
15 46 47 51 57 58 59 71 72 74
15 46 47 51 57 58 59 71 72 73
15 46 47 51 57 58 59 60
15 46 47 51 57 58 59 60 73
15 46 47 51 57 58 59 60 71 72
15 33 46 47 57 59 74 78
15 33 46 47 57 59 74 76 77
15 33 46 47 57 59 71 72 74 78
15 33 46 47 57 59 71 72 74 76 77
15 33 46 47 57 59 71 72 73 78
15 33 46 47 57 59 71 72 73 76 77
15 33 46 47 57 58 59 78
15 33 46 47 57 58 59 76 77
15 33 46 47 57 58 59 73 78
15 33 46 47 57 58 59 73 76 77
15 33 46 47 57 58 59 71 72 78
15 33 46 47 57 58 59 71 72 76 77
15 33 46 47 51 57 59 74
15 33 46 47 51 57 59 71 72 74
15 33 46 47 51 57 59 71 72 73
15 33 46 47 51 57 58 59
15 33 46 47 51 57 58 59 73
15 33 46 47 51 57 58 59 71 72
15 32 46 47 57 59 60 78
15 32 46 47 57 59 60 76 77
15 32 46 47 57 59 60 73 78
15 32 46 47 57 59 60 73 76 77
15 32 46 47 57 59 60 71 72 78
15 32 46 47 57 59 60 71 72 76 77
15 32 46 47 57 58 59 78
15 32 46 47 57 58 59 76 77
15 32 46 47 57 58 59 73 78
15 32 46 47 57 58 59 73 76 77
15 32 46 47 57 58 59 71 72 78
15 32 46 47 57 58 59 71 72 76 77
15 32 46 47 51 57 59 60
15 32 46 47 51 57 59 60 73
15 32 46 47 51 57 59 60 71 72
15 32 46 47 51 57 58 59
15 32 46 47 51 57 58 59 73
15 32 46 47 51 57 58 59 71 72
15 32 33 46 47 57 59 78
15 32 33 46 47 57 59 76 77
15 32 33 46 47 57 59 73 78
15 32 33 46 47 57 59 73 76 77
15 32 33 46 47 57 59 71 72 78
15 32 33 46 47 57 59 71 72 76 77
15 32 33 46 47 51 57 59
15 32 33 46 47 51 57 59 73
15 32 33 46 47 51 57 59 71 72
61 67
61 65 66
40 61
42 48 57 59 60 73 78
42 48 57 59 60 73 76 77
42 48 57 59 60 71 72 78
42 48 57 59 60 71 72 76 77
42 48 51 57 59 60 73
42 48 51 57 59 60 71 72
42 46 48 57 59 60 78
42 46 48 57 59 60 76 77
42 46 48 51 57 59 60
40 41 48 57 59 60 73 78
40 41 48 57 59 60 73 76 77
40 41 48 57 59 60 71 72 78
40 41 48 57 59 60 71 72 76 77
40 41 48 51 57 59 60 73
40 41 48 51 57 59 60 71 72
40 41 46 48 57 59 60 78
40 41 46 48 57 59 60 76 77
40 41 46 48 51 57 59 60
21 42 57 59 60 73 78
21 42 57 59 60 73 76 77
21 42 57 59 60 71 72 78
21 42 57 59 60 71 72 76 77
21 42 51 57 59 60 73
21 42 51 57 59 60 71 72
21 42 46 57 59 60 78
21 42 46 57 59 60 76 77
21 42 46 51 57 59 60
15 48 57 59 60 73 78
15 48 57 59 60 73 76 77
15 48 57 59 60 71 72 78
15 48 57 59 60 71 72 76 77
15 48 51 57 59 60 73
15 48 51 57 59 60 71 72
15 46 48 57 59 60 78
15 46 48 57 59 60 76 77
15 46 48 51 57 59 60
79
77 78
67 78 79
65
65 66 78 79
64
55 78 79
53 67
53 65 66
53 55
52
44
42 43
40 78 79
40 53
36 78 79
36 73
36 71 72
36 61 78 79
36 53
36 53 61
36 46
35
34 68
34 61 68
33 34
25
17
10 36 78 79
10 36 53
8
1 44
1 42 43
1 36
1 36 78 79
1 36 53
1 34 61 78 79
1 34 53 61
1 33 34
1 17
1 8
1 8 36
40 41 48 57 59 60 72 73 78
40 41 48 57 59 60 72 73 76 77
40 41 48 57 59 60 71 72 74 78
40 41 48 57 59 60 71 72 74 76 77
40 41 48 57 59 60 71 72 73 78
40 41 48 57 59 60 71 72 73 76 77
40 41 48 57 58 59 72 73 78
40 41 48 57 58 59 72 73 76 77
40 41 48 57 58 59 71 72 74 78
40 41 48 57 58 59 71 72 74 76 77
40 41 48 57 58 59 71 72 73 78
40 41 48 57 58 59 71 72 73 76 77
40 41 48 57 58 59 60 73 78
40 41 48 57 58 59 60 73 76 77
40 41 48 57 58 59 60 71 72 78
40 41 48 57 58 59 60 71 72 76 77
40 41 48 51 57 59 60 72 73
40 41 48 51 57 59 60 71 72 74
40 41 48 51 57 59 60 71 72 73
40 41 48 51 57 58 59 72 73
40 41 48 51 57 58 59 71 72 74
40 41 48 51 57 58 59 71 72 73
40 41 48 51 57 58 59 60 73
40 41 48 51 57 58 59 60 71 72
40 41 47 48 57 59 60 73 78
40 41 47 48 57 59 60 73 76 77
40 41 47 48 57 59 60 71 72 78
40 41 47 48 57 59 60 71 72 76 77
40 41 47 48 57 58 59 73 78
40 41 47 48 57 58 59 73 76 77
40 41 47 48 57 58 59 71 72 78
40 41 47 48 57 58 59 71 72 76 77
40 41 47 48 51 57 59 60 73
40 41 47 48 51 57 59 60 71 72
40 41 47 48 51 57 58 59 73
40 41 47 48 51 57 58 59 71 72
40 41 46 48 57 59 60 74 78
40 41 46 48 57 59 60 74 76 77
40 41 46 48 57 59 60 72 73 78
40 41 46 48 57 59 60 72 73 76 77
40 41 46 48 57 58 59 74 78
40 41 46 48 57 58 59 74 76 77
40 41 46 48 57 58 59 72 73 78
40 41 46 48 57 58 59 72 73 76 77
40 41 46 48 57 58 59 60 78
40 41 46 48 57 58 59 60 76 77
40 41 46 48 51 57 59 60 74
40 41 46 48 51 57 59 60 72 73
40 41 46 48 51 57 58 59 74
40 41 46 48 51 57 58 59 72 73
40 41 46 48 51 57 58 59 60
33 40 41 48 57 59 73 78
33 40 41 48 57 59 73 76 77
33 40 41 48 57 59 72 73 78
33 40 41 48 57 59 72 73 76 77
33 40 41 48 57 59 71 72 78
33 40 41 48 57 59 71 72 76 77
33 40 41 48 57 59 71 72 74 78
33 40 41 48 57 59 71 72 74 76 77
33 40 41 48 57 59 71 72 73 78
33 40 41 48 57 59 71 72 73 76 77
33 40 41 48 57 58 59 73 78
33 40 41 48 57 58 59 73 76 77
33 40 41 48 57 58 59 71 72 78
33 40 41 48 57 58 59 71 72 76 77
33 40 41 48 51 57 59 73
33 40 41 48 51 57 59 72 73
33 40 41 48 51 57 59 71 72
33 40 41 48 51 57 59 71 72 74
33 40 41 48 51 57 59 71 72 73
33 40 41 48 51 57 58 59 73
33 40 41 48 51 57 58 59 71 72
33 40 41 47 48 57 59 73 78
33 40 41 47 48 57 59 73 76 77
33 40 41 47 48 57 59 71 72 78
33 40 41 47 48 57 59 71 72 76 77
33 40 41 47 48 51 57 59 73
33 40 41 47 48 51 57 59 71 72
33 40 41 46 48 57 59 78
33 40 41 46 48 57 59 76 77
33 40 41 46 48 57 59 74 78
33 40 41 46 48 57 59 74 76 77
33 40 41 46 48 57 59 72 73 78
33 40 41 46 48 57 59 72 73 76 77
33 40 41 46 48 57 58 59 78
33 40 41 46 48 57 58 59 76 77
33 40 41 46 48 51 57 59
33 40 41 46 48 51 57 59 74
33 40 41 46 48 51 57 59 72 73
33 40 41 46 48 51 57 58 59
32 40 41 48 57 59 60 73 78
32 40 41 48 57 59 60 73 76 77
32 40 41 48 57 59 60 71 72 78
32 40 41 48 57 59 60 71 72 76 77
32 40 41 48 57 58 59 73 78
32 40 41 48 57 58 59 73 76 77
32 40 41 48 57 58 59 71 72 78
32 40 41 48 57 58 59 71 72 76 77
32 40 41 48 51 57 59 60 73
32 40 41 48 51 57 59 60 71 72
32 40 41 48 51 57 58 59 73
32 40 41 48 51 57 58 59 71 72
32 40 41 46 48 57 59 60 78
32 40 41 46 48 57 59 60 76 77
32 40 41 46 48 57 58 59 78
32 40 41 46 48 57 58 59 76 77
32 40 41 46 48 51 57 59 60
32 40 41 46 48 51 57 58 59
32 33 40 41 48 57 59 73 78
32 33 40 41 48 57 59 73 76 77
32 33 40 41 48 57 59 71 72 78
32 33 40 41 48 57 59 71 72 76 77
32 33 40 41 48 51 57 59 73
32 33 40 41 48 51 57 59 71 72
32 33 40 41 46 48 57 59 78
32 33 40 41 46 48 57 59 76 77
32 33 40 41 46 48 51 57 59
21 42 57 59 60 72 73 78
21 42 57 59 60 72 73 76 77
21 42 57 59 60 71 72 74 78
21 42 57 59 60 71 72 74 76 77
21 42 57 59 60 71 72 73 78
21 42 57 59 60 71 72 73 76 77
21 42 57 58 59 72 73 78
21 42 57 58 59 72 73 76 77
21 42 57 58 59 71 72 74 78
21 42 57 58 59 71 72 74 76 77
21 42 57 58 59 71 72 73 78
21 42 57 58 59 71 72 73 76 77
21 42 57 58 59 60 73 78
21 42 57 58 59 60 73 76 77
21 42 57 58 59 60 71 72 78
21 42 57 58 59 60 71 72 76 77
21 42 51 57 59 60 72 73
21 42 51 57 59 60 71 72 74
21 42 51 57 59 60 71 72 73
21 42 51 57 58 59 72 73
21 42 51 57 58 59 71 72 74
21 42 51 57 58 59 71 72 73
21 42 51 57 58 59 60 73
21 42 51 57 58 59 60 71 72
21 42 47 57 59 60 73 78
21 42 47 57 59 60 73 76 77
21 42 47 57 59 60 71 72 78
21 42 47 57 59 60 71 72 76 77
21 42 47 57 58 59 73 78
21 42 47 57 58 59 73 76 77
21 42 47 57 58 59 71 72 78
21 42 47 57 58 59 71 72 76 77
21 42 47 51 57 59 60 73
21 42 47 51 57 59 60 71 72
21 42 47 51 57 58 59 73
21 42 47 51 57 58 59 71 72
21 42 46 57 59 60 74 78
21 42 46 57 59 60 74 76 77
21 42 46 57 59 60 72 73 78
21 42 46 57 59 60 72 73 76 77
21 42 46 57 58 59 74 78
21 42 46 57 58 59 74 76 77
21 42 46 57 58 59 72 73 78
21 42 46 57 58 59 72 73 76 77
21 42 46 57 58 59 60 78
21 42 46 57 58 59 60 76 77
21 42 46 51 57 59 60 74
21 42 46 51 57 59 60 72 73
21 42 46 51 57 58 59 74
21 42 46 51 57 58 59 72 73
21 42 46 51 57 58 59 60
21 42 46 47 57 59 60 78
21 42 46 47 57 59 60 76 77
21 42 46 47 57 58 59 78
21 42 46 47 57 58 59 76 77
21 42 46 47 51 57 59 60
21 42 46 47 51 57 58 59
21 33 42 57 59 73 78
21 33 42 57 59 73 76 77
21 33 42 57 59 72 73 78
21 33 42 57 59 72 73 76 77
21 33 42 57 59 71 72 78
21 33 42 57 59 71 72 76 77
21 33 42 57 59 71 72 74 78
21 33 42 57 59 71 72 74 76 77
21 33 42 57 59 71 72 73 78
21 33 42 57 59 71 72 73 76 77
21 33 42 57 58 59 73 78
21 33 42 57 58 59 73 76 77
21 33 42 57 58 59 71 72 78
21 33 42 57 58 59 71 72 76 77
21 33 42 51 57 59 73
21 33 42 51 57 59 72 73
21 33 42 51 57 59 71 72
21 33 42 51 57 59 71 72 74
21 33 42 51 57 59 71 72 73
21 33 42 51 57 58 59 73
21 33 42 51 57 58 59 71 72
21 33 42 47 57 59 73 78
21 33 42 47 57 59 73 76 77
21 33 42 47 57 59 71 72 78
21 33 42 47 57 59 71 72 76 77
21 33 42 47 51 57 59 73
21 33 42 47 51 57 59 71 72
21 33 42 46 57 59 78
21 33 42 46 57 59 76 77
21 33 42 46 57 59 74 78
21 33 42 46 57 59 74 76 77
21 33 42 46 57 59 72 73 78
21 33 42 46 57 59 72 73 76 77
21 33 42 46 57 58 59 78
21 33 42 46 57 58 59 76 77
21 33 42 46 51 57 59
21 33 42 46 51 57 59 74
21 33 42 46 51 57 59 72 73
21 33 42 46 51 57 58 59
21 33 42 46 47 57 59 78
21 33 42 46 47 57 59 76 77
21 33 42 46 47 51 57 59
21 32 42 57 59 60 73 78
21 32 42 57 59 60 73 76 77
21 32 42 57 59 60 71 72 78
21 32 42 57 59 60 71 72 76 77
21 32 42 57 58 59 73 78
21 32 42 57 58 59 73 76 77
21 32 42 57 58 59 71 72 78
21 32 42 57 58 59 71 72 76 77
21 32 42 51 57 59 60 73
21 32 42 51 57 59 60 71 72
21 32 42 51 57 58 59 73
21 32 42 51 57 58 59 71 72
21 32 42 46 57 59 60 78
21 32 42 46 57 59 60 76 77
21 32 42 46 57 58 59 78
21 32 42 46 57 58 59 76 77
21 32 42 46 51 57 59 60
21 32 42 46 51 57 58 59
21 32 33 42 57 59 73 78
21 32 33 42 57 59 73 76 77
21 32 33 42 57 59 71 72 78
21 32 33 42 57 59 71 72 76 77
21 32 33 42 51 57 59 73
21 32 33 42 51 57 59 71 72
21 32 33 42 46 57 59 78
21 32 33 42 46 57 59 76 77
21 32 33 42 46 51 57 59
42 46 47 57 59 60 74 78
42 46 47 57 59 60 74 76 77
42 46 47 57 59 60 71 72 74 78
42 46 47 57 59 60 71 72 74 76 77
42 46 47 57 59 60 71 72 73 78
42 46 47 57 59 60 71 72 73 76 77
42 46 47 57 58 59 74 78
42 46 47 57 58 59 74 76 77
42 46 47 57 58 59 73 78
42 46 47 57 58 59 73 76 77
42 46 47 57 58 59 71 72 78
42 46 47 57 58 59 71 72 76 77
42 46 47 57 58 59 71 72 74 78
42 46 47 57 58 59 71 72 74 76 77
42 46 47 57 58 59 71 72 73 78
42 46 47 57 58 59 71 72 73 76 77
42 46 47 57 58 59 60 78
42 46 47 57 58 59 60 76 77
42 46 47 57 58 59 60 73 78
42 46 47 57 58 59 60 73 76 77
42 46 47 57 58 59 60 71 72 78
42 46 47 57 58 59 60 71 72 76 77
42 46 47 51 57 59 60 74
42 46 47 51 57 59 60 71 72 74
42 46 47 51 57 59 60 71 72 73
42 46 47 51 57 58 59 74
42 46 47 51 57 58 59 73
42 46 47 51 57 58 59 71 72
42 46 47 51 57 58 59 71 72 74
42 46 47 51 57 58 59 71 72 73
42 46 47 51 57 58 59 60
42 46 47 51 57 58 59 60 73
42 46 47 51 57 58 59 60 71 72
33 42 46 47 57 59 74 78
33 42 46 47 57 59 74 76 77
33 42 46 47 57 59 71 72 74 78
33 42 46 47 57 59 71 72 74 76 77
33 42 46 47 57 59 71 72 73 78
33 42 46 47 57 59 71 72 73 76 77
33 42 46 47 57 58 59 78
33 42 46 47 57 58 59 76 77
33 42 46 47 57 58 59 73 78
33 42 46 47 57 58 59 73 76 77
33 42 46 47 57 58 59 71 72 78
33 42 46 47 57 58 59 71 72 76 77
33 42 46 47 51 57 59 74
33 42 46 47 51 57 59 71 72 74
33 42 46 47 51 57 59 71 72 73
33 42 46 47 51 57 58 59
33 42 46 47 51 57 58 59 73
33 42 46 47 51 57 58 59 71 72
32 42 46 47 57 59 60 78
32 42 46 47 57 59 60 76 77
32 42 46 47 57 59 60 73 78
32 42 46 47 57 59 60 73 76 77
32 42 46 47 57 59 60 71 72 78
32 42 46 47 57 59 60 71 72 76 77
32 42 46 47 57 58 59 78
32 42 46 47 57 58 59 76 77
32 42 46 47 57 58 59 73 78
32 42 46 47 57 58 59 73 76 77
32 42 46 47 57 58 59 71 72 78
32 42 46 47 57 58 59 71 72 76 77
32 42 46 47 51 57 59 60
32 42 46 47 51 57 59 60 73
32 42 46 47 51 57 59 60 71 72
32 42 46 47 51 57 58 59
32 42 46 47 51 57 58 59 73
32 42 46 47 51 57 58 59 71 72
32 33 42 46 47 57 59 78
32 33 42 46 47 57 59 76 77
32 33 42 46 47 57 59 73 78
32 33 42 46 47 57 59 73 76 77
32 33 42 46 47 57 59 71 72 78
32 33 42 46 47 57 59 71 72 76 77
32 33 42 46 47 51 57 59
32 33 42 46 47 51 57 59 73
32 33 42 46 47 51 57 59 71 72
15 48 57 59 60 72 73 78
15 48 57 59 60 72 73 76 77
15 48 57 59 60 71 72 74 78
15 48 57 59 60 71 72 74 76 77
15 48 57 59 60 71 72 73 78
15 48 57 59 60 71 72 73 76 77
15 48 57 58 59 72 73 78
15 48 57 58 59 72 73 76 77
15 48 57 58 59 71 72 74 78
15 48 57 58 59 71 72 74 76 77
15 48 57 58 59 71 72 73 78
15 48 57 58 59 71 72 73 76 77
15 48 57 58 59 60 73 78
15 48 57 58 59 60 73 76 77
15 48 57 58 59 60 71 72 78
15 48 57 58 59 60 71 72 76 77
15 48 51 57 59 60 72 73
15 48 51 57 59 60 71 72 74
15 48 51 57 59 60 71 72 73
15 48 51 57 58 59 72 73
15 48 51 57 58 59 71 72 74
15 48 51 57 58 59 71 72 73
15 48 51 57 58 59 60 73
15 48 51 57 58 59 60 71 72
15 47 48 57 59 60 73 78
15 47 48 57 59 60 73 76 77
15 47 48 57 59 60 71 72 78
15 47 48 57 59 60 71 72 76 77
15 47 48 57 58 59 73 78
15 47 48 57 58 59 73 76 77
15 47 48 57 58 59 71 72 78
15 47 48 57 58 59 71 72 76 77
15 47 48 51 57 59 60 73
15 47 48 51 57 59 60 71 72
15 47 48 51 57 58 59 73
15 47 48 51 57 58 59 71 72
15 46 48 57 59 60 74 78
15 46 48 57 59 60 74 76 77
15 46 48 57 59 60 72 73 78
15 46 48 57 59 60 72 73 76 77
15 46 48 57 58 59 74 78
15 46 48 57 58 59 74 76 77
15 46 48 57 58 59 72 73 78
15 46 48 57 58 59 72 73 76 77
15 46 48 57 58 59 60 78
15 46 48 57 58 59 60 76 77
15 46 48 51 57 59 60 74
15 46 48 51 57 59 60 72 73
15 46 48 51 57 58 59 74
15 46 48 51 57 58 59 72 73
15 46 48 51 57 58 59 60
15 33 48 57 59 73 78
15 33 48 57 59 73 76 77
15 33 48 57 59 72 73 78
15 33 48 57 59 72 73 76 77
15 33 48 57 59 71 72 78
15 33 48 57 59 71 72 76 77
15 33 48 57 59 71 72 74 78
15 33 48 57 59 71 72 74 76 77
15 33 48 57 59 71 72 73 78
15 33 48 57 59 71 72 73 76 77
15 33 48 57 58 59 73 78
15 33 48 57 58 59 73 76 77
15 33 48 57 58 59 71 72 78
15 33 48 57 58 59 71 72 76 77
15 33 48 51 57 59 73
15 33 48 51 57 59 72 73
15 33 48 51 57 59 71 72
15 33 48 51 57 59 71 72 74
15 33 48 51 57 59 71 72 73
15 33 48 51 57 58 59 73
15 33 48 51 57 58 59 71 72
15 33 47 48 57 59 73 78
15 33 47 48 57 59 73 76 77
15 33 47 48 57 59 71 72 78
15 33 47 48 57 59 71 72 76 77
15 33 47 48 51 57 59 73
15 33 47 48 51 57 59 71 72
15 33 46 48 57 59 78
15 33 46 48 57 59 76 77
15 33 46 48 57 59 74 78
15 33 46 48 57 59 74 76 77
15 33 46 48 57 59 72 73 78
15 33 46 48 57 59 72 73 76 77
15 33 46 48 57 58 59 78
15 33 46 48 57 58 59 76 77
15 33 46 48 51 57 59
15 33 46 48 51 57 59 74
15 33 46 48 51 57 59 72 73
15 33 46 48 51 57 58 59
15 32 48 57 59 60 73 78
15 32 48 57 59 60 73 76 77
15 32 48 57 59 60 71 72 78
15 32 48 57 59 60 71 72 76 77
15 32 48 57 58 59 73 78
15 32 48 57 58 59 73 76 77
15 32 48 57 58 59 71 72 78
15 32 48 57 58 59 71 72 76 77
15 32 48 51 57 59 60 73
15 32 48 51 57 59 60 71 72
15 32 48 51 57 58 59 73
15 32 48 51 57 58 59 71 72
15 32 46 48 57 59 60 78
15 32 46 48 57 59 60 76 77
15 32 46 48 57 58 59 78
15 32 46 48 57 58 59 76 77
15 32 46 48 51 57 59 60
15 32 46 48 51 57 58 59
15 32 33 48 57 59 73 78
15 32 33 48 57 59 73 76 77
15 32 33 48 57 59 71 72 78
15 32 33 48 57 59 71 72 76 77
15 32 33 48 51 57 59 73
15 32 33 48 51 57 59 71 72
15 32 33 46 48 57 59 78
15 32 33 46 48 57 59 76 77
15 32 33 46 48 51 57 59
68
38 61
1 68 69
1 42 68
1 8 69
1 8 67 68
1 8 42
42 48 57 59 60 72 73 78
42 48 57 59 60 72 73 76 77
42 48 57 59 60 71 72 74 78
42 48 57 59 60 71 72 74 76 77
42 48 57 59 60 71 72 73 78
42 48 57 59 60 71 72 73 76 77
42 48 57 58 59 72 73 78
42 48 57 58 59 72 73 76 77
42 48 57 58 59 71 72 74 78
42 48 57 58 59 71 72 74 76 77
42 48 57 58 59 71 72 73 78
42 48 57 58 59 71 72 73 76 77
42 48 57 58 59 60 73 78
42 48 57 58 59 60 73 76 77
42 48 57 58 59 60 71 72 78
42 48 57 58 59 60 71 72 76 77
42 48 51 57 59 60 72 73
42 48 51 57 59 60 71 72 74
42 48 51 57 59 60 71 72 73
42 48 51 57 58 59 72 73
42 48 51 57 58 59 71 72 74
42 48 51 57 58 59 71 72 73
42 48 51 57 58 59 60 73
42 48 51 57 58 59 60 71 72
42 47 48 57 59 60 73 78
42 47 48 57 59 60 73 76 77
42 47 48 57 59 60 71 72 78
42 47 48 57 59 60 71 72 76 77
42 47 48 57 58 59 73 78
42 47 48 57 58 59 73 76 77
42 47 48 57 58 59 71 72 78
42 47 48 57 58 59 71 72 76 77
42 47 48 51 57 59 60 73
42 47 48 51 57 59 60 71 72
42 47 48 51 57 58 59 73
42 47 48 51 57 58 59 71 72
42 46 48 57 59 60 74 78
42 46 48 57 59 60 74 76 77
42 46 48 57 59 60 72 73 78
42 46 48 57 59 60 72 73 76 77
42 46 48 57 58 59 74 78
42 46 48 57 58 59 74 76 77
42 46 48 57 58 59 72 73 78
42 46 48 57 58 59 72 73 76 77
42 46 48 57 58 59 60 78
42 46 48 57 58 59 60 76 77
42 46 48 51 57 59 60 74
42 46 48 51 57 59 60 72 73
42 46 48 51 57 58 59 74
42 46 48 51 57 58 59 72 73
42 46 48 51 57 58 59 60
33 42 48 57 59 73 78
33 42 48 57 59 73 76 77
33 42 48 57 59 72 73 78
33 42 48 57 59 72 73 76 77
33 42 48 57 59 71 72 78
33 42 48 57 59 71 72 76 77
33 42 48 57 59 71 72 74 78
33 42 48 57 59 71 72 74 76 77
33 42 48 57 59 71 72 73 78
33 42 48 57 59 71 72 73 76 77
33 42 48 57 58 59 73 78
33 42 48 57 58 59 73 76 77
33 42 48 57 58 59 71 72 78
33 42 48 57 58 59 71 72 76 77
33 42 48 51 57 59 73
33 42 48 51 57 59 72 73
33 42 48 51 57 59 71 72
33 42 48 51 57 59 71 72 74
33 42 48 51 57 59 71 72 73
33 42 48 51 57 58 59 73
33 42 48 51 57 58 59 71 72
33 42 47 48 57 59 73 78
33 42 47 48 57 59 73 76 77
33 42 47 48 57 59 71 72 78
33 42 47 48 57 59 71 72 76 77
33 42 47 48 51 57 59 73
33 42 47 48 51 57 59 71 72
33 42 46 48 57 59 78
33 42 46 48 57 59 76 77
33 42 46 48 57 59 74 78
33 42 46 48 57 59 74 76 77
33 42 46 48 57 59 72 73 78
33 42 46 48 57 59 72 73 76 77
33 42 46 48 57 58 59 78
33 42 46 48 57 58 59 76 77
33 42 46 48 51 57 59
33 42 46 48 51 57 59 74
33 42 46 48 51 57 59 72 73
33 42 46 48 51 57 58 59
32 42 48 57 59 60 73 78
32 42 48 57 59 60 73 76 77
32 42 48 57 59 60 71 72 78
32 42 48 57 59 60 71 72 76 77
32 42 48 57 58 59 73 78
32 42 48 57 58 59 73 76 77
32 42 48 57 58 59 71 72 78
32 42 48 57 58 59 71 72 76 77
32 42 48 51 57 59 60 73
32 42 48 51 57 59 60 71 72
32 42 48 51 57 58 59 73
32 42 48 51 57 58 59 71 72
32 42 46 48 57 59 60 78
32 42 46 48 57 59 60 76 77
32 42 46 48 57 58 59 78
32 42 46 48 57 58 59 76 77
32 42 46 48 51 57 59 60
32 42 46 48 51 57 58 59
32 33 42 48 57 59 73 78
32 33 42 48 57 59 73 76 77
32 33 42 48 57 59 71 72 78
32 33 42 48 57 59 71 72 76 77
32 33 42 48 51 57 59 73
32 33 42 48 51 57 59 71 72
32 33 42 46 48 57 59 78
32 33 42 46 48 57 59 76 77
32 33 42 46 48 51 57 59
59 69 71
59 69 70
59 67 68 71
59 67 68 69 70
55 61
55 59 61 69
55 59 61 67 68
53 54 61
53 54 59 61 69
53 54 59 61 67 68
44 59 69
44 59 67 68
42 59 71
42 59 69 70
42 55 59 61
42 53 54 59 61
42 44 59
28 61
28 59 61 69
28 59 61 67 68
28 42 59 61
10 55 59 69
10 55 59 67 68
10 53 54 59 69
10 53 54 59 67 68
10 42 55 59
10 42 53 54 59
10 28 59 69
10 28 59 67 68
10 28 42 59
