71 78 79
69
69 78 79
69 70 78 79
68 69
67 78 79
67 68 78 79
65 66 78 79
59 69
59 67 78 79
59 67 68
59 65 66 78 79
57 59 73
57 59 71 72
57 59 60 73
57 59 60 71 72
57 58 59 73
57 58 59 71 72
53 71
53 69
53 69 70
53 67
53 67 68
53 65 66
53 59 67
53 59 65 66
46 57 59
46 57 59 60
46 57 58 59
44 78 79
44 57 73 78
44 57 73 76 77
44 57 71 72 78
44 57 71 72 76 77
44 57 60 73
44 57 60 71 72
44 57 59 73 78
44 57 59 73 76 77
44 57 59 71 72 78
44 57 59 71 72 76 77
44 57 59 65 73 78
44 57 59 65 73 76 77
44 57 59 65 71 72 78
44 57 59 65 71 72 76 77
44 57 58 59 73
44 57 58 59 71 72
44 53
44 51 57 73
44 51 57 71 72
44 51 57 59 73
44 51 57 59 71 72
44 51 57 59 65 73
44 51 57 59 65 71 72
44 46 57 78
44 46 57 76 77
44 46 57 60
44 46 57 59 78
44 46 57 59 76 77
44 46 57 59 65 78
44 46 57 59 65 76 77
44 46 57 58 59
44 46 51 57
44 46 51 57 59
44 46 51 57 59 65
42
42 78 79
42 68
42 59
42 59 73
42 59 71 72
42 57 61 73
42 57 61 71 72
42 57 59 73
42 57 59 73 78
42 57 59 73 78 79
42 57 59 73 76 77
42 57 59 71 72
42 57 59 71 72 78
42 57 59 71 72 78 79
42 57 59 71 72 76 77
42 57 59 65 73
42 57 59 65 71 72
42 57 59 63 64 73
42 57 59 63 64 71 72
42 57 59 61 73
42 57 59 61 71 72
42 57 59 60 61 73
42 57 59 60 61 71 72
42 56 57 59 73
42 56 57 59 71 72
42 53
42 53 57 59 73
42 53 57 59 71 72
42 51 57 59 73
42 51 57 59 71 72
42 49 59 61 73
42 49 59 61 71 72
42 48 57 59 61 63 73
42 48 57 59 61 63 71 72
42 48 57 59 61 62 73
42 48 57 59 61 62 71 72
42 47 48 59 61 73
42 47 48 59 61 71 72
42 46 59
42 46 57 61
42 46 57 59
42 46 57 59 78
42 46 57 59 78 79
42 46 57 59 76 77
42 46 57 59 65
42 46 57 59 63 64
42 46 57 59 61
42 46 57 59 60 61
42 46 56 57 59
42 46 53 57 59
42 46 51 57 59
42 46 49 59 61
42 46 48 57 59 61 63
42 46 48 57 59 61 62
42 46 47 57 59 61 63
42 46 47 57 59 61 63 73
42 46 47 57 59 61 63 71 72
42 46 47 57 59 61 62
42 46 47 57 59 61 62 73
42 46 47 57 59 61 62 71 72
42 46 47 48 59 61
42 45 57 59 60 73
42 45 57 59 60 71 72
42 45 57 58 59 73
42 45 57 58 59 71 72
42 45 46 57 59 60
42 45 46 57 58 59
42 44 57 59 60 73
42 44 57 59 60 71 72
42 44 57 58 59 73
42 44 57 58 59 71 72
42 44 46 57 59 60
42 44 46 57 58 59
42 43 57 73 78
42 43 57 73 76 77
42 43 57 71 72 78
42 43 57 71 72 76 77
42 43 57 60 73
42 43 57 60 71 72
42 43 57 59 73 78
42 43 57 59 73 76 77
42 43 57 59 71 72 78
42 43 57 59 71 72 76 77
42 43 57 59 65 73 78
42 43 57 59 65 73 76 77
42 43 57 59 65 71 72 78
42 43 57 59 65 71 72 76 77
42 43 57 59 60 73
42 43 57 59 60 71 72
42 43 51 57 73
42 43 51 57 71 72
42 43 51 57 59 73
42 43 51 57 59 71 72
42 43 51 57 59 65 73
42 43 51 57 59 65 71 72
42 43 46 57 78
42 43 46 57 76 77
42 43 46 57 60
42 43 46 57 59 78
42 43 46 57 59 76 77
42 43 46 57 59 65 78
42 43 46 57 59 65 76 77
42 43 46 57 59 60
42 43 46 51 57
42 43 46 51 57 59
42 43 46 51 57 59 65
42 43 44 57 59 60 73
42 43 44 57 59 60 71 72
42 43 44 57 58 59 73
42 43 44 57 58 59 71 72
42 43 44 46 57 59 60
42 43 44 46 57 58 59
40 78 79
40 59 78 79
40 53
40 53 59
40 42 57 59 73
40 42 57 59 71 72
40 42 46 57 59
40 41 59 73
40 41 59 71 72
40 41 57 61 73
40 41 57 61 71 72
40 41 57 59 73 78
40 41 57 59 73 78 79
40 41 57 59 73 76 77
40 41 57 59 71 72 78
40 41 57 59 71 72 78 79
40 41 57 59 71 72 76 77
40 41 57 59 65 73
40 41 57 59 65 71 72
40 41 57 59 63 64 73
40 41 57 59 63 64 71 72
40 41 57 59 61 73
40 41 57 59 61 71 72
40 41 57 59 60 61 73
40 41 57 59 60 61 71 72
40 41 56 57 59 73
40 41 56 57 59 71 72
40 41 53 57 59 73
40 41 53 57 59 71 72
40 41 51 57 59 73
40 41 51 57 59 71 72
40 41 49 59 61 73
40 41 49 59 61 71 72
40 41 48 57 59 61 63 73
40 41 48 57 59 61 63 71 72
40 41 48 57 59 61 62 73
40 41 48 57 59 61 62 71 72
40 41 47 48 59 61 73
40 41 47 48 59 61 71 72
40 41 46 59
40 41 46 57 61
40 41 46 57 59 78
40 41 46 57 59 78 79
40 41 46 57 59 76 77
40 41 46 57 59 65
40 41 46 57 59 63 64
40 41 46 57 59 61
40 41 46 57 59 60 61
40 41 46 56 57 59
40 41 46 53 57 59
40 41 46 51 57 59
40 41 46 49 59 61
40 41 46 48 57 59 61 63
40 41 46 48 57 59 61 62
40 41 46 47 57 59 61 63
40 41 46 47 57 59 61 63 73
40 41 46 47 57 59 61 63 71 72
40 41 46 47 57 59 61 62
40 41 46 47 57 59 61 62 73
40 41 46 47 57 59 61 62 71 72
40 41 46 47 48 59 61
40 41 45 57 59 60 73
40 41 45 57 59 60 71 72
40 41 45 57 58 59 73
40 41 45 57 58 59 71 72
40 41 45 46 57 59 60
40 41 45 46 57 58 59
40 41 44 57 59 60 73
40 41 44 57 59 60 71 72
40 41 44 57 58 59 73
40 41 44 57 58 59 71 72
40 41 44 46 57 59 60
40 41 44 46 57 58 59
40 41 43 44 57 59 60 73
40 41 43 44 57 59 60 71 72
40 41 43 44 57 58 59 73
40 41 43 44 57 58 59 71 72
40 41 43 44 46 57 59 60
40 41 43 44 46 57 58 59
40 41 42 43 57 59 60 73
40 41 42 43 57 59 60 71 72
40 41 42 43 57 58 59 73
40 41 42 43 57 58 59 71 72
40 41 42 43 46 57 59 60
40 41 42 43 46 57 58 59
38 42 57 59 73
38 42 57 59 71 72
38 42 46 57 59
38 40 41 57 59 73
38 40 41 57 59 71 72
38 40 41 46 57 59
38 39 42 57 59 73
38 39 42 57 59 71 72
38 39 42 46 57 59
38 39 40 41 57 59 73
38 39 40 41 57 59 71 72
38 39 40 41 46 57 59
36 42 48 57 59 61 73
36 42 48 57 59 61 71 72
36 42 46 48 57 59 61
36 42 46 47 57 59 61
36 42 46 47 57 59 61 73
36 42 46 47 57 59 61 71 72
36 40 41 48 57 59 61 73
36 40 41 48 57 59 61 71 72
36 40 41 46 48 57 59 61
36 40 41 46 47 57 59 61
36 40 41 46 47 57 59 61 73
36 40 41 46 47 57 59 61 71 72
34 42 57 59 61 73
34 42 57 59 61 71 72
34 42 46 57 59 61
34 40 41 57 59 61 73
34 40 41 57 59 61 71 72
34 40 41 46 57 59 61
33 57 59 73
33 57 59 71 72
33 46 57 59
33 44 57 73
33 44 57 71 72
33 44 46 57
33 42 45 57 59 73
33 42 45 57 59 71 72
33 42 45 46 57 59
33 42 44 57 59 73
33 42 44 57 59 71 72
33 42 44 46 57 59
33 42 43 57 73
33 42 43 57 71 72
33 42 43 57 59 73
33 42 43 57 59 71 72
33 42 43 46 57
33 42 43 46 57 59
33 42 43 44 57 59 73
33 42 43 44 57 59 71 72
33 42 43 44 46 57 59
33 40 41 45 57 59 73
33 40 41 45 57 59 71 72
33 40 41 45 46 57 59
33 40 41 44 57 59 73
33 40 41 44 57 59 71 72
33 40 41 44 46 57 59
33 40 41 43 44 57 59 73
33 40 41 43 44 57 59 71 72
33 40 41 43 44 46 57 59
33 40 41 42 43 57 59 73
33 40 41 42 43 57 59 71 72
33 40 41 42 43 46 57 59
30 42 57 59 60 73
30 42 57 59 60 71 72
30 42 57 58 59 73
30 42 57 58 59 71 72
30 42 46 57 59 60
30 42 46 57 58 59
30 40 41 57 59 60 73
30 40 41 57 59 60 71 72
30 40 41 57 58 59 73
30 40 41 57 58 59 71 72
30 40 41 46 57 59 60
30 40 41 46 57 58 59
30 33 42 57 59 73
30 33 42 57 59 71 72
30 33 42 46 57 59
30 33 40 41 57 59 73
30 33 40 41 57 59 71 72
30 33 40 41 46 57 59
29 44 57 59 60 73
29 44 57 59 60 71 72
29 44 57 58 59 73
29 44 57 58 59 71 72
29 44 46 57 59 60
29 44 46 57 58 59
29 42 43 57 59 60 73
29 42 43 57 59 60 71 72
29 42 43 57 58 59 73
29 42 43 57 58 59 71 72
29 42 43 46 57 59 60
29 42 43 46 57 58 59
29 33 44 57 59 73
29 33 44 57 59 71 72
29 33 44 46 57 59
29 33 42 43 57 59 73
29 33 42 43 57 59 71 72
29 33 42 43 46 57 59
28 29 42 57 59 60 73
28 29 42 57 59 60 71 72
28 29 42 57 58 59 73
28 29 42 57 58 59 71 72
28 29 42 46 57 59 60
28 29 42 46 57 58 59
28 29 40 41 57 59 60 73
28 29 40 41 57 59 60 71 72
28 29 40 41 57 58 59 73
28 29 40 41 57 58 59 71 72
28 29 40 41 46 57 59 60
28 29 40 41 46 57 58 59
28 29 33 42 57 59 73
28 29 33 42 57 59 71 72
28 29 33 42 46 57 59
28 29 33 40 41 57 59 73
28 29 33 40 41 57 59 71 72
28 29 33 40 41 46 57 59
27 28 44 57 59 60 73
27 28 44 57 59 60 71 72
27 28 44 57 58 59 73
27 28 44 57 58 59 71 72
27 28 44 46 57 59 60
27 28 44 46 57 58 59
27 28 42 43 57 59 60 73
27 28 42 43 57 59 60 71 72
27 28 42 43 57 58 59 73
27 28 42 43 57 58 59 71 72
27 28 42 43 46 57 59 60
27 28 42 43 46 57 58 59
27 28 33 44 57 59 73
27 28 33 44 57 59 71 72
27 28 33 44 46 57 59
27 28 33 42 43 57 59 73
27 28 33 42 43 57 59 71 72
27 28 33 42 43 46 57 59
26 42 57 59 73
26 42 57 59 71 72
26 42 46 57 59
26 40 41 57 59 73
26 40 41 57 59 71 72
26 40 41 46 57 59
22 42 59 61 73
22 42 59 61 71 72
22 42 46 59 61
22 40 41 59 61 73
22 40 41 59 61 71 72
22 40 41 46 59 61
21 42 57 59 61 63 73
21 42 57 59 61 63 71 72
21 42 57 59 61 62 73
21 42 57 59 61 62 71 72
21 42 46 57 59 61 63
21 42 46 57 59 61 62
21 40 41 57 59 61 63 73
21 40 41 57 59 61 63 71 72
21 40 41 57 59 61 62 73
21 40 41 57 59 61 62 71 72
21 40 41 46 57 59 61 63
21 40 41 46 57 59 61 62
21 36 42 57 59 61 73
21 36 42 57 59 61 71 72
21 36 42 46 57 59 61
21 36 40 41 57 59 61 73
21 36 40 41 57 59 61 71 72
21 36 40 41 46 57 59 61
20
17 57 73 78
17 57 73 76 77
17 57 71 72 78
17 57 71 72 76 77
17 57 60 73
17 57 60 71 72
17 57 58 59 73
17 57 58 59 71 72
17 51 57 73
17 51 57 71 72
17 46 57 78
17 46 57 76 77
17 46 57 60
17 46 57 58 59
17 46 51 57
17 44 57 59 73 78
17 44 57 59 73 76 77
17 44 57 59 71 72 78
17 44 57 59 71 72 76 77
17 44 57 59 65 73 78
17 44 57 59 65 73 76 77
17 44 57 59 65 71 72 78
17 44 57 59 65 71 72 76 77
17 44 51 57 59 73
17 44 51 57 59 71 72
17 44 51 57 59 65 73
17 44 51 57 59 65 71 72
17 44 46 57 59 78
17 44 46 57 59 76 77
17 44 46 57 59 65 78
17 44 46 57 59 65 76 77
17 44 46 51 57 59
17 44 46 51 57 59 65
17 42 57 59 60 73
17 42 57 59 60 71 72
17 42 57 58 59 73
17 42 57 58 59 71 72
17 42 46 57 59 60
17 42 46 57 58 59
17 42 43 57 59 73 78
17 42 43 57 59 73 76 77
17 42 43 57 59 71 72 78
17 42 43 57 59 71 72 76 77
17 42 43 57 59 65 73 78
17 42 43 57 59 65 73 76 77
17 42 43 57 59 65 71 72 78
17 42 43 57 59 65 71 72 76 77
17 42 43 51 57 59 73
17 42 43 51 57 59 71 72
17 42 43 51 57 59 65 73
17 42 43 51 57 59 65 71 72
17 42 43 46 57 59 78
17 42 43 46 57 59 76 77
17 42 43 46 57 59 65 78
17 42 43 46 57 59 65 76 77
17 42 43 46 51 57 59
17 42 43 46 51 57 59 65
17 40 41 57 59 60 73
17 40 41 57 59 60 71 72
17 40 41 57 58 59 73
17 40 41 57 58 59 71 72
17 40 41 46 57 59 60
17 40 41 46 57 58 59
17 33 57 73
17 33 57 71 72
17 33 46 57
17 33 42 57 59 73
17 33 42 57 59 71 72
17 33 42 46 57 59
17 33 40 41 57 59 73
17 33 40 41 57 59 71 72
17 33 40 41 46 57 59
17 29 57 59 60 73
17 29 57 59 60 71 72
17 29 57 58 59 73
17 29 57 58 59 71 72
17 29 46 57 59 60
17 29 46 57 58 59
17 29 33 57 59 73
17 29 33 57 59 71 72
17 29 33 46 57 59
17 27 28 57 59 60 73
17 27 28 57 59 60 71 72
17 27 28 57 58 59 73
17 27 28 57 58 59 71 72
17 27 28 46 57 59 60
17 27 28 46 57 58 59
17 27 28 33 57 59 73
17 27 28 33 57 59 71 72
17 27 28 33 46 57 59
15 59 73
15 59 71 72
15 57 61 73
15 57 61 71 72
15 57 59 73
15 57 59 73 78
15 57 59 73 78 79
15 57 59 73 76 77
15 57 59 71 72
15 57 59 71 72 78
15 57 59 71 72 78 79
15 57 59 71 72 76 77
15 57 59 65 73
15 57 59 65 71 72
15 57 59 63 64 73
15 57 59 63 64 71 72
15 57 59 61 73
15 57 59 61 71 72
15 57 59 60 61 73
15 57 59 60 61 71 72
15 56 57 59 73
15 56 57 59 71 72
15 53 57 59 73
15 53 57 59 71 72
15 51 57 59 73
15 51 57 59 71 72
15 49 59 61 73
15 49 59 61 71 72
15 48 57 59 61 63 73
15 48 57 59 61 63 71 72
15 48 57 59 61 62 73
15 48 57 59 61 62 71 72
15 47 48 59 61 73
15 47 48 59 61 71 72
15 46 59
15 46 57 61
15 46 57 59
15 46 57 59 78
15 46 57 59 78 79
15 46 57 59 76 77
15 46 57 59 65
15 46 57 59 63 64
15 46 57 59 61
15 46 57 59 60 61
15 46 56 57 59
15 46 53 57 59
15 46 51 57 59
15 46 49 59 61
15 46 48 57 59 61 63
15 46 48 57 59 61 62
15 46 47 57 59 61 63
15 46 47 57 59 61 63 73
15 46 47 57 59 61 63 71 72
15 46 47 57 59 61 62
15 46 47 57 59 61 62 73
15 46 47 57 59 61 62 71 72
15 46 47 48 59 61
15 45 57 59 60 73
15 45 57 59 60 71 72
15 45 57 58 59 73
15 45 57 58 59 71 72
15 45 46 57 59 60
15 45 46 57 58 59
15 44 57 59 60 73
15 44 57 59 60 71 72
15 44 57 58 59 73
15 44 57 58 59 71 72
15 44 46 57 59 60
15 44 46 57 58 59
15 43 44 57 59 60 73
15 43 44 57 59 60 71 72
15 43 44 57 58 59 73
15 43 44 57 58 59 71 72
15 43 44 46 57 59 60
15 43 44 46 57 58 59
15 42 43 57 59 60 73
15 42 43 57 59 60 71 72
15 42 43 57 58 59 73
15 42 43 57 58 59 71 72
15 42 43 46 57 59 60
15 42 43 46 57 58 59
15 40 57 59 73
15 40 57 59 71 72
15 40 46 57 59
15 38 57 59 73
15 38 57 59 71 72
15 38 46 57 59
15 38 39 57 59 73
15 38 39 57 59 71 72
15 38 39 46 57 59
15 36 48 57 59 61 73
15 36 48 57 59 61 71 72
15 36 46 48 57 59 61
15 36 46 47 57 59 61
15 36 46 47 57 59 61 73
15 36 46 47 57 59 61 71 72
15 34 57 59 61 73
15 34 57 59 61 71 72
15 34 46 57 59 61
15 33 45 57 59 73
15 33 45 57 59 71 72
15 33 45 46 57 59
15 33 44 57 59 73
15 33 44 57 59 71 72
15 33 44 46 57 59
15 33 43 44 57 59 73
15 33 43 44 57 59 71 72
15 33 43 44 46 57 59
15 33 42 43 57 59 73
15 33 42 43 57 59 71 72
15 33 42 43 46 57 59
15 30 57 59 60 73
15 30 57 59 60 71 72
15 30 57 58 59 73
15 30 57 58 59 71 72
15 30 46 57 59 60
15 30 46 57 58 59
15 30 33 57 59 73
15 30 33 57 59 71 72
15 30 33 46 57 59
15 28 29 57 59 60 73
15 28 29 57 59 60 71 72
15 28 29 57 58 59 73
15 28 29 57 58 59 71 72
15 28 29 46 57 59 60
15 28 29 46 57 58 59
15 28 29 33 57 59 73
15 28 29 33 57 59 71 72
15 28 29 33 46 57 59
15 26 57 59 73
15 26 57 59 71 72
15 26 46 57 59
15 22 59 61 73
15 22 59 61 71 72
15 22 46 59 61
15 21 57 59 61 63 73
15 21 57 59 61 63 71 72
15 21 57 59 61 62 73
15 21 57 59 61 62 71 72
15 21 46 57 59 61 63
15 21 46 57 59 61 62
15 21 36 57 59 61 73
15 21 36 57 59 61 71 72
15 21 36 46 57 59 61
15 17 57 59 60 73
15 17 57 59 60 71 72
15 17 57 58 59 73
15 17 57 58 59 71 72
15 17 46 57 59 60
15 17 46 57 58 59
15 17 33 57 59 73
15 17 33 57 59 71 72
15 17 33 46 57 59
15 16 44 57 59 73 78
15 16 44 57 59 73 76 77
15 16 44 57 59 71 72 78
15 16 44 57 59 71 72 76 77
15 16 44 57 59 65 73 78
15 16 44 57 59 65 73 76 77
15 16 44 57 59 65 71 72 78
15 16 44 57 59 65 71 72 76 77
15 16 44 51 57 59 73
15 16 44 51 57 59 71 72
15 16 44 51 57 59 65 73
15 16 44 51 57 59 65 71 72
15 16 44 46 57 59 78
15 16 44 46 57 59 76 77
15 16 44 46 57 59 65 78
15 16 44 46 57 59 65 76 77
15 16 44 46 51 57 59
15 16 44 46 51 57 59 65
15 16 42 43 57 59 73 78
15 16 42 43 57 59 73 76 77
15 16 42 43 57 59 71 72 78
15 16 42 43 57 59 71 72 76 77
15 16 42 43 57 59 65 73 78
15 16 42 43 57 59 65 73 76 77
15 16 42 43 57 59 65 71 72 78
15 16 42 43 57 59 65 71 72 76 77
15 16 42 43 51 57 59 73
15 16 42 43 51 57 59 71 72
15 16 42 43 51 57 59 65 73
15 16 42 43 51 57 59 65 71 72
15 16 42 43 46 57 59 78
15 16 42 43 46 57 59 76 77
15 16 42 43 46 57 59 65 78
15 16 42 43 46 57 59 65 76 77
15 16 42 43 46 51 57 59
15 16 42 43 46 51 57 59 65
15 16 17 57 59 73 78
15 16 17 57 59 73 76 77
15 16 17 57 59 71 72 78
15 16 17 57 59 71 72 76 77
15 16 17 57 59 65 73 78
15 16 17 57 59 65 73 76 77
15 16 17 57 59 65 71 72 78
15 16 17 57 59 65 71 72 76 77
15 16 17 51 57 59 73
15 16 17 51 57 59 71 72
15 16 17 51 57 59 65 73
15 16 17 51 57 59 65 71 72
15 16 17 46 57 59 78
15 16 17 46 57 59 76 77
15 16 17 46 57 59 65 78
15 16 17 46 57 59 65 76 77
15 16 17 46 51 57 59
15 16 17 46 51 57 59 65
14 42 57 61 73
14 42 57 61 71 72
14 42 57 59 73
14 42 57 59 71 72
14 42 46 57 61
14 42 46 57 59
14 40 41 57 61 73
14 40 41 57 61 71 72
14 40 41 57 59 73
14 40 41 57 59 71 72
14 40 41 46 57 61
14 40 41 46 57 59
14 15 57 61 73
14 15 57 61 71 72
14 15 57 59 73
14 15 57 59 71 72
14 15 46 57 61
14 15 46 57 59
13 42 57 59 73
13 42 57 59 71 72
13 42 46 57 59
13 40 41 57 59 73
13 40 41 57 59 71 72
13 40 41 46 57 59
13 15 57 59 73
13 15 57 59 71 72
13 15 46 57 59
8 69
8 67 68
8 42
3 42 57 59 60 73
3 42 57 59 60 71 72
3 42 57 58 59 73
3 42 57 58 59 71 72
3 42 46 57 59 60
3 42 46 57 58 59
3 40 41 57 59 60 73
3 40 41 57 59 60 71 72
3 40 41 57 58 59 73
3 40 41 57 58 59 71 72
3 40 41 46 57 59 60
3 40 41 46 57 58 59
3 33 42 57 59 73
3 33 42 57 59 71 72
3 33 42 46 57 59
3 33 40 41 57 59 73
3 33 40 41 57 59 71 72
3 33 40 41 46 57 59
3 15 57 59 60 73
3 15 57 59 60 71 72
3 15 57 58 59 73
3 15 57 58 59 71 72
3 15 46 57 59 60
3 15 46 57 58 59
3 15 33 57 59 73
3 15 33 57 59 71 72
3 15 33 46 57 59
2 44 57 59 60 73
2 44 57 59 60 71 72
2 44 57 58 59 73
2 44 57 58 59 71 72
2 44 46 57 59 60
2 44 46 57 58 59
2 42 43 57 59 60 73
2 42 43 57 59 60 71 72
2 42 43 57 58 59 73
2 42 43 57 58 59 71 72
2 42 43 46 57 59 60
2 42 43 46 57 58 59
2 33 44 57 59 73
2 33 44 57 59 71 72
2 33 44 46 57 59
2 33 42 43 57 59 73
2 33 42 43 57 59 71 72
2 33 42 43 46 57 59
2 17 57 59 60 73
2 17 57 59 60 71 72
2 17 57 58 59 73
2 17 57 58 59 71 72
2 17 46 57 59 60
2 17 46 57 58 59
2 17 33 57 59 73
2 17 33 57 59 71 72
2 17 33 46 57 59
1

