71
69
69 70
68 69
61 78 79
61 73 75
61 73 74
61 71 72 75
61 71 72 73 74
61 64
59
59 75
59 75 78 79
59 73 74
59 73 74 78 79
59 71
59 71 78 79
59 69 70
59 69 70 78 79
59 63
59 63 75 78
59 63 75 78 79
59 63 75 76 77
59 63 73 74 78
59 63 73 74 78 79
59 63 73 74 76 77
59 61
59 61 78
59 61 78 79
59 61 76 77
59 61 75 78
59 61 75 76 77
59 61 74 75
59 61 73
59 61 73 78
59 61 73 78 79
59 61 73 76 77
59 61 73 74
59 61 73 74 78
59 61 73 74 76 77
59 61 72 75
59 61 72 73 75
59 61 71 72
59 61 71 72 78
59 61 71 72 78 79
59 61 71 72 76 77
59 61 70 71 75
59 61 70 71 73 74
59 61 63 78 79
59 61 62
59 61 62 78 79
59 61 62 75 78
59 61 62 75 78 79
59 61 62 75 76 77
59 61 62 73 74 78
59 61 62 73 74 78 79
59 61 62 73 74 76 77
59 60
59 60 78
59 60 76 77
59 60 75
59 60 75 78
59 60 75 76 77
59 60 74 75
59 60 73 75
59 60 73 74
59 60 73 74 78
59 60 73 74 76 77
59 60 72 75
59 60 72 73 75
59 60 71 72 75
59 60 71 72 73 74
59 60 70 71 75
59 60 70 71 73 74
59 60 61 78
59 60 61 76 77
59 60 61 75
59 60 61 73 78
59 60 61 73 76 77
59 60 61 73 74
59 60 61 71 72 78
59 60 61 71 72 76 77
58 59 61 75
58 59 61 73 74
58 59 60 75
58 59 60 73 74
57 61 73 78 79
57 61 71 72 78 79
57 59 69
57 59 67 68
57 59 61 73 78 79
57 59 61 71 72 78 79
57 59 60 73 78 79
57 59 60 71 72 78 79
57 59 60 61 73 78 79
57 59 60 61 71 72 78 79
55 61 71
55 61 69 70
55 56 59 69
55 56 59 67 68
53 61
53 59 75
53 59 73 74
53 59 71
53 59 69 70
53 59 63 75
53 59 63 73 74
53 59 61
53 59 61 73
53 59 61 71 72
53 59 61 63
53 59 61 62
53 59 61 62 75
53 59 61 62 73 74
53 57 61 73
53 57 61 71 72
53 57 59 61 73
53 57 59 61 71 72
53 57 59 60 73
53 57 59 60 71 72
53 57 59 60 61 73
53 57 59 60 61 71 72
53 54 61 71
53 54 61 69 70
51 59 63 75
51 59 63 73 74
51 59 61
51 59 61 73
51 59 61 71 72
51 59 61 62 75
51 59 61 62 73 74
51 59 60
51 59 60 61
51 59 60 61 73
51 59 60 61 71 72
48 61 73
48 61 71 72
48 59 78 79
48 59 63 78
48 59 63 78 79
48 59 63 76 77
48 59 61 78
48 59 61 76 77
48 59 61 74
48 59 61 72
48 59 61 72 73
48 59 61 70 71
48 59 61 62 78
48 59 61 62 78 79
48 59 61 62 76 77
48 59 60
48 59 60 78
48 59 60 76 77
48 59 60 74
48 59 60 73
48 59 60 72
48 59 60 72 73
48 59 60 71 72
48 59 60 70 71
48 59 60 61
48 58 59 61
48 58 59 60
48 53 59
48 53 59 63
48 53 59 61 62
48 51 59 63
48 51 59 61 62
47 59 61 75
47 59 61 73 74
47 59 60 75
47 59 60 73 74
47 48 59 61
47 48 59 60
46 61 75
46 61 73 74
46 59 61
46 59 61 78
46 59 61 78 79
46 59 61 76 77
46 59 60 75
46 59 60 73 74
46 59 60 61 78
46 59 60 61 76 77
46 57 61 78 79
46 57 59 61 78 79
46 57 59 60 78 79
46 57 59 60 61 78 79
46 53 59 61
46 53 57 61
46 53 57 59 61
46 53 57 59 60
46 53 57 59 60 61
46 51 59 61
46 51 59 60 61
46 48 61
46 48 59 60
46 47 59
45 59 61 75
45 59 61 73 74
45 59 60 75
45 59 60 73 74
45 48 59 61
45 48 59 60
44
44 59
44 59 78 79
44 59 61 75 78
44 59 61 75 76 77
44 59 61 73
44 59 61 73 74 78
44 59 61 73 74 76 77
44 59 61 71 72
44 59 61 63 73
44 59 61 63 71 73
44 59 61 63 69 70 73
44 59 61 63 69 70 71 72
44 59 61 62 73
44 59 61 62 71 73
44 59 61 62 69 70 73
44 59 61 62 69 70 71 72
44 59 60 61 75 78
44 59 60 61 75 76 77
44 59 60 61 73 74 78
44 59 60 61 73 74 76 77
44 55 61
44 53 59
44 53 54 61
44 51 59 61 75
44 51 59 61 73 74
44 51 59 60 61 75
44 51 59 60 61 73 74
44 48 59 61 78
44 48 59 61 76 77
44 48 59 60 61 78
44 48 59 60 61 76 77
44 48 51 59 61
44 48 51 59 60 61
44 46 59 61
44 46 59 61 63
44 46 59 61 63 71
44 46 59 61 63 69 70
44 46 59 61 62
44 46 59 61 62 71
44 46 59 61 62 69 70
42
42 68
42 59 71 73 78
42 59 71 73 76 77
42 59 71 72 78
42 59 71 72 76 77
42 59 69 70 73 78
42 59 69 70 73 76 77
42 59 69 70 71 72 78
42 59 69 70 71 72 76 77
42 59 61
42 59 61 78 79
42 59 61 77
42 59 61 75
42 59 61 75 78
42 59 61 75 78 79
42 59 61 75 76
42 59 61 75 76 77
42 59 61 73 78
42 59 61 73 78 79
42 59 61 73 77
42 59 61 73 76 77
42 59 61 73 75
42 59 61 73 75 76
42 59 61 73 74 78
42 59 61 73 74 78 79
42 59 61 73 74 76 77
42 59 61 71 72 78
42 59 61 71 72 78 79
42 59 61 71 72 77
42 59 61 71 72 76 77
42 59 61 71 72 75
42 59 61 71 72 75 76
42 59 61 71 72 73 74
42 59 61 64 73
42 59 61 64 71 72
42 59 61 63
42 59 61 63 75
42 59 61 63 73 74
42 59 61 63 71 73
42 59 61 63 71 73 78
42 59 61 63 71 73 76 77
42 59 61 63 71 72
42 59 61 63 71 72 78
42 59 61 63 71 72 76 77
42 59 61 63 69 70 73
42 59 61 63 69 70 73 78
42 59 61 63 69 70 73 76 77
42 59 61 63 69 70 71 72
42 59 61 63 69 70 71 72 78
42 59 61 63 69 70 71 72 76 77
42 59 61 63 65 75 78
42 59 61 63 65 75 76 77
42 59 61 63 65 73 74 78
42 59 61 63 65 73 74 76 77
42 59 61 63 64 75 78
42 59 61 63 64 75 76 77
42 59 61 63 64 73 74 78
42 59 61 63 64 73 74 76 77
42 59 61 62 75
42 59 61 62 73 74
42 59 61 62 71 73
42 59 61 62 71 73 78
42 59 61 62 71 73 76 77
42 59 61 62 71 72
42 59 61 62 71 72 78
42 59 61 62 71 72 76 77
42 59 61 62 69 70 73
42 59 61 62 69 70 73 78
42 59 61 62 69 70 73 76 77
42 59 61 62 69 70 71 72
42 59 61 62 69 70 71 72 78
42 59 61 62 69 70 71 72 76 77
42 59 61 62 63 73
42 59 61 62 63 71 72
42 59 60 75
42 59 60 73 74
42 59 60 61 75
42 59 60 61 75 78
42 59 60 61 75 78 79
42 59 60 61 75 76 77
42 59 60 61 73
42 59 60 61 73 77
42 59 60 61 73 75
42 59 60 61 73 75 76
42 59 60 61 73 74 78
42 59 60 61 73 74 78 79
42 59 60 61 73 74 76 77
42 59 60 61 71 72
42 59 60 61 71 72 77
42 59 60 61 71 72 75
42 59 60 61 71 72 75 76
42 59 60 61 71 72 73 74
42 59 60 61 64 73
42 59 60 61 64 71 72
42 59 60 61 63 73
42 59 60 61 63 71 72
42 59 60 61 62 73
42 59 60 61 62 71 72
42 59 60 61 62 63 73
42 59 60 61 62 63 71 72
42 57 59
42 57 59 61 78 79
42 57 59 61 75 78
42 57 59 61 75 76 77
42 57 59 61 73 78 79
42 57 59 61 73 77
42 57 59 61 73 75 76
42 57 59 61 73 74 78
42 57 59 61 73 74 76 77
42 57 59 61 71 72 78 79
42 57 59 61 71 72 77
42 57 59 61 71 72 75 76
42 57 59 60 75 78
42 57 59 60 75 76 77
42 57 59 60 73 78 79
42 57 59 60 73 74 78
42 57 59 60 73 74 76 77
42 57 59 60 71 72 78 79
42 57 59 60 61 73 77
42 57 59 60 61 73 75 76
42 57 59 60 61 71 72 77
42 57 59 60 61 71 72 75 76
42 55 56 59
42 53 59 61
42 53 59 61 75
42 53 59 61 73
42 53 59 61 73 74
42 53 59 61 71 72
42 53 59 60 61 75
42 53 59 60 61 73 74
42 53 57 59 61
42 53 57 59 61 73
42 53 57 59 61 71 72
42 53 57 59 60 73
42 53 57 59 60 71 72
42 51 59 71 73
42 51 59 71 72
42 51 59 69 70 73
42 51 59 69 70 71 72
42 51 59 61 75
42 51 59 61 73
42 51 59 61 73 74
42 51 59 61 71 72
42 51 59 61 63 71 73
42 51 59 61 63 71 72
42 51 59 61 63 69 70 73
42 51 59 61 63 69 70 71 72
42 51 59 61 63 65 75
42 51 59 61 63 65 73 74
42 51 59 61 63 64 75
42 51 59 61 63 64 73 74
42 51 59 61 62 71 73
42 51 59 61 62 71 72
42 51 59 61 62 69 70 73
42 51 59 61 62 69 70 71 72
42 51 59 60 61 75
42 51 59 60 61 73 74
42 51 57 59 61 75
42 51 57 59 61 73 74
42 51 57 59 60 75
42 51 57 59 60 73 74
42 50 59 61
42 50 59 61 73
42 50 59 61 71 72
42 50 59 60 61 73
42 50 59 60 61 71 72
42 50 57 59 61 73
42 50 57 59 61 71 72
42 50 57 59 60 61 73
42 50 57 59 60 61 71 72
42 49 59 61 75
42 49 59 61 73
42 49 59 61 73 74
42 49 59 61 71 72
42 49 59 61 63 65 75 78
42 49 59 61 63 65 75 76 77
42 49 59 61 63 65 73 74 78
42 49 59 61 63 65 73 74 76 77
42 49 59 61 63 64 75 78
42 49 59 61 63 64 75 76 77
42 49 59 61 63 64 73 74 78
42 49 59 61 63 64 73 74 76 77
42 49 59 60 61 73
42 49 59 60 61 71 72
42 49 51 59 61 63 65 75
42 49 51 59 61 63 65 73 74
42 49 51 59 61 63 64 75
42 49 51 59 61 63 64 73 74
42 48 59 61 78
42 48 59 61 78 79
42 48 59 61 76 77
42 48 59 61 75
42 48 59 61 73
42 48 59 61 73 74
42 48 59 61 71 72
42 48 59 61 63
42 48 59 61 63 65 78
42 48 59 61 63 65 76 77
42 48 59 61 63 64 78
42 48 59 61 63 64 76 77
42 48 59 61 62
42 48 59 60
42 48 59 60 61
42 48 59 60 61 78
42 48 59 60 61 78 79
42 48 59 60 61 76 77
42 48 59 60 61 73
42 48 59 60 61 71 72
42 48 57 59 61 78
42 48 57 59 61 76 77
42 48 57 59 60 78
42 48 57 59 60 76 77
42 48 53 59 61
42 48 53 59 60 61
42 48 51 59 61
42 48 51 59 61 63 65
42 48 51 59 61 63 64
42 48 51 59 60 61
42 48 51 57 59 61
42 48 51 57 59 60
42 48 49 59 61
42 48 49 59 61 63 65 78
42 48 49 59 61 63 65 76 77
42 48 49 59 61 63 64 78
42 48 49 59 61 63 64 76 77
42 48 49 51 59 61 63 65
42 48 49 51 59 61 63 64
42 47 48 59 61
42 47 48 59 61 75
42 47 48 59 61 73
42 47 48 59 61 73 74
42 47 48 59 61 71 72
42 47 48 59 61 63 65 78
42 47 48 59 61 63 65 76 77
42 47 48 59 61 63 65 75 78
42 47 48 59 61 63 65 75 76 77
42 47 48 59 61 63 65 73 74 78
42 47 48 59 61 63 65 73 74 76 77
42 47 48 59 61 63 64 78
42 47 48 59 61 63 64 76 77
42 47 48 59 61 63 64 75 78
42 47 48 59 61 63 64 75 76 77
42 47 48 59 61 63 64 73 74 78
42 47 48 59 61 63 64 73 74 76 77
42 47 48 59 60 61 73
42 47 48 59 60 61 71 72
42 47 48 51 59 61 63 65
42 47 48 51 59 61 63 65 75
42 47 48 51 59 61 63 65 73 74
42 47 48 51 59 61 63 64
42 47 48 51 59 61 63 64 75
42 47 48 51 59 61 63 64 73 74
42 46 59 71 78
42 46 59 71 76 77
42 46 59 69 70 78
42 46 59 69 70 76 77
42 46 59 61 78
42 46 59 61 78 79
42 46 59 61 77
42 46 59 61 76 77
42 46 59 61 75
42 46 59 61 75 76
42 46 59 61 73 74
42 46 59 61 64
42 46 59 61 63 71
42 46 59 61 63 71 78
42 46 59 61 63 71 76 77
42 46 59 61 63 69 70
42 46 59 61 63 69 70 78
42 46 59 61 63 69 70 76 77
42 46 59 61 62 71
42 46 59 61 62 71 78
42 46 59 61 62 71 76 77
42 46 59 61 62 69 70
42 46 59 61 62 69 70 78
42 46 59 61 62 69 70 76 77
42 46 59 61 62 63
42 46 59 60 61
42 46 59 60 61 77
42 46 59 60 61 75
42 46 59 60 61 75 76
42 46 59 60 61 73 74
42 46 59 60 61 64
42 46 59 60 61 63
42 46 59 60 61 62
42 46 59 60 61 62 63
42 46 57 59 61 78 79
42 46 57 59 61 77
42 46 57 59 61 75 76
42 46 57 59 60 78 79
42 46 57 59 60 61 77
42 46 57 59 60 61 75 76
42 46 53 59 61
42 46 53 57 59 61
42 46 53 57 59 60
42 46 51 59 71
42 46 51 59 69 70
42 46 51 59 61
42 46 51 59 61 63 71
42 46 51 59 61 63 69 70
42 46 51 59 61 62 71
42 46 51 59 61 62 69 70
42 46 50 59 61
42 46 50 59 60 61
42 46 50 57 59 61
42 46 50 57 59 60 61
42 46 49 59 61
42 46 49 59 60 61
42 46 48 59 61
42 46 48 59 60 61
42 46 47 59 61 75
42 46 47 59 61 73 74
42 46 47 48 59 60 61
42 44 59 73 78
42 44 59 73 76 77
42 44 59 71 72 78
42 44 59 71 72 76 77
42 44 59 61 63 73
42 44 59 61 63 73 78
42 44 59 61 63 73 76 77
42 44 59 61 63 71 72
42 44 59 61 63 71 72 78
42 44 59 61 63 71 72 76 77
42 44 59 61 62 73
42 44 59 61 62 73 78
42 44 59 61 62 73 76 77
42 44 59 61 62 71 72
42 44 59 61 62 71 72 78
42 44 59 61 62 71 72 76 77
42 44 51 59 73
42 44 51 59 71 72
42 44 51 59 61 63 73
42 44 51 59 61 63 71 72
42 44 51 59 61 62 73
42 44 51 59 61 62 71 72
42 44 46 59 78
42 44 46 59 76 77
42 44 46 59 61 63
42 44 46 59 61 63 78
42 44 46 59 61 63 76 77
42 44 46 59 61 62
42 44 46 59 61 62 78
42 44 46 59 61 62 76 77
42 44 46 51 59
42 44 46 51 59 61 63
42 44 46 51 59 61 62
42 43 59 61 75 78
42 43 59 61 75 76 77
42 43 59 61 73
42 43 59 61 73 74 78
42 43 59 61 73 74 76 77
42 43 59 61 71 72
42 43 59 61 63 71 73
42 43 59 61 63 71 72
42 43 59 61 63 69 70 73
42 43 59 61 63 69 70 71 72
42 43 59 61 62 71 73
42 43 59 61 62 71 72
42 43 59 61 62 69 70 73
42 43 59 61 62 69 70 71 72
42 43 59 60 61 75 78
42 43 59 60 61 75 76 77
42 43 59 60 61 73 74 78
42 43 59 60 61 73 74 76 77
42 43 51 59 61 75
42 43 51 59 61 73 74
42 43 51 59 60 61 75
42 43 51 59 60 61 73 74
42 43 48 59 61 78
42 43 48 59 61 76 77
42 43 48 59 60 61 78
42 43 48 59 60 61 76 77
42 43 48 51 59 61
42 43 48 51 59 60 61
42 43 46 59 61
42 43 46 59 61 63 71
42 43 46 59 61 63 69 70
42 43 46 59 61 62 71
42 43 46 59 61 62 69 70
42 43 44 59 61 63 73
42 43 44 59 61 63 71 72
42 43 44 59 61 62 73
42 43 44 59 61 62 71 72
42 43 44 46 59 61 63
42 43 44 46 59 61 62
40 41 59 71 73 78
40 41 59 71 73 76 77
40 41 59 71 72 78
40 41 59 71 72 76 77
40 41 59 69 70 73 78
40 41 59 69 70 73 76 77
40 41 59 69 70 71 72 78
40 41 59 69 70 71 72 76 77
40 41 59 61
40 41 59 61 78 79
40 41 59 61 77
40 41 59 61 75
40 41 59 61 75 78
40 41 59 61 75 78 79
40 41 59 61 75 76
40 41 59 61 75 76 77
40 41 59 61 73 78
40 41 59 61 73 78 79
40 41 59 61 73 77
40 41 59 61 73 76 77
40 41 59 61 73 75
40 41 59 61 73 75 76
40 41 59 61 73 74 78
40 41 59 61 73 74 78 79
40 41 59 61 73 74 76 77
40 41 59 61 71 72 78
40 41 59 61 71 72 78 79
40 41 59 61 71 72 77
40 41 59 61 71 72 76 77
40 41 59 61 71 72 75
40 41 59 61 71 72 75 76
40 41 59 61 71 72 73 74
40 41 59 61 64 73
40 41 59 61 64 71 72
40 41 59 61 63
40 41 59 61 63 75
40 41 59 61 63 73 74
40 41 59 61 63 71 73
40 41 59 61 63 71 73 78
40 41 59 61 63 71 73 76 77
40 41 59 61 63 71 72
40 41 59 61 63 71 72 78
40 41 59 61 63 71 72 76 77
40 41 59 61 63 69 70 73
40 41 59 61 63 69 70 73 78
40 41 59 61 63 69 70 73 76 77
40 41 59 61 63 69 70 71 72
40 41 59 61 63 69 70 71 72 78
40 41 59 61 63 69 70 71 72 76 77
40 41 59 61 63 65 75 78
40 41 59 61 63 65 75 76 77
40 41 59 61 63 65 73 74 78
40 41 59 61 63 65 73 74 76 77
40 41 59 61 63 64 75 78
40 41 59 61 63 64 75 76 77
40 41 59 61 63 64 73 74 78
40 41 59 61 63 64 73 74 76 77
40 41 59 61 62 75
40 41 59 61 62 73 74
40 41 59 61 62 71 73
40 41 59 61 62 71 73 78
40 41 59 61 62 71 73 76 77
40 41 59 61 62 71 72
40 41 59 61 62 71 72 78
40 41 59 61 62 71 72 76 77
40 41 59 61 62 69 70 73
40 41 59 61 62 69 70 73 78
40 41 59 61 62 69 70 73 76 77
40 41 59 61 62 69 70 71 72
40 41 59 61 62 69 70 71 72 78
40 41 59 61 62 69 70 71 72 76 77
40 41 59 61 62 63 73
40 41 59 61 62 63 71 72
40 41 59 60 75
40 41 59 60 73 74
40 41 59 60 61 75
40 41 59 60 61 75 78
40 41 59 60 61 75 78 79
40 41 59 60 61 75 76 77
40 41 59 60 61 73
40 41 59 60 61 73 77
40 41 59 60 61 73 75
40 41 59 60 61 73 75 76
40 41 59 60 61 73 74 78
40 41 59 60 61 73 74 78 79
40 41 59 60 61 73 74 76 77
40 41 59 60 61 71 72
40 41 59 60 61 71 72 77
40 41 59 60 61 71 72 75
40 41 59 60 61 71 72 75 76
40 41 59 60 61 71 72 73 74
40 41 59 60 61 64 73
40 41 59 60 61 64 71 72
40 41 59 60 61 63 73
40 41 59 60 61 63 71 72
40 41 59 60 61 62 73
40 41 59 60 61 62 71 72
40 41 59 60 61 62 63 73
40 41 59 60 61 62 63 71 72
40 41 57 59 61 78 79
40 41 57 59 61 75 78
40 41 57 59 61 75 76 77
40 41 57 59 61 73 78 79
40 41 57 59 61 73 77
40 41 57 59 61 73 75 76
40 41 57 59 61 73 74 78
40 41 57 59 61 73 74 76 77
40 41 57 59 61 71 72 78 79
40 41 57 59 61 71 72 77
40 41 57 59 61 71 72 75 76
40 41 57 59 60 75 78
40 41 57 59 60 75 76 77
40 41 57 59 60 73 78 79
40 41 57 59 60 73 74 78
40 41 57 59 60 73 74 76 77
40 41 57 59 60 71 72 78 79
40 41 57 59 60 61 73 77
40 41 57 59 60 61 73 75 76
40 41 57 59 60 61 71 72 77
40 41 57 59 60 61 71 72 75 76
40 41 53 59 61
40 41 53 59 61 75
40 41 53 59 61 73
40 41 53 59 61 73 74
40 41 53 59 61 71 72
40 41 53 59 60 61 75
40 41 53 59 60 61 73 74
40 41 53 57 59 61
40 41 53 57 59 61 73
40 41 53 57 59 61 71 72
40 41 53 57 59 60 73
40 41 53 57 59 60 71 72
40 41 51 59 71 73
40 41 51 59 71 72
40 41 51 59 69 70 73
40 41 51 59 69 70 71 72
40 41 51 59 61 75
40 41 51 59 61 73
40 41 51 59 61 73 74
40 41 51 59 61 71 72
40 41 51 59 61 63 71 73
40 41 51 59 61 63 71 72
40 41 51 59 61 63 69 70 73
40 41 51 59 61 63 69 70 71 72
40 41 51 59 61 63 65 75
40 41 51 59 61 63 65 73 74
40 41 51 59 61 63 64 75
40 41 51 59 61 63 64 73 74
40 41 51 59 61 62 71 73
40 41 51 59 61 62 71 72
40 41 51 59 61 62 69 70 73
40 41 51 59 61 62 69 70 71 72
40 41 51 59 60 61 75
40 41 51 59 60 61 73 74
40 41 51 57 59 61 75
40 41 51 57 59 61 73 74
40 41 51 57 59 60 75
40 41 51 57 59 60 73 74
40 41 50 59 61
40 41 50 59 61 73
40 41 50 59 61 71 72
40 41 50 59 60 61 73
40 41 50 59 60 61 71 72
40 41 50 57 59 61 73
40 41 50 57 59 61 71 72
40 41 50 57 59 60 61 73
40 41 50 57 59 60 61 71 72
40 41 49 59 61 75
40 41 49 59 61 73
40 41 49 59 61 73 74
40 41 49 59 61 71 72
40 41 49 59 61 63 65 75 78
40 41 49 59 61 63 65 75 76 77
40 41 49 59 61 63 65 73 74 78
40 41 49 59 61 63 65 73 74 76 77
40 41 49 59 61 63 64 75 78
40 41 49 59 61 63 64 75 76 77
40 41 49 59 61 63 64 73 74 78
40 41 49 59 61 63 64 73 74 76 77
40 41 49 59 60 61 73
40 41 49 59 60 61 71 72
40 41 49 51 59 61 63 65 75
40 41 49 51 59 61 63 65 73 74
40 41 49 51 59 61 63 64 75
40 41 49 51 59 61 63 64 73 74
40 41 48 59 61 78
40 41 48 59 61 78 79
40 41 48 59 61 76 77
40 41 48 59 61 75
40 41 48 59 61 73
40 41 48 59 61 73 74
40 41 48 59 61 71 72
40 41 48 59 61 63
40 41 48 59 61 63 65 78
40 41 48 59 61 63 65 76 77
40 41 48 59 61 63 64 78
40 41 48 59 61 63 64 76 77
40 41 48 59 61 62
40 41 48 59 60
40 41 48 59 60 61
40 41 48 59 60 61 78
40 41 48 59 60 61 78 79
40 41 48 59 60 61 76 77
40 41 48 59 60 61 73
40 41 48 59 60 61 71 72
40 41 48 57 59 61 78
40 41 48 57 59 61 76 77
40 41 48 57 59 60 78
40 41 48 57 59 60 76 77
40 41 48 53 59 61
40 41 48 53 59 60 61
40 41 48 51 59 61
40 41 48 51 59 61 63 65
40 41 48 51 59 61 63 64
40 41 48 51 59 60 61
40 41 48 51 57 59 61
40 41 48 51 57 59 60
40 41 48 49 59 61
40 41 48 49 59 61 63 65 78
40 41 48 49 59 61 63 65 76 77
40 41 48 49 59 61 63 64 78
40 41 48 49 59 61 63 64 76 77
40 41 48 49 51 59 61 63 65
40 41 48 49 51 59 61 63 64
40 41 47 48 59 61
40 41 47 48 59 61 75
40 41 47 48 59 61 73
40 41 47 48 59 61 73 74
40 41 47 48 59 61 71 72
40 41 47 48 59 61 63 65 78
40 41 47 48 59 61 63 65 76 77
40 41 47 48 59 61 63 65 75 78
40 41 47 48 59 61 63 65 75 76 77
40 41 47 48 59 61 63 65 73 74 78
40 41 47 48 59 61 63 65 73 74 76 77
40 41 47 48 59 61 63 64 78
40 41 47 48 59 61 63 64 76 77
40 41 47 48 59 61 63 64 75 78
40 41 47 48 59 61 63 64 75 76 77
40 41 47 48 59 61 63 64 73 74 78
40 41 47 48 59 61 63 64 73 74 76 77
40 41 47 48 59 60 61 73
40 41 47 48 59 60 61 71 72
40 41 47 48 51 59 61 63 65
40 41 47 48 51 59 61 63 65 75
40 41 47 48 51 59 61 63 65 73 74
40 41 47 48 51 59 61 63 64
40 41 47 48 51 59 61 63 64 75
40 41 47 48 51 59 61 63 64 73 74
40 41 46 59 71 78
40 41 46 59 71 76 77
40 41 46 59 69 70 78
40 41 46 59 69 70 76 77
40 41 46 59 61 78
40 41 46 59 61 78 79
40 41 46 59 61 77
40 41 46 59 61 76 77
40 41 46 59 61 75
40 41 46 59 61 75 76
40 41 46 59 61 73 74
40 41 46 59 61 64
40 41 46 59 61 63 71
40 41 46 59 61 63 71 78
40 41 46 59 61 63 71 76 77
40 41 46 59 61 63 69 70
40 41 46 59 61 63 69 70 78
40 41 46 59 61 63 69 70 76 77
40 41 46 59 61 62 71
40 41 46 59 61 62 71 78
40 41 46 59 61 62 71 76 77
40 41 46 59 61 62 69 70
40 41 46 59 61 62 69 70 78
40 41 46 59 61 62 69 70 76 77
40 41 46 59 61 62 63
40 41 46 59 60 61
40 41 46 59 60 61 77
40 41 46 59 60 61 75
40 41 46 59 60 61 75 76
40 41 46 59 60 61 73 74
40 41 46 59 60 61 64
40 41 46 59 60 61 63
40 41 46 59 60 61 62
40 41 46 59 60 61 62 63
40 41 46 57 59 61 78 79
40 41 46 57 59 61 77
40 41 46 57 59 61 75 76
40 41 46 57 59 60 78 79
40 41 46 57 59 60 61 77
40 41 46 57 59 60 61 75 76
40 41 46 53 59 61
40 41 46 53 57 59 61
40 41 46 53 57 59 60
40 41 46 51 59 71
40 41 46 51 59 69 70
40 41 46 51 59 61
40 41 46 51 59 61 63 71
40 41 46 51 59 61 63 69 70
40 41 46 51 59 61 62 71
40 41 46 51 59 61 62 69 70
40 41 46 50 59 61
40 41 46 50 59 60 61
40 41 46 50 57 59 61
40 41 46 50 57 59 60 61
40 41 46 49 59 61
40 41 46 49 59 60 61
40 41 46 48 59 61
40 41 46 48 59 60 61
40 41 46 47 59 61 75
40 41 46 47 59 61 73 74
40 41 46 47 48 59 60 61
40 41 44 59 73 78
40 41 44 59 73 76 77
40 41 44 59 71 72 78
40 41 44 59 71 72 76 77
40 41 44 59 61 63 73
40 41 44 59 61 63 73 78
40 41 44 59 61 63 73 76 77
40 41 44 59 61 63 71 72
40 41 44 59 61 63 71 72 78
40 41 44 59 61 63 71 72 76 77
40 41 44 59 61 62 73
40 41 44 59 61 62 73 78
40 41 44 59 61 62 73 76 77
40 41 44 59 61 62 71 72
40 41 44 59 61 62 71 72 78
40 41 44 59 61 62 71 72 76 77
40 41 44 51 59 73
40 41 44 51 59 71 72
40 41 44 51 59 61 63 73
40 41 44 51 59 61 63 71 72
40 41 44 51 59 61 62 73
40 41 44 51 59 61 62 71 72
40 41 44 46 59 78
40 41 44 46 59 76 77
40 41 44 46 59 61 63
40 41 44 46 59 61 63 78
40 41 44 46 59 61 63 76 77
40 41 44 46 59 61 62
40 41 44 46 59 61 62 78
40 41 44 46 59 61 62 76 77
40 41 44 46 51 59
40 41 44 46 51 59 61 63
40 41 44 46 51 59 61 62
38 61
38 42 59 61 63 75 78
38 42 59 61 63 75 76 77
38 42 59 61 63 73 74 78
38 42 59 61 63 73 74 76 77
38 42 51 59 61 63 75
38 42 51 59 61 63 73 74
38 42 49 59 61 63 75 78
38 42 49 59 61 63 75 76 77
38 42 49 59 61 63 73 74 78
38 42 49 59 61 63 73 74 76 77
38 42 49 51 59 61 63 75
38 42 49 51 59 61 63 73 74
38 42 48 59 61 63 78
38 42 48 59 61 63 76 77
38 42 48 51 59 61 63
38 42 48 49 59 61 63 78
38 42 48 49 59 61 63 76 77
38 42 48 49 51 59 61 63
38 42 47 48 59 61 63 78
38 42 47 48 59 61 63 76 77
38 42 47 48 59 61 63 75 78
38 42 47 48 59 61 63 75 76 77
38 42 47 48 59 61 63 73 74 78
38 42 47 48 59 61 63 73 74 76 77
38 42 47 48 51 59 61 63
38 42 47 48 51 59 61 63 75
38 42 47 48 51 59 61 63 73 74
38 40 41 59 61 63 75 78
38 40 41 59 61 63 75 76 77
38 40 41 59 61 63 73 74 78
38 40 41 59 61 63 73 74 76 77
38 40 41 51 59 61 63 75
38 40 41 51 59 61 63 73 74
38 40 41 49 59 61 63 75 78
38 40 41 49 59 61 63 75 76 77
38 40 41 49 59 61 63 73 74 78
38 40 41 49 59 61 63 73 74 76 77
38 40 41 49 51 59 61 63 75
38 40 41 49 51 59 61 63 73 74
38 40 41 48 59 61 63 78
38 40 41 48 59 61 63 76 77
38 40 41 48 51 59 61 63
38 40 41 48 49 59 61 63 78
38 40 41 48 49 59 61 63 76 77
38 40 41 48 49 51 59 61 63
38 40 41 47 48 59 61 63 78
38 40 41 47 48 59 61 63 76 77
38 40 41 47 48 59 61 63 75 78
38 40 41 47 48 59 61 63 75 76 77
38 40 41 47 48 59 61 63 73 74 78
38 40 41 47 48 59 61 63 73 74 76 77
38 40 41 47 48 51 59 61 63
38 40 41 47 48 51 59 61 63 75
38 40 41 47 48 51 59 61 63 73 74
37 42 59 61 73
37 42 59 61 71 72
37 42 59 60 61 73
37 42 59 60 61 71 72
37 42 46 59 61
37 42 46 59 60 61
37 40 41 59 61 73
37 40 41 59 61 71 72
37 40 41 59 60 61 73
37 40 41 59 60 61 71 72
37 40 41 46 59 61
37 40 41 46 59 60 61
36 78 79
36 61
36 61 78 79
36 59
36 59 78 79
36 59 75 78
36 59 75 78 79
36 59 75 76 77
36 59 73 74 78
36 59 73 74 78 79
36 59 73 74 76 77
36 59 71
36 59 71 78 79
36 59 69 70
36 59 69 70 78 79
36 59 61 78 79
36 53
36 53 61
36 53 59
36 53 59 75
36 53 59 73 74
36 53 59 71
36 53 59 69 70
36 53 59 61
36 51 59 75
36 51 59 73 74
36 48 59 78
36 48 59 78 79
36 48 59 76 77
36 48 53 59
36 48 51 59
36 44 59
36 44 59 78 79
36 44 59 61 73
36 44 59 61 71 73
36 44 59 61 69 70 73
36 44 59 61 69 70 71 72
36 44 53 59
36 44 46 59 61
36 44 46 59 61 71
36 44 46 59 61 69 70
36 42 59 61 75
36 42 59 61 73 74
36 42 59 61 71 73
36 42 59 61 71 73 78
36 42 59 61 71 73 76 77
36 42 59 61 71 72
36 42 59 61 71 72 78
36 42 59 61 71 72 76 77
36 42 59 61 69 70 73
36 42 59 61 69 70 73 78
36 42 59 61 69 70 73 76 77
36 42 59 61 69 70 71 72
36 42 59 61 69 70 71 72 78
36 42 59 61 69 70 71 72 76 77
36 42 59 60 61 73
36 42 59 60 61 71 72
36 42 51 59 61 71 73
36 42 51 59 61 71 72
36 42 51 59 61 69 70 73
36 42 51 59 61 69 70 71 72
36 42 48 59 61
36 42 46 59 61 71
36 42 46 59 61 71 78
36 42 46 59 61 71 76 77
36 42 46 59 61 69 70
36 42 46 59 61 69 70 78
36 42 46 59 61 69 70 76 77
36 42 46 59 60 61
36 42 46 51 59 61 71
36 42 46 51 59 61 69 70
36 42 44 59 61 73
36 42 44 59 61 73 78
36 42 44 59 61 73 76 77
36 42 44 59 61 71 72
36 42 44 59 61 71 72 78
36 42 44 59 61 71 72 76 77
36 42 44 51 59 61 73
36 42 44 51 59 61 71 72
36 42 44 46 59 61
36 42 44 46 59 61 78
36 42 44 46 59 61 76 77
36 42 44 46 51 59 61
36 42 43 59 61 71 73
36 42 43 59 61 71 72
36 42 43 59 61 69 70 73
36 42 43 59 61 69 70 71 72
36 42 43 46 59 61 71
36 42 43 46 59 61 69 70
36 42 43 44 59 61 73
36 42 43 44 59 61 71 72
36 42 43 44 46 59 61
36 40 41 59 61 75
36 40 41 59 61 73 74
36 40 41 59 61 71 73
36 40 41 59 61 71 73 78
36 40 41 59 61 71 73 76 77
36 40 41 59 61 71 72
36 40 41 59 61 71 72 78
36 40 41 59 61 71 72 76 77
36 40 41 59 61 69 70 73
36 40 41 59 61 69 70 73 78
36 40 41 59 61 69 70 73 76 77
36 40 41 59 61 69 70 71 72
36 40 41 59 61 69 70 71 72 78
36 40 41 59 61 69 70 71 72 76 77
36 40 41 59 60 61 73
36 40 41 59 60 61 71 72
36 40 41 51 59 61 71 73
36 40 41 51 59 61 71 72
36 40 41 51 59 61 69 70 73
36 40 41 51 59 61 69 70 71 72
36 40 41 48 59 61
36 40 41 46 59 61 71
36 40 41 46 59 61 71 78
36 40 41 46 59 61 71 76 77
36 40 41 46 59 61 69 70
36 40 41 46 59 61 69 70 78
36 40 41 46 59 61 69 70 76 77
36 40 41 46 59 60 61
36 40 41 46 51 59 61 71
36 40 41 46 51 59 61 69 70
36 40 41 44 59 61 73
36 40 41 44 59 61 73 78
36 40 41 44 59 61 73 76 77
36 40 41 44 59 61 71 72
36 40 41 44 59 61 71 72 78
36 40 41 44 59 61 71 72 76 77
36 40 41 44 51 59 61 73
36 40 41 44 51 59 61 71 72
36 40 41 44 46 59 61
36 40 41 44 46 59 61 78
36 40 41 44 46 59 61 76 77
36 40 41 44 46 51 59 61
34 73
34 73 78 79
34 73 75
34 73 74
34 71 72
34 71 72 78 79
34 71 72 75
34 71 72 73 74
34 68 69
34 67 68
34 61 73
34 61 73 78 79
34 61 71 72
34 61 71 72 78 79
34 59
34 59 78
34 59 76 77
34 59 75
34 59 75 78
34 59 75 76 77
34 59 74 75
34 59 73 74 78
34 59 73 74 76 77
34 59 72 75
34 59 72 73 75
34 59 70 71 75
34 59 70 71 73 74
34 59 61 78
34 59 61 76 77
34 59 61 75
34 59 61 73 74
34 58 59 75
34 58 59 73 74
34 57 61 73 78 79
34 57 61 71 72 78 79
34 57 59 73 78 79
34 57 59 71 72 78 79
34 55
34 55 68
34 55 61 71
34 55 61 71 78 79
34 55 61 69 70
34 55 61 69 70 78 79
34 53 73
34 53 71 72
34 53 61 73
34 53 61 71 72
34 53 57 61 73
34 53 57 61 71 72
34 53 57 59 73
34 53 57 59 71 72
34 53 55 61 71
34 53 55 61 69 70
34 53 54 61 71 78 79
34 53 54 61 69 70 78 79
34 51 59
34 51 59 61
34 48 73
34 48 71 72
34 48 59
34 48 59 78
34 48 59 76 77
34 48 59 74
34 48 59 72
34 48 59 72 73
34 48 59 70 71
34 48 59 61
34 48 58 59
34 47 59 75
34 47 59 73 74
34 47 48 59
34 46
34 46 78 79
34 46 75
34 46 73 74
34 46 61
34 46 61 78 79
34 46 57 61 78 79
34 46 57 59 78 79
34 46 53
34 46 53 61
34 46 53 57 61
34 46 53 57 59
34 46 48
34 45 59 75
34 45 59 73 74
34 45 48 59
34 44 59 61 75 78
34 44 59 61 75 76 77
34 44 59 61 73 74 78
34 44 59 61 73 74 76 77
34 44 55 61
34 44 55 61 78 79
34 44 53 55 61
34 44 53 54 61 78 79
34 44 51 59 61 75
34 44 51 59 61 73 74
34 44 48 59 61 78
34 44 48 59 61 76 77
34 44 48 51 59 61
34 42 68
34 42 59 75
34 42 59 73 74
34 42 59 61 75
34 42 59 61 75 78
34 42 59 61 75 78 79
34 42 59 61 75 76 77
34 42 59 61 73
34 42 59 61 73 77
34 42 59 61 73 75
34 42 59 61 73 75 76
34 42 59 61 73 74 78
34 42 59 61 73 74 78 79
34 42 59 61 73 74 76 77
34 42 59 61 71 72
34 42 59 61 71 72 77
34 42 59 61 71 72 75
34 42 59 61 71 72 75 76
34 42 59 61 71 72 73 74
34 42 59 61 64 73
34 42 59 61 64 71 72
34 42 59 61 63 73
34 42 59 61 63 71 72
34 42 59 61 62 73
34 42 59 61 62 71 72
34 42 59 61 62 63 73
34 42 59 61 62 63 71 72
34 42 57 59 75 78
34 42 57 59 75 76 77
34 42 57 59 73 78 79
34 42 57 59 73 74 78
34 42 57 59 73 74 76 77
34 42 57 59 71 72 78 79
34 42 57 59 61 73 77
34 42 57 59 61 73 75 76
34 42 57 59 61 71 72 77
34 42 57 59 61 71 72 75 76
34 42 53 59 61 75
34 42 53 59 61 73 74
34 42 53 57 59 73
34 42 53 57 59 71 72
34 42 51 59 61 75
34 42 51 59 61 73 74
34 42 51 57 59 75
34 42 51 57 59 73 74
34 42 50 59 61 73
34 42 50 59 61 71 72
34 42 50 57 59 61 73
34 42 50 57 59 61 71 72
34 42 49 59 61 73
34 42 49 59 61 71 72
34 42 48 59
34 42 48 59 61
34 42 48 59 61 78
34 42 48 59 61 78 79
34 42 48 59 61 76 77
34 42 48 59 61 73
34 42 48 59 61 71 72
34 42 48 57 59 78
34 42 48 57 59 76 77
34 42 48 53 59 61
34 42 48 51 59 61
34 42 48 51 57 59
34 42 47 48 59 61 73
34 42 47 48 59 61 71 72
34 42 46 59 61
34 42 46 59 61 77
34 42 46 59 61 75
34 42 46 59 61 75 76
34 42 46 59 61 73 74
34 42 46 59 61 64
34 42 46 59 61 63
34 42 46 59 61 62
34 42 46 59 61 62 63
34 42 46 57 59 78 79
34 42 46 57 59 61 77
34 42 46 57 59 61 75 76
34 42 46 53 57 59
34 42 46 50 59 61
34 42 46 50 57 59 61
34 42 46 49 59 61
34 42 46 48 59 61
34 42 46 47 48 59 61
34 42 43 59 61 75 78
34 42 43 59 61 75 76 77
34 42 43 59 61 73 74 78
34 42 43 59 61 73 74 76 77
34 42 43 51 59 61 75
34 42 43 51 59 61 73 74
34 42 43 48 59 61 78
34 42 43 48 59 61 76 77
34 42 43 48 51 59 61
34 40 41 59 75
34 40 41 59 73 74
34 40 41 59 61 75
34 40 41 59 61 75 78
34 40 41 59 61 75 78 79
34 40 41 59 61 75 76 77
34 40 41 59 61 73
34 40 41 59 61 73 77
34 40 41 59 61 73 75
34 40 41 59 61 73 75 76
34 40 41 59 61 73 74 78
34 40 41 59 61 73 74 78 79
34 40 41 59 61 73 74 76 77
34 40 41 59 61 71 72
34 40 41 59 61 71 72 77
34 40 41 59 61 71 72 75
34 40 41 59 61 71 72 75 76
34 40 41 59 61 71 72 73 74
34 40 41 59 61 64 73
34 40 41 59 61 64 71 72
34 40 41 59 61 63 73
34 40 41 59 61 63 71 72
34 40 41 59 61 62 73
34 40 41 59 61 62 71 72
34 40 41 59 61 62 63 73
34 40 41 59 61 62 63 71 72
34 40 41 57 59 75 78
34 40 41 57 59 75 76 77
34 40 41 57 59 73 78 79
34 40 41 57 59 73 74 78
34 40 41 57 59 73 74 76 77
34 40 41 57 59 71 72 78 79
34 40 41 57 59 61 73 77
34 40 41 57 59 61 73 75 76
34 40 41 57 59 61 71 72 77
34 40 41 57 59 61 71 72 75 76
34 40 41 53 59 61 75
34 40 41 53 59 61 73 74
34 40 41 53 57 59 73
34 40 41 53 57 59 71 72
34 40 41 51 59 61 75
34 40 41 51 59 61 73 74
34 40 41 51 57 59 75
34 40 41 51 57 59 73 74
34 40 41 50 59 61 73
34 40 41 50 59 61 71 72
34 40 41 50 57 59 61 73
34 40 41 50 57 59 61 71 72
34 40 41 49 59 61 73
34 40 41 49 59 61 71 72
34 40 41 48 59
34 40 41 48 59 61
34 40 41 48 59 61 78
34 40 41 48 59 61 78 79
34 40 41 48 59 61 76 77
34 40 41 48 59 61 73
34 40 41 48 59 61 71 72
34 40 41 48 57 59 78
34 40 41 48 57 59 76 77
34 40 41 48 53 59 61
34 40 41 48 51 59 61
34 40 41 48 51 57 59
34 40 41 47 48 59 61 73
34 40 41 47 48 59 61 71 72
34 40 41 46 59 61
34 40 41 46 59 61 77
34 40 41 46 59 61 75
34 40 41 46 59 61 75 76
34 40 41 46 59 61 73 74
34 40 41 46 59 61 64
34 40 41 46 59 61 63
34 40 41 46 59 61 62
34 40 41 46 59 61 62 63
34 40 41 46 57 59 78 79
34 40 41 46 57 59 61 77
34 40 41 46 57 59 61 75 76
34 40 41 46 53 57 59
34 40 41 46 50 59 61
34 40 41 46 50 57 59 61
34 40 41 46 49 59 61
34 40 41 46 48 59 61
34 40 41 46 47 48 59 61
34 37 42 59 61 73
34 37 42 59 61 71 72
34 37 42 46 59 61
34 37 40 41 59 61 73
34 37 40 41 59 61 71 72
34 37 40 41 46 59 61
34 36 42 59 61 73
34 36 42 59 61 71 72
34 36 42 46 59 61
34 36 40 41 59 61 73
34 36 40 41 59 61 71 72
34 36 40 41 46 59 61
32
31 59 61 78
31 59 61 76 77
31 59 60 78
31 59 60 76 77
31 51 59 61
31 51 59 60
31 42 59 61 78 79
31 42 53 59 61
31 40 41 59 61 78 79
31 40 41 53 59 61
31 34 59 78
31 34 59 76 77
31 34 51 59
30 59 69
30 59 67 68
30 42 59
30 42 59 61 78 79
30 42 59 61 75
30 42 59 61 73 74
30 42 59 60 61 75
30 42 59 60 61 73 74
30 42 53 59 61
30 42 48 59 61
30 42 48 59 60 61
30 40 41 59 61 78 79
30 40 41 59 61 75
30 40 41 59 61 73 74
30 40 41 59 60 61 75
30 40 41 59 60 61 73 74
30 40 41 53 59 61
30 40 41 48 59 61
30 40 41 48 59 60 61
30 34 42 59 61 75
30 34 42 59 61 73 74
30 34 42 48 59 61
30 34 40 41 59 61 75
30 34 40 41 59 61 73 74
30 34 40 41 48 59 61
29 42 59 61 75
29 42 59 61 73 74
29 42 59 60 61 75
29 42 59 60 61 73 74
29 42 48 59 61
29 42 48 59 60 61
29 40 41 59 61 75
29 40 41 59 61 73 74
29 40 41 59 60 61 75
29 40 41 59 60 61 73 74
29 40 41 48 59 61
29 40 41 48 59 60 61
29 34 42 59 61 75
29 34 42 59 61 73 74
29 34 42 48 59 61
29 34 40 41 59 61 75
29 34 40 41 59 61 73 74
29 34 40 41 48 59 61
29 30 59 61 78
29 30 59 61 76 77
29 30 59 60 78
29 30 59 60 76 77
29 30 51 59 61
29 30 51 59 60
29 30 42 59 61 78 79
29 30 42 53 59 61
29 30 40 41 59 61 78 79
29 30 40 41 53 59 61
29 30 34 59 78
29 30 34 59 76 77
29 30 34 51 59
28 61 71
28 61 69 70
28 44 61
28 42 59 61
28 42 59 61 75
28 42 59 61 73 74
28 42 59 60 61 75
28 42 59 60 61 73 74
28 42 48 59 61
28 42 48 59 60 61
28 40 41 59 61
28 40 41 59 61 75
28 40 41 59 61 73 74
28 40 41 59 60 61 75
28 40 41 59 60 61 73 74
28 40 41 48 59 61
28 40 41 48 59 60 61
28 34 61 71
28 34 61 71 78 79
28 34 61 69 70
28 34 61 69 70 78 79
28 34 53 61 71
28 34 53 61 69 70
28 34 44 61
28 34 44 61 78 79
28 34 44 53 61
28 34 42 59 61 75
28 34 42 59 61 73 74
28 34 42 48 59 61
28 34 40 41 59 61 75
28 34 40 41 59 61 73 74
28 34 40 41 48 59 61
28 29 42 59 61 78 79
28 29 42 53 59 61
28 29 40 41 59 61 78 79
28 29 40 41 53 59 61
27 59 61 75
27 59 61 73 74
27 59 60 75
27 59 60 73 74
27 48 59 61
27 48 59 60
27 34 59 75
27 34 59 73 74
27 34 48 59
26
26 27 42 59 61
26 27 42 59 61 75
26 27 42 59 61 73 74
26 27 42 59 60 61 75
26 27 42 59 60 61 73 74
26 27 42 48 59 61
26 27 42 48 59 60 61
26 27 40 41 59 61
26 27 40 41 59 61 75
26 27 40 41 59 61 73 74
26 27 40 41 59 60 61 75
26 27 40 41 59 60 61 73 74
26 27 40 41 48 59 61
26 27 40 41 48 59 60 61
26 27 34 42 59 61 75
26 27 34 42 59 61 73 74
26 27 34 42 48 59 61
26 27 34 40 41 59 61 75
26 27 34 40 41 59 61 73 74
26 27 34 40 41 48 59 61
26 27 29 42 59 61 75
26 27 29 42 59 61 73 74
26 27 29 42 59 60 61 75
26 27 29 42 59 60 61 73 74
26 27 29 42 48 59 61
26 27 29 42 48 59 60 61
26 27 29 40 41 59 61 75
26 27 29 40 41 59 61 73 74
26 27 29 40 41 59 60 61 75
26 27 29 40 41 59 60 61 73 74
26 27 29 40 41 48 59 61
26 27 29 40 41 48 59 60 61
26 27 29 34 42 59 61 75
26 27 29 34 42 59 61 73 74
26 27 29 34 42 48 59 61
26 27 29 34 40 41 59 61 75
26 27 29 34 40 41 59 61 73 74
26 27 29 34 40 41 48 59 61
26 27 28 42 59 61 75
26 27 28 42 59 61 73 74
26 27 28 42 59 60 61 75
26 27 28 42 59 60 61 73 74
26 27 28 42 48 59 61
26 27 28 42 48 59 60 61
26 27 28 40 41 59 61 75
26 27 28 40 41 59 61 73 74
26 27 28 40 41 59 60 61 75
26 27 28 40 41 59 60 61 73 74
26 27 28 40 41 48 59 61
26 27 28 40 41 48 59 60 61
26 27 28 34 42 59 61 75
26 27 28 34 42 59 61 73 74
26 27 28 34 42 48 59 61
26 27 28 34 40 41 59 61 75
26 27 28 34 40 41 59 61 73 74
26 27 28 34 40 41 48 59 61
24 25
22
22 61
22 42 59 61 75
22 42 59 61 73
22 42 59 61 73 74
22 42 59 61 71 72
22 42 59 61 63 65 75 78
22 42 59 61 63 65 75 76 77
22 42 59 61 63 65 73 74 78
22 42 59 61 63 65 73 74 76 77
22 42 59 61 63 64 75 78
22 42 59 61 63 64 75 76 77
22 42 59 61 63 64 73 74 78
22 42 59 61 63 64 73 74 76 77
22 42 59 60 61 73
22 42 59 60 61 71 72
22 42 51 59 61 63 65 75
22 42 51 59 61 63 65 73 74
22 42 51 59 61 63 64 75
22 42 51 59 61 63 64 73 74
22 42 48 59 61
22 42 48 59 61 63 65 78
22 42 48 59 61 63 65 76 77
22 42 48 59 61 63 64 78
22 42 48 59 61 63 64 76 77
22 42 48 51 59 61 63 65
22 42 48 51 59 61 63 64
22 42 46 59 61
22 42 46 59 60 61
22 40 41 59 61 75
22 40 41 59 61 73
22 40 41 59 61 73 74
22 40 41 59 61 71 72
22 40 41 59 61 63 65 75 78
22 40 41 59 61 63 65 75 76 77
22 40 41 59 61 63 65 73 74 78
22 40 41 59 61 63 65 73 74 76 77
22 40 41 59 61 63 64 75 78
22 40 41 59 61 63 64 75 76 77
22 40 41 59 61 63 64 73 74 78
22 40 41 59 61 63 64 73 74 76 77
22 40 41 59 60 61 73
22 40 41 59 60 61 71 72
22 40 41 51 59 61 63 65 75
22 40 41 51 59 61 63 65 73 74
22 40 41 51 59 61 63 64 75
22 40 41 51 59 61 63 64 73 74
22 40 41 48 59 61
22 40 41 48 59 61 63 65 78
22 40 41 48 59 61 63 65 76 77
22 40 41 48 59 61 63 64 78
22 40 41 48 59 61 63 64 76 77
22 40 41 48 51 59 61 63 65
22 40 41 48 51 59 61 63 64
22 40 41 46 59 61
22 40 41 46 59 60 61
22 38 42 59 61 63 75 78
22 38 42 59 61 63 75 76 77
22 38 42 59 61 63 73 74 78
22 38 42 59 61 63 73 74 76 77
22 38 42 51 59 61 63 75
22 38 42 51 59 61 63 73 74
22 38 42 48 59 61 63 78
22 38 42 48 59 61 63 76 77
22 38 42 48 51 59 61 63
22 38 40 41 59 61 63 75 78
22 38 40 41 59 61 63 75 76 77
22 38 40 41 59 61 63 73 74 78
22 38 40 41 59 61 63 73 74 76 77
22 38 40 41 51 59 61 63 75
22 38 40 41 51 59 61 63 73 74
22 38 40 41 48 59 61 63 78
22 38 40 41 48 59 61 63 76 77
22 38 40 41 48 51 59 61 63
22 34 42 59 61 73
22 34 42 59 61 71 72
22 34 42 46 59 61
22 34 40 41 59 61 73
22 34 40 41 59 61 71 72
22 34 40 41 46 59 61
21 59
21 42 59 61 75
21 42 59 61 73 74
21 42 48 59 61
21 40 41 59 61 75
21 40 41 59 61 73 74
21 40 41 48 59 61
20
20 61
18 59 61 73 78
18 59 61 73 76 77
18 59 61 71 72 78
18 59 61 71 72 76 77
18 51 59 61 73
18 51 59 61 71 72
18 46 59 61 78
18 46 59 61 76 77
18 46 51 59 61
17 59 61 75 78
17 59 61 75 76 77
17 59 61 73
17 59 61 73 74 78
17 59 61 73 74 76 77
17 59 61 71 72
17 59 61 63 71 73
17 59 61 63 71 72
17 59 61 63 69 70 73
17 59 61 63 69 70 71 72
17 59 61 62 71 73
17 59 61 62 71 72
17 59 61 62 69 70 73
17 59 61 62 69 70 71 72
17 59 60 61 75 78
17 59 60 61 75 76 77
17 59 60 61 73 74 78
17 59 60 61 73 74 76 77
17 51 59 61 75
17 51 59 61 73 74
17 51 59 60 61 75
17 51 59 60 61 73 74
17 48 59 61 78
17 48 59 61 76 77
17 48 59 60 61 78
17 48 59 60 61 76 77
17 48 51 59 61
17 48 51 59 60 61
17 46 59 61
17 46 59 61 63 71
17 46 59 61 63 69 70
17 46 59 61 62 71
17 46 59 61 62 69 70
17 44 59 61 63 73
17 44 59 61 63 71 72
17 44 59 61 62 73
17 44 59 61 62 71 72
17 44 46 59 61 63
17 44 46 59 61 62
17 36 59 61 71 73
17 36 59 61 71 72
17 36 59 61 69 70 73
17 36 59 61 69 70 71 72
17 36 46 59 61 71
17 36 46 59 61 69 70
17 36 44 59 61 73
17 36 44 59 61 71 72
17 36 44 46 59 61
17 34 59 61 75 78
17 34 59 61 75 76 77
17 34 59 61 73 74 78
17 34 59 61 73 74 76 77
17 34 51 59 61 75
17 34 51 59 61 73 74
17 34 48 59 61 78
17 34 48 59 61 76 77
17 34 48 51 59 61
16 17 59 61 73 78
16 17 59 61 73 76 77
16 17 59 61 71 72 78
16 17 59 61 71 72 76 77
16 17 51 59 61 73
16 17 51 59 61 71 72
16 17 46 59 61 78
16 17 46 59 61 76 77
16 17 46 51 59 61
15 59 71 73 78
15 59 71 73 76 77
15 59 71 72 78
15 59 71 72 76 77
15 59 69 70 73 78
15 59 69 70 73 76 77
15 59 69 70 71 72 78
15 59 69 70 71 72 76 77
15 59 61
15 59 61 78 79
15 59 61 77
15 59 61 75
15 59 61 75 78
15 59 61 75 78 79
15 59 61 75 76
15 59 61 75 76 77
15 59 61 73 78
15 59 61 73 78 79
15 59 61 73 77
15 59 61 73 76 77
15 59 61 73 75
15 59 61 73 75 76
15 59 61 73 74 78
15 59 61 73 74 78 79
15 59 61 73 74 76 77
15 59 61 71 72 78
15 59 61 71 72 78 79
15 59 61 71 72 77
15 59 61 71 72 76 77
15 59 61 71 72 75
15 59 61 71 72 75 76
15 59 61 71 72 73 74
15 59 61 64 73
15 59 61 64 71 72
15 59 61 63
15 59 61 63 75
15 59 61 63 73 74
15 59 61 63 71 73
15 59 61 63 71 73 78
15 59 61 63 71 73 76 77
15 59 61 63 71 72
15 59 61 63 71 72 78
15 59 61 63 71 72 76 77
15 59 61 63 69 70 73
15 59 61 63 69 70 73 78
15 59 61 63 69 70 73 76 77
15 59 61 63 69 70 71 72
15 59 61 63 69 70 71 72 78
15 59 61 63 69 70 71 72 76 77
15 59 61 63 65 75 78
15 59 61 63 65 75 76 77
15 59 61 63 65 73 74 78
15 59 61 63 65 73 74 76 77
15 59 61 63 64 75 78
15 59 61 63 64 75 76 77
15 59 61 63 64 73 74 78
15 59 61 63 64 73 74 76 77
15 59 61 62 75
15 59 61 62 73 74
15 59 61 62 71 73
15 59 61 62 71 73 78
15 59 61 62 71 73 76 77
15 59 61 62 71 72
15 59 61 62 71 72 78
15 59 61 62 71 72 76 77
15 59 61 62 69 70 73
15 59 61 62 69 70 73 78
15 59 61 62 69 70 73 76 77
15 59 61 62 69 70 71 72
15 59 61 62 69 70 71 72 78
15 59 61 62 69 70 71 72 76 77
15 59 61 62 63 73
15 59 61 62 63 71 72
15 59 60 75
15 59 60 73 74
15 59 60 61 75
15 59 60 61 75 78
15 59 60 61 75 78 79
15 59 60 61 75 76 77
15 59 60 61 73
15 59 60 61 73 77
15 59 60 61 73 75
15 59 60 61 73 75 76
15 59 60 61 73 74 78
15 59 60 61 73 74 78 79
15 59 60 61 73 74 76 77
15 59 60 61 71 72
15 59 60 61 71 72 77
15 59 60 61 71 72 75
15 59 60 61 71 72 75 76
15 59 60 61 71 72 73 74
15 59 60 61 64 73
15 59 60 61 64 71 72
15 59 60 61 63 73
15 59 60 61 63 71 72
15 59 60 61 62 73
15 59 60 61 62 71 72
15 59 60 61 62 63 73
15 59 60 61 62 63 71 72
15 57 59 61 78 79
15 57 59 61 75 78
15 57 59 61 75 76 77
15 57 59 61 73 78 79
15 57 59 61 73 77
15 57 59 61 73 75 76
15 57 59 61 73 74 78
15 57 59 61 73 74 76 77
15 57 59 61 71 72 78 79
15 57 59 61 71 72 77
15 57 59 61 71 72 75 76
15 57 59 60 75 78
15 57 59 60 75 76 77
15 57 59 60 73 78 79
15 57 59 60 73 74 78
15 57 59 60 73 74 76 77
15 57 59 60 71 72 78 79
15 57 59 60 61 73 77
15 57 59 60 61 73 75 76
15 57 59 60 61 71 72 77
15 57 59 60 61 71 72 75 76
15 53 59 61
15 53 59 61 75
15 53 59 61 73
15 53 59 61 73 74
15 53 59 61 71 72
15 53 59 60 61 75
15 53 59 60 61 73 74
15 53 57 59 61
15 53 57 59 61 73
15 53 57 59 61 71 72
15 53 57 59 60 73
15 53 57 59 60 71 72
15 51 59 71 73
15 51 59 71 72
15 51 59 69 70 73
15 51 59 69 70 71 72
15 51 59 61 75
15 51 59 61 73
15 51 59 61 73 74
15 51 59 61 71 72
15 51 59 61 63 71 73
15 51 59 61 63 71 72
15 51 59 61 63 69 70 73
15 51 59 61 63 69 70 71 72
15 51 59 61 63 65 75
15 51 59 61 63 65 73 74
15 51 59 61 63 64 75
15 51 59 61 63 64 73 74
15 51 59 61 62 71 73
15 51 59 61 62 71 72
15 51 59 61 62 69 70 73
15 51 59 61 62 69 70 71 72
15 51 59 60 61 75
15 51 59 60 61 73 74
15 51 57 59 61 75
15 51 57 59 61 73 74
15 51 57 59 60 75
15 51 57 59 60 73 74
15 50 59 61
15 50 59 61 73
15 50 59 61 71 72
15 50 59 60 61 73
15 50 59 60 61 71 72
15 50 57 59 61 73
15 50 57 59 61 71 72
15 50 57 59 60 61 73
15 50 57 59 60 61 71 72
15 49 59 61 75
15 49 59 61 73
15 49 59 61 73 74
15 49 59 61 71 72
15 49 59 61 63 65 75 78
15 49 59 61 63 65 75 76 77
15 49 59 61 63 65 73 74 78
15 49 59 61 63 65 73 74 76 77
15 49 59 61 63 64 75 78
15 49 59 61 63 64 75 76 77
15 49 59 61 63 64 73 74 78
15 49 59 61 63 64 73 74 76 77
15 49 59 60 61 73
15 49 59 60 61 71 72
15 49 51 59 61 63 65 75
15 49 51 59 61 63 65 73 74
15 49 51 59 61 63 64 75
15 49 51 59 61 63 64 73 74
15 48 59 61 78
15 48 59 61 78 79
15 48 59 61 76 77
15 48 59 61 75
15 48 59 61 73
15 48 59 61 73 74
15 48 59 61 71 72
15 48 59 61 63
15 48 59 61 63 65 78
15 48 59 61 63 65 76 77
15 48 59 61 63 64 78
15 48 59 61 63 64 76 77
15 48 59 61 62
15 48 59 60
15 48 59 60 61
15 48 59 60 61 78
15 48 59 60 61 78 79
15 48 59 60 61 76 77
15 48 59 60 61 73
15 48 59 60 61 71 72
15 48 57 59 61 78
15 48 57 59 61 76 77
15 48 57 59 60 78
15 48 57 59 60 76 77
15 48 53 59 61
15 48 53 59 60 61
15 48 51 59 61
15 48 51 59 61 63 65
15 48 51 59 61 63 64
15 48 51 59 60 61
15 48 51 57 59 61
15 48 51 57 59 60
15 48 49 59 61
15 48 49 59 61 63 65 78
15 48 49 59 61 63 65 76 77
15 48 49 59 61 63 64 78
15 48 49 59 61 63 64 76 77
15 48 49 51 59 61 63 65
15 48 49 51 59 61 63 64
15 47 48 59 61
15 47 48 59 61 75
15 47 48 59 61 73
15 47 48 59 61 73 74
15 47 48 59 61 71 72
15 47 48 59 61 63 65 78
15 47 48 59 61 63 65 76 77
15 47 48 59 61 63 65 75 78
15 47 48 59 61 63 65 75 76 77
15 47 48 59 61 63 65 73 74 78
15 47 48 59 61 63 65 73 74 76 77
15 47 48 59 61 63 64 78
15 47 48 59 61 63 64 76 77
15 47 48 59 61 63 64 75 78
15 47 48 59 61 63 64 75 76 77
15 47 48 59 61 63 64 73 74 78
15 47 48 59 61 63 64 73 74 76 77
15 47 48 59 60 61 73
15 47 48 59 60 61 71 72
15 47 48 51 59 61 63 65
15 47 48 51 59 61 63 65 75
15 47 48 51 59 61 63 65 73 74
15 47 48 51 59 61 63 64
15 47 48 51 59 61 63 64 75
15 47 48 51 59 61 63 64 73 74
15 46 59 71 78
15 46 59 71 76 77
15 46 59 69 70 78
15 46 59 69 70 76 77
15 46 59 61 78
15 46 59 61 78 79
15 46 59 61 77
15 46 59 61 76 77
15 46 59 61 75
15 46 59 61 75 76
15 46 59 61 73 74
15 46 59 61 64
15 46 59 61 63 71
15 46 59 61 63 71 78
15 46 59 61 63 71 76 77
15 46 59 61 63 69 70
15 46 59 61 63 69 70 78
15 46 59 61 63 69 70 76 77
15 46 59 61 62 71
15 46 59 61 62 71 78
15 46 59 61 62 71 76 77
15 46 59 61 62 69 70
15 46 59 61 62 69 70 78
15 46 59 61 62 69 70 76 77
15 46 59 61 62 63
15 46 59 60 61
15 46 59 60 61 77
15 46 59 60 61 75
15 46 59 60 61 75 76
15 46 59 60 61 73 74
15 46 59 60 61 64
15 46 59 60 61 63
15 46 59 60 61 62
15 46 59 60 61 62 63
15 46 57 59 61 78 79
15 46 57 59 61 77
15 46 57 59 61 75 76
15 46 57 59 60 78 79
15 46 57 59 60 61 77
15 46 57 59 60 61 75 76
15 46 53 59 61
15 46 53 57 59 61
15 46 53 57 59 60
15 46 51 59 71
15 46 51 59 69 70
15 46 51 59 61
15 46 51 59 61 63 71
15 46 51 59 61 63 69 70
15 46 51 59 61 62 71
15 46 51 59 61 62 69 70
15 46 50 59 61
15 46 50 59 60 61
15 46 50 57 59 61
15 46 50 57 59 60 61
15 46 49 59 61
15 46 49 59 60 61
15 46 48 59 61
15 46 48 59 60 61
15 46 47 59 61 75
15 46 47 59 61 73 74
15 46 47 48 59 60 61
15 44 59 73 78
15 44 59 73 76 77
15 44 59 71 72 78
15 44 59 71 72 76 77
15 44 59 61 63 73
15 44 59 61 63 73 78
15 44 59 61 63 73 76 77
15 44 59 61 63 71 72
15 44 59 61 63 71 72 78
15 44 59 61 63 71 72 76 77
15 44 59 61 62 73
15 44 59 61 62 73 78
15 44 59 61 62 73 76 77
15 44 59 61 62 71 72
15 44 59 61 62 71 72 78
15 44 59 61 62 71 72 76 77
15 44 51 59 73
15 44 51 59 71 72
15 44 51 59 61 63 73
15 44 51 59 61 63 71 72
15 44 51 59 61 62 73
15 44 51 59 61 62 71 72
15 44 46 59 78
15 44 46 59 76 77
15 44 46 59 61 63
15 44 46 59 61 63 78
15 44 46 59 61 63 76 77
15 44 46 59 61 62
15 44 46 59 61 62 78
15 44 46 59 61 62 76 77
15 44 46 51 59
15 44 46 51 59 61 63
15 44 46 51 59 61 62
15 38 59 61 63 75 78
15 38 59 61 63 75 76 77
15 38 59 61 63 73 74 78
15 38 59 61 63 73 74 76 77
15 38 51 59 61 63 75
15 38 51 59 61 63 73 74
15 38 49 59 61 63 75 78
15 38 49 59 61 63 75 76 77
15 38 49 59 61 63 73 74 78
15 38 49 59 61 63 73 74 76 77
15 38 49 51 59 61 63 75
15 38 49 51 59 61 63 73 74
15 38 48 59 61 63 78
15 38 48 59 61 63 76 77
15 38 48 51 59 61 63
15 38 48 49 59 61 63 78
15 38 48 49 59 61 63 76 77
15 38 48 49 51 59 61 63
15 38 47 48 59 61 63 78
15 38 47 48 59 61 63 76 77
15 38 47 48 59 61 63 75 78
15 38 47 48 59 61 63 75 76 77
15 38 47 48 59 61 63 73 74 78
15 38 47 48 59 61 63 73 74 76 77
15 38 47 48 51 59 61 63
15 38 47 48 51 59 61 63 75
15 38 47 48 51 59 61 63 73 74
15 37 59 61 73
15 37 59 61 71 72
15 37 59 60 61 73
15 37 59 60 61 71 72
15 37 46 59 61
15 37 46 59 60 61
15 36 59 61 75
15 36 59 61 73 74
15 36 59 61 71 73
15 36 59 61 71 73 78
15 36 59 61 71 73 76 77
15 36 59 61 71 72
15 36 59 61 71 72 78
15 36 59 61 71 72 76 77
15 36 59 61 69 70 73
15 36 59 61 69 70 73 78
15 36 59 61 69 70 73 76 77
15 36 59 61 69 70 71 72
15 36 59 61 69 70 71 72 78
15 36 59 61 69 70 71 72 76 77
15 36 59 60 61 73
15 36 59 60 61 71 72
15 36 51 59 61 71 73
15 36 51 59 61 71 72
15 36 51 59 61 69 70 73
15 36 51 59 61 69 70 71 72
15 36 48 59 61
15 36 46 59 61 71
15 36 46 59 61 71 78
15 36 46 59 61 71 76 77
15 36 46 59 61 69 70
15 36 46 59 61 69 70 78
15 36 46 59 61 69 70 76 77
15 36 46 59 60 61
15 36 46 51 59 61 71
15 36 46 51 59 61 69 70
15 36 44 59 61 73
15 36 44 59 61 73 78
15 36 44 59 61 73 76 77
15 36 44 59 61 71 72
15 36 44 59 61 71 72 78
15 36 44 59 61 71 72 76 77
15 36 44 51 59 61 73
15 36 44 51 59 61 71 72
15 36 44 46 59 61
15 36 44 46 59 61 78
15 36 44 46 59 61 76 77
15 36 44 46 51 59 61
15 34 59 75
15 34 59 73 74
15 34 59 61 75
15 34 59 61 75 78
15 34 59 61 75 78 79
15 34 59 61 75 76 77
15 34 59 61 73
15 34 59 61 73 77
15 34 59 61 73 75
15 34 59 61 73 75 76
15 34 59 61 73 74 78
15 34 59 61 73 74 78 79
15 34 59 61 73 74 76 77
15 34 59 61 71 72
15 34 59 61 71 72 77
15 34 59 61 71 72 75
15 34 59 61 71 72 75 76
15 34 59 61 71 72 73 74
15 34 59 61 64 73
15 34 59 61 64 71 72
15 34 59 61 63 73
15 34 59 61 63 71 72
15 34 59 61 62 73
15 34 59 61 62 71 72
15 34 59 61 62 63 73
15 34 59 61 62 63 71 72
15 34 57 59 75 78
15 34 57 59 75 76 77
15 34 57 59 73 78 79
15 34 57 59 73 74 78
15 34 57 59 73 74 76 77
15 34 57 59 71 72 78 79
15 34 57 59 61 73 77
15 34 57 59 61 73 75 76
15 34 57 59 61 71 72 77
15 34 57 59 61 71 72 75 76
15 34 53 59 61 75
15 34 53 59 61 73 74
15 34 53 57 59 73
15 34 53 57 59 71 72
15 34 51 59 61 75
15 34 51 59 61 73 74
15 34 51 57 59 75
15 34 51 57 59 73 74
15 34 50 59 61 73
15 34 50 59 61 71 72
15 34 50 57 59 61 73
15 34 50 57 59 61 71 72
15 34 49 59 61 73
15 34 49 59 61 71 72
15 34 48 59
15 34 48 59 61
15 34 48 59 61 78
15 34 48 59 61 78 79
15 34 48 59 61 76 77
15 34 48 59 61 73
15 34 48 59 61 71 72
15 34 48 57 59 78
15 34 48 57 59 76 77
15 34 48 53 59 61
15 34 48 51 59 61
15 34 48 51 57 59
15 34 47 48 59 61 73
15 34 47 48 59 61 71 72
15 34 46 59 61
15 34 46 59 61 77
15 34 46 59 61 75
15 34 46 59 61 75 76
15 34 46 59 61 73 74
15 34 46 59 61 64
15 34 46 59 61 63
15 34 46 59 61 62
15 34 46 59 61 62 63
15 34 46 57 59 78 79
15 34 46 57 59 61 77
15 34 46 57 59 61 75 76
15 34 46 53 57 59
15 34 46 50 59 61
15 34 46 50 57 59 61
15 34 46 49 59 61
15 34 46 48 59 61
15 34 46 47 48 59 61
15 34 37 59 61 73
15 34 37 59 61 71 72
15 34 37 46 59 61
15 34 36 59 61 73
15 34 36 59 61 71 72
15 34 36 46 59 61
15 31 59 61 78 79
15 31 53 59 61
15 30 59 61 78 79
15 30 59 61 75
15 30 59 61 73 74
15 30 59 60 61 75
15 30 59 60 61 73 74
15 30 53 59 61
15 30 48 59 61
15 30 48 59 60 61
15 30 34 59 61 75
15 30 34 59 61 73 74
15 30 34 48 59 61
15 29 59 61 75
15 29 59 61 73 74
15 29 59 60 61 75
15 29 59 60 61 73 74
15 29 48 59 61
15 29 48 59 60 61
15 29 34 59 61 75
15 29 34 59 61 73 74
15 29 34 48 59 61
15 29 30 59 61 78 79
15 29 30 53 59 61
15 28 59 61
15 28 59 61 75
15 28 59 61 73 74
15 28 59 60 61 75
15 28 59 60 61 73 74
15 28 48 59 61
15 28 48 59 60 61
15 28 34 59 61 75
15 28 34 59 61 73 74
15 28 34 48 59 61
15 28 29 59 61 78 79
15 28 29 53 59 61
15 26 27 59 61
15 26 27 59 61 75
15 26 27 59 61 73 74
15 26 27 59 60 61 75
15 26 27 59 60 61 73 74
15 26 27 48 59 61
15 26 27 48 59 60 61
15 26 27 34 59 61 75
15 26 27 34 59 61 73 74
15 26 27 34 48 59 61
15 26 27 29 59 61 75
15 26 27 29 59 61 73 74
15 26 27 29 59 60 61 75
15 26 27 29 59 60 61 73 74
15 26 27 29 48 59 61
15 26 27 29 48 59 60 61
15 26 27 29 34 59 61 75
15 26 27 29 34 59 61 73 74
15 26 27 29 34 48 59 61
15 26 27 28 59 61 75
15 26 27 28 59 61 73 74
15 26 27 28 59 60 61 75
15 26 27 28 59 60 61 73 74
15 26 27 28 48 59 61
15 26 27 28 48 59 60 61
15 26 27 28 34 59 61 75
15 26 27 28 34 59 61 73 74
15 26 27 28 34 48 59 61
15 22 59 61 75
15 22 59 61 73
15 22 59 61 73 74
15 22 59 61 71 72
15 22 59 61 63 65 75 78
15 22 59 61 63 65 75 76 77
15 22 59 61 63 65 73 74 78
15 22 59 61 63 65 73 74 76 77
15 22 59 61 63 64 75 78
15 22 59 61 63 64 75 76 77
15 22 59 61 63 64 73 74 78
15 22 59 61 63 64 73 74 76 77
15 22 59 60 61 73
15 22 59 60 61 71 72
15 22 51 59 61 63 65 75
15 22 51 59 61 63 65 73 74
15 22 51 59 61 63 64 75
15 22 51 59 61 63 64 73 74
15 22 48 59 61
15 22 48 59 61 63 65 78
15 22 48 59 61 63 65 76 77
15 22 48 59 61 63 64 78
15 22 48 59 61 63 64 76 77
15 22 48 51 59 61 63 65
15 22 48 51 59 61 63 64
15 22 46 59 61
15 22 46 59 60 61
15 22 38 59 61 63 75 78
15 22 38 59 61 63 75 76 77
15 22 38 59 61 63 73 74 78
15 22 38 59 61 63 73 74 76 77
15 22 38 51 59 61 63 75
15 22 38 51 59 61 63 73 74
15 22 38 48 59 61 63 78
15 22 38 48 59 61 63 76 77
15 22 38 48 51 59 61 63
15 22 34 59 61 73
15 22 34 59 61 71 72
15 22 34 46 59 61
15 21 59 61 75
15 21 59 61 73 74
15 21 48 59 61
10 59 69
10 59 67 68
10 42 59
4 59 61 78
4 59 61 76 77
4 59 60 78
4 59 60 76 77
4 51 59 61
4 51 59 60
4 42 59 61 78 79
4 42 59 61 73
4 42 59 61 71 72
4 42 53 59 61
4 42 46 59 61
4 40 41 59 61 78 79
4 40 41 59 61 73
4 40 41 59 61 71 72
4 40 41 53 59 61
4 40 41 46 59 61
4 34 59 78
4 34 59 76 77
4 34 51 59
4 15 59 61 78 79
4 15 59 61 73
4 15 59 61 71 72
4 15 53 59 61
4 15 46 59 61
3 42 59 61 78 79
3 42 59 61 75
3 42 59 61 73 74
3 42 59 60 61 75
3 42 59 60 61 73 74
3 42 53 59 61
3 42 48 59 61
3 42 48 59 60 61
3 40 41 59 61 78 79
3 40 41 59 61 75
3 40 41 59 61 73 74
3 40 41 59 60 61 75
3 40 41 59 60 61 73 74
3 40 41 53 59 61
3 40 41 48 59 61
3 40 41 48 59 60 61
3 34 42 59 61 75
3 34 42 59 61 73 74
3 34 42 48 59 61
3 34 40 41 59 61 75
3 34 40 41 59 61 73 74
3 34 40 41 48 59 61
3 15 59 61 78 79
3 15 59 61 75
3 15 59 61 73 74
3 15 59 60 61 75
3 15 59 60 61 73 74
3 15 53 59 61
3 15 48 59 61
3 15 48 59 60 61
3 15 34 59 61 75
3 15 34 59 61 73 74
3 15 34 48 59 61
2 42 59 61 75
2 42 59 61 73 74
2 42 59 60 61 75
2 42 59 60 61 73 74
2 42 48 59 61
2 42 48 59 60 61
2 40 41 59 61 75
2 40 41 59 61 73 74
2 40 41 59 60 61 75
2 40 41 59 60 61 73 74
2 40 41 48 59 61
2 40 41 48 59 60 61
2 34 42 59 61 75
2 34 42 59 61 73 74
2 34 42 48 59 61
2 34 40 41 59 61 75
2 34 40 41 59 61 73 74
2 34 40 41 48 59 61
2 28 42 59 61 75
2 28 42 59 61 73 74
2 28 42 59 60 61 75
2 28 42 59 60 61 73 74
2 28 42 48 59 61
2 28 42 48 59 60 61
2 28 40 41 59 61 75
2 28 40 41 59 61 73 74
2 28 40 41 59 60 61 75
2 28 40 41 59 60 61 73 74
2 28 40 41 48 59 61
2 28 40 41 48 59 60 61
2 28 34 42 59 61 75
2 28 34 42 59 61 73 74
2 28 34 42 48 59 61
2 28 34 40 41 59 61 75
2 28 34 40 41 59 61 73 74
2 28 34 40 41 48 59 61
2 26 27 42 59 61 75
2 26 27 42 59 61 73 74
2 26 27 42 59 60 61 75
2 26 27 42 59 60 61 73 74
2 26 27 42 48 59 61
2 26 27 42 48 59 60 61
2 26 27 40 41 59 61 75
2 26 27 40 41 59 61 73 74
2 26 27 40 41 59 60 61 75
2 26 27 40 41 59 60 61 73 74
2 26 27 40 41 48 59 61
2 26 27 40 41 48 59 60 61
2 26 27 34 42 59 61 75
2 26 27 34 42 59 61 73 74
2 26 27 34 42 48 59 61
2 26 27 34 40 41 59 61 75
2 26 27 34 40 41 59 61 73 74
2 26 27 34 40 41 48 59 61
2 15 59 61 75
2 15 59 61 73 74
2 15 59 60 61 75
2 15 59 60 61 73 74
2 15 48 59 61
2 15 48 59 60 61
2 15 34 59 61 75
2 15 34 59 61 73 74
2 15 34 48 59 61
2 15 28 59 61 75
2 15 28 59 61 73 74
2 15 28 59 60 61 75
2 15 28 59 60 61 73 74
2 15 28 48 59 61
2 15 28 48 59 60 61
2 15 28 34 59 61 75
2 15 28 34 59 61 73 74
2 15 28 34 48 59 61
2 15 26 27 59 61 75
2 15 26 27 59 61 73 74
2 15 26 27 59 60 61 75
2 15 26 27 59 60 61 73 74
2 15 26 27 48 59 61
2 15 26 27 48 59 60 61
2 15 26 27 34 59 61 75
2 15 26 27 34 59 61 73 74
2 15 26 27 34 48 59 61
1 59
1 59 71
1 59 69 70
1 59 61 75
1 59 61 73 74
1 59 60 75
1 59 60 73 74
1 48 59 61
1 48 59 60
1 44 61
1 44 61 71
1 44 61 69 70
1 44 59
1 42 59 61
1 42 59 61 75
1 42 59 61 73 74
1 42 59 60 61 75
1 42 59 60 61 73 74
1 42 48 59 61
1 42 48 59 60 61
1 42 43 61 71
1 42 43 61 69 70
1 42 43 44 61
1 40 41 59 61
1 40 41 59 61 75
1 40 41 59 61 73 74
1 40 41 59 60 61 75
1 40 41 59 60 61 73 74
1 40 41 48 59 61
1 40 41 48 59 60 61
1 38 78 79
1 38 53
1 36 78 79
1 36 53
1 35 71
1 35 69 70
1 35 61 71
1 35 61 69 70
1 35 44
1 35 44 61
1 34 59 75
1 34 59 73 74
1 34 48 59
1 34 42 59 61 75
1 34 42 59 61 73 74
1 34 42 48 59 61
1 34 40 41 59 61 75
1 34 40 41 59 61 73 74
1 34 40 41 48 59 61
1 33 34 61 71
1 33 34 61 69 70
1 33 34 44 61
1 29 42 59 61 75
1 29 42 59 61 73 74
1 29 42 59 60 61 75
1 29 42 59 60 61 73 74
1 29 42 48 59 61
1 29 42 48 59 60 61
1 29 40 41 59 61 75
1 29 40 41 59 61 73 74
1 29 40 41 59 60 61 75
1 29 40 41 59 60 61 73 74
1 29 40 41 48 59 61
1 29 40 41 48 59 60 61
1 29 34 42 59 61 75
1 29 34 42 59 61 73 74
1 29 34 42 48 59 61
1 29 34 40 41 59 61 75
1 29 34 40 41 59 61 73 74
1 29 34 40 41 48 59 61
1 27 28 42 59 61 75
1 27 28 42 59 61 73 74
1 27 28 42 59 60 61 75
1 27 28 42 59 60 61 73 74
1 27 28 42 48 59 61
1 27 28 42 48 59 60 61
1 27 28 40 41 59 61 75
1 27 28 40 41 59 61 73 74
1 27 28 40 41 59 60 61 75
1 27 28 40 41 59 60 61 73 74
1 27 28 40 41 48 59 61
1 27 28 40 41 48 59 60 61
1 27 28 34 42 59 61 75
1 27 28 34 42 59 61 73 74
1 27 28 34 42 48 59 61
1 27 28 34 40 41 59 61 75
1 27 28 34 40 41 59 61 73 74
1 27 28 34 40 41 48 59 61
1 17 61 71
1 17 61 69 70
1 17 44 61
1 15 59 61
1 15 59 61 75
1 15 59 61 73 74
1 15 59 60 61 75
1 15 59 60 61 73 74
1 15 48 59 61
1 15 48 59 60 61
1 15 34 59 61 75
1 15 34 59 61 73 74
1 15 34 48 59 61
1 15 29 59 61 75
1 15 29 59 61 73 74
1 15 29 59 60 61 75
1 15 29 59 60 61 73 74
1 15 29 48 59 61
1 15 29 48 59 60 61
1 15 29 34 59 61 75
1 15 29 34 59 61 73 74
1 15 29 34 48 59 61
1 15 27 28 59 61 75
1 15 27 28 59 61 73 74
1 15 27 28 59 60 61 75
1 15 27 28 59 60 61 73 74
1 15 27 28 48 59 61
1 15 27 28 48 59 60 61
1 15 27 28 34 59 61 75
1 15 27 28 34 59 61 73 74
1 15 27 28 34 48 59 61
1 8 61 71
1 8 61 69 70
1 8 44 61
1 2 42 59 61 75
1 2 42 59 61 73 74
1 2 42 59 60 61 75
1 2 42 59 60 61 73 74
1 2 42 48 59 61
1 2 42 48 59 60 61
1 2 40 41 59 61 75
1 2 40 41 59 61 73 74
1 2 40 41 59 60 61 75
1 2 40 41 59 60 61 73 74
1 2 40 41 48 59 61
1 2 40 41 48 59 60 61
1 2 34 42 59 61 75
1 2 34 42 59 61 73 74
1 2 34 42 48 59 61
1 2 34 40 41 59 61 75
1 2 34 40 41 59 61 73 74
1 2 34 40 41 48 59 61
1 2 15 59 61 75
1 2 15 59 61 73 74
1 2 15 59 60 61 75
1 2 15 59 60 61 73 74
1 2 15 48 59 61
1 2 15 48 59 60 61
1 2 15 34 59 61 75
1 2 15 34 59 61 73 74
1 2 15 34 48 59 61
0 59 61 75
0 59 61 73 74
0 59 60 75
0 59 60 73 74
0 48 59 61
0 48 59 60
0 34 59 75
0 34 59 73 74
0 34 48 59

