78 79
67 78 79
53 67
36 61
36 55
20 61
20 55
19
19 36
19 20 61
17 18 20 61
1 61
67 68
42 61
34 65 66
34 40
32
32 61
32 61 69
32 61 67 68
32 42 61
20 34 61
55 78 79
40 68
20 67 68
20 65 66 68
20 40 68
71
69 71
68 78 79
68 69 78 79
67
67 68 73
67 68 71 78 79
67 68 71 72
67 68 69
67 68 69 70 78 79
66
65 67 68
65 66 67
63 68
63 68 69
63 68 69 78 79
63 67 68
63 67 68 78 79
63 64 69
63 64 67
63 64 67 68
63 64 65 66
61
61 78 79
61 71
61 69 70
61 67 78 79
61 67 70
61 67 69
61 67 68 69
61 66
61 66 67 68
61 65 66 78 79
61 65 66 70
61 65 66 69
61 65 66 68
61 65 66 68 78 79
61 65 66 68 69
61 65 66 67 68
61 62 68
61 62 68 69
61 62 68 69 78 79
61 62 67 68
61 62 67 68 78 79
57
56
56 67
56 65 66
56 61 68
55 67 68 78 79
55 61
55 61 77 78 79
55 61 69
55 61 69 78 79
55 61 67 78 79
55 61 67 68
55 61 67 68 78 79
55 61 65 66 78 79
55 61 64
55 61 64 65
55 61 63
55 59
55 59 69
55 59 67 68
55 57 61
54 61 69
54 61 65 66 68
54 55 67
54 55 65 66
54 55 61
53 68
53 67 68 71
53 67 68 69 70
53 63 68 69
53 63 67 68
53 61
53 61 67
53 61 65 66
53 61 65 66 68
53 61 62 68 69
53 61 62 67 68
53 55 67 68
53 55 61 79
53 55 61 77 78
53 55 61 69
53 55 61 67
53 55 61 67 68
53 55 61 65 66
53 54 61
53 54 61 69
53 54 61 68
53 54 61 67
53 54 61 67 68
53 54 61 65 66
52 69
52 61 67
52 61 65 66
52 55 61 78 79
52 53
52 53 61 69
52 53 61 67 68
52 53 55 61
51 69
50
49 50
49 50 69
47
47 61 68
46 61
45 68
45 68 69 78 79
45 67 68 78 79
45 53 68 69
45 53 67 68
44
44 69
44 67 68 78 79
44 61
44 53 67 68
44 45
44 45 61
44 45 61 69
44 45 61 68
44 45 61 67 68
43 44 68
43 44 68 69 78 79
43 44 67 68 78 79
43 44 53 68 69
43 44 53 67 68
42 71
42 69 70
42 63 68
42 63 68 78 79
42 63 64
42 61 67
42 61 65 66
42 61 62 68
42 61 62 68 78 79
42 55 61
42 55 61 78 79
42 55 59
42 54 61
42 53 63 68
42 53 61 62 68
42 53 55 61
42 53 54 61
42 52
42 52 53 61
42 51
42 49 50
42 45 68 78 79
42 45 53 68
42 44
42 44 45 61
42 43 44 68 78 79
42 43 44 53 68
41 67
41 65 66
41 61 68
40 63 64
40 61 78 79
40 61 70
40 61 69
40 61 68
40 61 68 78 79
40 61 68 69
40 61 67 68
40 56
40 55 61 78 79
40 54 61 68
40 54 55
40 53 61
40 53 61 68
40 53 55 61
40 53 54 61
40 52 61
40 42 61
40 41
39 55 61
38 39 55 61
37 78 79
37 61
37 61 69
37 61 68
37 61 67 68
37 53
37 42 61
36 69
36 69 78 79
36 68 78 79
36 68 69 78 79
36 67 73
36 67 71 72
36 67 68
36 66 69
36 66 67 68
36 65 66 73
36 65 66 71 72
36 61 69
36 61 67
36 61 67 78 79
36 61 65 66
36 61 65 66 78 79
36 55 69
36 55 61
36 53 69
36 53 68
36 53 68 69
36 53 61 67
36 53 61 65 66
36 46
36 46 67
36 46 65 66
36 42
36 42 78 79
36 42 68 78 79
36 42 66
36 42 61
36 42 55
36 42 53
36 42 53 68
36 40 73
36 40 71 72
36 40 61
36 40 61 78 79
36 40 53 61
36 40 46
35 68 69
35 61 69
35 61 68
35 55 61
35 42 68
35 42 61
35 36
35 36 61
35 36 61 69
35 36 61 68
35 36 61 67 68
35 36 42 61
34 69 78 79
34 68 69
34 65 66 68
34 61 68
34 55 69
34 55 67 68
34 53 69
34 42 78 79
34 42 68
34 42 55
34 42 53
34 40 68
34 35 68
34 35 68 69 78 79
34 35 67 68 78 79
34 35 55
34 35 53 68 69
34 35 53 67 68
34 35 42 68 78 79
34 35 42 53 68
31 55 61
29 67
29 65 66
29 40
29 30 55 61
28
28 61
28 61 69
28 61 68
28 61 67
28 61 67 68
28 61 65 66
28 42 61
28 40 61
27 61 69
27 61 67 68
27 42 61
27 28
25 55 61
25 36
24
24 69
24 67 68
24 42
24 36 69
24 36 67 68
24 36 42
23
22 78 79
22 61 67
22 61 67 78 79
22 61 65 66
22 61 65 66 78 79
22 55 61
22 55 61 78 79
22 53
22 53 61 67
22 53 61 65 66
22 53 55 61
22 40 61
22 40 61 78 79
22 40 53 61
22 36 61
22 23 36 69
22 23 36 67 68
22 23 36 42
21 61
20 69 73
20 69 71
20 69 71 72
20 67 68 73
20 67 68 71
20 67 68 71 72
20 67 68 70
20 67 68 69 70
20 63
20 61 78 79
20 61 67
20 61 65 66
20 61 62
20 56 69
20 56 67 68
20 55 61 78 79
20 55 61 69
20 55 61 67
20 55 61 67 68
20 55 61 65 66
20 54
20 54 68 69
20 54 67 68
20 54 55 69
20 54 55 67 68
20 53 61
20 53 55 61
20 53 54 61 67
20 53 54 61 65 66
20 53 54 55 61
20 52 69
20 52 67 68
20 52 53
20 46
20 46 69
20 46 61 67
20 46 61 65 66
20 46 55 61
20 44 69
20 44 67 68
20 44 45 61 67
20 44 45 61 65 66
20 44 45 55 61
20 42 73
20 42 71
20 42 71 72
20 42 70
20 42 69 70
20 42 68
20 42 68 69
20 42 56
20 42 55 61
20 42 54 68
20 42 54 55
20 42 52
20 42 46
20 42 44
20 40 61
20 40 55 61
20 40 53 54 61
20 40 46 61
20 40 44 45 61
20 37 61 67
20 37 61 65 66
20 37 55 61
20 37 40 61
20 36 61
20 36 61 78 79
20 36 61 69
20 36 61 67 68
20 36 55 61 78 79
20 36 53 61
20 36 53 55 61
20 36 42 61
20 35
20 35 61
20 35 61 67
20 35 61 65 66
20 35 40 61
20 35 36 61 67
20 35 36 61 65 66
20 35 36 55 61
20 35 36 40 61
20 34 67 68
20 34 65 66 68
20 34 40 68
20 34 35
20 29 69
20 29 67 68
20 29 42
20 28 61 67
20 28 61 65 66
20 28 55 61
20 28 40 61
20 27
20 25 55 61 69
20 25 55 61 67 68
20 25 42 55 61
20 25 34 69
20 25 34 67 68
20 25 34 42
20 22
20 22 61
20 22 55 61
20 22 36 61
20 21 55 61
19 61
19 61 69
19 61 68
19 61 67
19 61 67 68
19 61 65 66
19 42 61
19 40 61
19 20 55 61
18 68
18 68 69 78 79
18 67 68 78 79
18 53 68 69
18 53 67 68
18 42 68 78 79
18 42 53 68
17 18 61 67
17 18 61 65 66
17 18 40 61
13 55 61
12 55 61
11 61 68
10
10 69
10 67 68
10 61
10 61 69
10 61 68
10 61 67 68
10 55
10 52 53
10 45
10 43 44
10 42
10 42 61
10 27
10 22 67
10 22 65 66
10 22 40
10 20 69
10 20 67 68
10 20 61 67
10 20 61 65 66
10 20 55 61
10 20 42
10 20 40 61
10 18
10 11 55 61
9
9 68
9 68 69 78 79
9 53 68 69
9 42 68 78 79
9 42 53 68
9 10 61 68
8
8 9 61 67
8 9 61 65 66
8 9 40 61
8 9 20 69
8 9 20 67 68
8 9 20 42
7 61
7 61 67
7 61 65 66
7 55 61 78 79
7 53 55 61
7 40 61
7 20 55 61
4 55 61
3 55 61
2
2 61 68
1 69
1 69 73
1 69 71 72
1 67 73
1 67 73 78 79
1 67 71 72
1 67 71 72 78 79
1 67 68 73
1 67 68 71 72
1 65 69
1 65 67 68
1 65 66 73
1 65 66 73 78 79
1 65 66 71 72
1 65 66 71 72 78 79
1 63 64 69
1 63 64 67 68
1 61 73
1 61 71 72
1 61 69 78 79
1 61 67 68 78 79
1 61 66
1 55 56 61
1 54 61 68
1 53 67 73
1 53 67 71 72
1 53 65 66 73
1 53 65 66 71 72
1 53 61 69
1 53 61 67 68
1 53 54 61
1 53 54 61 69
1 53 54 61 67 68
1 48 61
1 46 69
1 46 67
1 46 67 78 79
1 46 65 66
1 46 65 66 78 79
1 46 61 69
1 46 61 67 68
1 46 53 67
1 46 53 65 66
1 44 45 61
1 44 45 61 69
1 44 45 61 67 68
1 42
1 42 73
1 42 71 72
1 42 65
1 42 63 64
1 42 61 78 79
1 42 53 61
1 42 53 54 61
1 42 46
1 42 46 61
1 42 44 45 61
1 40 73
1 40 73 78 79
1 40 71 72
1 40 71 72 78 79
1 40 53 73
1 40 53 71 72
1 40 46
1 40 46 78 79
1 40 46 53
1 37 61
1 37 61 69
1 37 61 67 68
1 37 42 61
1 36 69 73
1 36 69 71 72
1 36 67 68
1 36 67 68 73
1 36 67 68 71 72
1 36 61 69
1 36 61 67 68
1 36 46 69
1 36 46 67 68
1 36 42 73
1 36 42 71 72
1 36 42 61
1 36 42 46
1 35
1 35 61 69
1 35 61 67 68
1 35 42 61
1 35 36 61
1 35 36 61 69
1 35 36 61 67 68
1 35 36 42 61
1 28 61 69
1 28 61 67 68
1 28 42 61
1 22 36 61
1 21 61
1 20 69
1 20 67 68
1 20 42
1 20 36 61 69
1 20 36 61 67 68
1 20 36 42 61
1 20 34 69
1 20 34 67 68
1 20 34 61
1 20 34 42
1 20 22 61
1 20 22 36 61
1 19 61
1 19 61 69
1 19 61 67 68
1 19 42 61
1 10 61 69
1 10 61 67 68
1 10 42 61
1 7 61
1 2 55 61
0 61 67 68
0 61 65 66 68
0 40 61 68
0 20 68 69
0 20 67 68
0 20 42 68
0 1 61 68
68 73
68 71 72
61 68 73
61 68 71 72
46 68
44 61 68
34 78 79
34 68
34 53
1 68
1 34 73
1 34 71 72
1 34 46
59 61 63 73
59 61 63 71 72
59 61 62 73
59 61 62 71 72
57 61 73 75
57 61 73 74
57 61 71 72 75
57 61 71 72 73 74
57 61 65 73
57 61 65 73 75
57 61 65 73 74
57 61 65 71 72
57 61 65 71 72 75
57 61 65 71 72 73 74
57 59 73 75
57 59 73 74
57 59 71 72 75
57 59 71 72 73 74
57 59 65 73
57 59 65 73 75
57 59 65 73 74
57 59 65 71 72
57 59 65 71 72 75
57 59 65 71 72 73 74
57 59 63 73
57 59 63 71 72
57 59 61 73
57 59 61 73 75
57 59 61 73 74
57 59 61 71 72
57 59 61 71 72 75
57 59 61 71 72 73 74
57 59 61 65 73
57 59 61 65 73 75
57 59 61 65 73 74
57 59 61 65 71 72
57 59 61 65 71 72 75
57 59 61 65 71 72 73 74
57 59 61 62 73
57 59 61 62 71 72
48 59 61 63 73
48 59 61 63 71 72
48 59 61 62 73
48 59 61 62 71 72
48 57 61 73
48 57 61 71 72
48 57 61 65 73
48 57 61 65 71 72
48 57 59 73
48 57 59 71 72
48 57 59 65 73
48 57 59 65 71 72
48 57 59 61 73
48 57 59 61 71 72
48 57 59 61 65 73
48 57 59 61 65 71 72
46 59 61 63
46 59 61 62
46 57 61 75
46 57 61 73 74
46 57 61 65
46 57 61 65 75
46 57 61 65 73 74
46 57 59 75
46 57 59 73 74
46 57 59 65
46 57 59 65 75
46 57 59 65 73 74
46 57 59 63
46 57 59 61
46 57 59 61 75
46 57 59 61 73 74
46 57 59 61 65
46 57 59 61 65 75
46 57 59 61 65 73 74
46 57 59 61 62
46 48 59 61 63
46 48 59 61 62
46 48 57 61
46 48 57 61 65
46 48 57 59
46 48 57 59 65
46 48 57 59 61
46 48 57 59 61 65
46 47 59 61 63
46 47 59 61 63 73
46 47 59 61 63 71 72
46 47 59 61 62
46 47 59 61 62 73
46 47 59 61 62 71 72
44 57 61 75
44 57 61 73 74
44 57 59 61 75
44 57 59 61 73 74
44 48 59 61 63
44 48 59 61 63 75
44 48 59 61 63 73 74
44 48 59 61 62
44 48 59 61 62 75
44 48 59 61 62 73 74
44 48 57 61
44 48 57 59 61
44 46 47 59 61 63 75
44 46 47 59 61 63 73 74
44 46 47 59 61 62 75
44 46 47 59 61 62 73 74
44 46 47 48 59 61 63
44 46 47 48 59 61 62
42 43 57 61 75
42 43 57 61 73 74
42 43 57 59 61 75
42 43 57 59 61 73 74
42 43 48 59 61 63
42 43 48 59 61 63 75
42 43 48 59 61 63 73 74
42 43 48 59 61 62
42 43 48 59 61 62 75
42 43 48 59 61 62 73 74
42 43 48 57 61
42 43 48 57 59 61
42 43 46 47 59 61 63 75
42 43 46 47 59 61 63 73 74
42 43 46 47 59 61 62 75
42 43 46 47 59 61 62 73 74
42 43 46 47 48 59 61 63
42 43 46 47 48 59 61 62
36 59 61 73
36 59 61 71 72
36 57 59 73
36 57 59 71 72
36 48 59 61 73
36 48 59 61 71 72
36 46 59 61
36 46 57 59
36 46 48 59 61
36 46 47 59 61
36 46 47 59 61 73
36 46 47 59 61 71 72
36 44 48 59 61
36 44 48 59 61 75
36 44 48 59 61 73 74
36 44 46 47 59 61 75
36 44 46 47 59 61 73 74
36 44 46 47 48 59 61
36 42 43 48 59 61
36 42 43 48 59 61 75
36 42 43 48 59 61 73 74
36 42 43 46 47 59 61 75
36 42 43 46 47 59 61 73 74
36 42 43 46 47 48 59 61
34 59 61 73
34 59 61 71 72
34 46 59 61
34 44 57 61 75
34 44 57 61 73 74
34 44 57 59 61 75
34 44 57 59 61 73 74
34 44 48 57 61
34 44 48 57 59 61
34 42 43 57 61 75
34 42 43 57 61 73 74
34 42 43 57 59 61 75
34 42 43 57 59 61 73 74
34 42 43 48 57 61
34 42 43 48 57 59 61
21 59 61 63 73
21 59 61 63 71 72
21 59 61 62 73
21 59 61 62 71 72
21 46 59 61 63
21 46 59 61 62
21 44 59 61 63 75
21 44 59 61 63 73 74
21 44 59 61 62 75
21 44 59 61 62 73 74
21 44 48 59 61 63
21 44 48 59 61 62
21 42 43 59 61 63 75
21 42 43 59 61 63 73 74
21 42 43 59 61 62 75
21 42 43 59 61 62 73 74
21 42 43 48 59 61 63
21 42 43 48 59 61 62
21 36 59 61 73
21 36 59 61 71 72
21 36 46 59 61
21 36 44 59 61 75
21 36 44 59 61 73 74
21 36 44 48 59 61
21 36 42 43 59 61 75
21 36 42 43 59 61 73 74
21 36 42 43 48 59 61
18 59 61 73
18 59 61 71 72
18 46 59 61
17 57 61 75
17 57 61 73 74
17 57 59 61 75
17 57 59 61 73 74
17 48 59 61 63
17 48 59 61 63 75
17 48 59 61 63 73 74
17 48 59 61 62
17 48 59 61 62 75
17 48 59 61 62 73 74
17 48 57 61
17 48 57 59 61
17 46 47 59 61 63 75
17 46 47 59 61 63 73 74
17 46 47 59 61 62 75
17 46 47 59 61 62 73 74
17 46 47 48 59 61 63
17 46 47 48 59 61 62
17 36 48 59 61
17 36 48 59 61 75
17 36 48 59 61 73 74
17 36 46 47 59 61 75
17 36 46 47 59 61 73 74
17 36 46 47 48 59 61
17 34 57 61 75
17 34 57 61 73 74
17 34 57 59 61 75
17 34 57 59 61 73 74
17 34 48 57 61
17 34 48 57 59 61
17 21 59 61 63 75
17 21 59 61 63 73 74
17 21 59 61 62 75
17 21 59 61 62 73 74
17 21 48 59 61 63
17 21 48 59 61 62
17 21 36 59 61 75
17 21 36 59 61 73 74
17 21 36 48 59 61
16 17 59 61 73
16 17 59 61 71 72
16 17 46 59 61
36 67 68 78 79
36 53 67 68
34 73
34 73 78 79
34 71 72
34 71 72 78 79
34 68 73
34 68 71 72
34 68 69 73
34 68 69 71 72
34 67 68 73
34 67 68 71 72
34 63 68
34 63 68 69
34 63 67 68
34 61 62
34 61 62 68
34 61 62 68 69
34 61 62 67 68
34 55
34 54 68
34 54 68 69
34 54 67 68
34 53 73
34 53 71 72
34 52 53 78 79
34 52 53 68
34 52 53 68 69
34 46
34 46 78 79
34 46 68
34 46 68 69
34 46 67 68
34 46 53
34 42 68 73
34 42 68 71 72
34 42 63 68
34 42 61 62 68
34 42 54 68
34 42 52 53 68
34 42 46 68
34 36
27 34 78 79
27 34 68
27 34 68 69
27 34 67 68
27 34 53
27 34 42 68
23 24 34
1 34 69 73 78 79
1 34 69 71 72 78 79
1 34 67 73 78 79
1 34 67 71 72 78 79
1 34 67 68 73 78 79
1 34 67 68 71 72 78 79
1 34 65 66 73 78 79
1 34 65 66 71 72 78 79
1 34 63 67
1 34 63 65 66
1 34 61 62 67
1 34 61 62 65 66
1 34 55
1 34 54 67
1 34 54 65 66
1 34 53 69 73
1 34 53 69 71 72
1 34 53 67 73
1 34 53 67 71 72
1 34 53 67 68 73
1 34 53 67 68 71 72
1 34 53 65 66 73
1 34 53 65 66 71 72
1 34 52 53 67
1 34 52 53 65 66
1 34 46 69 78 79
1 34 46 67 78 79
1 34 46 67 68 78 79
1 34 46 65 66 78 79
1 34 46 53 69
1 34 46 53 67
1 34 46 53 67 68
1 34 46 53 65 66
1 34 42 73 78 79
1 34 42 71 72 78 79
1 34 42 53 73
1 34 42 53 71 72
1 34 42 46 78 79
1 34 42 46 53
1 34 40 73 78 79
1 34 40 71 72 78 79
1 34 40 63
1 34 40 61 62
1 34 40 54
1 34 40 53 73
1 34 40 53 71 72
1 34 40 52 53
1 34 40 46 78 79
1 34 40 46 53
1 34 36 67
1 34 36 65 66
1 34 36 40
1 27 34 67
1 27 34 65 66
1 27 34 40
67 73
67 71 72
65 66 73
65 66 71 72
65 66 68 78 79
59 67 78 79
59 65 66 78 79
53 59 67
53 59 65 66
42 68 78 79
40 73
40 71 72
40 68 78 79
40 59 78 79
40 53 59
38
38 78 79
38 53
36 67 78
36 67 76 77
36 65 66 78
36 65 66 76 77
36 65 66 68 78 79
36 59 67 78 79
36 59 65 66 78 79
36 53 65 66 68
36 53 59 67
36 53 59 65 66
36 51 67
36 51 65 66
36 40
36 40 78
36 40 76 77
36 40 68 78 79
36 40 59 78 79
36 40 53 68
36 40 53 59
36 40 51
26 68
25 69
25 42
24 25 68
20 65 66
20 63 67
20 63 65 66
20 61 62 67
20 61 62 65 66
20 54 67
20 54 65 66
20 52 53 67
20 52 53 65 66
20 40
20 40 63
20 40 61 62
20 40 54
20 40 52 53
20 27 67
20 27 65 66
20 27 40
8 36 69
8 36 67 68
8 36 42
1 69 71
1 67 68 71
1 67 68 69 70
1 44 69
1 44 67 68
1 42 71
1 42 69 70
1 42 44
1 38 69
1 38 67 68
1 38 42
1 36 78 79
1 36 69 71
1 36 69 70
1 36 67 68 71
1 36 67 68 69 70
1 36 53
1 36 44 69
1 36 44 67 68
1 36 42 71
1 36 42 69 70
1 36 42 44
34 68 69 78 79
34 53 68 69
34 45 78 79
34 45 53
34 43 44 78 79
34 43 44 53
34 42 68 78 79
34 42 53 68
34 36 78 79
34 36 53
34 35 78 79
34 35 53
26 34 78 79
26 34 53
24 25 34 78 79
24 25 34 53
18 34 78 79
18 34 53
9 34 78 79
9 34 53
1 34 71 78 79
1 34 69 71
1 34 69 70 78 79
1 34 67 71 78 79
1 34 67 69 70 78 79
1 34 67 68 71
1 34 67 68 69 70
1 34 65 66 71 78 79
1 34 65 66 69 70 78 79
1 34 53 71
1 34 53 69 70
1 34 53 67 71
1 34 53 67 69 70
1 34 53 65 66 71
1 34 53 65 66 69 70
1 34 44 78 79
1 34 44 69
1 34 44 67 78 79
1 34 44 67 68
1 34 44 65 66 78 79
1 34 44 53
1 34 44 53 67
1 34 44 53 65 66
1 34 42 71
1 34 42 69 70
1 34 42 44
1 34 40 71 78 79
1 34 40 69 70 78 79
1 34 40 53 71
1 34 40 53 69 70
1 34 40 44 78 79
1 34 40 44 53
34 52 53
34 51 69
34 51 67 68
34 49 50 69
34 49 50 67 68
34 42 51
34 42 49 50
24 34 69
24 34 67 68
24 34 42
68 71
68 69 70
55 71 78 79
55 69 70 78 79
55 67 71 78 79
55 67 69 70 78 79
55 65 66 71 78 79
55 65 66 69 70 78 79
53 55 71
53 55 69 70
53 55 67 71
53 55 67 69 70
53 55 65 66 71
53 55 65 66 69 70
50 67
50 65 66
48 49 67
48 49 65 66
44 68
44 55 78 79
44 55 67 78 79
44 55 65 66 78 79
44 53 55
44 53 55 67
44 53 55 65 66
40 55 71 78 79
40 55 69 70 78 79
40 53 55 71
40 53 55 69 70
40 50
40 48 49
40 44 55 78 79
40 44 53 55
39 40
39 40 67
39 40 65 66
23 67
23 65 66
23 40
22 69 78 79
22 67 68 78 79
22 53 69
22 53 67 68
22 42 78 79
22 42 53
14 67
14 65 66
14 40
73
71 72
59
59 71
59 69 71
59 67 68 71
59 67 68 69 70
55 68 78 79
55 68 69 78 79
53 55 68
53 55 68 69
53 54 59 69
53 54 59 67 68
44 59
44 59 69
44 59 67 68
42 59 71
42 59 69 70
42 55 68 78 79
42 53 55 68
42 53 54 59
42 44 59
34 71
34 69 70
34 67 78 79
34 65 66 78 79
34 61 68 69
34 61 67 68
34 59
34 59 60
34 59 60 69
34 59 60 67 68
34 55 63
34 55 63 78 79
34 55 61 69
34 55 61 67
34 55 61 67 68
34 55 61 65 66
34 55 61 62
34 55 61 62 78 79
34 55 59
34 55 59 71
34 55 59 69
34 55 59 69 78 79
34 55 59 69 70
34 55 59 67 78 79
34 55 59 67 68
34 55 59 67 68 78 79
34 55 59 65 66 78 79
34 54 55
34 54 55 78 79
34 53 67
34 53 65 66
34 53 55 63
34 53 55 61 62
34 53 55 59 69
34 53 55 59 67
34 53 55 59 67 68
34 53 55 59 65 66
34 53 54 61
34 53 54 59
34 53 54 59 71
34 53 54 59 69 78 79
34 53 54 59 69 70
34 53 54 59 67 68 78 79
34 53 54 55
34 53 54 55 59 67
34 53 54 55 59 67 78 79
34 53 54 55 59 65 66
34 53 54 55 59 65 66 78 79
34 52
34 52 69
34 52 67 68
34 52 53 55 78 79
34 50 51
34 50 51 69
34 50 51 67 68
34 44
34 44 55 59
34 44 53 54 59
34 42 61 68
34 42 59 60
34 42 55 61
34 42 55 59
34 42 55 59 78 79
34 42 53 55 59
34 42 53 54 59 78 79
34 42 52
34 42 50 51
34 40 78 79
34 40 55 61
34 40 55 59 78 79
34 40 53
34 40 53 55 59
34 40 53 54 55 59
34 40 53 54 55 59 78 79
34 36 55 68 69 78 79
34 36 55 67 68 78 79
34 36 53 55 68 69
34 36 53 55 67 68
34 36 42 55 68 78 79
34 36 42 53 55 68
28 59 69
28 59 67 68
28 42 59
28 34 61
28 34 59
28 34 59 71
28 34 59 69
28 34 59 69 78 79
28 34 59 69 70
28 34 59 67 68
28 34 59 67 68 78 79
28 34 55 59 67 78 79
28 34 55 59 65 66 78 79
28 34 53 59 69
28 34 53 59 67 68
28 34 53 55 59 67
28 34 53 55 59 65 66
28 34 44 59
28 34 42 59
28 34 42 59 78 79
28 34 42 53 59
28 34 40 55 59 78 79
28 34 40 53 55 59
27 34 55
27 34 55 78 79
27 34 53 55
25 34 69
25 34 67 68
25 34 42
22 34 68 69
22 34 67 68
22 34 42 68
1 73 78 79
1 71 72 78 79
1 53 73
1 53 71 72
1 46 78 79
1 46 53
1 36 71 78 79
1 36 69 70 78 79
1 36 53 71
1 36 53 69 70
1 36 44 78 79
1 36 44 53
1 34 71
1 34 69 78 79
1 34 67 68 78 79
1 34 53 69
1 34 53 67 68
1 34 44
1 34 42 78 79
1 34 42 53
62 68
49 50 65 66 68
40 49 50 68
24 65 66 68
24 40 68
20 55 67 68
19 68
18 19 68
17 18 68
1 68 69
1 62 69
1 62 67 68
1 42 68
1 42 62
1 18 19 69
1 18 19 67 68
1 18 19 42
77 78 79
69 78
69 76 77
68 69 77 78 79
67 69
66 69
66 68 69
65 78 79
65 69 79
65 69 77 78
65 68 69 79
65 68 69 77 78
65 66 69
65 66 68 78
65 66 68 77 78 79
65 66 68 76 77
65 66 68 73
65 66 68 71
65 66 68 71 78 79
65 66 68 71 72
65 66 68 69
65 66 68 69 70
65 66 68 69 70 78 79
65 66 67 68
64 69
64 68 69
64 67 68
64 65 69
61 69 78 79
61 69 73
61 69 71 72
61 68 69
61 67
61 67 68 73
61 67 68 71 72
61 63
60
59 78 79
59 69 78 79
59 67 68 78 79
57 69
57 68 69
56 69
56 67 68
55 77 78 79
55 73 78 79
55 71
55 71 72 78 79
55 69 71
55 67 78 79
55 67 73
55 67 71 72
55 67 70
55 67 69
55 67 68 71
55 67 68 69
55 67 68 69 70
55 66
55 65 66 78 79
55 65 66 73
55 65 66 71 72
55 65 66 70
55 65 66 69
55 65 66 68
55 65 66 68 69
55 65 66 67 68
55 64 65
55 63
55 61 78 79
55 61 65 66
54
54 69 78 79
54 68 69 78 79
54 67 69
54 67 68
54 65 66 69
54 65 66 67 68
54 55
54 55 67 68
54 55 65 66 68
53 79
53 77 78
53 68 69 79
53 68 69 77 78
53 65
53 65 66 68 79
53 65 66 68 77 78
53 65 66 68 71
53 65 66 68 69 70
53 61 69
53 61 68
53 59
53 59 69
53 59 67 68
53 55 79
53 55 77 78
53 55 73
53 55 71 72
53 55 67
53 55 65 66
53 54 68 69
53 54 67 78 79
53 54 67 68
53 54 65 66 78 79
53 54 55 78 79
53 54 55 67
53 54 55 65 66
52 78 79
52 68 69
52 68 69 78 79
52 65 69
52 65 68 69
52 65 66 68 78 79
52 55 78 79
52 55 67
52 55 65 66
52 53 68
52 53 67 68
52 53 65 66 68
52 53 55
52 53 55 69
52 53 55 67 68
51 68 69
51 67
51 65 66
51 61
51 55
51 55 69
51 55 67 68
50 68 69
50 68 69 78 79
50 67 68
50 67 68 78 79
50 55
50 53 68 69
50 53 67 68
49
49 55 78 79
49 53 55
49 50 67
49 50 65 66
49 50 55
49 50 55 69
49 50 55 67 68
48 67
48 65 66
48 49 68 69
48 49 68 69 78 79
48 49 67 68
48 49 67 68 78 79
48 49 55
48 49 53 68 69
48 49 53 67 68
48 49 51 69
48 49 51 68 69
48 49 50 69
48 49 50 68 69
47 48
47 48 55 78 79
47 48 53 55
47 48 50
47 48 49
46 68 69
46 67 78 79
46 65 66 78 79
46 65 66 68
46 55
46 55 67
46 55 65 66
46 53 67
46 53 65 66
46 47 67
46 47 65 66
45 68 69
45 65 66 68
45 61
45 46
44 65 66 68
44 65 66 68 78 79
44 55
44 55 69
44 55 67 68
44 53 65 66 68
44 45 69
44 45 67
44 45 67 78 79
44 45 67 68
44 45 65 66
44 45 65 66 78 79
44 45 55
44 45 55 78 79
44 45 53 67
44 45 53 65 66
44 45 53 55
42 78
42 76 77
42 68 77 78 79
42 67
42 67 68
42 66
42 66 68
42 65 79
42 65 77 78
42 65 68 79
42 65 68 77 78
42 65 66
42 65 66 68
42 64
42 64 68
42 64 65
42 61 78 79
42 61 73
42 61 71 72
42 61 68
42 59 78 79
42 57
42 57 68
42 56
42 55 71
42 55 69 70
42 55 67
42 55 65 66
42 54 78 79
42 54 68 78 79
42 54 67
42 54 65 66
42 53 68 79
42 53 68 77 78
42 53 61
42 53 59
42 53 54 68
42 52 68
42 52 68 78 79
42 52 65
42 52 65 68
42 52 53 55
42 51 68
42 51 55
42 50 68
42 50 68 78 79
42 50 53 68
42 49 50 55
42 48 49 68
42 48 49 68 78 79
42 48 49 53 68
42 48 49 51
42 48 49 51 68
42 48 49 50
42 48 49 50 68
42 46 68
42 45 68
42 44 55
42 44 45
41
41 67 68
41 65 66 68
40 69
40 68 78
40 68 77 78 79
40 68 76 77
40 68 73
40 68 71
40 68 71 78 79
40 68 71 72
40 68 69
40 68 69 70
40 68 69 70 78 79
40 67
40 67 68
40 66 68
40 66 67 68
40 65 68
40 65 66 68
40 64 68
40 64 65 68
40 55 78 79
40 55 73
40 55 71 72
40 55 70
40 55 69
40 55 68
40 55 68 69
40 55 67 68
40 54 69
40 54 67 68
40 54 55 68
40 53 68 79
40 53 68 77 78
40 53 68 71
40 53 68 69 70
40 53 55
40 53 54 78 79
40 53 54 55
40 52 68 78 79
40 52 55
40 52 53 68
40 51
40 49 50
40 48
40 46 78 79
40 46 68
40 46 55
40 46 53
40 46 47
40 45 68
40 44 68
40 44 68 78 79
40 44 53 68
40 44 45
40 44 45 78 79
40 44 45 53
40 42
40 42 68
40 42 55
40 42 54
40 41 68
39 68 69
39 67
39 65 66
39 65 66 68
39 55
39 42 68
39 40 68
38 68
38 68 69
38 68 69 78 79
38 67
38 67 69
38 67 68
38 65 66
38 65 66 69
38 65 66 68
38 65 66 68 78 79
38 65 66 67 68
38 55
38 55 69
38 55 67 68
38 53 68 69
38 53 65 66 68
38 49
38 47 48
38 42 68
38 42 68 78 79
38 42 67
38 42 65 66
38 42 55
38 42 53 68
38 40
38 40 69
38 40 68
38 40 68 78 79
38 40 67 68
38 40 53 68
38 40 42
38 39 67 68
38 39 65 66 68
38 39 40 68
37 67 78 79
37 67 68
37 65 66 78 79
37 65 66 68
37 55
37 53 67
37 53 65 66
37 40 78 79
37 40 68
37 40 53
37 38 67
37 38 65 66
37 38 40
36 67 78 79
36 65 66 78 79
36 64
36 61 65 66 68
36 59
36 59 69
36 59 68 69
36 59 67
36 59 65 66
36 55 69 71
36 55 69 70
36 55 68
36 55 68 69
36 55 68 69 78 79
36 55 67 68 78 79
36 55 67 68 71
36 55 67 68 69 70
36 55 61 68
36 53 67
36 53 65 66
36 53 55 68 69
36 53 55 67 68
36 44 55 69
36 44 55 67 68
36 44 45
36 42 59
36 42 59 68
36 42 55 71
36 42 55 69 70
36 42 55 68
36 42 55 68 78 79
36 42 53 55 68
36 42 44 55
36 40 78 79
36 40 61 68
36 40 59
36 40 53
36 38 39
36 37
36 37 67
36 37 65 66
36 37 40
35 67 78 79
35 67 70
35 67 69
35 67 68 69
35 65 66
35 65 66 78 79
35 65 66 70
35 65 66 69
35 65 66 68 69
35 65 66 67 68
35 61 67 68
35 59 68 69
35 59 67 68
35 55
35 55 78 79
35 55 67
35 55 65 66
35 54 69
35 54 65 66 68
35 53 67
35 53 65 66
35 53 55
35 53 54 67
35 53 54 65 66
35 52 67
35 52 65 66
35 52 53 69
35 52 53 67 68
35 42 67
35 42 65 66
35 42 59 68
35 42 54
35 42 52 53
35 40
35 40 78 79
35 40 70
35 40 69
35 40 68 69
35 40 67 68
35 40 55
35 40 54 68
35 40 53
35 40 53 54
35 40 52
35 40 42
35 36 69
35 36 67
35 36 67 78 79
35 36 67 68
35 36 65 66
35 36 65 66 78 79
35 36 55
35 36 55 78 79
35 36 53 67
35 36 53 65 66
35 36 53 55
35 36 42
35 36 40
35 36 40 78 79
35 36 40 53
31 67 68
31 65 66 68
31 40 68
31 36
30 31
29 69
29 67 68
29 42
29 30 67 68
29 30 65 66 68
29 30 40 68
29 30 36
28 69
28 67
28 67 78 79
28 67 68
28 65 66
28 65 66 78 79
28 55
28 55 78 79
28 55 67
28 55 65 66
28 53 67
28 53 65 66
28 53 55
28 42
28 40
28 40 78 79
28 40 55
28 40 53
28 35 67
28 35 65 66
28 35 40
27 68
27 68 69
27 65 66 68
27 55 69
27 55 67 68
27 42 68
27 42 55
27 40 68
27 35 69
27 35 67 68
27 35 42
26 27
25
25 68
25 68 69
25 55 78 79
25 55 67
25 55 67 78 79
25 55 65 66
25 55 65 66 78 79
25 53 55
25 53 55 67
25 53 55 65 66
25 42 68
25 40 55
25 40 55 78 79
25 40 53 55
25 35
24 67
24 67 69
24 65 66
24 65 66 69
24 65 66 67 68
24 55 69
24 55 67 68
24 50 69
24 50 68 69
24 48 49 69
24 48 49 68 69
24 42 67
24 42 65 66
24 42 55
24 42 50
24 42 50 68
24 42 48 49
24 42 48 49 68
24 40
24 40 69
24 40 67 68
24 40 42
23 68 69
23 68 69 78 79
23 67 68
23 67 68 78 79
23 55
23 53 68 69
23 53 67 68
23 51 69
23 51 68 69
23 49
23 49 50 69
23 49 50 68 69
23 47 48
23 42 68
23 42 68 78 79
23 42 53 68
23 42 51
23 42 51 68
23 42 49 50
23 42 49 50 68
23 24
23 24 78 79
23 24 68
23 24 68 69
23 24 67
23 24 67 68
23 24 65 66
23 24 53
23 24 42 68
23 24 40
23 24 35
22 69
22 68 69
22 67
22 67 68
22 65 66
22 65 66 69
22 65 66 68
22 65 66 67 68
22 55 78 79
22 53 55
22 42
22 42 68
22 42 65 66
22 40
22 40 69
22 40 68
22 40 67 68
22 40 42
22 38 69
22 38 67 69
22 38 65 66 69
22 38 65 66 67 68
22 38 42
22 38 42 67
22 38 42 65 66
22 38 40 69
22 38 40 67 68
22 38 40 42
22 36 67 68
22 36 65 66 68
22 36 40 68
22 25 69
22 25 67 68
22 25 42
22 23 24 69
22 23 24 67 68
22 23 24 42
21 69
21 68 69 78 79
21 65 66 68
21 65 66 68 78 79
21 55
21 53 68 69
21 53 65 66 68
21 42
21 42 68 78 79
21 42 53 68
21 40 68
21 40 68 78 79
21 40 53 68
21 36
20 67 68 78 79
20 65 66 68 78 79
20 65 66 68 69
20 65 66 67 68
20 61 69
20 61 65 66 68
20 57 67
20 57 65 66
20 55 73
20 55 71 72
20 55 67
20 55 65 66 68
20 55 56 67
20 55 56 65 66
20 53 67 68
20 53 65 66 68
20 53 54
20 53 54 67 68
20 53 54 65 66 68
20 53 54 55
20 50
20 50 68 69
20 50 67 68
20 48 49
20 48 49 68 69
20 48 49 67 68
20 46 65 66 68
20 44 45
20 44 45 67 68
20 44 45 65 66 68
20 44 45 55
20 42 67 68
20 42 65 66 68
20 42 61
20 42 50 68
20 42 48 49 68
20 40 68 78 79
20 40 68 69
20 40 67 68
20 40 61 68
20 40 57
20 40 55 68
20 40 55 56
20 40 53 68
20 40 53 54 68
20 40 46 68
20 40 44 45 68
20 40 42 68
20 38 68 69
20 38 67 68
20 38 42 68
20 37
20 37 67 68
20 37 65 66 68
20 37 55
20 37 40 68
20 36 68 69
20 36 67
20 36 67 68
20 36 65 66
20 36 42 68
20 36 40
20 35 68 69
20 35 65 66 68
20 35 55
20 35 42 68
20 35 40 68
20 35 36
20 35 36 67 68
20 35 36 65 66 68
20 35 36 55
20 35 36 40 68
20 30 67
20 30 65 66
20 30 40
20 28
20 28 67 68
20 28 65 66 68
20 28 55
20 28 40 68
20 25 55
20 25 55 69
20 25 55 67 68
20 25 42 55
20 23
20 23 68 69
20 23 67 68
20 23 42 68
20 23 24
20 23 24 55
20 22 67
20 22 67 68
20 22 65 66
20 22 65 66 68
20 22 40
20 22 40 68
20 21 67 68
20 21 65 66 68
20 21 40 68
19 69
19 67
19 67 78 79
19 67 68
19 65 66
19 65 66 78 79
19 55
19 55 78 79
19 53 67
19 53 65 66
19 53 55
19 42
19 40
19 40 78 79
19 40 53
19 20
19 20 67 68
19 20 65 66 68
19 20 55
19 20 40 68
17 18 20 61 67
17 18 20 61 65 66
17 18 20 40 61
16 69
16 68 69
16 42
16 42 68
15
14
13 67 68
13 65 66 68
13 40 68
13 36
12 67
12 65 66
12 61
12 55
12 40
10 78 79
10 69 73
10 69 71 72
10 68 69
10 67 70
10 67 69
10 67 68 73
10 67 68 71 72
10 67 68 69
10 65 66 70
10 65 66 69
10 65 66 68 69
10 65 66 67 68
10 55 78 79
10 55 67
10 55 67 78 79
10 55 67 68
10 55 65 66
10 55 65 66 78 79
10 55 65 66 68
10 54 69
10 54 65 66 68
10 53
10 53 55
10 53 55 67
10 53 55 65 66
10 53 54 67
10 53 54 67 68
10 53 54 65 66
10 53 54 65 66 68
10 52 67
10 52 65 66
10 52 53 69
10 52 53 67 68
10 46 69
10 46 65 66 68
10 44 45 67 68
10 44 45 65 66 68
10 42 73
10 42 71 72
10 42 68
10 42 67
10 42 65 66
10 42 54
10 42 52 53
10 42 46
10 40 70
10 40 69
10 40 68 69
10 40 67 68
10 40 55
10 40 55 78 79
10 40 55 68
10 40 54 68
10 40 53 55
10 40 53 54
10 40 53 54 68
10 40 52
10 40 46 68
10 40 44 45 68
10 40 42
10 36 69
10 36 67
10 36 67 68 78 79
10 36 65 66
10 36 65 66 68
10 36 65 66 68 78 79
10 36 53 67 68
10 36 53 65 66 68
10 36 42
10 36 40
10 36 40 68
10 36 40 68 78 79
10 36 40 53 68
10 35
10 35 67
10 35 65 66
10 35 40
10 28 67
10 28 67 68
10 28 65 66
10 28 65 66 68
10 28 40
10 28 40 68
10 27 69
10 27 67 68
10 27 42
10 20
10 20 67 68 73
10 20 67 68 71 72
10 20 65 66 68 73
10 20 65 66 68 71 72
10 20 55
10 20 55 69
10 20 55 67
10 20 55 67 68
10 20 55 65 66
10 20 46 67 68
10 20 46 65 66 68
10 20 42 55
10 20 40 68 73
10 20 40 68 71 72
10 20 40 55
10 20 40 46 68
10 19 67 68
10 19 65 66 68
10 19 40 68
10 11 61
10 11 55
9 69
9 69 78 79
9 67 68
9 61
9 53 69
9 42
9 42 78 79
9 42 53
9 10
8 9 55 67
8 9 55 65 66
8 9 40 55
8 9 35 67
8 9 35 65 66
8 9 35 40
8 9 10 67
8 9 10 65 66
8 9 10 40
7 78 79
7 69
7 67
7 65 66
7 65 66 68
7 55
7 55 78 79
7 55 67
7 55 65 66
7 53
7 53 55
7 42
7 40
7 40 68
7 40 55
7 35 67
7 35 65 66
7 35 40
7 20 67 68
7 20 65 66 68
7 20 40 68
7 10 67
7 10 65 66
7 10 40
7 8 61
5
4 67 68
4 65 66 68
4 40 68
4 36
3 61
3 55
1 70
1 67 78 79
1 67 71
1 67 70
1 67 69
1 67 69 70
1 67 68 70
1 66 67 69
1 66 67 68
1 65 66
1 65 66 71
1 65 66 70
1 65 66 69
1 65 66 69 70
1 65 66 68
1 65 66 68 69
1 65 66 67
1 65 66 67 68
1 61 69 71
1 61 68 69
1 61 67
1 61 67 68 71
1 61 67 68 70
1 61 67 68 69
1 61 67 68 69 70
1 59 69 78 79
1 59 67 68 78 79
1 57 61
1 56 61
1 56 61 69
1 56 61 67 68
1 55 67 68
1 55 65 66 68
1 55 56
1 54
1 54 69
1 54 65 66 68
1 54 55 61 69
1 54 55 61 67 68
1 53 67
1 53 59 69
1 53 59 67 68
1 53 54
1 53 54 67
1 53 54 67 68
1 53 54 65 66
1 53 54 65 66 68
1 52 67
1 52 65 66
1 52 53 69
1 52 53 67 68
1 51 69
1 51 67 68
1 49 50 69
1 49 50 67 68
1 48
1 46 65 66 68
1 44 67
1 44 65 66
1 44 61 69
1 44 61 67 68
1 44 45 67 68
1 44 45 65 66 68
1 43
1 43 69
1 43 67 68
1 43 61 69
1 43 61 67 68
1 42 70
1 42 68 69
1 42 67
1 42 66 67
1 42 65 66
1 42 61 71
1 42 61 70
1 42 61 69 70
1 42 61 68 69
1 42 59 78 79
1 42 56 61
1 42 54
1 42 54 55 61
1 42 53 59
1 42 52 53
1 42 51
1 42 49 50
1 42 44 61
1 42 43
1 42 43 61
1 41 69
1 41 67 68
1 41 42
1 40
1 40 71
1 40 70
1 40 69
1 40 69 70
1 40 68
1 40 68 69
1 40 67
1 40 67 68
1 40 55 68
1 40 54 68
1 40 53 54
1 40 53 54 68
1 40 52
1 40 46 68
1 40 44
1 40 44 45 68
1 40 42
1 38 61 67
1 38 61 65 66
1 38 40 61
1 36 67 68 78 79
1 36 65 66 68
1 36 65 66 68 78 79
1 36 61 68
1 36 53 67 68
1 36 53 65 66 68
1 36 40 68
1 36 40 68 78 79
1 36 40 53 68
1 35 67
1 35 65 66
1 35 61
1 35 40
1 29 61 69
1 29 61 67 68
1 29 42 61
1 28 67
1 28 67 68
1 28 65 66
1 28 65 66 68
1 28 40
1 28 40 68
1 28 36 61
1 27 69
1 27 67 68
1 27 42
1 26 27
1 26 27 61
1 26 27 36 61
1 25 78 79
1 25 67
1 25 67 78 79
1 25 65 66
1 25 65 66 78 79
1 25 53
1 25 53 67
1 25 53 65 66
1 25 40
1 25 40 78 79
1 25 40 53
1 24 69
1 24 67 68
1 24 42
1 23 24 78 79
1 23 24 67
1 23 24 65 66
1 23 24 53
1 23 24 40
1 22
1 22 69
1 22 68
1 22 67 68
1 22 61 67
1 22 61 65 66
1 22 42
1 22 40 61
1 20 67 68 73
1 20 67 68 71 72
1 20 65 66 68 73
1 20 65 66 68 71 72
1 20 46 67 68
1 20 46 65 66 68
1 20 40 68 73
1 20 40 68 71 72
1 20 40 46 68
1 20 38
1 19 67 68
1 19 65 66 68
1 19 40 68
1 10 78 79
1 10 69
1 10 67 78 79
1 10 67 68
1 10 65 66
1 10 65 66 78 79
1 10 53
1 10 53 67
1 10 53 65 66
1 10 42
1 10 40
1 10 40 78 79
1 10 40 53
1 10 25
1 10 23 24
1 9
1 8 9 67
1 8 9 65 66
1 8 9 40
1 7
1 7 67
1 7 65 66
1 7 40
1 2 61
1 2 55
0 61
0 55 67 68
0 55 65 66 68
0 40 55 68
0 35 67 68
0 35 65 66 68
0 35 40 68
0 10 67 68
0 10 65 66 68
0 10 40 68
0 1 67 68
0 1 65 66 68
0 1 40 68
59 67
59 65 66
40 59
36 54 68
36 52
36 43
28 36 73
28 36 71 72
28 36 46
26 27 36 73
26 27 36 71 72
26 27 36 46
10 36
8 9 36
1 36 73
1 36 71 72
1 36 46
0 36 68
36 61 69 78 79
36 61 67 68 78 79
36 59 69 71
36 59 69 71 78 79
36 59 69 70
36 59 69 70 78 79
36 59 67 68 71
36 59 67 68 71 78 79
36 59 67 68 69 70
36 59 67 68 69 70 78 79
36 53 61 69
36 53 61 67 68
36 53 59 69 71
36 53 59 69 70
36 53 59 67 68 71
36 53 59 67 68 69 70
36 44 59 69
36 44 59 69 78 79
36 44 59 67 68
36 44 59 67 68 78 79
36 44 53 59 69
36 44 53 59 67 68
36 42 61 78 79
36 42 59 71
36 42 59 71 78 79
36 42 59 69 70
36 42 59 69 70 78 79
36 42 53 61
36 42 53 59 71
36 42 53 59 69 70
36 42 44 59
36 42 44 59 78 79
36 42 44 53 59
34 63 69 78 79
34 63 67 68 78 79
34 61 73
34 61 71
34 61 71 72
34 61 69 78 79
34 61 69 77 78 79
34 61 69 71
34 61 67 71 78 79
34 61 67 69 78 79
34 61 67 69 70 78 79
34 61 67 68 77 78 79
34 61 67 68 71
34 61 67 68 69 70
34 61 66 69
34 61 66 67 68
34 61 65 69
34 61 65 67 68
34 61 65 66 71 78 79
34 61 65 66 69 78 79
34 61 65 66 69 70 78 79
34 61 65 66 67 68 78 79
34 61 64 65 69
34 61 64 65 67 68
34 61 63
34 61 63 71 78 79
34 61 63 69 70 78 79
34 61 62 71 78 79
34 61 62 69 78 79
34 61 62 69 70 78 79
34 61 62 67 68 78 79
34 59 71
34 59 69 71
34 59 67
34 59 67 68 71
34 59 67 68 69 70
34 59 65 66
34 59 61 69
34 59 61 67 68
34 57 61
34 57 61 69
34 57 61 67 68
34 55 61 69 71
34 55 61 69 70
34 55 61 67 68 71
34 55 61 67 68 69 70
34 55 56 61
34 55 56 61 69
34 55 56 61 67 68
34 54 69 78 79
34 54 67 68 78 79
34 54 61
34 54 61 71 78 79
34 54 61 69 70 78 79
34 53 63 69
34 53 63 67 68
34 53 61 69 79
34 53 61 69 77 78
34 53 61 67 71
34 53 61 67 69
34 53 61 67 69 70
34 53 61 67 68
34 53 61 67 68 79
34 53 61 67 68 77 78
34 53 61 65 66 71
34 53 61 65 66 69
34 53 61 65 66 69 70
34 53 61 65 66 67 68
34 53 61 63 71
34 53 61 63 69 70
34 53 61 62 71
34 53 61 62 69
34 53 61 62 69 70
34 53 61 62 67 68
34 53 54 69
34 53 54 67 68
34 53 54 61 71
34 53 54 61 69 70
34 53 54 55 61 69
34 53 54 55 61 67 68
34 52 61 69 78 79
34 52 61 67 68 78 79
34 52 53 69
34 52 53 69 78 79
34 52 53 67 68 78 79
34 52 53 61
34 52 53 61 71
34 52 53 61 71 78 79
34 52 53 61 69
34 52 53 61 69 70
34 52 53 61 69 70 78 79
34 52 53 61 67 68
34 51 61 67
34 51 61 65 66
34 49 50 61 67
34 49 50 61 65 66
34 46 61
34 45 61 69
34 45 61 67 68
34 44 61
34 44 61 69
34 44 61 67 78 79
34 44 61 67 68
34 44 61 65 66 78 79
34 44 61 63 78 79
34 44 61 62 78 79
34 44 59
34 44 59 69
34 44 59 67 68
34 44 55 61 69
34 44 55 61 67 68
34 44 54 61 78 79
34 44 53 61 67
34 44 53 61 65 66
34 44 53 61 63
34 44 53 61 62
34 44 53 54 61
34 44 52 53 61
34 44 52 53 61 78 79
34 42 63 78 79
34 42 61 78 79
34 42 61 77 78 79
34 42 61 71
34 42 61 69 70
34 42 61 67 78 79
34 42 61 66
34 42 61 65
34 42 61 65 66 78 79
34 42 61 64 65
34 42 61 62 78 79
34 42 59 71
34 42 59 69 70
34 42 59 61
34 42 57 61
34 42 55 61 71
34 42 55 61 69 70
34 42 55 56 61
34 42 54 78 79
34 42 53 63
34 42 53 61 79
34 42 53 61 77 78
34 42 53 61 67
34 42 53 61 65 66
34 42 53 61 62
34 42 53 54
34 42 53 54 55 61
34 42 52 61 78 79
34 42 52 53
34 42 52 53 78 79
34 42 52 53 61
34 42 45 61
34 42 44 61
34 42 44 59
34 42 44 55 61
34 40 61 71 78 79
34 40 61 69 78 79
34 40 61 69 70 78 79
34 40 61 67 68 78 79
34 40 59
34 40 53 61 71
34 40 53 61 69
34 40 53 61 69 70
34 40 53 61 67 68
34 40 51 61
34 40 49 50 61
34 40 44 61 78 79
34 40 44 53 61
34 40 42 61 78 79
34 40 42 53 61
34 39 61 69
34 39 61 67 68
34 39 42 61
34 36 69 78 79
34 36 67 68 78 79
34 36 61
34 36 61 71 78 79
34 36 61 69
34 36 61 69 70 78 79
34 36 61 67 68
34 36 53 69
34 36 53 67 68
34 36 53 61 71
34 36 53 61 69 70
34 36 44 61 78 79
34 36 44 53 61
34 36 42 78 79
34 36 42 61
34 36 42 53
30 34 61
30 34 61 69
30 34 61 67 68
30 34 42 61
28 34 55 61 69
28 34 55 61 67 68
28 34 42 55 61
27 34 69 78 79
27 34 67 68 78 79
27 34 61
27 34 61 71 78 79
27 34 61 69 70 78 79
27 34 53 69
27 34 53 67 68
27 34 53 61 71
27 34 53 61 69 70
27 34 44 61 78 79
27 34 44 53 61
27 34 42 78 79
27 34 42 53
24 34 61 67
24 34 61 65 66
24 34 40 61
21 34 61 69
21 34 61 69 78 79
21 34 61 67 68
21 34 61 67 68 78 79
21 34 53 61 69
21 34 53 61 67 68
21 34 42 61
21 34 42 61 78 79
21 34 42 53 61
20 34 61 69
20 34 61 67 68
20 34 61 63
20 34 61 62
20 34 54 61
20 34 52 53 61
20 34 42 61
20 34 36 61
20 27 34 61
10 34 61
7 34 61 69
7 34 61 67 68
7 34 42 61
1 34 61 69
1 34 61 69 78 79
1 34 61 67 68
1 34 61 67 68 78 79
1 34 57 61
1 34 57 61 69
1 34 57 61 67 68
1 34 55 61 69
1 34 55 61 67 68
1 34 55 56 61
1 34 55 56 61 69
1 34 55 56 61 67 68
1 34 53 61 69
1 34 53 61 67 68
1 34 53 54 61 69
1 34 53 54 61 67 68
1 34 42 61
1 34 42 61 78 79
1 34 42 57 61
1 34 42 55 61
1 34 42 55 56 61
1 34 42 53 61
1 34 42 53 54 61
1 30 34 61
1 30 34 61 69
1 30 34 61 67 68
1 30 34 42 61
1 28 34 61 69
1 28 34 61 67 68
1 28 34 42 61
