69
65 66 68
63
61
61 62
59 73
59 73 78
59 73 78 79
59 73 76 77
59 73 75 78
59 73 75 76 77
59 73 74 78
59 73 74 76 77
59 71 72
59 71 72 78
59 71 72 78 79
59 71 72 76 77
59 71 72 75 78
59 71 72 75 76 77
59 71 72 73 74 78
59 71 72 73 74 76 77
59 63 73 78
59 63 73 76 77
59 63 73 75
59 63 73 74
59 63 71 72 78
59 63 71 72 76 77
59 63 71 72 75
59 63 71 72 73 74
59 62 63 73
59 62 63 71 72
59 61 73 75
59 61 73 74
59 61 71 72 75
59 61 71 72 73 74
59 61 69 73
59 61 69 71 72
59 61 67 68 73
59 61 67 68 71 72
59 61 65 73
59 61 65 71 72
59 61 63 73 75
59 61 63 73 74
59 61 63 71 72 75
59 61 63 71 72 73 74
59 61 63 64 73
59 61 63 64 71 72
59 61 62 73 78
59 61 62 73 76 77
59 61 62 71 72 78
59 61 62 71 72 76 77
59 60
59 60 75
59 60 73
59 60 73 75
59 60 73 74
59 60 72 73
59 60 71 72
59 60 71 72 75
59 60 71 72 74
59 60 71 72 73
59 60 71 72 73 74
59 60 69 73
59 60 69 71 72
59 60 67 68 73
59 60 67 68 71 72
59 60 65 73
59 60 65 71 72
59 60 63 64 73
59 60 63 64 71 72
59 60 62 73
59 60 62 71 72
59 60 61 63 73
59 60 61 63 71 72
59 60 61 62 73
59 60 61 62 71 72
58 59
58 59 75
58 59 73
58 59 72 73
58 59 71 72
58 59 71 72 74
58 59 71 72 73
57 60 61 63 73
57 60 61 63 71 72
57 60 61 62 73
57 60 61 62 71 72
57 59 60 63 73
57 59 60 63 71 72
57 59 60 61 63 73
57 59 60 61 63 71 72
57 58 59 73
57 58 59 71 72
57 58 59 63 73
57 58 59 63 71 72
57 58 59 61 62 73
57 58 59 61 62 71 72
57 58 59 60 73
57 58 59 60 71 72
55
54
53 59 73
53 59 71 72
52 53
51 59 73
51 59 73 75
51 59 73 74
51 59 71 72
51 59 71 72 75
51 59 71 72 73 74
51 59 63 73
51 59 63 71 72
51 59 61 62 73
51 59 61 62 71 72
50 59 73
50 59 71 72
49 59 63 73
49 59 63 71 72
49 59 61 62 73
49 59 61 62 71 72
48 59 73
48 59 73 78
48 59 73 76 77
48 59 71 72
48 59 71 72 78
48 59 71 72 76 77
48 59 63 73
48 59 63 71 72
48 59 61 73
48 59 61 71 72
48 59 61 63 73
48 59 61 63 71 72
48 59 60
48 59 60 73
48 59 60 71 72
48 58 59
48 57 59 73
48 57 59 71 72
48 51 59 73
48 51 59 71 72
48 49 59 73
48 49 59 71 72
47 59 60 73
47 59 60 71 72
47 58 59 73
47 58 59 71 72
47 48 59 63 73
47 48 59 63 71 72
47 48 59 61 62 73
47 48 59 61 62 71 72
46 59 78
46 59 78 79
46 59 76 77
46 59 75 78
46 59 75 76 77
46 59 73
46 59 73 74 78
46 59 73 74 76 77
46 59 71 72
46 59 63 78
46 59 63 76 77
46 59 63 75
46 59 63 73 74
46 59 62 63
46 59 61 75
46 59 61 73 74
46 59 61 69
46 59 61 67 68
46 59 61 65
46 59 61 63 75
46 59 61 63 73 74
46 59 61 63 64
46 59 61 62 78
46 59 61 62 76 77
46 59 60
46 59 60 75
46 59 60 74
46 59 60 73 74
46 59 60 72 73
46 59 60 69
46 59 60 67 68
46 59 60 65
46 59 60 63 64
46 59 60 62
46 59 60 61 63
46 59 60 61 62
46 58 59
46 58 59 74
46 58 59 72 73
46 57 60 61 63
46 57 60 61 62
46 57 59 60 63
46 57 59 60 61 63
46 57 58 59
46 57 58 59 63
46 57 58 59 61 62
46 57 58 59 60
46 53 59
46 51 59
46 51 59 75
46 51 59 73 74
46 51 59 63
46 51 59 61 62
46 50 59
46 49 59 63
46 49 59 61 62
46 48 59
46 48 59 78
46 48 59 76 77
46 48 59 63
46 48 59 61
46 48 59 61 63
46 48 59 60
46 48 57 59
46 48 51 59
46 48 49 59
46 47 59
46 47 59 73
46 47 59 71 72
46 47 59 60
46 47 58 59
46 47 57 59
46 47 57 59 73
46 47 57 59 71 72
46 47 48 59 63
46 47 48 59 61 62
44 59 73 78
44 59 73 76 77
44 59 73 75 78
44 59 73 75 76 77
44 59 73 74 78
44 59 73 74 76 77
44 59 71 72 78
44 59 71 72 76 77
44 59 71 72 75 78
44 59 71 72 75 76 77
44 59 71 72 73 74 78
44 59 71 72 73 74 76 77
44 59 63 73 75 78 79
44 59 63 73 75 76 77 78 79
44 59 63 73 74 78 79
44 59 63 73 74 76 77 78 79
44 59 63 71 72 75 78 79
44 59 63 71 72 75 76 77 78 79
44 59 63 71 72 73 74 78 79
44 59 63 71 72 73 74 76 77 78 79
44 59 61 62 73 75 78 79
44 59 61 62 73 75 76 77 78 79
44 59 61 62 73 74 78 79
44 59 61 62 73 74 76 77 78 79
44 59 61 62 71 72 75 78 79
44 59 61 62 71 72 75 76 77 78 79
44 59 61 62 71 72 73 74 78 79
44 59 61 62 71 72 73 74 76 77 78 79
44 59 60 73
44 59 60 71 72
44 57 61 73
44 57 61 71 72
44 57 59 60 63 73 78
44 57 59 60 63 73 76 77
44 57 59 60 63 71 72 78
44 57 59 60 63 71 72 76 77
44 57 59 60 61 62 73 78
44 57 59 60 61 62 73 76 77
44 57 59 60 61 62 71 72 78
44 57 59 60 61 62 71 72 76 77
44 57 58 59 63 73 78
44 57 58 59 63 73 76 77
44 57 58 59 63 71 72 78
44 57 58 59 63 71 72 76 77
44 57 58 59 61 62 73 78
44 57 58 59 61 62 73 76 77
44 57 58 59 61 62 71 72 78
44 57 58 59 61 62 71 72 76 77
44 53 59 63 73 75 78
44 53 59 63 73 75 76 77
44 53 59 63 73 74 78
44 53 59 63 73 74 76 77
44 53 59 63 71 72 75 78
44 53 59 63 71 72 75 76 77
44 53 59 63 71 72 73 74 78
44 53 59 63 71 72 73 74 76 77
44 53 59 61 62 73 75 78
44 53 59 61 62 73 75 76 77
44 53 59 61 62 73 74 78
44 53 59 61 62 73 74 76 77
44 53 59 61 62 71 72 75 78
44 53 59 61 62 71 72 75 76 77
44 53 59 61 62 71 72 73 74 78
44 53 59 61 62 71 72 73 74 76 77
44 51 59 73
44 51 59 73 75
44 51 59 73 74
44 51 59 71 72
44 51 59 71 72 75
44 51 59 71 72 73 74
44 51 59 63 73 75 78 79
44 51 59 63 73 74 78 79
44 51 59 63 71 72 75 78 79
44 51 59 63 71 72 73 74 78 79
44 51 59 61 62 73 75 78 79
44 51 59 61 62 73 74 78 79
44 51 59 61 62 71 72 75 78 79
44 51 59 61 62 71 72 73 74 78 79
44 51 57 59 60 63 73
44 51 57 59 60 63 71 72
44 51 57 59 60 61 62 73
44 51 57 59 60 61 62 71 72
44 51 57 58 59 63 73
44 51 57 58 59 63 71 72
44 51 57 58 59 61 62 73
44 51 57 58 59 61 62 71 72
44 51 53 59 63 73 75
44 51 53 59 63 73 74
44 51 53 59 63 71 72 75
44 51 53 59 63 71 72 73 74
44 51 53 59 61 62 73 75
44 51 53 59 61 62 73 74
44 51 53 59 61 62 71 72 75
44 51 53 59 61 62 71 72 73 74
44 48 59 73 78
44 48 59 73 76 77
44 48 59 71 72 78
44 48 59 71 72 76 77
44 48 59 63 73 78 79
44 48 59 63 73 76 77 78 79
44 48 59 63 71 72 78 79
44 48 59 63 71 72 76 77 78 79
44 48 59 61 62 73 78 79
44 48 59 61 62 73 76 77 78 79
44 48 59 61 62 71 72 78 79
44 48 59 61 62 71 72 76 77 78 79
44 48 53 59 63 73 78
44 48 53 59 63 73 76 77
44 48 53 59 63 71 72 78
44 48 53 59 63 71 72 76 77
44 48 53 59 61 62 73 78
44 48 53 59 61 62 73 76 77
44 48 53 59 61 62 71 72 78
44 48 53 59 61 62 71 72 76 77
44 48 51 59 73
44 48 51 59 71 72
44 48 51 59 63 73 78 79
44 48 51 59 63 71 72 78 79
44 48 51 59 61 62 73 78 79
44 48 51 59 61 62 71 72 78 79
44 48 51 53 59 63 73
44 48 51 53 59 63 71 72
44 48 51 53 59 61 62 73
44 48 51 53 59 61 62 71 72
44 46 59 78
44 46 59 76 77
44 46 59 75 78
44 46 59 75 76 77
44 46 59 73 74 78
44 46 59 73 74 76 77
44 46 59 63 75 78 79
44 46 59 63 75 76 77 78 79
44 46 59 63 73 74 78 79
44 46 59 63 73 74 76 77 78 79
44 46 59 61 62 75 78 79
44 46 59 61 62 75 76 77 78 79
44 46 59 61 62 73 74 78 79
44 46 59 61 62 73 74 76 77 78 79
44 46 59 60
44 46 57 61
44 46 57 59 60 63 78
44 46 57 59 60 63 76 77
44 46 57 59 60 61 62 78
44 46 57 59 60 61 62 76 77
44 46 57 58 59 63 78
44 46 57 58 59 63 76 77
44 46 57 58 59 61 62 78
44 46 57 58 59 61 62 76 77
44 46 53 59 63 75 78
44 46 53 59 63 75 76 77
44 46 53 59 63 73 74 78
44 46 53 59 63 73 74 76 77
44 46 53 59 61 62 75 78
44 46 53 59 61 62 75 76 77
44 46 53 59 61 62 73 74 78
44 46 53 59 61 62 73 74 76 77
44 46 51 59
44 46 51 59 75
44 46 51 59 73 74
44 46 51 59 63 75 78 79
44 46 51 59 63 73 74 78 79
44 46 51 59 61 62 75 78 79
44 46 51 59 61 62 73 74 78 79
44 46 51 57 59 60 63
44 46 51 57 59 60 61 62
44 46 51 57 58 59 63
44 46 51 57 58 59 61 62
44 46 51 53 59 63 75
44 46 51 53 59 63 73 74
44 46 51 53 59 61 62 75
44 46 51 53 59 61 62 73 74
44 46 48 59 78
44 46 48 59 76 77
44 46 48 59 63 78 79
44 46 48 59 63 76 77 78 79
44 46 48 59 61 62 78 79
44 46 48 59 61 62 76 77 78 79
44 46 48 53 59 63 78
44 46 48 53 59 63 76 77
44 46 48 53 59 61 62 78
44 46 48 53 59 61 62 76 77
44 46 48 51 59
44 46 48 51 59 63 78 79
44 46 48 51 59 61 62 78 79
44 46 48 51 53 59 63
44 46 48 51 53 59 61 62
44 45 59 73
44 45 59 71 72
44 45 46 59
42
42 59 73
42 59 73 78
42 59 73 76 77
42 59 71 72
42 59 71 72 78
42 59 71 72 76 77
42 59 61 73
42 59 61 71
42 59 61 71 72
42 59 61 69 70
42 59 61 63 73
42 59 61 63 71 72
42 59 61 62 73
42 59 61 62 71 72
42 59 60 73
42 59 60 71 72
42 57 59 61 73
42 57 59 61 73 78
42 57 59 61 73 76 77
42 57 59 61 71 72
42 57 59 61 71 72 78
42 57 59 61 71 72 76 77
42 57 59 60 73
42 57 59 60 71 72
42 57 59 60 61 73 78
42 57 59 60 61 73 76 77
42 57 59 60 61 71 72 78
42 57 59 60 61 71 72 76 77
42 51 59 73
42 51 59 71 72
42 51 57 59 61 73
42 51 57 59 61 71 72
42 51 57 59 60 61 73
42 51 57 59 60 61 71 72
42 48 57 59 60 63 73
42 48 57 59 60 63 71 72
42 48 57 59 60 61 62 73
42 48 57 59 60 61 62 71 72
42 46 59
42 46 59 78
42 46 59 76 77
42 46 59 61
42 46 59 61 63
42 46 59 61 62
42 46 59 60
42 46 57 59 61
42 46 57 59 61 78
42 46 57 59 61 76 77
42 46 57 59 60
42 46 57 59 60 61 78
42 46 57 59 60 61 76 77
42 46 51 59
42 46 51 57 59 61
42 46 51 57 59 60 61
42 46 48 57 59 60 63
42 46 48 57 59 60 61 62
42 46 47 57 59 60 63
42 46 47 57 59 60 63 73
42 46 47 57 59 60 63 71 72
42 46 47 57 59 60 61 62
42 46 47 57 59 60 61 62 73
42 46 47 57 59 60 61 62 71 72
42 44 59 61
42 44 59 61 73
42 44 59 61 71 72
42 44 46 59 61
42 43 59 73 78
42 43 59 73 76 77
42 43 59 73 75 78
42 43 59 73 75 76 77
42 43 59 73 74 78
42 43 59 73 74 76 77
42 43 59 71 72 78
42 43 59 71 72 76 77
42 43 59 71 72 75 78
42 43 59 71 72 75 76 77
42 43 59 71 72 73 74 78
42 43 59 71 72 73 74 76 77
42 43 59 63 73 75 78 79
42 43 59 63 73 75 76 77 78 79
42 43 59 63 73 74 78 79
42 43 59 63 73 74 76 77 78 79
42 43 59 63 71 72 75 78 79
42 43 59 63 71 72 75 76 77 78 79
42 43 59 63 71 72 73 74 78 79
42 43 59 63 71 72 73 74 76 77 78 79
42 43 59 61 73
42 43 59 61 71 72
42 43 59 61 62 73 75 78 79
42 43 59 61 62 73 75 76 77 78 79
42 43 59 61 62 73 74 78 79
42 43 59 61 62 73 74 76 77 78 79
42 43 59 61 62 71 72 75 78 79
42 43 59 61 62 71 72 75 76 77 78 79
42 43 59 61 62 71 72 73 74 78 79
42 43 59 61 62 71 72 73 74 76 77 78 79
42 43 59 60 73
42 43 59 60 71 72
42 43 57 61 73
42 43 57 61 71 72
42 43 57 59 60 63 73 78
42 43 57 59 60 63 73 76 77
42 43 57 59 60 63 71 72 78
42 43 57 59 60 63 71 72 76 77
42 43 57 59 60 61 62 73 78
42 43 57 59 60 61 62 73 76 77
42 43 57 59 60 61 62 71 72 78
42 43 57 59 60 61 62 71 72 76 77
42 43 57 58 59 63 73 78
42 43 57 58 59 63 73 76 77
42 43 57 58 59 63 71 72 78
42 43 57 58 59 63 71 72 76 77
42 43 57 58 59 61 62 73 78
42 43 57 58 59 61 62 73 76 77
42 43 57 58 59 61 62 71 72 78
42 43 57 58 59 61 62 71 72 76 77
42 43 53 59 63 73 75 78
42 43 53 59 63 73 75 76 77
42 43 53 59 63 73 74 78
42 43 53 59 63 73 74 76 77
42 43 53 59 63 71 72 75 78
42 43 53 59 63 71 72 75 76 77
42 43 53 59 63 71 72 73 74 78
42 43 53 59 63 71 72 73 74 76 77
42 43 53 59 61 62 73 75 78
42 43 53 59 61 62 73 75 76 77
42 43 53 59 61 62 73 74 78
42 43 53 59 61 62 73 74 76 77
42 43 53 59 61 62 71 72 75 78
42 43 53 59 61 62 71 72 75 76 77
42 43 53 59 61 62 71 72 73 74 78
42 43 53 59 61 62 71 72 73 74 76 77
42 43 51 59 73
42 43 51 59 73 75
42 43 51 59 73 74
42 43 51 59 71 72
42 43 51 59 71 72 75
42 43 51 59 71 72 73 74
42 43 51 59 63 73 75 78 79
42 43 51 59 63 73 74 78 79
42 43 51 59 63 71 72 75 78 79
42 43 51 59 63 71 72 73 74 78 79
42 43 51 59 61 62 73 75 78 79
42 43 51 59 61 62 73 74 78 79
42 43 51 59 61 62 71 72 75 78 79
42 43 51 59 61 62 71 72 73 74 78 79
42 43 51 57 59 60 63 73
42 43 51 57 59 60 63 71 72
42 43 51 57 59 60 61 62 73
42 43 51 57 59 60 61 62 71 72
42 43 51 57 58 59 63 73
42 43 51 57 58 59 63 71 72
42 43 51 57 58 59 61 62 73
42 43 51 57 58 59 61 62 71 72
42 43 51 53 59 63 73 75
42 43 51 53 59 63 73 74
42 43 51 53 59 63 71 72 75
42 43 51 53 59 63 71 72 73 74
42 43 51 53 59 61 62 73 75
42 43 51 53 59 61 62 73 74
42 43 51 53 59 61 62 71 72 75
42 43 51 53 59 61 62 71 72 73 74
42 43 48 59 73 78
42 43 48 59 73 76 77
42 43 48 59 71 72 78
42 43 48 59 71 72 76 77
42 43 48 59 63 73 78 79
42 43 48 59 63 73 76 77 78 79
42 43 48 59 63 71 72 78 79
42 43 48 59 63 71 72 76 77 78 79
42 43 48 59 61 62 73 78 79
42 43 48 59 61 62 73 76 77 78 79
42 43 48 59 61 62 71 72 78 79
42 43 48 59 61 62 71 72 76 77 78 79
42 43 48 53 59 63 73 78
42 43 48 53 59 63 73 76 77
42 43 48 53 59 63 71 72 78
42 43 48 53 59 63 71 72 76 77
42 43 48 53 59 61 62 73 78
42 43 48 53 59 61 62 73 76 77
42 43 48 53 59 61 62 71 72 78
42 43 48 53 59 61 62 71 72 76 77
42 43 48 51 59 73
42 43 48 51 59 71 72
42 43 48 51 59 63 73 78 79
42 43 48 51 59 63 71 72 78 79
42 43 48 51 59 61 62 73 78 79
42 43 48 51 59 61 62 71 72 78 79
42 43 48 51 53 59 63 73
42 43 48 51 53 59 63 71 72
42 43 48 51 53 59 61 62 73
42 43 48 51 53 59 61 62 71 72
42 43 46 59 78
42 43 46 59 76 77
42 43 46 59 75 78
42 43 46 59 75 76 77
42 43 46 59 73 74 78
42 43 46 59 73 74 76 77
42 43 46 59 63 75 78 79
42 43 46 59 63 75 76 77 78 79
42 43 46 59 63 73 74 78 79
42 43 46 59 63 73 74 76 77 78 79
42 43 46 59 61
42 43 46 59 61 62 75 78 79
42 43 46 59 61 62 75 76 77 78 79
42 43 46 59 61 62 73 74 78 79
42 43 46 59 61 62 73 74 76 77 78 79
42 43 46 59 60
42 43 46 57 61
42 43 46 57 59 60 63 78
42 43 46 57 59 60 63 76 77
42 43 46 57 59 60 61 62 78
42 43 46 57 59 60 61 62 76 77
42 43 46 57 58 59 63 78
42 43 46 57 58 59 63 76 77
42 43 46 57 58 59 61 62 78
42 43 46 57 58 59 61 62 76 77
42 43 46 53 59 63 75 78
42 43 46 53 59 63 75 76 77
42 43 46 53 59 63 73 74 78
42 43 46 53 59 63 73 74 76 77
42 43 46 53 59 61 62 75 78
42 43 46 53 59 61 62 75 76 77
42 43 46 53 59 61 62 73 74 78
42 43 46 53 59 61 62 73 74 76 77
42 43 46 51 59
42 43 46 51 59 75
42 43 46 51 59 73 74
42 43 46 51 59 63 75 78 79
42 43 46 51 59 63 73 74 78 79
42 43 46 51 59 61 62 75 78 79
42 43 46 51 59 61 62 73 74 78 79
42 43 46 51 57 59 60 63
42 43 46 51 57 59 60 61 62
42 43 46 51 57 58 59 63
42 43 46 51 57 58 59 61 62
42 43 46 51 53 59 63 75
42 43 46 51 53 59 63 73 74
42 43 46 51 53 59 61 62 75
42 43 46 51 53 59 61 62 73 74
42 43 46 48 59 78
42 43 46 48 59 76 77
42 43 46 48 59 63 78 79
42 43 46 48 59 63 76 77 78 79
42 43 46 48 59 61 62 78 79
42 43 46 48 59 61 62 76 77 78 79
42 43 46 48 53 59 63 78
42 43 46 48 53 59 63 76 77
42 43 46 48 53 59 61 62 78
42 43 46 48 53 59 61 62 76 77
42 43 46 48 51 59
42 43 46 48 51 59 63 78 79
42 43 46 48 51 59 61 62 78 79
42 43 46 48 51 53 59 63
42 43 46 48 51 53 59 61 62
40 68
40 41 59 73
40 41 59 73 78
40 41 59 73 76 77
40 41 59 71 72
40 41 59 71 72 78
40 41 59 71 72 76 77
40 41 59 61 71
40 41 59 61 69 70
40 41 59 61 63 73
40 41 59 61 63 71 72
40 41 59 61 62 73
40 41 59 61 62 71 72
40 41 57 59 61 73
40 41 57 59 61 73 78
40 41 57 59 61 73 76 77
40 41 57 59 61 71 72
40 41 57 59 61 71 72 78
40 41 57 59 61 71 72 76 77
40 41 57 59 60 73
40 41 57 59 60 71 72
40 41 57 59 60 61 73 78
40 41 57 59 60 61 73 76 77
40 41 57 59 60 61 71 72 78
40 41 57 59 60 61 71 72 76 77
40 41 51 59 73
40 41 51 59 71 72
40 41 51 57 59 61 73
40 41 51 57 59 61 71 72
40 41 51 57 59 60 61 73
40 41 51 57 59 60 61 71 72
40 41 48 57 59 60 63 73
40 41 48 57 59 60 63 71 72
40 41 48 57 59 60 61 62 73
40 41 48 57 59 60 61 62 71 72
40 41 46 59
40 41 46 59 78
40 41 46 59 76 77
40 41 46 59 61 63
40 41 46 59 61 62
40 41 46 57 59 61
40 41 46 57 59 61 78
40 41 46 57 59 61 76 77
40 41 46 57 59 60
40 41 46 57 59 60 61 78
40 41 46 57 59 60 61 76 77
40 41 46 51 59
40 41 46 51 57 59 61
40 41 46 51 57 59 60 61
40 41 46 48 57 59 60 63
40 41 46 48 57 59 60 61 62
40 41 46 47 57 59 60 63
40 41 46 47 57 59 60 63 73
40 41 46 47 57 59 60 63 71 72
40 41 46 47 57 59 60 61 62
40 41 46 47 57 59 60 61 62 73
40 41 46 47 57 59 60 61 62 71 72
40 41 44 59 61
40 41 44 59 61 73
40 41 44 59 61 71 72
40 41 44 46 59 61
40 41 42 43 59 61 73
40 41 42 43 59 61 71 72
40 41 42 43 46 59 61
38 59 61 73
38 59 61 71 72
38 59 60 73
38 59 60 71 72
38 46 59 61
38 46 59 60
36
36 59 73 78
36 59 73 76 77
36 59 73 75
36 59 73 74
36 59 71 72 78
36 59 71 72 76 77
36 59 71 72 75
36 59 71 72 73 74
36 59 69
36 59 67
36 59 67 68
36 59 65 66
36 59 62 73
36 59 62 71 72
36 59 61 73 75
36 59 61 73 74
36 59 61 71 72 75
36 59 61 71 72 73 74
36 59 60 61 73
36 59 60 61 71 72
36 57 60 61 73
36 57 60 61 71 72
36 57 59 60 73
36 57 59 60 71 72
36 57 59 60 61 73
36 57 59 60 61 71 72
36 57 58 59 73
36 57 58 59 71 72
36 51 59 73
36 51 59 71 72
36 49 59 73
36 49 59 71 72
36 48 59 73
36 48 59 71 72
36 48 59 61 73
36 48 59 61 71 72
36 47 48 59 73
36 47 48 59 71 72
36 46 59 78
36 46 59 76 77
36 46 59 75
36 46 59 73 74
36 46 59 62
36 46 59 61 75
36 46 59 61 73 74
36 46 59 60 61
36 46 57 60 61
36 46 57 59 60
36 46 57 59 60 61
36 46 57 58 59
36 46 51 59
36 46 49 59
36 46 48 59
36 46 48 59 61
36 46 47 48 59
36 44 59 73 75 78 79
36 44 59 73 75 76 77 78 79
36 44 59 73 74 78 79
36 44 59 73 74 76 77 78 79
36 44 59 71 72 75 78 79
36 44 59 71 72 75 76 77 78 79
36 44 59 71 72 73 74 78 79
36 44 59 71 72 73 74 76 77 78 79
36 44 57 59 60 73 78
36 44 57 59 60 73 76 77
36 44 57 59 60 71 72 78
36 44 57 59 60 71 72 76 77
36 44 57 58 59 73 78
36 44 57 58 59 73 76 77
36 44 57 58 59 71 72 78
36 44 57 58 59 71 72 76 77
36 44 53 59 73 75 78
36 44 53 59 73 75 76 77
36 44 53 59 73 74 78
36 44 53 59 73 74 76 77
36 44 53 59 71 72 75 78
36 44 53 59 71 72 75 76 77
36 44 53 59 71 72 73 74 78
36 44 53 59 71 72 73 74 76 77
36 44 51 59 73 75 78 79
36 44 51 59 73 74 78 79
36 44 51 59 71 72 75 78 79
36 44 51 59 71 72 73 74 78 79
36 44 51 57 59 60 73
36 44 51 57 59 60 71 72
36 44 51 57 58 59 73
36 44 51 57 58 59 71 72
36 44 51 53 59 73 75
36 44 51 53 59 73 74
36 44 51 53 59 71 72 75
36 44 51 53 59 71 72 73 74
36 44 48 59 73 78 79
36 44 48 59 73 76 77 78 79
36 44 48 59 71 72 78 79
36 44 48 59 71 72 76 77 78 79
36 44 48 53 59 73 78
36 44 48 53 59 73 76 77
36 44 48 53 59 71 72 78
36 44 48 53 59 71 72 76 77
36 44 48 51 59 73 78 79
36 44 48 51 59 71 72 78 79
36 44 48 51 53 59 73
36 44 48 51 53 59 71 72
36 44 46 59 75 78 79
36 44 46 59 75 76 77 78 79
36 44 46 59 73 74 78 79
36 44 46 59 73 74 76 77 78 79
36 44 46 57 59 60 78
36 44 46 57 59 60 76 77
36 44 46 57 58 59 78
36 44 46 57 58 59 76 77
36 44 46 53 59 75 78
36 44 46 53 59 75 76 77
36 44 46 53 59 73 74 78
36 44 46 53 59 73 74 76 77
36 44 46 51 59 75 78 79
36 44 46 51 59 73 74 78 79
36 44 46 51 57 59 60
36 44 46 51 57 58 59
36 44 46 51 53 59 75
36 44 46 51 53 59 73 74
36 44 46 48 59 78 79
36 44 46 48 59 76 77 78 79
36 44 46 48 53 59 78
36 44 46 48 53 59 76 77
36 44 46 48 51 59 78 79
36 44 46 48 51 53 59
36 42 59
36 42 59 61 73
36 42 59 61 71 72
36 42 48 57 59 60 73
36 42 48 57 59 60 71 72
36 42 46 59 61
36 42 46 48 57 59 60
36 42 46 47 57 59 60
36 42 46 47 57 59 60 73
36 42 46 47 57 59 60 71 72
36 42 43 59 73 75 78 79
36 42 43 59 73 75 76 77 78 79
36 42 43 59 73 74 78 79
36 42 43 59 73 74 76 77 78 79
36 42 43 59 71 72 75 78 79
36 42 43 59 71 72 75 76 77 78 79
36 42 43 59 71 72 73 74 78 79
36 42 43 59 71 72 73 74 76 77 78 79
36 42 43 57 59 60 73 78
36 42 43 57 59 60 73 76 77
36 42 43 57 59 60 71 72 78
36 42 43 57 59 60 71 72 76 77
36 42 43 57 58 59 73 78
36 42 43 57 58 59 73 76 77
36 42 43 57 58 59 71 72 78
36 42 43 57 58 59 71 72 76 77
36 42 43 53 59 73 75 78
36 42 43 53 59 73 75 76 77
36 42 43 53 59 73 74 78
36 42 43 53 59 73 74 76 77
36 42 43 53 59 71 72 75 78
36 42 43 53 59 71 72 75 76 77
36 42 43 53 59 71 72 73 74 78
36 42 43 53 59 71 72 73 74 76 77
36 42 43 51 59 73 75 78 79
36 42 43 51 59 73 74 78 79
36 42 43 51 59 71 72 75 78 79
36 42 43 51 59 71 72 73 74 78 79
36 42 43 51 57 59 60 73
36 42 43 51 57 59 60 71 72
36 42 43 51 57 58 59 73
36 42 43 51 57 58 59 71 72
36 42 43 51 53 59 73 75
36 42 43 51 53 59 73 74
36 42 43 51 53 59 71 72 75
36 42 43 51 53 59 71 72 73 74
36 42 43 48 59 73 78 79
36 42 43 48 59 73 76 77 78 79
36 42 43 48 59 71 72 78 79
36 42 43 48 59 71 72 76 77 78 79
36 42 43 48 53 59 73 78
36 42 43 48 53 59 73 76 77
36 42 43 48 53 59 71 72 78
36 42 43 48 53 59 71 72 76 77
36 42 43 48 51 59 73 78 79
36 42 43 48 51 59 71 72 78 79
36 42 43 48 51 53 59 73
36 42 43 48 51 53 59 71 72
36 42 43 46 59 75 78 79
36 42 43 46 59 75 76 77 78 79
36 42 43 46 59 73 74 78 79
36 42 43 46 59 73 74 76 77 78 79
36 42 43 46 57 59 60 78
36 42 43 46 57 59 60 76 77
36 42 43 46 57 58 59 78
36 42 43 46 57 58 59 76 77
36 42 43 46 53 59 75 78
36 42 43 46 53 59 75 76 77
36 42 43 46 53 59 73 74 78
36 42 43 46 53 59 73 74 76 77
36 42 43 46 51 59 75 78 79
36 42 43 46 51 59 73 74 78 79
36 42 43 46 51 57 59 60
36 42 43 46 51 57 58 59
36 42 43 46 51 53 59 75
36 42 43 46 51 53 59 73 74
36 42 43 46 48 59 78 79
36 42 43 46 48 59 76 77 78 79
36 42 43 46 48 53 59 78
36 42 43 46 48 53 59 76 77
36 42 43 46 48 51 59 78 79
36 42 43 46 48 51 53 59
36 40 59
36 40 41 59 61 73
36 40 41 59 61 71 72
36 40 41 48 57 59 60 73
36 40 41 48 57 59 60 71 72
36 40 41 46 59 61
36 40 41 46 48 57 59 60
36 40 41 46 47 57 59 60
36 40 41 46 47 57 59 60 73
36 40 41 46 47 57 59 60 71 72
35 59 63 73
35 59 63 71 72
35 59 61 73
35 59 61 71 72
35 59 61 62 73
35 59 61 62 71 72
35 59 60 73
35 59 60 71 72
35 46 59 63
35 46 59 61
35 46 59 61 62
35 46 59 60
35 36 59 73
35 36 59 71 72
35 36 46 59
34
34 78 79
34 69 78 79
34 67 68 78 79
34 59 73 75
34 59 73 74
34 59 71 72 75
34 59 71 72 73 74
34 59 69 73
34 59 69 71 72
34 59 67 68 73
34 59 67 68 71 72
34 59 65 73
34 59 65 71 72
34 59 63 64 73
34 59 63 64 71 72
34 59 62 73
34 59 62 71 72
34 59 60 61 73
34 59 60 61 71 72
34 53
34 53 69
34 53 67 68
34 48 59 73
34 48 59 71 72
34 46 59 75
34 46 59 73 74
34 46 59 69
34 46 59 67 68
34 46 59 65
34 46 59 63 64
34 46 59 62
34 46 59 60 61
34 46 48 59
34 44 59 73
34 44 59 71 72
34 44 46 59
34 42 78 79
34 42 59 73
34 42 59 71 72
34 42 57 59 73
34 42 57 59 71 72
34 42 57 59 61 73 78
34 42 57 59 61 73 76 77
34 42 57 59 61 71 72 78
34 42 57 59 61 71 72 76 77
34 42 53
34 42 51 57 59 61 73
34 42 51 57 59 61 71 72
34 42 46 59
34 42 46 57 59
34 42 46 57 59 61 78
34 42 46 57 59 61 76 77
34 42 46 51 57 59 61
34 42 43 59 73
34 42 43 59 71 72
34 42 43 46 59
34 40 41 57 59 73
34 40 41 57 59 71 72
34 40 41 57 59 61 73 78
34 40 41 57 59 61 73 76 77
34 40 41 57 59 61 71 72 78
34 40 41 57 59 61 71 72 76 77
34 40 41 51 57 59 61 73
34 40 41 51 57 59 61 71 72
34 40 41 46 57 59
34 40 41 46 57 59 61 78
34 40 41 46 57 59 61 76 77
34 40 41 46 51 57 59 61
34 38 59 73
34 38 59 71 72
34 38 46 59
34 35 59 73
34 35 59 71 72
34 35 46 59
33 59
33 59 75
33 59 73
33 59 72 73
33 59 71 72
33 59 71 72 74
33 59 71 72 73
33 57 61 63 73
33 57 61 63 71 72
33 57 61 62 73
33 57 61 62 71 72
33 57 59 63 73
33 57 59 63 71 72
33 57 59 61 63 73
33 57 59 61 63 71 72
33 57 58 59 73
33 57 58 59 71 72
33 48 59
33 47 59 73
33 47 59 71 72
33 46 59
33 46 59 74
33 46 59 72 73
33 46 57 61 63
33 46 57 61 62
33 46 57 59 63
33 46 57 59 61 63
33 46 57 58 59
33 46 47 59
33 44 57 59 63 73 78
33 44 57 59 63 73 76 77
33 44 57 59 63 71 72 78
33 44 57 59 63 71 72 76 77
33 44 57 59 61 62 73 78
33 44 57 59 61 62 73 76 77
33 44 57 59 61 62 71 72 78
33 44 57 59 61 62 71 72 76 77
33 44 51 57 59 63 73
33 44 51 57 59 63 71 72
33 44 51 57 59 61 62 73
33 44 51 57 59 61 62 71 72
33 44 46 57 59 63 78
33 44 46 57 59 63 76 77
33 44 46 57 59 61 62 78
33 44 46 57 59 61 62 76 77
33 44 46 51 57 59 63
33 44 46 51 57 59 61 62
33 42 43 57 59 63 73 78
33 42 43 57 59 63 73 76 77
33 42 43 57 59 63 71 72 78
33 42 43 57 59 63 71 72 76 77
33 42 43 57 59 61 62 73 78
33 42 43 57 59 61 62 73 76 77
33 42 43 57 59 61 62 71 72 78
33 42 43 57 59 61 62 71 72 76 77
33 42 43 51 57 59 63 73
33 42 43 51 57 59 63 71 72
33 42 43 51 57 59 61 62 73
33 42 43 51 57 59 61 62 71 72
33 42 43 46 57 59 63 78
33 42 43 46 57 59 63 76 77
33 42 43 46 57 59 61 62 78
33 42 43 46 57 59 61 62 76 77
33 42 43 46 51 57 59 63
33 42 43 46 51 57 59 61 62
33 36 57 61 73
33 36 57 61 71 72
33 36 57 59 73
33 36 57 59 71 72
33 36 57 59 61 73
33 36 57 59 61 71 72
33 36 46 57 61
33 36 46 57 59
33 36 46 57 59 61
33 36 44 57 59 73 78
33 36 44 57 59 73 76 77
33 36 44 57 59 71 72 78
33 36 44 57 59 71 72 76 77
33 36 44 51 57 59 73
33 36 44 51 57 59 71 72
33 36 44 46 57 59 78
33 36 44 46 57 59 76 77
33 36 44 46 51 57 59
33 36 42 43 57 59 73 78
33 36 42 43 57 59 73 76 77
33 36 42 43 57 59 71 72 78
33 36 42 43 57 59 71 72 76 77
33 36 42 43 51 57 59 73
33 36 42 43 51 57 59 71 72
33 36 42 43 46 57 59 78
33 36 42 43 46 57 59 76 77
33 36 42 43 46 51 57 59
32 59 60 73
32 59 60 71 72
32 58 59 73
32 58 59 71 72
32 46 59 60
32 46 58 59
32 33 59 73
32 33 59 71 72
32 33 46 59
30 59 73 78
30 59 73 76 77
30 59 71 72 78
30 59 71 72 76 77
30 51 59 73
30 51 59 71 72
30 46 59 78
30 46 59 76 77
30 46 51 59
28 59 73
28 59 71 72
28 46 59
28 29 59 73 78
28 29 59 73 76 77
28 29 59 71 72 78
28 29 59 71 72 76 77
28 29 51 59 73
28 29 51 59 71 72
28 29 46 59 78
28 29 46 59 76 77
28 29 46 51 59
27
23 59 73
23 59 71 72
23 46 59
22 59 63 73
22 59 63 71 72
22 59 61 62 73
22 59 61 62 71 72
22 46 59 63
22 46 59 61 62
22 36 59 73
22 36 59 71 72
22 36 46 59
21 59 73
21 59 71 72
21 57 59 73
21 57 59 71 72
21 46 59
21 46 57 59
21 42 57 59 60 63 73
21 42 57 59 60 63 71 72
21 42 57 59 60 61 62 73
21 42 57 59 60 61 62 71 72
21 42 46 57 59 60 63
21 42 46 57 59 60 61 62
21 40 41 57 59 60 63 73
21 40 41 57 59 60 63 71 72
21 40 41 57 59 60 61 62 73
21 40 41 57 59 60 61 62 71 72
21 40 41 46 57 59 60 63
21 40 41 46 57 59 60 61 62
21 36 42 57 59 60 73
21 36 42 57 59 60 71 72
21 36 42 46 57 59 60
21 36 40 41 57 59 60 73
21 36 40 41 57 59 60 71 72
21 36 40 41 46 57 59 60
19 59 73
19 59 71 72
19 46 59
18 42 48 57 59 63 73
18 42 48 57 59 63 71 72
18 42 48 57 59 61 62 73
18 42 48 57 59 61 62 71 72
18 42 46 48 57 59 63
18 42 46 48 57 59 61 62
18 42 46 47 57 59 63
18 42 46 47 57 59 63 73
18 42 46 47 57 59 63 71 72
18 42 46 47 57 59 61 62
18 42 46 47 57 59 61 62 73
18 42 46 47 57 59 61 62 71 72
18 40 41 48 57 59 63 73
18 40 41 48 57 59 63 71 72
18 40 41 48 57 59 61 62 73
18 40 41 48 57 59 61 62 71 72
18 40 41 46 48 57 59 63
18 40 41 46 48 57 59 61 62
18 40 41 46 47 57 59 63
18 40 41 46 47 57 59 63 73
18 40 41 46 47 57 59 63 71 72
18 40 41 46 47 57 59 61 62
18 40 41 46 47 57 59 61 62 73
18 40 41 46 47 57 59 61 62 71 72
18 36 42 48 57 59 73
18 36 42 48 57 59 71 72
18 36 42 46 48 57 59
18 36 42 46 47 57 59
18 36 42 46 47 57 59 73
18 36 42 46 47 57 59 71 72
18 36 40 41 48 57 59 73
18 36 40 41 48 57 59 71 72
18 36 40 41 46 48 57 59
18 36 40 41 46 47 57 59
18 36 40 41 46 47 57 59 73
18 36 40 41 46 47 57 59 71 72
18 21 42 57 59 63 73
18 21 42 57 59 63 71 72
18 21 42 57 59 61 62 73
18 21 42 57 59 61 62 71 72
18 21 42 46 57 59 63
18 21 42 46 57 59 61 62
18 21 40 41 57 59 63 73
18 21 40 41 57 59 63 71 72
18 21 40 41 57 59 61 62 73
18 21 40 41 57 59 61 62 71 72
18 21 40 41 46 57 59 63
18 21 40 41 46 57 59 61 62
18 21 36 42 57 59 73
18 21 36 42 57 59 71 72
18 21 36 42 46 57 59
18 21 36 40 41 57 59 73
18 21 36 40 41 57 59 71 72
18 21 36 40 41 46 57 59
17 59 73 78
17 59 73 76 77
17 59 73 75 78
17 59 73 75 76 77
17 59 73 74 78
17 59 73 74 76 77
17 59 71 72 78
17 59 71 72 76 77
17 59 71 72 75 78
17 59 71 72 75 76 77
17 59 71 72 73 74 78
17 59 71 72 73 74 76 77
17 59 63 73 75 78 79
17 59 63 73 75 76 77 78 79
17 59 63 73 74 78 79
17 59 63 73 74 76 77 78 79
17 59 63 71 72 75 78 79
17 59 63 71 72 75 76 77 78 79
17 59 63 71 72 73 74 78 79
17 59 63 71 72 73 74 76 77 78 79
17 59 61 62 73 75 78 79
17 59 61 62 73 75 76 77 78 79
17 59 61 62 73 74 78 79
17 59 61 62 73 74 76 77 78 79
17 59 61 62 71 72 75 78 79
17 59 61 62 71 72 75 76 77 78 79
17 59 61 62 71 72 73 74 78 79
17 59 61 62 71 72 73 74 76 77 78 79
17 59 60 73
17 59 60 71 72
17 57 61 73
17 57 61 71 72
17 57 59 60 63 73 78
17 57 59 60 63 73 76 77
17 57 59 60 63 71 72 78
17 57 59 60 63 71 72 76 77
17 57 59 60 61 62 73 78
17 57 59 60 61 62 73 76 77
17 57 59 60 61 62 71 72 78
17 57 59 60 61 62 71 72 76 77
17 57 58 59 63 73 78
17 57 58 59 63 73 76 77
17 57 58 59 63 71 72 78
17 57 58 59 63 71 72 76 77
17 57 58 59 61 62 73 78
17 57 58 59 61 62 73 76 77
17 57 58 59 61 62 71 72 78
17 57 58 59 61 62 71 72 76 77
17 53 59 63 73 75 78
17 53 59 63 73 75 76 77
17 53 59 63 73 74 78
17 53 59 63 73 74 76 77
17 53 59 63 71 72 75 78
17 53 59 63 71 72 75 76 77
17 53 59 63 71 72 73 74 78
17 53 59 63 71 72 73 74 76 77
17 53 59 61 62 73 75 78
17 53 59 61 62 73 75 76 77
17 53 59 61 62 73 74 78
17 53 59 61 62 73 74 76 77
17 53 59 61 62 71 72 75 78
17 53 59 61 62 71 72 75 76 77
17 53 59 61 62 71 72 73 74 78
17 53 59 61 62 71 72 73 74 76 77
17 51 59 73
17 51 59 73 75
17 51 59 73 74
17 51 59 71 72
17 51 59 71 72 75
17 51 59 71 72 73 74
17 51 59 63 73 75 78 79
17 51 59 63 73 74 78 79
17 51 59 63 71 72 75 78 79
17 51 59 63 71 72 73 74 78 79
17 51 59 61 62 73 75 78 79
17 51 59 61 62 73 74 78 79
17 51 59 61 62 71 72 75 78 79
17 51 59 61 62 71 72 73 74 78 79
17 51 57 59 60 63 73
17 51 57 59 60 63 71 72
17 51 57 59 60 61 62 73
17 51 57 59 60 61 62 71 72
17 51 57 58 59 63 73
17 51 57 58 59 63 71 72
17 51 57 58 59 61 62 73
17 51 57 58 59 61 62 71 72
17 51 53 59 63 73 75
17 51 53 59 63 73 74
17 51 53 59 63 71 72 75
17 51 53 59 63 71 72 73 74
17 51 53 59 61 62 73 75
17 51 53 59 61 62 73 74
17 51 53 59 61 62 71 72 75
17 51 53 59 61 62 71 72 73 74
17 48 59 73 78
17 48 59 73 76 77
17 48 59 71 72 78
17 48 59 71 72 76 77
17 48 59 63 73 78 79
17 48 59 63 73 76 77 78 79
17 48 59 63 71 72 78 79
17 48 59 63 71 72 76 77 78 79
17 48 59 61 62 73 78 79
17 48 59 61 62 73 76 77 78 79
17 48 59 61 62 71 72 78 79
17 48 59 61 62 71 72 76 77 78 79
17 48 53 59 63 73 78
17 48 53 59 63 73 76 77
17 48 53 59 63 71 72 78
17 48 53 59 63 71 72 76 77
17 48 53 59 61 62 73 78
17 48 53 59 61 62 73 76 77
17 48 53 59 61 62 71 72 78
17 48 53 59 61 62 71 72 76 77
17 48 51 59 73
17 48 51 59 71 72
17 48 51 59 63 73 78 79
17 48 51 59 63 71 72 78 79
17 48 51 59 61 62 73 78 79
17 48 51 59 61 62 71 72 78 79
17 48 51 53 59 63 73
17 48 51 53 59 63 71 72
17 48 51 53 59 61 62 73
17 48 51 53 59 61 62 71 72
17 46 59 78
17 46 59 76 77
17 46 59 75 78
17 46 59 75 76 77
17 46 59 73 74 78
17 46 59 73 74 76 77
17 46 59 63 75 78 79
17 46 59 63 75 76 77 78 79
17 46 59 63 73 74 78 79
17 46 59 63 73 74 76 77 78 79
17 46 59 61 62 75 78 79
17 46 59 61 62 75 76 77 78 79
17 46 59 61 62 73 74 78 79
17 46 59 61 62 73 74 76 77 78 79
17 46 59 60
17 46 57 61
17 46 57 59 60 63 78
17 46 57 59 60 63 76 77
17 46 57 59 60 61 62 78
17 46 57 59 60 61 62 76 77
17 46 57 58 59 63 78
17 46 57 58 59 63 76 77
17 46 57 58 59 61 62 78
17 46 57 58 59 61 62 76 77
17 46 53 59 63 75 78
17 46 53 59 63 75 76 77
17 46 53 59 63 73 74 78
17 46 53 59 63 73 74 76 77
17 46 53 59 61 62 75 78
17 46 53 59 61 62 75 76 77
17 46 53 59 61 62 73 74 78
17 46 53 59 61 62 73 74 76 77
17 46 51 59
17 46 51 59 75
17 46 51 59 73 74
17 46 51 59 63 75 78 79
17 46 51 59 63 73 74 78 79
17 46 51 59 61 62 75 78 79
17 46 51 59 61 62 73 74 78 79
17 46 51 57 59 60 63
17 46 51 57 59 60 61 62
17 46 51 57 58 59 63
17 46 51 57 58 59 61 62
17 46 51 53 59 63 75
17 46 51 53 59 63 73 74
17 46 51 53 59 61 62 75
17 46 51 53 59 61 62 73 74
17 46 48 59 78
17 46 48 59 76 77
17 46 48 59 63 78 79
17 46 48 59 63 76 77 78 79
17 46 48 59 61 62 78 79
17 46 48 59 61 62 76 77 78 79
17 46 48 53 59 63 78
17 46 48 53 59 63 76 77
17 46 48 53 59 61 62 78
17 46 48 53 59 61 62 76 77
17 46 48 51 59
17 46 48 51 59 63 78 79
17 46 48 51 59 61 62 78 79
17 46 48 51 53 59 63
17 46 48 51 53 59 61 62
17 42 59 61 73
17 42 59 61 71 72
17 42 46 59 61
17 40 41 59 61 73
17 40 41 59 61 71 72
17 40 41 46 59 61
17 36 59 73 75 78 79
17 36 59 73 75 76 77 78 79
17 36 59 73 74 78 79
17 36 59 73 74 76 77 78 79
17 36 59 71 72 75 78 79
17 36 59 71 72 75 76 77 78 79
17 36 59 71 72 73 74 78 79
17 36 59 71 72 73 74 76 77 78 79
17 36 57 59 60 73 78
17 36 57 59 60 73 76 77
17 36 57 59 60 71 72 78
17 36 57 59 60 71 72 76 77
17 36 57 58 59 73 78
17 36 57 58 59 73 76 77
17 36 57 58 59 71 72 78
17 36 57 58 59 71 72 76 77
17 36 53 59 73 75 78
17 36 53 59 73 75 76 77
17 36 53 59 73 74 78
17 36 53 59 73 74 76 77
17 36 53 59 71 72 75 78
17 36 53 59 71 72 75 76 77
17 36 53 59 71 72 73 74 78
17 36 53 59 71 72 73 74 76 77
17 36 51 59 73 75 78 79
17 36 51 59 73 74 78 79
17 36 51 59 71 72 75 78 79
17 36 51 59 71 72 73 74 78 79
17 36 51 57 59 60 73
17 36 51 57 59 60 71 72
17 36 51 57 58 59 73
17 36 51 57 58 59 71 72
17 36 51 53 59 73 75
17 36 51 53 59 73 74
17 36 51 53 59 71 72 75
17 36 51 53 59 71 72 73 74
17 36 48 59 73 78 79
17 36 48 59 73 76 77 78 79
17 36 48 59 71 72 78 79
17 36 48 59 71 72 76 77 78 79
17 36 48 53 59 73 78
17 36 48 53 59 73 76 77
17 36 48 53 59 71 72 78
17 36 48 53 59 71 72 76 77
17 36 48 51 59 73 78 79
17 36 48 51 59 71 72 78 79
17 36 48 51 53 59 73
17 36 48 51 53 59 71 72
17 36 46 59 75 78 79
17 36 46 59 75 76 77 78 79
17 36 46 59 73 74 78 79
17 36 46 59 73 74 76 77 78 79
17 36 46 57 59 60 78
17 36 46 57 59 60 76 77
17 36 46 57 58 59 78
17 36 46 57 58 59 76 77
17 36 46 53 59 75 78
17 36 46 53 59 75 76 77
17 36 46 53 59 73 74 78
17 36 46 53 59 73 74 76 77
17 36 46 51 59 75 78 79
17 36 46 51 59 73 74 78 79
17 36 46 51 57 59 60
17 36 46 51 57 58 59
17 36 46 51 53 59 75
17 36 46 51 53 59 73 74
17 36 46 48 59 78 79
17 36 46 48 59 76 77 78 79
17 36 46 48 53 59 78
17 36 46 48 53 59 76 77
17 36 46 48 51 59 78 79
17 36 46 48 51 53 59
17 34 59 73
17 34 59 71 72
17 34 46 59
17 33 57 59 63 73 78
17 33 57 59 63 73 76 77
17 33 57 59 63 71 72 78
17 33 57 59 63 71 72 76 77
17 33 57 59 61 62 73 78
17 33 57 59 61 62 73 76 77
17 33 57 59 61 62 71 72 78
17 33 57 59 61 62 71 72 76 77
17 33 51 57 59 63 73
17 33 51 57 59 63 71 72
17 33 51 57 59 61 62 73
17 33 51 57 59 61 62 71 72
17 33 46 57 59 63 78
17 33 46 57 59 63 76 77
17 33 46 57 59 61 62 78
17 33 46 57 59 61 62 76 77
17 33 46 51 57 59 63
17 33 46 51 57 59 61 62
17 33 36 57 59 73 78
17 33 36 57 59 73 76 77
17 33 36 57 59 71 72 78
17 33 36 57 59 71 72 76 77
17 33 36 51 57 59 73
17 33 36 51 57 59 71 72
17 33 36 46 57 59 78
17 33 36 46 57 59 76 77
17 33 36 46 51 57 59
16 17 42 48 57 59 63 73
16 17 42 48 57 59 63 71 72
16 17 42 48 57 59 61 62 73
16 17 42 48 57 59 61 62 71 72
16 17 42 46 48 57 59 63
16 17 42 46 48 57 59 61 62
16 17 42 46 47 57 59 63
16 17 42 46 47 57 59 63 73
16 17 42 46 47 57 59 63 71 72
16 17 42 46 47 57 59 61 62
16 17 42 46 47 57 59 61 62 73
16 17 42 46 47 57 59 61 62 71 72
16 17 40 41 48 57 59 63 73
16 17 40 41 48 57 59 63 71 72
16 17 40 41 48 57 59 61 62 73
16 17 40 41 48 57 59 61 62 71 72
16 17 40 41 46 48 57 59 63
16 17 40 41 46 48 57 59 61 62
16 17 40 41 46 47 57 59 63
16 17 40 41 46 47 57 59 63 73
16 17 40 41 46 47 57 59 63 71 72
16 17 40 41 46 47 57 59 61 62
16 17 40 41 46 47 57 59 61 62 73
16 17 40 41 46 47 57 59 61 62 71 72
16 17 36 42 48 57 59 73
16 17 36 42 48 57 59 71 72
16 17 36 42 46 48 57 59
16 17 36 42 46 47 57 59
16 17 36 42 46 47 57 59 73
16 17 36 42 46 47 57 59 71 72
16 17 36 40 41 48 57 59 73
16 17 36 40 41 48 57 59 71 72
16 17 36 40 41 46 48 57 59
16 17 36 40 41 46 47 57 59
16 17 36 40 41 46 47 57 59 73
16 17 36 40 41 46 47 57 59 71 72
16 17 21 42 57 59 63 73
16 17 21 42 57 59 63 71 72
16 17 21 42 57 59 61 62 73
16 17 21 42 57 59 61 62 71 72
16 17 21 42 46 57 59 63
16 17 21 42 46 57 59 61 62
16 17 21 40 41 57 59 63 73
16 17 21 40 41 57 59 63 71 72
16 17 21 40 41 57 59 61 62 73
16 17 21 40 41 57 59 61 62 71 72
16 17 21 40 41 46 57 59 63
16 17 21 40 41 46 57 59 61 62
16 17 21 36 42 57 59 73
16 17 21 36 42 57 59 71 72
16 17 21 36 42 46 57 59
16 17 21 36 40 41 57 59 73
16 17 21 36 40 41 57 59 71 72
16 17 21 36 40 41 46 57 59
15 59 73
15 59 73 78
15 59 73 76 77
15 59 71 72
15 59 71 72 78
15 59 71 72 76 77
15 59 61 71
15 59 61 69 70
15 59 61 63 73
15 59 61 63 71 72
15 59 61 62 73
15 59 61 62 71 72
15 57 59 61 73
15 57 59 61 73 78
15 57 59 61 73 76 77
15 57 59 61 71 72
15 57 59 61 71 72 78
15 57 59 61 71 72 76 77
15 57 59 60 73
15 57 59 60 71 72
15 57 59 60 61 73 78
15 57 59 60 61 73 76 77
15 57 59 60 61 71 72 78
15 57 59 60 61 71 72 76 77
15 51 59 73
15 51 59 71 72
15 51 57 59 61 73
15 51 57 59 61 71 72
15 51 57 59 60 61 73
15 51 57 59 60 61 71 72
15 48 57 59 60 63 73
15 48 57 59 60 63 71 72
15 48 57 59 60 61 62 73
15 48 57 59 60 61 62 71 72
15 46 59
15 46 59 78
15 46 59 76 77
15 46 59 61 63
15 46 59 61 62
15 46 57 59 61
15 46 57 59 61 78
15 46 57 59 61 76 77
15 46 57 59 60
15 46 57 59 60 61 78
15 46 57 59 60 61 76 77
15 46 51 59
15 46 51 57 59 61
15 46 51 57 59 60 61
15 46 48 57 59 60 63
15 46 48 57 59 60 61 62
15 46 47 57 59 60 63
15 46 47 57 59 60 63 73
15 46 47 57 59 60 63 71 72
15 46 47 57 59 60 61 62
15 46 47 57 59 60 61 62 73
15 46 47 57 59 60 61 62 71 72
15 44 59 61
15 44 59 61 73
15 44 59 61 71 72
15 44 46 59 61
15 42 43 59 61 73
15 42 43 59 61 71 72
15 42 43 46 59 61
15 36 59 61 73
15 36 59 61 71 72
15 36 48 57 59 60 73
15 36 48 57 59 60 71 72
15 36 46 59 61
15 36 46 48 57 59 60
15 36 46 47 57 59 60
15 36 46 47 57 59 60 73
15 36 46 47 57 59 60 71 72
15 34 57 59 73
15 34 57 59 71 72
15 34 57 59 61 73 78
15 34 57 59 61 73 76 77
15 34 57 59 61 71 72 78
15 34 57 59 61 71 72 76 77
15 34 51 57 59 61 73
15 34 51 57 59 61 71 72
15 34 46 57 59
15 34 46 57 59 61 78
15 34 46 57 59 61 76 77
15 34 46 51 57 59 61
15 21 57 59 60 63 73
15 21 57 59 60 63 71 72
15 21 57 59 60 61 62 73
15 21 57 59 60 61 62 71 72
15 21 46 57 59 60 63
15 21 46 57 59 60 61 62
15 21 36 57 59 60 73
15 21 36 57 59 60 71 72
15 21 36 46 57 59 60
15 18 48 57 59 63 73
15 18 48 57 59 63 71 72
15 18 48 57 59 61 62 73
15 18 48 57 59 61 62 71 72
15 18 46 48 57 59 63
15 18 46 48 57 59 61 62
15 18 46 47 57 59 63
15 18 46 47 57 59 63 73
15 18 46 47 57 59 63 71 72
15 18 46 47 57 59 61 62
15 18 46 47 57 59 61 62 73
15 18 46 47 57 59 61 62 71 72
15 18 36 48 57 59 73
15 18 36 48 57 59 71 72
15 18 36 46 48 57 59
15 18 36 46 47 57 59
15 18 36 46 47 57 59 73
15 18 36 46 47 57 59 71 72
15 18 21 57 59 63 73
15 18 21 57 59 63 71 72
15 18 21 57 59 61 62 73
15 18 21 57 59 61 62 71 72
15 18 21 46 57 59 63
15 18 21 46 57 59 61 62
15 18 21 36 57 59 73
15 18 21 36 57 59 71 72
15 18 21 36 46 57 59
15 17 59 61 73
15 17 59 61 71 72
15 17 46 59 61
15 16 17 48 57 59 63 73
15 16 17 48 57 59 63 71 72
15 16 17 48 57 59 61 62 73
15 16 17 48 57 59 61 62 71 72
15 16 17 46 48 57 59 63
15 16 17 46 48 57 59 61 62
15 16 17 46 47 57 59 63
15 16 17 46 47 57 59 63 73
15 16 17 46 47 57 59 63 71 72
15 16 17 46 47 57 59 61 62
15 16 17 46 47 57 59 61 62 73
15 16 17 46 47 57 59 61 62 71 72
15 16 17 36 48 57 59 73
15 16 17 36 48 57 59 71 72
15 16 17 36 46 48 57 59
15 16 17 36 46 47 57 59
15 16 17 36 46 47 57 59 73
15 16 17 36 46 47 57 59 71 72
15 16 17 21 57 59 63 73
15 16 17 21 57 59 63 71 72
15 16 17 21 57 59 61 62 73
15 16 17 21 57 59 61 62 71 72
15 16 17 21 46 57 59 63
15 16 17 21 46 57 59 61 62
15 16 17 21 36 57 59 73
15 16 17 21 36 57 59 71 72
15 16 17 21 36 46 57 59
5 44 57 61 73
5 44 57 61 71 72
5 44 46 57 61
5 42 43 57 61 73
5 42 43 57 61 71 72
5 42 43 46 57 61
5 17 57 61 73
5 17 57 61 71 72
5 17 46 57 61
3 59 73 78
3 59 73 76 77
3 59 71 72 78
3 59 71 72 76 77
3 51 59 73
3 51 59 71 72
3 46 59 78
3 46 59 76 77
3 46 51 59
1 69
1 67
1 67 68
1 65 66
1 42
1 40
1 34 67
1 34 67 78 79
1 34 65 66
1 34 65 66 78 79
1 34 53 67
1 34 53 65 66
1 34 40
1 34 40 78 79
1 34 40 53

