20 67 68
69 78 79
69 77 78 79
67 78 79
67 68 78 79
67 68 77 78 79
67 68 69
66 69
66 67 68
65 66 78 79
65 66 68 69
65 66 67 68
64 65 69
64 65 67 68
61
61 67
61 65 66
55 77 78 79
55 67
55 66
55 65 66
55 64 65
53 69 79
53 69 77 78
53 67 68 79
53 67 68 77 78
53 55
53 55 79
53 55 77 78
52 69 78 79
52 67 68 78 79
52 55 78 79
52 53 55
50
48 49
45 69
45 67 68
45 55
42 78 79
42 77 78 79
42 67 68
42 66
42 65 66 68
42 64 65
42 53 79
42 53 77 78
42 52 78 79
42 45
40 78 79
40 68 69
40 67 68
40 61
40 55
40 42 68
39 69
39 67 68
39 55
39 42
36 69
36 69 78 79
36 67 68
36 67 68 78 79
36 53 69
36 53 67 68
36 42
36 42 78 79
36 42 53
25 61
23
22 67
22 65 66
22 40
22 38 67
22 38 65 66
22 38 40
21 69 78 79
21 67 68 78 79
21 55 78 79
21 53 69
21 53 67 68
21 53 55
21 42 78 79
21 42 53
20
20 68 69
20 55
20 55 67
20 55 65 66
20 42 68
20 40 55
20 38 68 69
20 38 67
20 38 67 68
20 38 65 66
20 38 42 68
20 38 40
20 34 67
20 34 65 66
20 34 40
10
10 55
44 59 61 63 73 78 79
44 59 61 63 71 72 78 79
44 59 61 62 73 78 79
44 59 61 62 71 72 78 79
44 53 59 61 63 73
44 53 59 61 63 71 72
44 53 59 61 62 73
44 53 59 61 62 71 72
44 46 59 61 63 78 79
44 46 59 61 62 78 79
44 46 53 59 61 63
44 46 53 59 61 62
42 43 59 61 63 73 78 79
42 43 59 61 63 71 72 78 79
42 43 59 61 62 73 78 79
42 43 59 61 62 71 72 78 79
42 43 53 59 61 63 73
42 43 53 59 61 63 71 72
42 43 53 59 61 62 73
42 43 53 59 61 62 71 72
42 43 46 59 61 63 78 79
42 43 46 59 61 62 78 79
42 43 46 53 59 61 63
42 43 46 53 59 61 62
36 44 59 61 73 78 79
36 44 59 61 71 72 78 79
36 44 53 59 61 73
36 44 53 59 61 71 72
36 44 46 59 61 78 79
36 44 46 53 59 61
36 42 43 59 61 73 78 79
36 42 43 59 61 71 72 78 79
36 42 43 53 59 61 73
36 42 43 53 59 61 71 72
36 42 43 46 59 61 78 79
36 42 43 46 53 59 61
17 59 61 63 73 78 79
17 59 61 63 71 72 78 79
17 59 61 62 73 78 79
17 59 61 62 71 72 78 79
17 53 59 61 63 73
17 53 59 61 63 71 72
17 53 59 61 62 73
17 53 59 61 62 71 72
17 46 59 61 63 78 79
17 46 59 61 62 78 79
17 46 53 59 61 63
17 46 53 59 61 62
17 36 59 61 73 78 79
17 36 59 61 71 72 78 79
17 36 53 59 61 73
17 36 53 59 61 71 72
17 36 46 59 61 78 79
17 36 46 53 59 61
71
69 71
68 73
68 71
68 71 72
68 69 70
67 68 71
67 68 69 70
65 66 68
63 69
63 67 68
61 68
61 68 69
61 67 68
61 62 69
61 62 67 68
55 69
55 67 68
54 69
54 67 68
51 52 67
51 52 65 66
46 68
44 69
44 68
44 67
44 67 68
44 65 66
42 71
42 69 70
42 63
42 61 68
42 61 62
42 55
42 54
42 44
42 43
42 43 67
42 43 65 66
40 68
40 51 52
40 44
40 42 43
36 67
36 65 66
36 40
35
35 67
35 65 66
35 40
34
34 69
34 69 73
34 69 71 72
34 68
34 68 73
34 68 71 72
34 68 69
34 67 78 79
34 67 68 73
34 67 68 71 72
34 65 66 78 79
34 53 67
34 53 65 66
34 46 69
34 46 68
34 46 67 68
34 42
34 42 73
34 42 71 72
34 42 68
34 42 46
34 40 78 79
34 40 53
34 36 68 69
34 36 67 68
34 36 55 69
34 36 55 67 68
34 36 42 68
34 36 42 55
33 34
33 34 67
33 34 65 66
33 34 40
26 67
26 65 66
26 40
17
17 67
17 65 66
17 40
8
8 67
8 65 66
8 40
1 69
1 67 68
1 61 69
1 61 67 68
1 42
1 42 61
1 34 69
1 34 67 68
1 34 42
1 34 36 69
1 34 36 67 68
1 34 36 42
42 61 63 73 78 79
42 61 63 71 72 78 79
42 61 62 73 78 79
42 61 62 71 72 78 79
42 60 61 73 78 79
42 60 61 71 72 78 79
42 59 60 61 63 73 78 79
42 59 60 61 63 71 72 78 79
42 59 60 61 62 73 78 79
42 59 60 61 62 71 72 78 79
42 53 61 63 73
42 53 61 63 71 72
42 53 61 62 73
42 53 61 62 71 72
42 53 60 61 73
42 53 60 61 71 72
42 53 59 60 61 63 73
42 53 59 60 61 63 71 72
42 53 59 60 61 62 73
42 53 59 60 61 62 71 72
42 48 61 73 78 79
42 48 61 71 72 78 79
42 48 53 61 73
42 48 53 61 71 72
42 46 61 63 78 79
42 46 61 62 78 79
42 46 60 61 78 79
42 46 59 60 61 63 78 79
42 46 59 60 61 62 78 79
42 46 53 61 63
42 46 53 61 62
42 46 53 60 61
42 46 53 59 60 61 63
42 46 53 59 60 61 62
42 46 48 61 78 79
42 46 48 53 61
42 46 47 61 78 79
42 46 47 61 73 78 79
42 46 47 61 71 72 78 79
42 46 47 53 61
42 46 47 53 61 73
42 46 47 53 61 71 72
40 41 61 63 73 78 79
40 41 61 63 71 72 78 79
40 41 61 62 73 78 79
40 41 61 62 71 72 78 79
40 41 60 61 73 78 79
40 41 60 61 71 72 78 79
40 41 59 60 61 63 73 78 79
40 41 59 60 61 63 71 72 78 79
40 41 59 60 61 62 73 78 79
40 41 59 60 61 62 71 72 78 79
40 41 53 61 63 73
40 41 53 61 63 71 72
40 41 53 61 62 73
40 41 53 61 62 71 72
40 41 53 60 61 73
40 41 53 60 61 71 72
40 41 53 59 60 61 63 73
40 41 53 59 60 61 63 71 72
40 41 53 59 60 61 62 73
40 41 53 59 60 61 62 71 72
40 41 48 61 73 78 79
40 41 48 61 71 72 78 79
40 41 48 53 61 73
40 41 48 53 61 71 72
40 41 46 61 63 78 79
40 41 46 61 62 78 79
40 41 46 60 61 78 79
40 41 46 59 60 61 63 78 79
40 41 46 59 60 61 62 78 79
40 41 46 53 61 63
40 41 46 53 61 62
40 41 46 53 60 61
40 41 46 53 59 60 61 63
40 41 46 53 59 60 61 62
40 41 46 48 61 78 79
40 41 46 48 53 61
40 41 46 47 61 78 79
40 41 46 47 61 73 78 79
40 41 46 47 61 71 72 78 79
40 41 46 47 53 61
40 41 46 47 53 61 73
40 41 46 47 53 61 71 72
35 42 61 73 78 79
35 42 61 71 72 78 79
35 42 59 60 61 73 78 79
35 42 59 60 61 71 72 78 79
35 42 53 61 73
35 42 53 61 71 72
35 42 53 59 60 61 73
35 42 53 59 60 61 71 72
35 42 46 61 78 79
35 42 46 59 60 61 78 79
35 42 46 53 61
35 42 46 53 59 60 61
35 40 41 61 73 78 79
35 40 41 61 71 72 78 79
35 40 41 59 60 61 73 78 79
35 40 41 59 60 61 71 72 78 79
35 40 41 53 61 73
35 40 41 53 61 71 72
35 40 41 53 59 60 61 73
35 40 41 53 59 60 61 71 72
35 40 41 46 61 78 79
35 40 41 46 59 60 61 78 79
35 40 41 46 53 61
35 40 41 46 53 59 60 61
34 42 61 73 78 79
34 42 61 71 72 78 79
34 42 61 63 73 78 79
34 42 61 63 71 72 78 79
34 42 61 62 73 78 79
34 42 61 62 71 72 78 79
34 42 60 61 73 78 79
34 42 60 61 71 72 78 79
34 42 53 61 73
34 42 53 61 71 72
34 42 53 61 63 73
34 42 53 61 63 71 72
34 42 53 61 62 73
34 42 53 61 62 71 72
34 42 53 60 61 73
34 42 53 60 61 71 72
34 42 46 61 78 79
34 42 46 61 63 78 79
34 42 46 61 62 78 79
34 42 46 60 61 78 79
34 42 46 53 61
34 42 46 53 61 63
34 42 46 53 61 62
34 42 46 53 60 61
34 40 41 61 73 78 79
34 40 41 61 71 72 78 79
34 40 41 61 63 73 78 79
34 40 41 61 63 71 72 78 79
34 40 41 61 62 73 78 79
34 40 41 61 62 71 72 78 79
34 40 41 60 61 73 78 79
34 40 41 60 61 71 72 78 79
34 40 41 53 61 73
34 40 41 53 61 71 72
34 40 41 53 61 63 73
34 40 41 53 61 63 71 72
34 40 41 53 61 62 73
34 40 41 53 61 62 71 72
34 40 41 53 60 61 73
34 40 41 53 60 61 71 72
34 40 41 46 61 78 79
34 40 41 46 61 63 78 79
34 40 41 46 61 62 78 79
34 40 41 46 60 61 78 79
34 40 41 46 53 61
34 40 41 46 53 61 63
34 40 41 46 53 61 62
34 40 41 46 53 60 61
34 35 42 61 73 78 79
34 35 42 61 71 72 78 79
34 35 42 53 61 73
34 35 42 53 61 71 72
34 35 42 46 61 78 79
34 35 42 46 53 61
34 35 40 41 61 73 78 79
34 35 40 41 61 71 72 78 79
34 35 40 41 53 61 73
34 35 40 41 53 61 71 72
34 35 40 41 46 61 78 79
34 35 40 41 46 53 61
21 42 61 73 78 79
21 42 61 71 72 78 79
21 42 53 61 73
21 42 53 61 71 72
21 42 46 61 78 79
21 42 46 53 61
21 40 41 61 73 78 79
21 40 41 61 71 72 78 79
21 40 41 53 61 73
21 40 41 53 61 71 72
21 40 41 46 61 78 79
21 40 41 46 53 61
15 61 63 73 78 79
15 61 63 71 72 78 79
15 61 62 73 78 79
15 61 62 71 72 78 79
15 60 61 73 78 79
15 60 61 71 72 78 79
15 59 60 61 63 73 78 79
15 59 60 61 63 71 72 78 79
15 59 60 61 62 73 78 79
15 59 60 61 62 71 72 78 79
15 53 61 63 73
15 53 61 63 71 72
15 53 61 62 73
15 53 61 62 71 72
15 53 60 61 73
15 53 60 61 71 72
15 53 59 60 61 63 73
15 53 59 60 61 63 71 72
15 53 59 60 61 62 73
15 53 59 60 61 62 71 72
15 48 61 73 78 79
15 48 61 71 72 78 79
15 48 53 61 73
15 48 53 61 71 72
15 46 61 63 78 79
15 46 61 62 78 79
15 46 60 61 78 79
15 46 59 60 61 63 78 79
15 46 59 60 61 62 78 79
15 46 53 61 63
15 46 53 61 62
15 46 53 60 61
15 46 53 59 60 61 63
15 46 53 59 60 61 62
15 46 48 61 78 79
15 46 48 53 61
15 46 47 61 78 79
15 46 47 61 73 78 79
15 46 47 61 71 72 78 79
15 46 47 53 61
15 46 47 53 61 73
15 46 47 53 61 71 72
15 35 61 73 78 79
15 35 61 71 72 78 79
15 35 59 60 61 73 78 79
15 35 59 60 61 71 72 78 79
15 35 53 61 73
15 35 53 61 71 72
15 35 53 59 60 61 73
15 35 53 59 60 61 71 72
15 35 46 61 78 79
15 35 46 59 60 61 78 79
15 35 46 53 61
15 35 46 53 59 60 61
15 34 61 73 78 79
15 34 61 71 72 78 79
15 34 61 63 73 78 79
15 34 61 63 71 72 78 79
15 34 61 62 73 78 79
15 34 61 62 71 72 78 79
15 34 60 61 73 78 79
15 34 60 61 71 72 78 79
15 34 53 61 73
15 34 53 61 71 72
15 34 53 61 63 73
15 34 53 61 63 71 72
15 34 53 61 62 73
15 34 53 61 62 71 72
15 34 53 60 61 73
15 34 53 60 61 71 72
15 34 46 61 78 79
15 34 46 61 63 78 79
15 34 46 61 62 78 79
15 34 46 60 61 78 79
15 34 46 53 61
15 34 46 53 61 63
15 34 46 53 61 62
15 34 46 53 60 61
15 34 35 61 73 78 79
15 34 35 61 71 72 78 79
15 34 35 53 61 73
15 34 35 53 61 71 72
15 34 35 46 61 78 79
15 34 35 46 53 61
15 21 61 73 78 79
15 21 61 71 72 78 79
15 21 53 61 73
15 21 53 61 71 72
15 21 46 61 78 79
15 21 46 53 61
