78 79
71 78 79
69
69 73 78 79
69 71 78 79
69 71 72 78 79
68
68 78 79
68 69 73 78 79
68 69 71 72 78 79
67 78 79
67 73 78 79
67 71 78 79
67 71 72 78 79
67 69 70 78 79
67 68 71 78 79
67 68 69 70 78 79
66 67
65 68 69 78 79
65 67 68 78 79
65 66 73 78 79
65 66 71 78 79
65 66 71 72 78 79
65 66 69 70 78 79
65 66 68
65 66 67
63 67
63 65 66
63 64 68 69 78 79
63 64 67 68 78 79
61
61 69
61 67 73
61 67 71 72
61 67 68
61 65 66 73
61 65 66 71 72
61 62 67
61 62 65 66
59 78 79
59 75
59 73
59 73 78
59 73 77 78
59 73 75 76 78
59 73 75 76 77
59 73 74 75
59 72 73 75
59 72 73 74
59 71 72
59 71 72 78
59 71 72 77 78
59 71 72 75 76 78
59 71 72 75 76 77
59 71 72 74 75
59 71 72 73 75
59 69 78 79
59 69 71
59 69 70
59 68
59 68 69
59 67 68
59 67 68 78 79
59 67 68 71
59 67 68 69 70
59 61 73
59 61 73 78
59 61 73 76 77
59 61 73 75
59 61 73 74
59 61 71 73
59 61 71 73 78
59 61 71 73 76 77
59 61 71 72 75
59 61 71 72 73 74
59 61 69 70 73
59 61 69 70 73 78
59 61 69 70 73 76 77
59 61 69 70 71 72
59 61 69 70 71 72 78
59 61 69 70 71 72 76 77
59 61 67 73
59 61 67 71 72
59 61 65 66 73
59 61 65 66 71 72
59 61 62 73
59 61 62 71 72
59 60 75
59 60 73 74
59 60 61 73 75
59 60 61 73 74
59 60 61 71 72 75
59 60 61 71 72 73 74
59 60 61 62 73
59 60 61 62 71 72
58 59 75
58 59 73 74
58 59 61 73 75
58 59 61 73 74
58 59 61 71 72 75
58 59 61 71 72 73 74
57 75 78
57 75 76 77
57 73 74 78
57 73 74 76 77
57 61 73 78 79
57 61 71 73
57 61 71 72
57 61 71 72 78 79
57 61 69 70 73
57 61 69 70 71 72
57 60 75 78
57 60 75 76 77
57 60 73 74 78
57 60 73 74 76 77
57 60 61 63 73 75
57 60 61 63 73 74
57 60 61 63 71 72 75
57 60 61 63 71 72 73 74
57 60 61 62 73 75
57 60 61 62 73 74
57 60 61 62 71 72 75
57 60 61 62 71 72 73 74
57 59 73
57 59 73 78 79
57 59 73 75
57 59 73 75 78
57 59 73 75 78 79
57 59 73 75 76 77
57 59 73 74
57 59 73 74 78
57 59 73 74 78 79
57 59 73 74 76 77
57 59 71 72
57 59 71 72 78 79
57 59 71 72 75
57 59 71 72 75 78
57 59 71 72 75 78 79
57 59 71 72 75 76 77
57 59 71 72 73 74
57 59 71 72 73 74 78
57 59 71 72 73 74 78 79
57 59 71 72 73 74 76 77
57 59 61 73 78 79
57 59 61 71 73 78
57 59 61 71 73 76 77
57 59 61 71 72 78
57 59 61 71 72 78 79
57 59 61 71 72 76 77
57 59 61 69 70 73 78
57 59 61 69 70 73 76 77
57 59 61 69 70 71 72 78
57 59 61 69 70 71 72 76 77
57 58 59 75 78
57 58 59 75 76 77
57 58 59 73 74 78
57 58 59 73 74 76 77
57 58 59 61 63 73 75
57 58 59 61 63 73 74
57 58 59 61 63 71 72 75
57 58 59 61 63 71 72 73 74
57 58 59 61 62 73 75
57 58 59 61 62 73 74
57 58 59 61 62 71 72 75
57 58 59 61 62 71 72 73 74
56 68 69 78 79
56 67 68 78 79
56 57 59 73 78
56 57 59 73 76 77
56 57 59 71 72 78
56 57 59 71 72 76 77
55 78 79
55 73 78 79
55 71 72 78 79
55 68
55 61 68 78 79
55 59 69
55 59 67 68
54
54 67
54 65 66
54 55 68 69 78 79
54 55 67 68 78 79
53
53 71
53 69 73
53 69 71
53 69 71 72
53 68
53 68 69 73
53 68 69 71 72
53 67
53 67 73
53 67 71
53 67 71 72
53 67 69 70
53 67 68 71
53 67 68 69 70
53 65 68 69
53 65 67 68
53 65 66 73
53 65 66 71
53 65 66 71 72
53 65 66 69 70
53 63 64 68 69
53 63 64 67 68
53 59
53 59 69
53 59 67 68
53 57 61 73
53 57 61 71 72
53 57 59 73
53 57 59 73 75
53 57 59 73 74
53 57 59 71 72
53 57 59 71 72 75
53 57 59 71 72 73 74
53 57 59 61 73
53 57 59 61 71 72
53 56 68 69
53 56 67 68
53 55
53 55 73
53 55 71 72
53 55 61 68
53 54
53 54 59 69
53 54 59 67 68
53 54 55 68 69
53 54 55 67 68
52 53
52 53 67
52 53 65 66
51 59 73
51 59 73 77
51 59 73 75 76
51 59 71 72
51 59 71 72 77
51 59 71 72 75 76
51 59 61 73
51 59 61 71 73
51 59 61 69 70 73
51 59 61 69 70 71 72
51 57 75
51 57 73 74
51 57 60 75
51 57 60 73 74
51 57 59 73 75
51 57 59 73 74
51 57 59 71 72 75
51 57 59 71 72 73 74
51 57 59 61 71 73
51 57 59 61 71 72
51 57 59 61 69 70 73
51 57 59 61 69 70 71 72
51 57 58 59 75
51 57 58 59 73 74
51 56 57 59 73
51 56 57 59 71 72
50 59 73 78
50 59 73 76 77
50 59 73 75
50 59 73 74
50 59 71 72 78
50 59 71 72 76 77
50 59 71 72 75
50 59 71 72 73 74
50 51 59 73
50 51 59 71 72
49 59 73 75
49 59 73 74
49 59 71 72 75
49 59 71 72 73 74
48 59
48 59 73 78
48 59 73 76 77
48 59 73 74
48 59 72 73
48 59 71 72 78
48 59 71 72 76 77
48 59 71 72 74
48 59 71 72 73
48 59 61 73
48 59 61 73 78
48 59 61 73 76 77
48 59 61 73 75
48 59 61 73 75 78
48 59 61 73 75 76 77
48 59 61 73 74
48 59 61 73 74 78
48 59 61 73 74 76 77
48 59 61 71 73 78
48 59 61 71 73 76 77
48 59 61 71 72
48 59 61 71 72 75
48 59 61 71 72 75 78
48 59 61 71 72 75 76 77
48 59 61 71 72 73 74
48 59 61 71 72 73 74 78
48 59 61 71 72 73 74 76 77
48 59 61 69 70 73 78
48 59 61 69 70 73 76 77
48 59 61 69 70 71 72 78
48 59 61 69 70 71 72 76 77
48 59 60
48 59 60 61 73
48 59 60 61 71 72
48 58 59
48 58 59 61 73
48 58 59 61 71 72
48 57 78
48 57 76 77
48 57 61 73 78 79
48 57 61 71 72 78 79
48 57 60 78
48 57 60 76 77
48 57 60 61 63 73
48 57 60 61 63 71 72
48 57 60 61 62 73
48 57 60 61 62 71 72
48 57 59 73
48 57 59 73 78
48 57 59 73 76 77
48 57 59 73 75 78
48 57 59 73 75 78 79
48 57 59 73 75 76 77
48 57 59 73 74 78
48 57 59 73 74 78 79
48 57 59 73 74 76 77
48 57 59 71 72
48 57 59 71 72 78
48 57 59 71 72 76 77
48 57 59 71 72 75 78
48 57 59 71 72 75 78 79
48 57 59 71 72 75 76 77
48 57 59 71 72 73 74 78
48 57 59 71 72 73 74 78 79
48 57 59 71 72 73 74 76 77
48 57 59 61 73 78 79
48 57 59 61 71 73 78
48 57 59 61 71 73 76 77
48 57 59 61 71 72 78
48 57 59 61 71 72 78 79
48 57 59 61 71 72 76 77
48 57 59 61 69 70 73 78
48 57 59 61 69 70 73 76 77
48 57 59 61 69 70 71 72 78
48 57 59 61 69 70 71 72 76 77
48 57 58 59 78
48 57 58 59 76 77
48 57 58 59 61 63 73
48 57 58 59 61 63 71 72
48 57 58 59 61 62 73
48 57 58 59 61 62 71 72
48 53 57 61 73
48 53 57 61 71 72
48 53 57 59 73 75
48 53 57 59 73 74
48 53 57 59 71 72 75
48 53 57 59 71 72 73 74
48 53 57 59 61 73
48 53 57 59 61 71 72
48 51 59 73
48 51 59 71 72
48 51 59 61 73
48 51 59 61 73 75
48 51 59 61 73 74
48 51 59 61 71 73
48 51 59 61 71 72 75
48 51 59 61 71 72 73 74
48 51 59 61 69 70 73
48 51 59 61 69 70 71 72
48 51 57
48 51 57 60
48 51 57 59 73
48 51 57 59 73 75
48 51 57 59 73 74
48 51 57 59 71 72
48 51 57 59 71 72 75
48 51 57 59 71 72 73 74
48 51 57 59 61 71 73
48 51 57 59 61 71 72
48 51 57 59 61 69 70 73
48 51 57 59 61 69 70 71 72
48 51 57 58 59
48 50 59 73
48 50 59 71 72
48 49 59 73 75
48 49 59 73 74
48 49 59 71 72 75
48 49 59 71 72 73 74
47 59 73 75
47 59 73 74
47 59 71 72 75
47 59 71 72 73 74
47 48 59 73 75
47 48 59 73 74
47 48 59 71 72 75
47 48 59 71 72 73 74
46
46 69 78 79
46 68 69 78 79
46 67 78 79
46 65 66 78 79
46 61 67
46 61 65 66
46 59
46 59 78
46 59 77 78
46 59 75 76 78
46 59 75 76 77
46 59 74 75
46 59 73 74
46 59 72 73 75
46 59 72 73 74
46 59 61
46 59 61 78
46 59 61 76 77
46 59 61 75
46 59 61 73 74
46 59 61 71
46 59 61 71 78
46 59 61 71 76 77
46 59 61 69 70
46 59 61 69 70 78
46 59 61 69 70 76 77
46 59 61 67
46 59 61 65 66
46 59 61 62
46 59 60 61 75
46 59 60 61 73 74
46 59 60 61 62
46 58 59 61 75
46 58 59 61 73 74
46 57 61 78 79
46 57 61 71
46 57 61 69 70
46 57 60 61 63 75
46 57 60 61 63 73 74
46 57 60 61 62 75
46 57 60 61 62 73 74
46 57 59
46 57 59 78 79
46 57 59 75
46 57 59 75 78
46 57 59 75 78 79
46 57 59 75 76 77
46 57 59 73 74
46 57 59 73 74 78
46 57 59 73 74 78 79
46 57 59 73 74 76 77
46 57 59 61 78 79
46 57 59 61 71 78
46 57 59 61 71 76 77
46 57 59 61 69 70 78
46 57 59 61 69 70 76 77
46 57 58 59 61 63 75
46 57 58 59 61 63 73 74
46 57 58 59 61 62 75
46 57 58 59 61 62 73 74
46 56 57 59 78
46 56 57 59 76 77
46 55 78 79
46 53 69
46 53 68 69
46 53 67
46 53 65 66
46 53 57 61
46 53 57 59
46 53 57 59 75
46 53 57 59 73 74
46 53 57 59 61
46 53 55
46 51 59
46 51 59 77
46 51 59 75 76
46 51 59 61
46 51 59 61 71
46 51 59 61 69 70
46 51 57 59 75
46 51 57 59 73 74
46 51 57 59 61 71
46 51 57 59 61 69 70
46 51 56 57 59
46 50 59 78
46 50 59 76 77
46 50 59 75
46 50 59 73 74
46 50 51 59
46 49 59 75
46 49 59 73 74
46 48 59 78
46 48 59 76 77
46 48 59 74
46 48 59 72 73
46 48 59 61
46 48 59 61 78
46 48 59 61 76 77
46 48 59 61 75
46 48 59 61 75 78
46 48 59 61 75 76 77
46 48 59 61 73 74
46 48 59 61 73 74 78
46 48 59 61 73 74 76 77
46 48 59 61 71 78
46 48 59 61 71 76 77
46 48 59 61 69 70 78
46 48 59 61 69 70 76 77
46 48 59 60 61
46 48 58 59 61
46 48 57 61 78 79
46 48 57 60 61 63
46 48 57 60 61 62
46 48 57 59
46 48 57 59 78
46 48 57 59 76 77
46 48 57 59 75 78
46 48 57 59 75 78 79
46 48 57 59 75 76 77
46 48 57 59 73 74 78
46 48 57 59 73 74 78 79
46 48 57 59 73 74 76 77
46 48 57 59 61 78 79
46 48 57 59 61 71 78
46 48 57 59 61 71 76 77
46 48 57 59 61 69 70 78
46 48 57 59 61 69 70 76 77
46 48 57 58 59 61 63
46 48 57 58 59 61 62
46 48 53 57 61
46 48 53 57 59 75
46 48 53 57 59 73 74
46 48 53 57 59 61
46 48 51 59
46 48 51 59 61
46 48 51 59 61 75
46 48 51 59 61 73 74
46 48 51 59 61 71
46 48 51 59 61 69 70
46 48 51 57 59
46 48 51 57 59 75
46 48 51 57 59 73 74
46 48 51 57 59 61 71
46 48 51 57 59 61 69 70
46 48 50 59
46 48 49 59 75
46 48 49 59 73 74
46 47 59 78
46 47 59 76 77
46 47 59 75
46 47 59 73 78
46 47 59 73 76 77
46 47 59 73 74
46 47 59 71 72 78
46 47 59 71 72 76 77
46 47 59 61
46 47 59 61 75
46 47 59 61 75 78
46 47 59 61 75 76 77
46 47 59 61 73
46 47 59 61 73 75
46 47 59 61 73 75 78
46 47 59 61 73 75 76 77
46 47 59 61 71 78
46 47 59 61 71 76 77
46 47 59 61 71 73 78
46 47 59 61 71 73 76 77
46 47 59 61 71 72
46 47 59 61 71 72 78
46 47 59 61 71 72 76 77
46 47 59 61 71 72 75
46 47 59 61 71 72 75 78
46 47 59 61 71 72 75 76 77
46 47 59 61 71 72 73 74
46 47 59 61 71 72 73 74 78
46 47 59 61 71 72 73 74 76 77
46 47 59 61 69 70 78
46 47 59 61 69 70 76 77
46 47 59 61 69 70 73 78
46 47 59 61 69 70 73 76 77
46 47 59 61 69 70 71 72 78
46 47 59 61 69 70 71 72 76 77
46 47 57 61 78 79
46 47 57 61 73 78 79
46 47 57 61 71 72 78 79
46 47 57 59 78
46 47 57 59 76 77
46 47 57 59 75 78
46 47 57 59 75 78 79
46 47 57 59 75 76 77
46 47 57 59 73 78
46 47 57 59 73 76 77
46 47 57 59 73 75 78
46 47 57 59 73 75 78 79
46 47 57 59 73 75 76 77
46 47 57 59 71 72 78
46 47 57 59 71 72 76 77
46 47 57 59 71 72 75 78
46 47 57 59 71 72 75 78 79
46 47 57 59 71 72 75 76 77
46 47 57 59 71 72 73 74 78
46 47 57 59 71 72 73 74 78 79
46 47 57 59 71 72 73 74 76 77
46 47 57 59 61 78 79
46 47 57 59 61 73 78 79
46 47 57 59 61 71 78
46 47 57 59 61 71 76 77
46 47 57 59 61 71 73 78
46 47 57 59 61 71 73 76 77
46 47 57 59 61 71 72 78
46 47 57 59 61 71 72 78 79
46 47 57 59 61 71 72 76 77
46 47 57 59 61 69 70 78
46 47 57 59 61 69 70 76 77
46 47 57 59 61 69 70 73 78
46 47 57 59 61 69 70 73 76 77
46 47 57 59 61 69 70 71 72 78
46 47 57 59 61 69 70 71 72 76 77
46 47 53 57 61
46 47 53 57 61 73
46 47 53 57 61 71 72
46 47 53 57 59 75
46 47 53 57 59 73 75
46 47 53 57 59 71 72 75
46 47 53 57 59 71 72 73 74
46 47 53 57 59 61
46 47 53 57 59 61 73
46 47 53 57 59 61 71 72
46 47 51 59
46 47 51 59 73
46 47 51 59 71 72
46 47 51 59 61 75
46 47 51 59 61 73 75
46 47 51 59 61 71
46 47 51 59 61 71 73
46 47 51 59 61 71 72
46 47 51 59 61 71 72 75
46 47 51 59 61 71 72 73 74
46 47 51 59 61 69 70
46 47 51 59 61 69 70 73
46 47 51 59 61 69 70 71 72
46 47 51 57 59
46 47 51 57 59 75
46 47 51 57 59 73
46 47 51 57 59 73 75
46 47 51 57 59 71 72
46 47 51 57 59 71 72 75
46 47 51 57 59 71 72 73 74
46 47 51 57 59 61 71
46 47 51 57 59 61 71 73
46 47 51 57 59 61 71 72
46 47 51 57 59 61 69 70
46 47 51 57 59 61 69 70 73
46 47 51 57 59 61 69 70 71 72
46 47 48 59 75
46 47 48 59 73 74
46 47 48 59 61
46 47 48 59 61 78
46 47 48 59 61 76 77
46 47 48 59 61 73
46 47 48 59 61 73 78
46 47 48 59 61 73 76 77
46 47 48 59 61 71 72
46 47 48 59 61 71 72 78
46 47 48 59 61 71 72 76 77
46 47 48 57 59 78
46 47 48 57 59 78 79
46 47 48 57 59 76 77
46 47 48 57 59 73 78
46 47 48 57 59 73 78 79
46 47 48 57 59 73 76 77
46 47 48 57 59 71 72 78
46 47 48 57 59 71 72 78 79
46 47 48 57 59 71 72 76 77
46 47 48 53 57 59
46 47 48 53 57 59 73
46 47 48 53 57 59 71 72
46 47 48 51 59 61
46 47 48 51 59 61 73
46 47 48 51 59 61 71 72
46 47 48 51 57 59
46 47 48 51 57 59 73
46 47 48 51 57 59 71 72
44 78 79
44 69 78 79
44 67 78 79
44 67 68 78 79
44 65 66 78 79
44 61 73 75 78
44 61 73 75 76 77
44 61 73 74 78
44 61 73 74 76 77
44 61 71 72 75 78
44 61 71 72 75 76 77
44 61 71 72 73 74 78
44 61 71 72 73 74 76 77
44 59 73
44 59 73 78
44 59 73 76 77
44 59 71 72
44 59 71 72 78
44 59 71 72 76 77
44 59 69
44 59 67 68
44 59 65 73
44 59 65 71 72
44 59 63 64 73
44 59 63 64 71 72
44 59 61 73 78
44 59 61 73 77
44 59 61 73 76 77
44 59 61 73 75
44 59 61 73 75 76
44 59 61 73 74
44 59 61 71 72 78
44 59 61 71 72 77
44 59 61 71 72 76 77
44 59 61 71 72 75
44 59 61 71 72 75 76
44 59 61 71 72 73 74
44 57 61 73
44 57 61 71 72
44 57 59 61 73 78
44 57 59 61 73 76 77
44 57 59 61 71 72 78
44 57 59 61 71 72 76 77
44 53
44 53 69
44 53 67
44 53 67 68
44 53 65 66
44 51 61 73 75
44 51 61 73 74
44 51 61 71 72 75
44 51 61 71 72 73 74
44 51 59 73
44 51 59 71 72
44 51 59 61 73
44 51 59 61 71 72
44 51 57 59 61 73
44 51 57 59 61 71 72
44 50 59 61 73
44 50 59 61 71 72
44 48 61 73 78
44 48 61 73 76 77
44 48 61 71 72 78
44 48 61 71 72 76 77
44 48 59 61 73
44 48 59 61 73 78
44 48 59 61 73 76 77
44 48 59 61 71 72
44 48 59 61 71 72 78
44 48 59 61 71 72 76 77
44 48 57 59 73
44 48 57 59 71 72
44 48 57 59 61 73 78
44 48 57 59 61 73 76 77
44 48 57 59 61 71 72 78
44 48 57 59 61 71 72 76 77
44 48 51 61 73
44 48 51 61 71 72
44 48 51 59 61 73
44 48 51 59 61 71 72
44 48 51 57 59 61 73
44 48 51 57 59 61 71 72
44 46 61 75 78
44 46 61 75 76 77
44 46 61 73 74 78
44 46 61 73 74 76 77
44 46 59
44 46 59 78
44 46 59 76 77
44 46 59 65
44 46 59 63 64
44 46 59 61 78
44 46 59 61 77
44 46 59 61 76 77
44 46 59 61 75
44 46 59 61 75 76
44 46 59 61 73 74
44 46 57 61
44 46 57 59 61 78
44 46 57 59 61 76 77
44 46 51 61 75
44 46 51 61 73 74
44 46 51 59
44 46 51 59 61
44 46 51 57 59 61
44 46 50 59 61
44 46 48 61 78
44 46 48 61 76 77
44 46 48 59 61
44 46 48 59 61 78
44 46 48 59 61 76 77
44 46 48 57 59
44 46 48 57 59 61 78
44 46 48 57 59 61 76 77
44 46 48 51 61
44 46 48 51 59 61
44 46 48 51 57 59 61
44 46 47 59 61 78
44 46 47 59 61 76 77
44 46 47 59 61 73 78
44 46 47 59 61 73 76 77
44 46 47 59 61 71 72 78
44 46 47 59 61 71 72 76 77
44 46 47 57 59
44 46 47 57 59 73
44 46 47 57 59 71 72
44 46 47 57 59 61 78
44 46 47 57 59 61 76 77
44 46 47 57 59 61 73 78
44 46 47 57 59 61 73 76 77
44 46 47 57 59 61 71 72 78
44 46 47 57 59 61 71 72 76 77
44 46 47 51 59 61
44 46 47 51 59 61 73
44 46 47 51 59 61 71 72
44 46 47 51 57 59 61
44 46 47 51 57 59 61 73
44 46 47 51 57 59 61 71 72
44 45
42
42 73 78 79
42 71 78 79
42 71 72 78 79
42 69 70 78 79
42 68 73 78 79
42 68 71 72 78 79
42 65 68 78 79
42 63 64 68 78 79
42 61
42 61 73 75 78 79
42 61 73 74 78 79
42 61 71 72 75 78 79
42 61 71 72 73 74 78 79
42 59 78 79
42 59 73 78
42 59 73 77 78
42 59 73 75 76 78
42 59 73 75 76 77
42 59 71
42 59 71 72 78
42 59 71 72 77 78
42 59 71 72 75 76 78
42 59 71 72 75 76 77
42 59 69 70
42 59 68
42 59 65 71 78 79
42 59 65 69 70 78 79
42 59 63 73
42 59 63 71 72
42 59 63 64 71 78 79
42 59 63 64 69 70 78 79
42 59 61 65 73
42 59 61 65 71 72
42 59 61 63 64 73
42 59 61 63 64 71 72
42 59 61 62 73
42 59 61 62 71 72
42 59 60 61 73
42 59 60 61 73 78 79
42 59 60 61 71 72
42 59 60 61 71 72 78 79
42 58 59 61 73
42 58 59 61 71 72
42 58 59 60 61 73
42 58 59 60 61 71 72
42 57 61 73
42 57 61 71 72
42 57 59 73 78
42 57 59 73 76 77
42 57 59 71 72 78
42 57 59 71 72 76 77
42 57 59 60 73
42 57 59 60 71 72
42 56 68 78 79
42 55 59
42 54 55 68 78 79
42 53 73
42 53 71
42 53 71 72
42 53 69 70
42 53 68 73
42 53 68 71 72
42 53 65 68
42 53 63 64 68
42 53 61 73 75
42 53 61 73 74
42 53 61 71 72 75
42 53 61 71 72 73 74
42 53 59
42 53 59 65 71
42 53 59 65 69 70
42 53 59 63 64 71
42 53 59 63 64 69 70
42 53 59 60 61 73
42 53 59 60 61 71 72
42 53 56 68
42 53 54 59
42 53 54 55 68
42 51 59 73
42 51 59 73 77
42 51 59 73 75 76
42 51 59 71 72
42 51 59 71 72 77
42 51 59 71 72 75 76
42 51 57 59 73
42 51 57 59 71 72
42 50 59 73 78
42 50 59 73 76 77
42 50 59 71 72 78
42 50 59 71 72 76 77
42 50 51 59 73
42 50 51 59 71 72
42 48 61 73 78 79
42 48 61 71 72 78 79
42 48 57 59 73
42 48 57 59 73 78
42 48 57 59 73 76 77
42 48 57 59 73 75 78
42 48 57 59 73 75 76 77
42 48 57 59 73 74 78
42 48 57 59 73 74 76 77
42 48 57 59 71 72
42 48 57 59 71 72 78
42 48 57 59 71 72 76 77
42 48 57 59 71 72 75 78
42 48 57 59 71 72 75 76 77
42 48 57 59 71 72 73 74 78
42 48 57 59 71 72 73 74 76 77
42 48 53 61 73
42 48 53 61 71 72
42 48 51 57 59 73
42 48 51 57 59 73 75
42 48 51 57 59 73 74
42 48 51 57 59 71 72
42 48 51 57 59 71 72 75
42 48 51 57 59 71 72 73 74
42 47 59 61 73
42 47 59 61 71 72
42 46 78 79
42 46 68 78 79
42 46 61 75 78 79
42 46 61 73 74 78 79
42 46 59 78
42 46 59 77 78
42 46 59 75 76 78
42 46 59 75 76 77
42 46 59 63
42 46 59 61 65
42 46 59 61 63 64
42 46 59 61 62
42 46 59 60 61
42 46 59 60 61 78 79
42 46 58 59 61
42 46 58 59 60 61
42 46 57 61
42 46 57 59 78
42 46 57 59 76 77
42 46 57 59 60
42 46 53
42 46 53 68
42 46 53 61 75
42 46 53 61 73 74
42 46 53 59 60 61
42 46 51 59
42 46 51 59 77
42 46 51 59 75 76
42 46 51 57 59
42 46 50 59 78
42 46 50 59 76 77
42 46 50 51 59
42 46 48 61 78 79
42 46 48 57 59
42 46 48 57 59 78
42 46 48 57 59 76 77
42 46 48 57 59 75 78
42 46 48 57 59 75 76 77
42 46 48 57 59 73 74 78
42 46 48 57 59 73 74 76 77
42 46 48 53 61
42 46 48 51 57 59
42 46 48 51 57 59 75
42 46 48 51 57 59 73 74
42 46 47 59 61
42 46 47 57 59
42 46 47 57 59 75 78
42 46 47 57 59 75 76 77
42 46 47 57 59 73
42 46 47 57 59 73 75 78
42 46 47 57 59 73 75 76 77
42 46 47 57 59 71 72
42 46 47 57 59 71 72 75 78
42 46 47 57 59 71 72 75 76 77
42 46 47 57 59 71 72 73 74 78
42 46 47 57 59 71 72 73 74 76 77
42 46 47 51 57 59 75
42 46 47 51 57 59 73 75
42 46 47 51 57 59 71 72 75
42 46 47 51 57 59 71 72 73 74
42 46 47 48 57 59 78
42 46 47 48 57 59 76 77
42 46 47 48 57 59 73 78
42 46 47 48 57 59 73 76 77
42 46 47 48 57 59 71 72 78
42 46 47 48 57 59 71 72 76 77
42 46 47 48 51 57 59
42 46 47 48 51 57 59 73
42 46 47 48 51 57 59 71 72
42 45 46 59 61
42 45 46 59 61 73
42 45 46 59 61 71 72
42 44 78 79
42 44 59
42 44 59 65 78 79
42 44 59 63 64 78 79
42 44 53
42 44 53 59 65
42 44 53 59 63 64
42 43 61 73 75 78
42 43 61 73 75 76 77
42 43 61 73 74 78
42 43 61 73 74 76 77
42 43 61 71 72 75 78
42 43 61 71 72 75 76 77
42 43 61 71 72 73 74 78
42 43 61 71 72 73 74 76 77
42 43 59 73
42 43 59 73 78
42 43 59 73 76 77
42 43 59 71 72
42 43 59 71 72 78
42 43 59 71 72 76 77
42 43 59 65 73
42 43 59 65 71 72
42 43 59 63 64 73
42 43 59 63 64 71 72
42 43 59 61 73
42 43 59 61 73 77
42 43 59 61 73 75
42 43 59 61 73 75 76
42 43 59 61 73 74
42 43 59 61 71 72
42 43 59 61 71 72 77
42 43 59 61 71 72 75
42 43 59 61 71 72 75 76
42 43 59 61 71 72 73 74
42 43 51 61 73 75
42 43 51 61 73 74
42 43 51 61 71 72 75
42 43 51 61 71 72 73 74
42 43 51 59 73
42 43 51 59 71 72
42 43 50 59 61 73
42 43 50 59 61 71 72
42 43 48 61 73 78
42 43 48 61 73 76 77
42 43 48 61 71 72 78
42 43 48 61 71 72 76 77
42 43 48 59 61 73
42 43 48 59 61 71 72
42 43 48 57 59 73
42 43 48 57 59 71 72
42 43 48 51 61 73
42 43 48 51 61 71 72
42 43 46 61 75 78
42 43 46 61 75 76 77
42 43 46 61 73 74 78
42 43 46 61 73 74 76 77
42 43 46 59
42 43 46 59 78
42 43 46 59 76 77
42 43 46 59 65
42 43 46 59 63 64
42 43 46 59 61
42 43 46 59 61 77
42 43 46 59 61 75
42 43 46 59 61 75 76
42 43 46 59 61 73 74
42 43 46 51 61 75
42 43 46 51 61 73 74
42 43 46 51 59
42 43 46 50 59 61
42 43 46 48 61 78
42 43 46 48 61 76 77
42 43 46 48 59 61
42 43 46 48 57 59
42 43 46 48 51 61
42 43 46 47 57 59
42 43 46 47 57 59 73
42 43 46 47 57 59 71 72
41 67
41 65 66
41 42 48 57 59 73 75 78
41 42 48 57 59 73 75 76 77
41 42 48 57 59 73 74 78
41 42 48 57 59 73 74 76 77
41 42 48 57 59 71 72 75 78
41 42 48 57 59 71 72 75 76 77
41 42 48 57 59 71 72 73 74 78
41 42 48 57 59 71 72 73 74 76 77
41 42 48 51 57 59 73 75
41 42 48 51 57 59 73 74
41 42 48 51 57 59 71 72 75
41 42 48 51 57 59 71 72 73 74
41 42 46 48 57 59 75 78
41 42 46 48 57 59 75 76 77
41 42 46 48 57 59 73 74 78
41 42 46 48 57 59 73 74 76 77
41 42 46 48 51 57 59 75
41 42 46 48 51 57 59 73 74
41 42 46 47 57 59 78
41 42 46 47 57 59 76 77
41 42 46 47 57 59 75 78
41 42 46 47 57 59 75 76 77
41 42 46 47 57 59 73 78
41 42 46 47 57 59 73 76 77
41 42 46 47 57 59 73 75 78
41 42 46 47 57 59 73 75 76 77
41 42 46 47 57 59 71 72 78
41 42 46 47 57 59 71 72 76 77
41 42 46 47 57 59 71 72 75 78
41 42 46 47 57 59 71 72 75 76 77
41 42 46 47 57 59 71 72 73 74 78
41 42 46 47 57 59 71 72 73 74 76 77
41 42 46 47 51 57 59
41 42 46 47 51 57 59 75
41 42 46 47 51 57 59 73
41 42 46 47 51 57 59 73 75
41 42 46 47 51 57 59 71 72
41 42 46 47 51 57 59 71 72 75
41 42 46 47 51 57 59 71 72 73 74
41 42 46 47 48 57 59 78
41 42 46 47 48 57 59 76 77
41 42 46 47 48 57 59 73 78
41 42 46 47 48 57 59 73 76 77
41 42 46 47 48 57 59 71 72 78
41 42 46 47 48 57 59 71 72 76 77
41 42 46 47 48 51 57 59
41 42 46 47 48 51 57 59 73
41 42 46 47 48 51 57 59 71 72
40 73 78 79
40 71 78 79
40 71 72 78 79
40 69 70 78 79
40 68
40 66 67
40 63
40 61 73
40 61 71 72
40 61 62
40 59 61 73
40 59 61 71 72
40 54
40 53 73
40 53 71
40 53 71 72
40 53 69 70
40 52 53
40 46 78 79
40 46 61
40 46 59 61
40 46 53
40 44 78 79
40 44 53
40 41
40 41 61 73 75 78 79
40 41 61 73 74 78 79
40 41 61 71 72 75 78 79
40 41 61 71 72 73 74 78 79
40 41 59 73 78
40 41 59 73 77 78
40 41 59 73 75 76 78
40 41 59 73 75 76 77
40 41 59 71 72 78
40 41 59 71 72 77 78
40 41 59 71 72 75 76 78
40 41 59 71 72 75 76 77
40 41 59 65 71 78 79
40 41 59 65 69 70 78 79
40 41 59 63 73
40 41 59 63 71 72
40 41 59 63 64 71 78 79
40 41 59 63 64 69 70 78 79
40 41 59 61 65 73
40 41 59 61 65 71 72
40 41 59 61 63 64 73
40 41 59 61 63 64 71 72
40 41 59 61 62 73
40 41 59 61 62 71 72
40 41 59 60 61 73
40 41 59 60 61 73 78 79
40 41 59 60 61 71 72
40 41 59 60 61 71 72 78 79
40 41 58 59 61 73
40 41 58 59 61 71 72
40 41 58 59 60 61 73
40 41 58 59 60 61 71 72
40 41 57 61 73
40 41 57 61 71 72
40 41 57 59 73 78
40 41 57 59 73 76 77
40 41 57 59 71 72 78
40 41 57 59 71 72 76 77
40 41 57 59 60 73
40 41 57 59 60 71 72
40 41 53 61 73 75
40 41 53 61 73 74
40 41 53 61 71 72 75
40 41 53 61 71 72 73 74
40 41 53 59 65 71
40 41 53 59 65 69 70
40 41 53 59 63 64 71
40 41 53 59 63 64 69 70
40 41 53 59 60 61 73
40 41 53 59 60 61 71 72
40 41 51 59 73
40 41 51 59 73 77
40 41 51 59 73 75 76
40 41 51 59 71 72
40 41 51 59 71 72 77
40 41 51 59 71 72 75 76
40 41 51 57 59 73
40 41 51 57 59 71 72
40 41 50 59 73 78
40 41 50 59 73 76 77
40 41 50 59 71 72 78
40 41 50 59 71 72 76 77
40 41 50 51 59 73
40 41 50 51 59 71 72
40 41 48 61 73 78 79
40 41 48 61 71 72 78 79
40 41 48 57 59 73
40 41 48 57 59 73 78
40 41 48 57 59 73 76 77
40 41 48 57 59 71 72
40 41 48 57 59 71 72 78
40 41 48 57 59 71 72 76 77
40 41 48 53 61 73
40 41 48 53 61 71 72
40 41 48 51 57 59 73
40 41 48 51 57 59 71 72
40 41 47 59 61 73
40 41 47 59 61 71 72
40 41 46 61 75 78 79
40 41 46 61 73 74 78 79
40 41 46 59 78
40 41 46 59 77 78
40 41 46 59 75 76 78
40 41 46 59 75 76 77
40 41 46 59 63
40 41 46 59 61 65
40 41 46 59 61 63 64
40 41 46 59 61 62
40 41 46 59 60 61
40 41 46 59 60 61 78 79
40 41 46 58 59 61
40 41 46 58 59 60 61
40 41 46 57 61
40 41 46 57 59 78
40 41 46 57 59 76 77
40 41 46 57 59 60
40 41 46 53 61 75
40 41 46 53 61 73 74
40 41 46 53 59 60 61
40 41 46 51 59
40 41 46 51 59 77
40 41 46 51 59 75 76
40 41 46 51 57 59
40 41 46 50 59 78
40 41 46 50 59 76 77
40 41 46 50 51 59
40 41 46 48 61 78 79
40 41 46 48 57 59
40 41 46 48 57 59 78
40 41 46 48 57 59 76 77
40 41 46 48 53 61
40 41 46 48 51 57 59
40 41 46 47 59 61
40 41 46 47 57 59
40 41 46 47 57 59 78
40 41 46 47 57 59 76 77
40 41 46 47 57 59 73
40 41 46 47 57 59 73 78
40 41 46 47 57 59 73 76 77
40 41 46 47 57 59 71 72
40 41 46 47 57 59 71 72 78
40 41 46 47 57 59 71 72 76 77
40 41 46 47 51 57 59
40 41 46 47 51 57 59 73
40 41 46 47 51 57 59 71 72
40 41 45 46 59 61
40 41 45 46 59 61 73
40 41 45 46 59 61 71 72
40 41 44 59 65 78 79
40 41 44 59 63 64 78 79
40 41 44 53 59 65
40 41 44 53 59 63 64
39 40 42 48 57 59 73 75 78
39 40 42 48 57 59 73 75 76 77
39 40 42 48 57 59 73 74 78
39 40 42 48 57 59 73 74 76 77
39 40 42 48 57 59 71 72 75 78
39 40 42 48 57 59 71 72 75 76 77
39 40 42 48 57 59 71 72 73 74 78
39 40 42 48 57 59 71 72 73 74 76 77
39 40 42 48 51 57 59 73 75
39 40 42 48 51 57 59 73 74
39 40 42 48 51 57 59 71 72 75
39 40 42 48 51 57 59 71 72 73 74
39 40 42 46 48 57 59 75 78
39 40 42 46 48 57 59 75 76 77
39 40 42 46 48 57 59 73 74 78
39 40 42 46 48 57 59 73 74 76 77
39 40 42 46 48 51 57 59 75
39 40 42 46 48 51 57 59 73 74
39 40 42 46 47 57 59 78
39 40 42 46 47 57 59 76 77
39 40 42 46 47 57 59 75 78
39 40 42 46 47 57 59 75 76 77
39 40 42 46 47 57 59 73 78
39 40 42 46 47 57 59 73 76 77
39 40 42 46 47 57 59 73 75 78
39 40 42 46 47 57 59 73 75 76 77
39 40 42 46 47 57 59 71 72 78
39 40 42 46 47 57 59 71 72 76 77
39 40 42 46 47 57 59 71 72 75 78
39 40 42 46 47 57 59 71 72 75 76 77
39 40 42 46 47 57 59 71 72 73 74 78
39 40 42 46 47 57 59 71 72 73 74 76 77
39 40 42 46 47 51 57 59
39 40 42 46 47 51 57 59 75
39 40 42 46 47 51 57 59 73
39 40 42 46 47 51 57 59 73 75
39 40 42 46 47 51 57 59 71 72
39 40 42 46 47 51 57 59 71 72 75
39 40 42 46 47 51 57 59 71 72 73 74
39 40 42 46 47 48 57 59 78
39 40 42 46 47 48 57 59 76 77
39 40 42 46 47 48 57 59 73 78
39 40 42 46 47 48 57 59 73 76 77
39 40 42 46 47 48 57 59 71 72 78
39 40 42 46 47 48 57 59 71 72 76 77
39 40 42 46 47 48 51 57 59
39 40 42 46 47 48 51 57 59 73
39 40 42 46 47 48 51 57 59 71 72
39 40 41 48 57 59 73 75 78
39 40 41 48 57 59 73 75 76 77
39 40 41 48 57 59 73 74 78
39 40 41 48 57 59 73 74 76 77
39 40 41 48 57 59 71 72 75 78
39 40 41 48 57 59 71 72 75 76 77
39 40 41 48 57 59 71 72 73 74 78
39 40 41 48 57 59 71 72 73 74 76 77
39 40 41 48 51 57 59 73 75
39 40 41 48 51 57 59 73 74
39 40 41 48 51 57 59 71 72 75
39 40 41 48 51 57 59 71 72 73 74
39 40 41 46 48 57 59 75 78
39 40 41 46 48 57 59 75 76 77
39 40 41 46 48 57 59 73 74 78
39 40 41 46 48 57 59 73 74 76 77
39 40 41 46 48 51 57 59 75
39 40 41 46 48 51 57 59 73 74
39 40 41 46 47 57 59 78
39 40 41 46 47 57 59 76 77
39 40 41 46 47 57 59 75 78
39 40 41 46 47 57 59 75 76 77
39 40 41 46 47 57 59 73 78
39 40 41 46 47 57 59 73 76 77
39 40 41 46 47 57 59 73 75 78
39 40 41 46 47 57 59 73 75 76 77
39 40 41 46 47 57 59 71 72 78
39 40 41 46 47 57 59 71 72 76 77
39 40 41 46 47 57 59 71 72 75 78
39 40 41 46 47 57 59 71 72 75 76 77
39 40 41 46 47 57 59 71 72 73 74 78
39 40 41 46 47 57 59 71 72 73 74 76 77
39 40 41 46 47 51 57 59
39 40 41 46 47 51 57 59 75
39 40 41 46 47 51 57 59 73
39 40 41 46 47 51 57 59 73 75
39 40 41 46 47 51 57 59 71 72
39 40 41 46 47 51 57 59 71 72 75
39 40 41 46 47 51 57 59 71 72 73 74
39 40 41 46 47 48 57 59 78
39 40 41 46 47 48 57 59 76 77
39 40 41 46 47 48 57 59 73 78
39 40 41 46 47 48 57 59 73 76 77
39 40 41 46 47 48 57 59 71 72 78
39 40 41 46 47 48 57 59 71 72 76 77
39 40 41 46 47 48 51 57 59
39 40 41 46 47 48 51 57 59 73
39 40 41 46 47 48 51 57 59 71 72
38 68 78 79
38 68 69 78 79
38 67 78 79
38 67 68 78 79
38 65 66 78 79
38 61 78 79
38 53 68
38 53 68 69
38 53 67
38 53 67 68
38 53 65 66
38 53 61
38 44 59 73
38 44 59 71 72
38 44 46 59
38 42 68 78 79
38 42 59 71 78 79
38 42 59 69 70 78 79
38 42 59 61 73
38 42 59 61 71 72
38 42 53 68
38 42 53 59 71
38 42 53 59 69 70
38 42 46 59 61
38 42 44 59 78 79
38 42 44 53 59
38 42 43 59 73
38 42 43 59 71 72
38 42 43 46 59
38 40 78 79
38 40 53
38 40 41 59 71 78 79
38 40 41 59 69 70 78 79
38 40 41 59 61 73
38 40 41 59 61 71 72
38 40 41 53 59 71
38 40 41 53 59 69 70
38 40 41 46 59 61
38 40 41 44 59 78 79
38 40 41 44 53 59
37
36
36 69 78 79
36 68 69
36 68 69 73 78 79
36 68 69 71 72 78 79
36 67 78 79
36 67 68
36 67 68 78 79
36 67 68 73 78 79
36 67 68 71 72 78 79
36 65 66 78 79
36 57 60 61 73 75
36 57 60 61 73 74
36 57 60 61 71 72 75
36 57 60 61 71 72 73 74
36 57 58 59 61 73 75
36 57 58 59 61 73 74
36 57 58 59 61 71 72 75
36 57 58 59 61 71 72 73 74
36 53 69
36 53 68 69 73
36 53 68 69 71 72
36 53 67
36 53 67 68
36 53 67 68 73
36 53 67 68 71 72
36 53 65 66
36 48 57 60 61 73
36 48 57 60 61 71 72
36 48 57 58 59 61 73
36 48 57 58 59 61 71 72
36 46 68 69 78 79
36 46 67 68 78 79
36 46 57 60 61 75
36 46 57 60 61 73 74
36 46 57 58 59 61 75
36 46 57 58 59 61 73 74
36 46 53 68 69
36 46 53 67 68
36 46 48 57 60 61
36 46 48 57 58 59 61
36 42 78 79
36 42 68
36 42 68 73 78 79
36 42 68 71 72 78 79
36 42 53
36 42 53 68 73
36 42 53 68 71 72
36 42 46 68 78 79
36 42 46 53 68
36 40 78 79
36 40 53
35 59 73 75
35 59 73 74
35 59 71 72 75
35 59 71 72 73 74
35 59 61 73
35 59 61 71 72
35 59 60 61 73
35 59 60 61 71 72
35 48 59 73
35 48 59 71 72
35 46 59 75
35 46 59 73 74
35 46 59 61
35 46 59 60 61
35 46 48 59
35 42 59 61 73
35 42 59 61 71 72
35 42 46 59 61
35 40 41 59 61 73
35 40 41 59 61 71 72
35 40 41 46 59 61
35 36
34 68
34 59 61 62 73
34 59 61 62 71 72
34 59 60 61 73
34 59 60 61 71 72
34 55 67
34 55 65 66
34 46 59 61 62
34 46 59 60 61
34 42 59 60 61 73
34 42 59 60 61 71 72
34 42 58 59 61 73
34 42 58 59 61 71 72
34 42 46 59 60 61
34 42 46 58 59 61
34 40 55
34 40 41 59 60 61 73
34 40 41 59 60 61 71 72
34 40 41 58 59 61 73
34 40 41 58 59 61 71 72
34 40 41 46 59 60 61
34 40 41 46 58 59 61
34 35 59 61 73
34 35 59 61 71 72
34 35 46 59 61
33 59 75
33 59 73 74
33 59 61 73 75
33 59 61 73 74
33 59 61 71 72 75
33 59 61 71 72 73 74
33 57 75 78
33 57 75 76 77
33 57 73 74 78
33 57 73 74 76 77
33 57 61 63 73 75
33 57 61 63 73 74
33 57 61 63 71 72 75
33 57 61 63 71 72 73 74
33 57 61 62 73 75
33 57 61 62 73 74
33 57 61 62 71 72 75
33 57 61 62 71 72 73 74
33 51 57 75
33 51 57 73 74
33 48 59
33 48 59 61 73
33 48 59 61 71 72
33 48 57 78
33 48 57 76 77
33 48 57 61 63 73
33 48 57 61 63 71 72
33 48 57 61 62 73
33 48 57 61 62 71 72
33 48 51 57
33 46 59 61 75
33 46 59 61 73 74
33 46 57 61 63 75
33 46 57 61 63 73 74
33 46 57 61 62 75
33 46 57 61 62 73 74
33 46 48 59 61
33 46 48 57 61 63
33 46 48 57 61 62
33 42 59 61 73
33 42 59 61 71 72
33 42 59 60 61 73
33 42 59 60 61 71 72
33 42 46 59 61
33 42 46 59 60 61
33 40 41 59 61 73
33 40 41 59 61 71 72
33 40 41 59 60 61 73
33 40 41 59 60 61 71 72
33 40 41 46 59 61
33 40 41 46 59 60 61
33 36 57 61 73 75
33 36 57 61 73 74
33 36 57 61 71 72 75
33 36 57 61 71 72 73 74
33 36 48 57 61 73
33 36 48 57 61 71 72
33 36 46 57 61 75
33 36 46 57 61 73 74
33 36 46 48 57 61
33 34 59 73 75
33 34 59 73 74
33 34 59 71 72 75
33 34 59 71 72 73 74
33 34 48 59 73
33 34 48 59 71 72
33 34 46 59 75
33 34 46 59 73 74
33 34 46 48 59
33 34 42 59 61 73
33 34 42 59 61 71 72
33 34 42 46 59 61
33 34 40 41 59 61 73
33 34 40 41 59 61 71 72
33 34 40 41 46 59 61
31 48 57 59 73 78
31 48 57 59 73 76 77
31 48 57 59 71 72 78
31 48 57 59 71 72 76 77
31 48 51 57 59 73
31 48 51 57 59 71 72
31 46 48 57 59 78
31 46 48 57 59 76 77
31 46 48 51 57 59
31 46 47 57 59 78
31 46 47 57 59 76 77
31 46 47 57 59 73 78
31 46 47 57 59 73 76 77
31 46 47 57 59 71 72 78
31 46 47 57 59 71 72 76 77
31 46 47 51 57 59
31 46 47 51 57 59 73
31 46 47 51 57 59 71 72
29 68 69 78 79
29 67 68 78 79
29 59 73 78
29 59 73 76 77
29 59 71 72 78
29 59 71 72 76 77
29 53 68 69
29 53 67 68
29 51 59 73
29 51 59 71 72
29 48 57 59 73 75 78
29 48 57 59 73 75 76 77
29 48 57 59 73 74 78
29 48 57 59 73 74 76 77
29 48 57 59 71 72 75 78
29 48 57 59 71 72 75 76 77
29 48 57 59 71 72 73 74 78
29 48 57 59 71 72 73 74 76 77
29 48 51 57 59 73 75
29 48 51 57 59 73 74
29 48 51 57 59 71 72 75
29 48 51 57 59 71 72 73 74
29 46 59 78
29 46 59 76 77
29 46 51 59
29 46 48 57 59 75 78
29 46 48 57 59 75 76 77
29 46 48 57 59 73 74 78
29 46 48 57 59 73 74 76 77
29 46 48 51 57 59 75
29 46 48 51 57 59 73 74
29 46 47 57 59 78
29 46 47 57 59 76 77
29 46 47 57 59 75 78
29 46 47 57 59 75 76 77
29 46 47 57 59 73 78
29 46 47 57 59 73 76 77
29 46 47 57 59 73 75 78
29 46 47 57 59 73 75 76 77
29 46 47 57 59 71 72 78
29 46 47 57 59 71 72 76 77
29 46 47 57 59 71 72 75 78
29 46 47 57 59 71 72 75 76 77
29 46 47 57 59 71 72 73 74 78
29 46 47 57 59 71 72 73 74 76 77
29 46 47 51 57 59
29 46 47 51 57 59 75
29 46 47 51 57 59 73
29 46 47 51 57 59 73 75
29 46 47 51 57 59 71 72
29 46 47 51 57 59 71 72 75
29 46 47 51 57 59 71 72 73 74
29 46 47 48 57 59 78
29 46 47 48 57 59 76 77
29 46 47 48 57 59 73 78
29 46 47 48 57 59 73 76 77
29 46 47 48 57 59 71 72 78
29 46 47 48 57 59 71 72 76 77
29 46 47 48 51 57 59
29 46 47 48 51 57 59 73
29 46 47 48 51 57 59 71 72
29 42 68 78 79
29 42 53 68
29 30 48 57 59 73 78
29 30 48 57 59 73 76 77
29 30 48 57 59 71 72 78
29 30 48 57 59 71 72 76 77
29 30 48 51 57 59 73
29 30 48 51 57 59 71 72
29 30 46 48 57 59 78
29 30 46 48 57 59 76 77
29 30 46 48 51 57 59
29 30 46 47 57 59 78
29 30 46 47 57 59 76 77
29 30 46 47 57 59 73 78
29 30 46 47 57 59 73 76 77
29 30 46 47 57 59 71 72 78
29 30 46 47 57 59 71 72 76 77
29 30 46 47 51 57 59
29 30 46 47 51 57 59 73
29 30 46 47 51 57 59 71 72
28
28 59 69
28 59 67 68
28 42 59
28 42 48 57 59 73 75 78
28 42 48 57 59 73 75 76 77
28 42 48 57 59 73 74 78
28 42 48 57 59 73 74 76 77
28 42 48 57 59 71 72 75 78
28 42 48 57 59 71 72 75 76 77
28 42 48 57 59 71 72 73 74 78
28 42 48 57 59 71 72 73 74 76 77
28 42 48 51 57 59 73 75
28 42 48 51 57 59 73 74
28 42 48 51 57 59 71 72 75
28 42 48 51 57 59 71 72 73 74
28 42 46 48 57 59 75 78
28 42 46 48 57 59 75 76 77
28 42 46 48 57 59 73 74 78
28 42 46 48 57 59 73 74 76 77
28 42 46 48 51 57 59 75
28 42 46 48 51 57 59 73 74
28 42 46 47 57 59 78
28 42 46 47 57 59 76 77
28 42 46 47 57 59 75 78
28 42 46 47 57 59 75 76 77
28 42 46 47 57 59 73 78
28 42 46 47 57 59 73 76 77
28 42 46 47 57 59 73 75 78
28 42 46 47 57 59 73 75 76 77
28 42 46 47 57 59 71 72 78
28 42 46 47 57 59 71 72 76 77
28 42 46 47 57 59 71 72 75 78
28 42 46 47 57 59 71 72 75 76 77
28 42 46 47 57 59 71 72 73 74 78
28 42 46 47 57 59 71 72 73 74 76 77
28 42 46 47 51 57 59
28 42 46 47 51 57 59 75
28 42 46 47 51 57 59 73
28 42 46 47 51 57 59 73 75
28 42 46 47 51 57 59 71 72
28 42 46 47 51 57 59 71 72 75
28 42 46 47 51 57 59 71 72 73 74
28 42 46 47 48 57 59 78
28 42 46 47 48 57 59 76 77
28 42 46 47 48 57 59 73 78
28 42 46 47 48 57 59 73 76 77
28 42 46 47 48 57 59 71 72 78
28 42 46 47 48 57 59 71 72 76 77
28 42 46 47 48 51 57 59
28 42 46 47 48 51 57 59 73
28 42 46 47 48 51 57 59 71 72
28 40 41 48 57 59 73 75 78
28 40 41 48 57 59 73 75 76 77
28 40 41 48 57 59 73 74 78
28 40 41 48 57 59 73 74 76 77
28 40 41 48 57 59 71 72 75 78
28 40 41 48 57 59 71 72 75 76 77
28 40 41 48 57 59 71 72 73 74 78
28 40 41 48 57 59 71 72 73 74 76 77
28 40 41 48 51 57 59 73 75
28 40 41 48 51 57 59 73 74
28 40 41 48 51 57 59 71 72 75
28 40 41 48 51 57 59 71 72 73 74
28 40 41 46 48 57 59 75 78
28 40 41 46 48 57 59 75 76 77
28 40 41 46 48 57 59 73 74 78
28 40 41 46 48 57 59 73 74 76 77
28 40 41 46 48 51 57 59 75
28 40 41 46 48 51 57 59 73 74
28 40 41 46 47 57 59 78
28 40 41 46 47 57 59 76 77
28 40 41 46 47 57 59 75 78
28 40 41 46 47 57 59 75 76 77
28 40 41 46 47 57 59 73 78
28 40 41 46 47 57 59 73 76 77
28 40 41 46 47 57 59 73 75 78
28 40 41 46 47 57 59 73 75 76 77
28 40 41 46 47 57 59 71 72 78
28 40 41 46 47 57 59 71 72 76 77
28 40 41 46 47 57 59 71 72 75 78
28 40 41 46 47 57 59 71 72 75 76 77
28 40 41 46 47 57 59 71 72 73 74 78
28 40 41 46 47 57 59 71 72 73 74 76 77
28 40 41 46 47 51 57 59
28 40 41 46 47 51 57 59 75
28 40 41 46 47 51 57 59 73
28 40 41 46 47 51 57 59 73 75
28 40 41 46 47 51 57 59 71 72
28 40 41 46 47 51 57 59 71 72 75
28 40 41 46 47 51 57 59 71 72 73 74
28 40 41 46 47 48 57 59 78
28 40 41 46 47 48 57 59 76 77
28 40 41 46 47 48 57 59 73 78
28 40 41 46 47 48 57 59 73 76 77
28 40 41 46 47 48 57 59 71 72 78
28 40 41 46 47 48 57 59 71 72 76 77
28 40 41 46 47 48 51 57 59
28 40 41 46 47 48 51 57 59 73
28 40 41 46 47 48 51 57 59 71 72
27
27 69 78 79
27 68 69
27 67 68
27 67 68 78 79
27 53 69
27 53 67 68
27 42 78 79
27 42 68
27 42 53
27 36 67
27 36 65 66
27 36 40
27 28 59 73 78
27 28 59 73 76 77
27 28 59 71 72 78
27 28 59 71 72 76 77
27 28 51 59 73
27 28 51 59 71 72
27 28 48 57 59 73 75 78
27 28 48 57 59 73 75 76 77
27 28 48 57 59 73 74 78
27 28 48 57 59 73 74 76 77
27 28 48 57 59 71 72 75 78
27 28 48 57 59 71 72 75 76 77
27 28 48 57 59 71 72 73 74 78
27 28 48 57 59 71 72 73 74 76 77
27 28 48 51 57 59 73 75
27 28 48 51 57 59 73 74
27 28 48 51 57 59 71 72 75
27 28 48 51 57 59 71 72 73 74
27 28 46 59 78
27 28 46 59 76 77
27 28 46 51 59
27 28 46 48 57 59 75 78
27 28 46 48 57 59 75 76 77
27 28 46 48 57 59 73 74 78
27 28 46 48 57 59 73 74 76 77
27 28 46 48 51 57 59 75
27 28 46 48 51 57 59 73 74
27 28 46 47 57 59 78
27 28 46 47 57 59 76 77
27 28 46 47 57 59 75 78
27 28 46 47 57 59 75 76 77
27 28 46 47 57 59 73 78
27 28 46 47 57 59 73 76 77
27 28 46 47 57 59 73 75 78
27 28 46 47 57 59 73 75 76 77
27 28 46 47 57 59 71 72 78
27 28 46 47 57 59 71 72 76 77
27 28 46 47 57 59 71 72 75 78
27 28 46 47 57 59 71 72 75 76 77
27 28 46 47 57 59 71 72 73 74 78
27 28 46 47 57 59 71 72 73 74 76 77
27 28 46 47 51 57 59
27 28 46 47 51 57 59 75
27 28 46 47 51 57 59 73
27 28 46 47 51 57 59 73 75
27 28 46 47 51 57 59 71 72
27 28 46 47 51 57 59 71 72 75
27 28 46 47 51 57 59 71 72 73 74
27 28 46 47 48 57 59 78
27 28 46 47 48 57 59 76 77
27 28 46 47 48 57 59 73 78
27 28 46 47 48 57 59 73 76 77
27 28 46 47 48 57 59 71 72 78
27 28 46 47 48 57 59 71 72 76 77
27 28 46 47 48 51 57 59
27 28 46 47 48 51 57 59 73
27 28 46 47 48 51 57 59 71 72
26 67
26 65 66
26 57 59 73 78
26 57 59 73 76 77
26 57 59 71 72 78
26 57 59 71 72 76 77
26 51 57 59 73
26 51 57 59 71 72
26 46 57 59 78
26 46 57 59 76 77
26 46 51 57 59
26 40
26 27 42 48 57 59 73 75 78
26 27 42 48 57 59 73 75 76 77
26 27 42 48 57 59 73 74 78
26 27 42 48 57 59 73 74 76 77
26 27 42 48 57 59 71 72 75 78
26 27 42 48 57 59 71 72 75 76 77
26 27 42 48 57 59 71 72 73 74 78
26 27 42 48 57 59 71 72 73 74 76 77
26 27 42 48 51 57 59 73 75
26 27 42 48 51 57 59 73 74
26 27 42 48 51 57 59 71 72 75
26 27 42 48 51 57 59 71 72 73 74
26 27 42 46 48 57 59 75 78
26 27 42 46 48 57 59 75 76 77
26 27 42 46 48 57 59 73 74 78
26 27 42 46 48 57 59 73 74 76 77
26 27 42 46 48 51 57 59 75
26 27 42 46 48 51 57 59 73 74
26 27 42 46 47 57 59 78
26 27 42 46 47 57 59 76 77
26 27 42 46 47 57 59 75 78
26 27 42 46 47 57 59 75 76 77
26 27 42 46 47 57 59 73 78
26 27 42 46 47 57 59 73 76 77
26 27 42 46 47 57 59 73 75 78
26 27 42 46 47 57 59 73 75 76 77
26 27 42 46 47 57 59 71 72 78
26 27 42 46 47 57 59 71 72 76 77
26 27 42 46 47 57 59 71 72 75 78
26 27 42 46 47 57 59 71 72 75 76 77
26 27 42 46 47 57 59 71 72 73 74 78
26 27 42 46 47 57 59 71 72 73 74 76 77
26 27 42 46 47 51 57 59
26 27 42 46 47 51 57 59 75
26 27 42 46 47 51 57 59 73
26 27 42 46 47 51 57 59 73 75
26 27 42 46 47 51 57 59 71 72
26 27 42 46 47 51 57 59 71 72 75
26 27 42 46 47 51 57 59 71 72 73 74
26 27 42 46 47 48 57 59 78
26 27 42 46 47 48 57 59 76 77
26 27 42 46 47 48 57 59 73 78
26 27 42 46 47 48 57 59 73 76 77
26 27 42 46 47 48 57 59 71 72 78
26 27 42 46 47 48 57 59 71 72 76 77
26 27 42 46 47 48 51 57 59
26 27 42 46 47 48 51 57 59 73
26 27 42 46 47 48 51 57 59 71 72
26 27 40 41 48 57 59 73 75 78
26 27 40 41 48 57 59 73 75 76 77
26 27 40 41 48 57 59 73 74 78
26 27 40 41 48 57 59 73 74 76 77
26 27 40 41 48 57 59 71 72 75 78
26 27 40 41 48 57 59 71 72 75 76 77
26 27 40 41 48 57 59 71 72 73 74 78
26 27 40 41 48 57 59 71 72 73 74 76 77
26 27 40 41 48 51 57 59 73 75
26 27 40 41 48 51 57 59 73 74
26 27 40 41 48 51 57 59 71 72 75
26 27 40 41 48 51 57 59 71 72 73 74
26 27 40 41 46 48 57 59 75 78
26 27 40 41 46 48 57 59 75 76 77
26 27 40 41 46 48 57 59 73 74 78
26 27 40 41 46 48 57 59 73 74 76 77
26 27 40 41 46 48 51 57 59 75
26 27 40 41 46 48 51 57 59 73 74
26 27 40 41 46 47 57 59 78
26 27 40 41 46 47 57 59 76 77
26 27 40 41 46 47 57 59 75 78
26 27 40 41 46 47 57 59 75 76 77
26 27 40 41 46 47 57 59 73 78
26 27 40 41 46 47 57 59 73 76 77
26 27 40 41 46 47 57 59 73 75 78
26 27 40 41 46 47 57 59 73 75 76 77
26 27 40 41 46 47 57 59 71 72 78
26 27 40 41 46 47 57 59 71 72 76 77
26 27 40 41 46 47 57 59 71 72 75 78
26 27 40 41 46 47 57 59 71 72 75 76 77
26 27 40 41 46 47 57 59 71 72 73 74 78
26 27 40 41 46 47 57 59 71 72 73 74 76 77
26 27 40 41 46 47 51 57 59
26 27 40 41 46 47 51 57 59 75
26 27 40 41 46 47 51 57 59 73
26 27 40 41 46 47 51 57 59 73 75
26 27 40 41 46 47 51 57 59 71 72
26 27 40 41 46 47 51 57 59 71 72 75
26 27 40 41 46 47 51 57 59 71 72 73 74
26 27 40 41 46 47 48 57 59 78
26 27 40 41 46 47 48 57 59 76 77
26 27 40 41 46 47 48 57 59 73 78
26 27 40 41 46 47 48 57 59 73 76 77
26 27 40 41 46 47 48 57 59 71 72 78
26 27 40 41 46 47 48 57 59 71 72 76 77
26 27 40 41 46 47 48 51 57 59
26 27 40 41 46 47 48 51 57 59 73
26 27 40 41 46 47 48 51 57 59 71 72
25 78 79
25 69
25 67 68
25 53
25 42
23 59 73 75
23 59 73 74
23 59 71 72 75
23 59 71 72 73 74
23 48 59 73
23 48 59 71 72
23 46 59 75
23 46 59 73 74
23 46 48 59
23 24 78 79
23 24 53
22 59 73 75
22 59 73 74
22 59 71 72 75
22 59 71 72 73 74
22 59 68
22 48 59 73
22 48 59 71 72
22 46 59 75
22 46 59 73 74
22 46 48 59
21 59 73 78
21 59 73 76 77
21 59 71 72 78
21 59 71 72 76 77
21 59 61 73
21 59 61 73 75
21 59 61 73 75 78
21 59 61 73 75 76 77
21 59 61 73 74
21 59 61 73 74 78
21 59 61 73 74 76 77
21 59 61 71 73 78
21 59 61 71 73 76 77
21 59 61 71 72
21 59 61 71 72 78
21 59 61 71 72 76 77
21 59 61 71 72 75
21 59 61 71 72 75 78
21 59 61 71 72 75 76 77
21 59 61 71 72 73 74
21 59 61 71 72 73 74 78
21 59 61 71 72 73 74 76 77
21 59 61 69 70 73 78
21 59 61 69 70 73 76 77
21 59 61 69 70 71 72 78
21 59 61 69 70 71 72 76 77
21 57 61 73 78 79
21 57 61 71 72 78 79
21 57 59 73 78
21 57 59 73 76 77
21 57 59 73 75 78
21 57 59 73 75 78 79
21 57 59 73 75 76 77
21 57 59 73 74 78
21 57 59 73 74 78 79
21 57 59 73 74 76 77
21 57 59 71 72 78
21 57 59 71 72 76 77
21 57 59 71 72 75 78
21 57 59 71 72 75 78 79
21 57 59 71 72 75 76 77
21 57 59 71 72 73 74 78
21 57 59 71 72 73 74 78 79
21 57 59 71 72 73 74 76 77
21 57 59 61 73 78 79
21 57 59 61 71 73 78
21 57 59 61 71 73 76 77
21 57 59 61 71 72 78
21 57 59 61 71 72 78 79
21 57 59 61 71 72 76 77
21 57 59 61 69 70 73 78
21 57 59 61 69 70 73 76 77
21 57 59 61 69 70 71 72 78
21 57 59 61 69 70 71 72 76 77
21 53 57 61 73
21 53 57 61 71 72
21 53 57 59 73 75
21 53 57 59 73 74
21 53 57 59 71 72 75
21 53 57 59 71 72 73 74
21 53 57 59 61 73
21 53 57 59 61 71 72
21 51 59 73
21 51 59 71 72
21 51 59 61 73 75
21 51 59 61 73 74
21 51 59 61 71 73
21 51 59 61 71 72
21 51 59 61 71 72 75
21 51 59 61 71 72 73 74
21 51 59 61 69 70 73
21 51 59 61 69 70 71 72
21 51 57 59 73
21 51 57 59 73 75
21 51 57 59 73 74
21 51 57 59 71 72
21 51 57 59 71 72 75
21 51 57 59 71 72 73 74
21 51 57 59 61 71 73
21 51 57 59 61 71 72
21 51 57 59 61 69 70 73
21 51 57 59 61 69 70 71 72
21 48 59 61 73
21 48 59 61 73 78
21 48 59 61 73 76 77
21 48 59 61 71 72
21 48 59 61 71 72 78
21 48 59 61 71 72 76 77
21 48 57 59 73 78
21 48 57 59 73 78 79
21 48 57 59 73 76 77
21 48 57 59 71 72 78
21 48 57 59 71 72 78 79
21 48 57 59 71 72 76 77
21 48 53 57 59 73
21 48 53 57 59 71 72
21 48 51 59 61 73
21 48 51 59 61 71 72
21 48 51 57 59 73
21 48 51 57 59 71 72
21 46 59 78
21 46 59 76 77
21 46 59 61
21 46 59 61 75
21 46 59 61 75 78
21 46 59 61 75 76 77
21 46 59 61 73 74
21 46 59 61 73 74 78
21 46 59 61 73 74 76 77
21 46 59 61 71 78
21 46 59 61 71 76 77
21 46 59 61 69 70 78
21 46 59 61 69 70 76 77
21 46 57 61 78 79
21 46 57 59 78
21 46 57 59 76 77
21 46 57 59 75 78
21 46 57 59 75 78 79
21 46 57 59 75 76 77
21 46 57 59 73 74 78
21 46 57 59 73 74 78 79
21 46 57 59 73 74 76 77
21 46 57 59 61 78 79
21 46 57 59 61 71 78
21 46 57 59 61 71 76 77
21 46 57 59 61 69 70 78
21 46 57 59 61 69 70 76 77
21 46 53 57 61
21 46 53 57 59 75
21 46 53 57 59 73 74
21 46 53 57 59 61
21 46 51 59
21 46 51 59 61 75
21 46 51 59 61 73 74
21 46 51 59 61 71
21 46 51 59 61 69 70
21 46 51 57 59
21 46 51 57 59 75
21 46 51 57 59 73 74
21 46 51 57 59 61 71
21 46 51 57 59 61 69 70
21 46 48 59 61
21 46 48 59 61 78
21 46 48 59 61 76 77
21 46 48 57 59 78
21 46 48 57 59 78 79
21 46 48 57 59 76 77
21 46 48 53 57 59
21 46 48 51 59 61
21 46 48 51 57 59
21 44 59 61 73 78
21 44 59 61 73 76 77
21 44 59 61 71 72 78
21 44 59 61 71 72 76 77
21 44 57 59 73
21 44 57 59 71 72
21 44 57 59 61 73 78
21 44 57 59 61 73 76 77
21 44 57 59 61 71 72 78
21 44 57 59 61 71 72 76 77
21 44 51 59 61 73
21 44 51 59 61 71 72
21 44 51 57 59 61 73
21 44 51 57 59 61 71 72
21 44 46 59 61 78
21 44 46 59 61 76 77
21 44 46 57 59
21 44 46 57 59 61 78
21 44 46 57 59 61 76 77
21 44 46 51 59 61
21 44 46 51 57 59 61
21 42 57 59 73
21 42 57 59 73 75 78
21 42 57 59 73 75 76 77
21 42 57 59 73 74 78
21 42 57 59 73 74 76 77
21 42 57 59 71 72
21 42 57 59 71 72 75 78
21 42 57 59 71 72 75 76 77
21 42 57 59 71 72 73 74 78
21 42 57 59 71 72 73 74 76 77
21 42 51 57 59 73 75
21 42 51 57 59 73 74
21 42 51 57 59 71 72 75
21 42 51 57 59 71 72 73 74
21 42 48 57 59 73 78
21 42 48 57 59 73 76 77
21 42 48 57 59 71 72 78
21 42 48 57 59 71 72 76 77
21 42 48 51 57 59 73
21 42 48 51 57 59 71 72
21 42 46 57 59
21 42 46 57 59 75 78
21 42 46 57 59 75 76 77
21 42 46 57 59 73 74 78
21 42 46 57 59 73 74 76 77
21 42 46 51 57 59 75
21 42 46 51 57 59 73 74
21 42 46 48 57 59 78
21 42 46 48 57 59 76 77
21 42 46 48 51 57 59
21 42 43 57 59 73
21 42 43 57 59 71 72
21 42 43 46 57 59
21 41 42 57 59 73 78
21 41 42 57 59 73 76 77
21 41 42 57 59 73 75 78
21 41 42 57 59 73 75 76 77
21 41 42 57 59 73 74 78
21 41 42 57 59 73 74 76 77
21 41 42 57 59 71 72 78
21 41 42 57 59 71 72 76 77
21 41 42 57 59 71 72 75 78
21 41 42 57 59 71 72 75 76 77
21 41 42 57 59 71 72 73 74 78
21 41 42 57 59 71 72 73 74 76 77
21 41 42 51 57 59 73
21 41 42 51 57 59 73 75
21 41 42 51 57 59 73 74
21 41 42 51 57 59 71 72
21 41 42 51 57 59 71 72 75
21 41 42 51 57 59 71 72 73 74
21 41 42 48 57 59 73 78
21 41 42 48 57 59 73 76 77
21 41 42 48 57 59 71 72 78
21 41 42 48 57 59 71 72 76 77
21 41 42 48 51 57 59 73
21 41 42 48 51 57 59 71 72
21 41 42 46 57 59 78
21 41 42 46 57 59 76 77
21 41 42 46 57 59 75 78
21 41 42 46 57 59 75 76 77
21 41 42 46 57 59 73 74 78
21 41 42 46 57 59 73 74 76 77
21 41 42 46 51 57 59
21 41 42 46 51 57 59 75
21 41 42 46 51 57 59 73 74
21 41 42 46 48 57 59 78
21 41 42 46 48 57 59 76 77
21 41 42 46 48 51 57 59
21 40 41 57 59 73
21 40 41 57 59 73 78
21 40 41 57 59 73 76 77
21 40 41 57 59 71 72
21 40 41 57 59 71 72 78
21 40 41 57 59 71 72 76 77
21 40 41 51 57 59 73
21 40 41 51 57 59 71 72
21 40 41 46 57 59
21 40 41 46 57 59 78
21 40 41 46 57 59 76 77
21 40 41 46 51 57 59
21 39 40 42 57 59 73 78
21 39 40 42 57 59 73 76 77
21 39 40 42 57 59 73 75 78
21 39 40 42 57 59 73 75 76 77
21 39 40 42 57 59 73 74 78
21 39 40 42 57 59 73 74 76 77
21 39 40 42 57 59 71 72 78
21 39 40 42 57 59 71 72 76 77
21 39 40 42 57 59 71 72 75 78
21 39 40 42 57 59 71 72 75 76 77
21 39 40 42 57 59 71 72 73 74 78
21 39 40 42 57 59 71 72 73 74 76 77
21 39 40 42 51 57 59 73
21 39 40 42 51 57 59 73 75
21 39 40 42 51 57 59 73 74
21 39 40 42 51 57 59 71 72
21 39 40 42 51 57 59 71 72 75
21 39 40 42 51 57 59 71 72 73 74
21 39 40 42 48 57 59 73 78
21 39 40 42 48 57 59 73 76 77
21 39 40 42 48 57 59 71 72 78
21 39 40 42 48 57 59 71 72 76 77
21 39 40 42 48 51 57 59 73
21 39 40 42 48 51 57 59 71 72
21 39 40 42 46 57 59 78
21 39 40 42 46 57 59 76 77
21 39 40 42 46 57 59 75 78
21 39 40 42 46 57 59 75 76 77
21 39 40 42 46 57 59 73 74 78
21 39 40 42 46 57 59 73 74 76 77
21 39 40 42 46 51 57 59
21 39 40 42 46 51 57 59 75
21 39 40 42 46 51 57 59 73 74
21 39 40 42 46 48 57 59 78
21 39 40 42 46 48 57 59 76 77
21 39 40 42 46 48 51 57 59
21 39 40 41 57 59 73 78
21 39 40 41 57 59 73 76 77
21 39 40 41 57 59 73 75 78
21 39 40 41 57 59 73 75 76 77
21 39 40 41 57 59 73 74 78
21 39 40 41 57 59 73 74 76 77
21 39 40 41 57 59 71 72 78
21 39 40 41 57 59 71 72 76 77
21 39 40 41 57 59 71 72 75 78
21 39 40 41 57 59 71 72 75 76 77
21 39 40 41 57 59 71 72 73 74 78
21 39 40 41 57 59 71 72 73 74 76 77
21 39 40 41 51 57 59 73
21 39 40 41 51 57 59 73 75
21 39 40 41 51 57 59 73 74
21 39 40 41 51 57 59 71 72
21 39 40 41 51 57 59 71 72 75
21 39 40 41 51 57 59 71 72 73 74
21 39 40 41 48 57 59 73 78
21 39 40 41 48 57 59 73 76 77
21 39 40 41 48 57 59 71 72 78
21 39 40 41 48 57 59 71 72 76 77
21 39 40 41 48 51 57 59 73
21 39 40 41 48 51 57 59 71 72
21 39 40 41 46 57 59 78
21 39 40 41 46 57 59 76 77
21 39 40 41 46 57 59 75 78
21 39 40 41 46 57 59 75 76 77
21 39 40 41 46 57 59 73 74 78
21 39 40 41 46 57 59 73 74 76 77
21 39 40 41 46 51 57 59
21 39 40 41 46 51 57 59 75
21 39 40 41 46 51 57 59 73 74
21 39 40 41 46 48 57 59 78
21 39 40 41 46 48 57 59 76 77
21 39 40 41 46 48 51 57 59
21 31 57 59 73 78
21 31 57 59 73 76 77
21 31 57 59 71 72 78
21 31 57 59 71 72 76 77
21 31 51 57 59 73
21 31 51 57 59 71 72
21 31 46 57 59 78
21 31 46 57 59 76 77
21 31 46 51 57 59
21 29 57 59 73 78
21 29 57 59 73 76 77
21 29 57 59 73 75 78
21 29 57 59 73 75 76 77
21 29 57 59 73 74 78
21 29 57 59 73 74 76 77
21 29 57 59 71 72 78
21 29 57 59 71 72 76 77
21 29 57 59 71 72 75 78
21 29 57 59 71 72 75 76 77
21 29 57 59 71 72 73 74 78
21 29 57 59 71 72 73 74 76 77
21 29 51 57 59 73
21 29 51 57 59 73 75
21 29 51 57 59 73 74
21 29 51 57 59 71 72
21 29 51 57 59 71 72 75
21 29 51 57 59 71 72 73 74
21 29 48 57 59 73 78
21 29 48 57 59 73 76 77
21 29 48 57 59 71 72 78
21 29 48 57 59 71 72 76 77
21 29 48 51 57 59 73
21 29 48 51 57 59 71 72
21 29 46 57 59 78
21 29 46 57 59 76 77
21 29 46 57 59 75 78
21 29 46 57 59 75 76 77
21 29 46 57 59 73 74 78
21 29 46 57 59 73 74 76 77
21 29 46 51 57 59
21 29 46 51 57 59 75
21 29 46 51 57 59 73 74
21 29 46 48 57 59 78
21 29 46 48 57 59 76 77
21 29 46 48 51 57 59
21 29 30 57 59 73 78
21 29 30 57 59 73 76 77
21 29 30 57 59 71 72 78
21 29 30 57 59 71 72 76 77
21 29 30 51 57 59 73
21 29 30 51 57 59 71 72
21 29 30 46 57 59 78
21 29 30 46 57 59 76 77
21 29 30 46 51 57 59
21 28 42 57 59 73 78
21 28 42 57 59 73 76 77
21 28 42 57 59 73 75 78
21 28 42 57 59 73 75 76 77
21 28 42 57 59 73 74 78
21 28 42 57 59 73 74 76 77
21 28 42 57 59 71 72 78
21 28 42 57 59 71 72 76 77
21 28 42 57 59 71 72 75 78
21 28 42 57 59 71 72 75 76 77
21 28 42 57 59 71 72 73 74 78
21 28 42 57 59 71 72 73 74 76 77
21 28 42 51 57 59 73
21 28 42 51 57 59 73 75
21 28 42 51 57 59 73 74
21 28 42 51 57 59 71 72
21 28 42 51 57 59 71 72 75
21 28 42 51 57 59 71 72 73 74
21 28 42 48 57 59 73 78
21 28 42 48 57 59 73 76 77
21 28 42 48 57 59 71 72 78
21 28 42 48 57 59 71 72 76 77
21 28 42 48 51 57 59 73
21 28 42 48 51 57 59 71 72
21 28 42 46 57 59 78
21 28 42 46 57 59 76 77
21 28 42 46 57 59 75 78
21 28 42 46 57 59 75 76 77
21 28 42 46 57 59 73 74 78
21 28 42 46 57 59 73 74 76 77
21 28 42 46 51 57 59
21 28 42 46 51 57 59 75
21 28 42 46 51 57 59 73 74
21 28 42 46 48 57 59 78
21 28 42 46 48 57 59 76 77
21 28 42 46 48 51 57 59
21 28 40 41 57 59 73 78
21 28 40 41 57 59 73 76 77
21 28 40 41 57 59 73 75 78
21 28 40 41 57 59 73 75 76 77
21 28 40 41 57 59 73 74 78
21 28 40 41 57 59 73 74 76 77
21 28 40 41 57 59 71 72 78
21 28 40 41 57 59 71 72 76 77
21 28 40 41 57 59 71 72 75 78
21 28 40 41 57 59 71 72 75 76 77
21 28 40 41 57 59 71 72 73 74 78
21 28 40 41 57 59 71 72 73 74 76 77
21 28 40 41 51 57 59 73
21 28 40 41 51 57 59 73 75
21 28 40 41 51 57 59 73 74
21 28 40 41 51 57 59 71 72
21 28 40 41 51 57 59 71 72 75
21 28 40 41 51 57 59 71 72 73 74
21 28 40 41 48 57 59 73 78
21 28 40 41 48 57 59 73 76 77
21 28 40 41 48 57 59 71 72 78
21 28 40 41 48 57 59 71 72 76 77
21 28 40 41 48 51 57 59 73
21 28 40 41 48 51 57 59 71 72
21 28 40 41 46 57 59 78
21 28 40 41 46 57 59 76 77
21 28 40 41 46 57 59 75 78
21 28 40 41 46 57 59 75 76 77
21 28 40 41 46 57 59 73 74 78
21 28 40 41 46 57 59 73 74 76 77
21 28 40 41 46 51 57 59
21 28 40 41 46 51 57 59 75
21 28 40 41 46 51 57 59 73 74
21 28 40 41 46 48 57 59 78
21 28 40 41 46 48 57 59 76 77
21 28 40 41 46 48 51 57 59
21 27 28 57 59 73 78
21 27 28 57 59 73 76 77
21 27 28 57 59 73 75 78
21 27 28 57 59 73 75 76 77
21 27 28 57 59 73 74 78
21 27 28 57 59 73 74 76 77
21 27 28 57 59 71 72 78
21 27 28 57 59 71 72 76 77
21 27 28 57 59 71 72 75 78
21 27 28 57 59 71 72 75 76 77
21 27 28 57 59 71 72 73 74 78
21 27 28 57 59 71 72 73 74 76 77
21 27 28 51 57 59 73
21 27 28 51 57 59 73 75
21 27 28 51 57 59 73 74
21 27 28 51 57 59 71 72
21 27 28 51 57 59 71 72 75
21 27 28 51 57 59 71 72 73 74
21 27 28 48 57 59 73 78
21 27 28 48 57 59 73 76 77
21 27 28 48 57 59 71 72 78
21 27 28 48 57 59 71 72 76 77
21 27 28 48 51 57 59 73
21 27 28 48 51 57 59 71 72
21 27 28 46 57 59 78
21 27 28 46 57 59 76 77
21 27 28 46 57 59 75 78
21 27 28 46 57 59 75 76 77
21 27 28 46 57 59 73 74 78
21 27 28 46 57 59 73 74 76 77
21 27 28 46 51 57 59
21 27 28 46 51 57 59 75
21 27 28 46 51 57 59 73 74
21 27 28 46 48 57 59 78
21 27 28 46 48 57 59 76 77
21 27 28 46 48 51 57 59
21 26 27 42 57 59 73 78
21 26 27 42 57 59 73 76 77
21 26 27 42 57 59 73 75 78
21 26 27 42 57 59 73 75 76 77
21 26 27 42 57 59 73 74 78
21 26 27 42 57 59 73 74 76 77
21 26 27 42 57 59 71 72 78
21 26 27 42 57 59 71 72 76 77
21 26 27 42 57 59 71 72 75 78
21 26 27 42 57 59 71 72 75 76 77
21 26 27 42 57 59 71 72 73 74 78
21 26 27 42 57 59 71 72 73 74 76 77
21 26 27 42 51 57 59 73
21 26 27 42 51 57 59 73 75
21 26 27 42 51 57 59 73 74
21 26 27 42 51 57 59 71 72
21 26 27 42 51 57 59 71 72 75
21 26 27 42 51 57 59 71 72 73 74
21 26 27 42 48 57 59 73 78
21 26 27 42 48 57 59 73 76 77
21 26 27 42 48 57 59 71 72 78
21 26 27 42 48 57 59 71 72 76 77
21 26 27 42 48 51 57 59 73
21 26 27 42 48 51 57 59 71 72
21 26 27 42 46 57 59 78
21 26 27 42 46 57 59 76 77
21 26 27 42 46 57 59 75 78
21 26 27 42 46 57 59 75 76 77
21 26 27 42 46 57 59 73 74 78
21 26 27 42 46 57 59 73 74 76 77
21 26 27 42 46 51 57 59
21 26 27 42 46 51 57 59 75
21 26 27 42 46 51 57 59 73 74
21 26 27 42 46 48 57 59 78
21 26 27 42 46 48 57 59 76 77
21 26 27 42 46 48 51 57 59
21 26 27 40 41 57 59 73 78
21 26 27 40 41 57 59 73 76 77
21 26 27 40 41 57 59 73 75 78
21 26 27 40 41 57 59 73 75 76 77
21 26 27 40 41 57 59 73 74 78
21 26 27 40 41 57 59 73 74 76 77
21 26 27 40 41 57 59 71 72 78
21 26 27 40 41 57 59 71 72 76 77
21 26 27 40 41 57 59 71 72 75 78
21 26 27 40 41 57 59 71 72 75 76 77
21 26 27 40 41 57 59 71 72 73 74 78
21 26 27 40 41 57 59 71 72 73 74 76 77
21 26 27 40 41 51 57 59 73
21 26 27 40 41 51 57 59 73 75
21 26 27 40 41 51 57 59 73 74
21 26 27 40 41 51 57 59 71 72
21 26 27 40 41 51 57 59 71 72 75
21 26 27 40 41 51 57 59 71 72 73 74
21 26 27 40 41 48 57 59 73 78
21 26 27 40 41 48 57 59 73 76 77
21 26 27 40 41 48 57 59 71 72 78
21 26 27 40 41 48 57 59 71 72 76 77
21 26 27 40 41 48 51 57 59 73
21 26 27 40 41 48 51 57 59 71 72
21 26 27 40 41 46 57 59 78
21 26 27 40 41 46 57 59 76 77
21 26 27 40 41 46 57 59 75 78
21 26 27 40 41 46 57 59 75 76 77
21 26 27 40 41 46 57 59 73 74 78
21 26 27 40 41 46 57 59 73 74 76 77
21 26 27 40 41 46 51 57 59
21 26 27 40 41 46 51 57 59 75
21 26 27 40 41 46 51 57 59 73 74
21 26 27 40 41 46 48 57 59 78
21 26 27 40 41 46 48 57 59 76 77
21 26 27 40 41 46 48 51 57 59
20
20 61 69
20 61 68 69
20 42 61
20 42 61 68
20 42 59 61 73
20 42 59 61 71 72
20 42 46 59 61
20 40 41 59 61 73
20 40 41 59 61 71 72
20 40 41 46 59 61
19
18 42 59 61 73 78 79
18 42 59 61 71 72 78 79
18 42 57 59 73
18 42 57 59 71 72
18 42 53 59 61 73
18 42 53 59 61 71 72
18 42 46 59 61 78 79
18 42 46 57 59
18 42 46 53 59 61
18 40 41 59 61 73 78 79
18 40 41 59 61 71 72 78 79
18 40 41 57 59 73
18 40 41 57 59 71 72
18 40 41 53 59 61 73
18 40 41 53 59 61 71 72
18 40 41 46 59 61 78 79
18 40 41 46 57 59
18 40 41 46 53 59 61
17 61 73 75 78
17 61 73 75 76 77
17 61 73 74 78
17 61 73 74 76 77
17 61 71 72 75 78
17 61 71 72 75 76 77
17 61 71 72 73 74 78
17 61 71 72 73 74 76 77
17 59 73
17 59 73 78
17 59 73 76 77
17 59 71 72
17 59 71 72 78
17 59 71 72 76 77
17 59 65 73
17 59 65 71 72
17 59 63 64 73
17 59 63 64 71 72
17 59 61 73
17 59 61 73 77
17 59 61 73 75
17 59 61 73 75 76
17 59 61 73 74
17 59 61 71 72
17 59 61 71 72 77
17 59 61 71 72 75
17 59 61 71 72 75 76
17 59 61 71 72 73 74
17 51 61 73 75
17 51 61 73 74
17 51 61 71 72 75
17 51 61 71 72 73 74
17 51 59 73
17 51 59 71 72
17 50 59 61 73
17 50 59 61 71 72
17 48 61 73 78
17 48 61 73 76 77
17 48 61 71 72 78
17 48 61 71 72 76 77
17 48 59 61 73
17 48 59 61 71 72
17 48 57 59 73
17 48 57 59 71 72
17 48 51 61 73
17 48 51 61 71 72
17 46 61 75 78
17 46 61 75 76 77
17 46 61 73 74 78
17 46 61 73 74 76 77
17 46 59
17 46 59 78
17 46 59 76 77
17 46 59 65
17 46 59 63 64
17 46 59 61
17 46 59 61 77
17 46 59 61 75
17 46 59 61 75 76
17 46 59 61 73 74
17 46 51 61 75
17 46 51 61 73 74
17 46 51 59
17 46 50 59 61
17 46 48 61 78
17 46 48 61 76 77
17 46 48 59 61
17 46 48 57 59
17 46 48 51 61
17 46 47 57 59
17 46 47 57 59 73
17 46 47 57 59 71 72
17 38 59 73
17 38 59 71 72
17 38 46 59
17 21 57 59 73
17 21 57 59 71 72
17 21 46 57 59
16 17 42 59 61 73 78 79
16 17 42 59 61 71 72 78 79
16 17 42 57 59 73
16 17 42 57 59 71 72
16 17 42 53 59 61 73
16 17 42 53 59 61 71 72
16 17 42 46 59 61 78 79
16 17 42 46 57 59
16 17 42 46 53 59 61
16 17 40 41 59 61 73 78 79
16 17 40 41 59 61 71 72 78 79
16 17 40 41 57 59 73
16 17 40 41 57 59 71 72
16 17 40 41 53 59 61 73
16 17 40 41 53 59 61 71 72
16 17 40 41 46 59 61 78 79
16 17 40 41 46 57 59
16 17 40 41 46 53 59 61
15 61 73 75 78 79
15 61 73 74 78 79
15 61 71 72 75 78 79
15 61 71 72 73 74 78 79
15 59 73 78
15 59 73 77 78
15 59 73 75 76 78
15 59 73 75 76 77
15 59 71 72 78
15 59 71 72 77 78
15 59 71 72 75 76 78
15 59 71 72 75 76 77
15 59 65 71 78 79
15 59 65 69 70 78 79
15 59 63 73
15 59 63 71 72
15 59 63 64 71 78 79
15 59 63 64 69 70 78 79
15 59 61 65 73
15 59 61 65 71 72
15 59 61 63 64 73
15 59 61 63 64 71 72
15 59 61 62 73
15 59 61 62 71 72
15 59 60 61 73
15 59 60 61 73 78 79
15 59 60 61 71 72
15 59 60 61 71 72 78 79
15 58 59 61 73
15 58 59 61 71 72
15 58 59 60 61 73
15 58 59 60 61 71 72
15 57 61 73
15 57 61 71 72
15 57 59 73 78
15 57 59 73 76 77
15 57 59 71 72 78
15 57 59 71 72 76 77
15 57 59 60 73
15 57 59 60 71 72
15 53 61 73 75
15 53 61 73 74
15 53 61 71 72 75
15 53 61 71 72 73 74
15 53 59 65 71
15 53 59 65 69 70
15 53 59 63 64 71
15 53 59 63 64 69 70
15 53 59 60 61 73
15 53 59 60 61 71 72
15 51 59 73
15 51 59 73 77
15 51 59 73 75 76
15 51 59 71 72
15 51 59 71 72 77
15 51 59 71 72 75 76
15 51 57 59 73
15 51 57 59 71 72
15 50 59 73 78
15 50 59 73 76 77
15 50 59 71 72 78
15 50 59 71 72 76 77
15 50 51 59 73
15 50 51 59 71 72
15 48 61 73 78 79
15 48 61 71 72 78 79
15 48 57 59 73
15 48 57 59 73 78
15 48 57 59 73 76 77
15 48 57 59 73 75 78
15 48 57 59 73 75 76 77
15 48 57 59 73 74 78
15 48 57 59 73 74 76 77
15 48 57 59 71 72
15 48 57 59 71 72 78
15 48 57 59 71 72 76 77
15 48 57 59 71 72 75 78
15 48 57 59 71 72 75 76 77
15 48 57 59 71 72 73 74 78
15 48 57 59 71 72 73 74 76 77
15 48 53 61 73
15 48 53 61 71 72
15 48 51 57 59 73
15 48 51 57 59 73 75
15 48 51 57 59 73 74
15 48 51 57 59 71 72
15 48 51 57 59 71 72 75
15 48 51 57 59 71 72 73 74
15 47 59 61 73
15 47 59 61 71 72
15 46 61 75 78 79
15 46 61 73 74 78 79
15 46 59 78
15 46 59 77 78
15 46 59 75 76 78
15 46 59 75 76 77
15 46 59 63
15 46 59 61 65
15 46 59 61 63 64
15 46 59 61 62
15 46 59 60 61
15 46 59 60 61 78 79
15 46 58 59 61
15 46 58 59 60 61
15 46 57 61
15 46 57 59 78
15 46 57 59 76 77
15 46 57 59 60
15 46 53 61 75
15 46 53 61 73 74
15 46 53 59 60 61
15 46 51 59
15 46 51 59 77
15 46 51 59 75 76
15 46 51 57 59
15 46 50 59 78
15 46 50 59 76 77
15 46 50 51 59
15 46 48 61 78 79
15 46 48 57 59
15 46 48 57 59 78
15 46 48 57 59 76 77
15 46 48 57 59 75 78
15 46 48 57 59 75 76 77
15 46 48 57 59 73 74 78
15 46 48 57 59 73 74 76 77
15 46 48 53 61
15 46 48 51 57 59
15 46 48 51 57 59 75
15 46 48 51 57 59 73 74
15 46 47 59 61
15 46 47 57 59
15 46 47 57 59 75 78
15 46 47 57 59 75 76 77
15 46 47 57 59 73
15 46 47 57 59 73 75 78
15 46 47 57 59 73 75 76 77
15 46 47 57 59 71 72
15 46 47 57 59 71 72 75 78
15 46 47 57 59 71 72 75 76 77
15 46 47 57 59 71 72 73 74 78
15 46 47 57 59 71 72 73 74 76 77
15 46 47 51 57 59 75
15 46 47 51 57 59 73 75
15 46 47 51 57 59 71 72 75
15 46 47 51 57 59 71 72 73 74
15 46 47 48 57 59 78
15 46 47 48 57 59 76 77
15 46 47 48 57 59 73 78
15 46 47 48 57 59 73 76 77
15 46 47 48 57 59 71 72 78
15 46 47 48 57 59 71 72 76 77
15 46 47 48 51 57 59
15 46 47 48 51 57 59 73
15 46 47 48 51 57 59 71 72
15 45 46 59 61
15 45 46 59 61 73
15 45 46 59 61 71 72
15 44 59 65 78 79
15 44 59 63 64 78 79
15 44 53 59 65
15 44 53 59 63 64
15 41 48 57 59 73 75 78
15 41 48 57 59 73 75 76 77
15 41 48 57 59 73 74 78
15 41 48 57 59 73 74 76 77
15 41 48 57 59 71 72 75 78
15 41 48 57 59 71 72 75 76 77
15 41 48 57 59 71 72 73 74 78
15 41 48 57 59 71 72 73 74 76 77
15 41 48 51 57 59 73 75
15 41 48 51 57 59 73 74
15 41 48 51 57 59 71 72 75
15 41 48 51 57 59 71 72 73 74
15 41 46 48 57 59 75 78
15 41 46 48 57 59 75 76 77
15 41 46 48 57 59 73 74 78
15 41 46 48 57 59 73 74 76 77
15 41 46 48 51 57 59 75
15 41 46 48 51 57 59 73 74
15 41 46 47 57 59 78
15 41 46 47 57 59 76 77
15 41 46 47 57 59 75 78
15 41 46 47 57 59 75 76 77
15 41 46 47 57 59 73 78
15 41 46 47 57 59 73 76 77
15 41 46 47 57 59 73 75 78
15 41 46 47 57 59 73 75 76 77
15 41 46 47 57 59 71 72 78
15 41 46 47 57 59 71 72 76 77
15 41 46 47 57 59 71 72 75 78
15 41 46 47 57 59 71 72 75 76 77
15 41 46 47 57 59 71 72 73 74 78
15 41 46 47 57 59 71 72 73 74 76 77
15 41 46 47 51 57 59
15 41 46 47 51 57 59 75
15 41 46 47 51 57 59 73
15 41 46 47 51 57 59 73 75
15 41 46 47 51 57 59 71 72
15 41 46 47 51 57 59 71 72 75
15 41 46 47 51 57 59 71 72 73 74
15 41 46 47 48 57 59 78
15 41 46 47 48 57 59 76 77
15 41 46 47 48 57 59 73 78
15 41 46 47 48 57 59 73 76 77
15 41 46 47 48 57 59 71 72 78
15 41 46 47 48 57 59 71 72 76 77
15 41 46 47 48 51 57 59
15 41 46 47 48 51 57 59 73
15 41 46 47 48 51 57 59 71 72
15 39 40 48 57 59 73 75 78
15 39 40 48 57 59 73 75 76 77
15 39 40 48 57 59 73 74 78
15 39 40 48 57 59 73 74 76 77
15 39 40 48 57 59 71 72 75 78
15 39 40 48 57 59 71 72 75 76 77
15 39 40 48 57 59 71 72 73 74 78
15 39 40 48 57 59 71 72 73 74 76 77
15 39 40 48 51 57 59 73 75
15 39 40 48 51 57 59 73 74
15 39 40 48 51 57 59 71 72 75
15 39 40 48 51 57 59 71 72 73 74
15 39 40 46 48 57 59 75 78
15 39 40 46 48 57 59 75 76 77
15 39 40 46 48 57 59 73 74 78
15 39 40 46 48 57 59 73 74 76 77
15 39 40 46 48 51 57 59 75
15 39 40 46 48 51 57 59 73 74
15 39 40 46 47 57 59 78
15 39 40 46 47 57 59 76 77
15 39 40 46 47 57 59 75 78
15 39 40 46 47 57 59 75 76 77
15 39 40 46 47 57 59 73 78
15 39 40 46 47 57 59 73 76 77
15 39 40 46 47 57 59 73 75 78
15 39 40 46 47 57 59 73 75 76 77
15 39 40 46 47 57 59 71 72 78
15 39 40 46 47 57 59 71 72 76 77
15 39 40 46 47 57 59 71 72 75 78
15 39 40 46 47 57 59 71 72 75 76 77
15 39 40 46 47 57 59 71 72 73 74 78
15 39 40 46 47 57 59 71 72 73 74 76 77
15 39 40 46 47 51 57 59
15 39 40 46 47 51 57 59 75
15 39 40 46 47 51 57 59 73
15 39 40 46 47 51 57 59 73 75
15 39 40 46 47 51 57 59 71 72
15 39 40 46 47 51 57 59 71 72 75
15 39 40 46 47 51 57 59 71 72 73 74
15 39 40 46 47 48 57 59 78
15 39 40 46 47 48 57 59 76 77
15 39 40 46 47 48 57 59 73 78
15 39 40 46 47 48 57 59 73 76 77
15 39 40 46 47 48 57 59 71 72 78
15 39 40 46 47 48 57 59 71 72 76 77
15 39 40 46 47 48 51 57 59
15 39 40 46 47 48 51 57 59 73
15 39 40 46 47 48 51 57 59 71 72
15 38 59 71 78 79
15 38 59 69 70 78 79
15 38 59 61 73
15 38 59 61 71 72
15 38 53 59 71
15 38 53 59 69 70
15 38 46 59 61
15 38 44 59 78 79
15 38 44 53 59
15 35 59 61 73
15 35 59 61 71 72
15 35 46 59 61
15 34 59 60 61 73
15 34 59 60 61 71 72
15 34 58 59 61 73
15 34 58 59 61 71 72
15 34 46 59 60 61
15 34 46 58 59 61
15 33 59 61 73
15 33 59 61 71 72
15 33 59 60 61 73
15 33 59 60 61 71 72
15 33 46 59 61
15 33 46 59 60 61
15 33 34 59 61 73
15 33 34 59 61 71 72
15 33 34 46 59 61
15 28 48 57 59 73 75 78
15 28 48 57 59 73 75 76 77
15 28 48 57 59 73 74 78
15 28 48 57 59 73 74 76 77
15 28 48 57 59 71 72 75 78
15 28 48 57 59 71 72 75 76 77
15 28 48 57 59 71 72 73 74 78
15 28 48 57 59 71 72 73 74 76 77
15 28 48 51 57 59 73 75
15 28 48 51 57 59 73 74
15 28 48 51 57 59 71 72 75
15 28 48 51 57 59 71 72 73 74
15 28 46 48 57 59 75 78
15 28 46 48 57 59 75 76 77
15 28 46 48 57 59 73 74 78
15 28 46 48 57 59 73 74 76 77
15 28 46 48 51 57 59 75
15 28 46 48 51 57 59 73 74
15 28 46 47 57 59 78
15 28 46 47 57 59 76 77
15 28 46 47 57 59 75 78
15 28 46 47 57 59 75 76 77
15 28 46 47 57 59 73 78
15 28 46 47 57 59 73 76 77
15 28 46 47 57 59 73 75 78
15 28 46 47 57 59 73 75 76 77
15 28 46 47 57 59 71 72 78
15 28 46 47 57 59 71 72 76 77
15 28 46 47 57 59 71 72 75 78
15 28 46 47 57 59 71 72 75 76 77
15 28 46 47 57 59 71 72 73 74 78
15 28 46 47 57 59 71 72 73 74 76 77
15 28 46 47 51 57 59
15 28 46 47 51 57 59 75
15 28 46 47 51 57 59 73
15 28 46 47 51 57 59 73 75
15 28 46 47 51 57 59 71 72
15 28 46 47 51 57 59 71 72 75
15 28 46 47 51 57 59 71 72 73 74
15 28 46 47 48 57 59 78
15 28 46 47 48 57 59 76 77
15 28 46 47 48 57 59 73 78
15 28 46 47 48 57 59 73 76 77
15 28 46 47 48 57 59 71 72 78
15 28 46 47 48 57 59 71 72 76 77
15 28 46 47 48 51 57 59
15 28 46 47 48 51 57 59 73
15 28 46 47 48 51 57 59 71 72
15 26 27 48 57 59 73 75 78
15 26 27 48 57 59 73 75 76 77
15 26 27 48 57 59 73 74 78
15 26 27 48 57 59 73 74 76 77
15 26 27 48 57 59 71 72 75 78
15 26 27 48 57 59 71 72 75 76 77
15 26 27 48 57 59 71 72 73 74 78
15 26 27 48 57 59 71 72 73 74 76 77
15 26 27 48 51 57 59 73 75
15 26 27 48 51 57 59 73 74
15 26 27 48 51 57 59 71 72 75
15 26 27 48 51 57 59 71 72 73 74
15 26 27 46 48 57 59 75 78
15 26 27 46 48 57 59 75 76 77
15 26 27 46 48 57 59 73 74 78
15 26 27 46 48 57 59 73 74 76 77
15 26 27 46 48 51 57 59 75
15 26 27 46 48 51 57 59 73 74
15 26 27 46 47 57 59 78
15 26 27 46 47 57 59 76 77
15 26 27 46 47 57 59 75 78
15 26 27 46 47 57 59 75 76 77
15 26 27 46 47 57 59 73 78
15 26 27 46 47 57 59 73 76 77
15 26 27 46 47 57 59 73 75 78
15 26 27 46 47 57 59 73 75 76 77
15 26 27 46 47 57 59 71 72 78
15 26 27 46 47 57 59 71 72 76 77
15 26 27 46 47 57 59 71 72 75 78
15 26 27 46 47 57 59 71 72 75 76 77
15 26 27 46 47 57 59 71 72 73 74 78
15 26 27 46 47 57 59 71 72 73 74 76 77
15 26 27 46 47 51 57 59
15 26 27 46 47 51 57 59 75
15 26 27 46 47 51 57 59 73
15 26 27 46 47 51 57 59 73 75
15 26 27 46 47 51 57 59 71 72
15 26 27 46 47 51 57 59 71 72 75
15 26 27 46 47 51 57 59 71 72 73 74
15 26 27 46 47 48 57 59 78
15 26 27 46 47 48 57 59 76 77
15 26 27 46 47 48 57 59 73 78
15 26 27 46 47 48 57 59 73 76 77
15 26 27 46 47 48 57 59 71 72 78
15 26 27 46 47 48 57 59 71 72 76 77
15 26 27 46 47 48 51 57 59
15 26 27 46 47 48 51 57 59 73
15 26 27 46 47 48 51 57 59 71 72
15 21 57 59 73
15 21 57 59 73 75 78
15 21 57 59 73 75 76 77
15 21 57 59 73 74 78
15 21 57 59 73 74 76 77
15 21 57 59 71 72
15 21 57 59 71 72 75 78
15 21 57 59 71 72 75 76 77
15 21 57 59 71 72 73 74 78
15 21 57 59 71 72 73 74 76 77
15 21 51 57 59 73 75
15 21 51 57 59 73 74
15 21 51 57 59 71 72 75
15 21 51 57 59 71 72 73 74
15 21 48 57 59 73 78
15 21 48 57 59 73 76 77
15 21 48 57 59 71 72 78
15 21 48 57 59 71 72 76 77
15 21 48 51 57 59 73
15 21 48 51 57 59 71 72
15 21 46 57 59
15 21 46 57 59 75 78
15 21 46 57 59 75 76 77
15 21 46 57 59 73 74 78
15 21 46 57 59 73 74 76 77
15 21 46 51 57 59 75
15 21 46 51 57 59 73 74
15 21 46 48 57 59 78
15 21 46 48 57 59 76 77
15 21 46 48 51 57 59
15 21 41 57 59 73 78
15 21 41 57 59 73 76 77
15 21 41 57 59 73 75 78
15 21 41 57 59 73 75 76 77
15 21 41 57 59 73 74 78
15 21 41 57 59 73 74 76 77
15 21 41 57 59 71 72 78
15 21 41 57 59 71 72 76 77
15 21 41 57 59 71 72 75 78
15 21 41 57 59 71 72 75 76 77
15 21 41 57 59 71 72 73 74 78
15 21 41 57 59 71 72 73 74 76 77
15 21 41 51 57 59 73
15 21 41 51 57 59 73 75
15 21 41 51 57 59 73 74
15 21 41 51 57 59 71 72
15 21 41 51 57 59 71 72 75
15 21 41 51 57 59 71 72 73 74
15 21 41 48 57 59 73 78
15 21 41 48 57 59 73 76 77
15 21 41 48 57 59 71 72 78
15 21 41 48 57 59 71 72 76 77
15 21 41 48 51 57 59 73
15 21 41 48 51 57 59 71 72
15 21 41 46 57 59 78
15 21 41 46 57 59 76 77
15 21 41 46 57 59 75 78
15 21 41 46 57 59 75 76 77
15 21 41 46 57 59 73 74 78
15 21 41 46 57 59 73 74 76 77
15 21 41 46 51 57 59
15 21 41 46 51 57 59 75
15 21 41 46 51 57 59 73 74
15 21 41 46 48 57 59 78
15 21 41 46 48 57 59 76 77
15 21 41 46 48 51 57 59
15 21 39 40 57 59 73 78
15 21 39 40 57 59 73 76 77
15 21 39 40 57 59 73 75 78
15 21 39 40 57 59 73 75 76 77
15 21 39 40 57 59 73 74 78
15 21 39 40 57 59 73 74 76 77
15 21 39 40 57 59 71 72 78
15 21 39 40 57 59 71 72 76 77
15 21 39 40 57 59 71 72 75 78
15 21 39 40 57 59 71 72 75 76 77
15 21 39 40 57 59 71 72 73 74 78
15 21 39 40 57 59 71 72 73 74 76 77
15 21 39 40 51 57 59 73
15 21 39 40 51 57 59 73 75
15 21 39 40 51 57 59 73 74
15 21 39 40 51 57 59 71 72
15 21 39 40 51 57 59 71 72 75
15 21 39 40 51 57 59 71 72 73 74
15 21 39 40 48 57 59 73 78
15 21 39 40 48 57 59 73 76 77
15 21 39 40 48 57 59 71 72 78
15 21 39 40 48 57 59 71 72 76 77
15 21 39 40 48 51 57 59 73
15 21 39 40 48 51 57 59 71 72
15 21 39 40 46 57 59 78
15 21 39 40 46 57 59 76 77
15 21 39 40 46 57 59 75 78
15 21 39 40 46 57 59 75 76 77
15 21 39 40 46 57 59 73 74 78
15 21 39 40 46 57 59 73 74 76 77
15 21 39 40 46 51 57 59
15 21 39 40 46 51 57 59 75
15 21 39 40 46 51 57 59 73 74
15 21 39 40 46 48 57 59 78
15 21 39 40 46 48 57 59 76 77
15 21 39 40 46 48 51 57 59
15 21 28 57 59 73 78
15 21 28 57 59 73 76 77
15 21 28 57 59 73 75 78
15 21 28 57 59 73 75 76 77
15 21 28 57 59 73 74 78
15 21 28 57 59 73 74 76 77
15 21 28 57 59 71 72 78
15 21 28 57 59 71 72 76 77
15 21 28 57 59 71 72 75 78
15 21 28 57 59 71 72 75 76 77
15 21 28 57 59 71 72 73 74 78
15 21 28 57 59 71 72 73 74 76 77
15 21 28 51 57 59 73
15 21 28 51 57 59 73 75
15 21 28 51 57 59 73 74
15 21 28 51 57 59 71 72
15 21 28 51 57 59 71 72 75
15 21 28 51 57 59 71 72 73 74
15 21 28 48 57 59 73 78
15 21 28 48 57 59 73 76 77
15 21 28 48 57 59 71 72 78
15 21 28 48 57 59 71 72 76 77
15 21 28 48 51 57 59 73
15 21 28 48 51 57 59 71 72
15 21 28 46 57 59 78
15 21 28 46 57 59 76 77
15 21 28 46 57 59 75 78
15 21 28 46 57 59 75 76 77
15 21 28 46 57 59 73 74 78
15 21 28 46 57 59 73 74 76 77
15 21 28 46 51 57 59
15 21 28 46 51 57 59 75
15 21 28 46 51 57 59 73 74
15 21 28 46 48 57 59 78
15 21 28 46 48 57 59 76 77
15 21 28 46 48 51 57 59
15 21 26 27 57 59 73 78
15 21 26 27 57 59 73 76 77
15 21 26 27 57 59 73 75 78
15 21 26 27 57 59 73 75 76 77
15 21 26 27 57 59 73 74 78
15 21 26 27 57 59 73 74 76 77
15 21 26 27 57 59 71 72 78
15 21 26 27 57 59 71 72 76 77
15 21 26 27 57 59 71 72 75 78
15 21 26 27 57 59 71 72 75 76 77
15 21 26 27 57 59 71 72 73 74 78
15 21 26 27 57 59 71 72 73 74 76 77
15 21 26 27 51 57 59 73
15 21 26 27 51 57 59 73 75
15 21 26 27 51 57 59 73 74
15 21 26 27 51 57 59 71 72
15 21 26 27 51 57 59 71 72 75
15 21 26 27 51 57 59 71 72 73 74
15 21 26 27 48 57 59 73 78
15 21 26 27 48 57 59 73 76 77
15 21 26 27 48 57 59 71 72 78
15 21 26 27 48 57 59 71 72 76 77
15 21 26 27 48 51 57 59 73
15 21 26 27 48 51 57 59 71 72
15 21 26 27 46 57 59 78
15 21 26 27 46 57 59 76 77
15 21 26 27 46 57 59 75 78
15 21 26 27 46 57 59 75 76 77
15 21 26 27 46 57 59 73 74 78
15 21 26 27 46 57 59 73 74 76 77
15 21 26 27 46 51 57 59
15 21 26 27 46 51 57 59 75
15 21 26 27 46 51 57 59 73 74
15 21 26 27 46 48 57 59 78
15 21 26 27 46 48 57 59 76 77
15 21 26 27 46 48 51 57 59
15 20 59 61 73
15 20 59 61 71 72
15 20 46 59 61
15 18 59 61 73 78 79
15 18 59 61 71 72 78 79
15 18 57 59 73
15 18 57 59 71 72
15 18 53 59 61 73
15 18 53 59 61 71 72
15 18 46 59 61 78 79
15 18 46 57 59
15 18 46 53 59 61
15 16 17 59 61 73 78 79
15 16 17 59 61 71 72 78 79
15 16 17 57 59 73
15 16 17 57 59 71 72
15 16 17 53 59 61 73
15 16 17 53 59 61 71 72
15 16 17 46 59 61 78 79
15 16 17 46 57 59
15 16 17 46 53 59 61
14 57 59 73
14 57 59 71 72
14 46 57 59
14 42 57 59 61 73
14 42 57 59 61 71 72
14 42 48 57 59 73 75 78
14 42 48 57 59 73 75 76 77
14 42 48 57 59 73 74 78
14 42 48 57 59 73 74 76 77
14 42 48 57 59 71 72 75 78
14 42 48 57 59 71 72 75 76 77
14 42 48 57 59 71 72 73 74 78
14 42 48 57 59 71 72 73 74 76 77
14 42 48 57 59 61 73
14 42 48 57 59 61 71 72
14 42 48 51 57 59 73 75
14 42 48 51 57 59 73 74
14 42 48 51 57 59 71 72 75
14 42 48 51 57 59 71 72 73 74
14 42 46 57 59 61
14 42 46 48 57 59 75 78
14 42 46 48 57 59 75 76 77
14 42 46 48 57 59 73 74 78
14 42 46 48 57 59 73 74 76 77
14 42 46 48 57 59 61
14 42 46 48 51 57 59 75
14 42 46 48 51 57 59 73 74
14 42 46 47 57 59 78
14 42 46 47 57 59 76 77
14 42 46 47 57 59 75 78
14 42 46 47 57 59 75 76 77
14 42 46 47 57 59 73 78
14 42 46 47 57 59 73 76 77
14 42 46 47 57 59 73 75 78
14 42 46 47 57 59 73 75 76 77
14 42 46 47 57 59 71 72 78
14 42 46 47 57 59 71 72 76 77
14 42 46 47 57 59 71 72 75 78
14 42 46 47 57 59 71 72 75 76 77
14 42 46 47 57 59 71 72 73 74 78
14 42 46 47 57 59 71 72 73 74 76 77
14 42 46 47 57 59 61
14 42 46 47 57 59 61 73
14 42 46 47 57 59 61 71 72
14 42 46 47 51 57 59
14 42 46 47 51 57 59 75
14 42 46 47 51 57 59 73
14 42 46 47 51 57 59 73 75
14 42 46 47 51 57 59 71 72
14 42 46 47 51 57 59 71 72 75
14 42 46 47 51 57 59 71 72 73 74
14 42 46 47 48 57 59 78
14 42 46 47 48 57 59 76 77
14 42 46 47 48 57 59 73 78
14 42 46 47 48 57 59 73 76 77
14 42 46 47 48 57 59 71 72 78
14 42 46 47 48 57 59 71 72 76 77
14 42 46 47 48 51 57 59
14 42 46 47 48 51 57 59 73
14 42 46 47 48 51 57 59 71 72
14 40 41 57 59 61 73
14 40 41 57 59 61 71 72
14 40 41 48 57 59 73 75 78
14 40 41 48 57 59 73 75 76 77
14 40 41 48 57 59 73 74 78
14 40 41 48 57 59 73 74 76 77
14 40 41 48 57 59 71 72 75 78
14 40 41 48 57 59 71 72 75 76 77
14 40 41 48 57 59 71 72 73 74 78
14 40 41 48 57 59 71 72 73 74 76 77
14 40 41 48 57 59 61 73
14 40 41 48 57 59 61 71 72
14 40 41 48 51 57 59 73 75
14 40 41 48 51 57 59 73 74
14 40 41 48 51 57 59 71 72 75
14 40 41 48 51 57 59 71 72 73 74
14 40 41 46 57 59 61
14 40 41 46 48 57 59 75 78
14 40 41 46 48 57 59 75 76 77
14 40 41 46 48 57 59 73 74 78
14 40 41 46 48 57 59 73 74 76 77
14 40 41 46 48 57 59 61
14 40 41 46 48 51 57 59 75
14 40 41 46 48 51 57 59 73 74
14 40 41 46 47 57 59 78
14 40 41 46 47 57 59 76 77
14 40 41 46 47 57 59 75 78
14 40 41 46 47 57 59 75 76 77
14 40 41 46 47 57 59 73 78
14 40 41 46 47 57 59 73 76 77
14 40 41 46 47 57 59 73 75 78
14 40 41 46 47 57 59 73 75 76 77
14 40 41 46 47 57 59 71 72 78
14 40 41 46 47 57 59 71 72 76 77
14 40 41 46 47 57 59 71 72 75 78
14 40 41 46 47 57 59 71 72 75 76 77
14 40 41 46 47 57 59 71 72 73 74 78
14 40 41 46 47 57 59 71 72 73 74 76 77
14 40 41 46 47 57 59 61
14 40 41 46 47 57 59 61 73
14 40 41 46 47 57 59 61 71 72
14 40 41 46 47 51 57 59
14 40 41 46 47 51 57 59 75
14 40 41 46 47 51 57 59 73
14 40 41 46 47 51 57 59 73 75
14 40 41 46 47 51 57 59 71 72
14 40 41 46 47 51 57 59 71 72 75
14 40 41 46 47 51 57 59 71 72 73 74
14 40 41 46 47 48 57 59 78
14 40 41 46 47 48 57 59 76 77
14 40 41 46 47 48 57 59 73 78
14 40 41 46 47 48 57 59 73 76 77
14 40 41 46 47 48 57 59 71 72 78
14 40 41 46 47 48 57 59 71 72 76 77
14 40 41 46 47 48 51 57 59
14 40 41 46 47 48 51 57 59 73
14 40 41 46 47 48 51 57 59 71 72
14 21 42 57 59 73 78
14 21 42 57 59 73 76 77
14 21 42 57 59 73 75 78
14 21 42 57 59 73 75 76 77
14 21 42 57 59 73 74 78
14 21 42 57 59 73 74 76 77
14 21 42 57 59 71 72 78
14 21 42 57 59 71 72 76 77
14 21 42 57 59 71 72 75 78
14 21 42 57 59 71 72 75 76 77
14 21 42 57 59 71 72 73 74 78
14 21 42 57 59 71 72 73 74 76 77
14 21 42 57 59 61 73
14 21 42 57 59 61 71 72
14 21 42 51 57 59 73
14 21 42 51 57 59 73 75
14 21 42 51 57 59 73 74
14 21 42 51 57 59 71 72
14 21 42 51 57 59 71 72 75
14 21 42 51 57 59 71 72 73 74
14 21 42 48 57 59 73 78
14 21 42 48 57 59 73 76 77
14 21 42 48 57 59 71 72 78
14 21 42 48 57 59 71 72 76 77
14 21 42 48 51 57 59 73
14 21 42 48 51 57 59 71 72
14 21 42 46 57 59 78
14 21 42 46 57 59 76 77
14 21 42 46 57 59 75 78
14 21 42 46 57 59 75 76 77
14 21 42 46 57 59 73 74 78
14 21 42 46 57 59 73 74 76 77
14 21 42 46 57 59 61
14 21 42 46 51 57 59
14 21 42 46 51 57 59 75
14 21 42 46 51 57 59 73 74
14 21 42 46 48 57 59 78
14 21 42 46 48 57 59 76 77
14 21 42 46 48 51 57 59
14 21 40 41 57 59 73 78
14 21 40 41 57 59 73 76 77
14 21 40 41 57 59 73 75 78
14 21 40 41 57 59 73 75 76 77
14 21 40 41 57 59 73 74 78
14 21 40 41 57 59 73 74 76 77
14 21 40 41 57 59 71 72 78
14 21 40 41 57 59 71 72 76 77
14 21 40 41 57 59 71 72 75 78
14 21 40 41 57 59 71 72 75 76 77
14 21 40 41 57 59 71 72 73 74 78
14 21 40 41 57 59 71 72 73 74 76 77
14 21 40 41 57 59 61 73
14 21 40 41 57 59 61 71 72
14 21 40 41 51 57 59 73
14 21 40 41 51 57 59 73 75
14 21 40 41 51 57 59 73 74
14 21 40 41 51 57 59 71 72
14 21 40 41 51 57 59 71 72 75
14 21 40 41 51 57 59 71 72 73 74
14 21 40 41 48 57 59 73 78
14 21 40 41 48 57 59 73 76 77
14 21 40 41 48 57 59 71 72 78
14 21 40 41 48 57 59 71 72 76 77
14 21 40 41 48 51 57 59 73
14 21 40 41 48 51 57 59 71 72
14 21 40 41 46 57 59 78
14 21 40 41 46 57 59 76 77
14 21 40 41 46 57 59 75 78
14 21 40 41 46 57 59 75 76 77
14 21 40 41 46 57 59 73 74 78
14 21 40 41 46 57 59 73 74 76 77
14 21 40 41 46 57 59 61
14 21 40 41 46 51 57 59
14 21 40 41 46 51 57 59 75
14 21 40 41 46 51 57 59 73 74
14 21 40 41 46 48 57 59 78
14 21 40 41 46 48 57 59 76 77
14 21 40 41 46 48 51 57 59
14 15 57 59 61 73
14 15 57 59 61 71 72
14 15 48 57 59 73 75 78
14 15 48 57 59 73 75 76 77
14 15 48 57 59 73 74 78
14 15 48 57 59 73 74 76 77
14 15 48 57 59 71 72 75 78
14 15 48 57 59 71 72 75 76 77
14 15 48 57 59 71 72 73 74 78
14 15 48 57 59 71 72 73 74 76 77
14 15 48 57 59 61 73
14 15 48 57 59 61 71 72
14 15 48 51 57 59 73 75
14 15 48 51 57 59 73 74
14 15 48 51 57 59 71 72 75
14 15 48 51 57 59 71 72 73 74
14 15 46 57 59 61
14 15 46 48 57 59 75 78
14 15 46 48 57 59 75 76 77
14 15 46 48 57 59 73 74 78
14 15 46 48 57 59 73 74 76 77
14 15 46 48 57 59 61
14 15 46 48 51 57 59 75
14 15 46 48 51 57 59 73 74
14 15 46 47 57 59 78
14 15 46 47 57 59 76 77
14 15 46 47 57 59 75 78
14 15 46 47 57 59 75 76 77
14 15 46 47 57 59 73 78
14 15 46 47 57 59 73 76 77
14 15 46 47 57 59 73 75 78
14 15 46 47 57 59 73 75 76 77
14 15 46 47 57 59 71 72 78
14 15 46 47 57 59 71 72 76 77
14 15 46 47 57 59 71 72 75 78
14 15 46 47 57 59 71 72 75 76 77
14 15 46 47 57 59 71 72 73 74 78
14 15 46 47 57 59 71 72 73 74 76 77
14 15 46 47 57 59 61
14 15 46 47 57 59 61 73
14 15 46 47 57 59 61 71 72
14 15 46 47 51 57 59
14 15 46 47 51 57 59 75
14 15 46 47 51 57 59 73
14 15 46 47 51 57 59 73 75
14 15 46 47 51 57 59 71 72
14 15 46 47 51 57 59 71 72 75
14 15 46 47 51 57 59 71 72 73 74
14 15 46 47 48 57 59 78
14 15 46 47 48 57 59 76 77
14 15 46 47 48 57 59 73 78
14 15 46 47 48 57 59 73 76 77
14 15 46 47 48 57 59 71 72 78
14 15 46 47 48 57 59 71 72 76 77
14 15 46 47 48 51 57 59
14 15 46 47 48 51 57 59 73
14 15 46 47 48 51 57 59 71 72
14 15 21 57 59 73 78
14 15 21 57 59 73 76 77
14 15 21 57 59 73 75 78
14 15 21 57 59 73 75 76 77
14 15 21 57 59 73 74 78
14 15 21 57 59 73 74 76 77
14 15 21 57 59 71 72 78
14 15 21 57 59 71 72 76 77
14 15 21 57 59 71 72 75 78
14 15 21 57 59 71 72 75 76 77
14 15 21 57 59 71 72 73 74 78
14 15 21 57 59 71 72 73 74 76 77
14 15 21 57 59 61 73
14 15 21 57 59 61 71 72
14 15 21 51 57 59 73
14 15 21 51 57 59 73 75
14 15 21 51 57 59 73 74
14 15 21 51 57 59 71 72
14 15 21 51 57 59 71 72 75
14 15 21 51 57 59 71 72 73 74
14 15 21 48 57 59 73 78
14 15 21 48 57 59 73 76 77
14 15 21 48 57 59 71 72 78
14 15 21 48 57 59 71 72 76 77
14 15 21 48 51 57 59 73
14 15 21 48 51 57 59 71 72
14 15 21 46 57 59 78
14 15 21 46 57 59 76 77
14 15 21 46 57 59 75 78
14 15 21 46 57 59 75 76 77
14 15 21 46 57 59 73 74 78
14 15 21 46 57 59 73 74 76 77
14 15 21 46 57 59 61
14 15 21 46 51 57 59
14 15 21 46 51 57 59 75
14 15 21 46 51 57 59 73 74
14 15 21 46 48 57 59 78
14 15 21 46 48 57 59 76 77
14 15 21 46 48 51 57 59
11 67
11 65 66
11 40
10 78 79
10 61
10 53
10 38 78 79
10 38 53
8
8 59 73 75
8 59 73 74
8 59 71 72 75
8 59 71 72 73 74
8 48 59 73
8 48 59 71 72
8 46 59 75
8 46 59 73 74
8 46 48 59
4 48 57 59 73 78
4 48 57 59 73 76 77
4 48 57 59 71 72 78
4 48 57 59 71 72 76 77
4 48 51 57 59 73
4 48 51 57 59 71 72
4 46 48 57 59 78
4 46 48 57 59 76 77
4 46 48 51 57 59
4 46 47 57 59 78
4 46 47 57 59 76 77
4 46 47 57 59 73 78
4 46 47 57 59 73 76 77
4 46 47 57 59 71 72 78
4 46 47 57 59 71 72 76 77
4 46 47 51 57 59
4 46 47 51 57 59 73
4 46 47 51 57 59 71 72
4 21 57 59 73 78
4 21 57 59 73 76 77
4 21 57 59 71 72 78
4 21 57 59 71 72 76 77
4 21 51 57 59 73
4 21 51 57 59 71 72
4 21 46 57 59 78
4 21 46 57 59 76 77
4 21 46 51 57 59
2 59 73 78
2 59 73 76 77
2 59 71 72 78
2 59 71 72 76 77
2 51 59 73
2 51 59 71 72
2 48 57 59 73 75 78
2 48 57 59 73 75 76 77
2 48 57 59 73 74 78
2 48 57 59 73 74 76 77
2 48 57 59 71 72 75 78
2 48 57 59 71 72 75 76 77
2 48 57 59 71 72 73 74 78
2 48 57 59 71 72 73 74 76 77
2 48 51 57 59 73 75
2 48 51 57 59 73 74
2 48 51 57 59 71 72 75
2 48 51 57 59 71 72 73 74
2 46 59 78
2 46 59 76 77
2 46 51 59
2 46 48 57 59 75 78
2 46 48 57 59 75 76 77
2 46 48 57 59 73 74 78
2 46 48 57 59 73 74 76 77
2 46 48 51 57 59 75
2 46 48 51 57 59 73 74
2 46 47 57 59 78
2 46 47 57 59 76 77
2 46 47 57 59 75 78
2 46 47 57 59 75 76 77
2 46 47 57 59 73 78
2 46 47 57 59 73 76 77
2 46 47 57 59 73 75 78
2 46 47 57 59 73 75 76 77
2 46 47 57 59 71 72 78
2 46 47 57 59 71 72 76 77
2 46 47 57 59 71 72 75 78
2 46 47 57 59 71 72 75 76 77
2 46 47 57 59 71 72 73 74 78
2 46 47 57 59 71 72 73 74 76 77
2 46 47 51 57 59
2 46 47 51 57 59 75
2 46 47 51 57 59 73
2 46 47 51 57 59 73 75
2 46 47 51 57 59 71 72
2 46 47 51 57 59 71 72 75
2 46 47 51 57 59 71 72 73 74
2 46 47 48 57 59 78
2 46 47 48 57 59 76 77
2 46 47 48 57 59 73 78
2 46 47 48 57 59 73 76 77
2 46 47 48 57 59 71 72 78
2 46 47 48 57 59 71 72 76 77
2 46 47 48 51 57 59
2 46 47 48 51 57 59 73
2 46 47 48 51 57 59 71 72
2 21 57 59 73 78
2 21 57 59 73 76 77
2 21 57 59 73 75 78
2 21 57 59 73 75 76 77
2 21 57 59 73 74 78
2 21 57 59 73 74 76 77
2 21 57 59 71 72 78
2 21 57 59 71 72 76 77
2 21 57 59 71 72 75 78
2 21 57 59 71 72 75 76 77
2 21 57 59 71 72 73 74 78
2 21 57 59 71 72 73 74 76 77
2 21 51 57 59 73
2 21 51 57 59 73 75
2 21 51 57 59 73 74
2 21 51 57 59 71 72
2 21 51 57 59 71 72 75
2 21 51 57 59 71 72 73 74
2 21 48 57 59 73 78
2 21 48 57 59 73 76 77
2 21 48 57 59 71 72 78
2 21 48 57 59 71 72 76 77
2 21 48 51 57 59 73
2 21 48 51 57 59 71 72
2 21 46 57 59 78
2 21 46 57 59 76 77
2 21 46 57 59 75 78
2 21 46 57 59 75 76 77
2 21 46 57 59 73 74 78
2 21 46 57 59 73 74 76 77
2 21 46 51 57 59
2 21 46 51 57 59 75
2 21 46 51 57 59 73 74
2 21 46 48 57 59 78
2 21 46 48 57 59 76 77
2 21 46 48 51 57 59
1 78 79
1 69
1 67
1 67 68
1 65 67
1 61 78 79
1 53
1 53 61
1 42
1 42 48 57 59 73 75 78
1 42 48 57 59 73 75 76 77
1 42 48 57 59 73 74 78
1 42 48 57 59 73 74 76 77
1 42 48 57 59 71 72 75 78
1 42 48 57 59 71 72 75 76 77
1 42 48 57 59 71 72 73 74 78
1 42 48 57 59 71 72 73 74 76 77
1 42 48 51 57 59 73 75
1 42 48 51 57 59 73 74
1 42 48 51 57 59 71 72 75
1 42 48 51 57 59 71 72 73 74
1 42 46 48 57 59 75 78
1 42 46 48 57 59 75 76 77
1 42 46 48 57 59 73 74 78
1 42 46 48 57 59 73 74 76 77
1 42 46 48 51 57 59 75
1 42 46 48 51 57 59 73 74
1 42 46 47 57 59 78
1 42 46 47 57 59 76 77
1 42 46 47 57 59 75 78
1 42 46 47 57 59 75 76 77
1 42 46 47 57 59 73 78
1 42 46 47 57 59 73 76 77
1 42 46 47 57 59 73 75 78
1 42 46 47 57 59 73 75 76 77
1 42 46 47 57 59 71 72 78
1 42 46 47 57 59 71 72 76 77
1 42 46 47 57 59 71 72 75 78
1 42 46 47 57 59 71 72 75 76 77
1 42 46 47 57 59 71 72 73 74 78
1 42 46 47 57 59 71 72 73 74 76 77
1 42 46 47 51 57 59
1 42 46 47 51 57 59 75
1 42 46 47 51 57 59 73
1 42 46 47 51 57 59 73 75
1 42 46 47 51 57 59 71 72
1 42 46 47 51 57 59 71 72 75
1 42 46 47 51 57 59 71 72 73 74
1 42 46 47 48 57 59 78
1 42 46 47 48 57 59 76 77
1 42 46 47 48 57 59 73 78
1 42 46 47 48 57 59 73 76 77
1 42 46 47 48 57 59 71 72 78
1 42 46 47 48 57 59 71 72 76 77
1 42 46 47 48 51 57 59
1 42 46 47 48 51 57 59 73
1 42 46 47 48 51 57 59 71 72
1 40
1 40 65
1 40 41 48 57 59 73 75 78
1 40 41 48 57 59 73 75 76 77
1 40 41 48 57 59 73 74 78
1 40 41 48 57 59 73 74 76 77
1 40 41 48 57 59 71 72 75 78
1 40 41 48 57 59 71 72 75 76 77
1 40 41 48 57 59 71 72 73 74 78
1 40 41 48 57 59 71 72 73 74 76 77
1 40 41 48 51 57 59 73 75
1 40 41 48 51 57 59 73 74
1 40 41 48 51 57 59 71 72 75
1 40 41 48 51 57 59 71 72 73 74
1 40 41 46 48 57 59 75 78
1 40 41 46 48 57 59 75 76 77
1 40 41 46 48 57 59 73 74 78
1 40 41 46 48 57 59 73 74 76 77
1 40 41 46 48 51 57 59 75
1 40 41 46 48 51 57 59 73 74
1 40 41 46 47 57 59 78
1 40 41 46 47 57 59 76 77
1 40 41 46 47 57 59 75 78
1 40 41 46 47 57 59 75 76 77
1 40 41 46 47 57 59 73 78
1 40 41 46 47 57 59 73 76 77
1 40 41 46 47 57 59 73 75 78
1 40 41 46 47 57 59 73 75 76 77
1 40 41 46 47 57 59 71 72 78
1 40 41 46 47 57 59 71 72 76 77
1 40 41 46 47 57 59 71 72 75 78
1 40 41 46 47 57 59 71 72 75 76 77
1 40 41 46 47 57 59 71 72 73 74 78
1 40 41 46 47 57 59 71 72 73 74 76 77
1 40 41 46 47 51 57 59
1 40 41 46 47 51 57 59 75
1 40 41 46 47 51 57 59 73
1 40 41 46 47 51 57 59 73 75
1 40 41 46 47 51 57 59 71 72
1 40 41 46 47 51 57 59 71 72 75
1 40 41 46 47 51 57 59 71 72 73 74
1 40 41 46 47 48 57 59 78
1 40 41 46 47 48 57 59 76 77
1 40 41 46 47 48 57 59 73 78
1 40 41 46 47 48 57 59 73 76 77
1 40 41 46 47 48 57 59 71 72 78
1 40 41 46 47 48 57 59 71 72 76 77
1 40 41 46 47 48 51 57 59
1 40 41 46 47 48 51 57 59 73
1 40 41 46 47 48 51 57 59 71 72
1 38 68 69
1 38 67 68
1 38 61 78 79
1 38 53 61
1 38 42 68
1 21 42 57 59 73 78
1 21 42 57 59 73 76 77
1 21 42 57 59 73 75 78
1 21 42 57 59 73 75 76 77
1 21 42 57 59 73 74 78
1 21 42 57 59 73 74 76 77
1 21 42 57 59 71 72 78
1 21 42 57 59 71 72 76 77
1 21 42 57 59 71 72 75 78
1 21 42 57 59 71 72 75 76 77
1 21 42 57 59 71 72 73 74 78
1 21 42 57 59 71 72 73 74 76 77
1 21 42 51 57 59 73
1 21 42 51 57 59 73 75
1 21 42 51 57 59 73 74
1 21 42 51 57 59 71 72
1 21 42 51 57 59 71 72 75
1 21 42 51 57 59 71 72 73 74
1 21 42 48 57 59 73 78
1 21 42 48 57 59 73 76 77
1 21 42 48 57 59 71 72 78
1 21 42 48 57 59 71 72 76 77
1 21 42 48 51 57 59 73
1 21 42 48 51 57 59 71 72
1 21 42 46 57 59 78
1 21 42 46 57 59 76 77
1 21 42 46 57 59 75 78
1 21 42 46 57 59 75 76 77
1 21 42 46 57 59 73 74 78
1 21 42 46 57 59 73 74 76 77
1 21 42 46 51 57 59
1 21 42 46 51 57 59 75
1 21 42 46 51 57 59 73 74
1 21 42 46 48 57 59 78
1 21 42 46 48 57 59 76 77
1 21 42 46 48 51 57 59
1 21 40 41 57 59 73 78
1 21 40 41 57 59 73 76 77
1 21 40 41 57 59 73 75 78
1 21 40 41 57 59 73 75 76 77
1 21 40 41 57 59 73 74 78
1 21 40 41 57 59 73 74 76 77
1 21 40 41 57 59 71 72 78
1 21 40 41 57 59 71 72 76 77
1 21 40 41 57 59 71 72 75 78
1 21 40 41 57 59 71 72 75 76 77
1 21 40 41 57 59 71 72 73 74 78
1 21 40 41 57 59 71 72 73 74 76 77
1 21 40 41 51 57 59 73
1 21 40 41 51 57 59 73 75
1 21 40 41 51 57 59 73 74
1 21 40 41 51 57 59 71 72
1 21 40 41 51 57 59 71 72 75
1 21 40 41 51 57 59 71 72 73 74
1 21 40 41 48 57 59 73 78
1 21 40 41 48 57 59 73 76 77
1 21 40 41 48 57 59 71 72 78
1 21 40 41 48 57 59 71 72 76 77
1 21 40 41 48 51 57 59 73
1 21 40 41 48 51 57 59 71 72
1 21 40 41 46 57 59 78
1 21 40 41 46 57 59 76 77
1 21 40 41 46 57 59 75 78
1 21 40 41 46 57 59 75 76 77
1 21 40 41 46 57 59 73 74 78
1 21 40 41 46 57 59 73 74 76 77
1 21 40 41 46 51 57 59
1 21 40 41 46 51 57 59 75
1 21 40 41 46 51 57 59 73 74
1 21 40 41 46 48 57 59 78
1 21 40 41 46 48 57 59 76 77
1 21 40 41 46 48 51 57 59
1 15 48 57 59 73 75 78
1 15 48 57 59 73 75 76 77
1 15 48 57 59 73 74 78
1 15 48 57 59 73 74 76 77
1 15 48 57 59 71 72 75 78
1 15 48 57 59 71 72 75 76 77
1 15 48 57 59 71 72 73 74 78
1 15 48 57 59 71 72 73 74 76 77
1 15 48 51 57 59 73 75
1 15 48 51 57 59 73 74
1 15 48 51 57 59 71 72 75
1 15 48 51 57 59 71 72 73 74
1 15 46 48 57 59 75 78
1 15 46 48 57 59 75 76 77
1 15 46 48 57 59 73 74 78
1 15 46 48 57 59 73 74 76 77
1 15 46 48 51 57 59 75
1 15 46 48 51 57 59 73 74
1 15 46 47 57 59 78
1 15 46 47 57 59 76 77
1 15 46 47 57 59 75 78
1 15 46 47 57 59 75 76 77
1 15 46 47 57 59 73 78
1 15 46 47 57 59 73 76 77
1 15 46 47 57 59 73 75 78
1 15 46 47 57 59 73 75 76 77
1 15 46 47 57 59 71 72 78
1 15 46 47 57 59 71 72 76 77
1 15 46 47 57 59 71 72 75 78
1 15 46 47 57 59 71 72 75 76 77
1 15 46 47 57 59 71 72 73 74 78
1 15 46 47 57 59 71 72 73 74 76 77
1 15 46 47 51 57 59
1 15 46 47 51 57 59 75
1 15 46 47 51 57 59 73
1 15 46 47 51 57 59 73 75
1 15 46 47 51 57 59 71 72
1 15 46 47 51 57 59 71 72 75
1 15 46 47 51 57 59 71 72 73 74
1 15 46 47 48 57 59 78
1 15 46 47 48 57 59 76 77
1 15 46 47 48 57 59 73 78
1 15 46 47 48 57 59 73 76 77
1 15 46 47 48 57 59 71 72 78
1 15 46 47 48 57 59 71 72 76 77
1 15 46 47 48 51 57 59
1 15 46 47 48 51 57 59 73
1 15 46 47 48 51 57 59 71 72
1 15 21 57 59 73 78
1 15 21 57 59 73 76 77
1 15 21 57 59 73 75 78
1 15 21 57 59 73 75 76 77
1 15 21 57 59 73 74 78
1 15 21 57 59 73 74 76 77
1 15 21 57 59 71 72 78
1 15 21 57 59 71 72 76 77
1 15 21 57 59 71 72 75 78
1 15 21 57 59 71 72 75 76 77
1 15 21 57 59 71 72 73 74 78
1 15 21 57 59 71 72 73 74 76 77
1 15 21 51 57 59 73
1 15 21 51 57 59 73 75
1 15 21 51 57 59 73 74
1 15 21 51 57 59 71 72
1 15 21 51 57 59 71 72 75
1 15 21 51 57 59 71 72 73 74
1 15 21 48 57 59 73 78
1 15 21 48 57 59 73 76 77
1 15 21 48 57 59 71 72 78
1 15 21 48 57 59 71 72 76 77
1 15 21 48 51 57 59 73
1 15 21 48 51 57 59 71 72
1 15 21 46 57 59 78
1 15 21 46 57 59 76 77
1 15 21 46 57 59 75 78
1 15 21 46 57 59 75 76 77
1 15 21 46 57 59 73 74 78
1 15 21 46 57 59 73 74 76 77
1 15 21 46 51 57 59
1 15 21 46 51 57 59 75
1 15 21 46 51 57 59 73 74
1 15 21 46 48 57 59 78
1 15 21 46 48 57 59 76 77
1 15 21 46 48 51 57 59

