69 78 79
68
68 69 78 79
67 68 78 79
65 66 68 78 79
61
61 69 78 79
61 68
61 67
61 67 68 78 79
61 65 66
59 68
57 59 73 78
57 59 73 76 77
57 59 71 72 78
57 59 71 72 76 77
57 59 60 73
57 59 60 71 72
57 58 59 73
57 58 59 71 72
55
55 68
55 68 69
55 67 68
55 61 68
55 59 68
54 68
54 68 69
54 68 69 78 79
54 67 68 78 79
54 65 66 68
53
53 69
53 65 66 68
53 63
53 61 69
53 61 67 68
53 61 62
53 54
53 54 68 69
53 54 67 68
52
52 69
52 69 78 79
52 67
52 67 68
52 67 68 78 79
52 65 66
52 53 69
52 53 67 68
51 57 59 73
51 57 59 71 72
51 52
51 52 68 69
51 52 67 68
51 52 63
51 52 61 62
48 57 59 73 78
48 57 59 73 76 77
48 57 59 71 72 78
48 57 59 71 72 76 77
48 57 59 60 73
48 57 59 60 71 72
48 57 58 59 73
48 57 58 59 71 72
48 51 57 59 73
48 51 57 59 71 72
46
46 57 59 78
46 57 59 76 77
46 57 59 60
46 57 58 59
46 51 57 59
46 48 57 59 78
46 48 57 59 76 77
46 48 57 59 60
46 48 57 58 59
46 48 51 57 59
46 47 57 59 78
46 47 57 59 76 77
46 47 57 59 73 78
46 47 57 59 73 76 77
46 47 57 59 71 72 78
46 47 57 59 71 72 76 77
46 47 57 59 60
46 47 57 59 60 73
46 47 57 59 60 71 72
46 47 57 58 59
46 47 57 58 59 73
46 47 57 58 59 71 72
46 47 51 57 59
46 47 51 57 59 73
46 47 51 57 59 71 72
44
44 68 69
44 67 68
44 63
44 61 62
44 48 57 59 60 73
44 48 57 59 60 71 72
44 48 57 58 59 73
44 48 57 58 59 71 72
44 46 48 57 59 60
44 46 48 57 58 59
44 46 47 57 59 60
44 46 47 57 59 60 73
44 46 47 57 59 60 71 72
44 46 47 57 58 59
44 46 47 57 58 59 73
44 46 47 57 58 59 71 72
44 45
43
43 69
43 69 78 79
43 67
43 67 68
43 67 68 78 79
43 65 66
43 53 69
43 53 67 68
42 78 79
42 68 78 79
42 61 78 79
42 57 59 73 77
42 57 59 73 75 76
42 57 59 71 72 77
42 57 59 71 72 75 76
42 55 68
42 54 68
42 54 68 78 79
42 53
42 53 61
42 53 54 68
42 52
42 52 78 79
42 52 53
42 51 52 68
42 50 57 59 73
42 50 57 59 71 72
42 46 57 59 77
42 46 57 59 75 76
42 46 50 57 59
42 44 68
42 43 78 79
42 43 68
42 43 68 69
42 43 67 68
42 43 63
42 43 61 62
42 43 53
42 43 48 57 59 60 73
42 43 48 57 59 60 71 72
42 43 48 57 58 59 73
42 43 48 57 58 59 71 72
42 43 46 48 57 59 60
42 43 46 48 57 58 59
42 43 46 47 57 59 60
42 43 46 47 57 59 60 73
42 43 46 47 57 59 60 71 72
42 43 46 47 57 58 59
42 43 46 47 57 58 59 73
42 43 46 47 57 58 59 71 72
40 68 78 79
40 61
40 54 68
40 53 68
40 52
40 43
40 41 57 59 73 77
40 41 57 59 73 75 76
40 41 57 59 71 72 77
40 41 57 59 71 72 75 76
40 41 50 57 59 73
40 41 50 57 59 71 72
40 41 46 57 59 77
40 41 46 57 59 75 76
40 41 46 50 57 59
36
36 78 79
36 69 78 79
36 68 69
36 68 69 78 79
36 67
36 67 68
36 65 66
36 59 67 78 79
36 59 65 66 78 79
36 55 78 79
36 53
36 53 69
36 53 68 69
36 53 59 67
36 53 59 65 66
36 53 55
36 42 78 79
36 42 68
36 42 68 78 79
36 42 53
36 42 53 68
36 40
36 40 59 78 79
36 40 53 59
34 68 69
34 68 69 78 79
34 68 69 73
34 68 69 71 72
34 67 68
34 67 68 78 79
34 67 68 73
34 67 68 71 72
34 53 68 69
34 53 67 68
34 46 68 69
34 46 67 68
34 42 68
34 42 68 78 79
34 42 68 73
34 42 68 71 72
34 42 53 68
34 42 46 68
33 57 59 73
33 57 59 71 72
33 48 57 59 73
33 48 57 59 71 72
33 46 57 59
33 46 48 57 59
33 46 47 57 59
33 46 47 57 59 73
33 46 47 57 59 71 72
33 44 48 57 59 73
33 44 48 57 59 71 72
33 44 46 48 57 59
33 44 46 47 57 59
33 44 46 47 57 59 73
33 44 46 47 57 59 71 72
33 42 43 48 57 59 73
33 42 43 48 57 59 71 72
33 42 43 46 48 57 59
33 42 43 46 47 57 59
33 42 43 46 47 57 59 73
33 42 43 46 47 57 59 71 72
28
26
26 68 69
26 67 68
26 63
26 61 62
26 42 68
22 68 69
22 67 68
22 42 68
21 57 59 73 78
21 57 59 73 76 77
21 57 59 71 72 78
21 57 59 71 72 76 77
21 57 59 60 73
21 57 59 60 71 72
21 57 58 59 73
21 57 58 59 71 72
21 51 57 59 73
21 51 57 59 71 72
21 46 57 59 78
21 46 57 59 76 77
21 46 57 59 60
21 46 57 58 59
21 46 51 57 59
21 44 57 59 60 73
21 44 57 59 60 71 72
21 44 57 58 59 73
21 44 57 58 59 71 72
21 44 46 57 59 60
21 44 46 57 58 59
21 42 43 57 59 60 73
21 42 43 57 59 60 71 72
21 42 43 57 58 59 73
21 42 43 57 58 59 71 72
21 42 43 46 57 59 60
21 42 43 46 57 58 59
21 33 57 59 73
21 33 57 59 71 72
21 33 46 57 59
21 33 44 57 59 73
21 33 44 57 59 71 72
21 33 44 46 57 59
21 33 42 43 57 59 73
21 33 42 43 57 59 71 72
21 33 42 43 46 57 59
20 67 68
20 65 66 68
20 62 69
20 62 67 68
20 61
20 61 69
20 61 68
20 61 68 69
20 55 68 69
20 55 67 68
20 42 62
20 42 61
20 42 61 68
20 42 55 68
20 40 68
20 34
20 34 68 69 73
20 34 68 69 71 72
20 34 67 68 73
20 34 67 68 71 72
20 34 46 68 69
20 34 46 67 68
20 34 42 68 73
20 34 42 68 71 72
20 34 42 46 68
20 21 68 69
20 21 67 68
20 21 42 68
19
19 20 69
19 20 67 68
19 20 42
18 19 20 69
18 19 20 67 68
18 19 20 42
17
17 68 69
17 67 68
17 63
17 61 62
17 48 57 59 60 73
17 48 57 59 60 71 72
17 48 57 58 59 73
17 48 57 58 59 71 72
17 46 48 57 59 60
17 46 48 57 58 59
17 46 47 57 59 60
17 46 47 57 59 60 73
17 46 47 57 59 60 71 72
17 46 47 57 58 59
17 46 47 57 58 59 73
17 46 47 57 58 59 71 72
17 42 68
17 33 48 57 59 73
17 33 48 57 59 71 72
17 33 46 48 57 59
17 33 46 47 57 59
17 33 46 47 57 59 73
17 33 46 47 57 59 71 72
17 21 57 59 60 73
17 21 57 59 60 71 72
17 21 57 58 59 73
17 21 57 58 59 71 72
17 21 46 57 59 60
17 21 46 57 58 59
17 21 33 57 59 73
17 21 33 57 59 71 72
17 21 33 46 57 59
17 18 20 69
17 18 20 67 68
17 18 20 42
15 57 59 73 77
15 57 59 73 75 76
15 57 59 71 72 77
15 57 59 71 72 75 76
15 50 57 59 73
15 50 57 59 71 72
15 46 57 59 77
15 46 57 59 75 76
15 46 50 57 59
10
10 69
10 69 78 79
10 67
10 67 68
10 67 68 78 79
10 65 66
10 53 69
10 53 67 68
10 42
10 42 78 79
10 42 53
10 40
8 9
8 9 69
8 9 69 78 79
8 9 67
8 9 67 68
8 9 67 68 78 79
8 9 65 66
8 9 53 69
8 9 53 67 68
8 9 42
8 9 42 78 79
8 9 42 53
8 9 40
7 20 68 69
7 20 67 68
7 20 42 68
1 69
1 69 78 79
1 67
1 67 68
1 67 68 78 79
1 65 66
1 53 69
1 53 67 68
1 42
1 42 78 79
1 42 53
1 40
1 36 78 79
1 36 53
1 34 69
1 34 67 68
1 34 42
0 68
0 68 69
0 68 69 78 79
0 67 68 78 79
0 65 66 68
0 53 68 69
0 53 67 68
0 42 68
0 42 68 78 79
0 42 53 68
0 40 68

