79
78 79
77 78
77 78 79
73
71
71 78 79
71 72
70
69
69 79
69 77 78
69 75
69 73
69 73 78 79
69 73 74
69 71
69 71 72
69 71 72 78 79
69 70
69 70 78 79
68
68 78 79
68 71
68 71 73
68 71 72
68 69
68 69 71
67 79
67 77 78
67 70
67 69
67 68 79
67 68 77 78
67 68 75
67 68 73 78 79
67 68 73 74
67 68 71 72 78 79
67 68 70
67 68 70 73
67 68 70 71 72
67 68 69
67 68 69 73
67 68 69 71 72
66 67
66 67 69
66 67 68
65 78 79
65 69
65 69 78 79
65 67
65 67 68
65 67 68 78 79
65 66
65 66 79
65 66 77 78
65 66 70
65 66 69
65 66 68 69
65 66 67
65 66 67 68
64
64 78 79
64 67 68
64 65 66 68
63 69 78 79
63 68
63 67
63 67 78 79
63 67 71 78 79
63 67 69 70 78 79
63 67 68 78 79
63 65 66
63 65 66 78 79
63 65 66 71 78 79
63 65 66 69 70 78 79
63 64
63 64 69 78 79
63 64 67 68 78 79
61 79
61 77 78
61 68
61 65
61 64
61 62
61 62 69 78 79
61 62 68
61 62 67
61 62 67 78 79
61 62 67 71 78 79
61 62 67 69 70 78 79
61 62 67 68 78 79
61 62 65 66
61 62 65 66 78 79
61 62 65 66 71 78 79
61 62 65 66 69 70 78 79
59
59 78 79
59 73 78
59 73 76 77
59 71
59 71 72 78
59 71 72 76 77
59 69 73
59 69 71 72
59 69 70
59 68 78 79
59 68 71
59 68 69
59 68 69 70
59 67
59 67 78 79
59 67 73
59 67 71 72
59 67 69
59 67 69 73
59 67 69 71 72
59 65 66
59 65 66 78 79
59 65 66 73
59 65 66 71 72
59 65 66 69
59 65 66 69 73
59 65 66 69 71 72
59 65 66 67 68
59 65 66 67 68 73
59 65 66 67 68 71 72
59 61 71 75
59 61 71 73 74
59 61 69 70 75
59 61 69 70 73 74
59 61 67
59 61 67 69
59 61 67 68
59 61 65 66
59 61 65 66 69
59 61 65 66 67 68
59 60 71 75
59 60 71 73 74
59 60 69 70 75
59 60 69 70 73 74
57 68 73
57 68 71 72
57 61
57 61 68
57 59 73 78
57 59 73 76 77
57 59 71
57 59 71 72 78
57 59 71 72 76 77
57 59 69 70
57 59 68
57 59 68 69
57 59 67 68
57 59 61 69
57 59 61 67 68
57 58 67 78 79
57 58 65 66 78 79
56
56 69 78 79
56 67 68 78 79
55
55 78 79
55 69
55 69 78 79
55 69 71
55 69 70
55 68
55 68 73
55 68 71 72
55 68 69
55 67
55 67 68
55 67 68 78 79
55 67 68 71
55 67 68 69 70
55 65 66
55 65 66 68
55 61 68
55 61 68 69
55 61 67
55 61 67 68
55 61 65 66
55 59 78 79
55 59 69
55 59 69 73
55 59 69 71 72
55 59 68 78 79
55 59 68 73
55 59 68 71
55 59 68 71 72
55 59 68 69 71
55 59 67 78 79
55 59 67 69
55 59 67 68 73
55 59 67 68 71
55 59 67 68 71 72
55 59 67 68 69 70
55 59 65 66 78 79
55 59 65 66 69
55 59 65 66 67 68
55 59 61 68
55 59 61 68 69
55 59 61 67 68
55 57 58 78 79
55 57 58 69 78 79
55 57 58 67 68 78 79
55 56 59 61 69
55 56 59 61 67 68
54
54 69
54 69 78 79
54 68 73
54 68 71 72
54 67
54 67 78 79
54 67 71 78 79
54 67 69 70 78 79
54 67 68
54 67 68 78 79
54 65 66
54 65 66 78 79
54 65 66 71 78 79
54 65 66 69 70 78 79
54 55
54 55 69 78 79
54 55 68
54 55 68 73
54 55 68 71 72
54 55 67 68 78 79
54 55 59 68 69
54 55 59 67 68
53 79
53 77 78
53 71
53 69 73
53 69 71 72
53 69 70
53 68
53 67 68 73
53 67 68 71 72
53 65
53 65 69
53 65 67 68
53 64
53 63 69
53 63 67
53 63 67 71
53 63 67 69 70
53 63 67 68
53 63 65 66
53 63 65 66 71
53 63 65 66 69 70
53 63 64 69
53 63 64 67 68
53 61 62 69
53 61 62 67
53 61 62 67 71
53 61 62 67 69 70
53 61 62 67 68
53 61 62 65 66
53 61 62 65 66 71
53 61 62 65 66 69 70
53 59
53 59 68
53 59 67
53 59 65 66
53 57 58 67
53 57 58 65 66
53 56 69
53 56 67 68
53 55
53 55 69
53 55 67 68
53 55 59
53 55 59 68
53 55 59 67
53 55 59 65 66
53 55 57 58
53 55 57 58 69
53 55 57 58 67 68
53 54 69
53 54 68
53 54 68 73
53 54 68 71 72
53 54 67
53 54 67 71
53 54 67 69 70
53 54 67 68
53 54 65 66
53 54 65 66 71
53 54 65 66 69 70
53 54 61 69
53 54 61 68
53 54 61 68 69
53 54 61 67
53 54 61 65 66
53 54 59
53 54 59 71
53 54 59 69
53 54 59 69 78 79
53 54 59 69 73
53 54 59 69 71 72
53 54 59 69 70
53 54 59 68 78 79
53 54 59 68 73
53 54 59 68 71
53 54 59 68 71 72
53 54 59 68 69 71
53 54 59 67
53 54 59 67 78 79
53 54 59 67 69
53 54 59 67 68 78 79
53 54 59 67 68 73
53 54 59 67 68 71
53 54 59 67 68 71 72
53 54 59 67 68 69 70
53 54 59 65 66
53 54 59 65 66 78 79
53 54 59 65 66 69
53 54 59 65 66 67 68
53 54 59 61 69
53 54 59 61 68
53 54 59 61 68 69
53 54 56 59 68 69
53 54 56 59 67 68
53 54 55 69
53 54 55 67 68
53 54 55 61
53 54 55 61 69
53 54 55 61 67 68
53 54 55 59 69 73
53 54 55 59 69 71 72
53 54 55 59 68 69
53 54 55 59 67 68
53 54 55 59 67 68 73
53 54 55 59 67 68 71 72
52 79
52 78 79
52 77 78
52 73
52 71 72
52 69
52 67
52 67 68
52 65
52 65 66
52 64
52 61
52 55
52 53 69 78 79
52 53 68
52 53 67 78 79
52 53 67 71
52 53 67 71 78 79
52 53 67 69 70
52 53 67 69 70 78 79
52 53 67 68 78 79
52 53 65 66 78 79
52 53 65 66 71
52 53 65 66 71 78 79
52 53 65 66 69 70
52 53 65 66 69 70 78 79
51 68
51 68 73
51 68 71 72
51 61 68
51 59 73
51 59 71 72
51 57 59 73
51 57 59 71 72
51 55 68
50 69
50 68
50 67 78 79
50 67 68
50 65 66 78 79
50 53 67
50 53 65 66
49 50 69
49 50 68
49 50 68 73
49 50 68 71 72
49 50 67 68
49 50 61 68
49 50 55 68
48 69
48 67 68
48 59 73 77 78
48 59 73 76 77
48 59 73 75 76 78
48 59 73 75 76 77
48 59 71 72 77 78
48 59 71 72 76 77
48 59 71 72 75 76 78
48 59 71 72 75 76 77
48 59 68 73 77
48 59 68 73 75 76
48 59 68 71 72 77
48 59 68 71 72 75 76
48 59 67 68 73 77
48 59 67 68 73 75 76
48 59 67 68 71 72 77
48 59 67 68 71 72 75 76
48 59 61 71
48 59 61 69 70
48 59 60 71
48 59 60 69 70
48 57 59 73 78
48 57 59 73 76 77
48 57 59 71 72 78
48 57 59 71 72 76 77
48 51 59 73 77
48 51 59 73 75 76
48 51 59 71 72 77
48 51 59 71 72 75 76
48 51 57 59 73
48 51 57 59 71 72
48 50 59 73 78
48 50 59 73 76 77
48 50 59 71 72 78
48 50 59 71 72 76 77
48 50 59 68 73
48 50 59 68 71 72
48 50 59 67 68 73
48 50 59 67 68 71 72
48 50 51 59 73
48 50 51 59 71 72
48 49 69
48 49 68
48 49 67 78 79
48 49 67 68
48 49 65 66 78 79
48 49 53 67
48 49 53 65 66
47 69
47 67 68
46 78 79
46 69
46 69 78 79
46 68
46 68 71
46 67
46 67 68 78 79
46 67 68 70
46 67 68 69
46 65 66
46 59 78
46 59 76 77
46 59 69
46 59 67
46 59 67 69
46 59 65 66
46 59 65 66 69
46 59 65 66 67 68
46 57 68
46 57 59 78
46 57 59 76 77
46 55 68
46 55 59 69
46 55 59 68
46 55 59 67 68
46 54 68
46 54 55 68
46 53
46 53 69
46 53 67 68
46 53 54 68
46 53 54 59 69
46 53 54 59 68
46 53 54 59 67 68
46 53 54 55 59 69
46 53 54 55 59 67 68
46 52
46 51 68
46 51 59
46 51 57 59
46 49 50 68
46 48 59 77 78
46 48 59 76 77
46 48 59 75 76 78
46 48 59 75 76 77
46 48 59 68 77
46 48 59 68 75 76
46 48 59 67 68 77
46 48 59 67 68 75 76
46 48 57 59 78
46 48 57 59 76 77
46 48 51 59 77
46 48 51 59 75 76
46 48 51 57 59
46 48 50 59 78
46 48 50 59 76 77
46 48 50 59 68
46 48 50 59 67 68
46 48 50 51 59
46 47 59 77 78
46 47 59 76 77
46 47 59 75 76 78
46 47 59 75 76 77
46 47 59 73 77 78
46 47 59 73 76 77
46 47 59 73 75 76 78
46 47 59 73 75 76 77
46 47 59 71 72 77 78
46 47 59 71 72 76 77
46 47 59 71 72 75 76 78
46 47 59 71 72 75 76 77
46 47 59 68 77
46 47 59 68 75 76
46 47 59 68 73 77
46 47 59 68 73 75 76
46 47 59 68 71 72 77
46 47 59 68 71 72 75 76
46 47 59 67 68 77
46 47 59 67 68 75 76
46 47 59 67 68 73 77
46 47 59 67 68 73 75 76
46 47 59 67 68 71 72 77
46 47 59 67 68 71 72 75 76
46 47 57 59 78
46 47 57 59 76 77
46 47 57 59 73 78
46 47 57 59 73 76 77
46 47 57 59 71 72 78
46 47 57 59 71 72 76 77
46 47 51 59 77
46 47 51 59 75 76
46 47 51 59 73 77
46 47 51 59 73 75 76
46 47 51 59 71 72 77
46 47 51 59 71 72 75 76
46 47 51 57 59
46 47 51 57 59 73
46 47 51 57 59 71 72
46 47 50 59 78
46 47 50 59 76 77
46 47 50 59 73 78
46 47 50 59 73 76 77
46 47 50 59 71 72 78
46 47 50 59 71 72 76 77
46 47 50 59 68
46 47 50 59 68 73
46 47 50 59 68 71 72
46 47 50 59 67 68
46 47 50 59 67 68 73
46 47 50 59 67 68 71 72
46 47 50 51 59
46 47 50 51 59 73
46 47 50 51 59 71 72
45 46 69
45 46 67 68
44
44 78 79
44 69
44 68
44 68 73
44 68 71 72
44 68 69
44 63 67 78 79
44 63 65 66 78 79
44 61 62 67 78 79
44 61 62 65 66 78 79
44 59
44 59 73 78
44 59 73 76 77
44 59 71 72 78
44 59 71 72 76 77
44 59 68
44 59 62 73 78
44 59 62 73 76 77
44 59 62 71 72 78
44 59 62 71 72 76 77
44 59 61 75
44 59 61 73 74
44 59 60 75
44 59 60 73 78
44 59 60 73 76 77
44 59 60 73 74
44 59 60 71 72 78
44 59 60 71 72 76 77
44 57 59
44 55 69
44 55 67 68
44 55 59 68
44 55 59 68 69
44 55 59 67 68
44 54 67 78 79
44 54 65 66 78 79
44 53
44 53 63 67
44 53 63 65 66
44 53 61 62 67
44 53 61 62 65 66
44 53 54 67
44 53 54 65 66
44 53 54 59
44 53 54 59 68
44 53 54 59 68 69
44 53 54 59 67 68
44 52 53 67
44 52 53 67 78 79
44 52 53 65 66
44 52 53 65 66 78 79
44 51 59 73
44 51 59 71 72
44 51 59 62 73
44 51 59 62 71 72
44 51 59 60 73
44 51 59 60 71 72
44 48 59 61
44 48 59 60
44 46 68
44 46 59 78
44 46 59 76 77
44 46 59 62 78
44 46 59 62 76 77
44 46 59 60 78
44 46 59 60 76 77
44 46 51 59
44 46 51 59 62
44 46 51 59 60
44 45
44 45 78 79
44 45 68
44 45 67
44 45 65 66
44 45 53
43
43 79
43 77 78
43 73
43 71 72
43 69
43 68 69 73
43 68 69 71 72
43 67
43 67 68
43 67 68 73
43 67 68 71 72
43 65
43 65 66
43 64
43 55
43 52
43 46
43 46 68 69
43 46 67 68
42 79
42 77 78
42 75
42 73
42 73 78 79
42 73 74
42 71
42 71 72
42 71 72 78 79
42 70
42 69
42 69 70
42 68
42 68 73
42 68 71
42 68 71 72
42 68 70 73
42 68 70 71 72
42 68 69
42 68 69 73
42 68 69 71 72
42 68 69 70
42 67
42 66 67
42 65
42 65 78 79
42 65 66
42 63 78 79
42 63 64 78 79
42 61 62 78 79
42 59 73
42 59 71 73
42 59 69 70 73
42 59 69 70 71 72
42 59 68 69
42 59 67
42 59 67 73
42 59 67 71 72
42 59 67 68
42 59 65 66
42 59 65 66 73
42 59 65 66 71 72
42 59 61 67
42 59 61 65 66
42 57 59 68
42 57 59 61
42 56 78 79
42 55
42 55 78 79
42 55 71
42 55 69 70
42 55 68
42 55 61 68
42 55 59
42 55 59 73
42 55 59 71 72
42 55 59 68 71
42 55 59 68 69 70
42 55 59 67
42 55 59 65 66
42 55 59 61 68
42 55 57 58 78 79
42 55 56 59 61
42 54
42 54 78 79
42 54 55 78 79
42 54 55 59 68
42 53 73
42 53 71 72
42 53 65
42 53 63
42 53 63 64
42 53 61 62
42 53 56
42 53 55
42 53 55 57 58
42 53 54
42 53 54 61
42 53 54 61 68
42 53 54 59
42 53 54 59 78 79
42 53 54 59 73
42 53 54 59 71 72
42 53 54 59 68 71
42 53 54 59 68 69 70
42 53 54 59 67
42 53 54 59 65 66
42 53 54 59 61
42 53 54 59 61 68
42 53 54 56 59 68
42 53 54 55
42 53 54 55 61
42 53 54 55 59 73
42 53 54 55 59 71 72
42 53 54 55 59 68
42 52
42 52 53 78 79
42 50
42 49 50
42 48
42 48 59 73 77
42 48 59 73 75 76
42 48 59 71 72 77
42 48 59 71 72 75 76
42 48 50 59 73
42 48 50 59 71 72
42 48 49
42 47
42 46
42 46 78 79
42 46 68
42 46 68 70
42 46 68 69
42 46 59
42 46 59 71
42 46 59 69 70
42 46 59 67
42 46 59 65 66
42 46 55 59
42 46 53
42 46 53 54 59
42 46 53 54 55 59
42 46 48 59 77
42 46 48 59 75 76
42 46 48 50 59
42 46 47 59 77
42 46 47 59 75 76
42 46 47 59 73 77
42 46 47 59 73 75 76
42 46 47 59 71 72 77
42 46 47 59 71 72 75 76
42 46 47 50 59
42 46 47 50 59 73
42 46 47 50 59 71 72
42 45 46
42 44
42 44 68
42 44 59 73
42 44 59 71 72
42 44 55
42 44 55 59 68
42 44 53 54 59 68
42 44 46 59
42 43
42 43 68 73
42 43 68 71 72
42 43 59 73 78
42 43 59 73 76 77
42 43 59 71 72 78
42 43 59 71 72 76 77
42 43 59 62 73 78
42 43 59 62 73 76 77
42 43 59 62 71 72 78
42 43 59 62 71 72 76 77
42 43 59 60 73 78
42 43 59 60 73 76 77
42 43 59 60 71 72 78
42 43 59 60 71 72 76 77
42 43 51 59 73
42 43 51 59 71 72
42 43 51 59 62 73
42 43 51 59 62 71 72
42 43 51 59 60 73
42 43 51 59 60 71 72
42 43 46 68
42 43 46 59 78
42 43 46 59 76 77
42 43 46 59 62 78
42 43 46 59 62 76 77
42 43 46 59 60 78
42 43 46 59 60 76 77
42 43 46 51 59
42 43 46 51 59 62
42 43 46 51 59 60
41 67
41 65 66
40 79
40 77 78
40 70
40 69
40 68
40 68 69
40 67 68
40 66 67
40 65
40 64 68
40 63
40 63 78 79
40 63 71 78 79
40 63 69 70 78 79
40 61 62
40 61 62 78 79
40 61 62 71 78 79
40 61 62 69 70 78 79
40 59
40 59 78 79
40 59 73
40 59 71 72
40 59 69
40 59 69 73
40 59 69 71 72
40 59 67 68
40 59 67 68 73
40 59 67 68 71 72
40 59 61
40 59 61 69
40 59 61 67 68
40 57 58 78 79
40 55
40 55 68
40 55 61
40 55 59 78 79
40 55 59 69
40 55 59 67 68
40 54
40 54 78 79
40 54 71 78 79
40 54 69 70 78 79
40 53 63
40 53 63 71
40 53 63 69 70
40 53 61 62
40 53 61 62 71
40 53 61 62 69 70
40 53 59
40 53 57 58
40 53 55 59
40 53 54
40 53 54 71
40 53 54 69 70
40 53 54 61
40 53 54 59
40 53 54 59 78 79
40 53 54 59 69
40 53 54 59 67 68
40 52
40 52 53 78 79
40 52 53 71
40 52 53 71 78 79
40 52 53 69 70
40 52 53 69 70 78 79
40 50 78 79
40 50 53
40 48 49 78 79
40 48 49 53
40 46
40 46 59
40 46 59 69
40 46 59 67 68
40 44 63 78 79
40 44 61 62 78 79
40 44 54 78 79
40 44 53 63
40 44 53 61 62
40 44 53 54
40 44 52 53
40 44 52 53 78 79
40 44 45
40 43
40 42
40 42 59
40 42 59 73
40 42 59 71 72
40 42 59 61
40 42 55 59
40 42 53 54 59
40 42 46 59
40 41
40 41 59 71 73
40 41 59 71 72
40 41 59 69 70 73
40 41 59 69 70 71 72
40 41 59 68 69
40 41 59 67 68
40 41 46 59 71
40 41 46 59 69 70
40 41 44 59 73
40 41 44 59 71 72
40 41 44 46 59
40 41 42 59 68
39 40 69
39 40 67 68
39 40 42
38 69
38 69 78 79
38 68
38 68 69
38 67 68 78 79
38 53 69
38 53 67 68
38 42
38 42 78 79
38 42 68
38 42 53
38 39 68
37
37 78 79
37 69
37 68
37 67 68
37 53
37 42
36
36 78 79
36 74
36 73
36 72 73
36 71 72
36 69 73 78 79
36 69 71 72 78 79
36 68
36 68 78 79
36 68 71
36 68 69
36 68 69 70
36 67
36 67 78 79
36 67 71
36 67 71 78 79
36 67 69 70
36 67 69 70 78 79
36 67 68
36 67 68 73 78 79
36 67 68 71 72 78 79
36 65 66
36 65 66 78 79
36 65 66 71
36 65 66 71 78 79
36 65 66 69 70
36 65 66 69 70 78 79
36 63
36 61
36 61 69
36 61 67 68
36 61 62
36 59
36 59 78 79
36 59 61
36 56
36 55 78 79
36 55 69 78 79
36 55 67 68 78 79
36 55 61 69
36 55 61 67
36 55 61 67 68
36 55 61 65 66
36 55 59
36 55 59 69 78 79
36 55 59 68
36 55 59 67 68 78 79
36 55 57 58 69 78 79
36 55 57 58 67 68 78 79
36 55 56 61
36 54
36 54 78 79
36 54 61 68
36 54 55
36 53 69 73
36 53 69 71 72
36 53 68
36 53 67
36 53 67 71
36 53 67 69 70
36 53 67 68 73
36 53 67 68 71 72
36 53 65 66
36 53 65 66 71
36 53 65 66 69 70
36 53 59
36 53 55
36 53 55 69
36 53 55 67 68
36 53 55 59 69
36 53 55 59 67 68
36 53 55 57 58 69
36 53 55 57 58 67 68
36 53 54 61 67
36 53 54 61 65 66
36 53 54 59
36 53 54 59 68
36 52 61
36 52 53 78 79
36 46 69 78 79
36 46 67 68 78 79
36 46 53 69
36 46 53 67 68
36 45 78 79
36 45 53
36 45 46
36 44 68
36 44 67
36 44 67 78 79
36 44 65 66
36 44 65 66 78 79
36 44 53 67
36 44 53 65 66
36 44 45
36 43 61
36 43 44 78 79
36 43 44 53
36 42 73 78 79
36 42 71 72 78 79
36 42 68
36 42 61
36 42 55 78 79
36 42 55 61
36 42 55 59 78 79
36 42 55 57 58 78 79
36 42 53 73
36 42 53 71 72
36 42 53 55
36 42 53 55 59
36 42 53 55 57 58
36 42 46 78 79
36 42 46 53
36 40
36 40 78 79
36 40 71
36 40 71 78 79
36 40 69 70
36 40 69 70 78 79
36 40 55 61
36 40 53
36 40 53 71
36 40 53 69 70
36 40 53 54 61
36 40 44
36 40 44 78 79
36 40 44 53
36 38
36 37
35
35 73
35 71
35 71 72
35 69
35 69 70
35 68
35 67
35 67 68
35 65 66
35 61 67
35 61 65 66
35 59 69
35 59 67 68
35 55 59 67
35 55 59 67 69
35 55 59 67 68
35 55 59 65 66
35 55 59 65 66 69
35 55 59 65 66 67 68
35 53 54 59 67
35 53 54 59 67 69
35 53 54 59 67 68
35 53 54 59 65 66
35 53 54 59 65 66 69
35 53 54 59 65 66 67 68
35 46
35 44
35 42
35 42 59
35 42 55 59 67
35 42 55 59 65 66
35 42 53 54 59 67
35 42 53 54 59 65 66
35 40
35 40 61
35 40 55 59
35 40 55 59 69
35 40 55 59 67 68
35 40 53 54 59
35 40 53 54 59 69
35 40 53 54 59 67 68
35 40 42 55 59
35 40 42 53 54 59
35 36
35 36 78 79
35 36 68
35 36 67
35 36 65 66
35 36 53
35 36 40
34
34 73
34 73 78 79
34 71
34 71 72
34 71 72 78 79
34 69 70
34 68
34 68 71
34 68 69 70
34 67 78 79
34 67 68
34 65 66 78 79
34 65 66 68
34 64 67 68
34 64 65 66 68
34 63
34 63 69
34 63 68
34 63 67 78 79
34 63 67 68
34 63 65 66 78 79
34 61 73
34 61 71 72
34 61 69
34 61 68 69
34 61 65 68
34 61 63
34 61 63 64 68
34 61 62 69
34 61 62 68
34 61 62 67 78 79
34 61 62 67 68
34 61 62 65 66 78 79
34 59 71 78 79
34 59 71 75
34 59 71 73 74
34 59 69 78 79
34 59 69 71
34 59 69 70
34 59 69 70 78 79
34 59 69 70 75
34 59 69 70 73 74
34 59 68 69 71
34 59 68 69 70
34 59 67 78 79
34 59 67 68 78 79
34 59 65 66 78 79
34 57 58 67 78 79
34 57 58 65 66 78 79
34 55 67 78 79
34 55 65 66 78 79
34 55 61 69
34 55 61 67 68
34 55 59 78 79
34 55 59 68 69
34 55 59 67
34 55 59 67 78 79
34 55 59 67 68
34 55 59 65 66
34 55 59 65 66 78 79
34 55 57 58 78 79
34 54
34 54 69
34 54 68
34 54 68 73
34 54 68 71 72
34 54 67 78 79
34 54 67 68
34 54 65 66 78 79
34 54 63 68
34 54 61
34 54 61 68
34 54 61 62 68
34 54 55 61 68
34 53 73
34 53 71 72
34 53 67
34 53 65 66
34 53 63 67
34 53 63 65 66
34 53 61 62 67
34 53 61 62 65 66
34 53 59 71
34 53 59 69
34 53 59 69 70
34 53 59 67
34 53 59 67 68
34 53 59 65 66
34 53 57 58 67
34 53 57 58 65 66
34 53 55 67
34 53 55 65 66
34 53 55 59
34 53 55 59 67
34 53 55 59 65 66
34 53 55 57 58
34 53 54
34 53 54 78 79
34 53 54 67
34 53 54 65 66
34 53 54 59 68 69
34 53 54 59 67 78 79
34 53 54 59 67 68
34 53 54 59 65 66 78 79
34 52 73
34 52 71 72
34 52 63
34 52 61
34 52 61 62
34 52 54
34 52 53 69
34 52 53 68
34 52 53 67
34 52 53 67 78 79
34 52 53 67 68
34 52 53 65 66
34 52 53 65 66 78 79
34 52 53 61
34 52 53 54 68
34 51 68 73
34 51 68 71 72
34 49 50 68 73
34 49 50 68 71 72
34 48 59 71
34 48 59 69 70
34 46
34 46 61
34 46 54 68
34 46 52
34 46 51 68
34 46 49 50 68
34 44
34 44 68
34 44 59 78 79
34 44 59 75
34 44 59 73 78
34 44 59 73 76 77
34 44 59 73 74
34 44 59 71 72 78
34 44 59 71 72 76 77
34 44 59 69
34 44 59 69 78 79
34 44 59 68 69
34 44 59 67 68 78 79
34 44 53 59
34 44 53 59 69
34 44 53 59 67 68
34 44 51 59 73
34 44 51 59 71 72
34 44 48 59
34 44 46 59 78
34 44 46 59 76 77
34 44 46 51 59
34 44 45 78 79
34 44 45 53
34 43 73
34 43 71 72
34 43 63
34 43 61
34 43 61 62
34 43 54
34 43 52 53
34 43 46
34 42 63
34 42 61
34 42 61 68
34 42 61 62
34 42 59 78 79
34 42 59 71
34 42 59 69 70
34 42 59 68 71
34 42 59 68 69 70
34 42 55 61
34 42 55 59 68
34 42 54
34 42 53 59
34 42 53 54 59 68
34 42 52 53
34 42 44 59
34 42 44 59 78 79
34 42 44 59 68
34 42 44 53 59
34 42 43 59 78 79
34 42 43 59 73 78
34 42 43 59 73 76 77
34 42 43 59 71 72 78
34 42 43 59 71 72 76 77
34 42 43 59 69 78 79
34 42 43 59 67 68 78 79
34 42 43 53 59
34 42 43 53 59 69
34 42 43 53 59 67 68
34 42 43 51 59 73
34 42 43 51 59 71 72
34 42 43 46 59 78
34 42 43 46 59 76 77
34 42 43 46 51 59
34 40 78 79
34 40 67 68
34 40 65 66 68
34 40 64 68
34 40 63 78 79
34 40 61 62 78 79
34 40 59 78 79
34 40 57 58 78 79
34 40 55 78 79
34 40 55 59
34 40 55 59 78 79
34 40 54 78 79
34 40 53
34 40 53 63
34 40 53 61 62
34 40 53 59
34 40 53 57 58
34 40 53 55
34 40 53 55 59
34 40 53 54
34 40 53 54 59 78 79
34 40 52 53
34 40 52 53 78 79
34 38 39 67 68
34 38 39 65 66 68
34 38 39 40 68
34 37 78 79
34 37 53
34 36 78 79
34 36 69 78 79
34 36 68
34 36 67 78 79
34 36 67 68 78 79
34 36 65 66 78 79
34 36 61 68
34 36 53
34 36 53 69
34 36 53 67
34 36 53 67 68
34 36 53 65 66
34 36 51 68
34 36 49 50 68
34 36 42 78 79
34 36 42 53
34 36 40 78 79
34 36 40 53
34 35 78 79
34 35 63 78 79
34 35 61 62 78 79
34 35 54 78 79
34 35 53
34 35 53 63
34 35 53 61 62
34 35 53 54
34 35 52 53
34 35 52 53 78 79
34 35 36 78 79
34 35 36 53
33 69
33 67 68
33 42
33 34 68
32 55 78 79
32 55 69 78 79
32 55 67 68 78 79
32 53 55
32 53 55 69
32 53 55 67 68
32 42 55 78 79
32 42 53 55
32 36 55 69 78 79
32 36 55 67 68 78 79
32 36 53 55 69
32 36 53 55 67 68
32 36 42 55 78 79
32 36 42 53 55
32 34 67 78 79
32 34 65 66 78 79
32 34 55 78 79
32 34 53 67
32 34 53 65 66
32 34 53 55
32 34 40 78 79
32 34 40 53
31 68
31 34 67 68
31 34 65 66 68
31 34 40 68
30 59 68 69
30 59 67 68
30 59 61 69
30 59 61 67 68
30 42 59 68
30 42 59 61
30 36 61
30 31 67 78 79
30 31 65 66 78 79
30 31 53 67
30 31 53 65 66
30 31 40 78 79
30 31 40 53
29
29 69 78 79
29 68 73
29 68 71 72
29 67 68 78 79
29 55 59 68 69
29 55 59 67 68
29 53 69
29 53 67 68
29 53 54 59 68 69
29 53 54 59 67 68
29 46 68
29 42 78 79
29 42 55 59 68
29 42 53
29 42 53 54 59 68
29 34 61 68
29 30 68
29 30 34 67 68
29 30 34 65 66 68
29 30 34 40 68
28 68
28 68 73
28 68 71 72
28 61 69
28 61 68
28 61 68 69
28 61 67
28 61 65 66
28 59
28 59 71
28 59 69 78 79
28 59 69 73
28 59 69 71 72
28 59 69 70
28 59 68
28 59 68 78 79
28 59 68 73
28 59 68 71
28 59 68 71 72
28 59 68 69 71
28 59 67 78 79
28 59 67 69
28 59 67 68
28 59 67 68 78 79
28 59 67 68 73
28 59 67 68 71
28 59 67 68 71 72
28 59 67 68 69 70
28 59 65 66 78 79
28 59 65 66 69
28 59 65 66 67 68
28 59 61 69
28 59 61 68
28 59 61 68 69
28 56 59 68 69
28 56 59 67 68
28 55 61
28 55 61 69
28 55 61 67 68
28 55 59 69 73
28 55 59 69 71 72
28 55 59 67 68 73
28 55 59 67 68 71 72
28 54 55 59 68 69
28 54 55 59 67 68
28 53 59 69
28 53 59 68
28 53 59 67
28 53 59 67 68
28 53 59 65 66
28 46 68
28 46 59 69
28 46 59 68
28 46 59 67 68
28 46 55 59 69
28 46 55 59 67 68
28 44 59
28 44 59 68
28 44 59 68 69
28 44 59 67 68
28 42 61
28 42 61 68
28 42 59 78 79
28 42 59 73
28 42 59 71 72
28 42 59 68 71
28 42 59 68 69 70
28 42 59 67
28 42 59 65 66
28 42 59 61
28 42 59 61 68
28 42 56 59 68
28 42 55 61
28 42 55 59 73
28 42 55 59 71 72
28 42 54 55 59 68
28 42 53 59
28 42 46 59
28 42 46 55 59
28 42 44 59 68
28 40 61
28 40 59 78 79
28 40 59 69
28 40 59 67 68
28 40 53 59
28 40 42 59
28 36
28 36 61 67
28 36 61 65 66
28 36 59
28 36 59 68
28 36 40 61
28 35 59 67
28 35 59 67 69
28 35 59 67 68
28 35 59 65 66
28 35 59 65 66 69
28 35 59 65 66 67 68
28 35 42 59 67
28 35 42 59 65 66
28 35 40 59
28 35 40 59 69
28 35 40 59 67 68
28 35 40 42 59
28 34 78 79
28 34 59 68 69
28 34 59 67
28 34 59 67 78 79
28 34 59 67 68
28 34 59 65 66
28 34 59 65 66 78 79
28 34 53
28 34 53 59 67
28 34 53 59 65 66
28 34 42 59 68
28 34 40 59
28 34 40 59 78 79
28 34 40 53 59
28 29 59 68 69
28 29 59 67 68
28 29 42 59 68
27
27 69
27 69 78 79
27 68
27 67
27 67 78 79
27 67 71 78 79
27 67 69 70 78 79
27 67 68
27 67 68 78 79
27 65 66
27 65 66 78 79
27 65 66 71 78 79
27 65 66 69 70 78 79
27 53 69
27 53 67
27 53 67 71
27 53 67 69 70
27 53 67 68
27 53 65 66
27 53 65 66 71
27 53 65 66 69 70
27 44 67 78 79
27 44 65 66 78 79
27 44 53 67
27 44 53 65 66
27 42
27 42 78 79
27 42 53
27 40
27 40 78 79
27 40 71 78 79
27 40 69 70 78 79
27 40 53
27 40 53 71
27 40 53 69 70
27 40 44 78 79
27 40 44 53
27 36
27 36 78 79
27 36 53
27 34
27 34 69
27 34 68
27 34 67 78 79
27 34 67 68
27 34 65 66 78 79
27 34 61
27 34 54 68
27 34 53 67
27 34 53 65 66
27 34 52
27 34 43
27 34 42
27 34 40 78 79
27 34 40 53
27 34 35 78 79
27 34 35 53
27 28 36
26
26 69
26 67 68
26 55 59 69
26 55 59 67 68
26 53 54 59 69
26 53 54 59 67 68
26 42
26 42 55 59
26 42 53 54 59
26 36
26 28 59 69
26 28 59 67 68
26 28 42 59
25 79
25 77 78
25 67
25 65
25 65 66
25 64
25 59 69 71
25 59 69 70
25 59 67 68 71
25 59 67 68 69 70
25 55 61
25 55 61 69
25 55 61 67 68
25 55 59 69
25 55 59 69 71
25 55 59 69 70
25 55 59 68
25 55 59 67 68
25 55 59 67 68 71
25 55 59 67 68 69 70
25 55 59 61 69
25 55 59 61 67 68
25 53 54 61
25 53 54 61 69
25 53 54 61 67 68
25 53 54 59 69
25 53 54 59 69 71
25 53 54 59 69 70
25 53 54 59 68
25 53 54 59 67 68
25 53 54 59 67 68 71
25 53 54 59 67 68 69 70
25 53 54 59 61 69
25 53 54 59 61 67 68
25 52
25 44 59 69
25 44 59 67 68
25 44 55 59 69
25 44 55 59 67 68
25 44 53 54 59 69
25 44 53 54 59 67 68
25 42 59 71
25 42 59 69 70
25 42 55 61
25 42 55 59
25 42 55 59 71
25 42 55 59 69 70
25 42 55 59 61
25 42 53 54 61
25 42 53 54 59
25 42 53 54 59 71
25 42 53 54 59 69 70
25 42 53 54 59 61
25 42 44 59
25 42 44 55 59
25 42 44 53 54 59
25 40
25 36 73
25 36 71 72
25 36 61
25 36 46
25 28 61
25 28 61 69
25 28 61 67 68
25 28 59 69
25 28 59 69 71
25 28 59 69 70
25 28 59 68
25 28 59 67 68
25 28 59 67 68 71
25 28 59 67 68 69 70
25 28 59 61 69
25 28 59 61 67 68
25 28 44 59 69
25 28 44 59 67 68
25 28 42 61
25 28 42 59
25 28 42 59 71
25 28 42 59 69 70
25 28 42 59 61
25 28 42 44 59
24 69
24 68
24 68 73
24 68 71 72
24 67 68
24 61 68
24 55 68
24 46 68
24 42
24 34 68 73
24 34 68 71 72
24 34 46 68
24 34 36 68
24 25
24 25 55 59 69
24 25 55 59 67 68
24 25 53 54 59 69
24 25 53 54 59 67 68
24 25 42 55 59
24 25 42 53 54 59
24 25 28 59 69
24 25 28 59 67 68
24 25 28 42 59
23 69
23 68
23 67 78 79
23 67 68
23 65 66 78 79
23 53 67
23 53 65 66
23 42
23 40 78 79
23 40 53
22
22 69
22 67
22 65 66
22 65 66 68
22 42
22 40
22 40 68
22 34 68 71
22 34 68 69 70
22 34 44 68
21 68
21 59 73 77 78
21 59 73 76 77
21 59 73 75 76 78
21 59 73 75 76 77
21 59 71 72 77 78
21 59 71 72 76 77
21 59 71 72 75 76 78
21 59 71 72 75 76 77
21 59 68 73 77
21 59 68 73 75 76
21 59 68 71 72 77
21 59 68 71 72 75 76
21 59 67 68 73 77
21 59 67 68 73 75 76
21 59 67 68 71 72 77
21 59 67 68 71 72 75 76
21 57 59 73 78
21 57 59 73 76 77
21 57 59 71 72 78
21 57 59 71 72 76 77
21 51 59 73 77
21 51 59 73 75 76
21 51 59 71 72 77
21 51 59 71 72 75 76
21 51 57 59 73
21 51 57 59 71 72
21 50 59 73 78
21 50 59 73 76 77
21 50 59 71 72 78
21 50 59 71 72 76 77
21 50 59 68 73
21 50 59 68 71 72
21 50 59 67 68 73
21 50 59 67 68 71 72
21 50 51 59 73
21 50 51 59 71 72
21 46 59 77 78
21 46 59 76 77
21 46 59 75 76 78
21 46 59 75 76 77
21 46 59 68 77
21 46 59 68 75 76
21 46 59 67 68 77
21 46 59 67 68 75 76
21 46 57 59 78
21 46 57 59 76 77
21 46 51 59 77
21 46 51 59 75 76
21 46 51 57 59
21 46 50 59 78
21 46 50 59 76 77
21 46 50 59 68
21 46 50 59 67 68
21 46 50 51 59
21 42 59 73 77
21 42 59 73 75 76
21 42 59 71 72 77
21 42 59 71 72 75 76
21 42 50 59 73
21 42 50 59 71 72
21 42 46 59 77
21 42 46 59 75 76
21 42 46 50 59
21 34 67 68
21 34 65 66 68
21 34 40 68
20 68
20 68 73
20 68 71
20 68 71 72
20 68 69
20 68 69 70
20 67
20 65 66
20 65 66 68
20 61
20 59 69
20 59 67 69
20 59 65 66 69
20 59 65 66 67 68
20 55 59 67
20 55 59 67 69
20 55 59 67 68
20 55 59 65 66
20 55 59 65 66 69
20 55 59 65 66 67 68
20 53 54 59 67
20 53 54 59 67 69
20 53 54 59 67 68
20 53 54 59 65 66
20 53 54 59 65 66 69
20 53 54 59 65 66 67 68
20 46 68
20 44 68
20 44 59 73 78
20 44 59 73 76 77
20 44 59 71 72 78
20 44 59 71 72 76 77
20 44 51 59 73
20 44 51 59 71 72
20 44 46 59 78
20 44 46 59 76 77
20 44 46 51 59
20 42 68
20 42 59
20 42 59 67
20 42 59 65 66
20 42 55 59 67
20 42 55 59 65 66
20 42 53 54 59 67
20 42 53 54 59 65 66
20 42 43 59 73 78
20 42 43 59 73 76 77
20 42 43 59 71 72 78
20 42 43 59 71 72 76 77
20 42 43 51 59 73
20 42 43 51 59 71 72
20 42 43 46 59 78
20 42 43 46 59 76 77
20 42 43 46 51 59
20 40
20 40 68
20 40 59 69
20 40 59 67 68
20 40 55 59
20 40 55 59 69
20 40 55 59 67 68
20 40 53 54 59
20 40 53 54 59 69
20 40 53 54 59 67 68
20 40 42 59
20 40 42 55 59
20 40 42 53 54 59
20 36 68 71
20 36 68 69 70
20 36 44 68
20 34
20 34 73
20 34 71 72
20 34 69
20 34 68 73
20 34 68 71 72
20 34 65 66 68
20 34 46
20 34 46 68
20 34 42
20 34 40 68
20 34 36
20 28 59 67
20 28 59 67 69
20 28 59 67 68
20 28 59 65 66
20 28 59 65 66 69
20 28 59 65 66 67 68
20 28 42 59 67
20 28 42 59 65 66
20 28 40 59
20 28 40 59 69
20 28 40 59 67 68
20 28 40 42 59
20 22 68 69
20 22 67 68
20 22 42 68
19
19 78 79
19 68
19 67
19 65 66
19 53
19 40
19 36
19 34 78 79
19 34 53
18 36 78 79
18 36 53
18 19 61
18 19 44 59 73 78
18 19 44 59 73 76 77
18 19 44 59 71 72 78
18 19 44 59 71 72 76 77
18 19 44 51 59 73
18 19 44 51 59 71 72
18 19 44 46 59 78
18 19 44 46 59 76 77
18 19 44 46 51 59
18 19 42 43 59 73 78
18 19 42 43 59 73 76 77
18 19 42 43 59 71 72 78
18 19 42 43 59 71 72 76 77
18 19 42 43 51 59 73
18 19 42 43 51 59 71 72
18 19 42 43 46 59 78
18 19 42 43 46 59 76 77
18 19 42 43 46 51 59
18 19 36
17 59 73 78
17 59 73 76 77
17 59 71 72 78
17 59 71 72 76 77
17 59 62 73 78
17 59 62 73 76 77
17 59 62 71 72 78
17 59 62 71 72 76 77
17 59 60 73 78
17 59 60 73 76 77
17 59 60 71 72 78
17 59 60 71 72 76 77
17 51 59 73
17 51 59 71 72
17 51 59 62 73
17 51 59 62 71 72
17 51 59 60 73
17 51 59 60 71 72
17 46 59 78
17 46 59 76 77
17 46 59 62 78
17 46 59 62 76 77
17 46 59 60 78
17 46 59 60 76 77
17 46 51 59
17 46 51 59 62
17 46 51 59 60
17 34 59 73 78
17 34 59 73 76 77
17 34 59 71 72 78
17 34 59 71 72 76 77
17 34 59 69 78 79
17 34 59 67 68 78 79
17 34 53 59 69
17 34 53 59 67 68
17 34 51 59 73
17 34 51 59 71 72
17 34 46 59 78
17 34 46 59 76 77
17 34 46 51 59
17 34 42 59 78 79
17 34 42 53 59
17 20 59 73 78
17 20 59 73 76 77
17 20 59 71 72 78
17 20 59 71 72 76 77
17 20 51 59 73
17 20 51 59 71 72
17 20 46 59 78
17 20 46 59 76 77
17 20 46 51 59
17 18 19 59 73 78
17 18 19 59 73 76 77
17 18 19 59 71 72 78
17 18 19 59 71 72 76 77
17 18 19 51 59 73
17 18 19 51 59 71 72
17 18 19 46 59 78
17 18 19 46 59 76 77
17 18 19 46 51 59
15 59 71 73
15 59 71 72
15 59 69 70 73
15 59 69 70 71 72
15 59 68 69
15 59 67 68
15 46 59 71
15 46 59 69 70
15 44 59 73
15 44 59 71 72
15 44 46 59
15 42 59 68
14 69
14 67 68
14 42
13 68
13 34 67 68
13 34 65 66 68
13 34 40 68
12
11 69
11 68 73
11 68 71 72
11 67 68
11 46 68
11 42
11 34 61 68
10 78 79
10 73
10 71 72
10 69
10 67
10 67 68
10 65 66
10 59 69
10 59 67
10 59 67 68
10 59 65 66
10 57 59 69
10 57 59 67 68
10 55
10 55 59 67
10 55 59 67 78 79
10 55 59 65 66
10 55 59 65 66 78 79
10 53
10 53 55 59 67
10 53 55 59 65 66
10 53 54 59 69
10 53 54 59 67 78 79
10 53 54 59 67 68
10 53 54 59 65 66 78 79
10 46
10 42
10 42 59
10 42 57 59
10 42 53 54 59
10 40
10 40 59
10 40 55 59
10 40 55 59 78 79
10 40 53 55 59
10 40 53 54 59 78 79
10 36 65
10 36 61
10 36 54
10 34 73
10 34 71 72
10 34 63
10 34 61
10 34 61 62
10 34 54
10 34 52 53
10 34 46
10 28 59 69
10 28 59 67
10 28 59 67 78 79
10 28 59 67 68
10 28 59 65 66
10 28 59 65 66 78 79
10 28 53 59 67
10 28 53 59 65 66
10 28 42 59
10 28 40 59
10 28 40 59 78 79
10 28 40 53 59
10 27 34
10 25 55 59 69
10 25 55 59 67 68
10 25 53 54 59 69
10 25 53 54 59 67 68
10 25 42 55 59
10 25 42 53 54 59
10 25 28 59 69
10 25 28 59 67 68
10 25 28 42 59
10 20 59 67
10 20 59 65 66
10 20 40 59
9 68
9 68 79
9 68 77 78
9 65 68
9 64 68
9 52 68
9 34 68
9 10 36
8
8 68
8 36
8 36 67
8 36 65 66
8 36 40
8 9 79
8 9 77 78
8 9 73
8 9 71 72
8 9 65
8 9 64
8 9 55
8 9 52
8 9 46
8 9 36 61
8 9 34 73
8 9 34 71 72
8 9 34 63
8 9 34 61
8 9 34 61 62
8 9 34 54
8 9 34 52 53
8 9 34 46
8 9 27 34
7
7 69
7 67 68
7 42
7 8 69
7 8 67 68
7 8 42
5 67 78 79
5 65 66 78 79
5 53 67
5 53 65 66
5 40 78 79
5 40 53
4 68
4 34 67 68
4 34 65 66 68
4 34 40 68
3 61 68
2 36
1 73
1 71
1 71 78 79
1 71 72
1 69
1 69 78 79
1 69 73
1 69 71
1 69 71 72
1 69 70 78 79
1 68
1 68 78 79
1 68 69
1 67
1 67 78 79
1 67 68 78 79
1 67 68 73
1 67 68 71
1 67 68 71 72
1 67 68 69 70
1 65
1 65 66
1 65 66 78 79
1 63
1 63 78 79
1 63 64
1 61 71
1 61 69 70
1 61 63 78 79
1 59 67 78 79
1 59 65 66 78 79
1 57
1 57 58 69 78 79
1 57 58 67 68 78 79
1 56
1 55
1 55 56
1 54
1 54 78 79
1 54 71
1 54 69 70
1 54 68
1 54 61 78 79
1 54 55
1 53 71
1 53 69
1 53 69 70
1 53 68
1 53 67
1 53 67 68
1 53 65 66
1 53 63
1 53 61 63
1 53 59 67
1 53 59 65 66
1 53 57 58 69
1 53 57 58 67 68
1 53 54
1 53 54 61
1 52 53 78 79
1 52 53 61
1 52 53 61 78 79
1 46
1 46 69
1 46 67 68
1 44
1 44 78 79
1 44 69
1 44 67 68
1 44 61
1 44 54
1 44 53
1 42
1 42 78 79
1 42 73
1 42 71
1 42 71 72
1 42 69 70
1 42 68
1 42 57 58 78 79
1 42 53
1 42 53 57 58
1 42 46
1 42 44
1 40
1 40 78 79
1 40 59 78 79
1 40 53
1 40 53 59
1 38
1 36 73
1 36 73 78 79
1 36 71 78 79
1 36 71 72
1 36 71 72 78 79
1 36 69
1 36 69 70 78 79
1 36 68
1 36 67 68
1 36 61
1 36 59 69 78 79
1 36 59 67 68 78 79
1 36 57 69
1 36 57 67 68
1 36 55 56 69
1 36 55 56 67 68
1 36 53 73
1 36 53 71
1 36 53 71 72
1 36 53 69 70
1 36 53 59 69
1 36 53 59 67 68
1 36 52 53 61
1 36 52 53 61 78 79
1 36 46
1 36 46 78 79
1 36 46 53
1 36 45 61 78 79
1 36 45 53 61
1 36 44 78 79
1 36 44 53
1 36 43 44 61 78 79
1 36 43 44 53 61
1 36 42
1 36 42 59 78 79
1 36 42 57
1 36 42 55 56
1 36 42 53 59
1 34
1 34 71
1 34 71 78 79
1 34 69
1 34 69 73
1 34 69 71 72
1 34 69 70 78 79
1 34 68 69
1 34 67
1 34 67 68
1 34 67 68 73
1 34 67 68 71 72
1 34 67 68 70
1 34 67 68 69
1 34 65 66
1 34 61
1 34 59
1 34 59 78 79
1 34 56
1 34 55 69
1 34 55 67 68
1 34 54 55
1 34 53 71
1 34 53 69 70
1 34 53 59
1 34 53 54 61
1 34 53 54 61 78 79
1 34 46 69
1 34 46 67 68
1 34 46 61 78 79
1 34 46 53 61
1 34 44
1 34 44 78 79
1 34 44 53
1 34 44 45 61 78 79
1 34 44 45 53 61
1 34 43 69
1 34 43 67 68
1 34 42
1 34 42 73
1 34 42 71 72
1 34 42 70
1 34 42 68 69
1 34 42 55
1 34 42 46
1 34 42 43
1 34 40
1 34 37 61 78 79
1 34 37 53 61
1 34 36 69 78 79
1 34 36 67 68 78 79
1 34 36 61 78 79
1 34 36 53 69
1 34 36 53 67 68
1 34 36 53 61
1 34 36 42 78 79
1 34 36 42 53
1 34 35 61 78 79
1 34 35 53 61
1 32 69 78 79
1 32 67 68 78 79
1 32 53 69
1 32 53 67 68
1 32 42 78 79
1 32 42 53
1 30
1 30 36 69
1 30 36 67 68
1 30 36 42
1 29
1 29 34
1 28 34 61 78 79
1 28 34 53 61
1 27
1 27 78 79
1 27 61 78 79
1 27 53
1 27 53 61
1 27 36 61 78 79
1 27 36 53 61
1 26 61
1 26 54
1 25
1 25 69
1 25 67 68
1 25 42
1 25 34 61 78 79
1 25 34 53 61
1 24 25 61
1 24 25 54
1 22 69
1 22 67 68
1 22 42
1 20 69
1 20 67 68
1 20 61
1 20 59
1 20 42
1 20 34
1 20 34 69 73
1 20 34 69 71 72
1 20 34 67 68 73
1 20 34 67 68 71 72
1 20 34 46 69
1 20 34 46 67 68
1 20 34 42 73
1 20 34 42 71 72
1 20 34 42 46
1 20 34 36
1 19 34 61 78 79
1 19 34 53 61
1 18 36 61 78 79
1 18 36 53 61
1 18 19 61
1 10
1 10 34 61 78 79
1 10 34 53 61
1 9 71
1 9 69 70
1 9 68
1 9 44
1 9 36 61 78 79
1 9 36 53 61
1 9 26
1 9 24 25
1 8
1 8 78 79
1 8 53
0 69
0 68 79
0 68 77 78
0 68 73
0 68 71 72
0 67 68
0 65 68
0 64 68
0 55 68
0 52 68
0 48 59 73 77
0 48 59 73 75 76
0 48 59 71 72 77
0 48 59 71 72 75 76
0 48 50 59 73
0 48 50 59 71 72
0 46 68
0 46 48 59 77
0 46 48 59 75 76
0 46 48 50 59
0 46 47 59 77
0 46 47 59 75 76
0 46 47 59 73 77
0 46 47 59 73 75 76
0 46 47 59 71 72 77
0 46 47 59 71 72 75 76
0 46 47 50 59
0 46 47 50 59 73
0 46 47 50 59 71 72
0 42
0 36 61 68
0 34 68 73
0 34 68 71 72
0 34 63 68
0 34 61 68
0 34 61 62 68
0 34 54 68
0 34 52 53 68
0 34 46 68
0 27 34 68
0 21 59 73 77
0 21 59 73 75 76
0 21 59 71 72 77
0 21 59 71 72 75 76
0 21 50 59 73
0 21 50 59 71 72
0 21 46 59 77
0 21 46 59 75 76
0 21 46 50 59

