42 57 59 60 73
42 57 59 60 71 72
42 57 58 59 73
42 57 58 59 71 72
42 46 57 59 60
42 46 57 58 59
40 41 57 59 60 73
40 41 57 59 60 71 72
40 41 57 58 59 73
40 41 57 58 59 71 72
40 41 46 57 59 60
40 41 46 57 58 59
33 42 57 59 73
33 42 57 59 71 72
33 42 46 57 59
33 40 41 57 59 73
33 40 41 57 59 71 72
33 40 41 46 57 59
15 57 59 60 73
15 57 59 60 71 72
15 57 58 59 73
15 57 58 59 71 72
15 46 57 59 60
15 46 57 58 59
15 33 57 59 73
15 33 57 59 71 72
15 33 46 57 59
42 57 59 73
42 57 59 71 72
42 46 57 59
40 41 57 59 73
40 41 57 59 71 72
40 41 46 57 59
15 57 59 73
15 57 59 71 72
15 46 57 59
44 57 58 59 61 73
44 57 58 59 61 71 72
44 57 58 59 60 61 73
44 57 58 59 60 61 71 72
44 46 57 58 59 61
44 46 57 58 59 60 61
42 57 58 59 61 73 78
42 57 58 59 61 73 76 77
42 57 58 59 61 71 72 78
42 57 58 59 61 71 72 76 77
42 57 58 59 60 61 73 78
42 57 58 59 60 61 73 76 77
42 57 58 59 60 61 71 72 78
42 57 58 59 60 61 71 72 76 77
42 51 57 58 59 61 73
42 51 57 58 59 61 71 72
42 51 57 58 59 60 61 73
42 51 57 58 59 60 61 71 72
42 46 57 58 59 61 78
42 46 57 58 59 61 76 77
42 46 57 58 59 60 61 78
42 46 57 58 59 60 61 76 77
42 46 51 57 58 59 61
42 46 51 57 58 59 60 61
42 43 57 58 59 61 73
42 43 57 58 59 61 71 72
42 43 57 58 59 60 61 73
42 43 57 58 59 60 61 71 72
42 43 46 57 58 59 61
42 43 46 57 58 59 60 61
40 41 57 58 59 61 73 78
40 41 57 58 59 61 73 76 77
40 41 57 58 59 61 71 72 78
40 41 57 58 59 61 71 72 76 77
40 41 57 58 59 60 61 73 78
40 41 57 58 59 60 61 73 76 77
40 41 57 58 59 60 61 71 72 78
40 41 57 58 59 60 61 71 72 76 77
40 41 51 57 58 59 61 73
40 41 51 57 58 59 61 71 72
40 41 51 57 58 59 60 61 73
40 41 51 57 58 59 60 61 71 72
40 41 46 57 58 59 61 78
40 41 46 57 58 59 61 76 77
40 41 46 57 58 59 60 61 78
40 41 46 57 58 59 60 61 76 77
40 41 46 51 57 58 59 61
40 41 46 51 57 58 59 60 61
34 44 57 59 60 61 73
34 44 57 59 60 61 71 72
34 44 57 58 59 61 73
34 44 57 58 59 61 71 72
34 44 46 57 59 60 61
34 44 46 57 58 59 61
34 42 57 59 60 61 73 78
34 42 57 59 60 61 73 76 77
34 42 57 59 60 61 71 72 78
34 42 57 59 60 61 71 72 76 77
34 42 57 58 59 61 73 78
34 42 57 58 59 61 73 76 77
34 42 57 58 59 61 71 72 78
34 42 57 58 59 61 71 72 76 77
34 42 51 57 59 60 61 73
34 42 51 57 59 60 61 71 72
34 42 51 57 58 59 61 73
34 42 51 57 58 59 61 71 72
34 42 46 57 59 60 61 78
34 42 46 57 59 60 61 76 77
34 42 46 57 58 59 61 78
34 42 46 57 58 59 61 76 77
34 42 46 51 57 59 60 61
34 42 46 51 57 58 59 61
34 42 43 57 59 60 61 73
34 42 43 57 59 60 61 71 72
34 42 43 57 58 59 61 73
34 42 43 57 58 59 61 71 72
34 42 43 46 57 59 60 61
34 42 43 46 57 58 59 61
34 40 41 57 59 60 61 73 78
34 40 41 57 59 60 61 73 76 77
34 40 41 57 59 60 61 71 72 78
34 40 41 57 59 60 61 71 72 76 77
34 40 41 57 58 59 61 73 78
34 40 41 57 58 59 61 73 76 77
34 40 41 57 58 59 61 71 72 78
34 40 41 57 58 59 61 71 72 76 77
34 40 41 51 57 59 60 61 73
34 40 41 51 57 59 60 61 71 72
34 40 41 51 57 58 59 61 73
34 40 41 51 57 58 59 61 71 72
34 40 41 46 57 59 60 61 78
34 40 41 46 57 59 60 61 76 77
34 40 41 46 57 58 59 61 78
34 40 41 46 57 58 59 61 76 77
34 40 41 46 51 57 59 60 61
34 40 41 46 51 57 58 59 61
33 44 57 59 61 73
33 44 57 59 61 71 72
33 44 57 59 60 61 73
33 44 57 59 60 61 71 72
33 44 46 57 59 61
33 44 46 57 59 60 61
33 42 57 59 61 73 78
33 42 57 59 61 73 76 77
33 42 57 59 61 71 72 78
33 42 57 59 61 71 72 76 77
33 42 57 59 60 61 73 78
33 42 57 59 60 61 73 76 77
33 42 57 59 60 61 71 72 78
33 42 57 59 60 61 71 72 76 77
33 42 51 57 59 61 73
33 42 51 57 59 61 71 72
33 42 51 57 59 60 61 73
33 42 51 57 59 60 61 71 72
33 42 46 57 59 61 78
33 42 46 57 59 61 76 77
33 42 46 57 59 60 61 78
33 42 46 57 59 60 61 76 77
33 42 46 51 57 59 61
33 42 46 51 57 59 60 61
33 42 43 57 59 61 73
33 42 43 57 59 61 71 72
33 42 43 57 59 60 61 73
33 42 43 57 59 60 61 71 72
33 42 43 46 57 59 61
33 42 43 46 57 59 60 61
33 40 41 57 59 61 73 78
33 40 41 57 59 61 73 76 77
33 40 41 57 59 61 71 72 78
33 40 41 57 59 61 71 72 76 77
33 40 41 57 59 60 61 73 78
33 40 41 57 59 60 61 73 76 77
33 40 41 57 59 60 61 71 72 78
33 40 41 57 59 60 61 71 72 76 77
33 40 41 51 57 59 61 73
33 40 41 51 57 59 61 71 72
33 40 41 51 57 59 60 61 73
33 40 41 51 57 59 60 61 71 72
33 40 41 46 57 59 61 78
33 40 41 46 57 59 61 76 77
33 40 41 46 57 59 60 61 78
33 40 41 46 57 59 60 61 76 77
33 40 41 46 51 57 59 61
33 40 41 46 51 57 59 60 61
33 34 44 57 59 61 73
33 34 44 57 59 61 71 72
33 34 44 46 57 59 61
33 34 42 57 59 61 73 78
33 34 42 57 59 61 73 76 77
33 34 42 57 59 61 71 72 78
33 34 42 57 59 61 71 72 76 77
33 34 42 51 57 59 61 73
33 34 42 51 57 59 61 71 72
33 34 42 46 57 59 61 78
33 34 42 46 57 59 61 76 77
33 34 42 46 51 57 59 61
33 34 42 43 57 59 61 73
33 34 42 43 57 59 61 71 72
33 34 42 43 46 57 59 61
33 34 40 41 57 59 61 73 78
33 34 40 41 57 59 61 73 76 77
33 34 40 41 57 59 61 71 72 78
33 34 40 41 57 59 61 71 72 76 77
33 34 40 41 51 57 59 61 73
33 34 40 41 51 57 59 61 71 72
33 34 40 41 46 57 59 61 78
33 34 40 41 46 57 59 61 76 77
33 34 40 41 46 51 57 59 61
17 57 58 59 61 73
17 57 58 59 61 71 72
17 57 58 59 60 61 73
17 57 58 59 60 61 71 72
17 46 57 58 59 61
17 46 57 58 59 60 61
17 34 57 59 60 61 73
17 34 57 59 60 61 71 72
17 34 57 58 59 61 73
17 34 57 58 59 61 71 72
17 34 46 57 59 60 61
17 34 46 57 58 59 61
17 33 57 59 61 73
17 33 57 59 61 71 72
17 33 57 59 60 61 73
17 33 57 59 60 61 71 72
17 33 46 57 59 61
17 33 46 57 59 60 61
17 33 34 57 59 61 73
17 33 34 57 59 61 71 72
17 33 34 46 57 59 61
15 57 58 59 61 73 78
15 57 58 59 61 73 76 77
15 57 58 59 61 71 72 78
15 57 58 59 61 71 72 76 77
15 57 58 59 60 61 73 78
15 57 58 59 60 61 73 76 77
15 57 58 59 60 61 71 72 78
15 57 58 59 60 61 71 72 76 77
15 51 57 58 59 61 73
15 51 57 58 59 61 71 72
15 51 57 58 59 60 61 73
15 51 57 58 59 60 61 71 72
15 46 57 58 59 61 78
15 46 57 58 59 61 76 77
15 46 57 58 59 60 61 78
15 46 57 58 59 60 61 76 77
15 46 51 57 58 59 61
15 46 51 57 58 59 60 61
15 34 57 59 60 61 73 78
15 34 57 59 60 61 73 76 77
15 34 57 59 60 61 71 72 78
15 34 57 59 60 61 71 72 76 77
15 34 57 58 59 61 73 78
15 34 57 58 59 61 73 76 77
15 34 57 58 59 61 71 72 78
15 34 57 58 59 61 71 72 76 77
15 34 51 57 59 60 61 73
15 34 51 57 59 60 61 71 72
15 34 51 57 58 59 61 73
15 34 51 57 58 59 61 71 72
15 34 46 57 59 60 61 78
15 34 46 57 59 60 61 76 77
15 34 46 57 58 59 61 78
15 34 46 57 58 59 61 76 77
15 34 46 51 57 59 60 61
15 34 46 51 57 58 59 61
15 33 57 59 61 73 78
15 33 57 59 61 73 76 77
15 33 57 59 61 71 72 78
15 33 57 59 61 71 72 76 77
15 33 57 59 60 61 73 78
15 33 57 59 60 61 73 76 77
15 33 57 59 60 61 71 72 78
15 33 57 59 60 61 71 72 76 77
15 33 51 57 59 61 73
15 33 51 57 59 61 71 72
15 33 51 57 59 60 61 73
15 33 51 57 59 60 61 71 72
15 33 46 57 59 61 78
15 33 46 57 59 61 76 77
15 33 46 57 59 60 61 78
15 33 46 57 59 60 61 76 77
15 33 46 51 57 59 61
15 33 46 51 57 59 60 61
15 33 34 57 59 61 73 78
15 33 34 57 59 61 73 76 77
15 33 34 57 59 61 71 72 78
15 33 34 57 59 61 71 72 76 77
15 33 34 51 57 59 61 73
15 33 34 51 57 59 61 71 72
15 33 34 46 57 59 61 78
15 33 34 46 57 59 61 76 77
15 33 34 46 51 57 59 61
68
68 69
55 68 69
55 67 68
42 68
42 55 68
36 68 78 79
36 53 68
1
42 57 59 61 73
42 57 59 61 71 72
42 57 59 60 61 73
42 57 59 60 61 71 72
42 46 57 59 61
42 46 57 59 60 61
40 41 57 59 61 73
40 41 57 59 61 71 72
40 41 57 59 60 61 73
40 41 57 59 60 61 71 72
40 41 46 57 59 61
40 41 46 57 59 60 61
34 42 57 59 61 73
34 42 57 59 61 71 72
34 42 46 57 59 61
34 40 41 57 59 61 73
34 40 41 57 59 61 71 72
34 40 41 46 57 59 61
15 57 59 61 73
15 57 59 61 71 72
15 57 59 60 61 73
15 57 59 60 61 71 72
15 46 57 59 61
15 46 57 59 60 61
15 34 57 59 61 73
15 34 57 59 61 71 72
15 34 46 57 59 61
59 73
59 71 72
59 61 73
59 61 71 72
46 59
46 59 61
44 59 73
44 59 71 72
44 46 59
42 43 59 73
42 43 59 71 72
42 43 46 59
17 59 73
17 59 71 72
17 46 59
69
42
