42 57 59 60 73
42 57 59 60 71 72
42 48 57 59 60 73
42 48 57 59 60 71 72
42 46 57 59 60
42 46 48 57 59 60
42 46 47 57 59 60
42 46 47 57 59 60 73
42 46 47 57 59 60 71 72
40 41 57 59 60 73
40 41 57 59 60 71 72
40 41 48 57 59 60 73
40 41 48 57 59 60 71 72
40 41 46 57 59 60
40 41 46 48 57 59 60
40 41 46 47 57 59 60
40 41 46 47 57 59 60 73
40 41 46 47 57 59 60 71 72
21 42 57 59 60 73
21 42 57 59 60 71 72
21 42 46 57 59 60
21 40 41 57 59 60 73
21 40 41 57 59 60 71 72
21 40 41 46 57 59 60
15 57 59 60 73
15 57 59 60 71 72
15 48 57 59 60 73
15 48 57 59 60 71 72
15 46 57 59 60
15 46 48 57 59 60
15 46 47 57 59 60
15 46 47 57 59 60 73
15 46 47 57 59 60 71 72
15 21 57 59 60 73
15 21 57 59 60 71 72
15 21 46 57 59 60
61 75
61 73 75
61 73 74
61 73 74 75
61 72 73 75
61 72 73 74
61 71 72 75
61 71 72 74 75
61 71 72 73 75
61 71 72 73 74
61 63 73 75
61 63 73 74
61 63 71 72 75
61 63 71 72 73 74
61 62 73 75
61 62 73 74
61 62 71 72 75
61 62 71 72 73 74
60 61 75
60 61 73 74
59 60 61 73 75
59 60 61 73 74 75
59 60 61 72 73 75
59 60 61 72 73 74
59 60 61 71 72 75
59 60 61 71 72 74 75
59 60 61 71 72 73 75
59 60 61 71 72 73 74
59 60 61 63 73 75
59 60 61 63 73 74
59 60 61 63 71 72 75
59 60 61 63 71 72 73 74
59 60 61 62 73 75
59 60 61 62 73 74
59 60 61 62 71 72 75
59 60 61 62 71 72 73 74
58 59 61 75
58 59 61 73 74
58 59 60 61 75
58 59 60 61 73 74
48 61
48 61 73
48 61 73 74
48 61 72 73
48 61 71 72
48 61 71 72 74
48 61 71 72 73
48 61 63 73
48 61 63 71 72
48 61 62 73
48 61 62 71 72
48 60 61
48 59 60 61 73
48 59 60 61 73 74
48 59 60 61 72 73
48 59 60 61 71 72
48 59 60 61 71 72 74
48 59 60 61 71 72 73
48 59 60 61 63 73
48 59 60 61 63 71 72
48 59 60 61 62 73
48 59 60 61 62 71 72
48 58 59 61
48 58 59 60 61
47 61 73 75
47 61 73 74
47 61 71 72 75
47 61 71 72 73 74
47 59 60 61 73 75
47 59 60 61 73 74
47 59 60 61 71 72 75
47 59 60 61 71 72 73 74
47 48 61 73
47 48 61 71 72
47 48 59 60 61 73
47 48 59 60 61 71 72
46 61 75
46 61 74 75
46 61 72 73 75
46 61 72 73 74
46 61 63 75
46 61 63 73 74
46 61 62 75
46 61 62 73 74
46 59 60 61 75
46 59 60 61 74 75
46 59 60 61 72 73 75
46 59 60 61 72 73 74
46 59 60 61 63 75
46 59 60 61 63 73 74
46 59 60 61 62 75
46 59 60 61 62 73 74
46 48 61
46 48 61 74
46 48 61 72 73
46 48 61 63
46 48 61 62
46 48 59 60 61
46 48 59 60 61 74
46 48 59 60 61 72 73
46 48 59 60 61 63
46 48 59 60 61 62
46 47 61 75
46 47 61 73 74
46 47 59 60 61 75
46 47 59 60 61 73 74
46 47 48 61
46 47 48 59 60 61
44 61 73 75
44 61 73 74
44 61 71 72 75
44 61 71 72 73 74
44 59 60 61 73 75
44 59 60 61 73 74
44 59 60 61 71 72 75
44 59 60 61 71 72 73 74
44 48 61 73
44 48 61 71 72
44 48 59 60 61 73
44 48 59 60 61 71 72
44 46 61 75
44 46 61 73 74
44 46 59 60 61 75
44 46 59 60 61 73 74
44 46 48 61
44 46 48 59 60 61
42 43 61 73 75
42 43 61 73 74
42 43 61 71 72 75
42 43 61 71 72 73 74
42 43 59 60 61 73 75
42 43 59 60 61 73 74
42 43 59 60 61 71 72 75
42 43 59 60 61 71 72 73 74
42 43 48 61 73
42 43 48 61 71 72
42 43 48 59 60 61 73
42 43 48 59 60 61 71 72
42 43 46 61 75
42 43 46 61 73 74
42 43 46 59 60 61 75
42 43 46 59 60 61 73 74
42 43 46 48 61
42 43 46 48 59 60 61
34 61 75
34 61 73 75
34 61 73 74
34 61 73 74 75
34 61 72 73 75
34 61 72 73 74
34 61 71 72 75
34 61 71 72 74 75
34 61 71 72 73 75
34 61 71 72 73 74
34 61 63 73 75
34 61 63 73 74
34 61 63 71 72 75
34 61 63 71 72 73 74
34 61 62 73 75
34 61 62 73 74
34 61 62 71 72 75
34 61 62 71 72 73 74
34 60 61 75
34 60 61 73 74
34 58 59 61 75
34 58 59 61 73 74
34 48 61
34 48 61 73
34 48 61 73 74
34 48 61 72 73
34 48 61 71 72
34 48 61 71 72 74
34 48 61 71 72 73
34 48 61 63 73
34 48 61 63 71 72
34 48 61 62 73
34 48 61 62 71 72
34 48 60 61
34 48 58 59 61
34 47 61 73 75
34 47 61 73 74
34 47 61 71 72 75
34 47 61 71 72 73 74
34 47 48 61 73
34 47 48 61 71 72
34 46 61 75
34 46 61 74 75
34 46 61 72 73 75
34 46 61 72 73 74
34 46 61 63 75
34 46 61 63 73 74
34 46 61 62 75
34 46 61 62 73 74
34 46 48 61
34 46 48 61 74
34 46 48 61 72 73
34 46 48 61 63
34 46 48 61 62
34 46 47 61 75
34 46 47 61 73 74
34 46 47 48 61
34 44 61 73 75
34 44 61 73 74
34 44 61 71 72 75
34 44 61 71 72 73 74
34 44 48 61 73
34 44 48 61 71 72
34 44 46 61 75
34 44 46 61 73 74
34 44 46 48 61
34 42 43 61 73 75
34 42 43 61 73 74
34 42 43 61 71 72 75
34 42 43 61 71 72 73 74
34 42 43 48 61 73
34 42 43 48 61 71 72
34 42 43 46 61 75
34 42 43 46 61 73 74
34 42 43 46 48 61
33 61 75
33 61 73 74
33 59 60 61 75
33 59 60 61 73 74
33 48 61
33 48 59 60 61
33 34 61 75
33 34 61 73 74
33 34 48 61
61 67 78 79
61 65 66 78 79
53 61 67
53 61 65 66
40 61 78 79
40 53 61
36 61 67 78 79
36 61 65 66 78 79
36 53 61 67
36 53 61 65 66
36 40 61 78 79
36 40 53 61
34
34 68 69 78 79
34 67
34 65 66
34 65 66 68 78 79
34 61 67
34 61 67 68 78 79
34 61 65 66
34 61 65 66 68 78 79
34 53 68 69
34 53 65 66 68
34 53 61 67 68
34 53 61 65 66 68
34 42 68 78 79
34 42 53 68
34 40
34 40 68 78 79
34 40 61
34 40 61 68 78 79
34 40 53 68
34 40 53 61 68
1 36 78 79
1 36 53
78 79
53
34 78 79
34 68
34 53
32 78 79
32 53
42 48 57 59 73
42 48 57 59 71 72
42 46 48 57 59
42 46 47 57 59
42 46 47 57 59 73
42 46 47 57 59 71 72
40 41 48 57 59 73
40 41 48 57 59 71 72
40 41 46 48 57 59
40 41 46 47 57 59
40 41 46 47 57 59 73
40 41 46 47 57 59 71 72
21 42 57 59 73
21 42 57 59 71 72
21 42 46 57 59
21 40 41 57 59 73
21 40 41 57 59 71 72
21 40 41 46 57 59
15 48 57 59 73
15 48 57 59 71 72
15 46 48 57 59
15 46 47 57 59
15 46 47 57 59 73
15 46 47 57 59 71 72
15 21 57 59 73
15 21 57 59 71 72
15 21 46 57 59
16 17 42 57 59 73
16 17 42 57 59 71 72
16 17 42 48 57 59 73
16 17 42 48 57 59 71 72
16 17 42 46 57 59
16 17 42 46 48 57 59
16 17 42 46 47 57 59
16 17 42 46 47 57 59 73
16 17 42 46 47 57 59 71 72
16 17 40 41 57 59 73
16 17 40 41 57 59 71 72
16 17 40 41 48 57 59 73
16 17 40 41 48 57 59 71 72
16 17 40 41 46 57 59
16 17 40 41 46 48 57 59
16 17 40 41 46 47 57 59
16 17 40 41 46 47 57 59 73
16 17 40 41 46 47 57 59 71 72
16 17 21 42 57 59 73
16 17 21 42 57 59 71 72
16 17 21 42 46 57 59
16 17 21 40 41 57 59 73
16 17 21 40 41 57 59 71 72
16 17 21 40 41 46 57 59
15 16 17 57 59 73
15 16 17 57 59 71 72
15 16 17 48 57 59 73
15 16 17 48 57 59 71 72
15 16 17 46 57 59
15 16 17 46 48 57 59
15 16 17 46 47 57 59
15 16 17 46 47 57 59 73
15 16 17 46 47 57 59 71 72
15 16 17 21 57 59 73
15 16 17 21 57 59 71 72
15 16 17 21 46 57 59
59 61 63 73
59 61 63 71 72
59 61 62 73
59 61 62 71 72
59 60 73
59 60 71 72
59 60 61 73
59 60 61 71 72
59 60 61 63 73
59 60 61 63 71 72
59 60 61 62 73
59 60 61 62 71 72
46 59 61 63
46 59 61 62
46 59 60
46 59 60 61
46 59 60 61 63
46 59 60 61 62
36 59 61 73
36 59 61 71 72
36 59 60 61 73
36 59 60 61 71 72
36 46 59 61
36 46 59 60 61
34 59 73
34 59 71 72
34 59 61 73
34 59 61 71 72
34 46 59
34 46 59 61
18 59 61 63 73
18 59 61 63 71 72
18 59 61 62 73
18 59 61 62 71 72
18 46 59 61 63
18 46 59 61 62
18 36 59 61 73
18 36 59 61 71 72
18 36 46 59 61
16 17 59 61 63 73
16 17 59 61 63 71 72
16 17 59 61 62 73
16 17 59 61 62 71 72
16 17 46 59 61 63
16 17 46 59 61 62
16 17 36 59 61 73
16 17 36 59 61 71 72
16 17 36 46 59 61
57 59 73
57 59 71 72
46 48 57 59
46 47 57 59
46 47 57 59 73
46 47 57 59 71 72
21 46 57 59
18 42 57 59 73
18 42 57 59 71 72
18 42 48 57 59 73
18 42 48 57 59 71 72
18 42 46 57 59
18 42 46 48 57 59
18 42 46 47 57 59
18 42 46 47 57 59 73
18 42 46 47 57 59 71 72
18 40 41 57 59 73
18 40 41 57 59 71 72
18 40 41 48 57 59 73
18 40 41 48 57 59 71 72
18 40 41 46 57 59
18 40 41 46 48 57 59
18 40 41 46 47 57 59
18 40 41 46 47 57 59 73
18 40 41 46 47 57 59 71 72
18 21 42 57 59 73
18 21 42 57 59 71 72
18 21 42 46 57 59
18 21 40 41 57 59 73
18 21 40 41 57 59 71 72
18 21 40 41 46 57 59
15 18 57 59 73
15 18 57 59 71 72
15 18 48 57 59 73
15 18 48 57 59 71 72
15 18 46 57 59
15 18 46 48 57 59
15 18 46 47 57 59
15 18 46 47 57 59 73
15 18 46 47 57 59 71 72
15 18 21 57 59 73
15 18 21 57 59 71 72
15 18 21 46 57 59
69
69 78 79
68 69
67 78 79
67 70
67 69
67 68 78 79
67 68 69
65 66
65 66 78 79
65 66 70
65 66 69
65 66 68
65 66 68 69
65 66 67 68
61 67
61 65 66
59 68 69
55 68
55 67
55 65 66
54 67 68
54 65 66 68
53 69
53 67
53 67 68
53 65 66
53 54 68
53 54 67
53 54 65 66
52 67
52 65 66
52 53 69
52 53 67 68
46 68
44 45 68
42
42 78 79
42 68
42 67
42 65 66
42 59 68
42 53
42 52 53
40
40 78 79
40 70
40 69
40 68
40 68 69
40 67 68
40 61
40 55
40 54 68
40 53
40 53 54
40 52
40 42
38 69 78 79
38 67 68
38 67 68 78 79
38 65 66 68
38 53 69
38 53 67 68
38 42 78 79
38 42 53
38 40 68
37 68
36 69
36 69 78 79
36 68
36 67 68 78 79
36 65 66 68
36 53 69
36 53 67 68
36 42
36 42 78 79
36 42 53
36 40 68
35 68
35 36 68
28 68
28 67
28 65 66
28 40
27 69
27 67 68
27 42
22 68
21 68
20 69
20 68 69
20 55 68 69
20 55 67 68
20 42
20 42 68
20 42 55 68
19 68
10 67
10 65 66
10 40
9 69
9 67 68
9 42
8 9 67
8 9 65 66
8 9 40
7 68
7 67
7 65 66
7 40
1 67
1 65 66
1 40
1 38 68 69 78 79
1 38 67 68 78 79
1 38 53 68 69
1 38 53 67 68
1 38 42 68 78 79
1 38 42 53 68
0 67 68
0 65 66 68
0 40 68
57 73 78
57 73 76 77
57 71 72 78
57 71 72 76 77
51 57 73
51 57 71 72
48 57 73 78
48 57 73 76 77
48 57 71 72 78
48 57 71 72 76 77
48 51 57 73
48 51 57 71 72
46 57 78
46 57 76 77
46 51 57
46 48 57 78
46 48 57 76 77
46 48 51 57
46 47 57 78
46 47 57 76 77
46 47 57 73 78
46 47 57 73 76 77
46 47 57 71 72 78
46 47 57 71 72 76 77
46 47 51 57
46 47 51 57 73
46 47 51 57 71 72
21 57 73 78
21 57 73 76 77
21 57 71 72 78
21 57 71 72 76 77
21 51 57 73
21 51 57 71 72
21 46 57 78
21 46 57 76 77
21 46 51 57
1 38 67 78 79
1 38 65 66 78 79
1 38 53 67
1 38 53 65 66
1 38 40 78 79
1 38 40 53
42 59 61 73
42 59 61 71 72
42 48 59 61 73
42 48 59 61 71 72
42 46 59 61
42 46 48 59 61
42 46 47 59 61
42 46 47 59 61 73
42 46 47 59 61 71 72
40 41 59 61 73
40 41 59 61 71 72
40 41 48 59 61 73
40 41 48 59 61 71 72
40 41 46 59 61
40 41 46 48 59 61
40 41 46 47 59 61
40 41 46 47 59 61 73
40 41 46 47 59 61 71 72
21 42 59 61 73
21 42 59 61 71 72
21 42 46 59 61
21 40 41 59 61 73
21 40 41 59 61 71 72
21 40 41 46 59 61
15 59 61 73
15 59 61 71 72
15 48 59 61 73
15 48 59 61 71 72
15 46 59 61
15 46 48 59 61
15 46 47 59 61
15 46 47 59 61 73
15 46 47 59 61 71 72
15 21 59 61 73
15 21 59 61 71 72
15 21 46 59 61
14 42 59 61 73
14 42 59 61 71 72
14 42 48 59 61 73
14 42 48 59 61 71 72
14 42 46 59 61
14 42 46 48 59 61
14 42 46 47 59 61
14 42 46 47 59 61 73
14 42 46 47 59 61 71 72
14 40 41 59 61 73
14 40 41 59 61 71 72
14 40 41 48 59 61 73
14 40 41 48 59 61 71 72
14 40 41 46 59 61
14 40 41 46 48 59 61
14 40 41 46 47 59 61
14 40 41 46 47 59 61 73
14 40 41 46 47 59 61 71 72
14 21 42 59 61 73
14 21 42 59 61 71 72
14 21 42 46 59 61
14 21 40 41 59 61 73
14 21 40 41 59 61 71 72
14 21 40 41 46 59 61
14 15 59 61 73
14 15 59 61 71 72
14 15 48 59 61 73
14 15 48 59 61 71 72
14 15 46 59 61
14 15 46 48 59 61
14 15 46 47 59 61
14 15 46 47 59 61 73
14 15 46 47 59 61 71 72
14 15 21 59 61 73
14 15 21 59 61 71 72
14 15 21 46 59 61
63 78 79
61 67 70
61 67 69
61 67 68 69
61 65 66 70
61 65 66 69
61 65 66 68
61 65 66 68 69
61 65 66 67 68
61 63 69
61 63 67 68
61 62 78 79
61 62 69
61 62 67 68
59 67 68
54 78 79
54 61 67 68
54 61 65 66 68
53 63
53 61 62
53 54
53 54 61 67
53 54 61 65 66
52 61 67
52 61 65 66
52 53 61 69
52 53 61 67 68
50 69
50 67 68
48 49 69
48 49 67 68
45 78 79
45 61 69
45 61 67 68
45 53
43 44 78 79
43 44 61 69
43 44 61 67 68
43 44 53
42 61 67
42 61 65 66
42 61 63
42 61 62
42 52 53 61
42 50
42 48 49
42 45 61
42 43 44 61
40 61 70
40 61 69
40 61 68
40 61 68 69
40 61 67 68
40 54 61 68
40 53 54 61
40 52 61
40 42 61
36 78 79
36 61 69
36 61 67 68
36 53
36 42 61
35 69
35 67 68
35 42
34 35 78 79
34 35 61 69
34 35 61 67 68
34 35 53
34 35 42 61
28 61 67
28 61 65 66
28 40 61
27 78 79
27 61 69
27 61 67 68
27 53
27 42 61
25
23 69
23 67 68
23 42
23 24
22 69
22 67 68
22 42
22 36 69
22 36 67 68
22 36 42
20 36
20 36 69
20 36 67 68
20 36 42
20 22 34 69
20 22 34 67 68
20 22 34 42
18 78 79
18 61 69
18 61 67 68
18 53
18 42 61
10
10 61 67
10 61 65 66
10 40 61
9 78 79
9 61 69
9 61 67 68
9 53
9 42 61
8 9 61 67
8 9 61 65 66
8 9 40 61
7 61 67
7 61 65 66
7 40 61
1 63 67 78 79
1 63 65 66 78 79
1 61 69 78 79
1 61 67 78 79
1 61 67 68 78 79
1 61 65 66 78 79
1 61 62 67 78 79
1 61 62 65 66 78 79
1 55 61 69 78 79
1 55 61 67 68 78 79
1 54 67 78 79
1 54 65 66 78 79
1 53 63 67
1 53 63 65 66
1 53 61 69
1 53 61 67
1 53 61 67 68
1 53 61 65 66
1 53 61 62 67
1 53 61 62 65 66
1 53 55 61 69
1 53 55 61 67 68
1 53 54 67
1 53 54 65 66
1 45 67 78 79
1 45 65 66 78 79
1 45 53 67
1 45 53 65 66
1 43 44 67 78 79
1 43 44 65 66 78 79
1 43 44 53 67
1 43 44 53 65 66
1 42 61 78 79
1 42 55 61 78 79
1 42 53 61
1 42 53 55 61
1 40 63 78 79
1 40 61 78 79
1 40 61 62 78 79
1 40 54 78 79
1 40 53 63
1 40 53 61
1 40 53 61 62
1 40 53 54
1 40 45 78 79
1 40 45 53
1 40 43 44 78 79
1 40 43 44 53
1 36 67 78 79
1 36 65 66 78 79
1 36 53 67
1 36 53 65 66
1 36 40 78 79
1 36 40 53
1 34 35 67 78 79
1 34 35 65 66 78 79
1 34 35 53 67
1 34 35 53 65 66
1 34 35 40 78 79
1 34 35 40 53
1 20 69
1 20 67 68
1 20 42
1 18 67 78 79
1 18 65 66 78 79
1 18 53 67
1 18 53 65 66
1 18 40 78 79
1 18 40 53
1 9 67 78 79
1 9 65 66 78 79
1 9 53 67
1 9 53 65 66
1 9 40 78 79
1 9 40 53
0 61 67 68
0 61 65 66 68
0 40 61 68
42 57 59 73 75
42 57 59 73 74
42 57 59 71 72 75
42 57 59 71 72 73 74
42 57 59 60 73 75
42 57 59 60 73 74
42 57 59 60 71 72 75
42 57 59 60 71 72 73 74
42 48 57 59 73 75
42 48 57 59 73 74
42 48 57 59 71 72 75
42 48 57 59 71 72 73 74
42 48 57 59 60 73 75
42 48 57 59 60 73 74
42 48 57 59 60 71 72 75
42 48 57 59 60 71 72 73 74
42 46 57 59 75
42 46 57 59 73 74
42 46 57 59 60 75
42 46 57 59 60 73 74
42 46 48 57 59 75
42 46 48 57 59 73 74
42 46 48 57 59 60 75
42 46 48 57 59 60 73 74
42 46 47 57 59 75
42 46 47 57 59 73 75
42 46 47 57 59 71 72 75
42 46 47 57 59 71 72 73 74
42 46 47 57 59 60 75
42 46 47 57 59 60 73 75
42 46 47 57 59 60 71 72 75
42 46 47 57 59 60 71 72 73 74
42 46 47 48 57 59
42 46 47 48 57 59 73
42 46 47 48 57 59 71 72
42 46 47 48 57 59 60
42 46 47 48 57 59 60 73
42 46 47 48 57 59 60 71 72
40 41 57 59 73 75
40 41 57 59 73 74
40 41 57 59 71 72 75
40 41 57 59 71 72 73 74
40 41 57 59 60 73 75
40 41 57 59 60 73 74
40 41 57 59 60 71 72 75
40 41 57 59 60 71 72 73 74
40 41 48 57 59 73 75
40 41 48 57 59 73 74
40 41 48 57 59 71 72 75
40 41 48 57 59 71 72 73 74
40 41 48 57 59 60 73 75
40 41 48 57 59 60 73 74
40 41 48 57 59 60 71 72 75
40 41 48 57 59 60 71 72 73 74
40 41 46 57 59 75
40 41 46 57 59 73 74
40 41 46 57 59 60 75
40 41 46 57 59 60 73 74
40 41 46 48 57 59 75
40 41 46 48 57 59 73 74
40 41 46 48 57 59 60 75
40 41 46 48 57 59 60 73 74
40 41 46 47 57 59 75
40 41 46 47 57 59 73 75
40 41 46 47 57 59 71 72 75
40 41 46 47 57 59 71 72 73 74
40 41 46 47 57 59 60 75
40 41 46 47 57 59 60 73 75
40 41 46 47 57 59 60 71 72 75
40 41 46 47 57 59 60 71 72 73 74
40 41 46 47 48 57 59
40 41 46 47 48 57 59 73
40 41 46 47 48 57 59 71 72
40 41 46 47 48 57 59 60
40 41 46 47 48 57 59 60 73
40 41 46 47 48 57 59 60 71 72
21 42 57 59 73 75
21 42 57 59 73 74
21 42 57 59 71 72 75
21 42 57 59 71 72 73 74
21 42 57 59 60 73 75
21 42 57 59 60 73 74
21 42 57 59 60 71 72 75
21 42 57 59 60 71 72 73 74
21 42 48 57 59 73
21 42 48 57 59 71 72
21 42 48 57 59 60 73
21 42 48 57 59 60 71 72
21 42 46 57 59 75
21 42 46 57 59 73 74
21 42 46 57 59 60 75
21 42 46 57 59 60 73 74
21 42 46 48 57 59
21 42 46 48 57 59 60
21 40 41 57 59 73 75
21 40 41 57 59 73 74
21 40 41 57 59 71 72 75
21 40 41 57 59 71 72 73 74
21 40 41 57 59 60 73 75
21 40 41 57 59 60 73 74
21 40 41 57 59 60 71 72 75
21 40 41 57 59 60 71 72 73 74
21 40 41 48 57 59 73
21 40 41 48 57 59 71 72
21 40 41 48 57 59 60 73
21 40 41 48 57 59 60 71 72
21 40 41 46 57 59 75
21 40 41 46 57 59 73 74
21 40 41 46 57 59 60 75
21 40 41 46 57 59 60 73 74
21 40 41 46 48 57 59
21 40 41 46 48 57 59 60
18 42 57 59 73 75
18 42 57 59 73 74
18 42 57 59 71 72 75
18 42 57 59 71 72 73 74
18 42 48 57 59 73 75
18 42 48 57 59 73 74
18 42 48 57 59 71 72 75
18 42 48 57 59 71 72 73 74
18 42 46 57 59 75
18 42 46 57 59 73 74
18 42 46 48 57 59 75
18 42 46 48 57 59 73 74
18 42 46 47 57 59 75
18 42 46 47 57 59 73 75
18 42 46 47 57 59 71 72 75
18 42 46 47 57 59 71 72 73 74
18 42 46 47 48 57 59
18 42 46 47 48 57 59 73
18 42 46 47 48 57 59 71 72
18 40 41 57 59 73 75
18 40 41 57 59 73 74
18 40 41 57 59 71 72 75
18 40 41 57 59 71 72 73 74
18 40 41 48 57 59 73 75
18 40 41 48 57 59 73 74
18 40 41 48 57 59 71 72 75
18 40 41 48 57 59 71 72 73 74
18 40 41 46 57 59 75
18 40 41 46 57 59 73 74
18 40 41 46 48 57 59 75
18 40 41 46 48 57 59 73 74
18 40 41 46 47 57 59 75
18 40 41 46 47 57 59 73 75
18 40 41 46 47 57 59 71 72 75
18 40 41 46 47 57 59 71 72 73 74
18 40 41 46 47 48 57 59
18 40 41 46 47 48 57 59 73
18 40 41 46 47 48 57 59 71 72
18 21 42 57 59 73 75
18 21 42 57 59 73 74
18 21 42 57 59 71 72 75
18 21 42 57 59 71 72 73 74
18 21 42 48 57 59 73
18 21 42 48 57 59 71 72
18 21 42 46 57 59 75
18 21 42 46 57 59 73 74
18 21 42 46 48 57 59
18 21 40 41 57 59 73 75
18 21 40 41 57 59 73 74
18 21 40 41 57 59 71 72 75
18 21 40 41 57 59 71 72 73 74
18 21 40 41 48 57 59 73
18 21 40 41 48 57 59 71 72
18 21 40 41 46 57 59 75
18 21 40 41 46 57 59 73 74
18 21 40 41 46 48 57 59
16 17 42 57 59 73 75
16 17 42 57 59 73 74
16 17 42 57 59 71 72 75
16 17 42 57 59 71 72 73 74
16 17 42 48 57 59 73 75
16 17 42 48 57 59 73 74
16 17 42 48 57 59 71 72 75
16 17 42 48 57 59 71 72 73 74
16 17 42 46 57 59 75
16 17 42 46 57 59 73 74
16 17 42 46 48 57 59 75
16 17 42 46 48 57 59 73 74
16 17 42 46 47 57 59 75
16 17 42 46 47 57 59 73 75
16 17 42 46 47 57 59 71 72 75
16 17 42 46 47 57 59 71 72 73 74
16 17 42 46 47 48 57 59
16 17 42 46 47 48 57 59 73
16 17 42 46 47 48 57 59 71 72
16 17 40 41 57 59 73 75
16 17 40 41 57 59 73 74
16 17 40 41 57 59 71 72 75
16 17 40 41 57 59 71 72 73 74
16 17 40 41 48 57 59 73 75
16 17 40 41 48 57 59 73 74
16 17 40 41 48 57 59 71 72 75
16 17 40 41 48 57 59 71 72 73 74
16 17 40 41 46 57 59 75
16 17 40 41 46 57 59 73 74
16 17 40 41 46 48 57 59 75
16 17 40 41 46 48 57 59 73 74
16 17 40 41 46 47 57 59 75
16 17 40 41 46 47 57 59 73 75
16 17 40 41 46 47 57 59 71 72 75
16 17 40 41 46 47 57 59 71 72 73 74
16 17 40 41 46 47 48 57 59
16 17 40 41 46 47 48 57 59 73
16 17 40 41 46 47 48 57 59 71 72
16 17 21 42 57 59 73 75
16 17 21 42 57 59 73 74
16 17 21 42 57 59 71 72 75
16 17 21 42 57 59 71 72 73 74
16 17 21 42 48 57 59 73
16 17 21 42 48 57 59 71 72
16 17 21 42 46 57 59 75
16 17 21 42 46 57 59 73 74
16 17 21 42 46 48 57 59
16 17 21 40 41 57 59 73 75
16 17 21 40 41 57 59 73 74
16 17 21 40 41 57 59 71 72 75
16 17 21 40 41 57 59 71 72 73 74
16 17 21 40 41 48 57 59 73
16 17 21 40 41 48 57 59 71 72
16 17 21 40 41 46 57 59 75
16 17 21 40 41 46 57 59 73 74
16 17 21 40 41 46 48 57 59
15 57 59 73 75
15 57 59 73 74
15 57 59 71 72 75
15 57 59 71 72 73 74
15 57 59 60 73 75
15 57 59 60 73 74
15 57 59 60 71 72 75
15 57 59 60 71 72 73 74
15 48 57 59 73 75
15 48 57 59 73 74
15 48 57 59 71 72 75
15 48 57 59 71 72 73 74
15 48 57 59 60 73 75
15 48 57 59 60 73 74
15 48 57 59 60 71 72 75
15 48 57 59 60 71 72 73 74
15 46 57 59 75
15 46 57 59 73 74
15 46 57 59 60 75
15 46 57 59 60 73 74
15 46 48 57 59 75
15 46 48 57 59 73 74
15 46 48 57 59 60 75
15 46 48 57 59 60 73 74
15 46 47 57 59 75
15 46 47 57 59 73 75
15 46 47 57 59 71 72 75
15 46 47 57 59 71 72 73 74
15 46 47 57 59 60 75
15 46 47 57 59 60 73 75
15 46 47 57 59 60 71 72 75
15 46 47 57 59 60 71 72 73 74
15 46 47 48 57 59
15 46 47 48 57 59 73
15 46 47 48 57 59 71 72
15 46 47 48 57 59 60
15 46 47 48 57 59 60 73
15 46 47 48 57 59 60 71 72
15 21 57 59 73 75
15 21 57 59 73 74
15 21 57 59 71 72 75
15 21 57 59 71 72 73 74
15 21 57 59 60 73 75
15 21 57 59 60 73 74
15 21 57 59 60 71 72 75
15 21 57 59 60 71 72 73 74
15 21 48 57 59 73
15 21 48 57 59 71 72
15 21 48 57 59 60 73
15 21 48 57 59 60 71 72
15 21 46 57 59 75
15 21 46 57 59 73 74
15 21 46 57 59 60 75
15 21 46 57 59 60 73 74
15 21 46 48 57 59
15 21 46 48 57 59 60
15 18 57 59 73 75
15 18 57 59 73 74
15 18 57 59 71 72 75
15 18 57 59 71 72 73 74
15 18 48 57 59 73 75
15 18 48 57 59 73 74
15 18 48 57 59 71 72 75
15 18 48 57 59 71 72 73 74
15 18 46 57 59 75
15 18 46 57 59 73 74
15 18 46 48 57 59 75
15 18 46 48 57 59 73 74
15 18 46 47 57 59 75
15 18 46 47 57 59 73 75
15 18 46 47 57 59 71 72 75
15 18 46 47 57 59 71 72 73 74
15 18 46 47 48 57 59
15 18 46 47 48 57 59 73
15 18 46 47 48 57 59 71 72
15 18 21 57 59 73 75
15 18 21 57 59 73 74
15 18 21 57 59 71 72 75
15 18 21 57 59 71 72 73 74
15 18 21 48 57 59 73
15 18 21 48 57 59 71 72
15 18 21 46 57 59 75
15 18 21 46 57 59 73 74
15 18 21 46 48 57 59
15 16 17 57 59 73 75
15 16 17 57 59 73 74
15 16 17 57 59 71 72 75
15 16 17 57 59 71 72 73 74
15 16 17 48 57 59 73 75
15 16 17 48 57 59 73 74
15 16 17 48 57 59 71 72 75
15 16 17 48 57 59 71 72 73 74
15 16 17 46 57 59 75
15 16 17 46 57 59 73 74
15 16 17 46 48 57 59 75
15 16 17 46 48 57 59 73 74
15 16 17 46 47 57 59 75
15 16 17 46 47 57 59 73 75
15 16 17 46 47 57 59 71 72 75
15 16 17 46 47 57 59 71 72 73 74
15 16 17 46 47 48 57 59
15 16 17 46 47 48 57 59 73
15 16 17 46 47 48 57 59 71 72
15 16 17 21 57 59 73 75
15 16 17 21 57 59 73 74
15 16 17 21 57 59 71 72 75
15 16 17 21 57 59 71 72 73 74
15 16 17 21 48 57 59 73
15 16 17 21 48 57 59 71 72
15 16 17 21 46 57 59 75
15 16 17 21 46 57 59 73 74
15 16 17 21 46 48 57 59
42 57 59 60 73 78
42 57 59 60 73 76 77
42 57 59 60 71 72 78
42 57 59 60 71 72 76 77
42 51 57 59 60 73
42 51 57 59 60 71 72
42 48 57 59 73 78
42 48 57 59 73 76 77
42 48 57 59 71 72 78
42 48 57 59 71 72 76 77
42 48 57 59 60 73 78
42 48 57 59 60 73 76 77
42 48 57 59 60 71 72 78
42 48 57 59 60 71 72 76 77
42 48 51 57 59 73
42 48 51 57 59 71 72
42 48 51 57 59 60 73
42 48 51 57 59 60 71 72
42 46 57 59 60 78
42 46 57 59 60 76 77
42 46 51 57 59 60
42 46 48 57 59 78
42 46 48 57 59 76 77
42 46 48 57 59 60 78
42 46 48 57 59 60 76 77
42 46 48 51 57 59
42 46 48 51 57 59 60
42 46 47 57 59 78
42 46 47 57 59 76 77
42 46 47 57 59 73 78
42 46 47 57 59 73 76 77
42 46 47 57 59 71 72 78
42 46 47 57 59 71 72 76 77
42 46 47 57 59 60 78
42 46 47 57 59 60 76 77
42 46 47 57 59 60 73 78
42 46 47 57 59 60 73 76 77
42 46 47 57 59 60 71 72 78
42 46 47 57 59 60 71 72 76 77
42 46 47 51 57 59
42 46 47 51 57 59 73
42 46 47 51 57 59 71 72
42 46 47 51 57 59 60
42 46 47 51 57 59 60 73
42 46 47 51 57 59 60 71 72
40 41 57 59 60 73 78
40 41 57 59 60 73 76 77
40 41 57 59 60 71 72 78
40 41 57 59 60 71 72 76 77
40 41 51 57 59 60 73
40 41 51 57 59 60 71 72
40 41 48 57 59 73 78
40 41 48 57 59 73 76 77
40 41 48 57 59 71 72 78
40 41 48 57 59 71 72 76 77
40 41 48 57 59 60 73 78
40 41 48 57 59 60 73 76 77
40 41 48 57 59 60 71 72 78
40 41 48 57 59 60 71 72 76 77
40 41 48 51 57 59 73
40 41 48 51 57 59 71 72
40 41 48 51 57 59 60 73
40 41 48 51 57 59 60 71 72
40 41 46 57 59 60 78
40 41 46 57 59 60 76 77
40 41 46 51 57 59 60
40 41 46 48 57 59 78
40 41 46 48 57 59 76 77
40 41 46 48 57 59 60 78
40 41 46 48 57 59 60 76 77
40 41 46 48 51 57 59
40 41 46 48 51 57 59 60
40 41 46 47 57 59 78
40 41 46 47 57 59 76 77
40 41 46 47 57 59 73 78
40 41 46 47 57 59 73 76 77
40 41 46 47 57 59 71 72 78
40 41 46 47 57 59 71 72 76 77
40 41 46 47 57 59 60 78
40 41 46 47 57 59 60 76 77
40 41 46 47 57 59 60 73 78
40 41 46 47 57 59 60 73 76 77
40 41 46 47 57 59 60 71 72 78
40 41 46 47 57 59 60 71 72 76 77
40 41 46 47 51 57 59
40 41 46 47 51 57 59 73
40 41 46 47 51 57 59 71 72
40 41 46 47 51 57 59 60
40 41 46 47 51 57 59 60 73
40 41 46 47 51 57 59 60 71 72
21 42 57 59 73 78
21 42 57 59 73 76 77
21 42 57 59 71 72 78
21 42 57 59 71 72 76 77
21 42 57 59 60 73 78
21 42 57 59 60 73 76 77
21 42 57 59 60 71 72 78
21 42 57 59 60 71 72 76 77
21 42 51 57 59 73
21 42 51 57 59 71 72
21 42 51 57 59 60 73
21 42 51 57 59 60 71 72
21 42 46 57 59 78
21 42 46 57 59 76 77
21 42 46 57 59 60 78
21 42 46 57 59 60 76 77
21 42 46 51 57 59
21 42 46 51 57 59 60
21 40 41 57 59 73 78
21 40 41 57 59 73 76 77
21 40 41 57 59 71 72 78
21 40 41 57 59 71 72 76 77
21 40 41 57 59 60 73 78
21 40 41 57 59 60 73 76 77
21 40 41 57 59 60 71 72 78
21 40 41 57 59 60 71 72 76 77
21 40 41 51 57 59 73
21 40 41 51 57 59 71 72
21 40 41 51 57 59 60 73
21 40 41 51 57 59 60 71 72
21 40 41 46 57 59 78
21 40 41 46 57 59 76 77
21 40 41 46 57 59 60 78
21 40 41 46 57 59 60 76 77
21 40 41 46 51 57 59
21 40 41 46 51 57 59 60
18 42 57 59 73 78
18 42 57 59 73 76 77
18 42 57 59 71 72 78
18 42 57 59 71 72 76 77
18 42 51 57 59 73
18 42 51 57 59 71 72
18 42 48 57 59 73 78
18 42 48 57 59 73 76 77
18 42 48 57 59 71 72 78
18 42 48 57 59 71 72 76 77
18 42 48 51 57 59 73
18 42 48 51 57 59 71 72
18 42 46 57 59 78
18 42 46 57 59 76 77
18 42 46 51 57 59
18 42 46 48 57 59 78
18 42 46 48 57 59 76 77
18 42 46 48 51 57 59
18 42 46 47 57 59 78
18 42 46 47 57 59 76 77
18 42 46 47 57 59 73 78
18 42 46 47 57 59 73 76 77
18 42 46 47 57 59 71 72 78
18 42 46 47 57 59 71 72 76 77
18 42 46 47 51 57 59
18 42 46 47 51 57 59 73
18 42 46 47 51 57 59 71 72
18 40 41 57 59 73 78
18 40 41 57 59 73 76 77
18 40 41 57 59 71 72 78
18 40 41 57 59 71 72 76 77
18 40 41 51 57 59 73
18 40 41 51 57 59 71 72
18 40 41 48 57 59 73 78
18 40 41 48 57 59 73 76 77
18 40 41 48 57 59 71 72 78
18 40 41 48 57 59 71 72 76 77
18 40 41 48 51 57 59 73
18 40 41 48 51 57 59 71 72
18 40 41 46 57 59 78
18 40 41 46 57 59 76 77
18 40 41 46 51 57 59
18 40 41 46 48 57 59 78
18 40 41 46 48 57 59 76 77
18 40 41 46 48 51 57 59
18 40 41 46 47 57 59 78
18 40 41 46 47 57 59 76 77
18 40 41 46 47 57 59 73 78
18 40 41 46 47 57 59 73 76 77
18 40 41 46 47 57 59 71 72 78
18 40 41 46 47 57 59 71 72 76 77
18 40 41 46 47 51 57 59
18 40 41 46 47 51 57 59 73
18 40 41 46 47 51 57 59 71 72
18 21 42 57 59 73 78
18 21 42 57 59 73 76 77
18 21 42 57 59 71 72 78
18 21 42 57 59 71 72 76 77
18 21 42 51 57 59 73
18 21 42 51 57 59 71 72
18 21 42 46 57 59 78
18 21 42 46 57 59 76 77
18 21 42 46 51 57 59
18 21 40 41 57 59 73 78
18 21 40 41 57 59 73 76 77
18 21 40 41 57 59 71 72 78
18 21 40 41 57 59 71 72 76 77
18 21 40 41 51 57 59 73
18 21 40 41 51 57 59 71 72
18 21 40 41 46 57 59 78
18 21 40 41 46 57 59 76 77
18 21 40 41 46 51 57 59
16 17 42 57 59 73 78
16 17 42 57 59 73 76 77
16 17 42 57 59 71 72 78
16 17 42 57 59 71 72 76 77
16 17 42 51 57 59 73
16 17 42 51 57 59 71 72
16 17 42 48 57 59 73 78
16 17 42 48 57 59 73 76 77
16 17 42 48 57 59 71 72 78
16 17 42 48 57 59 71 72 76 77
16 17 42 48 51 57 59 73
16 17 42 48 51 57 59 71 72
16 17 42 46 57 59 78
16 17 42 46 57 59 76 77
16 17 42 46 51 57 59
16 17 42 46 48 57 59 78
16 17 42 46 48 57 59 76 77
16 17 42 46 48 51 57 59
16 17 42 46 47 57 59 78
16 17 42 46 47 57 59 76 77
16 17 42 46 47 57 59 73 78
16 17 42 46 47 57 59 73 76 77
16 17 42 46 47 57 59 71 72 78
16 17 42 46 47 57 59 71 72 76 77
16 17 42 46 47 51 57 59
16 17 42 46 47 51 57 59 73
16 17 42 46 47 51 57 59 71 72
16 17 40 41 57 59 73 78
16 17 40 41 57 59 73 76 77
16 17 40 41 57 59 71 72 78
16 17 40 41 57 59 71 72 76 77
16 17 40 41 51 57 59 73
16 17 40 41 51 57 59 71 72
16 17 40 41 48 57 59 73 78
16 17 40 41 48 57 59 73 76 77
16 17 40 41 48 57 59 71 72 78
16 17 40 41 48 57 59 71 72 76 77
16 17 40 41 48 51 57 59 73
16 17 40 41 48 51 57 59 71 72
16 17 40 41 46 57 59 78
16 17 40 41 46 57 59 76 77
16 17 40 41 46 51 57 59
16 17 40 41 46 48 57 59 78
16 17 40 41 46 48 57 59 76 77
16 17 40 41 46 48 51 57 59
16 17 40 41 46 47 57 59 78
16 17 40 41 46 47 57 59 76 77
16 17 40 41 46 47 57 59 73 78
16 17 40 41 46 47 57 59 73 76 77
16 17 40 41 46 47 57 59 71 72 78
16 17 40 41 46 47 57 59 71 72 76 77
16 17 40 41 46 47 51 57 59
16 17 40 41 46 47 51 57 59 73
16 17 40 41 46 47 51 57 59 71 72
16 17 21 42 57 59 73 78
16 17 21 42 57 59 73 76 77
16 17 21 42 57 59 71 72 78
16 17 21 42 57 59 71 72 76 77
16 17 21 42 51 57 59 73
16 17 21 42 51 57 59 71 72
16 17 21 42 46 57 59 78
16 17 21 42 46 57 59 76 77
16 17 21 42 46 51 57 59
16 17 21 40 41 57 59 73 78
16 17 21 40 41 57 59 73 76 77
16 17 21 40 41 57 59 71 72 78
16 17 21 40 41 57 59 71 72 76 77
16 17 21 40 41 51 57 59 73
16 17 21 40 41 51 57 59 71 72
16 17 21 40 41 46 57 59 78
16 17 21 40 41 46 57 59 76 77
16 17 21 40 41 46 51 57 59
15 57 59 60 73 78
15 57 59 60 73 76 77
15 57 59 60 71 72 78
15 57 59 60 71 72 76 77
15 51 57 59 60 73
15 51 57 59 60 71 72
15 48 57 59 73 78
15 48 57 59 73 76 77
15 48 57 59 71 72 78
15 48 57 59 71 72 76 77
15 48 57 59 60 73 78
15 48 57 59 60 73 76 77
15 48 57 59 60 71 72 78
15 48 57 59 60 71 72 76 77
15 48 51 57 59 73
15 48 51 57 59 71 72
15 48 51 57 59 60 73
15 48 51 57 59 60 71 72
15 46 57 59 60 78
15 46 57 59 60 76 77
15 46 51 57 59 60
15 46 48 57 59 78
15 46 48 57 59 76 77
15 46 48 57 59 60 78
15 46 48 57 59 60 76 77
15 46 48 51 57 59
15 46 48 51 57 59 60
15 46 47 57 59 78
15 46 47 57 59 76 77
15 46 47 57 59 73 78
15 46 47 57 59 73 76 77
15 46 47 57 59 71 72 78
15 46 47 57 59 71 72 76 77
15 46 47 57 59 60 78
15 46 47 57 59 60 76 77
15 46 47 57 59 60 73 78
15 46 47 57 59 60 73 76 77
15 46 47 57 59 60 71 72 78
15 46 47 57 59 60 71 72 76 77
15 46 47 51 57 59
15 46 47 51 57 59 73
15 46 47 51 57 59 71 72
15 46 47 51 57 59 60
15 46 47 51 57 59 60 73
15 46 47 51 57 59 60 71 72
15 21 57 59 73 78
15 21 57 59 73 76 77
15 21 57 59 71 72 78
15 21 57 59 71 72 76 77
15 21 57 59 60 73 78
15 21 57 59 60 73 76 77
15 21 57 59 60 71 72 78
15 21 57 59 60 71 72 76 77
15 21 51 57 59 73
15 21 51 57 59 71 72
15 21 51 57 59 60 73
15 21 51 57 59 60 71 72
15 21 46 57 59 78
15 21 46 57 59 76 77
15 21 46 57 59 60 78
15 21 46 57 59 60 76 77
15 21 46 51 57 59
15 21 46 51 57 59 60
15 18 57 59 73 78
15 18 57 59 73 76 77
15 18 57 59 71 72 78
15 18 57 59 71 72 76 77
15 18 51 57 59 73
15 18 51 57 59 71 72
15 18 48 57 59 73 78
15 18 48 57 59 73 76 77
15 18 48 57 59 71 72 78
15 18 48 57 59 71 72 76 77
15 18 48 51 57 59 73
15 18 48 51 57 59 71 72
15 18 46 57 59 78
15 18 46 57 59 76 77
15 18 46 51 57 59
15 18 46 48 57 59 78
15 18 46 48 57 59 76 77
15 18 46 48 51 57 59
15 18 46 47 57 59 78
15 18 46 47 57 59 76 77
15 18 46 47 57 59 73 78
15 18 46 47 57 59 73 76 77
15 18 46 47 57 59 71 72 78
15 18 46 47 57 59 71 72 76 77
15 18 46 47 51 57 59
15 18 46 47 51 57 59 73
15 18 46 47 51 57 59 71 72
15 18 21 57 59 73 78
15 18 21 57 59 73 76 77
15 18 21 57 59 71 72 78
15 18 21 57 59 71 72 76 77
15 18 21 51 57 59 73
15 18 21 51 57 59 71 72
15 18 21 46 57 59 78
15 18 21 46 57 59 76 77
15 18 21 46 51 57 59
15 16 17 57 59 73 78
15 16 17 57 59 73 76 77
15 16 17 57 59 71 72 78
15 16 17 57 59 71 72 76 77
15 16 17 51 57 59 73
15 16 17 51 57 59 71 72
15 16 17 48 57 59 73 78
15 16 17 48 57 59 73 76 77
15 16 17 48 57 59 71 72 78
15 16 17 48 57 59 71 72 76 77
15 16 17 48 51 57 59 73
15 16 17 48 51 57 59 71 72
15 16 17 46 57 59 78
15 16 17 46 57 59 76 77
15 16 17 46 51 57 59
15 16 17 46 48 57 59 78
15 16 17 46 48 57 59 76 77
15 16 17 46 48 51 57 59
15 16 17 46 47 57 59 78
15 16 17 46 47 57 59 76 77
15 16 17 46 47 57 59 73 78
15 16 17 46 47 57 59 73 76 77
15 16 17 46 47 57 59 71 72 78
15 16 17 46 47 57 59 71 72 76 77
15 16 17 46 47 51 57 59
15 16 17 46 47 51 57 59 73
15 16 17 46 47 51 57 59 71 72
15 16 17 21 57 59 73 78
15 16 17 21 57 59 73 76 77
15 16 17 21 57 59 71 72 78
15 16 17 21 57 59 71 72 76 77
15 16 17 21 51 57 59 73
15 16 17 21 51 57 59 71 72
15 16 17 21 46 57 59 78
15 16 17 21 46 57 59 76 77
15 16 17 21 46 51 57 59
57 59 73 78 79
57 59 71 72 78 79
53 57 59 73
53 57 59 71 72
48 57 59 73 78 79
48 57 59 71 72 78 79
48 53 57 59 73
48 53 57 59 71 72
46 57 59 78 79
46 53 57 59
46 48 57 59 78 79
46 48 53 57 59
46 47 57 59 78 79
46 47 57 59 73 78 79
46 47 57 59 71 72 78 79
46 47 53 57 59
46 47 53 57 59 73
46 47 53 57 59 71 72
21 57 59 73 78 79
21 57 59 71 72 78 79
21 53 57 59 73
21 53 57 59 71 72
21 46 57 59 78 79
21 46 53 57 59
57 73
57 71 72
46 57
29 57 73
29 57 71 72
29 46 57
27 28 57 73
27 28 57 71 72
27 28 46 57
2 57 73
2 57 71 72
2 46 57
59 73
59 71 73
59 69 70 73
59 69 70 71 72
57 59 75
57 59 73 76
57 59 73 75
57 59 73 74 75
57 59 71 72 76
57 59 71 72 75
57 59 71 72 74 75
57 59 71 72 73 74
57 59 60 75
57 59 60 73
57 59 60 73 74
57 59 60 71 72
57 58 59 75
57 58 59 73
57 58 59 73 74
57 58 59 71 72
57 58 59 60 73
57 58 59 60 71 72
49 57 59 73
49 57 59 71 72
48 59 73
48 59 71 73
48 59 69 70 73
48 59 69 70 71 72
48 57 59 75
48 57 59 73 76
48 57 59 73 75
48 57 59 73 74 75
48 57 59 71 72 76
48 57 59 71 72 75
48 57 59 71 72 74 75
48 57 59 71 72 73 74
48 57 59 60 75
48 57 59 60 73
48 57 59 60 73 74
48 57 59 60 71 72
48 57 58 59 75
48 57 58 59 73
48 57 58 59 73 74
48 57 58 59 71 72
48 57 58 59 60 73
48 57 58 59 60 71 72
48 49 57 59 73
48 49 57 59 71 72
46 59
46 59 71
46 59 69 70
46 57 59 76
46 57 59 75
46 57 59 74 75
46 57 59 73
46 57 59 73 74
46 57 59 71 72
46 57 59 60
46 57 58 59
46 57 58 59 60
46 49 57 59
46 48 59
46 48 59 71
46 48 59 69 70
46 48 57 59 76
46 48 57 59 75
46 48 57 59 74 75
46 48 57 59 73
46 48 57 59 73 74
46 48 57 59 71 72
46 48 57 59 60
46 48 57 58 59
46 48 57 58 59 60
46 48 49 57 59
46 47 59
46 47 59 73
46 47 59 71
46 47 59 71 73
46 47 59 69 70
46 47 59 69 70 73
46 47 59 69 70 71 72
46 47 57 59 76
46 47 57 59 74 75
46 47 57 59 73 76
46 47 57 59 73 75
46 47 57 59 73 74
46 47 57 59 73 74 75
46 47 57 59 71 72 76
46 47 57 59 71 72 75
46 47 57 59 71 72 74 75
46 47 57 59 71 72 73 74
46 47 57 59 60
46 47 57 59 60 75
46 47 57 59 60 73
46 47 57 59 60 73 74
46 47 57 59 60 71 72
46 47 57 58 59
46 47 57 58 59 75
46 47 57 58 59 73
46 47 57 58 59 73 74
46 47 57 58 59 71 72
46 47 57 58 59 60
46 47 57 58 59 60 73
46 47 57 58 59 60 71 72
46 47 49 57 59
46 47 49 57 59 73
46 47 49 57 59 71 72
46 47 48 57 59 73
46 47 48 57 59 71 72
46 47 48 57 59 60
46 47 48 57 58 59
44 59 73
44 59 71 72
44 48 59 73
44 48 59 71 72
44 46 59
44 46 48 59
44 46 47 59
44 46 47 59 73
44 46 47 59 71 72
44 45 57 59 73
44 45 57 59 71 72
44 45 48 57 59 73
44 45 48 57 59 71 72
44 45 46 57 59
44 45 46 48 57 59
44 45 46 47 57 59
44 45 46 47 57 59 73
44 45 46 47 57 59 71 72
33 57 59 75
33 57 59 73
33 57 59 73 74
33 57 59 71 72
33 57 58 59 73
33 57 58 59 71 72
33 48 57 59 75
33 48 57 59 73
33 48 57 59 73 74
33 48 57 59 71 72
33 48 57 58 59 73
33 48 57 58 59 71 72
33 46 57 59
33 46 57 58 59
33 46 48 57 59
33 46 48 57 58 59
33 46 47 57 59
33 46 47 57 59 75
33 46 47 57 59 73
33 46 47 57 59 73 74
33 46 47 57 59 71 72
33 46 47 57 58 59
33 46 47 57 58 59 73
33 46 47 57 58 59 71 72
33 46 47 48 57 59
32 57 59 60 73
32 57 59 60 71 72
32 57 58 59 73
32 57 58 59 71 72
32 48 57 59 60 73
32 48 57 59 60 71 72
32 48 57 58 59 73
32 48 57 58 59 71 72
32 46 57 59 60
32 46 57 58 59
32 46 48 57 59 60
32 46 48 57 58 59
32 46 47 57 59 60
32 46 47 57 59 60 73
32 46 47 57 59 60 71 72
32 46 47 57 58 59
32 46 47 57 58 59 73
32 46 47 57 58 59 71 72
32 33 57 59 73
32 33 57 59 71 72
32 33 48 57 59 73
32 33 48 57 59 71 72
32 33 46 57 59
32 33 46 48 57 59
32 33 46 47 57 59
32 33 46 47 57 59 73
32 33 46 47 57 59 71 72
21 59 73
21 59 71 73
21 59 69 70 73
21 59 69 70 71 72
21 57 59 75
21 57 59 73 76
21 57 59 73 75
21 57 59 73 74 75
21 57 59 71 72 76
21 57 59 71 72 75
21 57 59 71 72 74 75
21 57 59 71 72 73 74
21 57 59 60 75
21 57 59 60 73
21 57 59 60 73 74
21 57 59 60 71 72
21 57 58 59 75
21 57 58 59 73
21 57 58 59 73 74
21 57 58 59 71 72
21 57 58 59 60 73
21 57 58 59 60 71 72
21 49 57 59 73
21 49 57 59 71 72
21 48 57 59
21 48 57 59 73
21 48 57 59 71 72
21 48 57 59 60
21 48 57 58 59
21 46 59
21 46 59 71
21 46 59 69 70
21 46 57 59 76
21 46 57 59 75
21 46 57 59 74 75
21 46 57 59 73
21 46 57 59 73 74
21 46 57 59 71 72
21 46 57 59 60
21 46 57 58 59
21 46 57 58 59 60
21 46 49 57 59
21 46 48 57 59
21 44 59 73
21 44 59 71 72
21 44 46 59
21 44 45 57 59 73
21 44 45 57 59 71 72
21 44 45 46 57 59
21 33 57 59 75
21 33 57 59 73
21 33 57 59 73 74
21 33 57 59 71 72
21 33 57 58 59 73
21 33 57 58 59 71 72
21 33 48 57 59
21 33 46 57 59
21 33 46 57 58 59
21 32 57 59 60 73
21 32 57 59 60 71 72
21 32 57 58 59 73
21 32 57 58 59 71 72
21 32 46 57 59 60
21 32 46 57 58 59
21 32 33 57 59 73
21 32 33 57 59 71 72
21 32 33 46 57 59
19 57 59 73
19 57 59 71 72
19 48 57 59 73
19 48 57 59 71 72
19 46 57 59
19 46 48 57 59
19 46 47 57 59
19 46 47 57 59 73
19 46 47 57 59 71 72
19 21 57 59 73
19 21 57 59 71 72
19 21 46 57 59
68
68 69 71
68 69 70
67 68 71
67 68 69 70
55 69
55 67 68
55 61 69
55 61 67 68
44 68 69
44 67 68
42 68 71
42 68 69 70
42 55
42 55 61
42 44 68
38 67
38 65 66
38 40
36 67
36 65 66
36 61 67
36 61 65 66
36 40
36 40 61
31 42 57 59 73
31 42 57 59 71 72
31 42 46 57 59
31 40 41 57 59 73
31 40 41 57 59 71 72
31 40 41 46 57 59
29 30 42 57 59 73
29 30 42 57 59 71 72
29 30 42 46 57 59
29 30 40 41 57 59 73
29 30 40 41 57 59 71 72
29 30 40 41 46 57 59
15 31 57 59 73
15 31 57 59 71 72
15 31 46 57 59
15 29 30 57 59 73
15 29 30 57 59 71 72
15 29 30 46 57 59
4 42 57 59 73
4 42 57 59 71 72
4 42 46 57 59
4 40 41 57 59 73
4 40 41 57 59 71 72
4 40 41 46 57 59
4 15 57 59 73
4 15 57 59 71 72
4 15 46 57 59
