78 79
77 78 79
73
73 78 79
71
71 72
71 72 78 79
69
69 78 79
69 71
68
68 69
68 69 78 79
68 69 73
68 69 71 72
67
67 78 79
67 68
67 68 73
67 68 71
67 68 71 72
67 68 69 70
66
66 69
66 67 68
65 69 78 79
65 68 69
65 67
65 67 68
65 67 68 78 79
65 66 78 79
65 66 68
64
64 65
64 65 69
64 65 67 68
63 64 68 69
63 64 67
63 64 67 68
63 64 65 66
61 78 79
61 73 78 79
61 71 73
61 71 72
61 71 72 78 79
61 69
61 69 78 79
61 69 71 73
61 69 71 72
61 68 69
61 68 69 78 79
61 67
61 67 68 71 73
61 67 68 71 72
61 67 68 69 70 73
61 67 68 69 70 71 72
61 65 66
59
59 78 79
59 68 69 71
59 68 69 70
59 67 68 71
59 67 68 69 70
59 61
59 61 78 79
57 59 69
57 59 67 68
57 58
56 68 69
56 67
56 67 68
56 65 66
55 78 79
55 73
55 71
55 71 72
55 69
55 69 78 79
55 69 73
55 69 71 72
55 69 70
55 67 68
55 67 68 78 79
55 67 68 73
55 67 68 71 72
55 61
55 61 78 79
55 61 69 78 79
55 61 67 78 79
55 61 67 68 78 79
55 61 65 66 78 79
55 56 59 69
55 56 59 67 68
54 55 68 69
54 55 67
54 55 67 68
54 55 65 66
53
53 79
53 77 78
53 73
53 71 72
53 69
53 68 69
53 67
53 65 69
53 65 67 68
53 65 66
53 61
53 61 73
53 61 71 72
53 61 69
53 61 68 69
53 59
53 59 61
53 55
53 55 69
53 55 67 68
53 55 61
53 55 61 69
53 55 61 67
53 55 61 67 68
53 55 61 65 66
53 54
53 54 78 79
53 54 61
52 78 79
51
51 52
50 67
50 65 66
49 50
48 49 67
48 49 65 66
46
46 68 69
46 67 68
46 61 78 79
46 61 71
46 61 69 71
46 61 67 68 71
46 61 67 68 69 70
46 55
46 55 69
46 55 67 68
46 53 61
45 69
45 67 68
44 69
44 67 78 79
44 67 68
44 65 66 78 79
44 61 73
44 61 71 72
44 61 69 73
44 61 69 71 72
44 61 67 68 73
44 61 67 68 71 72
44 59 68 69
44 59 67 68
44 57 73
44 57 71 72
44 57 59 61 73 77
44 57 59 61 73 75 76
44 57 59 61 71 72 77
44 57 59 61 71 72 75 76
44 57 59 60 73 77
44 57 59 60 73 75 76
44 57 59 60 71 72 77
44 57 59 60 71 72 75 76
44 55
44 53 67
44 53 65 66
44 50 57 59 61 73
44 50 57 59 61 71 72
44 50 57 59 60 73
44 50 57 59 60 71 72
44 48 57 59 61 73 77
44 48 57 59 61 73 75 76
44 48 57 59 61 71 72 77
44 48 57 59 61 71 72 75 76
44 48 57 59 60 73 77
44 48 57 59 60 73 75 76
44 48 57 59 60 71 72 77
44 48 57 59 60 71 72 75 76
44 48 50 57 59 61 73
44 48 50 57 59 61 71 72
44 48 50 57 59 60 73
44 48 50 57 59 60 71 72
44 46 61
44 46 61 69
44 46 61 67 68
44 46 57
44 46 57 59 61 77
44 46 57 59 61 75 76
44 46 57 59 60 77
44 46 57 59 60 75 76
44 46 50 57 59 61
44 46 50 57 59 60
44 46 48 57 59 61 77
44 46 48 57 59 61 75 76
44 46 48 57 59 60 77
44 46 48 57 59 60 75 76
44 46 48 50 57 59 61
44 46 48 50 57 59 60
44 46 47 57 59 61 77
44 46 47 57 59 61 75 76
44 46 47 57 59 61 73 77
44 46 47 57 59 61 73 75 76
44 46 47 57 59 61 71 72 77
44 46 47 57 59 61 71 72 75 76
44 46 47 57 59 60 77
44 46 47 57 59 60 75 76
44 46 47 57 59 60 73 77
44 46 47 57 59 60 73 75 76
44 46 47 57 59 60 71 72 77
44 46 47 57 59 60 71 72 75 76
44 46 47 50 57 59 61
44 46 47 50 57 59 61 73
44 46 47 50 57 59 61 71 72
44 46 47 50 57 59 60
44 46 47 50 57 59 60 73
44 46 47 50 57 59 60 71 72
44 45 78 79
44 45 53
43 44
42
42 78 79
42 71
42 69 70
42 68
42 68 78 79
42 68 73
42 68 71 72
42 66
42 65 78 79
42 65 68
42 64 65
42 63 64 68
42 61
42 61 78 79
42 61 71 73
42 61 71 72
42 61 69 70 73
42 61 69 70 71 72
42 61 68
42 61 68 78 79
42 59 73
42 59 71 72
42 59 68 71
42 59 68 69 70
42 59 63 73 78
42 59 63 73 76 77
42 59 63 71 72 78
42 59 63 71 72 76 77
42 59 61 73 78 79
42 59 61 71 72 78 79
42 59 61 62 73 78
42 59 61 62 73 76 77
42 59 61 62 71 72 78
42 59 61 62 71 72 76 77
42 57 73
42 57 73 78
42 57 73 76 77
42 57 71 72
42 57 71 72 78
42 57 71 72 76 77
42 57 59
42 57 59 73 78
42 57 59 73 76 77
42 57 59 71 72 78
42 57 59 71 72 76 77
42 57 59 61 63 73 78 79
42 57 59 61 63 71 72 78 79
42 57 59 61 62 73 78 79
42 57 59 61 62 71 72 78 79
42 57 59 60 73
42 57 59 60 71 72
42 57 58 59 73
42 57 58 59 71 72
42 56 68
42 55
42 55 78 79
42 55 73
42 55 71 72
42 55 61 78 79
42 55 56 59
42 54 55 68
42 53
42 53 68
42 53 65
42 53 61
42 53 61 68
42 53 59 61 73
42 53 59 61 71 72
42 53 57 59 61 63 73
42 53 57 59 61 63 71 72
42 53 57 59 61 62 73
42 53 57 59 61 62 71 72
42 53 55
42 53 55 61
42 51 59 63 73
42 51 59 63 71 72
42 51 59 61 62 73
42 51 59 61 62 71 72
42 51 57 73
42 51 57 71 72
42 51 57 59 73
42 51 57 59 71 72
42 48 59 61 73 78
42 48 59 61 73 76 77
42 48 59 61 71 72 78
42 48 59 61 71 72 76 77
42 48 57 73 78
42 48 57 73 76 77
42 48 57 71 72 78
42 48 57 71 72 76 77
42 48 57 59 73 78
42 48 57 59 73 76 77
42 48 57 59 71 72 78
42 48 57 59 71 72 76 77
42 48 51 59 61 73
42 48 51 59 61 71 72
42 48 51 57 73
42 48 51 57 71 72
42 48 51 57 59 73
42 48 51 57 59 71 72
42 46 68
42 46 61 71
42 46 61 69 70
42 46 59
42 46 59 63 78
42 46 59 63 76 77
42 46 59 61 78 79
42 46 59 61 62 78
42 46 59 61 62 76 77
42 46 57
42 46 57 78
42 46 57 76 77
42 46 57 59 78
42 46 57 59 76 77
42 46 57 59 61 63 78 79
42 46 57 59 61 62 78 79
42 46 57 59 60
42 46 57 58 59
42 46 55
42 46 53 59 61
42 46 53 57 59 61 63
42 46 53 57 59 61 62
42 46 51 59 63
42 46 51 59 61 62
42 46 51 57
42 46 51 57 59
42 46 48 59 61 78
42 46 48 59 61 76 77
42 46 48 57 78
42 46 48 57 76 77
42 46 48 57 59 78
42 46 48 57 59 76 77
42 46 48 51 59 61
42 46 48 51 57
42 46 48 51 57 59
42 46 47 59 61 78
42 46 47 59 61 76 77
42 46 47 59 61 73 78
42 46 47 59 61 73 76 77
42 46 47 59 61 71 72 78
42 46 47 59 61 71 72 76 77
42 46 47 57 78
42 46 47 57 76 77
42 46 47 57 73 78
42 46 47 57 73 76 77
42 46 47 57 71 72 78
42 46 47 57 71 72 76 77
42 46 47 57 59 78
42 46 47 57 59 76 77
42 46 47 57 59 73 78
42 46 47 57 59 73 76 77
42 46 47 57 59 71 72 78
42 46 47 57 59 71 72 76 77
42 46 47 51 59 61
42 46 47 51 59 61 73
42 46 47 51 59 61 71 72
42 46 47 51 57
42 46 47 51 57 73
42 46 47 51 57 71 72
42 46 47 51 57 59
42 46 47 51 57 59 73
42 46 47 51 57 59 71 72
42 45
42 44
42 44 61 73
42 44 61 71 72
42 44 59 68
42 44 46 61
42 43
42 43 67 78 79
42 43 65 66 78 79
42 43 57 73
42 43 57 71 72
42 43 57 59 61 73 77
42 43 57 59 61 73 75 76
42 43 57 59 61 71 72 77
42 43 57 59 61 71 72 75 76
42 43 57 59 60 73 77
42 43 57 59 60 73 75 76
42 43 57 59 60 71 72 77
42 43 57 59 60 71 72 75 76
42 43 53 67
42 43 53 65 66
42 43 50 57 59 61 73
42 43 50 57 59 61 71 72
42 43 50 57 59 60 73
42 43 50 57 59 60 71 72
42 43 48 57 59 61 73 77
42 43 48 57 59 61 73 75 76
42 43 48 57 59 61 71 72 77
42 43 48 57 59 61 71 72 75 76
42 43 48 57 59 60 73 77
42 43 48 57 59 60 73 75 76
42 43 48 57 59 60 71 72 77
42 43 48 57 59 60 71 72 75 76
42 43 48 50 57 59 61 73
42 43 48 50 57 59 61 71 72
42 43 48 50 57 59 60 73
42 43 48 50 57 59 60 71 72
42 43 46 57
42 43 46 57 59 61 77
42 43 46 57 59 61 75 76
42 43 46 57 59 60 77
42 43 46 57 59 60 75 76
42 43 46 50 57 59 61
42 43 46 50 57 59 60
42 43 46 48 57 59 61 77
42 43 46 48 57 59 61 75 76
42 43 46 48 57 59 60 77
42 43 46 48 57 59 60 75 76
42 43 46 48 50 57 59 61
42 43 46 48 50 57 59 60
42 43 46 47 57 59 61 77
42 43 46 47 57 59 61 75 76
42 43 46 47 57 59 61 73 77
42 43 46 47 57 59 61 73 75 76
42 43 46 47 57 59 61 71 72 77
42 43 46 47 57 59 61 71 72 75 76
42 43 46 47 57 59 60 77
42 43 46 47 57 59 60 75 76
42 43 46 47 57 59 60 73 77
42 43 46 47 57 59 60 73 75 76
42 43 46 47 57 59 60 71 72 77
42 43 46 47 57 59 60 71 72 75 76
42 43 46 47 50 57 59 61
42 43 46 47 50 57 59 61 73
42 43 46 47 50 57 59 61 71 72
42 43 46 47 50 57 59 60
42 43 46 47 50 57 59 60 73
42 43 46 47 50 57 59 60 71 72
41 67
41 65 66
40
40 78 79
40 68
40 65
40 63 64
40 61
40 56
40 55 61 78 79
40 54 55
40 53
40 53 55 61
40 50
40 48 49
40 44 78 79
40 44 53
40 42 43 78 79
40 42 43 53
40 41
40 41 59 73
40 41 59 71 72
40 41 59 63 73 78
40 41 59 63 73 76 77
40 41 59 63 71 72 78
40 41 59 63 71 72 76 77
40 41 59 61 73 78 79
40 41 59 61 71 72 78 79
40 41 59 61 62 73 78
40 41 59 61 62 73 76 77
40 41 59 61 62 71 72 78
40 41 59 61 62 71 72 76 77
40 41 57 73
40 41 57 73 78
40 41 57 73 76 77
40 41 57 71 72
40 41 57 71 72 78
40 41 57 71 72 76 77
40 41 57 59 73 78
40 41 57 59 73 76 77
40 41 57 59 71 72 78
40 41 57 59 71 72 76 77
40 41 57 59 61 63 73 78 79
40 41 57 59 61 63 71 72 78 79
40 41 57 59 61 62 73 78 79
40 41 57 59 61 62 71 72 78 79
40 41 57 59 60 73
40 41 57 59 60 71 72
40 41 57 58 59 73
40 41 57 58 59 71 72
40 41 53 59 61 73
40 41 53 59 61 71 72
40 41 53 57 59 61 63 73
40 41 53 57 59 61 63 71 72
40 41 53 57 59 61 62 73
40 41 53 57 59 61 62 71 72
40 41 51 59 63 73
40 41 51 59 63 71 72
40 41 51 59 61 62 73
40 41 51 59 61 62 71 72
40 41 51 57 73
40 41 51 57 71 72
40 41 51 57 59 73
40 41 51 57 59 71 72
40 41 48 59 61 73 78
40 41 48 59 61 73 76 77
40 41 48 59 61 71 72 78
40 41 48 59 61 71 72 76 77
40 41 48 57 73 78
40 41 48 57 73 76 77
40 41 48 57 71 72 78
40 41 48 57 71 72 76 77
40 41 48 57 59 73 78
40 41 48 57 59 73 76 77
40 41 48 57 59 71 72 78
40 41 48 57 59 71 72 76 77
40 41 48 51 59 61 73
40 41 48 51 59 61 71 72
40 41 48 51 57 73
40 41 48 51 57 71 72
40 41 48 51 57 59 73
40 41 48 51 57 59 71 72
40 41 46 59
40 41 46 59 63 78
40 41 46 59 63 76 77
40 41 46 59 61 78 79
40 41 46 59 61 62 78
40 41 46 59 61 62 76 77
40 41 46 57
40 41 46 57 78
40 41 46 57 76 77
40 41 46 57 59 78
40 41 46 57 59 76 77
40 41 46 57 59 61 63 78 79
40 41 46 57 59 61 62 78 79
40 41 46 57 59 60
40 41 46 57 58 59
40 41 46 53 59 61
40 41 46 53 57 59 61 63
40 41 46 53 57 59 61 62
40 41 46 51 59 63
40 41 46 51 59 61 62
40 41 46 51 57
40 41 46 51 57 59
40 41 46 48 59 61 78
40 41 46 48 59 61 76 77
40 41 46 48 57 78
40 41 46 48 57 76 77
40 41 46 48 57 59 78
40 41 46 48 57 59 76 77
40 41 46 48 51 59 61
40 41 46 48 51 57
40 41 46 48 51 57 59
40 41 46 47 59 61 78
40 41 46 47 59 61 76 77
40 41 46 47 59 61 73 78
40 41 46 47 59 61 73 76 77
40 41 46 47 59 61 71 72 78
40 41 46 47 59 61 71 72 76 77
40 41 46 47 57 78
40 41 46 47 57 76 77
40 41 46 47 57 73 78
40 41 46 47 57 73 76 77
40 41 46 47 57 71 72 78
40 41 46 47 57 71 72 76 77
40 41 46 47 57 59 78
40 41 46 47 57 59 76 77
40 41 46 47 57 59 73 78
40 41 46 47 57 59 73 76 77
40 41 46 47 57 59 71 72 78
40 41 46 47 57 59 71 72 76 77
40 41 46 47 51 59 61
40 41 46 47 51 59 61 73
40 41 46 47 51 59 61 71 72
40 41 46 47 51 57
40 41 46 47 51 57 73
40 41 46 47 51 57 71 72
40 41 46 47 51 57 59
40 41 46 47 51 57 59 73
40 41 46 47 51 57 59 71 72
39
39 69
39 67 68
39 42
39 40
39 40 67
39 40 65 66
38
38 68 69
38 67
38 67 68
38 65 66
38 61 69 78 79
38 61 67
38 61 67 68 78 79
38 61 65 66
38 54 78 79
38 53 61 69
38 53 61 67 68
38 53 54
38 42 68
38 42 61 78 79
38 42 53 61
38 40
38 40 61
37 78 79
37 53
36 78 79
36 69
36 69 78 79
36 67
36 67 78 79
36 67 68
36 67 68 78 79
36 65 66
36 65 66 78 79
36 61
36 61 71 78 79
36 61 69 78 79
36 61 69 70 78 79
36 61 68 69 78 79
36 61 67
36 61 67 78 79
36 61 65 66
36 61 65 66 78 79
36 59 78 79
36 59 69 78 79
36 59 69 71
36 59 69 71 78 79
36 59 69 70
36 59 69 70 78 79
36 59 67 68 78 79
36 59 67 68 71
36 59 67 68 71 78 79
36 59 67 68 69 70
36 59 67 68 69 70 78 79
36 55 78 79
36 55 69 73
36 55 69 71 72
36 55 67 68 73
36 55 67 68 71 72
36 55 61 78 79
36 55 61 69
36 55 61 69 78 79
36 55 61 67 78 79
36 55 61 67 68
36 55 61 67 68 78 79
36 55 61 65 66 78 79
36 53
36 53 69
36 53 67
36 53 67 68
36 53 65 66
36 53 61 71
36 53 61 69
36 53 61 69 70
36 53 61 68 69
36 53 61 67
36 53 61 65 66
36 53 59
36 53 59 69
36 53 59 69 71
36 53 59 69 70
36 53 59 67 68
36 53 59 67 68 71
36 53 59 67 68 69 70
36 53 55
36 53 55 61
36 53 55 61 69
36 53 55 61 67
36 53 55 61 67 68
36 53 55 61 65 66
36 46 55 69
36 46 55 67 68
36 44 61 78 79
36 44 59 69
36 44 59 69 78 79
36 44 59 67 68
36 44 59 67 68 78 79
36 44 53 61
36 44 53 59 69
36 44 53 59 67 68
36 42
36 42 78 79
36 42 61 78 79
36 42 61 68 78 79
36 42 59 78 79
36 42 59 73 78
36 42 59 73 76 77
36 42 59 71
36 42 59 71 78 79
36 42 59 71 72 78
36 42 59 71 72 76 77
36 42 59 69 70
36 42 59 69 70 78 79
36 42 57 59 61 73 78 79
36 42 57 59 61 71 72 78 79
36 42 55 73
36 42 55 71 72
36 42 55 61
36 42 55 61 78 79
36 42 53
36 42 53 61
36 42 53 61 68
36 42 53 59
36 42 53 59 71
36 42 53 59 69 70
36 42 53 57 59 61 73
36 42 53 57 59 61 71 72
36 42 53 55 61
36 42 51 59 73
36 42 51 59 71 72
36 42 46 59 78
36 42 46 59 76 77
36 42 46 57 59 61 78 79
36 42 46 55
36 42 46 53 57 59 61
36 42 46 51 59
36 42 44 59
36 42 44 59 78 79
36 42 44 53 59
36 40
36 40 78 79
36 40 61
36 40 61 78 79
36 40 55 61 78 79
36 40 53
36 40 53 61
36 40 53 55 61
36 40 41 59 73 78
36 40 41 59 73 76 77
36 40 41 59 71 72 78
36 40 41 59 71 72 76 77
36 40 41 57 59 61 73 78 79
36 40 41 57 59 61 71 72 78 79
36 40 41 53 57 59 61 73
36 40 41 53 57 59 61 71 72
36 40 41 51 59 73
36 40 41 51 59 71 72
36 40 41 46 59 78
36 40 41 46 59 76 77
36 40 41 46 57 59 61 78 79
36 40 41 46 53 57 59 61
36 40 41 46 51 59
35 78 79
35 67 78 79
35 65 66 78 79
35 53
35 53 67
35 53 65 66
35 40 78 79
35 40 53
35 36 78 79
35 36 53
34
34 78 79
34 73
34 71 72
34 68
34 67 68 78 79
34 65 66 68 78 79
34 63 68 69
34 63 67 68
34 61
34 61 71
34 61 69 70
34 61 68 69
34 61 68 69 78 79
34 61 67
34 61 67 68
34 61 67 68 78 79
34 61 65 66
34 61 62 68 69
34 61 62 67 68
34 59 69 71
34 59 69 70
34 59 67 68 71
34 59 67 68 69 70
34 55 61 78 79
34 55 61 69 78 79
34 55 61 67 68 78 79
34 54 68 69
34 54 67 68
34 53
34 53 67 68
34 53 65 66 68
34 53 61 68 69
34 53 61 67 68
34 53 55 61
34 53 55 61 69
34 53 55 61 67 68
34 52 53 68 69
34 52 53 67 68
34 46
34 46 69 78 79
34 46 67
34 46 67 68 78 79
34 46 65 66
34 46 53 69
34 46 53 67
34 46 53 67 78 79
34 46 53 67 68
34 46 53 65 66
34 46 53 65 66 78 79
34 46 51 52 67 78 79
34 46 51 52 65 66 78 79
34 46 51 52 53 67
34 46 51 52 53 65 66
34 44 61
34 44 59 69
34 44 59 67 68
34 44 57 59 73 77
34 44 57 59 73 75 76
34 44 57 59 71 72 77
34 44 57 59 71 72 75 76
34 44 55 67 78 79
34 44 55 65 66 78 79
34 44 53 55 67
34 44 53 55 65 66
34 44 53 54 67
34 44 53 54 67 78 79
34 44 53 54 65 66
34 44 53 54 65 66 78 79
34 44 50 57 59 73
34 44 50 57 59 71 72
34 44 48 57 59 73 77
34 44 48 57 59 73 75 76
34 44 48 57 59 71 72 77
34 44 48 57 59 71 72 75 76
34 44 48 50 57 59 73
34 44 48 50 57 59 71 72
34 44 46 57 59 77
34 44 46 57 59 75 76
34 44 46 50 57 59
34 44 46 48 57 59 77
34 44 46 48 57 59 75 76
34 44 46 48 50 57 59
34 44 46 47 57 59 77
34 44 46 47 57 59 75 76
34 44 46 47 57 59 73 77
34 44 46 47 57 59 73 75 76
34 44 46 47 57 59 71 72 77
34 44 46 47 57 59 71 72 75 76
34 44 46 47 50 57 59
34 44 46 47 50 57 59 73
34 44 46 47 50 57 59 71 72
34 44 45 69 78 79
34 44 45 67
34 44 45 67 68 78 79
34 44 45 65 66
34 44 45 53 69
34 44 45 53 67
34 44 45 53 67 78 79
34 44 45 53 67 68
34 44 45 53 65 66
34 44 45 53 65 66 78 79
34 44 45 51 52 67 78 79
34 44 45 51 52 65 66 78 79
34 44 45 51 52 53 67
34 44 45 51 52 53 65 66
34 42 63 68
34 42 61 68
34 42 61 68 78 79
34 42 61 62 68
34 42 59 71
34 42 59 69 70
34 42 55 61 78 79
34 42 54 68
34 42 53 61 68
34 42 53 55 61
34 42 52 53 68
34 42 46 78 79
34 42 46 53
34 42 44 59
34 42 44 45 78 79
34 42 44 45 53
34 42 43 57 59 73 77
34 42 43 57 59 73 75 76
34 42 43 57 59 71 72 77
34 42 43 57 59 71 72 75 76
34 42 43 55 67 78 79
34 42 43 55 65 66 78 79
34 42 43 53 55 67
34 42 43 53 55 65 66
34 42 43 53 54 67
34 42 43 53 54 67 78 79
34 42 43 53 54 65 66
34 42 43 53 54 65 66 78 79
34 42 43 50 57 59 73
34 42 43 50 57 59 71 72
34 42 43 48 57 59 73 77
34 42 43 48 57 59 73 75 76
34 42 43 48 57 59 71 72 77
34 42 43 48 57 59 71 72 75 76
34 42 43 48 50 57 59 73
34 42 43 48 50 57 59 71 72
34 42 43 46 57 59 77
34 42 43 46 57 59 75 76
34 42 43 46 50 57 59
34 42 43 46 48 57 59 77
34 42 43 46 48 57 59 75 76
34 42 43 46 48 50 57 59
34 42 43 46 47 57 59 77
34 42 43 46 47 57 59 75 76
34 42 43 46 47 57 59 73 77
34 42 43 46 47 57 59 73 75 76
34 42 43 46 47 57 59 71 72 77
34 42 43 46 47 57 59 71 72 75 76
34 42 43 46 47 50 57 59
34 42 43 46 47 50 57 59 73
34 42 43 46 47 50 57 59 71 72
34 40 68 78 79
34 40 61
34 40 53 68
34 40 46
34 40 46 53
34 40 46 53 78 79
34 40 46 51 52 78 79
34 40 46 51 52 53
34 40 44 55 78 79
34 40 44 53 55
34 40 44 53 54
34 40 44 53 54 78 79
34 40 44 45
34 40 44 45 53
34 40 44 45 53 78 79
34 40 44 45 51 52 78 79
34 40 44 45 51 52 53
34 40 42 43 55 78 79
34 40 42 43 53 55
34 40 42 43 53 54
34 40 42 43 53 54 78 79
34 37 69 78 79
34 37 67
34 37 67 68 78 79
34 37 65 66
34 37 53 69
34 37 53 67
34 37 53 67 78 79
34 37 53 67 68
34 37 53 65 66
34 37 53 65 66 78 79
34 37 51 52 67 78 79
34 37 51 52 65 66 78 79
34 37 51 52 53 67
34 37 51 52 53 65 66
34 37 42 78 79
34 37 42 53
34 37 40
34 37 40 53
34 37 40 53 78 79
34 37 40 51 52 78 79
34 37 40 51 52 53
34 35
34 35 55 67 78 79
34 35 55 65 66 78 79
34 35 53 55 67
34 35 53 55 65 66
34 35 53 54 67
34 35 53 54 67 78 79
34 35 53 54 65 66
34 35 53 54 65 66 78 79
34 35 40 55 78 79
34 35 40 53 55
34 35 40 53 54
34 35 40 53 54 78 79
34 35 36 69 78 79
34 35 36 67
34 35 36 67 68 78 79
34 35 36 65 66
34 35 36 53 69
34 35 36 53 67
34 35 36 53 67 78 79
34 35 36 53 67 68
34 35 36 53 65 66
34 35 36 53 65 66 78 79
34 35 36 51 52 67 78 79
34 35 36 51 52 65 66 78 79
34 35 36 51 52 53 67
34 35 36 51 52 53 65 66
34 35 36 42 78 79
34 35 36 42 53
34 35 36 40
34 35 36 40 53
34 35 36 40 53 78 79
34 35 36 40 51 52 78 79
34 35 36 40 51 52 53
33 42 57 59 73
33 42 57 59 71 72
33 42 46 57 59
33 40 41 57 59 73
33 40 41 57 59 71 72
33 40 41 46 57 59
33 34
33 34 67 78 79
33 34 65 66 78 79
33 34 55 67 78 79
33 34 55 65 66 78 79
33 34 53 67
33 34 53 65 66
33 34 53 55 67
33 34 53 55 65 66
33 34 53 54 67
33 34 53 54 67 78 79
33 34 53 54 65 66
33 34 53 54 65 66 78 79
33 34 40 78 79
33 34 40 55 78 79
33 34 40 53
33 34 40 53 55
33 34 40 53 54
33 34 40 53 54 78 79
32
30 59 69
30 59 67 68
30 42 59
29 68 69
29 67
29 67 68
29 65 66
29 42 68
29 40
28 78 79
28 61
28 53
28 34 44 67 78 79
28 34 44 65 66 78 79
28 34 44 53 67
28 34 44 53 65 66
28 34 42 43 67 78 79
28 34 42 43 65 66 78 79
28 34 42 43 53 67
28 34 42 43 53 65 66
28 34 40 44 78 79
28 34 40 44 53
28 34 40 42 43 78 79
28 34 40 42 43 53
28 34 35 67 78 79
28 34 35 65 66 78 79
28 34 35 53 67
28 34 35 53 65 66
28 34 35 40 78 79
28 34 35 40 53
28 33 34 67 78 79
28 33 34 65 66 78 79
28 33 34 53 67
28 33 34 53 65 66
28 33 34 40 78 79
28 33 34 40 53
27
27 34 68 69
27 34 67 68
27 34 42 68
26
26 34 46 67 78 79
26 34 46 65 66 78 79
26 34 46 53 67
26 34 46 53 65 66
26 34 44 45 67 78 79
26 34 44 45 65 66 78 79
26 34 44 45 53 67
26 34 44 45 53 65 66
26 34 40 46 78 79
26 34 40 46 53
26 34 40 44 45 78 79
26 34 40 44 45 53
26 34 37 67 78 79
26 34 37 65 66 78 79
26 34 37 53 67
26 34 37 53 65 66
26 34 37 40 78 79
26 34 37 40 53
26 34 35 36 67 78 79
26 34 35 36 65 66 78 79
26 34 35 36 53 67
26 34 35 36 53 65 66
26 34 35 36 40 78 79
26 34 35 36 40 53
25 36
25 36 61 78 79
25 36 53 61
25 34 61 78 79
25 34 53 61
24
23 67
23 65 66
23 40
22 78 79
22 69
22 67 68
22 53
22 42
21 78 79
21 53
21 44 57 59 61 73 77
21 44 57 59 61 73 75 76
21 44 57 59 61 71 72 77
21 44 57 59 61 71 72 75 76
21 44 57 59 60 73 77
21 44 57 59 60 73 75 76
21 44 57 59 60 71 72 77
21 44 57 59 60 71 72 75 76
21 44 50 57 59 61 73
21 44 50 57 59 61 71 72
21 44 50 57 59 60 73
21 44 50 57 59 60 71 72
21 44 46 57 59 61 77
21 44 46 57 59 61 75 76
21 44 46 57 59 60 77
21 44 46 57 59 60 75 76
21 44 46 50 57 59 61
21 44 46 50 57 59 60
21 42 59 61 73 78
21 42 59 61 73 76 77
21 42 59 61 71 72 78
21 42 59 61 71 72 76 77
21 42 57 73 78
21 42 57 73 76 77
21 42 57 71 72 78
21 42 57 71 72 76 77
21 42 57 59 73 78
21 42 57 59 73 76 77
21 42 57 59 71 72 78
21 42 57 59 71 72 76 77
21 42 51 59 61 73
21 42 51 59 61 71 72
21 42 51 57 73
21 42 51 57 71 72
21 42 51 57 59 73
21 42 51 57 59 71 72
21 42 46 59 61 78
21 42 46 59 61 76 77
21 42 46 57 78
21 42 46 57 76 77
21 42 46 57 59 78
21 42 46 57 59 76 77
21 42 46 51 59 61
21 42 46 51 57
21 42 46 51 57 59
21 42 43 57 59 61 73 77
21 42 43 57 59 61 73 75 76
21 42 43 57 59 61 71 72 77
21 42 43 57 59 61 71 72 75 76
21 42 43 57 59 60 73 77
21 42 43 57 59 60 73 75 76
21 42 43 57 59 60 71 72 77
21 42 43 57 59 60 71 72 75 76
21 42 43 50 57 59 61 73
21 42 43 50 57 59 61 71 72
21 42 43 50 57 59 60 73
21 42 43 50 57 59 60 71 72
21 42 43 46 57 59 61 77
21 42 43 46 57 59 61 75 76
21 42 43 46 57 59 60 77
21 42 43 46 57 59 60 75 76
21 42 43 46 50 57 59 61
21 42 43 46 50 57 59 60
21 40 41 59 61 73 78
21 40 41 59 61 73 76 77
21 40 41 59 61 71 72 78
21 40 41 59 61 71 72 76 77
21 40 41 57 73 78
21 40 41 57 73 76 77
21 40 41 57 71 72 78
21 40 41 57 71 72 76 77
21 40 41 57 59 73 78
21 40 41 57 59 73 76 77
21 40 41 57 59 71 72 78
21 40 41 57 59 71 72 76 77
21 40 41 51 59 61 73
21 40 41 51 59 61 71 72
21 40 41 51 57 73
21 40 41 51 57 71 72
21 40 41 51 57 59 73
21 40 41 51 57 59 71 72
21 40 41 46 59 61 78
21 40 41 46 59 61 76 77
21 40 41 46 57 78
21 40 41 46 57 76 77
21 40 41 46 57 59 78
21 40 41 46 57 59 76 77
21 40 41 46 51 59 61
21 40 41 46 51 57
21 40 41 46 51 57 59
21 34 44 57 59 73 77
21 34 44 57 59 73 75 76
21 34 44 57 59 71 72 77
21 34 44 57 59 71 72 75 76
21 34 44 50 57 59 73
21 34 44 50 57 59 71 72
21 34 44 46 57 59 77
21 34 44 46 57 59 75 76
21 34 44 46 50 57 59
21 34 42 43 57 59 73 77
21 34 42 43 57 59 73 75 76
21 34 42 43 57 59 71 72 77
21 34 42 43 57 59 71 72 75 76
21 34 42 43 50 57 59 73
21 34 42 43 50 57 59 71 72
21 34 42 43 46 57 59 77
21 34 42 43 46 57 59 75 76
21 34 42 43 46 50 57 59
20
20 69
20 68
20 68 69
20 61
20 55 69
20 55 67 68
20 42
20 42 68
20 42 55
20 36 67
20 36 65 66
20 36 40
19 78 79
19 53
19 34 69 78 79
19 34 67
19 34 67 68 78 79
19 34 65 66
19 34 53 69
19 34 53 67
19 34 53 67 78 79
19 34 53 67 68
19 34 53 65 66
19 34 53 65 66 78 79
19 34 51 52 67 78 79
19 34 51 52 65 66 78 79
19 34 51 52 53 67
19 34 51 52 53 65 66
19 34 42 78 79
19 34 42 53
19 34 40
19 34 40 53
19 34 40 53 78 79
19 34 40 51 52 78 79
19 34 40 51 52 53
19 26 34 67 78 79
19 26 34 65 66 78 79
19 26 34 53 67
19 26 34 53 65 66
19 26 34 40 78 79
19 26 34 40 53
18
17
17 67 78 79
17 65 66 78 79
17 57 73
17 57 71 72
17 57 59 61 73 77
17 57 59 61 73 75 76
17 57 59 61 71 72 77
17 57 59 61 71 72 75 76
17 57 59 60 73 77
17 57 59 60 73 75 76
17 57 59 60 71 72 77
17 57 59 60 71 72 75 76
17 53 67
17 53 65 66
17 50 57 59 61 73
17 50 57 59 61 71 72
17 50 57 59 60 73
17 50 57 59 60 71 72
17 48 57 59 61 73 77
17 48 57 59 61 73 75 76
17 48 57 59 61 71 72 77
17 48 57 59 61 71 72 75 76
17 48 57 59 60 73 77
17 48 57 59 60 73 75 76
17 48 57 59 60 71 72 77
17 48 57 59 60 71 72 75 76
17 48 50 57 59 61 73
17 48 50 57 59 61 71 72
17 48 50 57 59 60 73
17 48 50 57 59 60 71 72
17 46 57
17 46 57 59 61 77
17 46 57 59 61 75 76
17 46 57 59 60 77
17 46 57 59 60 75 76
17 46 50 57 59 61
17 46 50 57 59 60
17 46 48 57 59 61 77
17 46 48 57 59 61 75 76
17 46 48 57 59 60 77
17 46 48 57 59 60 75 76
17 46 48 50 57 59 61
17 46 48 50 57 59 60
17 46 47 57 59 61 77
17 46 47 57 59 61 75 76
17 46 47 57 59 61 73 77
17 46 47 57 59 61 73 75 76
17 46 47 57 59 61 71 72 77
17 46 47 57 59 61 71 72 75 76
17 46 47 57 59 60 77
17 46 47 57 59 60 75 76
17 46 47 57 59 60 73 77
17 46 47 57 59 60 73 75 76
17 46 47 57 59 60 71 72 77
17 46 47 57 59 60 71 72 75 76
17 46 47 50 57 59 61
17 46 47 50 57 59 61 73
17 46 47 50 57 59 61 71 72
17 46 47 50 57 59 60
17 46 47 50 57 59 60 73
17 46 47 50 57 59 60 71 72
17 40 78 79
17 40 53
17 34 57 59 73 77
17 34 57 59 73 75 76
17 34 57 59 71 72 77
17 34 57 59 71 72 75 76
17 34 55 67 78 79
17 34 55 65 66 78 79
17 34 53 55 67
17 34 53 55 65 66
17 34 53 54 67
17 34 53 54 67 78 79
17 34 53 54 65 66
17 34 53 54 65 66 78 79
17 34 50 57 59 73
17 34 50 57 59 71 72
17 34 48 57 59 73 77
17 34 48 57 59 73 75 76
17 34 48 57 59 71 72 77
17 34 48 57 59 71 72 75 76
17 34 48 50 57 59 73
17 34 48 50 57 59 71 72
17 34 46 57 59 77
17 34 46 57 59 75 76
17 34 46 50 57 59
17 34 46 48 57 59 77
17 34 46 48 57 59 75 76
17 34 46 48 50 57 59
17 34 46 47 57 59 77
17 34 46 47 57 59 75 76
17 34 46 47 57 59 73 77
17 34 46 47 57 59 73 75 76
17 34 46 47 57 59 71 72 77
17 34 46 47 57 59 71 72 75 76
17 34 46 47 50 57 59
17 34 46 47 50 57 59 73
17 34 46 47 50 57 59 71 72
17 34 40 55 78 79
17 34 40 53 55
17 34 40 53 54
17 34 40 53 54 78 79
17 28 34 67 78 79
17 28 34 65 66 78 79
17 28 34 53 67
17 28 34 53 65 66
17 28 34 40 78 79
17 28 34 40 53
17 21 57 59 61 73 77
17 21 57 59 61 73 75 76
17 21 57 59 61 71 72 77
17 21 57 59 61 71 72 75 76
17 21 57 59 60 73 77
17 21 57 59 60 73 75 76
17 21 57 59 60 71 72 77
17 21 57 59 60 71 72 75 76
17 21 50 57 59 61 73
17 21 50 57 59 61 71 72
17 21 50 57 59 60 73
17 21 50 57 59 60 71 72
17 21 46 57 59 61 77
17 21 46 57 59 61 75 76
17 21 46 57 59 60 77
17 21 46 57 59 60 75 76
17 21 46 50 57 59 61
17 21 46 50 57 59 60
17 21 34 57 59 73 77
17 21 34 57 59 73 75 76
17 21 34 57 59 71 72 77
17 21 34 57 59 71 72 75 76
17 21 34 50 57 59 73
17 21 34 50 57 59 71 72
17 21 34 46 57 59 77
17 21 34 46 57 59 75 76
17 21 34 46 50 57 59
15 59 73
15 59 71 72
15 59 63 73 78
15 59 63 73 76 77
15 59 63 71 72 78
15 59 63 71 72 76 77
15 59 61 73 78 79
15 59 61 71 72 78 79
15 59 61 62 73 78
15 59 61 62 73 76 77
15 59 61 62 71 72 78
15 59 61 62 71 72 76 77
15 57 73
15 57 73 78
15 57 73 76 77
15 57 71 72
15 57 71 72 78
15 57 71 72 76 77
15 57 59 73 78
15 57 59 73 76 77
15 57 59 71 72 78
15 57 59 71 72 76 77
15 57 59 61 63 73 78 79
15 57 59 61 63 71 72 78 79
15 57 59 61 62 73 78 79
15 57 59 61 62 71 72 78 79
15 57 59 60 73
15 57 59 60 71 72
15 57 58 59 73
15 57 58 59 71 72
15 53 59 61 73
15 53 59 61 71 72
15 53 57 59 61 63 73
15 53 57 59 61 63 71 72
15 53 57 59 61 62 73
15 53 57 59 61 62 71 72
15 51 59 63 73
15 51 59 63 71 72
15 51 59 61 62 73
15 51 59 61 62 71 72
15 51 57 73
15 51 57 71 72
15 51 57 59 73
15 51 57 59 71 72
15 48 59 61 73 78
15 48 59 61 73 76 77
15 48 59 61 71 72 78
15 48 59 61 71 72 76 77
15 48 57 73 78
15 48 57 73 76 77
15 48 57 71 72 78
15 48 57 71 72 76 77
15 48 57 59 73 78
15 48 57 59 73 76 77
15 48 57 59 71 72 78
15 48 57 59 71 72 76 77
15 48 51 59 61 73
15 48 51 59 61 71 72
15 48 51 57 73
15 48 51 57 71 72
15 48 51 57 59 73
15 48 51 57 59 71 72
15 46 59
15 46 59 63 78
15 46 59 63 76 77
15 46 59 61 78 79
15 46 59 61 62 78
15 46 59 61 62 76 77
15 46 57
15 46 57 78
15 46 57 76 77
15 46 57 59 78
15 46 57 59 76 77
15 46 57 59 61 63 78 79
15 46 57 59 61 62 78 79
15 46 57 59 60
15 46 57 58 59
15 46 53 59 61
15 46 53 57 59 61 63
15 46 53 57 59 61 62
15 46 51 59 63
15 46 51 59 61 62
15 46 51 57
15 46 51 57 59
15 46 48 59 61 78
15 46 48 59 61 76 77
15 46 48 57 78
15 46 48 57 76 77
15 46 48 57 59 78
15 46 48 57 59 76 77
15 46 48 51 59 61
15 46 48 51 57
15 46 48 51 57 59
15 46 47 59 61 78
15 46 47 59 61 76 77
15 46 47 59 61 73 78
15 46 47 59 61 73 76 77
15 46 47 59 61 71 72 78
15 46 47 59 61 71 72 76 77
15 46 47 57 78
15 46 47 57 76 77
15 46 47 57 73 78
15 46 47 57 73 76 77
15 46 47 57 71 72 78
15 46 47 57 71 72 76 77
15 46 47 57 59 78
15 46 47 57 59 76 77
15 46 47 57 59 73 78
15 46 47 57 59 73 76 77
15 46 47 57 59 71 72 78
15 46 47 57 59 71 72 76 77
15 46 47 51 59 61
15 46 47 51 59 61 73
15 46 47 51 59 61 71 72
15 46 47 51 57
15 46 47 51 57 73
15 46 47 51 57 71 72
15 46 47 51 57 59
15 46 47 51 57 59 73
15 46 47 51 57 59 71 72
15 36 59 73 78
15 36 59 73 76 77
15 36 59 71 72 78
15 36 59 71 72 76 77
15 36 57 59 61 73 78 79
15 36 57 59 61 71 72 78 79
15 36 53 57 59 61 73
15 36 53 57 59 61 71 72
15 36 51 59 73
15 36 51 59 71 72
15 36 46 59 78
15 36 46 59 76 77
15 36 46 57 59 61 78 79
15 36 46 53 57 59 61
15 36 46 51 59
15 33 57 59 73
15 33 57 59 71 72
15 33 46 57 59
15 21 59 61 73 78
15 21 59 61 73 76 77
15 21 59 61 71 72 78
15 21 59 61 71 72 76 77
15 21 57 73 78
15 21 57 73 76 77
15 21 57 71 72 78
15 21 57 71 72 76 77
15 21 57 59 73 78
15 21 57 59 73 76 77
15 21 57 59 71 72 78
15 21 57 59 71 72 76 77
15 21 51 59 61 73
15 21 51 59 61 71 72
15 21 51 57 73
15 21 51 57 71 72
15 21 51 57 59 73
15 21 51 57 59 71 72
15 21 46 59 61 78
15 21 46 59 61 76 77
15 21 46 57 78
15 21 46 57 76 77
15 21 46 57 59 78
15 21 46 57 59 76 77
15 21 46 51 59 61
15 21 46 51 57
15 21 46 51 57 59
14 67
14 65 66
14 40
10 78 79
10 69 78 79
10 67 68 78 79
10 61 69 78 79
10 61 68 69 78 79
10 61 67 78 79
10 61 65 66 78 79
10 53
10 53 69
10 53 67 68
10 53 61 69
10 53 61 68 69
10 53 61 67
10 53 61 65 66
10 42 78 79
10 42 61 78 79
10 42 61 68 78 79
10 42 53
10 42 53 61
10 42 53 61 68
10 40 61 78 79
10 40 53 61
10 36 61 69 78 79
10 36 61 67 78 79
10 36 61 67 68 78 79
10 36 61 65 66 78 79
10 36 53 61 69
10 36 53 61 67
10 36 53 61 67 68
10 36 53 61 65 66
10 36 42 61 78 79
10 36 42 53 61
10 36 40 61 78 79
10 36 40 53 61
10 34 69 78 79
10 34 67
10 34 67 68 78 79
10 34 65 66
10 34 53 69
10 34 53 67
10 34 53 67 78 79
10 34 53 67 68
10 34 53 65 66
10 34 53 65 66 78 79
10 34 51 52 67 78 79
10 34 51 52 65 66 78 79
10 34 51 52 53 67
10 34 51 52 53 65 66
10 34 42 78 79
10 34 42 53
10 34 40
10 34 40 53
10 34 40 53 78 79
10 34 40 51 52 78 79
10 34 40 51 52 53
10 26 34 67 78 79
10 26 34 65 66 78 79
10 26 34 53 67
10 26 34 53 65 66
10 26 34 40 78 79
10 26 34 40 53
9
9 38 78 79
9 38 53
8
8 67
8 67 78 79
8 65 66
8 65 66 78 79
8 53 67
8 53 65 66
8 40
8 40 78 79
8 40 53
8 36 61
8 34 55 67 78 79
8 34 55 65 66 78 79
8 34 53 55 67
8 34 53 55 65 66
8 34 53 54 67
8 34 53 54 67 78 79
8 34 53 54 65 66
8 34 53 54 65 66 78 79
8 34 40 55 78 79
8 34 40 53 55
8 34 40 53 54
8 34 40 53 54 78 79
8 28 34 67 78 79
8 28 34 65 66 78 79
8 28 34 53 67
8 28 34 53 65 66
8 28 34 40 78 79
8 28 34 40 53
1 78 79
1 73
1 71 72
1 69
1 69 78 79
1 67
1 67 68
1 67 68 78 79
1 65 66
1 61
1 61 69
1 61 69 78 79
1 61 67 78 79
1 61 67 68
1 61 67 68 78 79
1 61 65 66 78 79
1 54 78 79
1 53
1 53 69
1 53 67 68
1 53 61 69
1 53 61 67
1 53 61 67 68
1 53 61 65 66
1 53 54
1 46
1 42
1 42 78 79
1 42 61
1 42 61 78 79
1 42 53
1 42 53 61
1 40
1 40 61 78 79
1 40 53 61
1 36 61 78 79
1 36 61 69 78 79
1 36 61 67 78 79
1 36 61 67 68 78 79
1 36 61 65 66 78 79
1 36 54 78 79
1 36 53 61
1 36 53 61 69
1 36 53 61 67
1 36 53 61 67 68
1 36 53 61 65 66
1 36 53 54
1 36 42 61 78 79
1 36 42 53 61
1 36 40 61 78 79
1 36 40 53 61
1 34 67
1 34 65 66
1 34 61 78 79
1 34 53 61
1 34 40
1 10 78 79
1 10 53
1 9 78 79
1 9 53
1 9 36 78 79
1 9 36 53

