78 79
71
69 70
68 71
68 69 70
67
65 66
61
61 73
61 71 72
61 69
61 68
61 67 68
59
59 69
59 68
59 67 68
59 63 73
59 63 71 72
59 63 65
59 61
59 61 73
59 61 71 72
59 61 65 73
59 61 65 71 72
59 61 64 73
59 61 64 71 72
59 61 62 73
59 61 62 71 72
59 61 62 65
59 61 62 63 73
59 61 62 63 71 72
59 60 73
59 60 71 72
59 60 65
59 60 65 73
59 60 65 71 72
59 60 63 73
59 60 63 71 72
59 60 61
59 60 61 65
59 60 61 64 73
59 60 61 64 71 72
59 60 61 63 73
59 60 61 63 71 72
59 60 61 62 63 73
59 60 61 62 63 71 72
57 61
57 61 73 78
57 61 73 76 77
57 61 71 72 78
57 61 71 72 76 77
57 60 61 73
57 60 61 71 72
57 59 61 73
57 59 61 71 72
57 59 60 73 78
57 59 60 73 76 77
57 59 60 71 72 78
57 59 60 71 72 76 77
57 58 59 60 73
57 58 59 60 71 72
57 58 59 60 61 73
57 58 59 60 61 71 72
53
53 65 69 73
53 65 69 71 72
53 65 67 68 73
53 65 67 68 71 72
53 63 69 73
53 63 69 71 72
53 63 67 68 73
53 63 67 68 71 72
53 63 64 69 73
53 63 64 69 71 72
53 63 64 67 68 73
53 63 64 67 68 71 72
53 61 62 69 73
53 61 62 69 71 72
53 61 62 67 68 73
53 61 62 67 68 71 72
53 56 69 73
53 56 69 71 72
53 56 67 68 73
53 56 67 68 71 72
53 54 55 69 73
53 54 55 69 71 72
53 54 55 67 68 73
53 54 55 67 68 71 72
51 57 61 73
51 57 61 71 72
51 57 59 60 73
51 57 59 60 71 72
51 52 65 69 73
51 52 65 69 71 72
51 52 65 67 68 73
51 52 65 67 68 71 72
51 52 63 69 73
51 52 63 69 71 72
51 52 63 67 68 73
51 52 63 67 68 71 72
51 52 63 64 69 73
51 52 63 64 69 71 72
51 52 63 64 67 68 73
51 52 63 64 67 68 71 72
51 52 61 62 69 73
51 52 61 62 69 71 72
51 52 61 62 67 68 73
51 52 61 62 67 68 71 72
51 52 56 69 73
51 52 56 69 71 72
51 52 56 67 68 73
51 52 56 67 68 71 72
51 52 54 55 69 73
51 52 54 55 69 71 72
51 52 54 55 67 68 73
51 52 54 55 67 68 71 72
49 59 61 73
49 59 61 71 72
49 59 60 61 73
49 59 60 61 71 72
47 48 59 61 73
47 48 59 61 71 72
47 48 59 60 61 73
47 48 59 60 61 71 72
46 61
46 59 63
46 59 61
46 59 61 65
46 59 61 64
46 59 61 62
46 59 61 62 63
46 59 60
46 59 60 65
46 59 60 63
46 59 60 61 64
46 59 60 61 63
46 59 60 61 62 63
46 57 61 78
46 57 61 76 77
46 57 60 61
46 57 59 61
46 57 59 60 78
46 57 59 60 76 77
46 57 58 59 60
46 57 58 59 60 61
46 53 65 69
46 53 65 67 68
46 53 63 69
46 53 63 67 68
46 53 63 64 69
46 53 63 64 67 68
46 53 61 62 69
46 53 61 62 67 68
46 53 56 69
46 53 56 67 68
46 53 54 55 69
46 53 54 55 67 68
46 51 57 61
46 51 57 59 60
46 51 52 65 69
46 51 52 65 67 68
46 51 52 63 69
46 51 52 63 67 68
46 51 52 63 64 69
46 51 52 63 64 67 68
46 51 52 61 62 69
46 51 52 61 62 67 68
46 51 52 56 69
46 51 52 56 67 68
46 51 52 54 55 69
46 51 52 54 55 67 68
46 49 59 61
46 49 59 60 61
46 47 48 59 61
46 47 48 59 60 61
44
44 68
44 59 63 73 78
44 59 63 73 76 77
44 59 63 71 72 78
44 59 63 71 72 76 77
44 59 61 73
44 59 61 73 78
44 59 61 73 76 77
44 59 61 71 72
44 59 61 71 72 78
44 59 61 71 72 76 77
44 59 61 63
44 59 61 62
44 59 60 78
44 59 60 76 77
44 59 60 71 78
44 59 60 71 76 77
44 59 60 69 70 78
44 59 60 69 70 76 77
44 59 60 61 78
44 59 60 61 76 77
44 59 60 61 71 78
44 59 60 61 71 76 77
44 59 60 61 69 70 78
44 59 60 61 69 70 76 77
44 58 59 61 78
44 58 59 61 76 77
44 58 59 61 71 78
44 58 59 61 71 76 77
44 58 59 61 69 70 78
44 58 59 61 69 70 76 77
44 58 59 60 78
44 58 59 60 76 77
44 58 59 60 71 78
44 58 59 60 71 76 77
44 58 59 60 69 70 78
44 58 59 60 69 70 76 77
44 51 59 63 73
44 51 59 63 71 72
44 51 59 61 73
44 51 59 61 71 72
44 51 59 60
44 51 59 60 71
44 51 59 60 69 70
44 51 59 60 61
44 51 59 60 61 71
44 51 59 60 61 69 70
44 51 58 59 61
44 51 58 59 61 71
44 51 58 59 61 69 70
44 51 58 59 60
44 51 58 59 60 71
44 51 58 59 60 69 70
44 48 59 61 73
44 48 59 61 71 72
44 48 59 61 63
44 48 59 61 62
44 46 59 63 78
44 46 59 63 76 77
44 46 59 61
44 46 59 61 78
44 46 59 61 76 77
44 46 51 59 63
44 46 51 59 61
44 46 48 59 61
44 46 47 59 61
44 46 47 59 61 73
44 46 47 59 61 71 72
44 46 47 59 61 63
44 46 47 59 61 62
42 61
42 61 63 73
42 61 63 71 72
42 60 61 73
42 60 61 71 72
42 59
42 59 73
42 59 71 72
42 59 63 73
42 59 63 71 72
42 59 61 78 79
42 59 61 73
42 59 61 71 73
42 59 61 69 70 73
42 59 61 69 70 71 72
42 59 61 62 73
42 59 61 62 71 72
42 59 60 71 73
42 59 60 71 72
42 59 60 69 70 73
42 59 60 69 70 71 72
42 59 60 61
42 59 60 61 78 79
42 59 60 61 73
42 59 60 61 71 72
42 59 60 61 62 73
42 59 60 61 62 71 72
42 57 60 61 73 78
42 57 60 61 73 76 77
42 57 60 61 71 72 78
42 57 60 61 71 72 76 77
42 57 59 61
42 57 59 61 78 79
42 57 59 61 73
42 57 59 61 73 78
42 57 59 61 73 76 77
42 57 59 61 71 72
42 57 59 61 71 72 78
42 57 59 61 71 72 76 77
42 57 59 60 73 78
42 57 59 60 73 76 77
42 57 59 60 71 72 78
42 57 59 60 71 72 76 77
42 57 59 60 63 73 78
42 57 59 60 63 73 76 77
42 57 59 60 63 71 72 78
42 57 59 60 63 71 72 76 77
42 57 59 60 61
42 57 59 60 61 78 79
42 57 59 60 61 73
42 57 59 60 61 73 78
42 57 59 60 61 73 76 77
42 57 59 60 61 71 72
42 57 59 60 61 71 72 78
42 57 59 60 61 71 72 76 77
42 57 59 60 61 63 73 78
42 57 59 60 61 63 73 76 77
42 57 59 60 61 63 71 72 78
42 57 59 60 61 63 71 72 76 77
42 57 58 59 61 73
42 57 58 59 61 71 72
42 57 58 59 61 63 73 78
42 57 58 59 61 63 73 76 77
42 57 58 59 61 63 71 72 78
42 57 58 59 61 63 71 72 76 77
42 57 58 59 60 73
42 57 58 59 60 71 72
42 57 58 59 60 63 73 78
42 57 58 59 60 63 73 76 77
42 57 58 59 60 63 71 72 78
42 57 58 59 60 63 71 72 76 77
42 55 59 61
42 53 65 73
42 53 65 71 72
42 53 63 73
42 53 63 71 72
42 53 63 64 73
42 53 63 64 71 72
42 53 61 62 73
42 53 61 62 71 72
42 53 59 61
42 53 59 60 61
42 53 57 59 61
42 53 57 59 60 61
42 53 56 73
42 53 56 71 72
42 53 54 59 61
42 53 54 55 73
42 53 54 55 71 72
42 51 57 60 61 73
42 51 57 60 61 71 72
42 51 57 59 61 73
42 51 57 59 61 71 72
42 51 57 59 60 73
42 51 57 59 60 71 72
42 51 57 59 60 63 73
42 51 57 59 60 63 71 72
42 51 57 59 60 61 73
42 51 57 59 60 61 71 72
42 51 57 59 60 61 63 73
42 51 57 59 60 61 63 71 72
42 51 57 58 59 61 63 73
42 51 57 58 59 61 63 71 72
42 51 57 58 59 60 63 73
42 51 57 58 59 60 63 71 72
42 51 52 65 73
42 51 52 65 71 72
42 51 52 63 73
42 51 52 63 71 72
42 51 52 63 64 73
42 51 52 63 64 71 72
42 51 52 61 62 73
42 51 52 61 62 71 72
42 51 52 56 73
42 51 52 56 71 72
42 51 52 54 55 73
42 51 52 54 55 71 72
42 47 61 73
42 47 61 71 72
42 47 59 60 61 73
42 47 59 60 61 71 72
42 46 61 63
42 46 60 61
42 46 59
42 46 59 63
42 46 59 61
42 46 59 61 71
42 46 59 61 69 70
42 46 59 61 62
42 46 59 60 71
42 46 59 60 69 70
42 46 59 60 61
42 46 59 60 61 62
42 46 57 60 61 78
42 46 57 60 61 76 77
42 46 57 59 61
42 46 57 59 61 78
42 46 57 59 61 76 77
42 46 57 59 60 78
42 46 57 59 60 76 77
42 46 57 59 60 63 78
42 46 57 59 60 63 76 77
42 46 57 59 60 61
42 46 57 59 60 61 78
42 46 57 59 60 61 76 77
42 46 57 59 60 61 63 78
42 46 57 59 60 61 63 76 77
42 46 57 58 59 61
42 46 57 58 59 61 63 78
42 46 57 58 59 61 63 76 77
42 46 57 58 59 60
42 46 57 58 59 60 63 78
42 46 57 58 59 60 63 76 77
42 46 53 65
42 46 53 63
42 46 53 63 64
42 46 53 61 62
42 46 53 56
42 46 53 54 55
42 46 51 57 60 61
42 46 51 57 59 61
42 46 51 57 59 60
42 46 51 57 59 60 63
42 46 51 57 59 60 61
42 46 51 57 59 60 61 63
42 46 51 57 58 59 61 63
42 46 51 57 58 59 60 63
42 46 51 52 65
42 46 51 52 63
42 46 51 52 63 64
42 46 51 52 61 62
42 46 51 52 56
42 46 51 52 54 55
42 46 47 61
42 46 47 59 60 61
42 45 46 61
42 45 46 61 73
42 45 46 61 71 72
42 45 46 59 60 61
42 45 46 59 60 61 73
42 45 46 59 60 61 71 72
42 44 59 60 73
42 44 59 60 71 72
42 44 59 60 61 73
42 44 59 60 61 71 72
42 44 46 59 60
42 44 46 59 60 61
42 43 59 63 73 78
42 43 59 63 73 76 77
42 43 59 63 71 72 78
42 43 59 63 71 72 76 77
42 43 59 61 73
42 43 59 61 73 78
42 43 59 61 73 76 77
42 43 59 61 71 72
42 43 59 61 71 72 78
42 43 59 61 71 72 76 77
42 43 59 61 63
42 43 59 61 62
42 43 59 60 71 78
42 43 59 60 71 76 77
42 43 59 60 69 70 78
42 43 59 60 69 70 76 77
42 43 59 60 61 71 78
42 43 59 60 61 71 76 77
42 43 59 60 61 69 70 78
42 43 59 60 61 69 70 76 77
42 43 58 59 61 71 78
42 43 58 59 61 71 76 77
42 43 58 59 61 69 70 78
42 43 58 59 61 69 70 76 77
42 43 58 59 60 71 78
42 43 58 59 60 71 76 77
42 43 58 59 60 69 70 78
42 43 58 59 60 69 70 76 77
42 43 51 59 63 73
42 43 51 59 63 71 72
42 43 51 59 61 73
42 43 51 59 61 71 72
42 43 51 59 60 71
42 43 51 59 60 69 70
42 43 51 59 60 61 71
42 43 51 59 60 61 69 70
42 43 51 58 59 61 71
42 43 51 58 59 61 69 70
42 43 51 58 59 60 71
42 43 51 58 59 60 69 70
42 43 48 59 61 73
42 43 48 59 61 71 72
42 43 48 59 61 63
42 43 48 59 61 62
42 43 46 59 63 78
42 43 46 59 63 76 77
42 43 46 59 61
42 43 46 59 61 78
42 43 46 59 61 76 77
42 43 46 51 59 63
42 43 46 51 59 61
42 43 46 48 59 61
42 43 46 47 59 61
42 43 46 47 59 61 73
42 43 46 47 59 61 71 72
42 43 46 47 59 61 63
42 43 46 47 59 61 62
42 43 44 59 60 78
42 43 44 59 60 76 77
42 43 44 59 60 61 78
42 43 44 59 60 61 76 77
42 43 44 58 59 61 78
42 43 44 58 59 61 76 77
42 43 44 58 59 60 78
42 43 44 58 59 60 76 77
42 43 44 51 59 60
42 43 44 51 59 60 61
42 43 44 51 58 59 61
42 43 44 51 58 59 60
41 42 59 61 73
41 42 59 61 71 72
41 42 59 60 61 73
41 42 59 60 61 71 72
41 42 46 59 61
41 42 46 59 60 61
40
40 41 61 63 73
40 41 61 63 71 72
40 41 60 61 73
40 41 60 61 71 72
40 41 59 73
40 41 59 71 72
40 41 59 63 73
40 41 59 63 71 72
40 41 59 61 78 79
40 41 59 61 73
40 41 59 61 71 73
40 41 59 61 69 70 73
40 41 59 61 69 70 71 72
40 41 59 61 62 73
40 41 59 61 62 71 72
40 41 59 60 71 73
40 41 59 60 71 72
40 41 59 60 69 70 73
40 41 59 60 69 70 71 72
40 41 59 60 61
40 41 59 60 61 78 79
40 41 59 60 61 73
40 41 59 60 61 71 72
40 41 59 60 61 62 73
40 41 59 60 61 62 71 72
40 41 57 60 61 73 78
40 41 57 60 61 73 76 77
40 41 57 60 61 71 72 78
40 41 57 60 61 71 72 76 77
40 41 57 59 61
40 41 57 59 61 78 79
40 41 57 59 61 73
40 41 57 59 61 73 78
40 41 57 59 61 73 76 77
40 41 57 59 61 71 72
40 41 57 59 61 71 72 78
40 41 57 59 61 71 72 76 77
40 41 57 59 60 73 78
40 41 57 59 60 73 76 77
40 41 57 59 60 71 72 78
40 41 57 59 60 71 72 76 77
40 41 57 59 60 63 73 78
40 41 57 59 60 63 73 76 77
40 41 57 59 60 63 71 72 78
40 41 57 59 60 63 71 72 76 77
40 41 57 59 60 61
40 41 57 59 60 61 78 79
40 41 57 59 60 61 73
40 41 57 59 60 61 73 78
40 41 57 59 60 61 73 76 77
40 41 57 59 60 61 71 72
40 41 57 59 60 61 71 72 78
40 41 57 59 60 61 71 72 76 77
40 41 57 59 60 61 63 73 78
40 41 57 59 60 61 63 73 76 77
40 41 57 59 60 61 63 71 72 78
40 41 57 59 60 61 63 71 72 76 77
40 41 57 58 59 61 73
40 41 57 58 59 61 71 72
40 41 57 58 59 61 63 73 78
40 41 57 58 59 61 63 73 76 77
40 41 57 58 59 61 63 71 72 78
40 41 57 58 59 61 63 71 72 76 77
40 41 57 58 59 60 73
40 41 57 58 59 60 71 72
40 41 57 58 59 60 63 73 78
40 41 57 58 59 60 63 73 76 77
40 41 57 58 59 60 63 71 72 78
40 41 57 58 59 60 63 71 72 76 77
40 41 55 59 61
40 41 53 59 61
40 41 53 59 60 61
40 41 53 57 59 61
40 41 53 57 59 60 61
40 41 53 54 59 61
40 41 51 57 60 61 73
40 41 51 57 60 61 71 72
40 41 51 57 59 61 73
40 41 51 57 59 61 71 72
40 41 51 57 59 60 73
40 41 51 57 59 60 71 72
40 41 51 57 59 60 63 73
40 41 51 57 59 60 63 71 72
40 41 51 57 59 60 61 73
40 41 51 57 59 60 61 71 72
40 41 51 57 59 60 61 63 73
40 41 51 57 59 60 61 63 71 72
40 41 51 57 58 59 61 63 73
40 41 51 57 58 59 61 63 71 72
40 41 51 57 58 59 60 63 73
40 41 51 57 58 59 60 63 71 72
40 41 47 61 73
40 41 47 61 71 72
40 41 47 59 60 61 73
40 41 47 59 60 61 71 72
40 41 46 61 63
40 41 46 60 61
40 41 46 59
40 41 46 59 63
40 41 46 59 61
40 41 46 59 61 71
40 41 46 59 61 69 70
40 41 46 59 61 62
40 41 46 59 60 71
40 41 46 59 60 69 70
40 41 46 59 60 61
40 41 46 59 60 61 62
40 41 46 57 60 61 78
40 41 46 57 60 61 76 77
40 41 46 57 59 61
40 41 46 57 59 61 78
40 41 46 57 59 61 76 77
40 41 46 57 59 60 78
40 41 46 57 59 60 76 77
40 41 46 57 59 60 63 78
40 41 46 57 59 60 63 76 77
40 41 46 57 59 60 61
40 41 46 57 59 60 61 78
40 41 46 57 59 60 61 76 77
40 41 46 57 59 60 61 63 78
40 41 46 57 59 60 61 63 76 77
40 41 46 57 58 59 61
40 41 46 57 58 59 61 63 78
40 41 46 57 58 59 61 63 76 77
40 41 46 57 58 59 60
40 41 46 57 58 59 60 63 78
40 41 46 57 58 59 60 63 76 77
40 41 46 51 57 60 61
40 41 46 51 57 59 61
40 41 46 51 57 59 60
40 41 46 51 57 59 60 63
40 41 46 51 57 59 60 61
40 41 46 51 57 59 60 61 63
40 41 46 51 57 58 59 61 63
40 41 46 51 57 58 59 60 63
40 41 46 47 61
40 41 46 47 59 60 61
40 41 45 46 61
40 41 45 46 61 73
40 41 45 46 61 71 72
40 41 45 46 59 60 61
40 41 45 46 59 60 61 73
40 41 45 46 59 60 61 71 72
40 41 44 59 60 73
40 41 44 59 60 71 72
40 41 44 59 60 61 73
40 41 44 59 60 61 71 72
40 41 44 46 59 60
40 41 44 46 59 60 61
40 41 43 59 61 73
40 41 43 59 61 71 72
40 41 43 59 60 61 73
40 41 43 59 60 61 71 72
40 41 43 46 59 61
40 41 43 46 59 60 61
40 41 42 59 61 73
40 41 42 59 61 71 72
40 41 42 59 60 61 73
40 41 42 59 60 61 71 72
40 41 42 46 59 61
40 41 42 46 59 60 61
40 41 42 43 59 61 73
40 41 42 43 59 61 71 72
40 41 42 43 59 60 61 73
40 41 42 43 59 60 61 71 72
40 41 42 43 46 59 61
40 41 42 43 46 59 60 61
38 61 69
38 61 67 68
38 53 69 73
38 53 69 71 72
38 53 67 68 73
38 53 67 68 71 72
38 51 52 69 73
38 51 52 69 71 72
38 51 52 67 68 73
38 51 52 67 68 71 72
38 46 53 69
38 46 53 67 68
38 46 51 52 69
38 46 51 52 67 68
38 42 61
38 42 53 73
38 42 53 71 72
38 42 51 52 73
38 42 51 52 71 72
38 42 46 53
38 42 46 51 52
37 59 61 73
37 59 61 71 72
37 59 60 61 73
37 59 60 61 71 72
37 46 59 61
37 46 59 60 61
36
36 78 79
36 71
36 69 78 79
36 69 70
36 67
36 67 68 78 79
36 65 66
36 61
36 59 73
36 59 71 72
36 59 69 71
36 59 69 70
36 59 68
36 59 67 68 71
36 59 67 68 69 70
36 59 65
36 59 60 73
36 59 60 71 72
36 59 60 61 73
36 59 60 61 71 72
36 53
36 53 69
36 53 69 73
36 53 69 71 72
36 53 67 68
36 53 67 68 73
36 53 67 68 71 72
36 51 52 69 73
36 51 52 69 71 72
36 51 52 67 68 73
36 51 52 67 68 71 72
36 46 59
36 46 59 60
36 46 59 60 61
36 46 53 69
36 46 53 67 68
36 46 51 52 69
36 46 51 52 67 68
36 44
36 44 59 69
36 44 59 67 68
36 44 59 61
36 44 48 59 61
36 44 46 47 59 61
36 42 78 79
36 42 61 73
36 42 61 71 72
36 42 59 73
36 42 59 71
36 42 59 71 72
36 42 59 69 70
36 42 53
36 42 53 73
36 42 53 71 72
36 42 51 52 73
36 42 51 52 71 72
36 42 46 61
36 42 46 59
36 42 46 53
36 42 46 51 52
36 42 44 59
36 42 43 59 61
36 42 43 48 59 61
36 42 43 46 47 59 61
36 40
36 40 41 61 73
36 40 41 61 71 72
36 40 41 59 73
36 40 41 59 71 72
36 40 41 46 61
36 40 41 46 59
35 42 61 73
35 42 61 71 72
35 42 59 60 61 73
35 42 59 60 61 71 72
35 42 46 61
35 42 46 59 60 61
35 40 41 61 73
35 40 41 61 71 72
35 40 41 59 60 61 73
35 40 41 59 60 61 71 72
35 40 41 46 61
35 40 41 46 59 60 61
34 73
34 71 72
34 68 69
34 67 68
34 61
34 59 73
34 59 71 72
34 59 68
34 59 65
34 59 65 73
34 59 65 71 72
34 59 61
34 59 61 65
34 59 61 64 73
34 59 61 64 71 72
34 59 61 63 73
34 59 61 63 71 72
34 59 61 62 73
34 59 61 62 71 72
34 59 61 62 63 73
34 59 61 62 63 71 72
34 57 73 78
34 57 73 76 77
34 57 71 72 78
34 57 71 72 76 77
34 57 60 61 73
34 57 60 61 71 72
34 57 59 73
34 57 59 71 72
34 57 59 60 73
34 57 59 60 71 72
34 57 58 59 73
34 57 58 59 71 72
34 57 58 59 61 73
34 57 58 59 61 71 72
34 55 61 71
34 55 61 69 71
34 55 61 67 68 71
34 55 61 67 68 69 70
34 53 54 61 71
34 53 54 61 69 71
34 53 54 61 67 68 71
34 53 54 61 67 68 69 70
34 51 57 73
34 51 57 71 72
34 49 59 61 73
34 49 59 61 71 72
34 47 48 59 61 73
34 47 48 59 61 71 72
34 46
34 46 59
34 46 59 65
34 46 59 61 64
34 46 59 61 63
34 46 59 61 62
34 46 59 61 62 63
34 46 57 78
34 46 57 76 77
34 46 57 60 61
34 46 57 59
34 46 57 59 60
34 46 57 58 59
34 46 57 58 59 61
34 46 51 57
34 46 49 59 61
34 46 47 48 59 61
34 44 59 60 78
34 44 59 60 76 77
34 44 59 60 71 78
34 44 59 60 71 76 77
34 44 59 60 69 70 78
34 44 59 60 69 70 76 77
34 44 59 60 61 73 78
34 44 59 60 61 73 76 77
34 44 59 60 61 71 72 78
34 44 59 60 61 71 72 76 77
34 44 58 59 78
34 44 58 59 76 77
34 44 58 59 71 78
34 44 58 59 71 76 77
34 44 58 59 69 70 78
34 44 58 59 69 70 76 77
34 44 55 61
34 44 55 61 69
34 44 55 61 67 68
34 44 53 54 61
34 44 53 54 61 69
34 44 53 54 61 67 68
34 44 51 59 60
34 44 51 59 60 71
34 44 51 59 60 69 70
34 44 51 59 60 61 73
34 44 51 59 60 61 71 72
34 44 51 58 59
34 44 51 58 59 71
34 44 51 58 59 69 70
34 44 46 59 60 61 78
34 44 46 59 60 61 76 77
34 44 46 51 59 60 61
34 42 68
34 42 61 62 73
34 42 61 62 71 72
34 42 59 71 73
34 42 59 71 72
34 42 59 69 70 73
34 42 59 69 70 71 72
34 42 59 61
34 42 59 61 78 79
34 42 59 61 73
34 42 59 61 71 72
34 42 59 60 61 73
34 42 59 60 61 71 72
34 42 57 60 61 73 78
34 42 57 60 61 73 76 77
34 42 57 60 61 71 72 78
34 42 57 60 61 71 72 76 77
34 42 57 59 73
34 42 57 59 73 78
34 42 57 59 73 76 77
34 42 57 59 71 72
34 42 57 59 71 72 78
34 42 57 59 71 72 76 77
34 42 57 59 61
34 42 57 59 61 78 79
34 42 57 59 60 73
34 42 57 59 60 71 72
34 42 57 59 60 63 73 78
34 42 57 59 60 63 73 76 77
34 42 57 59 60 63 71 72 78
34 42 57 59 60 63 71 72 76 77
34 42 57 59 60 61 73 78
34 42 57 59 60 61 73 76 77
34 42 57 59 60 61 71 72 78
34 42 57 59 60 61 71 72 76 77
34 42 57 58 59 73
34 42 57 58 59 71 72
34 42 57 58 59 63 73 78
34 42 57 58 59 63 73 76 77
34 42 57 58 59 63 71 72 78
34 42 57 58 59 63 71 72 76 77
34 42 55 61 71
34 42 55 61 69 70
34 42 53 59 61
34 42 53 57 59 61
34 42 53 54 61 71
34 42 53 54 61 69 70
34 42 51 57 60 61 73
34 42 51 57 60 61 71 72
34 42 51 57 59 73
34 42 51 57 59 71 72
34 42 51 57 59 60 63 73
34 42 51 57 59 60 63 71 72
34 42 51 57 59 60 61 73
34 42 51 57 59 60 61 71 72
34 42 51 57 58 59 63 73
34 42 51 57 58 59 63 71 72
34 42 47 61 73
34 42 47 61 71 72
34 42 46 61 62
34 42 46 59 71
34 42 46 59 69 70
34 42 46 59 61
34 42 46 59 60 61
34 42 46 57 60 61 78
34 42 46 57 60 61 76 77
34 42 46 57 59
34 42 46 57 59 78
34 42 46 57 59 76 77
34 42 46 57 59 60
34 42 46 57 59 60 63 78
34 42 46 57 59 60 63 76 77
34 42 46 57 59 60 61 78
34 42 46 57 59 60 61 76 77
34 42 46 57 58 59
34 42 46 57 58 59 63 78
34 42 46 57 58 59 63 76 77
34 42 46 51 57 60 61
34 42 46 51 57 59
34 42 46 51 57 59 60 63
34 42 46 51 57 59 60 61
34 42 46 51 57 58 59 63
34 42 46 47 61
34 42 45 46 61
34 42 45 46 61 73
34 42 45 46 61 71 72
34 42 44 59 73
34 42 44 59 71 72
34 42 44 59 61 73
34 42 44 59 61 71 72
34 42 44 55 61
34 42 44 53 54 61
34 42 44 46 59
34 42 44 46 59 61
34 42 43 59 60 71 78
34 42 43 59 60 71 76 77
34 42 43 59 60 69 70 78
34 42 43 59 60 69 70 76 77
34 42 43 59 60 61 73 78
34 42 43 59 60 61 73 76 77
34 42 43 59 60 61 71 72 78
34 42 43 59 60 61 71 72 76 77
34 42 43 58 59 71 78
34 42 43 58 59 71 76 77
34 42 43 58 59 69 70 78
34 42 43 58 59 69 70 76 77
34 42 43 51 59 60 71
34 42 43 51 59 60 69 70
34 42 43 51 59 60 61 73
34 42 43 51 59 60 61 71 72
34 42 43 51 58 59 71
34 42 43 51 58 59 69 70
34 42 43 46 59 60 61 78
34 42 43 46 59 60 61 76 77
34 42 43 46 51 59 60 61
34 42 43 44 59 60 78
34 42 43 44 59 60 76 77
34 42 43 44 58 59 78
34 42 43 44 58 59 76 77
34 42 43 44 51 59 60
34 42 43 44 51 58 59
34 41 42 59 61 73
34 41 42 59 61 71 72
34 41 42 46 59 61
34 40 41 61 62 73
34 40 41 61 62 71 72
34 40 41 59 71 73
34 40 41 59 71 72
34 40 41 59 69 70 73
34 40 41 59 69 70 71 72
34 40 41 59 61
34 40 41 59 61 78 79
34 40 41 59 61 73
34 40 41 59 61 71 72
34 40 41 59 60 61 73
34 40 41 59 60 61 71 72
34 40 41 57 60 61 73 78
34 40 41 57 60 61 73 76 77
34 40 41 57 60 61 71 72 78
34 40 41 57 60 61 71 72 76 77
34 40 41 57 59 73
34 40 41 57 59 73 78
34 40 41 57 59 73 76 77
34 40 41 57 59 71 72
34 40 41 57 59 71 72 78
34 40 41 57 59 71 72 76 77
34 40 41 57 59 61
34 40 41 57 59 61 78 79
34 40 41 57 59 60 73
34 40 41 57 59 60 71 72
34 40 41 57 59 60 63 73 78
34 40 41 57 59 60 63 73 76 77
34 40 41 57 59 60 63 71 72 78
34 40 41 57 59 60 63 71 72 76 77
34 40 41 57 59 60 61 73 78
34 40 41 57 59 60 61 73 76 77
34 40 41 57 59 60 61 71 72 78
34 40 41 57 59 60 61 71 72 76 77
34 40 41 57 58 59 73
34 40 41 57 58 59 71 72
34 40 41 57 58 59 63 73 78
34 40 41 57 58 59 63 73 76 77
34 40 41 57 58 59 63 71 72 78
34 40 41 57 58 59 63 71 72 76 77
34 40 41 53 59 61
34 40 41 53 57 59 61
34 40 41 51 57 60 61 73
34 40 41 51 57 60 61 71 72
34 40 41 51 57 59 73
34 40 41 51 57 59 71 72
34 40 41 51 57 59 60 63 73
34 40 41 51 57 59 60 63 71 72
34 40 41 51 57 59 60 61 73
34 40 41 51 57 59 60 61 71 72
34 40 41 51 57 58 59 63 73
34 40 41 51 57 58 59 63 71 72
34 40 41 47 61 73
34 40 41 47 61 71 72
34 40 41 46 61 62
34 40 41 46 59 71
34 40 41 46 59 69 70
34 40 41 46 59 61
34 40 41 46 59 60 61
34 40 41 46 57 60 61 78
34 40 41 46 57 60 61 76 77
34 40 41 46 57 59
34 40 41 46 57 59 78
34 40 41 46 57 59 76 77
34 40 41 46 57 59 60
34 40 41 46 57 59 60 63 78
34 40 41 46 57 59 60 63 76 77
34 40 41 46 57 59 60 61 78
34 40 41 46 57 59 60 61 76 77
34 40 41 46 57 58 59
34 40 41 46 57 58 59 63 78
34 40 41 46 57 58 59 63 76 77
34 40 41 46 51 57 60 61
34 40 41 46 51 57 59
34 40 41 46 51 57 59 60 63
34 40 41 46 51 57 59 60 61
34 40 41 46 51 57 58 59 63
34 40 41 46 47 61
34 40 41 45 46 61
34 40 41 45 46 61 73
34 40 41 45 46 61 71 72
34 40 41 44 59 73
34 40 41 44 59 71 72
34 40 41 44 59 61 73
34 40 41 44 59 61 71 72
34 40 41 44 46 59
34 40 41 44 46 59 61
34 40 41 43 59 61 73
34 40 41 43 59 61 71 72
34 40 41 43 46 59 61
34 40 41 42 59 61 73
34 40 41 42 59 61 71 72
34 40 41 42 46 59 61
34 40 41 42 43 59 61 73
34 40 41 42 43 59 61 71 72
34 40 41 42 43 46 59 61
34 37 59 61 73
34 37 59 61 71 72
34 37 46 59 61
34 36 59 61 73
34 36 59 61 71 72
34 36 46 59 61
34 35 42 61 73
34 35 42 61 71 72
34 35 42 46 61
34 35 40 41 61 73
34 35 40 41 61 71 72
34 35 40 41 46 61
33 57 61 73
33 57 61 71 72
33 57 59 61 73
33 57 59 61 71 72
33 57 59 60 73
33 57 59 60 71 72
33 57 59 60 61 73
33 57 59 60 61 71 72
33 46 57 61
33 46 57 59 61
33 46 57 59 60
33 46 57 59 60 61
33 44 59 61 78
33 44 59 61 76 77
33 44 59 61 71 78
33 44 59 61 71 76 77
33 44 59 61 69 70 78
33 44 59 61 69 70 76 77
33 44 59 60 78
33 44 59 60 76 77
33 44 59 60 71 78
33 44 59 60 71 76 77
33 44 59 60 69 70 78
33 44 59 60 69 70 76 77
33 44 51 59 61
33 44 51 59 61 71
33 44 51 59 61 69 70
33 44 51 59 60
33 44 51 59 60 71
33 44 51 59 60 69 70
33 42 61 73
33 42 61 71 72
33 42 59 61 73
33 42 59 61 71 72
33 42 57 61 73 78
33 42 57 61 73 76 77
33 42 57 61 71 72 78
33 42 57 61 71 72 76 77
33 42 57 59 61 73
33 42 57 59 61 73 78
33 42 57 59 61 73 76 77
33 42 57 59 61 71 72
33 42 57 59 61 71 72 78
33 42 57 59 61 71 72 76 77
33 42 57 59 61 63 73 78
33 42 57 59 61 63 73 76 77
33 42 57 59 61 63 71 72 78
33 42 57 59 61 63 71 72 76 77
33 42 57 59 60 73
33 42 57 59 60 71 72
33 42 57 59 60 63 73 78
33 42 57 59 60 63 73 76 77
33 42 57 59 60 63 71 72 78
33 42 57 59 60 63 71 72 76 77
33 42 51 57 61 73
33 42 51 57 61 71 72
33 42 51 57 59 61 73
33 42 51 57 59 61 71 72
33 42 51 57 59 61 63 73
33 42 51 57 59 61 63 71 72
33 42 51 57 59 60 63 73
33 42 51 57 59 60 63 71 72
33 42 46 61
33 42 46 59 61
33 42 46 57 61 78
33 42 46 57 61 76 77
33 42 46 57 59 61
33 42 46 57 59 61 78
33 42 46 57 59 61 76 77
33 42 46 57 59 61 63 78
33 42 46 57 59 61 63 76 77
33 42 46 57 59 60
33 42 46 57 59 60 63 78
33 42 46 57 59 60 63 76 77
33 42 46 51 57 61
33 42 46 51 57 59 61
33 42 46 51 57 59 61 63
33 42 46 51 57 59 60 63
33 42 43 59 61 71 78
33 42 43 59 61 71 76 77
33 42 43 59 61 69 70 78
33 42 43 59 61 69 70 76 77
33 42 43 59 60 71 78
33 42 43 59 60 71 76 77
33 42 43 59 60 69 70 78
33 42 43 59 60 69 70 76 77
33 42 43 51 59 61 71
33 42 43 51 59 61 69 70
33 42 43 51 59 60 71
33 42 43 51 59 60 69 70
33 42 43 44 59 61 78
33 42 43 44 59 61 76 77
33 42 43 44 59 60 78
33 42 43 44 59 60 76 77
33 42 43 44 51 59 61
33 42 43 44 51 59 60
33 40 41 61 73
33 40 41 61 71 72
33 40 41 59 61 73
33 40 41 59 61 71 72
33 40 41 57 61 73 78
33 40 41 57 61 73 76 77
33 40 41 57 61 71 72 78
33 40 41 57 61 71 72 76 77
33 40 41 57 59 61 73
33 40 41 57 59 61 73 78
33 40 41 57 59 61 73 76 77
33 40 41 57 59 61 71 72
33 40 41 57 59 61 71 72 78
33 40 41 57 59 61 71 72 76 77
33 40 41 57 59 61 63 73 78
33 40 41 57 59 61 63 73 76 77
33 40 41 57 59 61 63 71 72 78
33 40 41 57 59 61 63 71 72 76 77
33 40 41 57 59 60 73
33 40 41 57 59 60 71 72
33 40 41 57 59 60 63 73 78
33 40 41 57 59 60 63 73 76 77
33 40 41 57 59 60 63 71 72 78
33 40 41 57 59 60 63 71 72 76 77
33 40 41 51 57 61 73
33 40 41 51 57 61 71 72
33 40 41 51 57 59 61 73
33 40 41 51 57 59 61 71 72
33 40 41 51 57 59 61 63 73
33 40 41 51 57 59 61 63 71 72
33 40 41 51 57 59 60 63 73
33 40 41 51 57 59 60 63 71 72
33 40 41 46 61
33 40 41 46 59 61
33 40 41 46 57 61 78
33 40 41 46 57 61 76 77
33 40 41 46 57 59 61
33 40 41 46 57 59 61 78
33 40 41 46 57 59 61 76 77
33 40 41 46 57 59 61 63 78
33 40 41 46 57 59 61 63 76 77
33 40 41 46 57 59 60
33 40 41 46 57 59 60 63 78
33 40 41 46 57 59 60 63 76 77
33 40 41 46 51 57 61
33 40 41 46 51 57 59 61
33 40 41 46 51 57 59 61 63
33 40 41 46 51 57 59 60 63
33 34 57 61 73
33 34 57 61 71 72
33 34 57 59 73
33 34 57 59 71 72
33 34 46 57 61
33 34 46 57 59
33 34 44 59 78
33 34 44 59 76 77
33 34 44 59 71 78
33 34 44 59 71 76 77
33 34 44 59 69 70 78
33 34 44 59 69 70 76 77
33 34 44 51 59
33 34 44 51 59 71
33 34 44 51 59 69 70
33 34 42 61 73
33 34 42 61 71 72
33 34 42 59 61 73
33 34 42 59 61 71 72
33 34 42 57 61 73 78
33 34 42 57 61 73 76 77
33 34 42 57 61 71 72 78
33 34 42 57 61 71 72 76 77
33 34 42 57 59 73
33 34 42 57 59 71 72
33 34 42 57 59 63 73 78
33 34 42 57 59 63 73 76 77
33 34 42 57 59 63 71 72 78
33 34 42 57 59 63 71 72 76 77
33 34 42 57 59 61 73 78
33 34 42 57 59 61 73 76 77
33 34 42 57 59 61 71 72 78
33 34 42 57 59 61 71 72 76 77
33 34 42 51 57 61 73
33 34 42 51 57 61 71 72
33 34 42 51 57 59 63 73
33 34 42 51 57 59 63 71 72
33 34 42 51 57 59 61 73
33 34 42 51 57 59 61 71 72
33 34 42 46 61
33 34 42 46 59 61
33 34 42 46 57 61 78
33 34 42 46 57 61 76 77
33 34 42 46 57 59
33 34 42 46 57 59 63 78
33 34 42 46 57 59 63 76 77
33 34 42 46 57 59 61 78
33 34 42 46 57 59 61 76 77
33 34 42 46 51 57 61
33 34 42 46 51 57 59 63
33 34 42 46 51 57 59 61
33 34 42 43 59 71 78
33 34 42 43 59 71 76 77
33 34 42 43 59 69 70 78
33 34 42 43 59 69 70 76 77
33 34 42 43 51 59 71
33 34 42 43 51 59 69 70
33 34 42 43 44 59 78
33 34 42 43 44 59 76 77
33 34 42 43 44 51 59
33 34 40 41 61 73
33 34 40 41 61 71 72
33 34 40 41 59 61 73
33 34 40 41 59 61 71 72
33 34 40 41 57 61 73 78
33 34 40 41 57 61 73 76 77
33 34 40 41 57 61 71 72 78
33 34 40 41 57 61 71 72 76 77
33 34 40 41 57 59 73
33 34 40 41 57 59 71 72
33 34 40 41 57 59 63 73 78
33 34 40 41 57 59 63 73 76 77
33 34 40 41 57 59 63 71 72 78
33 34 40 41 57 59 63 71 72 76 77
33 34 40 41 57 59 61 73 78
33 34 40 41 57 59 61 73 76 77
33 34 40 41 57 59 61 71 72 78
33 34 40 41 57 59 61 71 72 76 77
33 34 40 41 51 57 61 73
33 34 40 41 51 57 61 71 72
33 34 40 41 51 57 59 63 73
33 34 40 41 51 57 59 63 71 72
33 34 40 41 51 57 59 61 73
33 34 40 41 51 57 59 61 71 72
33 34 40 41 46 61
33 34 40 41 46 59 61
33 34 40 41 46 57 61 78
33 34 40 41 46 57 61 76 77
33 34 40 41 46 57 59
33 34 40 41 46 57 59 63 78
33 34 40 41 46 57 59 63 76 77
33 34 40 41 46 57 59 61 78
33 34 40 41 46 57 59 61 76 77
33 34 40 41 46 51 57 61
33 34 40 41 46 51 57 59 63
33 34 40 41 46 51 57 59 61
32
29 53 69 73
29 53 69 71 72
29 53 67 68 73
29 53 67 68 71 72
29 51 52 69 73
29 51 52 69 71 72
29 51 52 67 68 73
29 51 52 67 68 71 72
29 46 53 69
29 46 53 67 68
29 46 51 52 69
29 46 51 52 67 68
29 42 59 61
29 42 59 61 73
29 42 59 61 71 72
29 42 59 61 65
29 42 59 60 61 73
29 42 59 60 61 71 72
29 42 53 73
29 42 53 71 72
29 42 51 52 73
29 42 51 52 71 72
29 42 46 59 61
29 42 46 59 60 61
29 42 46 53
29 42 46 51 52
29 40 41 59 61
29 40 41 59 61 73
29 40 41 59 61 71 72
29 40 41 59 61 65
29 40 41 59 60 61 73
29 40 41 59 60 61 71 72
29 40 41 46 59 61
29 40 41 46 59 60 61
29 34 42 59 61 73
29 34 42 59 61 71 72
29 34 42 46 59 61
29 34 40 41 59 61 73
29 34 40 41 59 61 71 72
29 34 40 41 46 59 61
28 42 59 61
28 40 41 59 61
28 34 61 71
28 34 61 69 71
28 34 61 67 68 71
28 34 61 67 68 69 70
28 34 44 61
28 34 44 61 69
28 34 44 61 67 68
28 34 42 61 71
28 34 42 61 69 70
28 34 42 44 61
27 28 42 59 61
27 28 42 59 61 73
27 28 42 59 61 71 72
27 28 42 59 61 65
27 28 42 59 60 61 73
27 28 42 59 60 61 71 72
27 28 42 46 59 61
27 28 42 46 59 60 61
27 28 40 41 59 61
27 28 40 41 59 61 73
27 28 40 41 59 61 71 72
27 28 40 41 59 61 65
27 28 40 41 59 60 61 73
27 28 40 41 59 60 61 71 72
27 28 40 41 46 59 61
27 28 40 41 46 59 60 61
27 28 34 42 59 61 73
27 28 34 42 59 61 71 72
27 28 34 42 46 59 61
27 28 34 40 41 59 61 73
27 28 34 40 41 59 61 71 72
27 28 34 40 41 46 59 61
26 65 69 73
26 65 69 71 72
26 65 67 68 73
26 65 67 68 71 72
26 63 69 73
26 63 69 71 72
26 63 67 68 73
26 63 67 68 71 72
26 63 64 69 73
26 63 64 69 71 72
26 63 64 67 68 73
26 63 64 67 68 71 72
26 61 62 69 73
26 61 62 69 71 72
26 61 62 67 68 73
26 61 62 67 68 71 72
26 56 69 73
26 56 69 71 72
26 56 67 68 73
26 56 67 68 71 72
26 54 55 69 73
26 54 55 69 71 72
26 54 55 67 68 73
26 54 55 67 68 71 72
26 46 65 69
26 46 65 67 68
26 46 63 69
26 46 63 67 68
26 46 63 64 69
26 46 63 64 67 68
26 46 61 62 69
26 46 61 62 67 68
26 46 56 69
26 46 56 67 68
26 46 54 55 69
26 46 54 55 67 68
26 42 65 73
26 42 65 71 72
26 42 63 73
26 42 63 71 72
26 42 63 64 73
26 42 63 64 71 72
26 42 61 62 73
26 42 61 62 71 72
26 42 56 73
26 42 56 71 72
26 42 54 55 73
26 42 54 55 71 72
26 42 46 65
26 42 46 63
26 42 46 63 64
26 42 46 61 62
26 42 46 56
26 42 46 54 55
26 38 69 73
26 38 69 71 72
26 38 67 68 73
26 38 67 68 71 72
26 38 46 69
26 38 46 67 68
26 38 42 73
26 38 42 71 72
26 38 42 46
26 36 69 73
26 36 69 71 72
26 36 67 68 73
26 36 67 68 71 72
26 36 46 69
26 36 46 67 68
26 36 42 73
26 36 42 71 72
26 36 42 46
26 29 69 73
26 29 69 71 72
26 29 67 68 73
26 29 67 68 71 72
26 29 46 69
26 29 46 67 68
26 29 42 73
26 29 42 71 72
26 29 42 46
25 34
22 59 61 73
22 59 61 71 72
22 59 60 61 73
22 59 60 61 71 72
22 46 59 61
22 46 59 60 61
22 34 59 61 73
22 34 59 61 71 72
22 34 46 59 61
21 44 59 61 73
21 44 59 61 71 72
21 44 59 61 63
21 44 59 61 62
21 44 46 59 61
21 42 43 59 61 73
21 42 43 59 61 71 72
21 42 43 59 61 63
21 42 43 59 61 62
21 42 43 46 59 61
21 36 44 59 61
21 36 42 43 59 61
20 42 61 73
20 42 61 71 72
20 42 59 60 61 73
20 42 59 60 61 71 72
20 42 46 61
20 42 46 59 60 61
20 40 41 61 73
20 40 41 61 71 72
20 40 41 59 60 61 73
20 40 41 59 60 61 71 72
20 40 41 46 61
20 40 41 46 59 60 61
20 34 42 61 73
20 34 42 61 71 72
20 34 42 46 61
20 34 40 41 61 73
20 34 40 41 61 71 72
20 34 40 41 46 61
18 59 63 73
18 59 63 71 72
18 59 61 62 73
18 59 61 62 71 72
18 46 59 63
18 46 59 61 62
18 44 59 61 73 78
18 44 59 61 73 76 77
18 44 59 61 71 72 78
18 44 59 61 71 72 76 77
18 44 59 60 61 73 78
18 44 59 60 61 73 76 77
18 44 59 60 61 71 72 78
18 44 59 60 61 71 72 76 77
18 44 51 59 61 73
18 44 51 59 61 71 72
18 44 51 59 60 61 73
18 44 51 59 60 61 71 72
18 44 46 59 61 78
18 44 46 59 61 76 77
18 44 46 59 60 61 78
18 44 46 59 60 61 76 77
18 44 46 51 59 61
18 44 46 51 59 60 61
18 42 61 73
18 42 61 71 72
18 42 46 61
18 42 43 59 61 73 78
18 42 43 59 61 73 76 77
18 42 43 59 61 71 72 78
18 42 43 59 61 71 72 76 77
18 42 43 59 60 61 73 78
18 42 43 59 60 61 73 76 77
18 42 43 59 60 61 71 72 78
18 42 43 59 60 61 71 72 76 77
18 42 43 51 59 61 73
18 42 43 51 59 61 71 72
18 42 43 51 59 60 61 73
18 42 43 51 59 60 61 71 72
18 42 43 46 59 61 78
18 42 43 46 59 61 76 77
18 42 43 46 59 60 61 78
18 42 43 46 59 60 61 76 77
18 42 43 46 51 59 61
18 42 43 46 51 59 60 61
18 40 41 61 73
18 40 41 61 71 72
18 40 41 46 61
18 36 59 73
18 36 59 71 72
18 36 46 59
18 34 44 59 61 73 78
18 34 44 59 61 73 76 77
18 34 44 59 61 71 72 78
18 34 44 59 61 71 72 76 77
18 34 44 51 59 61 73
18 34 44 51 59 61 71 72
18 34 44 46 59 61 78
18 34 44 46 59 61 76 77
18 34 44 46 51 59 61
18 34 42 43 59 61 73 78
18 34 42 43 59 61 73 76 77
18 34 42 43 59 61 71 72 78
18 34 42 43 59 61 71 72 76 77
18 34 42 43 51 59 61 73
18 34 42 43 51 59 61 71 72
18 34 42 43 46 59 61 78
18 34 42 43 46 59 61 76 77
18 34 42 43 46 51 59 61
17 59 63 73 78
17 59 63 73 76 77
17 59 63 71 72 78
17 59 63 71 72 76 77
17 59 61 73
17 59 61 73 78
17 59 61 73 76 77
17 59 61 71 72
17 59 61 71 72 78
17 59 61 71 72 76 77
17 59 61 63
17 59 61 62
17 59 60 71 78
17 59 60 71 76 77
17 59 60 69 70 78
17 59 60 69 70 76 77
17 59 60 61 71 78
17 59 60 61 71 76 77
17 59 60 61 69 70 78
17 59 60 61 69 70 76 77
17 58 59 61 71 78
17 58 59 61 71 76 77
17 58 59 61 69 70 78
17 58 59 61 69 70 76 77
17 58 59 60 71 78
17 58 59 60 71 76 77
17 58 59 60 69 70 78
17 58 59 60 69 70 76 77
17 51 59 63 73
17 51 59 63 71 72
17 51 59 61 73
17 51 59 61 71 72
17 51 59 60 71
17 51 59 60 69 70
17 51 59 60 61 71
17 51 59 60 61 69 70
17 51 58 59 61 71
17 51 58 59 61 69 70
17 51 58 59 60 71
17 51 58 59 60 69 70
17 48 59 61 73
17 48 59 61 71 72
17 48 59 61 63
17 48 59 61 62
17 46 59 63 78
17 46 59 63 76 77
17 46 59 61
17 46 59 61 78
17 46 59 61 76 77
17 46 51 59 63
17 46 51 59 61
17 46 48 59 61
17 46 47 59 61
17 46 47 59 61 73
17 46 47 59 61 71 72
17 46 47 59 61 63
17 46 47 59 61 62
17 44 59 60 78
17 44 59 60 76 77
17 44 59 60 61 78
17 44 59 60 61 76 77
17 44 58 59 61 78
17 44 58 59 61 76 77
17 44 58 59 60 78
17 44 58 59 60 76 77
17 44 51 59 60
17 44 51 59 60 61
17 44 51 58 59 61
17 44 51 58 59 60
17 42 59 61 73
17 42 59 61 71 72
17 42 59 60 61 73
17 42 59 60 61 71 72
17 42 46 59 61
17 42 46 59 60 61
17 40 41 59 61 73
17 40 41 59 61 71 72
17 40 41 59 60 61 73
17 40 41 59 60 61 71 72
17 40 41 46 59 61
17 40 41 46 59 60 61
17 36 59 61
17 36 48 59 61
17 36 46 47 59 61
17 34 59 60 71 78
17 34 59 60 71 76 77
17 34 59 60 69 70 78
17 34 59 60 69 70 76 77
17 34 59 60 61 73 78
17 34 59 60 61 73 76 77
17 34 59 60 61 71 72 78
17 34 59 60 61 71 72 76 77
17 34 58 59 71 78
17 34 58 59 71 76 77
17 34 58 59 69 70 78
17 34 58 59 69 70 76 77
17 34 51 59 60 71
17 34 51 59 60 69 70
17 34 51 59 60 61 73
17 34 51 59 60 61 71 72
17 34 51 58 59 71
17 34 51 58 59 69 70
17 34 46 59 60 61 78
17 34 46 59 60 61 76 77
17 34 46 51 59 60 61
17 34 44 59 60 78
17 34 44 59 60 76 77
17 34 44 58 59 78
17 34 44 58 59 76 77
17 34 44 51 59 60
17 34 44 51 58 59
17 34 42 59 61 73
17 34 42 59 61 71 72
17 34 42 46 59 61
17 34 40 41 59 61 73
17 34 40 41 59 61 71 72
17 34 40 41 46 59 61
17 33 59 61 71 78
17 33 59 61 71 76 77
17 33 59 61 69 70 78
17 33 59 61 69 70 76 77
17 33 59 60 71 78
17 33 59 60 71 76 77
17 33 59 60 69 70 78
17 33 59 60 69 70 76 77
17 33 51 59 61 71
17 33 51 59 61 69 70
17 33 51 59 60 71
17 33 51 59 60 69 70
17 33 44 59 61 78
17 33 44 59 61 76 77
17 33 44 59 60 78
17 33 44 59 60 76 77
17 33 44 51 59 61
17 33 44 51 59 60
17 33 34 59 71 78
17 33 34 59 71 76 77
17 33 34 59 69 70 78
17 33 34 59 69 70 76 77
17 33 34 51 59 71
17 33 34 51 59 69 70
17 33 34 44 59 78
17 33 34 44 59 76 77
17 33 34 44 51 59
17 21 59 61 73
17 21 59 61 71 72
17 21 59 61 63
17 21 59 61 62
17 21 46 59 61
17 21 36 59 61
17 18 59 61 73 78
17 18 59 61 73 76 77
17 18 59 61 71 72 78
17 18 59 61 71 72 76 77
17 18 59 60 61 73 78
17 18 59 60 61 73 76 77
17 18 59 60 61 71 72 78
17 18 59 60 61 71 72 76 77
17 18 51 59 61 73
17 18 51 59 61 71 72
17 18 51 59 60 61 73
17 18 51 59 60 61 71 72
17 18 46 59 61 78
17 18 46 59 61 76 77
17 18 46 59 60 61 78
17 18 46 59 60 61 76 77
17 18 46 51 59 61
17 18 46 51 59 60 61
17 18 34 59 61 73 78
17 18 34 59 61 73 76 77
17 18 34 59 61 71 72 78
17 18 34 59 61 71 72 76 77
17 18 34 51 59 61 73
17 18 34 51 59 61 71 72
17 18 34 46 59 61 78
17 18 34 46 59 61 76 77
17 18 34 46 51 59 61
16 42 59 61 73
16 42 59 61 71 72
16 42 59 60 61 73
16 42 59 60 61 71 72
16 42 46 59 61
16 42 46 59 60 61
16 40 41 59 61 73
16 40 41 59 61 71 72
16 40 41 59 60 61 73
16 40 41 59 60 61 71 72
16 40 41 46 59 61
16 40 41 46 59 60 61
16 34 42 59 61 73
16 34 42 59 61 71 72
16 34 42 46 59 61
16 34 40 41 59 61 73
16 34 40 41 59 61 71 72
16 34 40 41 46 59 61
16 17 59 63 73
16 17 59 63 71 72
16 17 59 61 73 78
16 17 59 61 73 76 77
16 17 59 61 71 72 78
16 17 59 61 71 72 76 77
16 17 59 61 62 73
16 17 59 61 62 71 72
16 17 59 60 61 73 78
16 17 59 60 61 73 76 77
16 17 59 60 61 71 72 78
16 17 59 60 61 71 72 76 77
16 17 51 59 61 73
16 17 51 59 61 71 72
16 17 51 59 60 61 73
16 17 51 59 60 61 71 72
16 17 46 59 63
16 17 46 59 61 78
16 17 46 59 61 76 77
16 17 46 59 61 62
16 17 46 59 60 61 78
16 17 46 59 60 61 76 77
16 17 46 51 59 61
16 17 46 51 59 60 61
16 17 44 59 61 73 78
16 17 44 59 61 73 76 77
16 17 44 59 61 71 72 78
16 17 44 59 61 71 72 76 77
16 17 44 59 60 61 73 78
16 17 44 59 60 61 73 76 77
16 17 44 59 60 61 71 72 78
16 17 44 59 60 61 71 72 76 77
16 17 44 51 59 61 73
16 17 44 51 59 61 71 72
16 17 44 51 59 60 61 73
16 17 44 51 59 60 61 71 72
16 17 44 46 59 61 78
16 17 44 46 59 61 76 77
16 17 44 46 59 60 61 78
16 17 44 46 59 60 61 76 77
16 17 44 46 51 59 61
16 17 44 46 51 59 60 61
16 17 42 61 73
16 17 42 61 71 72
16 17 42 46 61
16 17 42 43 59 61 73 78
16 17 42 43 59 61 73 76 77
16 17 42 43 59 61 71 72 78
16 17 42 43 59 61 71 72 76 77
16 17 42 43 59 60 61 73 78
16 17 42 43 59 60 61 73 76 77
16 17 42 43 59 60 61 71 72 78
16 17 42 43 59 60 61 71 72 76 77
16 17 42 43 51 59 61 73
16 17 42 43 51 59 61 71 72
16 17 42 43 51 59 60 61 73
16 17 42 43 51 59 60 61 71 72
16 17 42 43 46 59 61 78
16 17 42 43 46 59 61 76 77
16 17 42 43 46 59 60 61 78
16 17 42 43 46 59 60 61 76 77
16 17 42 43 46 51 59 61
16 17 42 43 46 51 59 60 61
16 17 40 41 61 73
16 17 40 41 61 71 72
16 17 40 41 46 61
16 17 36 59 73
16 17 36 59 71 72
16 17 36 46 59
16 17 34 59 61 73 78
16 17 34 59 61 73 76 77
16 17 34 59 61 71 72 78
16 17 34 59 61 71 72 76 77
16 17 34 51 59 61 73
16 17 34 51 59 61 71 72
16 17 34 46 59 61 78
16 17 34 46 59 61 76 77
16 17 34 46 51 59 61
16 17 34 44 59 61 73 78
16 17 34 44 59 61 73 76 77
16 17 34 44 59 61 71 72 78
16 17 34 44 59 61 71 72 76 77
16 17 34 44 51 59 61 73
16 17 34 44 51 59 61 71 72
16 17 34 44 46 59 61 78
16 17 34 44 46 59 61 76 77
16 17 34 44 46 51 59 61
16 17 34 42 43 59 61 73 78
16 17 34 42 43 59 61 73 76 77
16 17 34 42 43 59 61 71 72 78
16 17 34 42 43 59 61 71 72 76 77
16 17 34 42 43 51 59 61 73
16 17 34 42 43 51 59 61 71 72
16 17 34 42 43 46 59 61 78
16 17 34 42 43 46 59 61 76 77
16 17 34 42 43 46 51 59 61
15 61 63 73
15 61 63 71 72
15 60 61 73
15 60 61 71 72
15 59 73
15 59 71 72
15 59 63 73
15 59 63 71 72
15 59 61 78 79
15 59 61 73
15 59 61 71 73
15 59 61 69 70 73
15 59 61 69 70 71 72
15 59 61 62 73
15 59 61 62 71 72
15 59 60 71 73
15 59 60 71 72
15 59 60 69 70 73
15 59 60 69 70 71 72
15 59 60 61
15 59 60 61 78 79
15 59 60 61 73
15 59 60 61 71 72
15 59 60 61 62 73
15 59 60 61 62 71 72
15 57 60 61 73 78
15 57 60 61 73 76 77
15 57 60 61 71 72 78
15 57 60 61 71 72 76 77
15 57 59 61
15 57 59 61 78 79
15 57 59 61 73
15 57 59 61 73 78
15 57 59 61 73 76 77
15 57 59 61 71 72
15 57 59 61 71 72 78
15 57 59 61 71 72 76 77
15 57 59 60 73 78
15 57 59 60 73 76 77
15 57 59 60 71 72 78
15 57 59 60 71 72 76 77
15 57 59 60 63 73 78
15 57 59 60 63 73 76 77
15 57 59 60 63 71 72 78
15 57 59 60 63 71 72 76 77
15 57 59 60 61
15 57 59 60 61 78 79
15 57 59 60 61 73
15 57 59 60 61 73 78
15 57 59 60 61 73 76 77
15 57 59 60 61 71 72
15 57 59 60 61 71 72 78
15 57 59 60 61 71 72 76 77
15 57 59 60 61 63 73 78
15 57 59 60 61 63 73 76 77
15 57 59 60 61 63 71 72 78
15 57 59 60 61 63 71 72 76 77
15 57 58 59 61 73
15 57 58 59 61 71 72
15 57 58 59 61 63 73 78
15 57 58 59 61 63 73 76 77
15 57 58 59 61 63 71 72 78
15 57 58 59 61 63 71 72 76 77
15 57 58 59 60 73
15 57 58 59 60 71 72
15 57 58 59 60 63 73 78
15 57 58 59 60 63 73 76 77
15 57 58 59 60 63 71 72 78
15 57 58 59 60 63 71 72 76 77
15 55 59 61
15 53 59 61
15 53 59 60 61
15 53 57 59 61
15 53 57 59 60 61
15 53 54 59 61
15 51 57 60 61 73
15 51 57 60 61 71 72
15 51 57 59 61 73
15 51 57 59 61 71 72
15 51 57 59 60 73
15 51 57 59 60 71 72
15 51 57 59 60 63 73
15 51 57 59 60 63 71 72
15 51 57 59 60 61 73
15 51 57 59 60 61 71 72
15 51 57 59 60 61 63 73
15 51 57 59 60 61 63 71 72
15 51 57 58 59 61 63 73
15 51 57 58 59 61 63 71 72
15 51 57 58 59 60 63 73
15 51 57 58 59 60 63 71 72
15 47 61 73
15 47 61 71 72
15 47 59 60 61 73
15 47 59 60 61 71 72
15 46 61 63
15 46 60 61
15 46 59
15 46 59 63
15 46 59 61
15 46 59 61 71
15 46 59 61 69 70
15 46 59 61 62
15 46 59 60 71
15 46 59 60 69 70
15 46 59 60 61
15 46 59 60 61 62
15 46 57 60 61 78
15 46 57 60 61 76 77
15 46 57 59 61
15 46 57 59 61 78
15 46 57 59 61 76 77
15 46 57 59 60 78
15 46 57 59 60 76 77
15 46 57 59 60 63 78
15 46 57 59 60 63 76 77
15 46 57 59 60 61
15 46 57 59 60 61 78
15 46 57 59 60 61 76 77
15 46 57 59 60 61 63 78
15 46 57 59 60 61 63 76 77
15 46 57 58 59 61
15 46 57 58 59 61 63 78
15 46 57 58 59 61 63 76 77
15 46 57 58 59 60
15 46 57 58 59 60 63 78
15 46 57 58 59 60 63 76 77
15 46 51 57 60 61
15 46 51 57 59 61
15 46 51 57 59 60
15 46 51 57 59 60 63
15 46 51 57 59 60 61
15 46 51 57 59 60 61 63
15 46 51 57 58 59 61 63
15 46 51 57 58 59 60 63
15 46 47 61
15 46 47 59 60 61
15 45 46 61
15 45 46 61 73
15 45 46 61 71 72
15 45 46 59 60 61
15 45 46 59 60 61 73
15 45 46 59 60 61 71 72
15 44 59 60 73
15 44 59 60 71 72
15 44 59 60 61 73
15 44 59 60 61 71 72
15 44 46 59 60
15 44 46 59 60 61
15 43 59 61 73
15 43 59 61 71 72
15 43 59 60 61 73
15 43 59 60 61 71 72
15 43 46 59 61
15 43 46 59 60 61
15 42 43 59 61 73
15 42 43 59 61 71 72
15 42 43 59 60 61 73
15 42 43 59 60 61 71 72
15 42 43 46 59 61
15 42 43 46 59 60 61
15 41 42 59 61 73
15 41 42 59 61 71 72
15 41 42 59 60 61 73
15 41 42 59 60 61 71 72
15 41 42 46 59 61
15 41 42 46 59 60 61
15 36 61 73
15 36 61 71 72
15 36 59 73
15 36 59 71 72
15 36 46 61
15 36 46 59
15 35 61 73
15 35 61 71 72
15 35 59 60 61 73
15 35 59 60 61 71 72
15 35 46 61
15 35 46 59 60 61
15 34 61 62 73
15 34 61 62 71 72
15 34 59 71 73
15 34 59 71 72
15 34 59 69 70 73
15 34 59 69 70 71 72
15 34 59 61
15 34 59 61 78 79
15 34 59 61 73
15 34 59 61 71 72
15 34 59 60 61 73
15 34 59 60 61 71 72
15 34 57 60 61 73 78
15 34 57 60 61 73 76 77
15 34 57 60 61 71 72 78
15 34 57 60 61 71 72 76 77
15 34 57 59 73
15 34 57 59 73 78
15 34 57 59 73 76 77
15 34 57 59 71 72
15 34 57 59 71 72 78
15 34 57 59 71 72 76 77
15 34 57 59 61
15 34 57 59 61 78 79
15 34 57 59 60 73
15 34 57 59 60 71 72
15 34 57 59 60 63 73 78
15 34 57 59 60 63 73 76 77
15 34 57 59 60 63 71 72 78
15 34 57 59 60 63 71 72 76 77
15 34 57 59 60 61 73 78
15 34 57 59 60 61 73 76 77
15 34 57 59 60 61 71 72 78
15 34 57 59 60 61 71 72 76 77
15 34 57 58 59 73
15 34 57 58 59 71 72
15 34 57 58 59 63 73 78
15 34 57 58 59 63 73 76 77
15 34 57 58 59 63 71 72 78
15 34 57 58 59 63 71 72 76 77
15 34 53 59 61
15 34 53 57 59 61
15 34 51 57 60 61 73
15 34 51 57 60 61 71 72
15 34 51 57 59 73
15 34 51 57 59 71 72
15 34 51 57 59 60 63 73
15 34 51 57 59 60 63 71 72
15 34 51 57 59 60 61 73
15 34 51 57 59 60 61 71 72
15 34 51 57 58 59 63 73
15 34 51 57 58 59 63 71 72
15 34 47 61 73
15 34 47 61 71 72
15 34 46 61 62
15 34 46 59 71
15 34 46 59 69 70
15 34 46 59 61
15 34 46 59 60 61
15 34 46 57 60 61 78
15 34 46 57 60 61 76 77
15 34 46 57 59
15 34 46 57 59 78
15 34 46 57 59 76 77
15 34 46 57 59 60
15 34 46 57 59 60 63 78
15 34 46 57 59 60 63 76 77
15 34 46 57 59 60 61 78
15 34 46 57 59 60 61 76 77
15 34 46 57 58 59
15 34 46 57 58 59 63 78
15 34 46 57 58 59 63 76 77
15 34 46 51 57 60 61
15 34 46 51 57 59
15 34 46 51 57 59 60 63
15 34 46 51 57 59 60 61
15 34 46 51 57 58 59 63
15 34 46 47 61
15 34 45 46 61
15 34 45 46 61 73
15 34 45 46 61 71 72
15 34 44 59 73
15 34 44 59 71 72
15 34 44 59 61 73
15 34 44 59 61 71 72
15 34 44 46 59
15 34 44 46 59 61
15 34 43 59 61 73
15 34 43 59 61 71 72
15 34 43 46 59 61
15 34 42 43 59 61 73
15 34 42 43 59 61 71 72
15 34 42 43 46 59 61
15 34 41 42 59 61 73
15 34 41 42 59 61 71 72
15 34 41 42 46 59 61
15 34 35 61 73
15 34 35 61 71 72
15 34 35 46 61
15 33 61 73
15 33 61 71 72
15 33 59 61 73
15 33 59 61 71 72
15 33 57 61 73 78
15 33 57 61 73 76 77
15 33 57 61 71 72 78
15 33 57 61 71 72 76 77
15 33 57 59 61 73
15 33 57 59 61 73 78
15 33 57 59 61 73 76 77
15 33 57 59 61 71 72
15 33 57 59 61 71 72 78
15 33 57 59 61 71 72 76 77
15 33 57 59 61 63 73 78
15 33 57 59 61 63 73 76 77
15 33 57 59 61 63 71 72 78
15 33 57 59 61 63 71 72 76 77
15 33 57 59 60 73
15 33 57 59 60 71 72
15 33 57 59 60 63 73 78
15 33 57 59 60 63 73 76 77
15 33 57 59 60 63 71 72 78
15 33 57 59 60 63 71 72 76 77
15 33 51 57 61 73
15 33 51 57 61 71 72
15 33 51 57 59 61 73
15 33 51 57 59 61 71 72
15 33 51 57 59 61 63 73
15 33 51 57 59 61 63 71 72
15 33 51 57 59 60 63 73
15 33 51 57 59 60 63 71 72
15 33 46 61
15 33 46 59 61
15 33 46 57 61 78
15 33 46 57 61 76 77
15 33 46 57 59 61
15 33 46 57 59 61 78
15 33 46 57 59 61 76 77
15 33 46 57 59 61 63 78
15 33 46 57 59 61 63 76 77
15 33 46 57 59 60
15 33 46 57 59 60 63 78
15 33 46 57 59 60 63 76 77
15 33 46 51 57 61
15 33 46 51 57 59 61
15 33 46 51 57 59 61 63
15 33 46 51 57 59 60 63
15 33 34 61 73
15 33 34 61 71 72
15 33 34 59 61 73
15 33 34 59 61 71 72
15 33 34 57 61 73 78
15 33 34 57 61 73 76 77
15 33 34 57 61 71 72 78
15 33 34 57 61 71 72 76 77
15 33 34 57 59 73
15 33 34 57 59 71 72
15 33 34 57 59 63 73 78
15 33 34 57 59 63 73 76 77
15 33 34 57 59 63 71 72 78
15 33 34 57 59 63 71 72 76 77
15 33 34 57 59 61 73 78
15 33 34 57 59 61 73 76 77
15 33 34 57 59 61 71 72 78
15 33 34 57 59 61 71 72 76 77
15 33 34 51 57 61 73
15 33 34 51 57 61 71 72
15 33 34 51 57 59 63 73
15 33 34 51 57 59 63 71 72
15 33 34 51 57 59 61 73
15 33 34 51 57 59 61 71 72
15 33 34 46 61
15 33 34 46 59 61
15 33 34 46 57 61 78
15 33 34 46 57 61 76 77
15 33 34 46 57 59
15 33 34 46 57 59 63 78
15 33 34 46 57 59 63 76 77
15 33 34 46 57 59 61 78
15 33 34 46 57 59 61 76 77
15 33 34 46 51 57 61
15 33 34 46 51 57 59 63
15 33 34 46 51 57 59 61
15 29 59 61
15 29 59 61 73
15 29 59 61 71 72
15 29 59 61 65
15 29 59 60 61 73
15 29 59 60 61 71 72
15 29 46 59 61
15 29 46 59 60 61
15 29 34 59 61 73
15 29 34 59 61 71 72
15 29 34 46 59 61
15 28 59 61
15 27 28 59 61
15 27 28 59 61 73
15 27 28 59 61 71 72
15 27 28 59 61 65
15 27 28 59 60 61 73
15 27 28 59 60 61 71 72
15 27 28 46 59 61
15 27 28 46 59 60 61
15 27 28 34 59 61 73
15 27 28 34 59 61 71 72
15 27 28 34 46 59 61
15 20 61 73
15 20 61 71 72
15 20 59 60 61 73
15 20 59 60 61 71 72
15 20 46 61
15 20 46 59 60 61
15 20 34 61 73
15 20 34 61 71 72
15 20 34 46 61
15 18 61 73
15 18 61 71 72
15 18 46 61
15 17 59 61 73
15 17 59 61 71 72
15 17 59 60 61 73
15 17 59 60 61 71 72
15 17 46 59 61
15 17 46 59 60 61
15 17 34 59 61 73
15 17 34 59 61 71 72
15 17 34 46 59 61
15 16 59 61 73
15 16 59 61 71 72
15 16 59 60 61 73
15 16 59 60 61 71 72
15 16 46 59 61
15 16 46 59 60 61
15 16 34 59 61 73
15 16 34 59 61 71 72
15 16 34 46 59 61
15 16 17 61 73
15 16 17 61 71 72
15 16 17 46 61
10
10 34
2 42 59 61
2 42 59 61 73
2 42 59 61 71 72
2 42 59 61 65
2 42 59 60 61 73
2 42 59 60 61 71 72
2 42 46 59 61
2 42 46 59 60 61
2 40 41 59 61
2 40 41 59 61 73
2 40 41 59 61 71 72
2 40 41 59 61 65
2 40 41 59 60 61 73
2 40 41 59 60 61 71 72
2 40 41 46 59 61
2 40 41 46 59 60 61
2 34 42 59 61 73
2 34 42 59 61 71 72
2 34 42 46 59 61
2 34 40 41 59 61 73
2 34 40 41 59 61 71 72
2 34 40 41 46 59 61
2 15 59 61
2 15 59 61 73
2 15 59 61 71 72
2 15 59 61 65
2 15 59 60 61 73
2 15 59 60 61 71 72
2 15 46 59 61
2 15 46 59 60 61
2 15 34 59 61 73
2 15 34 59 61 71 72
2 15 34 46 59 61
1 69
1 68 69
1 42
1 42 68
1 36 67
1 36 65 66
1 36 40
1 34
1 34 69
1 34 67 68
1 34 42

