44 57 61 73 78 79
44 57 61 71 72 78 79
44 57 59 60 61 73 78 79
44 57 59 60 61 71 72 78 79
44 53 57 61 73
44 53 57 61 71 72
44 53 57 59 60 61 73
44 53 57 59 60 61 71 72
44 46 57 61 78 79
44 46 57 59 60 61 78 79
44 46 53 57 61
44 46 53 57 59 60 61
42 43 57 61 73 78 79
42 43 57 61 71 72 78 79
42 43 57 59 60 61 73 78 79
42 43 57 59 60 61 71 72 78 79
42 43 53 57 61 73
42 43 53 57 61 71 72
42 43 53 57 59 60 61 73
42 43 53 57 59 60 61 71 72
42 43 46 57 61 78 79
42 43 46 57 59 60 61 78 79
42 43 46 53 57 61
42 43 46 53 57 59 60 61
34 44 57 61 73 78 79
34 44 57 61 71 72 78 79
34 44 53 57 61 73
34 44 53 57 61 71 72
34 44 46 57 61 78 79
34 44 46 53 57 61
34 42 43 57 61 73 78 79
34 42 43 57 61 71 72 78 79
34 42 43 53 57 61 73
34 42 43 53 57 61 71 72
34 42 43 46 57 61 78 79
34 42 43 46 53 57 61
17 57 61 73 78 79
17 57 61 71 72 78 79
17 57 59 60 61 73 78 79
17 57 59 60 61 71 72 78 79
17 53 57 61 73
17 53 57 61 71 72
17 53 57 59 60 61 73
17 53 57 59 60 61 71 72
17 46 57 61 78 79
17 46 57 59 60 61 78 79
17 46 53 57 61
17 46 53 57 59 60 61
17 34 57 61 73 78 79
17 34 57 61 71 72 78 79
17 34 53 57 61 73
17 34 53 57 61 71 72
17 34 46 57 61 78 79
17 34 46 53 57 61
44 57 61 63 73
44 57 61 63 71 72
44 57 61 62 73
44 57 61 62 71 72
44 46 57 61 63
44 46 57 61 62
42 57 61 63 73 78
42 57 61 63 73 76 77
42 57 61 63 71 72 78
42 57 61 63 71 72 76 77
42 57 61 62 73 78
42 57 61 62 73 76 77
42 57 61 62 71 72 78
42 57 61 62 71 72 76 77
42 51 57 61 63 73
42 51 57 61 63 71 72
42 51 57 61 62 73
42 51 57 61 62 71 72
42 46 57 61 63 78
42 46 57 61 63 76 77
42 46 57 61 62 78
42 46 57 61 62 76 77
42 46 51 57 61 63
42 46 51 57 61 62
42 43 57 61 63 73
42 43 57 61 63 71 72
42 43 57 61 62 73
42 43 57 61 62 71 72
42 43 46 57 61 63
42 43 46 57 61 62
40 41 57 61 63 73 78
40 41 57 61 63 73 76 77
40 41 57 61 63 71 72 78
40 41 57 61 63 71 72 76 77
40 41 57 61 62 73 78
40 41 57 61 62 73 76 77
40 41 57 61 62 71 72 78
40 41 57 61 62 71 72 76 77
40 41 51 57 61 63 73
40 41 51 57 61 63 71 72
40 41 51 57 61 62 73
40 41 51 57 61 62 71 72
40 41 46 57 61 63 78
40 41 46 57 61 63 76 77
40 41 46 57 61 62 78
40 41 46 57 61 62 76 77
40 41 46 51 57 61 63
40 41 46 51 57 61 62
36 44 57 61 73
36 44 57 61 71 72
36 44 46 57 61
36 42 57 61 73 78
36 42 57 61 73 76 77
36 42 57 61 71 72 78
36 42 57 61 71 72 76 77
36 42 51 57 61 73
36 42 51 57 61 71 72
36 42 46 57 61 78
36 42 46 57 61 76 77
36 42 46 51 57 61
36 42 43 57 61 73
36 42 43 57 61 71 72
36 42 43 46 57 61
36 40 41 57 61 73 78
36 40 41 57 61 73 76 77
36 40 41 57 61 71 72 78
36 40 41 57 61 71 72 76 77
36 40 41 51 57 61 73
36 40 41 51 57 61 71 72
36 40 41 46 57 61 78
36 40 41 46 57 61 76 77
36 40 41 46 51 57 61
17 57 61 63 73
17 57 61 63 71 72
17 57 61 62 73
17 57 61 62 71 72
17 46 57 61 63
17 46 57 61 62
17 36 57 61 73
17 36 57 61 71 72
17 36 46 57 61
15 57 61 63 73 78
15 57 61 63 73 76 77
15 57 61 63 71 72 78
15 57 61 63 71 72 76 77
15 57 61 62 73 78
15 57 61 62 73 76 77
15 57 61 62 71 72 78
15 57 61 62 71 72 76 77
15 51 57 61 63 73
15 51 57 61 63 71 72
15 51 57 61 62 73
15 51 57 61 62 71 72
15 46 57 61 63 78
15 46 57 61 63 76 77
15 46 57 61 62 78
15 46 57 61 62 76 77
15 46 51 57 61 63
15 46 51 57 61 62
15 36 57 61 73 78
15 36 57 61 73 76 77
15 36 57 61 71 72 78
15 36 57 61 71 72 76 77
15 36 51 57 61 73
15 36 51 57 61 71 72
15 36 46 57 61 78
15 36 46 57 61 76 77
15 36 46 51 57 61
44 57 59 63 73
44 57 59 63 71 72
44 57 59 61 63 73
44 57 59 61 63 71 72
44 46 57 59 63
44 46 57 59 61 63
42 57 59 63 73
42 57 59 63 71 72
42 57 59 61 62 73
42 57 59 61 62 71 72
42 46 57 59 63
42 46 57 59 61 62
42 43 57 59 63 73
42 43 57 59 63 71 72
42 43 57 59 61 63 73
42 43 57 59 61 63 71 72
42 43 46 57 59 63
42 43 46 57 59 61 63
40 41 57 59 63 73
40 41 57 59 63 71 72
40 41 57 59 61 62 73
40 41 57 59 61 62 71 72
40 41 46 57 59 63
40 41 46 57 59 61 62
36 44 57 59 73
36 44 57 59 71 72
36 44 57 59 61 73
36 44 57 59 61 71 72
36 44 46 57 59
36 44 46 57 59 61
36 42 57 59 73
36 42 57 59 71 72
36 42 46 57 59
36 42 43 57 59 73
36 42 43 57 59 71 72
36 42 43 57 59 61 73
36 42 43 57 59 61 71 72
36 42 43 46 57 59
36 42 43 46 57 59 61
36 40 41 57 59 73
36 40 41 57 59 71 72
36 40 41 46 57 59
17 57 59 63 73
17 57 59 63 71 72
17 57 59 61 63 73
17 57 59 61 63 71 72
17 46 57 59 63
17 46 57 59 61 63
17 36 57 59 73
17 36 57 59 71 72
17 36 57 59 61 73
17 36 57 59 61 71 72
17 36 46 57 59
17 36 46 57 59 61
15 57 59 63 73
15 57 59 63 71 72
15 57 59 61 62 73
15 57 59 61 62 71 72
15 46 57 59 63
15 46 57 59 61 62
15 36 57 59 73
15 36 57 59 71 72
15 36 46 57 59
42 59 61 78 79
42 59 60 61 78 79
42 53 59 61
42 53 59 60 61
40 41 59 61 78 79
40 41 59 60 61 78 79
40 41 53 59 61
40 41 53 59 60 61
34 42 59 61 78 79
34 42 53 59 61
34 40 41 59 61 78 79
34 40 41 53 59 61
30 42 59 61 78 79
30 42 59 60 61 78 79
30 42 53 59 61
30 42 53 59 60 61
30 40 41 59 61 78 79
30 40 41 59 60 61 78 79
30 40 41 53 59 61
30 40 41 53 59 60 61
30 34 42 59 61 78 79
30 34 42 53 59 61
30 34 40 41 59 61 78 79
30 34 40 41 53 59 61
28 29 42 59 61 78 79
28 29 42 59 60 61 78 79
28 29 42 53 59 61
28 29 42 53 59 60 61
28 29 40 41 59 61 78 79
28 29 40 41 59 60 61 78 79
28 29 40 41 53 59 61
28 29 40 41 53 59 60 61
28 29 34 42 59 61 78 79
28 29 34 42 53 59 61
28 29 34 40 41 59 61 78 79
28 29 34 40 41 53 59 61
15 59 61 78 79
15 59 60 61 78 79
15 53 59 61
15 53 59 60 61
15 34 59 61 78 79
15 34 53 59 61
15 30 59 61 78 79
15 30 59 60 61 78 79
15 30 53 59 61
15 30 53 59 60 61
15 30 34 59 61 78 79
15 30 34 53 59 61
15 28 29 59 61 78 79
15 28 29 59 60 61 78 79
15 28 29 53 59 61
15 28 29 53 59 60 61
15 28 29 34 59 61 78 79
15 28 29 34 53 59 61
3 42 59 61 78 79
3 42 59 60 61 78 79
3 42 53 59 61
3 42 53 59 60 61
3 40 41 59 61 78 79
3 40 41 59 60 61 78 79
3 40 41 53 59 61
3 40 41 53 59 60 61
3 34 42 59 61 78 79
3 34 42 53 59 61
3 34 40 41 59 61 78 79
3 34 40 41 53 59 61
3 15 59 61 78 79
3 15 59 60 61 78 79
3 15 53 59 61
3 15 53 59 60 61
3 15 34 59 61 78 79
3 15 34 53 59 61
42 57 59 61 73 78 79
42 57 59 61 73 76 77 78 79
42 57 59 61 71 72 78 79
42 57 59 61 71 72 76 77 78 79
42 57 59 60 73 78 79
42 57 59 60 73 76 77 78 79
42 57 59 60 71 72 78 79
42 57 59 60 71 72 76 77 78 79
42 53 57 59 61 73 78
42 53 57 59 61 73 76 77
42 53 57 59 61 71 72 78
42 53 57 59 61 71 72 76 77
42 53 57 59 60 73 78
42 53 57 59 60 73 76 77
42 53 57 59 60 71 72 78
42 53 57 59 60 71 72 76 77
42 51 57 59 61 73 78 79
42 51 57 59 61 71 72 78 79
42 51 57 59 60 73 78 79
42 51 57 59 60 71 72 78 79
42 51 53 57 59 61 73
42 51 53 57 59 61 71 72
42 51 53 57 59 60 73
42 51 53 57 59 60 71 72
42 46 57 59 61 78 79
42 46 57 59 61 76 77 78 79
42 46 57 59 60 78 79
42 46 57 59 60 76 77 78 79
42 46 53 57 59 61 78
42 46 53 57 59 61 76 77
42 46 53 57 59 60 78
42 46 53 57 59 60 76 77
42 46 51 57 59 61 78 79
42 46 51 57 59 60 78 79
42 46 51 53 57 59 61
42 46 51 53 57 59 60
40 41 57 59 61 73 78 79
40 41 57 59 61 73 76 77 78 79
40 41 57 59 61 71 72 78 79
40 41 57 59 61 71 72 76 77 78 79
40 41 57 59 60 73 78 79
40 41 57 59 60 73 76 77 78 79
40 41 57 59 60 71 72 78 79
40 41 57 59 60 71 72 76 77 78 79
40 41 53 57 59 61 73 78
40 41 53 57 59 61 73 76 77
40 41 53 57 59 61 71 72 78
40 41 53 57 59 61 71 72 76 77
40 41 53 57 59 60 73 78
40 41 53 57 59 60 73 76 77
40 41 53 57 59 60 71 72 78
40 41 53 57 59 60 71 72 76 77
40 41 51 57 59 61 73 78 79
40 41 51 57 59 61 71 72 78 79
40 41 51 57 59 60 73 78 79
40 41 51 57 59 60 71 72 78 79
40 41 51 53 57 59 61 73
40 41 51 53 57 59 61 71 72
40 41 51 53 57 59 60 73
40 41 51 53 57 59 60 71 72
40 41 46 57 59 61 78 79
40 41 46 57 59 61 76 77 78 79
40 41 46 57 59 60 78 79
40 41 46 57 59 60 76 77 78 79
40 41 46 53 57 59 61 78
40 41 46 53 57 59 61 76 77
40 41 46 53 57 59 60 78
40 41 46 53 57 59 60 76 77
40 41 46 51 57 59 61 78 79
40 41 46 51 57 59 60 78 79
40 41 46 51 53 57 59 61
40 41 46 51 53 57 59 60
34 42 57 59 73 78 79
34 42 57 59 73 76 77 78 79
34 42 57 59 71 72 78 79
34 42 57 59 71 72 76 77 78 79
34 42 53 57 59 73 78
34 42 53 57 59 73 76 77
34 42 53 57 59 71 72 78
34 42 53 57 59 71 72 76 77
34 42 51 57 59 73 78 79
34 42 51 57 59 71 72 78 79
34 42 51 53 57 59 73
34 42 51 53 57 59 71 72
34 42 46 57 59 78 79
34 42 46 57 59 76 77 78 79
34 42 46 53 57 59 78
34 42 46 53 57 59 76 77
34 42 46 51 57 59 78 79
34 42 46 51 53 57 59
34 40 41 57 59 73 78 79
34 40 41 57 59 73 76 77 78 79
34 40 41 57 59 71 72 78 79
34 40 41 57 59 71 72 76 77 78 79
34 40 41 53 57 59 73 78
34 40 41 53 57 59 73 76 77
34 40 41 53 57 59 71 72 78
34 40 41 53 57 59 71 72 76 77
34 40 41 51 57 59 73 78 79
34 40 41 51 57 59 71 72 78 79
34 40 41 51 53 57 59 73
34 40 41 51 53 57 59 71 72
34 40 41 46 57 59 78 79
34 40 41 46 57 59 76 77 78 79
34 40 41 46 53 57 59 78
34 40 41 46 53 57 59 76 77
34 40 41 46 51 57 59 78 79
34 40 41 46 51 53 57 59
15 57 59 61 73 78 79
15 57 59 61 73 76 77 78 79
15 57 59 61 71 72 78 79
15 57 59 61 71 72 76 77 78 79
15 57 59 60 73 78 79
15 57 59 60 73 76 77 78 79
15 57 59 60 71 72 78 79
15 57 59 60 71 72 76 77 78 79
15 53 57 59 61 73 78
15 53 57 59 61 73 76 77
15 53 57 59 61 71 72 78
15 53 57 59 61 71 72 76 77
15 53 57 59 60 73 78
15 53 57 59 60 73 76 77
15 53 57 59 60 71 72 78
15 53 57 59 60 71 72 76 77
15 51 57 59 61 73 78 79
15 51 57 59 61 71 72 78 79
15 51 57 59 60 73 78 79
15 51 57 59 60 71 72 78 79
15 51 53 57 59 61 73
15 51 53 57 59 61 71 72
15 51 53 57 59 60 73
15 51 53 57 59 60 71 72
15 46 57 59 61 78 79
15 46 57 59 61 76 77 78 79
15 46 57 59 60 78 79
15 46 57 59 60 76 77 78 79
15 46 53 57 59 61 78
15 46 53 57 59 61 76 77
15 46 53 57 59 60 78
15 46 53 57 59 60 76 77
15 46 51 57 59 61 78 79
15 46 51 57 59 60 78 79
15 46 51 53 57 59 61
15 46 51 53 57 59 60
15 34 57 59 73 78 79
15 34 57 59 73 76 77 78 79
15 34 57 59 71 72 78 79
15 34 57 59 71 72 76 77 78 79
15 34 53 57 59 73 78
15 34 53 57 59 73 76 77
15 34 53 57 59 71 72 78
15 34 53 57 59 71 72 76 77
15 34 51 57 59 73 78 79
15 34 51 57 59 71 72 78 79
15 34 51 53 57 59 73
15 34 51 53 57 59 71 72
15 34 46 57 59 78 79
15 34 46 57 59 76 77 78 79
15 34 46 53 57 59 78
15 34 46 53 57 59 76 77
15 34 46 51 57 59 78 79
15 34 46 51 53 57 59
57 59 60 61 73 78 79
57 59 60 61 71 72 78 79
53 57 59 60 61 73
53 57 59 60 61 71 72
46 57 59 60 61 78 79
46 53 57 59 60 61
44 57 59 61 73
44 57 59 61 71 72
44 57 59 60 61 73
44 57 59 60 61 71 72
44 46 57 59 61
44 46 57 59 60 61
42 43 57 59 61 73
42 43 57 59 61 71 72
42 43 57 59 60 61 73
42 43 57 59 60 61 71 72
42 43 46 57 59 61
42 43 46 57 59 60 61
34 57 59 61 73 78 79
34 57 59 61 71 72 78 79
34 53 57 59 61 73
34 53 57 59 61 71 72
34 46 57 59 61 78 79
34 46 53 57 59 61
34 44 57 59 61 73
34 44 57 59 61 71 72
34 44 46 57 59 61
34 42 43 57 59 61 73
34 42 43 57 59 61 71 72
34 42 43 46 57 59 61
17 57 59 61 73
17 57 59 61 71 72
17 57 59 60 61 73
17 57 59 60 61 71 72
17 46 57 59 61
17 46 57 59 60 61
17 34 57 59 61 73
17 34 57 59 61 71 72
17 34 46 57 59 61

79
77 78
69
68 69
67
65
65 66
63
61
61 69
61 67 68
61 62
54
52
52 53
42
42 68
42 61
40
38 69
38 67 68
38 42
36 69
36 68
36 68 69
36 61 69
36 61 67 68
36 42
36 42 68
36 42 61
34
34 68
34 61
34 61 73
34 61 71 72
34 61 68
34 46 61
27
25
21
20 69
20 67 68
20 42
20 36 69
20 36 67 68
20 36 42
1
1 67
1 65
1 65 66
1 40
1 36 69
1 36 67 68
1 36 59
1 36 59 67
1 36 59 65 66
1 36 42
1 36 40 59
1 34 67
1 34 65 66
1 34 40
42 57 59 61 73
42 57 59 61 71 72
42 57 59 60 73
42 57 59 60 71 72
42 46 57 59 61
42 46 57 59 60
40 41 57 59 61 73
40 41 57 59 61 71 72
40 41 57 59 60 73
40 41 57 59 60 71 72
40 41 46 57 59 61
40 41 46 57 59 60
34 42 57 59 73
34 42 57 59 71 72
34 42 46 57 59
34 40 41 57 59 73
34 40 41 57 59 71 72
34 40 41 46 57 59
15 57 59 61 73
15 57 59 61 71 72
15 57 59 60 73
15 57 59 60 71 72
15 46 57 59 61
15 46 57 59 60
15 34 57 59 73
15 34 57 59 71 72
15 34 46 57 59
42 59 61 63 73
42 59 61 63 71 72
42 59 60 63 73
42 59 60 63 71 72
42 46 59 61 63
42 46 59 60 63
40 41 59 61 63 73
40 41 59 61 63 71 72
40 41 59 60 63 73
40 41 59 60 63 71 72
40 41 46 59 61 63
40 41 46 59 60 63
34 42 59 63 73
34 42 59 63 71 72
34 42 46 59 63
34 40 41 59 63 73
34 40 41 59 63 71 72
34 40 41 46 59 63
15 59 61 63 73
15 59 61 63 71 72
15 59 60 63 73
15 59 60 63 71 72
15 46 59 61 63
15 46 59 60 63
15 34 59 63 73
15 34 59 63 71 72
15 34 46 59 63
42 48 57 59 73 78
42 48 57 59 73 76 77
42 48 57 59 71 72 78
42 48 57 59 71 72 76 77
42 48 51 57 59 73
42 48 51 57 59 71 72
42 46 48 57 59 78
42 46 48 57 59 76 77
42 46 48 51 57 59
42 46 47 57 59 78
42 46 47 57 59 76 77
42 46 47 57 59 73 78
42 46 47 57 59 73 76 77
42 46 47 57 59 71 72 78
42 46 47 57 59 71 72 76 77
42 46 47 51 57 59
42 46 47 51 57 59 73
42 46 47 51 57 59 71 72
40 41 48 57 59 73 78
40 41 48 57 59 73 76 77
40 41 48 57 59 71 72 78
40 41 48 57 59 71 72 76 77
40 41 48 51 57 59 73
40 41 48 51 57 59 71 72
40 41 46 48 57 59 78
40 41 46 48 57 59 76 77
40 41 46 48 51 57 59
40 41 46 47 57 59 78
40 41 46 47 57 59 76 77
40 41 46 47 57 59 73 78
40 41 46 47 57 59 73 76 77
40 41 46 47 57 59 71 72 78
40 41 46 47 57 59 71 72 76 77
40 41 46 47 51 57 59
40 41 46 47 51 57 59 73
40 41 46 47 51 57 59 71 72
21 42 57 59 73 78
21 42 57 59 73 76 77
21 42 57 59 71 72 78
21 42 57 59 71 72 76 77
21 42 51 57 59 73
21 42 51 57 59 71 72
21 42 46 57 59 78
21 42 46 57 59 76 77
21 42 46 51 57 59
21 40 41 57 59 73 78
21 40 41 57 59 73 76 77
21 40 41 57 59 71 72 78
21 40 41 57 59 71 72 76 77
21 40 41 51 57 59 73
21 40 41 51 57 59 71 72
21 40 41 46 57 59 78
21 40 41 46 57 59 76 77
21 40 41 46 51 57 59
15 48 57 59 73 78
15 48 57 59 73 76 77
15 48 57 59 71 72 78
15 48 57 59 71 72 76 77
15 48 51 57 59 73
15 48 51 57 59 71 72
15 46 48 57 59 78
15 46 48 57 59 76 77
15 46 48 51 57 59
15 46 47 57 59 78
15 46 47 57 59 76 77
15 46 47 57 59 73 78
15 46 47 57 59 73 76 77
15 46 47 57 59 71 72 78
15 46 47 57 59 71 72 76 77
15 46 47 51 57 59
15 46 47 51 57 59 73
15 46 47 51 57 59 71 72
15 21 57 59 73 78
15 21 57 59 73 76 77
15 21 57 59 71 72 78
15 21 57 59 71 72 76 77
15 21 51 57 59 73
15 21 51 57 59 71 72
15 21 46 57 59 78
15 21 46 57 59 76 77
15 21 46 51 57 59
57 59 61 73
57 59 61 71 72
57 59 60 73
57 59 60 71 72
46 57 59 61
46 57 59 60
34 57 59 73
34 57 59 71 72
34 46 57 59
42 59 61 73
42 59 61 71 72
42 59 61 64 73
42 59 61 64 71 72
42 59 61 62 63 73
42 59 61 62 63 71 72
42 59 60 61 73
42 59 60 61 71 72
42 59 60 61 64 73
42 59 60 61 64 71 72
42 59 60 61 63 73
42 59 60 61 63 71 72
42 59 60 61 62 73
42 59 60 61 62 71 72
42 59 60 61 62 63 73
42 59 60 61 62 63 71 72
42 49 59 61 73
42 49 59 61 71 72
42 49 59 60 61 73
42 49 59 60 61 71 72
42 47 48 59 61 73
42 47 48 59 61 71 72
42 47 48 59 60 61 73
42 47 48 59 60 61 71 72
42 46 59 61
42 46 59 61 64
42 46 59 61 62 63
42 46 59 60 61
42 46 59 60 61 64
42 46 59 60 61 63
42 46 59 60 61 62
42 46 59 60 61 62 63
42 46 49 59 61
42 46 49 59 60 61
42 46 47 48 59 61
42 46 47 48 59 60 61
40 41 59 61 73
40 41 59 61 71 72
40 41 59 61 64 73
40 41 59 61 64 71 72
40 41 59 61 62 63 73
40 41 59 61 62 63 71 72
40 41 59 60 61 73
40 41 59 60 61 71 72
40 41 59 60 61 64 73
40 41 59 60 61 64 71 72
40 41 59 60 61 63 73
40 41 59 60 61 63 71 72
40 41 59 60 61 62 73
40 41 59 60 61 62 71 72
40 41 59 60 61 62 63 73
40 41 59 60 61 62 63 71 72
40 41 49 59 61 73
40 41 49 59 61 71 72
40 41 49 59 60 61 73
40 41 49 59 60 61 71 72
40 41 47 48 59 61 73
40 41 47 48 59 61 71 72
40 41 47 48 59 60 61 73
40 41 47 48 59 60 61 71 72
40 41 46 59 61
40 41 46 59 61 64
40 41 46 59 61 62 63
40 41 46 59 60 61
40 41 46 59 60 61 64
40 41 46 59 60 61 63
40 41 46 59 60 61 62
40 41 46 59 60 61 62 63
40 41 46 49 59 61
40 41 46 49 59 60 61
40 41 46 47 48 59 61
40 41 46 47 48 59 60 61
37 42 59 61 73
37 42 59 61 71 72
37 42 59 60 61 73
37 42 59 60 61 71 72
37 42 46 59 61
37 42 46 59 60 61
37 40 41 59 61 73
37 40 41 59 61 71 72
37 40 41 59 60 61 73
37 40 41 59 60 61 71 72
37 40 41 46 59 61
37 40 41 46 59 60 61
36 42 59 60 61 73
36 42 59 60 61 71 72
36 42 46 59 60 61
36 40 41 59 60 61 73
36 40 41 59 60 61 71 72
36 40 41 46 59 60 61
34 42 59 61 73
34 42 59 61 71 72
34 42 59 61 64 73
34 42 59 61 64 71 72
34 42 59 61 63 73
34 42 59 61 63 71 72
34 42 59 61 62 73
34 42 59 61 62 71 72
34 42 59 61 62 63 73
34 42 59 61 62 63 71 72
34 42 49 59 61 73
34 42 49 59 61 71 72
34 42 47 48 59 61 73
34 42 47 48 59 61 71 72
34 42 46 59 61
34 42 46 59 61 64
34 42 46 59 61 63
34 42 46 59 61 62
34 42 46 59 61 62 63
34 42 46 49 59 61
34 42 46 47 48 59 61
34 40 41 59 61 73
34 40 41 59 61 71 72
34 40 41 59 61 64 73
34 40 41 59 61 64 71 72
34 40 41 59 61 63 73
34 40 41 59 61 63 71 72
34 40 41 59 61 62 73
34 40 41 59 61 62 71 72
34 40 41 59 61 62 63 73
34 40 41 59 61 62 63 71 72
34 40 41 49 59 61 73
34 40 41 49 59 61 71 72
34 40 41 47 48 59 61 73
34 40 41 47 48 59 61 71 72
34 40 41 46 59 61
34 40 41 46 59 61 64
34 40 41 46 59 61 63
34 40 41 46 59 61 62
34 40 41 46 59 61 62 63
34 40 41 46 49 59 61
34 40 41 46 47 48 59 61
34 37 42 59 61 73
34 37 42 59 61 71 72
34 37 42 46 59 61
34 37 40 41 59 61 73
34 37 40 41 59 61 71 72
34 37 40 41 46 59 61
34 36 42 59 61 73
34 36 42 59 61 71 72
34 36 42 46 59 61
34 36 40 41 59 61 73
34 36 40 41 59 61 71 72
34 36 40 41 46 59 61
22 42 59 61 73
22 42 59 61 71 72
22 42 59 60 61 73
22 42 59 60 61 71 72
22 42 46 59 61
22 42 46 59 60 61
22 40 41 59 61 73
22 40 41 59 61 71 72
22 40 41 59 60 61 73
22 40 41 59 60 61 71 72
22 40 41 46 59 61
22 40 41 46 59 60 61
22 34 42 59 61 73
22 34 42 59 61 71 72
22 34 42 46 59 61
22 34 40 41 59 61 73
22 34 40 41 59 61 71 72
22 34 40 41 46 59 61
15 59 61 73
15 59 61 71 72
15 59 61 64 73
15 59 61 64 71 72
15 59 61 62 63 73
15 59 61 62 63 71 72
15 59 60 61 73
15 59 60 61 71 72
15 59 60 61 64 73
15 59 60 61 64 71 72
15 59 60 61 63 73
15 59 60 61 63 71 72
15 59 60 61 62 73
15 59 60 61 62 71 72
15 59 60 61 62 63 73
15 59 60 61 62 63 71 72
15 49 59 61 73
15 49 59 61 71 72
15 49 59 60 61 73
15 49 59 60 61 71 72
15 47 48 59 61 73
15 47 48 59 61 71 72
15 47 48 59 60 61 73
15 47 48 59 60 61 71 72
15 46 59 61
15 46 59 61 64
15 46 59 61 62 63
15 46 59 60 61
15 46 59 60 61 64
15 46 59 60 61 63
15 46 59 60 61 62
15 46 59 60 61 62 63
15 46 49 59 61
15 46 49 59 60 61
15 46 47 48 59 61
15 46 47 48 59 60 61
15 37 59 61 73
15 37 59 61 71 72
15 37 59 60 61 73
15 37 59 60 61 71 72
15 37 46 59 61
15 37 46 59 60 61
15 36 59 60 61 73
15 36 59 60 61 71 72
15 36 46 59 60 61
15 34 59 61 73
15 34 59 61 71 72
15 34 59 61 64 73
15 34 59 61 64 71 72
15 34 59 61 63 73
15 34 59 61 63 71 72
15 34 59 61 62 73
15 34 59 61 62 71 72
15 34 59 61 62 63 73
15 34 59 61 62 63 71 72
15 34 49 59 61 73
15 34 49 59 61 71 72
15 34 47 48 59 61 73
15 34 47 48 59 61 71 72
15 34 46 59 61
15 34 46 59 61 64
15 34 46 59 61 63
15 34 46 59 61 62
15 34 46 59 61 62 63
15 34 46 49 59 61
15 34 46 47 48 59 61
15 34 37 59 61 73
15 34 37 59 61 71 72
15 34 37 46 59 61
15 34 36 59 61 73
15 34 36 59 61 71 72
15 34 36 46 59 61
15 22 59 61 73
15 22 59 61 71 72
15 22 59 60 61 73
15 22 59 60 61 71 72
15 22 46 59 61
15 22 46 59 60 61
15 22 34 59 61 73
15 22 34 59 61 71 72
15 22 34 46 59 61
57 59 60 73 78 79
57 59 60 71 72 78 79
53 57 59 60 73
53 57 59 60 71 72
46 57 59 60 78 79
46 53 57 59 60
34 57 59 73 78 79
34 57 59 71 72 78 79
34 53 57 59 73
34 53 57 59 71 72
34 46 57 59 78 79
34 46 53 57 59
55 71
55 69 70
54 55 73
54 55 71
54 55 71 72
54 55 69 70
53 54 73
53 54 71 72
52 53 55 73
52 53 55 71
52 53 55 71 72
52 53 55 69 70
52 53 54 73
52 53 54 71
52 53 54 71 72
52 53 54 69 70
46 54 55
46 53 54
46 52 53 55
46 52 53 54
44 55
44 54 55
44 52 53 55
44 52 53 54
36 55 71
36 55 69 70
36 53 54 71
36 53 54 69 70
36 44 55
36 44 53 54
28 71
28 69 70
28 54 73
28 54 71
28 54 71 72
28 54 69 70
28 52 53 73
28 52 53 71
28 52 53 71 72
28 52 53 69 70
28 46 54
28 46 52 53
28 44
28 44 54
28 44 52 53
28 36 71
28 36 69 70
28 36 44
27 55 73
27 55 71
27 55 71 72
27 55 69 70
27 53 54 73
27 53 54 71
27 53 54 71 72
27 53 54 69 70
27 46 55
27 46 53 54
27 44 55
27 44 53 54
27 28 73
27 28 71
27 28 71 72
27 28 69 70
27 28 46
27 28 44
44 59 61 73 78 79
44 59 61 71 72 78 79
44 59 60 73 78 79
44 59 60 71 72 78 79
44 53 59 61 73
44 53 59 61 71 72
44 53 59 60 73
44 53 59 60 71 72
44 46 59 61 78 79
44 46 59 60 78 79
44 46 53 59 61
44 46 53 59 60
42 43 59 61 73 78 79
42 43 59 61 71 72 78 79
42 43 59 60 73 78 79
42 43 59 60 71 72 78 79
42 43 53 59 61 73
42 43 53 59 61 71 72
42 43 53 59 60 73
42 43 53 59 60 71 72
42 43 46 59 61 78 79
42 43 46 59 60 78 79
42 43 46 53 59 61
42 43 46 53 59 60
34 44 59 73 78 79
34 44 59 71 72 78 79
34 44 53 59 73
34 44 53 59 71 72
34 44 46 59 78 79
34 44 46 53 59
34 42 43 59 73 78 79
34 42 43 59 71 72 78 79
34 42 43 53 59 73
34 42 43 53 59 71 72
34 42 43 46 59 78 79
34 42 43 46 53 59
17 59 61 73 78 79
17 59 61 71 72 78 79
17 59 60 73 78 79
17 59 60 71 72 78 79
17 53 59 61 73
17 53 59 61 71 72
17 53 59 60 73
17 53 59 60 71 72
17 46 59 61 78 79
17 46 59 60 78 79
17 46 53 59 61
17 46 53 59 60
17 34 59 73 78 79
17 34 59 71 72 78 79
17 34 53 59 73
17 34 53 59 71 72
17 34 46 59 78 79
17 34 46 53 59
