59 61 75
48 59 61
42 59 61 65 73
42 59 61 65 71 72
42 58 59 61 73
42 58 59 61 71 72
42 46 59 61 65
42 46 58 59 61
40 41 59 61 73
40 41 59 61 71 72
40 41 58 59 61 73
40 41 58 59 61 71 72
40 41 46 59 61
40 41 46 58 59 61
33 42 59 61 73
33 42 59 61 71 72
33 42 46 59 61
33 40 41 59 61 73
33 40 41 59 61 71 72
33 40 41 46 59 61
30 42 59 60 61 73
30 42 59 60 61 71 72
30 42 58 59 61 73
30 42 58 59 61 71 72
30 42 46 59 60 61
30 42 46 58 59 61
30 40 41 59 60 61 73
30 40 41 59 60 61 71 72
30 40 41 58 59 61 73
30 40 41 58 59 61 71 72
30 40 41 46 59 60 61
30 40 41 46 58 59 61
30 33 42 59 61 73
30 33 42 59 61 71 72
30 33 42 46 59 61
30 33 40 41 59 61 73
30 33 40 41 59 61 71 72
30 33 40 41 46 59 61
28 29 42 59 60 61 73
28 29 42 59 60 61 71 72
28 29 42 58 59 61 73
28 29 42 58 59 61 71 72
28 29 42 46 59 60 61
28 29 42 46 58 59 61
28 29 40 41 59 60 61 73
28 29 40 41 59 60 61 71 72
28 29 40 41 58 59 61 73
28 29 40 41 58 59 61 71 72
28 29 40 41 46 59 60 61
28 29 40 41 46 58 59 61
28 29 33 42 59 61 73
28 29 33 42 59 61 71 72
28 29 33 42 46 59 61
28 29 33 40 41 59 61 73
28 29 33 40 41 59 61 71 72
28 29 33 40 41 46 59 61
17 59 61 73
17 59 61 71 72
15 59 61 73
15 59 61 71 72
15 58 59 61 73
15 58 59 61 71 72
15 46 59 61
15 46 58 59 61
15 33 59 61 73
15 33 59 61 71 72
15 33 46 59 61
15 30 59 60 61 73
15 30 59 60 61 71 72
15 30 58 59 61 73
15 30 58 59 61 71 72
15 30 46 59 60 61
15 30 46 58 59 61
15 30 33 59 61 73
15 30 33 59 61 71 72
15 30 33 46 59 61
15 28 29 59 60 61 73
15 28 29 59 60 61 71 72
15 28 29 58 59 61 73
15 28 29 58 59 61 71 72
15 28 29 46 59 60 61
15 28 29 46 58 59 61
15 28 29 33 59 61 73
15 28 29 33 59 61 71 72
15 28 29 33 46 59 61
3 42 59 60 61 73
3 42 59 60 61 71 72
3 42 58 59 61 73
3 42 58 59 61 71 72
3 42 46 59 60 61
3 42 46 58 59 61
3 40 41 59 60 61 73
3 40 41 59 60 61 71 72
3 40 41 58 59 61 73
3 40 41 58 59 61 71 72
3 40 41 46 59 60 61
3 40 41 46 58 59 61
3 33 42 59 61 73
3 33 42 59 61 71 72
3 33 42 46 59 61
3 33 40 41 59 61 73
3 33 40 41 59 61 71 72
3 33 40 41 46 59 61
3 15 59 60 61 73
3 15 59 60 61 71 72
3 15 58 59 61 73
3 15 58 59 61 71 72
3 15 46 59 60 61
3 15 46 58 59 61
3 15 33 59 61 73
3 15 33 59 61 71 72
3 15 33 46 59 61
42 59 61 73 78
42 59 61 73 76 77
42 59 61 71 72 78
42 59 61 71 72 76 77
42 51 59 61 73
42 51 59 61 71 72
42 46 59 61 78
42 46 59 61 76 77
42 46 51 59 61
40 41 59 61 73 78
40 41 59 61 73 76 77
40 41 59 61 71 72 78
40 41 59 61 71 72 76 77
40 41 51 59 61 73
40 41 51 59 61 71 72
40 41 46 59 61 78
40 41 46 59 61 76 77
40 41 46 51 59 61
15 59 61 73 78
15 59 61 73 76 77
15 59 61 71 72 78
15 59 61 71 72 76 77
15 51 59 61 73
15 51 59 61 71 72
15 46 59 61 78
15 46 59 61 76 77
15 46 51 59 61
34
34 69
34 67 68
34 44 69
34 44 67 68
34 42
34 42 44
34 42 43
34 42 43 69
34 42 43 67 68
17 34 69
17 34 67 68
17 34 42
57 59 61 73 78
57 59 61 73 76 77
57 59 61 71 72 78
57 59 61 71 72 76 77
57 59 60 73 78
57 59 60 73 76 77
57 59 60 71 72 78
57 59 60 71 72 76 77
51 57 59 61 73
51 57 59 61 71 72
51 57 59 60 73
51 57 59 60 71 72
46 57 59 61 78
46 57 59 61 76 77
46 57 59 60 78
46 57 59 60 76 77
46 51 57 59 61
46 51 57 59 60
34 57 59 73 78
34 57 59 73 76 77
34 57 59 71 72 78
34 57 59 71 72 76 77
34 51 57 59 73
34 51 57 59 71 72
34 46 57 59 78
34 46 57 59 76 77
34 46 51 57 59
69
67 71
67 69 70
65 66 71
65 66 69 70
44 67
44 65 66
42
40 71
40 69 70
40 44
42 57 73 78
42 57 73 76 77
42 57 71 72 78
42 57 71 72 76 77
42 51 57 73
42 51 57 71 72
42 46 57 78
42 46 57 76 77
42 46 51 57
40 41 57 73 78
40 41 57 73 76 77
40 41 57 71 72 78
40 41 57 71 72 76 77
40 41 51 57 73
40 41 51 57 71 72
40 41 46 57 78
40 41 46 57 76 77
40 41 46 51 57
15 57 73 78
15 57 73 76 77
15 57 71 72 78
15 57 71 72 76 77
15 51 57 73
15 51 57 71 72
15 46 57 78
15 46 57 76 77
15 46 51 57
59 61 65 68 73
59 61 65 68 71 72
59 61 65 67 68 73
59 61 65 67 68 71 72
59 61 63 64 68 73
59 61 63 64 68 71 72
59 61 63 64 67 68 73
59 61 63 64 67 68 71 72
46 59 61 65 68
46 59 61 65 67 68
46 59 61 63 64 68
46 59 61 63 64 67 68
42 59 61 63 64 73
42 59 61 63 64 71 72
42 46 59 61 63 64
38 59 61 68 73
38 59 61 68 71 72
38 59 61 67 68 73
38 59 61 67 68 71 72
38 46 59 61 68
38 46 59 61 67 68
38 42 59 61 73
38 42 59 61 71 72
38 42 46 59 61
0 59 61 65 73
0 59 61 65 71 72
0 59 61 63 64 73
0 59 61 63 64 71 72
0 46 59 61 65
0 46 59 61 63 64
0 38 59 61 73
0 38 59 61 71 72
0 38 46 59 61
42 46 47 57 59 78
42 46 47 57 59 76 77
42 46 47 57 59 73 78
42 46 47 57 59 73 76 77
42 46 47 57 59 71 72 78
42 46 47 57 59 71 72 76 77
42 46 47 51 57 59
42 46 47 51 57 59 73
42 46 47 51 57 59 71 72
40 41 46 47 57 59 78
40 41 46 47 57 59 76 77
40 41 46 47 57 59 73 78
40 41 46 47 57 59 73 76 77
40 41 46 47 57 59 71 72 78
40 41 46 47 57 59 71 72 76 77
40 41 46 47 51 57 59
40 41 46 47 51 57 59 73
40 41 46 47 51 57 59 71 72
21 42 57 59 73 78
21 42 57 59 73 76 77
21 42 57 59 71 72 78
21 42 57 59 71 72 76 77
21 42 51 57 59 73
21 42 51 57 59 71 72
21 42 46 57 59 78
21 42 46 57 59 76 77
21 42 46 51 57 59
21 40 41 57 59 73 78
21 40 41 57 59 73 76 77
21 40 41 57 59 71 72 78
21 40 41 57 59 71 72 76 77
21 40 41 51 57 59 73
21 40 41 51 57 59 71 72
21 40 41 46 57 59 78
21 40 41 46 57 59 76 77
21 40 41 46 51 57 59
15 46 47 57 59 78
15 46 47 57 59 76 77
15 46 47 57 59 73 78
15 46 47 57 59 73 76 77
15 46 47 57 59 71 72 78
15 46 47 57 59 71 72 76 77
15 46 47 51 57 59
15 46 47 51 57 59 73
15 46 47 51 57 59 71 72
15 21 57 59 73 78
15 21 57 59 73 76 77
15 21 57 59 71 72 78
15 21 57 59 71 72 76 77
15 21 51 57 59 73
15 21 51 57 59 71 72
15 21 46 57 59 78
15 21 46 57 59 76 77
15 21 46 51 57 59
44 61 73
44 61 71 72
44 46 61
42 43 61 73
42 43 61 71 72
42 43 46 61
17 61 73
17 61 71 72
17 46 61
68
1 34 78 79
1 34 53
34 55 68
42 57 59 73
42 57 59 71 72
42 46 57 59
40 41 57 59 73
40 41 57 59 71 72
40 41 46 57 59
15 57 59 73
15 57 59 71 72
15 46 57 59
42 48 57 59 60 73 78 79
42 48 57 59 60 71 72 78 79
42 48 53 57 59 60 73
42 48 53 57 59 60 71 72
42 46 48 57 59 60 78 79
42 46 48 53 57 59 60
42 46 47 57 59 60 78 79
42 46 47 57 59 60 73 78 79
42 46 47 57 59 60 71 72 78 79
42 46 47 53 57 59 60
42 46 47 53 57 59 60 73
42 46 47 53 57 59 60 71 72
40 41 48 57 59 60 73 78 79
40 41 48 57 59 60 71 72 78 79
40 41 48 53 57 59 60 73
40 41 48 53 57 59 60 71 72
40 41 46 48 57 59 60 78 79
40 41 46 48 53 57 59 60
40 41 46 47 57 59 60 78 79
40 41 46 47 57 59 60 73 78 79
40 41 46 47 57 59 60 71 72 78 79
40 41 46 47 53 57 59 60
40 41 46 47 53 57 59 60 73
40 41 46 47 53 57 59 60 71 72
21 42 57 59 60 73 78 79
21 42 57 59 60 71 72 78 79
21 42 53 57 59 60 73
21 42 53 57 59 60 71 72
21 42 46 57 59 60 78 79
21 42 46 53 57 59 60
21 40 41 57 59 60 73 78 79
21 40 41 57 59 60 71 72 78 79
21 40 41 53 57 59 60 73
21 40 41 53 57 59 60 71 72
21 40 41 46 57 59 60 78 79
21 40 41 46 53 57 59 60
18 42 48 57 59 73 78 79
18 42 48 57 59 71 72 78 79
18 42 48 53 57 59 73
18 42 48 53 57 59 71 72
18 42 46 48 57 59 78 79
18 42 46 48 53 57 59
18 42 46 47 57 59 78 79
18 42 46 47 57 59 73 78 79
18 42 46 47 57 59 71 72 78 79
18 42 46 47 53 57 59
18 42 46 47 53 57 59 73
18 42 46 47 53 57 59 71 72
18 40 41 48 57 59 73 78 79
18 40 41 48 57 59 71 72 78 79
18 40 41 48 53 57 59 73
18 40 41 48 53 57 59 71 72
18 40 41 46 48 57 59 78 79
18 40 41 46 48 53 57 59
18 40 41 46 47 57 59 78 79
18 40 41 46 47 57 59 73 78 79
18 40 41 46 47 57 59 71 72 78 79
18 40 41 46 47 53 57 59
18 40 41 46 47 53 57 59 73
18 40 41 46 47 53 57 59 71 72
18 21 42 57 59 73 78 79
18 21 42 57 59 71 72 78 79
18 21 42 53 57 59 73
18 21 42 53 57 59 71 72
18 21 42 46 57 59 78 79
18 21 42 46 53 57 59
18 21 40 41 57 59 73 78 79
18 21 40 41 57 59 71 72 78 79
18 21 40 41 53 57 59 73
18 21 40 41 53 57 59 71 72
18 21 40 41 46 57 59 78 79
18 21 40 41 46 53 57 59
16 17 42 48 57 59 73 78 79
16 17 42 48 57 59 71 72 78 79
16 17 42 48 53 57 59 73
16 17 42 48 53 57 59 71 72
16 17 42 46 48 57 59 78 79
16 17 42 46 48 53 57 59
16 17 42 46 47 57 59 78 79
16 17 42 46 47 57 59 73 78 79
16 17 42 46 47 57 59 71 72 78 79
16 17 42 46 47 53 57 59
16 17 42 46 47 53 57 59 73
16 17 42 46 47 53 57 59 71 72
16 17 40 41 48 57 59 73 78 79
16 17 40 41 48 57 59 71 72 78 79
16 17 40 41 48 53 57 59 73
16 17 40 41 48 53 57 59 71 72
16 17 40 41 46 48 57 59 78 79
16 17 40 41 46 48 53 57 59
16 17 40 41 46 47 57 59 78 79
16 17 40 41 46 47 57 59 73 78 79
16 17 40 41 46 47 57 59 71 72 78 79
16 17 40 41 46 47 53 57 59
16 17 40 41 46 47 53 57 59 73
16 17 40 41 46 47 53 57 59 71 72
16 17 21 42 57 59 73 78 79
16 17 21 42 57 59 71 72 78 79
16 17 21 42 53 57 59 73
16 17 21 42 53 57 59 71 72
16 17 21 42 46 57 59 78 79
16 17 21 42 46 53 57 59
16 17 21 40 41 57 59 73 78 79
16 17 21 40 41 57 59 71 72 78 79
16 17 21 40 41 53 57 59 73
16 17 21 40 41 53 57 59 71 72
16 17 21 40 41 46 57 59 78 79
16 17 21 40 41 46 53 57 59
15 48 57 59 60 73 78 79
15 48 57 59 60 71 72 78 79
15 48 53 57 59 60 73
15 48 53 57 59 60 71 72
15 46 48 57 59 60 78 79
15 46 48 53 57 59 60
15 46 47 57 59 60 78 79
15 46 47 57 59 60 73 78 79
15 46 47 57 59 60 71 72 78 79
15 46 47 53 57 59 60
15 46 47 53 57 59 60 73
15 46 47 53 57 59 60 71 72
15 21 57 59 60 73 78 79
15 21 57 59 60 71 72 78 79
15 21 53 57 59 60 73
15 21 53 57 59 60 71 72
15 21 46 57 59 60 78 79
15 21 46 53 57 59 60
15 18 48 57 59 73 78 79
15 18 48 57 59 71 72 78 79
15 18 48 53 57 59 73
15 18 48 53 57 59 71 72
15 18 46 48 57 59 78 79
15 18 46 48 53 57 59
15 18 46 47 57 59 78 79
15 18 46 47 57 59 73 78 79
15 18 46 47 57 59 71 72 78 79
15 18 46 47 53 57 59
15 18 46 47 53 57 59 73
15 18 46 47 53 57 59 71 72
15 18 21 57 59 73 78 79
15 18 21 57 59 71 72 78 79
15 18 21 53 57 59 73
15 18 21 53 57 59 71 72
15 18 21 46 57 59 78 79
15 18 21 46 53 57 59
15 16 17 48 57 59 73 78 79
15 16 17 48 57 59 71 72 78 79
15 16 17 48 53 57 59 73
15 16 17 48 53 57 59 71 72
15 16 17 46 48 57 59 78 79
15 16 17 46 48 53 57 59
15 16 17 46 47 57 59 78 79
15 16 17 46 47 57 59 73 78 79
15 16 17 46 47 57 59 71 72 78 79
15 16 17 46 47 53 57 59
15 16 17 46 47 53 57 59 73
15 16 17 46 47 53 57 59 71 72
15 16 17 21 57 59 73 78 79
15 16 17 21 57 59 71 72 78 79
15 16 17 21 53 57 59 73
15 16 17 21 53 57 59 71 72
15 16 17 21 46 57 59 78 79
15 16 17 21 46 53 57 59
44 59 61 73
44 59 61 71 72
44 55 59 61 73
44 55 59 61 71 72
44 46 59 61 73
44 46 59 61 71 72
44 46 55 59 61
42 43 59 61 73
42 43 59 61 71 72
42 43 55 59 61 73
42 43 55 59 61 71 72
42 43 46 59 61 73
42 43 46 59 61 71 72
42 43 46 55 59 61
17 55 59 61 73
17 55 59 61 71 72
17 46 59 61 73
17 46 59 61 71 72
17 46 55 59 61
4 44 59 61 73
4 44 59 61 71 72
4 44 46 59 61
4 42 43 59 61 73
4 42 43 59 61 71 72
4 42 43 46 59 61
4 17 59 61 73
4 17 59 61 71 72
4 17 46 59 61
2 3 44 59 61 73
2 3 44 59 61 71 72
2 3 44 46 59 61
2 3 42 43 59 61 73
2 3 42 43 59 61 71 72
2 3 42 43 46 59 61
2 3 17 59 61 73
2 3 17 59 61 71 72
2 3 17 46 59 61
42 57 61 65 73 78
42 57 61 65 73 76 77
42 57 61 65 71 72 78
42 57 61 65 71 72 76 77
42 51 57 61 65 73
42 51 57 61 65 71 72
42 46 57 61 65 78
42 46 57 61 65 76 77
42 46 51 57 61 65
40 41 57 61 65 73 78
40 41 57 61 65 73 76 77
40 41 57 61 65 71 72 78
40 41 57 61 65 71 72 76 77
40 41 51 57 61 65 73
40 41 51 57 61 65 71 72
40 41 46 57 61 65 78
40 41 46 57 61 65 76 77
40 41 46 51 57 61 65
15 57 61 65 73 78
15 57 61 65 73 76 77
15 57 61 65 71 72 78
15 57 61 65 71 72 76 77
15 51 57 61 65 73
15 51 57 61 65 71 72
15 46 57 61 65 78
15 46 57 61 65 76 77
15 46 51 57 61 65
44 57 59 61 73
44 57 59 61 71 72
44 46 57 59 61
42 43 57 59 61 73
42 43 57 59 61 71 72
42 43 46 57 59 61
34 44 57 59 73
34 44 57 59 71 72
34 44 46 57 59
34 42 43 57 59 73
34 42 43 57 59 71 72
34 42 43 46 57 59
17 57 59 61 73
17 57 59 61 71 72
17 46 57 59 61
17 34 57 59 73
17 34 57 59 71 72
17 34 46 57 59
44 59 61 65 73 78
44 59 61 65 73 76 77
44 59 61 65 71 72 78
44 59 61 65 71 72 76 77
44 59 61 63 64 73 78
44 59 61 63 64 73 76 77
44 59 61 63 64 71 72 78
44 59 61 63 64 71 72 76 77
44 51 59 61 65 73
44 51 59 61 65 71 72
44 51 59 61 63 64 73
44 51 59 61 63 64 71 72
44 46 59 61 65 78
44 46 59 61 65 76 77
44 46 59 61 63 64 78
44 46 59 61 63 64 76 77
44 46 51 59 61 65
44 46 51 59 61 63 64
42 43 59 61 65 73 78
42 43 59 61 65 73 76 77
42 43 59 61 65 71 72 78
42 43 59 61 65 71 72 76 77
42 43 59 61 63 64 73 78
42 43 59 61 63 64 73 76 77
42 43 59 61 63 64 71 72 78
42 43 59 61 63 64 71 72 76 77
42 43 51 59 61 65 73
42 43 51 59 61 65 71 72
42 43 51 59 61 63 64 73
42 43 51 59 61 63 64 71 72
42 43 46 59 61 65 78
42 43 46 59 61 65 76 77
42 43 46 59 61 63 64 78
42 43 46 59 61 63 64 76 77
42 43 46 51 59 61 65
42 43 46 51 59 61 63 64
38 44 59 61 73 78
38 44 59 61 73 76 77
38 44 59 61 71 72 78
38 44 59 61 71 72 76 77
38 44 51 59 61 73
38 44 51 59 61 71 72
38 44 46 59 61 78
38 44 46 59 61 76 77
38 44 46 51 59 61
38 42 43 59 61 73 78
38 42 43 59 61 73 76 77
38 42 43 59 61 71 72 78
38 42 43 59 61 71 72 76 77
38 42 43 51 59 61 73
38 42 43 51 59 61 71 72
38 42 43 46 59 61 78
38 42 43 46 59 61 76 77
38 42 43 46 51 59 61
30 44 59 61 65 73 78
30 44 59 61 65 73 76 77
30 44 59 61 65 71 72 78
30 44 59 61 65 71 72 76 77
30 44 59 61 63 64 73 78
30 44 59 61 63 64 73 76 77
30 44 59 61 63 64 71 72 78
30 44 59 61 63 64 71 72 76 77
30 44 51 59 61 65 73
30 44 51 59 61 65 71 72
30 44 51 59 61 63 64 73
30 44 51 59 61 63 64 71 72
30 44 46 59 61 65 78
30 44 46 59 61 65 76 77
30 44 46 59 61 63 64 78
30 44 46 59 61 63 64 76 77
30 44 46 51 59 61 65
30 44 46 51 59 61 63 64
30 42 43 59 61 65 73 78
30 42 43 59 61 65 73 76 77
30 42 43 59 61 65 71 72 78
30 42 43 59 61 65 71 72 76 77
30 42 43 59 61 63 64 73 78
30 42 43 59 61 63 64 73 76 77
30 42 43 59 61 63 64 71 72 78
30 42 43 59 61 63 64 71 72 76 77
30 42 43 51 59 61 65 73
30 42 43 51 59 61 65 71 72
30 42 43 51 59 61 63 64 73
30 42 43 51 59 61 63 64 71 72
30 42 43 46 59 61 65 78
30 42 43 46 59 61 65 76 77
30 42 43 46 59 61 63 64 78
30 42 43 46 59 61 63 64 76 77
30 42 43 46 51 59 61 65
30 42 43 46 51 59 61 63 64
30 38 44 59 61 73 78
30 38 44 59 61 73 76 77
30 38 44 59 61 71 72 78
30 38 44 59 61 71 72 76 77
30 38 44 51 59 61 73
30 38 44 51 59 61 71 72
30 38 44 46 59 61 78
30 38 44 46 59 61 76 77
30 38 44 46 51 59 61
30 38 42 43 59 61 73 78
30 38 42 43 59 61 73 76 77
30 38 42 43 59 61 71 72 78
30 38 42 43 59 61 71 72 76 77
30 38 42 43 51 59 61 73
30 38 42 43 51 59 61 71 72
30 38 42 43 46 59 61 78
30 38 42 43 46 59 61 76 77
30 38 42 43 46 51 59 61
28 29 44 59 61 65 73 78
28 29 44 59 61 65 73 76 77
28 29 44 59 61 65 71 72 78
28 29 44 59 61 65 71 72 76 77
28 29 44 59 61 63 64 73 78
28 29 44 59 61 63 64 73 76 77
28 29 44 59 61 63 64 71 72 78
28 29 44 59 61 63 64 71 72 76 77
28 29 44 51 59 61 65 73
28 29 44 51 59 61 65 71 72
28 29 44 51 59 61 63 64 73
28 29 44 51 59 61 63 64 71 72
28 29 44 46 59 61 65 78
28 29 44 46 59 61 65 76 77
28 29 44 46 59 61 63 64 78
28 29 44 46 59 61 63 64 76 77
28 29 44 46 51 59 61 65
28 29 44 46 51 59 61 63 64
28 29 42 43 59 61 65 73 78
28 29 42 43 59 61 65 73 76 77
28 29 42 43 59 61 65 71 72 78
28 29 42 43 59 61 65 71 72 76 77
28 29 42 43 59 61 63 64 73 78
28 29 42 43 59 61 63 64 73 76 77
28 29 42 43 59 61 63 64 71 72 78
28 29 42 43 59 61 63 64 71 72 76 77
28 29 42 43 51 59 61 65 73
28 29 42 43 51 59 61 65 71 72
28 29 42 43 51 59 61 63 64 73
28 29 42 43 51 59 61 63 64 71 72
28 29 42 43 46 59 61 65 78
28 29 42 43 46 59 61 65 76 77
28 29 42 43 46 59 61 63 64 78
28 29 42 43 46 59 61 63 64 76 77
28 29 42 43 46 51 59 61 65
28 29 42 43 46 51 59 61 63 64
28 29 38 44 59 61 73 78
28 29 38 44 59 61 73 76 77
28 29 38 44 59 61 71 72 78
28 29 38 44 59 61 71 72 76 77
28 29 38 44 51 59 61 73
28 29 38 44 51 59 61 71 72
28 29 38 44 46 59 61 78
28 29 38 44 46 59 61 76 77
28 29 38 44 46 51 59 61
28 29 38 42 43 59 61 73 78
28 29 38 42 43 59 61 73 76 77
28 29 38 42 43 59 61 71 72 78
28 29 38 42 43 59 61 71 72 76 77
28 29 38 42 43 51 59 61 73
28 29 38 42 43 51 59 61 71 72
28 29 38 42 43 46 59 61 78
28 29 38 42 43 46 59 61 76 77
28 29 38 42 43 46 51 59 61
17 59 61 65 73 78
17 59 61 65 73 76 77
17 59 61 65 71 72 78
17 59 61 65 71 72 76 77
17 59 61 63 64 73 78
17 59 61 63 64 73 76 77
17 59 61 63 64 71 72 78
17 59 61 63 64 71 72 76 77
17 51 59 61 65 73
17 51 59 61 65 71 72
17 51 59 61 63 64 73
17 51 59 61 63 64 71 72
17 46 59 61 65 78
17 46 59 61 65 76 77
17 46 59 61 63 64 78
17 46 59 61 63 64 76 77
17 46 51 59 61 65
17 46 51 59 61 63 64
17 38 59 61 73 78
17 38 59 61 73 76 77
17 38 59 61 71 72 78
17 38 59 61 71 72 76 77
17 38 51 59 61 73
17 38 51 59 61 71 72
17 38 46 59 61 78
17 38 46 59 61 76 77
17 38 46 51 59 61
17 30 59 61 65 73 78
17 30 59 61 65 73 76 77
17 30 59 61 65 71 72 78
17 30 59 61 65 71 72 76 77
17 30 59 61 63 64 73 78
17 30 59 61 63 64 73 76 77
17 30 59 61 63 64 71 72 78
17 30 59 61 63 64 71 72 76 77
17 30 51 59 61 65 73
17 30 51 59 61 65 71 72
17 30 51 59 61 63 64 73
17 30 51 59 61 63 64 71 72
17 30 46 59 61 65 78
17 30 46 59 61 65 76 77
17 30 46 59 61 63 64 78
17 30 46 59 61 63 64 76 77
17 30 46 51 59 61 65
17 30 46 51 59 61 63 64
17 30 38 59 61 73 78
17 30 38 59 61 73 76 77
17 30 38 59 61 71 72 78
17 30 38 59 61 71 72 76 77
17 30 38 51 59 61 73
17 30 38 51 59 61 71 72
17 30 38 46 59 61 78
17 30 38 46 59 61 76 77
17 30 38 46 51 59 61
17 28 29 59 61 65 73 78
17 28 29 59 61 65 73 76 77
17 28 29 59 61 65 71 72 78
17 28 29 59 61 65 71 72 76 77
17 28 29 59 61 63 64 73 78
17 28 29 59 61 63 64 73 76 77
17 28 29 59 61 63 64 71 72 78
17 28 29 59 61 63 64 71 72 76 77
17 28 29 51 59 61 65 73
17 28 29 51 59 61 65 71 72
17 28 29 51 59 61 63 64 73
17 28 29 51 59 61 63 64 71 72
17 28 29 46 59 61 65 78
17 28 29 46 59 61 65 76 77
17 28 29 46 59 61 63 64 78
17 28 29 46 59 61 63 64 76 77
17 28 29 46 51 59 61 65
17 28 29 46 51 59 61 63 64
17 28 29 38 59 61 73 78
17 28 29 38 59 61 73 76 77
17 28 29 38 59 61 71 72 78
17 28 29 38 59 61 71 72 76 77
17 28 29 38 51 59 61 73
17 28 29 38 51 59 61 71 72
17 28 29 38 46 59 61 78
17 28 29 38 46 59 61 76 77
17 28 29 38 46 51 59 61
3 44 59 61 65 73 78
3 44 59 61 65 73 76 77
3 44 59 61 65 71 72 78
3 44 59 61 65 71 72 76 77
3 44 59 61 63 64 73 78
3 44 59 61 63 64 73 76 77
3 44 59 61 63 64 71 72 78
3 44 59 61 63 64 71 72 76 77
3 44 51 59 61 65 73
3 44 51 59 61 65 71 72
3 44 51 59 61 63 64 73
3 44 51 59 61 63 64 71 72
3 44 46 59 61 65 78
3 44 46 59 61 65 76 77
3 44 46 59 61 63 64 78
3 44 46 59 61 63 64 76 77
3 44 46 51 59 61 65
3 44 46 51 59 61 63 64
3 42 43 59 61 65 73 78
3 42 43 59 61 65 73 76 77
3 42 43 59 61 65 71 72 78
3 42 43 59 61 65 71 72 76 77
3 42 43 59 61 63 64 73 78
3 42 43 59 61 63 64 73 76 77
3 42 43 59 61 63 64 71 72 78
3 42 43 59 61 63 64 71 72 76 77
3 42 43 51 59 61 65 73
3 42 43 51 59 61 65 71 72
3 42 43 51 59 61 63 64 73
3 42 43 51 59 61 63 64 71 72
3 42 43 46 59 61 65 78
3 42 43 46 59 61 65 76 77
3 42 43 46 59 61 63 64 78
3 42 43 46 59 61 63 64 76 77
3 42 43 46 51 59 61 65
3 42 43 46 51 59 61 63 64
3 38 44 59 61 73 78
3 38 44 59 61 73 76 77
3 38 44 59 61 71 72 78
3 38 44 59 61 71 72 76 77
3 38 44 51 59 61 73
3 38 44 51 59 61 71 72
3 38 44 46 59 61 78
3 38 44 46 59 61 76 77
3 38 44 46 51 59 61
3 38 42 43 59 61 73 78
3 38 42 43 59 61 73 76 77
3 38 42 43 59 61 71 72 78
3 38 42 43 59 61 71 72 76 77
3 38 42 43 51 59 61 73
3 38 42 43 51 59 61 71 72
3 38 42 43 46 59 61 78
3 38 42 43 46 59 61 76 77
3 38 42 43 46 51 59 61
3 17 59 61 65 73 78
3 17 59 61 65 73 76 77
3 17 59 61 65 71 72 78
3 17 59 61 65 71 72 76 77
3 17 59 61 63 64 73 78
3 17 59 61 63 64 73 76 77
3 17 59 61 63 64 71 72 78
3 17 59 61 63 64 71 72 76 77
3 17 51 59 61 65 73
3 17 51 59 61 65 71 72
3 17 51 59 61 63 64 73
3 17 51 59 61 63 64 71 72
3 17 46 59 61 65 78
3 17 46 59 61 65 76 77
3 17 46 59 61 63 64 78
3 17 46 59 61 63 64 76 77
3 17 46 51 59 61 65
3 17 46 51 59 61 63 64
3 17 38 59 61 73 78
3 17 38 59 61 73 76 77
3 17 38 59 61 71 72 78
3 17 38 59 61 71 72 76 77
3 17 38 51 59 61 73
3 17 38 51 59 61 71 72
3 17 38 46 59 61 78
3 17 38 46 59 61 76 77
3 17 38 46 51 59 61
42 57 59 60 78
42 57 59 60 76 77
42 57 58 59 78
42 57 58 59 76 77
42 51 57 59 60
42 51 57 58 59
40 41 57 59 60 78
40 41 57 59 60 76 77
40 41 57 58 59 78
40 41 57 58 59 76 77
40 41 51 57 59 60
40 41 51 57 58 59
33 42 57 59 78
33 42 57 59 76 77
33 42 51 57 59
33 40 41 57 59 78
33 40 41 57 59 76 77
33 40 41 51 57 59
15 57 59 60 78
15 57 59 60 76 77
15 57 58 59 78
15 57 58 59 76 77
15 51 57 59 60
15 51 57 58 59
15 33 57 59 78
15 33 57 59 76 77
15 33 51 57 59
1 69 78 79
1 67 78 79
1 67 68 78 79
1 65 66 78 79
1 53 69
1 53 67
1 53 67 68
1 53 65 66
1 42 78 79
1 42 53
1 40 78 79
1 40 53
1 20 69
1 20 67 68
1 20 42
42 48 57 60 73 78
42 48 57 60 73 76 77
42 48 57 60 71 72 78
42 48 57 60 71 72 76 77
42 48 51 57 60 73
42 48 51 57 60 71 72
42 46 48 57 60 78
42 46 48 57 60 76 77
42 46 48 51 57 60
42 46 47 57 60 78
42 46 47 57 60 76 77
42 46 47 57 60 73 78
42 46 47 57 60 73 76 77
42 46 47 57 60 71 72 78
42 46 47 57 60 71 72 76 77
42 46 47 51 57 60
42 46 47 51 57 60 73
42 46 47 51 57 60 71 72
40 41 48 57 60 73 78
40 41 48 57 60 73 76 77
40 41 48 57 60 71 72 78
40 41 48 57 60 71 72 76 77
40 41 48 51 57 60 73
40 41 48 51 57 60 71 72
40 41 46 48 57 60 78
40 41 46 48 57 60 76 77
40 41 46 48 51 57 60
40 41 46 47 57 60 78
40 41 46 47 57 60 76 77
40 41 46 47 57 60 73 78
40 41 46 47 57 60 73 76 77
40 41 46 47 57 60 71 72 78
40 41 46 47 57 60 71 72 76 77
40 41 46 47 51 57 60
40 41 46 47 51 57 60 73
40 41 46 47 51 57 60 71 72
21 42 57 60 73 78
21 42 57 60 73 76 77
21 42 57 60 71 72 78
21 42 57 60 71 72 76 77
21 42 51 57 60 73
21 42 51 57 60 71 72
21 42 46 57 60 78
21 42 46 57 60 76 77
21 42 46 51 57 60
21 40 41 57 60 73 78
21 40 41 57 60 73 76 77
21 40 41 57 60 71 72 78
21 40 41 57 60 71 72 76 77
21 40 41 51 57 60 73
21 40 41 51 57 60 71 72
21 40 41 46 57 60 78
21 40 41 46 57 60 76 77
21 40 41 46 51 57 60
18 42 48 57 73 78
18 42 48 57 73 76 77
18 42 48 57 71 72 78
18 42 48 57 71 72 76 77
18 42 48 51 57 73
18 42 48 51 57 71 72
18 42 46 48 57 78
18 42 46 48 57 76 77
18 42 46 48 51 57
18 42 46 47 57 78
18 42 46 47 57 76 77
18 42 46 47 57 73 78
18 42 46 47 57 73 76 77
18 42 46 47 57 71 72 78
18 42 46 47 57 71 72 76 77
18 42 46 47 51 57
18 42 46 47 51 57 73
18 42 46 47 51 57 71 72
18 40 41 48 57 73 78
18 40 41 48 57 73 76 77
18 40 41 48 57 71 72 78
18 40 41 48 57 71 72 76 77
18 40 41 48 51 57 73
18 40 41 48 51 57 71 72
18 40 41 46 48 57 78
18 40 41 46 48 57 76 77
18 40 41 46 48 51 57
18 40 41 46 47 57 78
18 40 41 46 47 57 76 77
18 40 41 46 47 57 73 78
18 40 41 46 47 57 73 76 77
18 40 41 46 47 57 71 72 78
18 40 41 46 47 57 71 72 76 77
18 40 41 46 47 51 57
18 40 41 46 47 51 57 73
18 40 41 46 47 51 57 71 72
18 21 42 57 73 78
18 21 42 57 73 76 77
18 21 42 57 71 72 78
18 21 42 57 71 72 76 77
18 21 42 51 57 73
18 21 42 51 57 71 72
18 21 42 46 57 78
18 21 42 46 57 76 77
18 21 42 46 51 57
18 21 40 41 57 73 78
18 21 40 41 57 73 76 77
18 21 40 41 57 71 72 78
18 21 40 41 57 71 72 76 77
18 21 40 41 51 57 73
18 21 40 41 51 57 71 72
18 21 40 41 46 57 78
18 21 40 41 46 57 76 77
18 21 40 41 46 51 57
16 17 42 48 57 73 78
16 17 42 48 57 73 76 77
16 17 42 48 57 71 72 78
16 17 42 48 57 71 72 76 77
16 17 42 48 51 57 73
16 17 42 48 51 57 71 72
16 17 42 46 48 57 78
16 17 42 46 48 57 76 77
16 17 42 46 48 51 57
16 17 42 46 47 57 78
16 17 42 46 47 57 76 77
16 17 42 46 47 57 73 78
16 17 42 46 47 57 73 76 77
16 17 42 46 47 57 71 72 78
16 17 42 46 47 57 71 72 76 77
16 17 42 46 47 51 57
16 17 42 46 47 51 57 73
16 17 42 46 47 51 57 71 72
16 17 40 41 48 57 73 78
16 17 40 41 48 57 73 76 77
16 17 40 41 48 57 71 72 78
16 17 40 41 48 57 71 72 76 77
16 17 40 41 48 51 57 73
16 17 40 41 48 51 57 71 72
16 17 40 41 46 48 57 78
16 17 40 41 46 48 57 76 77
16 17 40 41 46 48 51 57
16 17 40 41 46 47 57 78
16 17 40 41 46 47 57 76 77
16 17 40 41 46 47 57 73 78
16 17 40 41 46 47 57 73 76 77
16 17 40 41 46 47 57 71 72 78
16 17 40 41 46 47 57 71 72 76 77
16 17 40 41 46 47 51 57
16 17 40 41 46 47 51 57 73
16 17 40 41 46 47 51 57 71 72
16 17 21 42 57 73 78
16 17 21 42 57 73 76 77
16 17 21 42 57 71 72 78
16 17 21 42 57 71 72 76 77
16 17 21 42 51 57 73
16 17 21 42 51 57 71 72
16 17 21 42 46 57 78
16 17 21 42 46 57 76 77
16 17 21 42 46 51 57
16 17 21 40 41 57 73 78
16 17 21 40 41 57 73 76 77
16 17 21 40 41 57 71 72 78
16 17 21 40 41 57 71 72 76 77
16 17 21 40 41 51 57 73
16 17 21 40 41 51 57 71 72
16 17 21 40 41 46 57 78
16 17 21 40 41 46 57 76 77
16 17 21 40 41 46 51 57
15 48 57 60 73 78
15 48 57 60 73 76 77
15 48 57 60 71 72 78
15 48 57 60 71 72 76 77
15 48 51 57 60 73
15 48 51 57 60 71 72
15 46 48 57 60 78
15 46 48 57 60 76 77
15 46 48 51 57 60
15 46 47 57 60 78
15 46 47 57 60 76 77
15 46 47 57 60 73 78
15 46 47 57 60 73 76 77
15 46 47 57 60 71 72 78
15 46 47 57 60 71 72 76 77
15 46 47 51 57 60
15 46 47 51 57 60 73
15 46 47 51 57 60 71 72
15 21 57 60 73 78
15 21 57 60 73 76 77
15 21 57 60 71 72 78
15 21 57 60 71 72 76 77
15 21 51 57 60 73
15 21 51 57 60 71 72
15 21 46 57 60 78
15 21 46 57 60 76 77
15 21 46 51 57 60
15 18 48 57 73 78
15 18 48 57 73 76 77
15 18 48 57 71 72 78
15 18 48 57 71 72 76 77
15 18 48 51 57 73
15 18 48 51 57 71 72
15 18 46 48 57 78
15 18 46 48 57 76 77
15 18 46 48 51 57
15 18 46 47 57 78
15 18 46 47 57 76 77
15 18 46 47 57 73 78
15 18 46 47 57 73 76 77
15 18 46 47 57 71 72 78
15 18 46 47 57 71 72 76 77
15 18 46 47 51 57
15 18 46 47 51 57 73
15 18 46 47 51 57 71 72
15 18 21 57 73 78
15 18 21 57 73 76 77
15 18 21 57 71 72 78
15 18 21 57 71 72 76 77
15 18 21 51 57 73
15 18 21 51 57 71 72
15 18 21 46 57 78
15 18 21 46 57 76 77
15 18 21 46 51 57
15 16 17 48 57 73 78
15 16 17 48 57 73 76 77
15 16 17 48 57 71 72 78
15 16 17 48 57 71 72 76 77
15 16 17 48 51 57 73
15 16 17 48 51 57 71 72
15 16 17 46 48 57 78
15 16 17 46 48 57 76 77
15 16 17 46 48 51 57
15 16 17 46 47 57 78
15 16 17 46 47 57 76 77
15 16 17 46 47 57 73 78
15 16 17 46 47 57 73 76 77
15 16 17 46 47 57 71 72 78
15 16 17 46 47 57 71 72 76 77
15 16 17 46 47 51 57
15 16 17 46 47 51 57 73
15 16 17 46 47 51 57 71 72
15 16 17 21 57 73 78
15 16 17 21 57 73 76 77
15 16 17 21 57 71 72 78
15 16 17 21 57 71 72 76 77
15 16 17 21 51 57 73
15 16 17 21 51 57 71 72
15 16 17 21 46 57 78
15 16 17 21 46 57 76 77
15 16 17 21 46 51 57
59 61 73 78
59 61 73 76 77
59 61 71 72 78
59 61 71 72 76 77
59 61 68 73
59 61 68 71 72
59 61 67 68 73
59 61 67 68 71 72
59 60 73 78
59 60 73 76 77
59 60 71 72 78
59 60 71 72 76 77
59 60 68 73
59 60 68 71 72
59 60 67 68 73
59 60 67 68 71 72
51 59 61 73
51 59 61 71 72
51 59 60 73
51 59 60 71 72
46 59 61 78
46 59 61 76 77
46 59 61 68
46 59 61 67 68
46 59 60 78
46 59 60 76 77
46 59 60 68
46 59 60 67 68
46 51 59 61
46 51 59 60
40 41 59 60 73
40 41 59 60 71 72
40 41 46 59 60
34 59 73 78
34 59 73 76 77
34 59 71 72 78
34 59 71 72 76 77
34 59 68 73
34 59 68 71 72
34 59 67 68 73
34 59 67 68 71 72
34 51 59 73
34 51 59 71 72
34 46 59 78
34 46 59 76 77
34 46 59 68
34 46 59 67 68
34 46 51 59
34 40 41 59 73
34 40 41 59 71 72
34 40 41 46 59
15 59 60 73
15 59 60 71 72
15 46 59 60
15 34 59 73
15 34 59 71 72
15 34 46 59
0 59 61 73
0 59 61 71 72
0 59 60 73
0 59 60 71 72
0 46 59 61
0 46 59 60
0 34 59 73
0 34 59 71 72
0 34 46 59
14 42 59 61 73
14 42 59 61 71 72
14 42 46 59 61
14 40 41 59 61 73
14 40 41 59 61 71 72
14 40 41 46 59 61
14 15 59 61 73
14 15 59 61 71 72
14 15 46 59 61
44 59 60 61 73
44 59 60 61 71 72
44 46 59 60 61
42 43 59 60 61 73
42 43 59 60 61 71 72
42 43 46 59 60 61
34 44 59 61 73
34 44 59 61 71 72
34 44 46 59 61
34 42 43 59 61 73
34 42 43 59 61 71 72
34 42 43 46 59 61
17 59 60 61 73
17 59 60 61 71 72
17 46 59 60 61
17 34 59 61 73
17 34 59 61 71 72
17 34 46 59 61
68 69
59 69
59 67 68
55 69
55 67 68
42 68
42 59
42 55
36 69
36 69 78 79
36 67 68
36 67 68 78 79
36 53 69
36 53 67 68
36 42
36 42 78 79
36 42 53
35 69
35 67 68
35 42
22
20
20 36
34 59
34 59 69
34 59 67 68
34 59 61
34 42 59
10 34 59
71
69 72
69 71
69 70
67 68 72
67 68 69 71
61 71
61 69 71
61 67 68 71
61 67 68 69 70
57 69
57 67 68
55 56 69
55 56 67 68
54 68 69 71
54 68 69 70
54 67 68 71
54 67 68 69 70
52 69 71
52 69 70
52 67 68 71
52 67 68 69 70
51 68 69
51 67 68
49 50 68 69
49 50 67 68
45 69
45 67 68
44
44 69
44 69 70
44 67 68 70
44 67 68 69
44 61
44 61 69
44 61 67 68
44 54 68 69
44 54 67 68
44 52 69
44 52 67 68
42 72
42 71
42 68 71
42 68 69 71
42 61 71
42 61 69 70
42 57
42 55 56
42 54 68 71
42 54 68 69 70
42 52 71
42 52 69 70
42 51 68
42 49 50 68
42 45
42 44
42 44 70
42 44 68
42 44 68 69
42 44 61
42 44 54 68
42 44 52
30 69
30 67 68
30 42
24 68 69
24 67 68
24 42 68
10 69 71
10 69 70
10 67 68 71
10 67 68 69 70
10 44 69
10 44 67 68
10 42 71
10 42 69 70
10 42 44
9 69
9 67 68
9 42
8 9 69 71
8 9 69 70
8 9 67 68 71
8 9 67 68 69 70
8 9 44 69
8 9 44 67 68
8 9 42 71
8 9 42 69 70
8 9 42 44
0 68 69 71
0 68 69 70
0 67 68 71
0 67 68 69 70
0 44 68 69
0 44 67 68
0 42 68 71
0 42 68 69 70
0 42 44 68
34 61 69 78 79
34 61 69 71
34 61 69 71 78 79
34 61 69 70
34 61 69 70 78 79
34 61 67 68 78 79
34 61 67 68 71
34 61 67 68 71 78 79
34 61 67 68 69 70
34 61 67 68 69 70 78 79
34 53 61 69
34 53 61 69 71
34 53 61 69 70
34 53 61 67 68
34 53 61 67 68 71
34 53 61 67 68 69 70
34 44 61 69
34 44 61 69 78 79
34 44 61 67 68
34 44 61 67 68 78 79
34 44 53 61 69
34 44 53 61 67 68
34 42 61 78 79
34 42 61 71
34 42 61 71 78 79
34 42 61 69 70
34 42 61 69 70 78 79
34 42 53 61
34 42 53 61 71
34 42 53 61 69 70
34 42 44 61
34 42 44 61 78 79
34 42 44 53 61
59 73 78 79
59 71 72 78 79
53 59 73
53 59 71 72
46 59 78 79
46 53 59
44 59 65 73
44 59 65 71 72
44 46 59 65
42 57 61 73 78 79
42 57 61 71 72 78 79
42 57 59 73 78 79
42 57 59 71 72 78 79
42 53 57 61 73
42 53 57 61 71 72
42 53 57 59 73
42 53 57 59 71 72
42 46 57 61 78 79
42 46 57 59 78 79
42 46 53 57 61
42 46 53 57 59
42 43 59 65 73
42 43 59 65 71 72
42 43 46 59 65
40 41 57 61 73 78 79
40 41 57 61 71 72 78 79
40 41 57 59 73 78 79
40 41 57 59 71 72 78 79
40 41 53 57 61 73
40 41 53 57 61 71 72
40 41 53 57 59 73
40 41 53 57 59 71 72
40 41 46 57 61 78 79
40 41 46 57 59 78 79
40 41 46 53 57 61
40 41 46 53 57 59
17 59 65 73
17 59 65 71 72
17 46 59 65
15 57 61 73 78 79
15 57 61 71 72 78 79
15 57 59 73 78 79
15 57 59 71 72 78 79
15 53 57 61 73
15 53 57 61 71 72
15 53 57 59 73
15 53 57 59 71 72
15 46 57 61 78 79
15 46 57 59 78 79
15 46 53 57 61
15 46 53 57 59
57 59 73
57 59 71 72
57 59 63 73
57 59 63 71 72
57 59 61 62 73
57 59 61 62 71 72
46 57 59
46 57 59 63
46 57 59 61 62
44 57 59 63 73 78
44 57 59 63 73 76 77
44 57 59 63 71 72 78
44 57 59 63 71 72 76 77
44 57 59 61 62 73 78
44 57 59 61 62 73 76 77
44 57 59 61 62 71 72 78
44 57 59 61 62 71 72 76 77
44 51 57 59 63 73
44 51 57 59 63 71 72
44 51 57 59 61 62 73
44 51 57 59 61 62 71 72
44 46 57 59 63 78
44 46 57 59 63 76 77
44 46 57 59 61 62 78
44 46 57 59 61 62 76 77
44 46 51 57 59 63
44 46 51 57 59 61 62
42 43 57 59 63 73 78
42 43 57 59 63 73 76 77
42 43 57 59 63 71 72 78
42 43 57 59 63 71 72 76 77
42 43 57 59 61 62 73 78
42 43 57 59 61 62 73 76 77
42 43 57 59 61 62 71 72 78
42 43 57 59 61 62 71 72 76 77
42 43 51 57 59 63 73
42 43 51 57 59 63 71 72
42 43 51 57 59 61 62 73
42 43 51 57 59 61 62 71 72
42 43 46 57 59 63 78
42 43 46 57 59 63 76 77
42 43 46 57 59 61 62 78
42 43 46 57 59 61 62 76 77
42 43 46 51 57 59 63
42 43 46 51 57 59 61 62
36 57 59 73
36 57 59 71 72
36 46 57 59
36 44 57 59 73 78
36 44 57 59 73 76 77
36 44 57 59 71 72 78
36 44 57 59 71 72 76 77
36 44 51 57 59 73
36 44 51 57 59 71 72
36 44 46 57 59 78
36 44 46 57 59 76 77
36 44 46 51 57 59
36 42 43 57 59 73 78
36 42 43 57 59 73 76 77
36 42 43 57 59 71 72 78
36 42 43 57 59 71 72 76 77
36 42 43 51 57 59 73
36 42 43 51 57 59 71 72
36 42 43 46 57 59 78
36 42 43 46 57 59 76 77
36 42 43 46 51 57 59
17 57 59 63 73 78
17 57 59 63 73 76 77
17 57 59 63 71 72 78
17 57 59 63 71 72 76 77
17 57 59 61 62 73 78
17 57 59 61 62 73 76 77
17 57 59 61 62 71 72 78
17 57 59 61 62 71 72 76 77
17 51 57 59 63 73
17 51 57 59 63 71 72
17 51 57 59 61 62 73
17 51 57 59 61 62 71 72
17 46 57 59 63 78
17 46 57 59 63 76 77
17 46 57 59 61 62 78
17 46 57 59 61 62 76 77
17 46 51 57 59 63
17 46 51 57 59 61 62
17 36 57 59 73 78
17 36 57 59 73 76 77
17 36 57 59 71 72 78
17 36 57 59 71 72 76 77
17 36 51 57 59 73
17 36 51 57 59 71 72
17 36 46 57 59 78
17 36 46 57 59 76 77
17 36 46 51 57 59
14 44 57 59 61 73
14 44 57 59 61 71 72
14 44 57 59 60 73
14 44 57 59 60 71 72
14 44 46 57 59 61
14 44 46 57 59 60
14 42 43 57 59 61 73
14 42 43 57 59 61 71 72
14 42 43 57 59 60 73
14 42 43 57 59 60 71 72
14 42 43 46 57 59 61
14 42 43 46 57 59 60
14 34 44 57 59 73
14 34 44 57 59 71 72
14 34 44 46 57 59
14 34 42 43 57 59 73
14 34 42 43 57 59 71 72
14 34 42 43 46 57 59
14 17 57 59 61 73
14 17 57 59 61 71 72
14 17 57 59 60 73
14 17 57 59 60 71 72
14 17 46 57 59 61
14 17 46 57 59 60
14 17 34 57 59 73
14 17 34 57 59 71 72
14 17 34 46 57 59
59 61 73 74
59 60 75
59 60 73 74
48 59 60
34 59 75
34 59 73 74
34 48 59
34 42 59 61 73
34 42 59 61 71 72
34 42 46 59 61
34 40 41 59 61 73
34 40 41 59 61 71 72
34 40 41 46 59 61
15 34 59 61 73
15 34 59 61 71 72
15 34 46 59 61
68 78 79
61
61 68
53 68
34 68
44 59 61 73 75
44 59 61 73 74
44 59 61 71 72 75
44 59 61 71 72 73 74
44 59 60 61 73 75
44 59 60 61 73 74
44 59 60 61 71 72 75
44 59 60 61 71 72 73 74
44 48 59 61 73
44 48 59 61 71 72
44 48 59 60 61 73
44 48 59 60 61 71 72
44 46 59 61 75
44 46 59 61 73 74
44 46 59 60 61 75
44 46 59 60 61 73 74
44 46 48 59 61
44 46 48 59 60 61
42 43 59 61 73 75
42 43 59 61 73 74
42 43 59 61 71 72 75
42 43 59 61 71 72 73 74
42 43 59 60 61 73 75
42 43 59 60 61 73 74
42 43 59 60 61 71 72 75
42 43 59 60 61 71 72 73 74
42 43 48 59 61 73
42 43 48 59 61 71 72
42 43 48 59 60 61 73
42 43 48 59 60 61 71 72
42 43 46 59 61 75
42 43 46 59 61 73 74
42 43 46 59 60 61 75
42 43 46 59 60 61 73 74
42 43 46 48 59 61
42 43 46 48 59 60 61
34 44 59 61 73 75
34 44 59 61 73 74
34 44 59 61 71 72 75
34 44 59 61 71 72 73 74
34 44 48 59 61 73
34 44 48 59 61 71 72
34 44 46 59 61 75
34 44 46 59 61 73 74
34 44 46 48 59 61
34 42 43 59 61 73 75
34 42 43 59 61 73 74
34 42 43 59 61 71 72 75
34 42 43 59 61 71 72 73 74
34 42 43 48 59 61 73
34 42 43 48 59 61 71 72
34 42 43 46 59 61 75
34 42 43 46 59 61 73 74
34 42 43 46 48 59 61
17 59 61 73 75
17 59 61 73 74
17 59 61 71 72 75
17 59 61 71 72 73 74
17 59 60 61 73 75
17 59 60 61 73 74
17 59 60 61 71 72 75
17 59 60 61 71 72 73 74
17 48 59 61 73
17 48 59 61 71 72
17 48 59 60 61 73
17 48 59 60 61 71 72
17 46 59 61 75
17 46 59 61 73 74
17 46 59 60 61 75
17 46 59 60 61 73 74
17 46 48 59 61
17 46 48 59 60 61
17 34 59 61 73 75
17 34 59 61 73 74
17 34 59 61 71 72 75
17 34 59 61 71 72 73 74
17 34 48 59 61 73
17 34 48 59 61 71 72
17 34 46 59 61 75
17 34 46 59 61 73 74
17 34 46 48 59 61
44 57 58 59 73
44 57 58 59 71 72
44 46 57 58 59
42 43 57 58 59 73
42 43 57 58 59 71 72
42 43 46 57 58 59
33 44 57 59 73
33 44 57 59 71 72
33 44 46 57 59
33 42 43 57 59 73
33 42 43 57 59 71 72
33 42 43 46 57 59
17 57 58 59 73
17 57 58 59 71 72
17 46 57 58 59
17 33 57 59 73
17 33 57 59 71 72
17 33 46 57 59
42 48 57 59 60 73 78
42 48 57 59 60 73 76 77
42 48 57 59 60 71 72 78
42 48 57 59 60 71 72 76 77
42 48 51 57 59 60 73
42 48 51 57 59 60 71 72
42 46 48 57 59 60 78
42 46 48 57 59 60 76 77
42 46 48 51 57 59 60
42 46 47 57 59 60 78
42 46 47 57 59 60 76 77
42 46 47 57 59 60 73 78
42 46 47 57 59 60 73 76 77
42 46 47 57 59 60 71 72 78
42 46 47 57 59 60 71 72 76 77
42 46 47 51 57 59 60
42 46 47 51 57 59 60 73
42 46 47 51 57 59 60 71 72
40 41 48 57 59 60 73 78
40 41 48 57 59 60 73 76 77
40 41 48 57 59 60 71 72 78
40 41 48 57 59 60 71 72 76 77
40 41 48 51 57 59 60 73
40 41 48 51 57 59 60 71 72
40 41 46 48 57 59 60 78
40 41 46 48 57 59 60 76 77
40 41 46 48 51 57 59 60
40 41 46 47 57 59 60 78
40 41 46 47 57 59 60 76 77
40 41 46 47 57 59 60 73 78
40 41 46 47 57 59 60 73 76 77
40 41 46 47 57 59 60 71 72 78
40 41 46 47 57 59 60 71 72 76 77
40 41 46 47 51 57 59 60
40 41 46 47 51 57 59 60 73
40 41 46 47 51 57 59 60 71 72
21 42 57 59 60 73 78
21 42 57 59 60 73 76 77
21 42 57 59 60 71 72 78
21 42 57 59 60 71 72 76 77
21 42 51 57 59 60 73
21 42 51 57 59 60 71 72
21 42 46 57 59 60 78
21 42 46 57 59 60 76 77
21 42 46 51 57 59 60
21 40 41 57 59 60 73 78
21 40 41 57 59 60 73 76 77
21 40 41 57 59 60 71 72 78
21 40 41 57 59 60 71 72 76 77
21 40 41 51 57 59 60 73
21 40 41 51 57 59 60 71 72
21 40 41 46 57 59 60 78
21 40 41 46 57 59 60 76 77
21 40 41 46 51 57 59 60
18 42 48 57 59 73 78
18 42 48 57 59 73 76 77
18 42 48 57 59 71 72 78
18 42 48 57 59 71 72 76 77
18 42 48 51 57 59 73
18 42 48 51 57 59 71 72
18 42 46 48 57 59 78
18 42 46 48 57 59 76 77
18 42 46 48 51 57 59
18 42 46 47 57 59 78
18 42 46 47 57 59 76 77
18 42 46 47 57 59 73 78
18 42 46 47 57 59 73 76 77
18 42 46 47 57 59 71 72 78
18 42 46 47 57 59 71 72 76 77
18 42 46 47 51 57 59
18 42 46 47 51 57 59 73
18 42 46 47 51 57 59 71 72
18 40 41 48 57 59 73 78
18 40 41 48 57 59 73 76 77
18 40 41 48 57 59 71 72 78
18 40 41 48 57 59 71 72 76 77
18 40 41 48 51 57 59 73
18 40 41 48 51 57 59 71 72
18 40 41 46 48 57 59 78
18 40 41 46 48 57 59 76 77
18 40 41 46 48 51 57 59
18 40 41 46 47 57 59 78
18 40 41 46 47 57 59 76 77
18 40 41 46 47 57 59 73 78
18 40 41 46 47 57 59 73 76 77
18 40 41 46 47 57 59 71 72 78
18 40 41 46 47 57 59 71 72 76 77
18 40 41 46 47 51 57 59
18 40 41 46 47 51 57 59 73
18 40 41 46 47 51 57 59 71 72
18 21 42 57 59 73 78
18 21 42 57 59 73 76 77
18 21 42 57 59 71 72 78
18 21 42 57 59 71 72 76 77
18 21 42 51 57 59 73
18 21 42 51 57 59 71 72
18 21 42 46 57 59 78
18 21 42 46 57 59 76 77
18 21 42 46 51 57 59
18 21 40 41 57 59 73 78
18 21 40 41 57 59 73 76 77
18 21 40 41 57 59 71 72 78
18 21 40 41 57 59 71 72 76 77
18 21 40 41 51 57 59 73
18 21 40 41 51 57 59 71 72
18 21 40 41 46 57 59 78
18 21 40 41 46 57 59 76 77
18 21 40 41 46 51 57 59
16 17 42 48 57 59 73 78
16 17 42 48 57 59 73 76 77
16 17 42 48 57 59 71 72 78
16 17 42 48 57 59 71 72 76 77
16 17 42 48 51 57 59 73
16 17 42 48 51 57 59 71 72
16 17 42 46 48 57 59 78
16 17 42 46 48 57 59 76 77
16 17 42 46 48 51 57 59
16 17 42 46 47 57 59 78
16 17 42 46 47 57 59 76 77
16 17 42 46 47 57 59 73 78
16 17 42 46 47 57 59 73 76 77
16 17 42 46 47 57 59 71 72 78
16 17 42 46 47 57 59 71 72 76 77
16 17 42 46 47 51 57 59
16 17 42 46 47 51 57 59 73
16 17 42 46 47 51 57 59 71 72
16 17 40 41 48 57 59 73 78
16 17 40 41 48 57 59 73 76 77
16 17 40 41 48 57 59 71 72 78
16 17 40 41 48 57 59 71 72 76 77
16 17 40 41 48 51 57 59 73
16 17 40 41 48 51 57 59 71 72
16 17 40 41 46 48 57 59 78
16 17 40 41 46 48 57 59 76 77
16 17 40 41 46 48 51 57 59
16 17 40 41 46 47 57 59 78
16 17 40 41 46 47 57 59 76 77
16 17 40 41 46 47 57 59 73 78
16 17 40 41 46 47 57 59 73 76 77
16 17 40 41 46 47 57 59 71 72 78
16 17 40 41 46 47 57 59 71 72 76 77
16 17 40 41 46 47 51 57 59
16 17 40 41 46 47 51 57 59 73
16 17 40 41 46 47 51 57 59 71 72
16 17 21 42 57 59 73 78
16 17 21 42 57 59 73 76 77
16 17 21 42 57 59 71 72 78
16 17 21 42 57 59 71 72 76 77
16 17 21 42 51 57 59 73
16 17 21 42 51 57 59 71 72
16 17 21 42 46 57 59 78
16 17 21 42 46 57 59 76 77
16 17 21 42 46 51 57 59
16 17 21 40 41 57 59 73 78
16 17 21 40 41 57 59 73 76 77
16 17 21 40 41 57 59 71 72 78
16 17 21 40 41 57 59 71 72 76 77
16 17 21 40 41 51 57 59 73
16 17 21 40 41 51 57 59 71 72
16 17 21 40 41 46 57 59 78
16 17 21 40 41 46 57 59 76 77
16 17 21 40 41 46 51 57 59
15 48 57 59 60 73 78
15 48 57 59 60 73 76 77
15 48 57 59 60 71 72 78
15 48 57 59 60 71 72 76 77
15 48 51 57 59 60 73
15 48 51 57 59 60 71 72
15 46 48 57 59 60 78
15 46 48 57 59 60 76 77
15 46 48 51 57 59 60
15 46 47 57 59 60 78
15 46 47 57 59 60 76 77
15 46 47 57 59 60 73 78
15 46 47 57 59 60 73 76 77
15 46 47 57 59 60 71 72 78
15 46 47 57 59 60 71 72 76 77
15 46 47 51 57 59 60
15 46 47 51 57 59 60 73
15 46 47 51 57 59 60 71 72
15 21 57 59 60 73 78
15 21 57 59 60 73 76 77
15 21 57 59 60 71 72 78
15 21 57 59 60 71 72 76 77
15 21 51 57 59 60 73
15 21 51 57 59 60 71 72
15 21 46 57 59 60 78
15 21 46 57 59 60 76 77
15 21 46 51 57 59 60
15 18 48 57 59 73 78
15 18 48 57 59 73 76 77
15 18 48 57 59 71 72 78
15 18 48 57 59 71 72 76 77
15 18 48 51 57 59 73
15 18 48 51 57 59 71 72
15 18 46 48 57 59 78
15 18 46 48 57 59 76 77
15 18 46 48 51 57 59
15 18 46 47 57 59 78
15 18 46 47 57 59 76 77
15 18 46 47 57 59 73 78
15 18 46 47 57 59 73 76 77
15 18 46 47 57 59 71 72 78
15 18 46 47 57 59 71 72 76 77
15 18 46 47 51 57 59
15 18 46 47 51 57 59 73
15 18 46 47 51 57 59 71 72
15 18 21 57 59 73 78
15 18 21 57 59 73 76 77
15 18 21 57 59 71 72 78
15 18 21 57 59 71 72 76 77
15 18 21 51 57 59 73
15 18 21 51 57 59 71 72
15 18 21 46 57 59 78
15 18 21 46 57 59 76 77
15 18 21 46 51 57 59
15 16 17 48 57 59 73 78
15 16 17 48 57 59 73 76 77
15 16 17 48 57 59 71 72 78
15 16 17 48 57 59 71 72 76 77
15 16 17 48 51 57 59 73
15 16 17 48 51 57 59 71 72
15 16 17 46 48 57 59 78
15 16 17 46 48 57 59 76 77
15 16 17 46 48 51 57 59
15 16 17 46 47 57 59 78
15 16 17 46 47 57 59 76 77
15 16 17 46 47 57 59 73 78
15 16 17 46 47 57 59 73 76 77
15 16 17 46 47 57 59 71 72 78
15 16 17 46 47 57 59 71 72 76 77
15 16 17 46 47 51 57 59
15 16 17 46 47 51 57 59 73
15 16 17 46 47 51 57 59 71 72
15 16 17 21 57 59 73 78
15 16 17 21 57 59 73 76 77
15 16 17 21 57 59 71 72 78
15 16 17 21 57 59 71 72 76 77
15 16 17 21 51 57 59 73
15 16 17 21 51 57 59 71 72
15 16 17 21 46 57 59 78
15 16 17 21 46 57 59 76 77
15 16 17 21 46 51 57 59
59 69 78 79
59 67 68 78 79
53 59 69
53 59 67 68
42 59 78 79
42 53 59
44 59 61 65 73
44 59 61 65 71 72
44 59 61 63 64 73
44 59 61 63 64 71 72
44 46 59 61 65
44 46 59 61 63 64
42 43 59 61 65 73
42 43 59 61 65 71 72
42 43 59 61 63 64 73
42 43 59 61 63 64 71 72
42 43 46 59 61 65
42 43 46 59 61 63 64
38 44 59 61 73
38 44 59 61 71 72
38 44 46 59 61
38 42 43 59 61 73
38 42 43 59 61 71 72
38 42 43 46 59 61
30 44 59 61 65 73
30 44 59 61 65 71 72
30 44 59 61 63 64 73
30 44 59 61 63 64 71 72
30 44 46 59 61 65
30 44 46 59 61 63 64
30 42 43 59 61 65 73
30 42 43 59 61 65 71 72
30 42 43 59 61 63 64 73
30 42 43 59 61 63 64 71 72
30 42 43 46 59 61 65
30 42 43 46 59 61 63 64
30 38 44 59 61 73
30 38 44 59 61 71 72
30 38 44 46 59 61
30 38 42 43 59 61 73
30 38 42 43 59 61 71 72
30 38 42 43 46 59 61
28 29 44 59 61 65 73
28 29 44 59 61 65 71 72
28 29 44 59 61 63 64 73
28 29 44 59 61 63 64 71 72
28 29 44 46 59 61 65
28 29 44 46 59 61 63 64
28 29 42 43 59 61 65 73
28 29 42 43 59 61 65 71 72
28 29 42 43 59 61 63 64 73
28 29 42 43 59 61 63 64 71 72
28 29 42 43 46 59 61 65
28 29 42 43 46 59 61 63 64
28 29 38 44 59 61 73
28 29 38 44 59 61 71 72
28 29 38 44 46 59 61
28 29 38 42 43 59 61 73
28 29 38 42 43 59 61 71 72
28 29 38 42 43 46 59 61
17 59 61 65 73
17 59 61 65 71 72
17 59 61 63 64 73
17 59 61 63 64 71 72
17 46 59 61 65
17 46 59 61 63 64
17 38 59 61 73
17 38 59 61 71 72
17 38 46 59 61
17 30 59 61 65 73
17 30 59 61 65 71 72
17 30 59 61 63 64 73
17 30 59 61 63 64 71 72
17 30 46 59 61 65
17 30 46 59 61 63 64
17 30 38 59 61 73
17 30 38 59 61 71 72
17 30 38 46 59 61
17 28 29 59 61 65 73
17 28 29 59 61 65 71 72
17 28 29 59 61 63 64 73
17 28 29 59 61 63 64 71 72
17 28 29 46 59 61 65
17 28 29 46 59 61 63 64
17 28 29 38 59 61 73
17 28 29 38 59 61 71 72
17 28 29 38 46 59 61
3 44 59 61 65 73
3 44 59 61 65 71 72
3 44 59 61 63 64 73
3 44 59 61 63 64 71 72
3 44 46 59 61 65
3 44 46 59 61 63 64
3 42 43 59 61 65 73
3 42 43 59 61 65 71 72
3 42 43 59 61 63 64 73
3 42 43 59 61 63 64 71 72
3 42 43 46 59 61 65
3 42 43 46 59 61 63 64
3 38 44 59 61 73
3 38 44 59 61 71 72
3 38 44 46 59 61
3 38 42 43 59 61 73
3 38 42 43 59 61 71 72
3 38 42 43 46 59 61
3 17 59 61 65 73
3 17 59 61 65 71 72
3 17 59 61 63 64 73
3 17 59 61 63 64 71 72
3 17 46 59 61 65
3 17 46 59 61 63 64
3 17 38 59 61 73
3 17 38 59 61 71 72
3 17 38 46 59 61
55 61 71 78 79
55 61 69 71 78 79
55 61 67 68 71 78 79
55 61 67 68 69 70 78 79
53 55 61 71
53 55 61 69 71
53 55 61 67 68 71
53 55 61 67 68 69 70
53 54 61 71
53 54 61 71 78 79
53 54 61 69 71
53 54 61 69 71 78 79
53 54 61 67 68 71
53 54 61 67 68 71 78 79
53 54 61 67 68 69 70
53 54 61 67 68 69 70 78 79
44 55 61 78 79
44 55 61 69 78 79
44 55 61 67 68 78 79
44 53 55 61
44 53 55 61 69
44 53 55 61 67 68
44 53 54 61
44 53 54 61 78 79
44 53 54 61 69
44 53 54 61 69 78 79
44 53 54 61 67 68
44 53 54 61 67 68 78 79
42 55 61 71 78 79
42 55 61 69 70 78 79
42 53 55 61 71
42 53 55 61 69 70
42 53 54 61 71
42 53 54 61 71 78 79
42 53 54 61 69 70
42 53 54 61 69 70 78 79
42 44 55 61 78 79
42 44 53 55 61
42 44 53 54 61
42 44 53 54 61 78 79
28 61 71 78 79
28 61 69 71 78 79
28 61 67 68 71 78 79
28 61 67 68 69 70 78 79
28 53 61 71
28 53 61 69 71
28 53 61 67 68 71
28 53 61 67 68 69 70
28 44 61 78 79
28 44 61 69 78 79
28 44 61 67 68 78 79
28 44 53 61
28 44 53 61 69
28 44 53 61 67 68
28 42 61 71 78 79
28 42 61 69 70 78 79
28 42 53 61 71
28 42 53 61 69 70
28 42 44 61 78 79
28 42 44 53 61
42 57 59 73 75 78
42 57 59 73 75 76 77
42 57 59 71 72 75 78
42 57 59 71 72 75 76 77
42 57 59 71 72 73 74 78
42 57 59 71 72 73 74 76 77
42 51 57 59 73 75
42 51 57 59 71 72 75
42 51 57 59 71 72 73 74
42 46 57 59 75 78
42 46 57 59 75 76 77
42 46 57 59 73 74 78
42 46 57 59 73 74 76 77
42 46 51 57 59 75
42 46 51 57 59 73 74
40 41 57 59 73 75 78
40 41 57 59 73 75 76 77
40 41 57 59 71 72 75 78
40 41 57 59 71 72 75 76 77
40 41 57 59 71 72 73 74 78
40 41 57 59 71 72 73 74 76 77
40 41 51 57 59 73 75
40 41 51 57 59 71 72 75
40 41 51 57 59 71 72 73 74
40 41 46 57 59 75 78
40 41 46 57 59 75 76 77
40 41 46 57 59 73 74 78
40 41 46 57 59 73 74 76 77
40 41 46 51 57 59 75
40 41 46 51 57 59 73 74
15 57 59 73 75 78
15 57 59 73 75 76 77
15 57 59 71 72 75 78
15 57 59 71 72 75 76 77
15 57 59 71 72 73 74 78
15 57 59 71 72 73 74 76 77
15 51 57 59 73 75
15 51 57 59 71 72 75
15 51 57 59 71 72 73 74
15 46 57 59 75 78
15 46 57 59 75 76 77
15 46 57 59 73 74 78
15 46 57 59 73 74 76 77
15 46 51 57 59 75
15 46 51 57 59 73 74
44 59 73 78
44 59 73 76 77
44 59 71 72 78
44 59 71 72 76 77
44 59 63 73 78
44 59 63 73 76 77
44 59 63 71 72 78
44 59 63 71 72 76 77
44 59 61 62 73 78
44 59 61 62 73 76 77
44 59 61 62 71 72 78
44 59 61 62 71 72 76 77
44 51 59 73
44 51 59 71 72
44 51 59 63 73
44 51 59 63 71 72
44 51 59 61 62 73
44 51 59 61 62 71 72
44 46 59 78
44 46 59 76 77
44 46 59 63 78
44 46 59 63 76 77
44 46 59 61 62 78
44 46 59 61 62 76 77
44 46 51 59
44 46 51 59 63
44 46 51 59 61 62
42 57 61 73
42 57 61 71 72
42 46 57 61
42 43 59 73 78
42 43 59 73 76 77
42 43 59 71 72 78
42 43 59 71 72 76 77
42 43 59 63 73 78
42 43 59 63 73 76 77
42 43 59 63 71 72 78
42 43 59 63 71 72 76 77
42 43 59 61 62 73 78
42 43 59 61 62 73 76 77
42 43 59 61 62 71 72 78
42 43 59 61 62 71 72 76 77
42 43 51 59 73
42 43 51 59 71 72
42 43 51 59 63 73
42 43 51 59 63 71 72
42 43 51 59 61 62 73
42 43 51 59 61 62 71 72
42 43 46 59 78
42 43 46 59 76 77
42 43 46 59 63 78
42 43 46 59 63 76 77
42 43 46 59 61 62 78
42 43 46 59 61 62 76 77
42 43 46 51 59
42 43 46 51 59 63
42 43 46 51 59 61 62
40 41 57 61 73
40 41 57 61 71 72
40 41 46 57 61
36 44 59 73 78
36 44 59 73 76 77
36 44 59 71 72 78
36 44 59 71 72 76 77
36 44 51 59 73
36 44 51 59 71 72
36 44 46 59 78
36 44 46 59 76 77
36 44 46 51 59
36 42 43 59 73 78
36 42 43 59 73 76 77
36 42 43 59 71 72 78
36 42 43 59 71 72 76 77
36 42 43 51 59 73
36 42 43 51 59 71 72
36 42 43 46 59 78
36 42 43 46 59 76 77
36 42 43 46 51 59
17 59 73 78
17 59 73 76 77
17 59 71 72 78
17 59 71 72 76 77
17 59 63 73 78
17 59 63 73 76 77
17 59 63 71 72 78
17 59 63 71 72 76 77
17 59 61 62 73 78
17 59 61 62 73 76 77
17 59 61 62 71 72 78
17 59 61 62 71 72 76 77
17 51 59 73
17 51 59 71 72
17 51 59 63 73
17 51 59 63 71 72
17 51 59 61 62 73
17 51 59 61 62 71 72
17 46 59 78
17 46 59 76 77
17 46 59 63 78
17 46 59 63 76 77
17 46 59 61 62 78
17 46 59 61 62 76 77
17 46 51 59
17 46 51 59 63
17 46 51 59 61 62
17 36 59 73 78
17 36 59 73 76 77
17 36 59 71 72 78
17 36 59 71 72 76 77
17 36 51 59 73
17 36 51 59 71 72
17 36 46 59 78
17 36 46 59 76 77
17 36 46 51 59
15 57 61 73
15 57 61 71 72
15 46 57 61
42 57 59 65 73 78
42 57 59 65 73 76 77
42 57 59 65 71 72 78
42 57 59 65 71 72 76 77
42 57 59 61 65 73 78
42 57 59 61 65 73 76 77
42 57 59 61 65 71 72 78
42 57 59 61 65 71 72 76 77
42 51 57 59 65 73
42 51 57 59 65 71 72
42 51 57 59 61 65 73
42 51 57 59 61 65 71 72
42 46 57 59 65 78
42 46 57 59 65 76 77
42 46 57 59 61 65 78
42 46 57 59 61 65 76 77
42 46 51 57 59 65
42 46 51 57 59 61 65
40 41 57 59 65 73 78
40 41 57 59 65 73 76 77
40 41 57 59 65 71 72 78
40 41 57 59 65 71 72 76 77
40 41 57 59 61 65 73 78
40 41 57 59 61 65 73 76 77
40 41 57 59 61 65 71 72 78
40 41 57 59 61 65 71 72 76 77
40 41 51 57 59 65 73
40 41 51 57 59 65 71 72
40 41 51 57 59 61 65 73
40 41 51 57 59 61 65 71 72
40 41 46 57 59 65 78
40 41 46 57 59 65 76 77
40 41 46 57 59 61 65 78
40 41 46 57 59 61 65 76 77
40 41 46 51 57 59 65
40 41 46 51 57 59 61 65
15 57 59 65 73 78
15 57 59 65 73 76 77
15 57 59 65 71 72 78
15 57 59 65 71 72 76 77
15 57 59 61 65 73 78
15 57 59 61 65 73 76 77
15 57 59 61 65 71 72 78
15 57 59 61 65 71 72 76 77
15 51 57 59 65 73
15 51 57 59 65 71 72
15 51 57 59 61 65 73
15 51 57 59 61 65 71 72
15 46 57 59 65 78
15 46 57 59 65 76 77
15 46 57 59 61 65 78
15 46 57 59 61 65 76 77
15 46 51 57 59 65
15 46 51 57 59 61 65
36 68
20 68
42 57 59 75 78
42 57 59 75 76 77
42 51 57 59 75
42 48 57 59 78
42 48 57 59 76 77
42 48 51 57 59
40 41 57 59 75 78
40 41 57 59 75 76 77
40 41 51 57 59 75
40 41 48 57 59 78
40 41 48 57 59 76 77
40 41 48 51 57 59
30 42 57 59 73 78
30 42 57 59 73 76 77
30 42 57 59 71 72 78
30 42 57 59 71 72 76 77
30 42 51 57 59 73
30 42 51 57 59 71 72
30 42 46 57 59 78
30 42 46 57 59 76 77
30 42 46 51 57 59
30 40 41 57 59 73 78
30 40 41 57 59 73 76 77
30 40 41 57 59 71 72 78
30 40 41 57 59 71 72 76 77
30 40 41 51 57 59 73
30 40 41 51 57 59 71 72
30 40 41 46 57 59 78
30 40 41 46 57 59 76 77
30 40 41 46 51 57 59
28 29 42 57 59 73 78
28 29 42 57 59 73 76 77
28 29 42 57 59 71 72 78
28 29 42 57 59 71 72 76 77
28 29 42 51 57 59 73
28 29 42 51 57 59 71 72
28 29 42 46 57 59 78
28 29 42 46 57 59 76 77
28 29 42 46 51 57 59
28 29 40 41 57 59 73 78
28 29 40 41 57 59 73 76 77
28 29 40 41 57 59 71 72 78
28 29 40 41 57 59 71 72 76 77
28 29 40 41 51 57 59 73
28 29 40 41 51 57 59 71 72
28 29 40 41 46 57 59 78
28 29 40 41 46 57 59 76 77
28 29 40 41 46 51 57 59
15 57 59 75 78
15 57 59 75 76 77
15 51 57 59 75
15 48 57 59 78
15 48 57 59 76 77
15 48 51 57 59
15 30 57 59 73 78
15 30 57 59 73 76 77
15 30 57 59 71 72 78
15 30 57 59 71 72 76 77
15 30 51 57 59 73
15 30 51 57 59 71 72
15 30 46 57 59 78
15 30 46 57 59 76 77
15 30 46 51 57 59
15 28 29 57 59 73 78
15 28 29 57 59 73 76 77
15 28 29 57 59 71 72 78
15 28 29 57 59 71 72 76 77
15 28 29 51 57 59 73
15 28 29 51 57 59 71 72
15 28 29 46 57 59 78
15 28 29 46 57 59 76 77
15 28 29 46 51 57 59
3 42 57 59 73 78
3 42 57 59 73 76 77
3 42 57 59 71 72 78
3 42 57 59 71 72 76 77
3 42 51 57 59 73
3 42 51 57 59 71 72
3 42 46 57 59 78
3 42 46 57 59 76 77
3 42 46 51 57 59
3 40 41 57 59 73 78
3 40 41 57 59 73 76 77
3 40 41 57 59 71 72 78
3 40 41 57 59 71 72 76 77
3 40 41 51 57 59 73
3 40 41 51 57 59 71 72
3 40 41 46 57 59 78
3 40 41 46 57 59 76 77
3 40 41 46 51 57 59
3 15 57 59 73 78
3 15 57 59 73 76 77
3 15 57 59 71 72 78
3 15 57 59 71 72 76 77
3 15 51 57 59 73
3 15 51 57 59 71 72
3 15 46 57 59 78
3 15 46 57 59 76 77
3 15 46 51 57 59
