78 79
73
73 78 79
71 78 79
71 72
71 72 78 79
69 78 79
69 73
69 71 72
69 70
69 70 78 79
68 69 78 79
67
67 78 79
67 73
67 71 72
67 68
67 68 73
67 68 71 72
67 68 70
67 68 69
65 66
65 66 78 79
65 66 73
65 66 71 72
64
63
61
61 69
61 68
61 67
61 67 68
61 65 66
61 62
59
59 78 79
59 69 71
59 69 70
59 67 68 71
59 67 68 69 70
59 61 69
59 61 69 71
59 61 69 70
59 61 67 68
59 61 67 68 71
59 61 67 68 69 70
55
55 69
55 69 78 79
55 67 68
55 67 68 78 79
55 61 67
55 61 65 66
55 59
54 55
53 73
53 71
53 71 72
53 69
53 69 70
53 68 69
53 67
53 65 66
53 59
53 55 69
53 55 67 68
53 54 61 67
53 54 61 65 66
52 69
52 67 68
52 53
51 52
46
46 78 79
46 69
46 67
46 67 68
46 65 66
46 53
44
44 78 79
44 59 69
44 59 67 68
44 59 61 69
44 59 61 67 68
44 53
42 78 79
42 73
42 71 72
42 70
42 68
42 68 78 79
42 68 69
42 61
42 59 73
42 59 71
42 59 71 72
42 59 69 70
42 59 61
42 59 61 77
42 59 61 75
42 59 61 75 76
42 59 61 73
42 59 61 73 74
42 59 61 71
42 59 61 71 72
42 59 61 69 70
42 59 60 61 75
42 59 60 61 73 74
42 57 61 73
42 57 61 71 72
42 57 59 61 63 73
42 57 59 61 63 71 72
42 57 59 61 62 73
42 57 59 61 62 71 72
42 55
42 55 78 79
42 53
42 53 68
42 53 55
42 52
42 50 59 61
42 48 59 61
42 48 59 60 61
42 48 57 59 73 75 78
42 48 57 59 73 75 76 77
42 48 57 59 73 74 78
42 48 57 59 73 74 76 77
42 48 57 59 71 72 75 78
42 48 57 59 71 72 75 76 77
42 48 57 59 71 72 73 74 78
42 48 57 59 71 72 73 74 76 77
42 48 57 59 61 63 73
42 48 57 59 61 63 71 72
42 48 57 59 61 62 73
42 48 57 59 61 62 71 72
42 48 51 57 59 73 75
42 48 51 57 59 73 74
42 48 51 57 59 71 72 75
42 48 51 57 59 71 72 73 74
42 46
42 46 59
42 46 59 61
42 46 57 61
42 46 57 59 61 63
42 46 57 59 61 62
42 46 48 57 59 75 78
42 46 48 57 59 75 76 77
42 46 48 57 59 73 74 78
42 46 48 57 59 73 74 76 77
42 46 48 57 59 61 63
42 46 48 57 59 61 62
42 46 48 51 57 59 75
42 46 48 51 57 59 73 74
42 46 47 57 59 78
42 46 47 57 59 76 77
42 46 47 57 59 75 78
42 46 47 57 59 75 76 77
42 46 47 57 59 73 78
42 46 47 57 59 73 76 77
42 46 47 57 59 73 75 78
42 46 47 57 59 73 75 76 77
42 46 47 57 59 71 72 78
42 46 47 57 59 71 72 76 77
42 46 47 57 59 71 72 75 78
42 46 47 57 59 71 72 75 76 77
42 46 47 57 59 71 72 73 74 78
42 46 47 57 59 71 72 73 74 76 77
42 46 47 57 59 61 63
42 46 47 57 59 61 63 73
42 46 47 57 59 61 63 71 72
42 46 47 57 59 61 62
42 46 47 57 59 61 62 73
42 46 47 57 59 61 62 71 72
42 46 47 51 57 59
42 46 47 51 57 59 75
42 46 47 51 57 59 73
42 46 47 51 57 59 73 75
42 46 47 51 57 59 71 72
42 46 47 51 57 59 71 72 75
42 46 47 51 57 59 71 72 73 74
42 46 47 48 57 59 78
42 46 47 48 57 59 76 77
42 46 47 48 57 59 73 78
42 46 47 48 57 59 73 76 77
42 46 47 48 57 59 71 72 78
42 46 47 48 57 59 71 72 76 77
42 46 47 48 51 57 59
42 46 47 48 51 57 59 73
42 46 47 48 51 57 59 71 72
42 44 59
42 44 59 61
42 43
40
40 78 79
40 73
40 71 72
40 61
40 55 61
40 53
40 53 54 61
40 46
40 41 59 73
40 41 59 71 72
40 41 59 61 77
40 41 59 61 75
40 41 59 61 75 76
40 41 59 61 73
40 41 59 61 73 74
40 41 59 61 71 72
40 41 59 60 61 75
40 41 59 60 61 73 74
40 41 57 61 73
40 41 57 61 71 72
40 41 57 59 61 63 73
40 41 57 59 61 63 71 72
40 41 57 59 61 62 73
40 41 57 59 61 62 71 72
40 41 50 59 61
40 41 48 59 61
40 41 48 59 60 61
40 41 48 57 59 73 75 78
40 41 48 57 59 73 75 76 77
40 41 48 57 59 73 74 78
40 41 48 57 59 73 74 76 77
40 41 48 57 59 71 72 75 78
40 41 48 57 59 71 72 75 76 77
40 41 48 57 59 71 72 73 74 78
40 41 48 57 59 71 72 73 74 76 77
40 41 48 57 59 61 63 73
40 41 48 57 59 61 63 71 72
40 41 48 57 59 61 62 73
40 41 48 57 59 61 62 71 72
40 41 48 51 57 59 73 75
40 41 48 51 57 59 73 74
40 41 48 51 57 59 71 72 75
40 41 48 51 57 59 71 72 73 74
40 41 46 59
40 41 46 59 61
40 41 46 57 61
40 41 46 57 59 61 63
40 41 46 57 59 61 62
40 41 46 48 57 59 75 78
40 41 46 48 57 59 75 76 77
40 41 46 48 57 59 73 74 78
40 41 46 48 57 59 73 74 76 77
40 41 46 48 57 59 61 63
40 41 46 48 57 59 61 62
40 41 46 48 51 57 59 75
40 41 46 48 51 57 59 73 74
40 41 46 47 57 59 78
40 41 46 47 57 59 76 77
40 41 46 47 57 59 75 78
40 41 46 47 57 59 75 76 77
40 41 46 47 57 59 73 78
40 41 46 47 57 59 73 76 77
40 41 46 47 57 59 73 75 78
40 41 46 47 57 59 73 75 76 77
40 41 46 47 57 59 71 72 78
40 41 46 47 57 59 71 72 76 77
40 41 46 47 57 59 71 72 75 78
40 41 46 47 57 59 71 72 75 76 77
40 41 46 47 57 59 71 72 73 74 78
40 41 46 47 57 59 71 72 73 74 76 77
40 41 46 47 57 59 61 63
40 41 46 47 57 59 61 63 73
40 41 46 47 57 59 61 63 71 72
40 41 46 47 57 59 61 62
40 41 46 47 57 59 61 62 73
40 41 46 47 57 59 61 62 71 72
40 41 46 47 51 57 59
40 41 46 47 51 57 59 75
40 41 46 47 51 57 59 73
40 41 46 47 51 57 59 73 75
40 41 46 47 51 57 59 71 72
40 41 46 47 51 57 59 71 72 75
40 41 46 47 51 57 59 71 72 73 74
40 41 46 47 48 57 59 78
40 41 46 47 48 57 59 76 77
40 41 46 47 48 57 59 73 78
40 41 46 47 48 57 59 73 76 77
40 41 46 47 48 57 59 71 72 78
40 41 46 47 48 57 59 71 72 76 77
40 41 46 47 48 51 57 59
40 41 46 47 48 51 57 59 73
40 41 46 47 48 51 57 59 71 72
38
38 61 69
38 61 67 68
38 42 61
36 78 79
36 71
36 71 78 79
36 69
36 69 78 79
36 69 70
36 69 70 78 79
36 68 69
36 68 69 78 79
36 55
36 53
36 53 71
36 53 69
36 53 69 70
36 53 68 69
36 44
36 44 78 79
36 44 53
36 42
36 42 78 79
36 42 68
36 42 68 78 79
36 42 57 59 61 73
36 42 57 59 61 71 72
36 42 53
36 42 53 68
36 42 48 57 59 61 73
36 42 48 57 59 61 71 72
36 42 46 57 59 61
36 42 46 48 57 59 61
36 42 46 47 57 59 61
36 42 46 47 57 59 61 73
36 42 46 47 57 59 61 71 72
36 40 41 57 59 61 73
36 40 41 57 59 61 71 72
36 40 41 48 57 59 61 73
36 40 41 48 57 59 61 71 72
36 40 41 46 57 59 61
36 40 41 46 48 57 59 61
36 40 41 46 47 57 59 61
36 40 41 46 47 57 59 61 73
36 40 41 46 47 57 59 61 71 72
34
34 73
34 73 78 79
34 71
34 71 72
34 71 72 78 79
34 69
34 69 70
34 68 73
34 68 71 72
34 68 69
34 67
34 67 78 79
34 65 66
34 65 66 78 79
34 61 69
34 61 67 68
34 61 63
34 61 62
34 54 61
34 53 73
34 53 71 72
34 53 67
34 53 65 66
34 52 53 61
34 46
34 46 78 79
34 46 68
34 46 53
34 44
34 42
34 42 68
34 42 61
34 42 59 61 75
34 42 59 61 73 74
34 42 48 59 61
34 40
34 40 78 79
34 40 53
34 40 41 59 61 75
34 40 41 59 61 73 74
34 40 41 48 59 61
32 55
32 55 59
29
28 61 67
28 61 65 66
28 40 61
27
27 34 61
22
22 69
22 68
22 67 68
22 55
22 42
21 42 57 59 73 78
21 42 57 59 73 76 77
21 42 57 59 73 75 78
21 42 57 59 73 75 76 77
21 42 57 59 73 74 78
21 42 57 59 73 74 76 77
21 42 57 59 71 72 78
21 42 57 59 71 72 76 77
21 42 57 59 71 72 75 78
21 42 57 59 71 72 75 76 77
21 42 57 59 71 72 73 74 78
21 42 57 59 71 72 73 74 76 77
21 42 57 59 61 63 73
21 42 57 59 61 63 71 72
21 42 57 59 61 62 73
21 42 57 59 61 62 71 72
21 42 51 57 59 73
21 42 51 57 59 73 75
21 42 51 57 59 73 74
21 42 51 57 59 71 72
21 42 51 57 59 71 72 75
21 42 51 57 59 71 72 73 74
21 42 48 57 59 73 78
21 42 48 57 59 73 76 77
21 42 48 57 59 71 72 78
21 42 48 57 59 71 72 76 77
21 42 48 51 57 59 73
21 42 48 51 57 59 71 72
21 42 46 57 59 78
21 42 46 57 59 76 77
21 42 46 57 59 75 78
21 42 46 57 59 75 76 77
21 42 46 57 59 73 74 78
21 42 46 57 59 73 74 76 77
21 42 46 57 59 61 63
21 42 46 57 59 61 62
21 42 46 51 57 59
21 42 46 51 57 59 75
21 42 46 51 57 59 73 74
21 42 46 48 57 59 78
21 42 46 48 57 59 76 77
21 42 46 48 51 57 59
21 40 41 57 59 73 78
21 40 41 57 59 73 76 77
21 40 41 57 59 73 75 78
21 40 41 57 59 73 75 76 77
21 40 41 57 59 73 74 78
21 40 41 57 59 73 74 76 77
21 40 41 57 59 71 72 78
21 40 41 57 59 71 72 76 77
21 40 41 57 59 71 72 75 78
21 40 41 57 59 71 72 75 76 77
21 40 41 57 59 71 72 73 74 78
21 40 41 57 59 71 72 73 74 76 77
21 40 41 57 59 61 63 73
21 40 41 57 59 61 63 71 72
21 40 41 57 59 61 62 73
21 40 41 57 59 61 62 71 72
21 40 41 51 57 59 73
21 40 41 51 57 59 73 75
21 40 41 51 57 59 73 74
21 40 41 51 57 59 71 72
21 40 41 51 57 59 71 72 75
21 40 41 51 57 59 71 72 73 74
21 40 41 48 57 59 73 78
21 40 41 48 57 59 73 76 77
21 40 41 48 57 59 71 72 78
21 40 41 48 57 59 71 72 76 77
21 40 41 48 51 57 59 73
21 40 41 48 51 57 59 71 72
21 40 41 46 57 59 78
21 40 41 46 57 59 76 77
21 40 41 46 57 59 75 78
21 40 41 46 57 59 75 76 77
21 40 41 46 57 59 73 74 78
21 40 41 46 57 59 73 74 76 77
21 40 41 46 57 59 61 63
21 40 41 46 57 59 61 62
21 40 41 46 51 57 59
21 40 41 46 51 57 59 75
21 40 41 46 51 57 59 73 74
21 40 41 46 48 57 59 78
21 40 41 46 48 57 59 76 77
21 40 41 46 48 51 57 59
21 36 42 57 59 61 73
21 36 42 57 59 61 71 72
21 36 42 46 57 59 61
21 36 40 41 57 59 61 73
21 36 40 41 57 59 61 71 72
21 36 40 41 46 57 59 61
20 73
20 71 72
20 68 69
20 67 68
20 55
20 46
20 42 68
20 36
20 36 55
20 34
20 34 73
20 34 71 72
20 34 46
17
15 59 73
15 59 71 72
15 59 61 77
15 59 61 75
15 59 61 75 76
15 59 61 73
15 59 61 73 74
15 59 61 71 72
15 59 60 61 75
15 59 60 61 73 74
15 57 61 73
15 57 61 71 72
15 57 59 61 63 73
15 57 59 61 63 71 72
15 57 59 61 62 73
15 57 59 61 62 71 72
15 50 59 61
15 48 59 61
15 48 59 60 61
15 48 57 59 73 75 78
15 48 57 59 73 75 76 77
15 48 57 59 73 74 78
15 48 57 59 73 74 76 77
15 48 57 59 71 72 75 78
15 48 57 59 71 72 75 76 77
15 48 57 59 71 72 73 74 78
15 48 57 59 71 72 73 74 76 77
15 48 57 59 61 63 73
15 48 57 59 61 63 71 72
15 48 57 59 61 62 73
15 48 57 59 61 62 71 72
15 48 51 57 59 73 75
15 48 51 57 59 73 74
15 48 51 57 59 71 72 75
15 48 51 57 59 71 72 73 74
15 46 59
15 46 59 61
15 46 57 61
15 46 57 59 61 63
15 46 57 59 61 62
15 46 48 57 59 75 78
15 46 48 57 59 75 76 77
15 46 48 57 59 73 74 78
15 46 48 57 59 73 74 76 77
15 46 48 57 59 61 63
15 46 48 57 59 61 62
15 46 48 51 57 59 75
15 46 48 51 57 59 73 74
15 46 47 57 59 78
15 46 47 57 59 76 77
15 46 47 57 59 75 78
15 46 47 57 59 75 76 77
15 46 47 57 59 73 78
15 46 47 57 59 73 76 77
15 46 47 57 59 73 75 78
15 46 47 57 59 73 75 76 77
15 46 47 57 59 71 72 78
15 46 47 57 59 71 72 76 77
15 46 47 57 59 71 72 75 78
15 46 47 57 59 71 72 75 76 77
15 46 47 57 59 71 72 73 74 78
15 46 47 57 59 71 72 73 74 76 77
15 46 47 57 59 61 63
15 46 47 57 59 61 63 73
15 46 47 57 59 61 63 71 72
15 46 47 57 59 61 62
15 46 47 57 59 61 62 73
15 46 47 57 59 61 62 71 72
15 46 47 51 57 59
15 46 47 51 57 59 75
15 46 47 51 57 59 73
15 46 47 51 57 59 73 75
15 46 47 51 57 59 71 72
15 46 47 51 57 59 71 72 75
15 46 47 51 57 59 71 72 73 74
15 46 47 48 57 59 78
15 46 47 48 57 59 76 77
15 46 47 48 57 59 73 78
15 46 47 48 57 59 73 76 77
15 46 47 48 57 59 71 72 78
15 46 47 48 57 59 71 72 76 77
15 46 47 48 51 57 59
15 46 47 48 51 57 59 73
15 46 47 48 51 57 59 71 72
15 36 57 59 61 73
15 36 57 59 61 71 72
15 36 48 57 59 61 73
15 36 48 57 59 61 71 72
15 36 46 57 59 61
15 36 46 48 57 59 61
15 36 46 47 57 59 61
15 36 46 47 57 59 61 73
15 36 46 47 57 59 61 71 72
15 34 59 61 75
15 34 59 61 73 74
15 34 48 59 61
15 21 57 59 73 78
15 21 57 59 73 76 77
15 21 57 59 73 75 78
15 21 57 59 73 75 76 77
15 21 57 59 73 74 78
15 21 57 59 73 74 76 77
15 21 57 59 71 72 78
15 21 57 59 71 72 76 77
15 21 57 59 71 72 75 78
15 21 57 59 71 72 75 76 77
15 21 57 59 71 72 73 74 78
15 21 57 59 71 72 73 74 76 77
15 21 57 59 61 63 73
15 21 57 59 61 63 71 72
15 21 57 59 61 62 73
15 21 57 59 61 62 71 72
15 21 51 57 59 73
15 21 51 57 59 73 75
15 21 51 57 59 73 74
15 21 51 57 59 71 72
15 21 51 57 59 71 72 75
15 21 51 57 59 71 72 73 74
15 21 48 57 59 73 78
15 21 48 57 59 73 76 77
15 21 48 57 59 71 72 78
15 21 48 57 59 71 72 76 77
15 21 48 51 57 59 73
15 21 48 51 57 59 71 72
15 21 46 57 59 78
15 21 46 57 59 76 77
15 21 46 57 59 75 78
15 21 46 57 59 75 76 77
15 21 46 57 59 73 74 78
15 21 46 57 59 73 74 76 77
15 21 46 57 59 61 63
15 21 46 57 59 61 62
15 21 46 51 57 59
15 21 46 51 57 59 75
15 21 46 51 57 59 73 74
15 21 46 48 57 59 78
15 21 46 48 57 59 76 77
15 21 46 48 51 57 59
15 21 36 57 59 61 73
15 21 36 57 59 61 71 72
15 21 36 46 57 59 61
14 42 57 61 73
14 42 57 61 71 72
14 42 46 57 61
14 40 41 57 61 73
14 40 41 57 61 71 72
14 40 41 46 57 61
14 15 57 61 73
14 15 57 61 71 72
14 15 46 57 61
10
10 69
10 67 68
10 42
9
9 68 69
9 67 68
9 42 68
8 9 69
8 9 67 68
8 9 42
1
1 78 79
1 69
1 69 78 79
1 68 69
1 67
1 67 68 78 79
1 65 66
1 59 69
1 59 67 68
1 55 69
1 55 67
1 55 67 68
1 55 65 66
1 55 59 69
1 55 59 67 68
1 53
1 53 69
1 53 67 68
1 53 54 67
1 53 54 65 66
1 46 67
1 46 65 66
1 44 45 67
1 44 45 65 66
1 42
1 42 78 79
1 42 68
1 42 59
1 42 55
1 42 55 59
1 42 53
1 40
1 40 55
1 40 53 54
1 40 46
1 40 44 45
1 37 67
1 37 65 66
1 37 40
1 36 69
1 36 68 69
1 36 42
1 36 42 68
1 35 67
1 35 65 66
1 35 40
1 35 36 67
1 35 36 65 66
1 35 36 40
1 34
1 34 69
1 34 67 68
1 34 63
1 34 61 62
1 34 54
1 34 52 53
1 34 42
1 28 67
1 28 65 66
1 28 40
1 27 34
1 20
1 20 36 67
1 20 36 65 66
1 20 36 40
1 19 67
1 19 65 66
1 19 40
1 10 67
1 10 65 66
1 10 40
0 68 69
0 67 68
0 42 68

