42 57 59 61 78 79
42 53 57 59 61
40 41 57 59 61 78 79
40 41 53 57 59 61
15 57 59 61 78 79
15 53 57 59 61
42 59 61 65 77
42 59 61 65 75
42 59 61 65 75 76
42 59 61 65 73 74
42 59 61 63 64 77
42 59 61 63 64 75
42 59 61 63 64 75 76
42 59 61 63 64 73 74
42 59 60 61 65 75
42 59 60 61 65 73 74
42 59 60 61 63 64 75
42 59 60 61 63 64 73 74
42 50 59 61 65
42 50 59 61 63 64
42 48 59 61 65
42 48 59 61 63 64
42 48 59 60 61 65
42 48 59 60 61 63 64
40 41 59 61 65 77
40 41 59 61 65 75
40 41 59 61 65 75 76
40 41 59 61 65 73 74
40 41 59 61 63 64 77
40 41 59 61 63 64 75
40 41 59 61 63 64 75 76
40 41 59 61 63 64 73 74
40 41 59 60 61 65 75
40 41 59 60 61 65 73 74
40 41 59 60 61 63 64 75
40 41 59 60 61 63 64 73 74
40 41 50 59 61 65
40 41 50 59 61 63 64
40 41 48 59 61 65
40 41 48 59 61 63 64
40 41 48 59 60 61 65
40 41 48 59 60 61 63 64
38 42 59 61 77
38 42 59 61 75
38 42 59 61 75 76
38 42 59 61 73 74
38 42 59 60 61 75
38 42 59 60 61 73 74
38 42 50 59 61
38 42 48 59 61
38 42 48 59 60 61
38 40 41 59 61 77
38 40 41 59 61 75
38 40 41 59 61 75 76
38 40 41 59 61 73 74
38 40 41 59 60 61 75
38 40 41 59 60 61 73 74
38 40 41 50 59 61
38 40 41 48 59 61
38 40 41 48 59 60 61
34 42 59 61 65 75
34 42 59 61 65 73 74
34 42 59 61 63 64 75
34 42 59 61 63 64 73 74
34 42 48 59 61 65
34 42 48 59 61 63 64
34 40 41 59 61 65 75
34 40 41 59 61 65 73 74
34 40 41 59 61 63 64 75
34 40 41 59 61 63 64 73 74
34 40 41 48 59 61 65
34 40 41 48 59 61 63 64
34 38 42 59 61 75
34 38 42 59 61 73 74
34 38 42 48 59 61
34 38 40 41 59 61 75
34 38 40 41 59 61 73 74
34 38 40 41 48 59 61
15 59 61 65 77
15 59 61 65 75
15 59 61 65 75 76
15 59 61 65 73 74
15 59 61 63 64 77
15 59 61 63 64 75
15 59 61 63 64 75 76
15 59 61 63 64 73 74
15 59 60 61 65 75
15 59 60 61 65 73 74
15 59 60 61 63 64 75
15 59 60 61 63 64 73 74
15 50 59 61 65
15 50 59 61 63 64
15 48 59 61 65
15 48 59 61 63 64
15 48 59 60 61 65
15 48 59 60 61 63 64
15 38 59 61 77
15 38 59 61 75
15 38 59 61 75 76
15 38 59 61 73 74
15 38 59 60 61 75
15 38 59 60 61 73 74
15 38 50 59 61
15 38 48 59 61
15 38 48 59 60 61
15 34 59 61 65 75
15 34 59 61 65 73 74
15 34 59 61 63 64 75
15 34 59 61 63 64 73 74
15 34 48 59 61 65
15 34 48 59 61 63 64
15 34 38 59 61 75
15 34 38 59 61 73 74
15 34 38 48 59 61
44 57 61 65 73
44 57 61 65 71 72
44 57 61 63 64 73
44 57 61 63 64 71 72
44 57 59 65 73
44 57 59 65 71 72
44 57 59 63 64 73
44 57 59 63 64 71 72
44 46 57 61 65
44 46 57 61 63 64
44 46 57 59 65
44 46 57 59 63 64
42 43 57 61 65 73
42 43 57 61 65 71 72
42 43 57 61 63 64 73
42 43 57 61 63 64 71 72
42 43 57 59 65 73
42 43 57 59 65 71 72
42 43 57 59 63 64 73
42 43 57 59 63 64 71 72
42 43 46 57 61 65
42 43 46 57 61 63 64
42 43 46 57 59 65
42 43 46 57 59 63 64
38 44 57 61 73
38 44 57 61 71 72
38 44 57 59 73
38 44 57 59 71 72
38 44 46 57 61
38 44 46 57 59
38 42 43 57 61 73
38 42 43 57 61 71 72
38 42 43 57 59 73
38 42 43 57 59 71 72
38 42 43 46 57 61
38 42 43 46 57 59
17 57 61 65 73
17 57 61 65 71 72
17 57 61 63 64 73
17 57 61 63 64 71 72
17 57 59 65 73
17 57 59 65 71 72
17 57 59 63 64 73
17 57 59 63 64 71 72
17 46 57 61 65
17 46 57 61 63 64
17 46 57 59 65
17 46 57 59 63 64
17 38 57 61 73
17 38 57 61 71 72
17 38 57 59 73
17 38 57 59 71 72
17 38 46 57 61
17 38 46 57 59
59 73
59 71 72
46 59

69
69 78 79
68
68 69
67
67 68 78 79
65 66
61
61 69
61 67 68
55
53 69
53 67 68
42
42 78 79
42 68
42 61
42 53
40
36 78 79
36 69
36 68
36 67 68
36 61
36 53
36 42
34
34 68 73
34 68 71 72
34 68 69
34 67
34 65 66
34 65 66 68
34 61 69
34 61 67
34 61 67 68
34 61 65 66
34 55 68
34 55 67
34 55 65 66
34 46 68
34 42 68
34 42 61
34 40
34 40 68
34 40 61
34 40 55
20 69
20 67 68
20 42
1
44 59 63 73 78
44 59 63 73 76 77
44 59 63 71 72 78
44 59 63 71 72 76 77
44 51 59 63 73
44 51 59 63 71 72
44 46 59 63 78
44 46 59 63 76 77
44 46 51 59 63
42 43 59 63 73 78
42 43 59 63 73 76 77
42 43 59 63 71 72 78
42 43 59 63 71 72 76 77
42 43 51 59 63 73
42 43 51 59 63 71 72
42 43 46 59 63 78
42 43 46 59 63 76 77
42 43 46 51 59 63
17 59 63 73 78
17 59 63 73 76 77
17 59 63 71 72 78
17 59 63 71 72 76 77
17 51 59 63 73
17 51 59 63 71 72
17 46 59 63 78
17 46 59 63 76 77
17 46 51 59 63
44 58 59 73
44 58 59 71 72
44 46 58 59
42 61 73
42 61 71 72
42 46 61
42 43 58 59 73
42 43 58 59 71 72
42 43 46 58 59
40 41 61 73
40 41 61 71 72
40 41 46 61
17 58 59 73
17 58 59 71 72
17 46 58 59
16 44 59 73
16 44 59 71 72
16 44 46 59
16 42 43 59 73
16 42 43 59 71 72
16 42 43 46 59
16 17 59 73
16 17 59 71 72
16 17 46 59
15 61 73
15 61 71 72
15 46 61
14 15 44 59 73
14 15 44 59 71 72
14 15 44 46 59
14 15 42 43 59 73
14 15 42 43 59 71 72
14 15 42 43 46 59
14 15 17 59 73
14 15 17 59 71 72
14 15 17 46 59
42 57 59 61 73 75
42 57 59 61 73 74
42 57 59 61 71 72 75
42 57 59 61 71 72 73 74
42 57 59 60 61 73 75
42 57 59 60 61 73 74
42 57 59 60 61 71 72 75
42 57 59 60 61 71 72 73 74
42 48 57 59 61 73
42 48 57 59 61 71 72
42 48 57 59 60 61 73
42 48 57 59 60 61 71 72
42 46 57 59 61 75
42 46 57 59 61 73 74
42 46 57 59 60 61 75
42 46 57 59 60 61 73 74
42 46 48 57 59 61
42 46 48 57 59 60 61
40 41 57 59 61 73 75
40 41 57 59 61 73 74
40 41 57 59 61 71 72 75
40 41 57 59 61 71 72 73 74
40 41 57 59 60 61 73 75
40 41 57 59 60 61 73 74
40 41 57 59 60 61 71 72 75
40 41 57 59 60 61 71 72 73 74
40 41 48 57 59 61 73
40 41 48 57 59 61 71 72
40 41 48 57 59 60 61 73
40 41 48 57 59 60 61 71 72
40 41 46 57 59 61 75
40 41 46 57 59 61 73 74
40 41 46 57 59 60 61 75
40 41 46 57 59 60 61 73 74
40 41 46 48 57 59 61
40 41 46 48 57 59 60 61
34 42 57 59 61 73 75
34 42 57 59 61 73 74
34 42 57 59 61 71 72 75
34 42 57 59 61 71 72 73 74
34 42 48 57 59 61 73
34 42 48 57 59 61 71 72
34 42 46 57 59 61 75
34 42 46 57 59 61 73 74
34 42 46 48 57 59 61
34 40 41 57 59 61 73 75
34 40 41 57 59 61 73 74
34 40 41 57 59 61 71 72 75
34 40 41 57 59 61 71 72 73 74
34 40 41 48 57 59 61 73
34 40 41 48 57 59 61 71 72
34 40 41 46 57 59 61 75
34 40 41 46 57 59 61 73 74
34 40 41 46 48 57 59 61
15 57 59 61 73 75
15 57 59 61 73 74
15 57 59 61 71 72 75
15 57 59 61 71 72 73 74
15 57 59 60 61 73 75
15 57 59 60 61 73 74
15 57 59 60 61 71 72 75
15 57 59 60 61 71 72 73 74
15 48 57 59 61 73
15 48 57 59 61 71 72
15 48 57 59 60 61 73
15 48 57 59 60 61 71 72
15 46 57 59 61 75
15 46 57 59 61 73 74
15 46 57 59 60 61 75
15 46 57 59 60 61 73 74
15 46 48 57 59 61
15 46 48 57 59 60 61
15 34 57 59 61 73 75
15 34 57 59 61 73 74
15 34 57 59 61 71 72 75
15 34 57 59 61 71 72 73 74
15 34 48 57 59 61 73
15 34 48 57 59 61 71 72
15 34 46 57 59 61 75
15 34 46 57 59 61 73 74
15 34 46 48 57 59 61
42 59 61 73 77
42 59 61 73 75 76
42 59 61 71 72 77
42 59 61 71 72 75 76
42 59 60 61 73 77
42 59 60 61 73 75 76
42 59 60 61 71 72 77
42 59 60 61 71 72 75 76
42 50 59 61 73
42 50 59 61 71 72
42 50 59 60 61 73
42 50 59 60 61 71 72
42 46 59 61 77
42 46 59 61 75 76
42 46 59 60 61 77
42 46 59 60 61 75 76
42 46 50 59 61
42 46 50 59 60 61
40 41 59 61 73 77
40 41 59 61 73 75 76
40 41 59 61 71 72 77
40 41 59 61 71 72 75 76
40 41 59 60 61 73 77
40 41 59 60 61 73 75 76
40 41 59 60 61 71 72 77
40 41 59 60 61 71 72 75 76
40 41 50 59 61 73
40 41 50 59 61 71 72
40 41 50 59 60 61 73
40 41 50 59 60 61 71 72
40 41 46 59 61 77
40 41 46 59 61 75 76
40 41 46 59 60 61 77
40 41 46 59 60 61 75 76
40 41 46 50 59 61
40 41 46 50 59 60 61
34 42 59 61 73 77
34 42 59 61 73 75 76
34 42 59 61 71 72 77
34 42 59 61 71 72 75 76
34 42 50 59 61 73
34 42 50 59 61 71 72
34 42 46 59 61 77
34 42 46 59 61 75 76
34 42 46 50 59 61
34 40 41 59 61 73 77
34 40 41 59 61 73 75 76
34 40 41 59 61 71 72 77
34 40 41 59 61 71 72 75 76
34 40 41 50 59 61 73
34 40 41 50 59 61 71 72
34 40 41 46 59 61 77
34 40 41 46 59 61 75 76
34 40 41 46 50 59 61
15 59 61 73 77
15 59 61 73 75 76
15 59 61 71 72 77
15 59 61 71 72 75 76
15 59 60 61 73 77
15 59 60 61 73 75 76
15 59 60 61 71 72 77
15 59 60 61 71 72 75 76
15 50 59 61 73
15 50 59 61 71 72
15 50 59 60 61 73
15 50 59 60 61 71 72
15 46 59 61 77
15 46 59 61 75 76
15 46 59 60 61 77
15 46 59 60 61 75 76
15 46 50 59 61
15 46 50 59 60 61
15 34 59 61 73 77
15 34 59 61 73 75 76
15 34 59 61 71 72 77
15 34 59 61 71 72 75 76
15 34 50 59 61 73
15 34 50 59 61 71 72
15 34 46 59 61 77
15 34 46 59 61 75 76
15 34 46 50 59 61
42 59 73 78
42 59 73 76 77
42 59 71 72 78
42 59 71 72 76 77
42 51 59 73
42 51 59 71 72
42 46 59 78
42 46 59 76 77
42 46 51 59
40 41 59 73 78
40 41 59 73 76 77
40 41 59 71 72 78
40 41 59 71 72 76 77
40 41 51 59 73
40 41 51 59 71 72
40 41 46 59 78
40 41 46 59 76 77
40 41 46 51 59
15 59 73 78
15 59 73 76 77
15 59 71 72 78
15 59 71 72 76 77
15 51 59 73
15 51 59 71 72
15 46 59 78
15 46 59 76 77
15 46 51 59
44 59 73
44 59 71 72
44 46 59
42 43 59 73
42 43 59 71 72
42 43 46 59
17 59 73
17 59 71 72
17 46 59
