68
68 69
67 68
59 73
59 71 72
59 69 73
59 69 71 72
59 67 68 73
59 67 68 71 72
46 59
46 59 69
46 59 67 68
44 59 73 77
44 59 73 75 76
44 59 71 72 77
44 59 71 72 75 76
44 50 59 73
44 50 59 71 72
44 46 59 77
44 46 59 75 76
44 46 50 59
42 68
42 59 73
42 59 73 75 78 79
42 59 73 74 78 79
42 59 71 72
42 59 71 72 75 78 79
42 59 71 72 73 74 78 79
42 53 59 73 75
42 53 59 73 74
42 53 59 71 72 75
42 53 59 71 72 73 74
42 48 59 73 78 79
42 48 59 71 72 78 79
42 48 57 59 73 78
42 48 57 59 73 76 77
42 48 57 59 71 72 78
42 48 57 59 71 72 76 77
42 48 53 59 73
42 48 53 59 71 72
42 48 51 57 59 73
42 48 51 57 59 71 72
42 46 59
42 46 59 75 78 79
42 46 59 73 74 78 79
42 46 53 59 75
42 46 53 59 73 74
42 46 48 59 78 79
42 46 48 57 59 78
42 46 48 57 59 76 77
42 46 48 53 59
42 46 48 51 57 59
42 46 47 57 59 78
42 46 47 57 59 76 77
42 46 47 57 59 73 78
42 46 47 57 59 73 76 77
42 46 47 57 59 71 72 78
42 46 47 57 59 71 72 76 77
42 46 47 51 57 59
42 46 47 51 57 59 73
42 46 47 51 57 59 71 72
42 43 59 73 77
42 43 59 73 75 76
42 43 59 71 72 77
42 43 59 71 72 75 76
42 43 50 59 73
42 43 50 59 71 72
42 43 46 59 77
42 43 46 59 75 76
42 43 46 50 59
40 41 59 73 75 78 79
40 41 59 73 74 78 79
40 41 59 71 72 75 78 79
40 41 59 71 72 73 74 78 79
40 41 53 59 73 75
40 41 53 59 73 74
40 41 53 59 71 72 75
40 41 53 59 71 72 73 74
40 41 48 59 73 78 79
40 41 48 59 71 72 78 79
40 41 48 57 59 73 78
40 41 48 57 59 73 76 77
40 41 48 57 59 71 72 78
40 41 48 57 59 71 72 76 77
40 41 48 53 59 73
40 41 48 53 59 71 72
40 41 48 51 57 59 73
40 41 48 51 57 59 71 72
40 41 46 59 75 78 79
40 41 46 59 73 74 78 79
40 41 46 53 59 75
40 41 46 53 59 73 74
40 41 46 48 59 78 79
40 41 46 48 57 59 78
40 41 46 48 57 59 76 77
40 41 46 48 53 59
40 41 46 48 51 57 59
40 41 46 47 57 59 78
40 41 46 47 57 59 76 77
40 41 46 47 57 59 73 78
40 41 46 47 57 59 73 76 77
40 41 46 47 57 59 71 72 78
40 41 46 47 57 59 71 72 76 77
40 41 46 47 51 57 59
40 41 46 47 51 57 59 73
40 41 46 47 51 57 59 71 72
36
34 67 78 79
34 65 66 78 79
34 53 67
34 53 65 66
34 40 78 79
34 40 53
21 42 57 59 73 78
21 42 57 59 73 76 77
21 42 57 59 71 72 78
21 42 57 59 71 72 76 77
21 42 51 57 59 73
21 42 51 57 59 71 72
21 42 46 57 59 78
21 42 46 57 59 76 77
21 42 46 51 57 59
21 40 41 57 59 73 78
21 40 41 57 59 73 76 77
21 40 41 57 59 71 72 78
21 40 41 57 59 71 72 76 77
21 40 41 51 57 59 73
21 40 41 51 57 59 71 72
21 40 41 46 57 59 78
21 40 41 46 57 59 76 77
21 40 41 46 51 57 59
17 59 73 77
17 59 73 75 76
17 59 71 72 77
17 59 71 72 75 76
17 50 59 73
17 50 59 71 72
17 46 59 77
17 46 59 75 76
17 46 50 59
15 59 73 75 78 79
15 59 73 74 78 79
15 59 71 72 75 78 79
15 59 71 72 73 74 78 79
15 53 59 73 75
15 53 59 73 74
15 53 59 71 72 75
15 53 59 71 72 73 74
15 48 59 73 78 79
15 48 59 71 72 78 79
15 48 57 59 73 78
15 48 57 59 73 76 77
15 48 57 59 71 72 78
15 48 57 59 71 72 76 77
15 48 53 59 73
15 48 53 59 71 72
15 48 51 57 59 73
15 48 51 57 59 71 72
15 46 59 75 78 79
15 46 59 73 74 78 79
15 46 53 59 75
15 46 53 59 73 74
15 46 48 59 78 79
15 46 48 57 59 78
15 46 48 57 59 76 77
15 46 48 53 59
15 46 48 51 57 59
15 46 47 57 59 78
15 46 47 57 59 76 77
15 46 47 57 59 73 78
15 46 47 57 59 73 76 77
15 46 47 57 59 71 72 78
15 46 47 57 59 71 72 76 77
15 46 47 51 57 59
15 46 47 51 57 59 73
15 46 47 51 57 59 71 72
15 21 57 59 73 78
15 21 57 59 73 76 77
15 21 57 59 71 72 78
15 21 57 59 71 72 76 77
15 21 51 57 59 73
15 21 51 57 59 71 72
15 21 46 57 59 78
15 21 46 57 59 76 77
15 21 46 51 57 59

