59 67 68
55 59
55 59 71
55 59 69
53 54 59
53 54 59 71
53 54 59 69
44 55 59
44 53 54 59
42 55 59
42 53 54 59
28 59
28 59 71
28 59 69
28 44 59
28 42 59
59 67 68 71
59 67 68 69 70
55 59 69 71
55 59 67 68 71
55 59 67 68 69 70
53 54 59 69 71
53 54 59 67 68 71
53 54 59 67 68 69 70
44 59 67 68
44 55 59 69
44 55 59 67 68
44 53 54 59 69
44 53 54 59 67 68
42 55 59 71
42 55 59 69 70
42 53 54 59 71
42 53 54 59 69 70
42 44 55 59
42 44 53 54 59
28 59 69 71
28 59 67 68 71
28 59 67 68 69 70
28 44 59 69
28 44 59 67 68
28 42 59 71
28 42 59 69 70
28 42 44 59
55 59 68
53 54 59 68
28 59 68
61 69
61 67 68
42 61
42 57 59 61 73 76 77
42 57 59 61 71 72 76 77
42 46 57 59 61 76 77
40 41 57 59 61 73 76 77
40 41 57 59 61 71 72 76 77
40 41 46 57 59 61 76 77
15 57 59 61 73 76 77
15 57 59 61 71 72 76 77
15 46 57 59 61 76 77
42 59 61 71 73 78 79
42 59 61 71 72 78 79
42 59 61 69 70 73 78 79
42 59 61 69 70 71 72 78 79
42 53 59 61 71 73
42 53 59 61 71 72
42 53 59 61 69 70 73
42 53 59 61 69 70 71 72
42 46 59 61 71 78 79
42 46 59 61 69 70 78 79
42 46 53 59 61 71
42 46 53 59 61 69 70
42 44 59 61 73 78 79
42 44 59 61 71 72 78 79
42 44 53 59 61 73
42 44 53 59 61 71 72
42 44 46 59 61 78 79
42 44 46 53 59 61
40 41 59 61 71 73 78 79
40 41 59 61 71 72 78 79
40 41 59 61 69 70 73 78 79
40 41 59 61 69 70 71 72 78 79
40 41 53 59 61 71 73
40 41 53 59 61 71 72
40 41 53 59 61 69 70 73
40 41 53 59 61 69 70 71 72
40 41 46 59 61 71 78 79
40 41 46 59 61 69 70 78 79
40 41 46 53 59 61 71
40 41 46 53 59 61 69 70
40 41 44 59 61 73 78 79
40 41 44 59 61 71 72 78 79
40 41 44 53 59 61 73
40 41 44 53 59 61 71 72
40 41 44 46 59 61 78 79
40 41 44 46 53 59 61
15 59 61 71 73 78 79
15 59 61 71 72 78 79
15 59 61 69 70 73 78 79
15 59 61 69 70 71 72 78 79
15 53 59 61 71 73
15 53 59 61 71 72
15 53 59 61 69 70 73
15 53 59 61 69 70 71 72
15 46 59 61 71 78 79
15 46 59 61 69 70 78 79
15 46 53 59 61 71
15 46 53 59 61 69 70
15 44 59 61 73 78 79
15 44 59 61 71 72 78 79
15 44 53 59 61 73
15 44 53 59 61 71 72
15 44 46 59 61 78 79
15 44 46 53 59 61

72
69 70
61 71
61 69 70
57
56 69
56 61 69
56 61 67 68
55 56
54
54 68 71
54 68 69 70
52 71
52 69 70
52 53
44 70
44 61
44 54 68
44 52
43 44
42 56
42 56 61
34 68
34 65 66 68
34 40 68
34 35
30
27
26 69
26 67 68
26 61 69
26 61 67 68
26 42
26 42 61
18
10 71
10 69 70
10 44
9
8 9 71
8 9 69 70
8 9 44
1 71
1 69 70
1 44
0 68 71
0 68 69 70
0 44 68
42 57 73
42 57 71 72
42 48 57 73
42 48 57 71 72
42 46 57
42 46 48 57
42 46 47 57
42 46 47 57 73
42 46 47 57 71 72
40 41 57 73
40 41 57 71 72
40 41 48 57 73
40 41 48 57 71 72
40 41 46 57
40 41 46 48 57
40 41 46 47 57
40 41 46 47 57 73
40 41 46 47 57 71 72
21 42 57 73
21 42 57 71 72
21 42 46 57
21 40 41 57 73
21 40 41 57 71 72
21 40 41 46 57
15 57 73
15 57 71 72
15 48 57 73
15 48 57 71 72
15 46 57
15 46 48 57
15 46 47 57
15 46 47 57 73
15 46 47 57 71 72
15 21 57 73
15 21 57 71 72
15 21 46 57
55 59 67 69
55 59 65 66 69
55 59 65 66 67 68
53 54 59 67 69
53 54 59 65 66 69
53 54 59 65 66 67 68
42 55 59 67
42 55 59 65 66
42 53 54 59 67
42 53 54 59 65 66
40 55 59 69
40 55 59 67 68
40 53 54 59 69
40 53 54 59 67 68
40 42 55 59
40 42 53 54 59
28 59 67 69
28 59 65 66 69
28 59 65 66 67 68
28 42 59 67
28 42 59 65 66
28 40 59 69
28 40 59 67 68
28 40 42 59
34 55 68
8 34 55 68
59 67 78 79
59 65 66 78 79
53 59 67
53 59 65 66
40 59 78 79
40 53 59
27 34 78 79
27 34 53
25 26 34 78 79
25 26 34 53
0 34 78 79
0 34 53
68
68 78 79
68 73
68 71 72
68 69
68 69 73
68 69 71 72
67 78 79
67 68 73
67 68 71
67 68 71 72
67 68 70
67 68 69
67 68 69 70
65 66 78 79
61 65 66 68
59 68
59 68 69
57 58 68
57 58 68 69
57 58 67 68
56 68 69
55
55 68
54 55 68 69
54 55 67 68
53 68
53 67
53 65 66
53 54 69
53 54 68
53 54 67 68
46 69
46 68 69
44 67 68
44 45 69
44 45 68
44 45 67 68
43 68 69
43 67 68
42 68 73
42 68 71
42 68 71 72
42 68 70
42 68 69
42 68 69 70
42 59 68
42 57 58 68
42 56 68
42 54 55 68
42 53 54
42 46
42 46 68
42 44 68
42 44 45
42 43 68
40 78 79
40 61 68
40 53
37 69
37 68
37 67 68
37 42
36 69
36 69 78 79
36 68
36 68 78 79
36 67
36 67 78 79
36 67 73
36 67 71 72
36 67 68
36 67 68 78 79
36 65 66
36 65 66 78 79
36 65 66 73
36 65 66 71 72
36 61 67
36 61 65 66
36 59 68
36 59 67
36 59 65 66
36 57 58 67
36 57 58 65 66
36 54 67 68
36 54 65 66 68
36 53 69
36 53 68
36 53 67
36 53 67 68
36 53 65 66
36 52 67
36 52 65 66
36 46 67
36 46 65 66
36 43 67
36 43 65 66
36 42
36 42 78 79
36 42 53
36 40
36 40 78 79
36 40 73
36 40 71 72
36 40 61
36 40 59
36 40 57 58
36 40 54 68
36 40 53
36 40 52
36 40 46
36 40 43
35 69
35 68
35 67 68
35 42
35 36 69
35 36 68
35 36 67 68
35 36 42
34 68 69
34 42 68
32 68
32 68 69
32 67 68
32 42 68
32 36 67
32 36 65 66
32 36 40
29 68 69
29 67 68
29 42 68
28 69
28 68
28 67 68
28 42
25 68
25 68 69
25 67 68
25 42 68
25 36 67
25 36 65 66
25 36 40
19 69
19 68
19 67 68
19 42
10 36 67
10 36 65 66
10 36 40
8 9 36 67
8 9 36 65 66
8 9 36 40
1 69
1 67 68
1 42
1 36 69
1 36 67
1 36 67 68
1 36 65 66
1 36 42
1 36 40
0 36 67 68
0 36 65 66 68
0 36 40 68
61
55 61
53 54 61
28 61
57 59 69
57 59 67 68
42 57 59
10 59 69 71
10 59 69 70
10 59 67 68 71
10 59 67 68 69 70
10 44 59 69
10 44 59 67 68
10 42 59 71
10 42 59 69 70
10 42 44 59
10 61 69
10 61 67
10 61 67 68
10 61 65 66
10 55 61 67
10 55 61 65 66
10 53 54 61 67
10 53 54 61 65 66
10 42 61
10 40 61
10 40 55 61
10 40 53 54 61
10 28 61 67
10 28 61 65 66
10 28 40 61
34 61 71
34 61 69 71
34 61 67 68 71
34 61 67 68 69 70
34 59 67
34 59 65 66
34 57 61 67
34 57 61 65 66
34 55 61 71
34 55 61 69 70
34 55 56 61 67
34 55 56 61 65 66
34 53 54 61 71
34 53 54 61 69 70
34 44 61
34 44 61 69
34 44 61 67 68
34 44 55 61
34 44 53 54 61
34 42 61 71
34 42 61 69 70
34 42 44 61
34 40 59
34 40 57 61
34 40 55 56 61
30 34 61 67
30 34 61 65 66
30 34 40 61
28 34 61 71
28 34 61 69 70
28 34 44 61
34 69 73
34 69 71 72
34 67 68 73
34 67 68 71 72
34 46 69
34 46 67 68
34 42 73
34 42 71 72
34 42 46
59 61 64 75
59 61 64 73 74
59 61 62 63 75
59 61 62 63 73 74
59 60 61 64 75
59 60 61 64 73 74
59 60 61 63 75
59 60 61 63 73 74
59 60 61 62 75
59 60 61 62 73 74
59 60 61 62 63 75
59 60 61 62 63 73 74
49 59 61 75
49 59 61 73 74
49 59 60 61 75
49 59 60 61 73 74
48 59 61 64
48 59 61 62 63
48 59 60 61 64
48 59 60 61 63
48 59 60 61 62
48 59 60 61 62 63
48 49 59 61
48 49 59 60 61
47 48 59 61
47 48 59 61 75
47 48 59 61 73 74
47 48 59 60 61
47 48 59 60 61 75
47 48 59 60 61 73 74
37 59 61 75
37 59 61 73 74
37 59 60 61 75
37 59 60 61 73 74
37 48 59 61
37 48 59 60 61
36 59 60 61 75
36 59 60 61 73 74
36 48 59 60 61
34 59 61 64 75
34 59 61 64 73 74
34 59 61 63 75
34 59 61 63 73 74
34 59 61 62 75
34 59 61 62 73 74
34 59 61 62 63 75
34 59 61 62 63 73 74
34 49 59 61 75
34 49 59 61 73 74
34 48 59 61 64
34 48 59 61 63
34 48 59 61 62
34 48 59 61 62 63
34 48 49 59 61
34 47 48 59 61
34 47 48 59 61 75
34 47 48 59 61 73 74
34 37 59 61 75
34 37 59 61 73 74
34 37 48 59 61
34 36 59 61 75
34 36 59 61 73 74
34 36 48 59 61
22 59 61 75
22 59 61 73 74
22 59 60 61 75
22 59 60 61 73 74
22 48 59 61
22 48 59 60 61
22 34 59 61 75
22 34 59 61 73 74
22 34 48 59 61
42 57 59 61 73 78
42 57 59 61 71 72 78
42 51 57 59 61 73
42 51 57 59 61 71 72
42 46 57 59 61 78
42 46 51 57 59 61
40 41 57 59 61 73 78
40 41 57 59 61 71 72 78
40 41 51 57 59 61 73
40 41 51 57 59 61 71 72
40 41 46 57 59 61 78
40 41 46 51 57 59 61
15 57 59 61 73 78
15 57 59 61 71 72 78
15 51 57 59 61 73
15 51 57 59 61 71 72
15 46 57 59 61 78
15 46 51 57 59 61
61 68 69
59 68 69 71
59 68 69 70
55 61 71
55 61 69 71
55 61 67 68 71
55 61 67 68 69 70
53 54 61 71
53 54 61 69 71
53 54 61 67 68 71
53 54 61 67 68 69 70
44 59 68 69
44 55 61
44 55 61 69
44 55 61 67 68
44 53 54 61
44 53 54 61 69
44 53 54 61 67 68
42 61 68
42 59 68 71
42 59 68 69 70
42 55 61 71
42 55 61 69 70
42 53 54 61 71
42 53 54 61 69 70
42 44 59 68
42 44 55 61
42 44 53 54 61
28 61 71
28 61 69 71
28 61 67 68 71
28 61 67 68 69 70
28 44 61
28 44 61 69
28 44 61 67 68
28 42 61 71
28 42 61 69 70
28 42 44 61
55 61 67
55 61 65 66
53 54 61 67
53 54 61 65 66
40 55 61
40 53 54 61
28 61 67
28 61 65 66
28 40 61
68 69 70
1 59 71
1 59 69 70
1 44 59
59 61 69
59 61 67 68
57 61 69
57 61 67 68
55 59 61 69
55 59 61 67 68
53 54 59 61 69
53 54 59 61 67 68
42 59 61
42 57 61
42 55 59 61
42 53 54 59 61
28 59 61 69
28 59 61 67 68
28 42 59 61
