69
68 69
59 73
59 71 72
59 61 73 78 79
59 61 71 72 78 79
59 61 63 73
59 61 63 73 78 79
59 61 63 71 72
59 61 63 71 72 78 79
59 61 62 73 78 79
59 61 62 71 72 78 79
59 60 73
59 60 71 72
59 60 63 73
59 60 63 71 72
59 60 61 73
59 60 61 73 78 79
59 60 61 71 72
59 60 61 71 72 78 79
57 59 61 63 73
57 59 61 63 71 72
57 59 61 63 65 73
57 59 61 63 65 71 72
57 59 61 62 73
57 59 61 62 71 72
57 59 61 62 65 73
57 59 61 62 65 71 72
57 59 60 73
57 59 60 71 72
57 59 60 61 73
57 59 60 61 71 72
55
53 59 61 73
53 59 61 71 72
53 59 61 63 73
53 59 61 63 71 72
53 59 61 62 73
53 59 61 62 71 72
53 59 60 61 73
53 59 60 61 71 72
48 59 73 78
48 59 73 76 77
48 59 71 72 78
48 59 71 72 76 77
48 57 59 61 63 73
48 57 59 61 63 71 72
48 57 59 61 63 65 73
48 57 59 61 63 65 71 72
48 57 59 61 62 73
48 57 59 61 62 71 72
48 57 59 61 62 65 73
48 57 59 61 62 65 71 72
48 51 59 73
48 51 59 71 72
46 59
46 59 61 78 79
46 59 61 63
46 59 61 63 78 79
46 59 61 62 78 79
46 59 60
46 59 60 63
46 59 60 61
46 59 60 61 78 79
46 57 59 61 63
46 57 59 61 63 65
46 57 59 61 62
46 57 59 61 62 65
46 57 59 60
46 57 59 60 61
46 53 59 61
46 53 59 61 63
46 53 59 61 62
46 53 59 60 61
46 48 59 78
46 48 59 76 77
46 48 57 59 61 63
46 48 57 59 61 63 65
46 48 57 59 61 62
46 48 57 59 61 62 65
46 48 51 59
46 47 59 78
46 47 59 76 77
46 47 59 73 78
46 47 59 73 76 77
46 47 59 71 72 78
46 47 59 71 72 76 77
46 47 57 59 61 63
46 47 57 59 61 63 73
46 47 57 59 61 63 71 72
46 47 57 59 61 63 65
46 47 57 59 61 63 65 73
46 47 57 59 61 63 65 71 72
46 47 57 59 61 62
46 47 57 59 61 62 73
46 47 57 59 61 62 71 72
46 47 57 59 61 62 65
46 47 57 59 61 62 65 73
46 47 57 59 61 62 65 71 72
46 47 51 59
46 47 51 59 73
46 47 51 59 71 72
44 59 61 65 73 78
44 59 61 65 73 76 77
44 59 61 65 71 72 78
44 59 61 65 71 72 76 77
44 59 61 63 73
44 59 61 63 71 72
44 59 61 63 64 73 78
44 59 61 63 64 73 76 77
44 59 61 63 64 71 72 78
44 59 61 63 64 71 72 76 77
44 59 61 62 73
44 59 61 62 71 72
44 59 60 73
44 59 60 71 72
44 59 60 61 73
44 59 60 61 71 72
44 59 60 61 65 73 78
44 59 60 61 65 73 76 77
44 59 60 61 65 71 72 78
44 59 60 61 65 71 72 76 77
44 59 60 61 63 64 73 78
44 59 60 61 63 64 73 76 77
44 59 60 61 63 64 71 72 78
44 59 60 61 63 64 71 72 76 77
44 57 59 61 73
44 57 59 61 73 78
44 57 59 61 73 76 77
44 57 59 61 71 72
44 57 59 61 71 72 78
44 57 59 61 71 72 76 77
44 57 59 60 73 78
44 57 59 60 73 76 77
44 57 59 60 71 72 78
44 57 59 60 71 72 76 77
44 57 59 60 61 73
44 57 59 60 61 73 78
44 57 59 60 61 73 76 77
44 57 59 60 61 71 72
44 57 59 60 61 71 72 78
44 57 59 60 61 71 72 76 77
44 57 58 59 73 78
44 57 58 59 73 76 77
44 57 58 59 71 72 78
44 57 58 59 71 72 76 77
44 51 59 61 65 73
44 51 59 61 65 71 72
44 51 59 61 63 64 73
44 51 59 61 63 64 71 72
44 51 59 60 61 65 73
44 51 59 60 61 65 71 72
44 51 59 60 61 63 64 73
44 51 59 60 61 63 64 71 72
44 51 57 59 61 73
44 51 57 59 61 71 72
44 51 57 59 60 73
44 51 57 59 60 71 72
44 51 57 59 60 61 73
44 51 57 59 60 61 71 72
44 51 57 58 59 73
44 51 57 58 59 71 72
44 48 59 61 73
44 48 59 61 71 72
44 48 59 60 73
44 48 59 60 71 72
44 46 59 61 65 78
44 46 59 61 65 76 77
44 46 59 61 63
44 46 59 61 63 64 78
44 46 59 61 63 64 76 77
44 46 59 61 62
44 46 59 60
44 46 59 60 61
44 46 59 60 61 65 78
44 46 59 60 61 65 76 77
44 46 59 60 61 63 64 78
44 46 59 60 61 63 64 76 77
44 46 57 59 61
44 46 57 59 61 78
44 46 57 59 61 76 77
44 46 57 59 60 78
44 46 57 59 60 76 77
44 46 57 59 60 61
44 46 57 59 60 61 78
44 46 57 59 60 61 76 77
44 46 57 58 59 78
44 46 57 58 59 76 77
44 46 51 59 61 65
44 46 51 59 61 63 64
44 46 51 59 60 61 65
44 46 51 59 60 61 63 64
44 46 51 57 59 61
44 46 51 57 59 60
44 46 51 57 59 60 61
44 46 51 57 58 59
44 46 48 59 61
44 46 48 59 60
44 46 47 59 61
44 46 47 59 61 73
44 46 47 59 61 71 72
44 46 47 59 60
44 46 47 59 60 73
44 46 47 59 60 71 72
42
42 68
42 61 73
42 61 71 72
42 59 73 75
42 59 73 74
42 59 71 72 75
42 59 71 72 73 74
42 59 63 73
42 59 63 71 72
42 59 61 75
42 59 61 73
42 59 61 72 73
42 59 61 71 72
42 59 61 71 72 74
42 59 61 71 72 73
42 59 61 65 73
42 59 61 65 71 72
42 59 61 63 75
42 59 61 63 73
42 59 61 63 73 78
42 59 61 63 73 76 77
42 59 61 63 72 73
42 59 61 63 71 72
42 59 61 63 71 72 78
42 59 61 63 71 72 76 77
42 59 61 63 71 72 74
42 59 61 63 71 72 73
42 59 61 63 65 73
42 59 61 63 65 71 72
42 59 61 63 64 73
42 59 61 63 64 71 72
42 59 61 62 75
42 59 61 62 73
42 59 61 62 73 78
42 59 61 62 73 76 77
42 59 61 62 72 73
42 59 61 62 71 72
42 59 61 62 71 72 78
42 59 61 62 71 72 76 77
42 59 61 62 71 72 74
42 59 61 62 71 72 73
42 59 61 62 65 73
42 59 61 62 65 71 72
42 59 61 62 64 73
42 59 61 62 64 71 72
42 59 61 62 63 73
42 59 61 62 63 71 72
42 59 61 62 63 64 73
42 59 61 62 63 64 71 72
42 59 60 61
42 59 60 61 73
42 59 60 61 71 72
42 59 60 61 63
42 59 60 61 63 73
42 59 60 61 63 71 72
42 59 60 61 62
42 59 60 61 62 73
42 59 60 61 62 71 72
42 58 59 61
42 58 59 61 63
42 58 59 61 63 73
42 58 59 61 63 71 72
42 58 59 61 62
42 58 59 61 62 73
42 58 59 61 62 71 72
42 58 59 60 61 63 73
42 58 59 60 61 63 71 72
42 58 59 60 61 62 73
42 58 59 60 61 62 71 72
42 57 59 73
42 57 59 71 72
42 57 59 61 73
42 57 59 61 73 78
42 57 59 61 73 76 77
42 57 59 61 71 72
42 57 59 61 71 72 78
42 57 59 61 71 72 76 77
42 57 59 61 63 73
42 57 59 61 63 71 72
42 57 59 61 62 73
42 57 59 61 62 71 72
42 57 59 60 73 78
42 57 59 60 73 76 77
42 57 59 60 71 72 78
42 57 59 60 71 72 76 77
42 55 59 61 63 73
42 55 59 61 63 71 72
42 55 59 61 62 73
42 55 59 61 62 71 72
42 51 59 61 63 73
42 51 59 61 63 71 72
42 51 59 61 62 73
42 51 59 61 62 71 72
42 51 57 59 61 73
42 51 57 59 61 71 72
42 51 57 59 60 73
42 51 57 59 60 71 72
42 50 59 61 63 73
42 50 59 61 63 71 72
42 50 59 61 62 73
42 50 59 61 62 71 72
42 49 59 61 63 73
42 49 59 61 63 71 72
42 49 59 61 62 73
42 49 59 61 62 71 72
42 48 59 73
42 48 59 71 72
42 48 59 61
42 48 59 61 63
42 48 59 61 62
42 48 59 61 62 73
42 48 59 61 62 71 72
42 48 59 61 62 63 73
42 48 59 61 62 63 71 72
42 48 59 60 61 73
42 48 59 60 61 71 72
42 48 59 60 61 63 73
42 48 59 60 61 63 71 72
42 48 59 60 61 62 73
42 48 59 60 61 62 71 72
42 48 58 59 61 63 73
42 48 58 59 61 63 71 72
42 48 58 59 61 62 73
42 48 58 59 61 62 71 72
42 48 58 59 60 61 63 73
42 48 58 59 60 61 63 71 72
42 48 58 59 60 61 62 73
42 48 58 59 60 61 62 71 72
42 48 57 59 61 73
42 48 57 59 61 71 72
42 48 57 59 60 61 73
42 48 57 59 60 61 71 72
42 48 49 59 61 63 73
42 48 49 59 61 63 71 72
42 48 49 59 61 62 73
42 48 49 59 61 62 71 72
42 47 59 61 73
42 47 59 61 71 72
42 46 61
42 46 59 75
42 46 59 73 74
42 46 59 63
42 46 59 61
42 46 59 61 74
42 46 59 61 72 73
42 46 59 61 65
42 46 59 61 63
42 46 59 61 63 78
42 46 59 61 63 76 77
42 46 59 61 63 74
42 46 59 61 63 72 73
42 46 59 61 63 65
42 46 59 61 63 64
42 46 59 61 62
42 46 59 61 62 78
42 46 59 61 62 76 77
42 46 59 61 62 74
42 46 59 61 62 72 73
42 46 59 61 62 65
42 46 59 61 62 64
42 46 59 61 62 63
42 46 59 61 62 63 64
42 46 59 60 61
42 46 59 60 61 63
42 46 59 60 61 62
42 46 58 59 61 63
42 46 58 59 61 62
42 46 58 59 60 61 63
42 46 58 59 60 61 62
42 46 57 59
42 46 57 59 61
42 46 57 59 61 78
42 46 57 59 61 76 77
42 46 57 59 61 63
42 46 57 59 61 62
42 46 57 59 60 78
42 46 57 59 60 76 77
42 46 55 59 61 63
42 46 55 59 61 62
42 46 51 59 61 63
42 46 51 59 61 62
42 46 51 57 59 61
42 46 51 57 59 60
42 46 50 59 61 63
42 46 50 59 61 62
42 46 49 59 61 63
42 46 49 59 61 62
42 46 48 59
42 46 48 59 61 62
42 46 48 59 61 62 63
42 46 48 59 60 61
42 46 48 59 60 61 63
42 46 48 59 60 61 62
42 46 48 58 59 61 63
42 46 48 58 59 61 62
42 46 48 58 59 60 61 63
42 46 48 58 59 60 61 62
42 46 48 57 59 61
42 46 48 57 59 60 61
42 46 48 49 59 61 63
42 46 48 49 59 61 62
42 46 47 59 61
42 46 47 59 61 63
42 46 47 59 61 63 73
42 46 47 59 61 63 71 72
42 46 47 59 61 62 63
42 46 47 59 61 62 63 73
42 46 47 59 61 62 63 71 72
42 46 47 59 60 61
42 46 47 59 60 61 73
42 46 47 59 60 61 71 72
42 46 47 59 60 61 63
42 46 47 59 60 61 63 73
42 46 47 59 60 61 63 71 72
42 46 47 59 60 61 62
42 46 47 59 60 61 62 73
42 46 47 59 60 61 62 71 72
42 46 47 58 59 61 63
42 46 47 58 59 61 63 73
42 46 47 58 59 61 63 71 72
42 46 47 58 59 61 62
42 46 47 58 59 61 62 73
42 46 47 58 59 61 62 71 72
42 46 47 58 59 60 61 63
42 46 47 58 59 60 61 63 73
42 46 47 58 59 60 61 63 71 72
42 46 47 58 59 60 61 62
42 46 47 58 59 60 61 62 73
42 46 47 58 59 60 61 62 71 72
42 46 47 57 59 61
42 46 47 57 59 61 73
42 46 47 57 59 61 71 72
42 46 47 57 59 60 61
42 46 47 57 59 60 61 73
42 46 47 57 59 60 61 71 72
42 45 46 59 61 63
42 45 46 59 61 63 73
42 45 46 59 61 63 71 72
42 45 46 59 61 62
42 45 46 59 61 62 73
42 45 46 59 61 62 71 72
42 45 46 48 59 61 63
42 45 46 48 59 61 63 73
42 45 46 48 59 61 63 71 72
42 45 46 48 59 61 62
42 45 46 48 59 61 62 73
42 45 46 48 59 61 62 71 72
42 45 46 47 59 61 63
42 45 46 47 59 61 63 73
42 45 46 47 59 61 63 71 72
42 45 46 47 59 61 62
42 45 46 47 59 61 62 73
42 45 46 47 59 61 62 71 72
42 44 57 59 61 73 78
42 44 57 59 61 73 76 77
42 44 57 59 61 71 72 78
42 44 57 59 61 71 72 76 77
42 44 57 59 60 61 73 78
42 44 57 59 60 61 73 76 77
42 44 57 59 60 61 71 72 78
42 44 57 59 60 61 71 72 76 77
42 44 51 57 59 61 73
42 44 51 57 59 61 71 72
42 44 51 57 59 60 61 73
42 44 51 57 59 60 61 71 72
42 44 46 57 59 61 78
42 44 46 57 59 61 76 77
42 44 46 57 59 60 61 78
42 44 46 57 59 60 61 76 77
42 44 46 51 57 59 61
42 44 46 51 57 59 60 61
42 43 59 61 65 73 78
42 43 59 61 65 73 76 77
42 43 59 61 65 71 72 78
42 43 59 61 65 71 72 76 77
42 43 59 61 63 64 73 78
42 43 59 61 63 64 73 76 77
42 43 59 61 63 64 71 72 78
42 43 59 61 63 64 71 72 76 77
42 43 59 60 73
42 43 59 60 71 72
42 43 59 60 61 73
42 43 59 60 61 71 72
42 43 59 60 61 65 73 78
42 43 59 60 61 65 73 76 77
42 43 59 60 61 65 71 72 78
42 43 59 60 61 65 71 72 76 77
42 43 59 60 61 63 64 73 78
42 43 59 60 61 63 64 73 76 77
42 43 59 60 61 63 64 71 72 78
42 43 59 60 61 63 64 71 72 76 77
42 43 57 59 61 73
42 43 57 59 61 71 72
42 43 57 59 60 73 78
42 43 57 59 60 73 76 77
42 43 57 59 60 71 72 78
42 43 57 59 60 71 72 76 77
42 43 57 59 60 61 73
42 43 57 59 60 61 71 72
42 43 57 58 59 73 78
42 43 57 58 59 73 76 77
42 43 57 58 59 71 72 78
42 43 57 58 59 71 72 76 77
42 43 51 59 61 65 73
42 43 51 59 61 65 71 72
42 43 51 59 61 63 64 73
42 43 51 59 61 63 64 71 72
42 43 51 59 60 61 65 73
42 43 51 59 60 61 65 71 72
42 43 51 59 60 61 63 64 73
42 43 51 59 60 61 63 64 71 72
42 43 51 57 59 60 73
42 43 51 57 59 60 71 72
42 43 51 57 58 59 73
42 43 51 57 58 59 71 72
42 43 48 59 61 73
42 43 48 59 61 71 72
42 43 48 59 60 73
42 43 48 59 60 71 72
42 43 46 59 61 65 78
42 43 46 59 61 65 76 77
42 43 46 59 61 63 64 78
42 43 46 59 61 63 64 76 77
42 43 46 59 60
42 43 46 59 60 61
42 43 46 59 60 61 65 78
42 43 46 59 60 61 65 76 77
42 43 46 59 60 61 63 64 78
42 43 46 59 60 61 63 64 76 77
42 43 46 57 59 61
42 43 46 57 59 60 78
42 43 46 57 59 60 76 77
42 43 46 57 59 60 61
42 43 46 57 58 59 78
42 43 46 57 58 59 76 77
42 43 46 51 59 61 65
42 43 46 51 59 61 63 64
42 43 46 51 59 60 61 65
42 43 46 51 59 60 61 63 64
42 43 46 51 57 59 60
42 43 46 51 57 58 59
42 43 46 48 59 61
42 43 46 48 59 60
42 43 46 47 59 61
42 43 46 47 59 61 73
42 43 46 47 59 61 71 72
42 43 46 47 59 60
42 43 46 47 59 60 73
42 43 46 47 59 60 71 72
41 42 59 61 63 73
41 42 59 61 63 71 72
41 42 59 61 62 73
41 42 59 61 62 71 72
41 42 46 59 61 63
41 42 46 59 61 62
40 41 61 73
40 41 61 71 72
40 41 59 73 75
40 41 59 73 74
40 41 59 71 72 75
40 41 59 71 72 73 74
40 41 59 63 73
40 41 59 63 71 72
40 41 59 61 75
40 41 59 61 73
40 41 59 61 72 73
40 41 59 61 71 72
40 41 59 61 71 72 74
40 41 59 61 71 72 73
40 41 59 61 65 73
40 41 59 61 65 71 72
40 41 59 61 63 75
40 41 59 61 63 73
40 41 59 61 63 73 78
40 41 59 61 63 73 76 77
40 41 59 61 63 72 73
40 41 59 61 63 71 72
40 41 59 61 63 71 72 78
40 41 59 61 63 71 72 76 77
40 41 59 61 63 71 72 74
40 41 59 61 63 71 72 73
40 41 59 61 63 65 73
40 41 59 61 63 65 71 72
40 41 59 61 63 64 73
40 41 59 61 63 64 71 72
40 41 59 61 62 75
40 41 59 61 62 73
40 41 59 61 62 73 78
40 41 59 61 62 73 76 77
40 41 59 61 62 72 73
40 41 59 61 62 71 72
40 41 59 61 62 71 72 78
40 41 59 61 62 71 72 76 77
40 41 59 61 62 71 72 74
40 41 59 61 62 71 72 73
40 41 59 61 62 65 73
40 41 59 61 62 65 71 72
40 41 59 61 62 64 73
40 41 59 61 62 64 71 72
40 41 59 61 62 63 73
40 41 59 61 62 63 71 72
40 41 59 61 62 63 64 73
40 41 59 61 62 63 64 71 72
40 41 59 60 61
40 41 59 60 61 73
40 41 59 60 61 71 72
40 41 59 60 61 63
40 41 59 60 61 63 73
40 41 59 60 61 63 71 72
40 41 59 60 61 62
40 41 59 60 61 62 73
40 41 59 60 61 62 71 72
40 41 58 59 61
40 41 58 59 61 63
40 41 58 59 61 63 73
40 41 58 59 61 63 71 72
40 41 58 59 61 62
40 41 58 59 61 62 73
40 41 58 59 61 62 71 72
40 41 58 59 60 61 63 73
40 41 58 59 60 61 63 71 72
40 41 58 59 60 61 62 73
40 41 58 59 60 61 62 71 72
40 41 57 59 73
40 41 57 59 71 72
40 41 57 59 61 73
40 41 57 59 61 73 78
40 41 57 59 61 73 76 77
40 41 57 59 61 71 72
40 41 57 59 61 71 72 78
40 41 57 59 61 71 72 76 77
40 41 57 59 61 63 73
40 41 57 59 61 63 71 72
40 41 57 59 61 62 73
40 41 57 59 61 62 71 72
40 41 57 59 60 73 78
40 41 57 59 60 73 76 77
40 41 57 59 60 71 72 78
40 41 57 59 60 71 72 76 77
40 41 55 59 61 63 73
40 41 55 59 61 63 71 72
40 41 55 59 61 62 73
40 41 55 59 61 62 71 72
40 41 51 59 61 63 73
40 41 51 59 61 63 71 72
40 41 51 59 61 62 73
40 41 51 59 61 62 71 72
40 41 51 57 59 61 73
40 41 51 57 59 61 71 72
40 41 51 57 59 60 73
40 41 51 57 59 60 71 72
40 41 50 59 61 63 73
40 41 50 59 61 63 71 72
40 41 50 59 61 62 73
40 41 50 59 61 62 71 72
40 41 49 59 61 63 73
40 41 49 59 61 63 71 72
40 41 49 59 61 62 73
40 41 49 59 61 62 71 72
40 41 48 59 73
40 41 48 59 71 72
40 41 48 59 61
40 41 48 59 61 63
40 41 48 59 61 62
40 41 48 59 61 62 73
40 41 48 59 61 62 71 72
40 41 48 59 61 62 63 73
40 41 48 59 61 62 63 71 72
40 41 48 59 60 61 73
40 41 48 59 60 61 71 72
40 41 48 59 60 61 63 73
40 41 48 59 60 61 63 71 72
40 41 48 59 60 61 62 73
40 41 48 59 60 61 62 71 72
40 41 48 58 59 61 63 73
40 41 48 58 59 61 63 71 72
40 41 48 58 59 61 62 73
40 41 48 58 59 61 62 71 72
40 41 48 58 59 60 61 63 73
40 41 48 58 59 60 61 63 71 72
40 41 48 58 59 60 61 62 73
40 41 48 58 59 60 61 62 71 72
40 41 48 57 59 61 73
40 41 48 57 59 61 71 72
40 41 48 57 59 60 61 73
40 41 48 57 59 60 61 71 72
40 41 48 49 59 61 63 73
40 41 48 49 59 61 63 71 72
40 41 48 49 59 61 62 73
40 41 48 49 59 61 62 71 72
40 41 47 59 61 73
40 41 47 59 61 71 72
40 41 46 61
40 41 46 59 75
40 41 46 59 73 74
40 41 46 59 63
40 41 46 59 61
40 41 46 59 61 74
40 41 46 59 61 72 73
40 41 46 59 61 65
40 41 46 59 61 63
40 41 46 59 61 63 78
40 41 46 59 61 63 76 77
40 41 46 59 61 63 74
40 41 46 59 61 63 72 73
40 41 46 59 61 63 65
40 41 46 59 61 63 64
40 41 46 59 61 62
40 41 46 59 61 62 78
40 41 46 59 61 62 76 77
40 41 46 59 61 62 74
40 41 46 59 61 62 72 73
40 41 46 59 61 62 65
40 41 46 59 61 62 64
40 41 46 59 61 62 63
40 41 46 59 61 62 63 64
40 41 46 59 60 61
40 41 46 59 60 61 63
40 41 46 59 60 61 62
40 41 46 58 59 61 63
40 41 46 58 59 61 62
40 41 46 58 59 60 61 63
40 41 46 58 59 60 61 62
40 41 46 57 59
40 41 46 57 59 61
40 41 46 57 59 61 78
40 41 46 57 59 61 76 77
40 41 46 57 59 61 63
40 41 46 57 59 61 62
40 41 46 57 59 60 78
40 41 46 57 59 60 76 77
40 41 46 55 59 61 63
40 41 46 55 59 61 62
40 41 46 51 59 61 63
40 41 46 51 59 61 62
40 41 46 51 57 59 61
40 41 46 51 57 59 60
40 41 46 50 59 61 63
40 41 46 50 59 61 62
40 41 46 49 59 61 63
40 41 46 49 59 61 62
40 41 46 48 59
40 41 46 48 59 61 62
40 41 46 48 59 61 62 63
40 41 46 48 59 60 61
40 41 46 48 59 60 61 63
40 41 46 48 59 60 61 62
40 41 46 48 58 59 61 63
40 41 46 48 58 59 61 62
40 41 46 48 58 59 60 61 63
40 41 46 48 58 59 60 61 62
40 41 46 48 57 59 61
40 41 46 48 57 59 60 61
40 41 46 48 49 59 61 63
40 41 46 48 49 59 61 62
40 41 46 47 59 61
40 41 46 47 59 61 63
40 41 46 47 59 61 63 73
40 41 46 47 59 61 63 71 72
40 41 46 47 59 61 62 63
40 41 46 47 59 61 62 63 73
40 41 46 47 59 61 62 63 71 72
40 41 46 47 59 60 61
40 41 46 47 59 60 61 73
40 41 46 47 59 60 61 71 72
40 41 46 47 59 60 61 63
40 41 46 47 59 60 61 63 73
40 41 46 47 59 60 61 63 71 72
40 41 46 47 59 60 61 62
40 41 46 47 59 60 61 62 73
40 41 46 47 59 60 61 62 71 72
40 41 46 47 58 59 61 63
40 41 46 47 58 59 61 63 73
40 41 46 47 58 59 61 63 71 72
40 41 46 47 58 59 61 62
40 41 46 47 58 59 61 62 73
40 41 46 47 58 59 61 62 71 72
40 41 46 47 58 59 60 61 63
40 41 46 47 58 59 60 61 63 73
40 41 46 47 58 59 60 61 63 71 72
40 41 46 47 58 59 60 61 62
40 41 46 47 58 59 60 61 62 73
40 41 46 47 58 59 60 61 62 71 72
40 41 46 47 57 59 61
40 41 46 47 57 59 61 73
40 41 46 47 57 59 61 71 72
40 41 46 47 57 59 60 61
40 41 46 47 57 59 60 61 73
40 41 46 47 57 59 60 61 71 72
40 41 45 46 59 61 63
40 41 45 46 59 61 63 73
40 41 45 46 59 61 63 71 72
40 41 45 46 59 61 62
40 41 45 46 59 61 62 73
40 41 45 46 59 61 62 71 72
40 41 45 46 48 59 61 63
40 41 45 46 48 59 61 63 73
40 41 45 46 48 59 61 63 71 72
40 41 45 46 48 59 61 62
40 41 45 46 48 59 61 62 73
40 41 45 46 48 59 61 62 71 72
40 41 45 46 47 59 61 63
40 41 45 46 47 59 61 63 73
40 41 45 46 47 59 61 63 71 72
40 41 45 46 47 59 61 62
40 41 45 46 47 59 61 62 73
40 41 45 46 47 59 61 62 71 72
40 41 44 57 59 61 73 78
40 41 44 57 59 61 73 76 77
40 41 44 57 59 61 71 72 78
40 41 44 57 59 61 71 72 76 77
40 41 44 57 59 60 61 73 78
40 41 44 57 59 60 61 73 76 77
40 41 44 57 59 60 61 71 72 78
40 41 44 57 59 60 61 71 72 76 77
40 41 44 51 57 59 61 73
40 41 44 51 57 59 61 71 72
40 41 44 51 57 59 60 61 73
40 41 44 51 57 59 60 61 71 72
40 41 44 46 57 59 61 78
40 41 44 46 57 59 61 76 77
40 41 44 46 57 59 60 61 78
40 41 44 46 57 59 60 61 76 77
40 41 44 46 51 57 59 61
40 41 44 46 51 57 59 60 61
40 41 43 59 61 63 73
40 41 43 59 61 63 71 72
40 41 43 59 61 62 73
40 41 43 59 61 62 71 72
40 41 43 46 59 61 63
40 41 43 46 59 61 62
40 41 42 59 61 63 73
40 41 42 59 61 63 71 72
40 41 42 59 61 62 73
40 41 42 59 61 62 71 72
40 41 42 46 59 61 63
40 41 42 46 59 61 62
40 41 42 43 57 59 61 73 78
40 41 42 43 57 59 61 73 76 77
40 41 42 43 57 59 61 71 72 78
40 41 42 43 57 59 61 71 72 76 77
40 41 42 43 57 59 60 61 73 78
40 41 42 43 57 59 60 61 73 76 77
40 41 42 43 57 59 60 61 71 72 78
40 41 42 43 57 59 60 61 71 72 76 77
40 41 42 43 51 57 59 61 73
40 41 42 43 51 57 59 61 71 72
40 41 42 43 51 57 59 60 61 73
40 41 42 43 51 57 59 60 61 71 72
40 41 42 43 46 57 59 61 78
40 41 42 43 46 57 59 61 76 77
40 41 42 43 46 57 59 60 61 78
40 41 42 43 46 57 59 60 61 76 77
40 41 42 43 46 51 57 59 61
40 41 42 43 46 51 57 59 60 61
38 59 61 73
38 59 61 73 78
38 59 61 73 76 77
38 59 61 71 72
38 59 61 71 72 78
38 59 61 71 72 76 77
38 59 60 61 73
38 59 60 61 73 78
38 59 60 61 73 76 77
38 59 60 61 71 72
38 59 60 61 71 72 78
38 59 60 61 71 72 76 77
38 51 59 61 73
38 51 59 61 71 72
38 51 59 60 61 73
38 51 59 60 61 71 72
38 46 59 61
38 46 59 61 78
38 46 59 61 76 77
38 46 59 60 61
38 46 59 60 61 78
38 46 59 60 61 76 77
38 46 51 59 61
38 46 51 59 60 61
38 44 59 61 73 78
38 44 59 61 73 76 77
38 44 59 61 71 72 78
38 44 59 61 71 72 76 77
38 44 59 60 61 73 78
38 44 59 60 61 73 76 77
38 44 59 60 61 71 72 78
38 44 59 60 61 71 72 76 77
38 44 51 59 61 73
38 44 51 59 61 71 72
38 44 51 59 60 61 73
38 44 51 59 60 61 71 72
38 44 46 59 61 78
38 44 46 59 61 76 77
38 44 46 59 60 61 78
38 44 46 59 60 61 76 77
38 44 46 51 59 61
38 44 46 51 59 60 61
38 42 59 61 73
38 42 59 61 71 72
38 42 59 61 63 73
38 42 59 61 63 71 72
38 42 59 61 62 73
38 42 59 61 62 71 72
38 42 46 59 61
38 42 46 59 61 63
38 42 46 59 61 62
38 42 43 59 61 73 78
38 42 43 59 61 73 76 77
38 42 43 59 61 71 72 78
38 42 43 59 61 71 72 76 77
38 42 43 59 60 61 73 78
38 42 43 59 60 61 73 76 77
38 42 43 59 60 61 71 72 78
38 42 43 59 60 61 71 72 76 77
38 42 43 51 59 61 73
38 42 43 51 59 61 71 72
38 42 43 51 59 60 61 73
38 42 43 51 59 60 61 71 72
38 42 43 46 59 61 78
38 42 43 46 59 61 76 77
38 42 43 46 59 60 61 78
38 42 43 46 59 60 61 76 77
38 42 43 46 51 59 61
38 42 43 46 51 59 60 61
38 40 41 59 61 73
38 40 41 59 61 71 72
38 40 41 59 61 63 73
38 40 41 59 61 63 71 72
38 40 41 59 61 62 73
38 40 41 59 61 62 71 72
38 40 41 46 59 61
38 40 41 46 59 61 63
38 40 41 46 59 61 62
37 42 59 61 63 73
37 42 59 61 63 71 72
37 42 59 61 62 73
37 42 59 61 62 71 72
37 42 46 59 61 63
37 42 46 59 61 62
37 40 41 59 61 63 73
37 40 41 59 61 63 71 72
37 40 41 59 61 62 73
37 40 41 59 61 62 71 72
37 40 41 46 59 61 63
37 40 41 46 59 61 62
36
36 59 61 73 78 79
36 59 61 71 72 78 79
36 57 59 61 73
36 57 59 61 71 72
36 57 59 61 65 73
36 57 59 61 65 71 72
36 53 59 61 73
36 53 59 61 71 72
36 48 57 59 61 73
36 48 57 59 61 71 72
36 48 57 59 61 65 73
36 48 57 59 61 65 71 72
36 46 59 61 78 79
36 46 57 59 61
36 46 57 59 61 65
36 46 53 59 61
36 46 48 57 59 61
36 46 48 57 59 61 65
36 46 47 57 59 61
36 46 47 57 59 61 73
36 46 47 57 59 61 71 72
36 46 47 57 59 61 65
36 46 47 57 59 61 65 73
36 46 47 57 59 61 65 71 72
36 44 59 61 73
36 44 59 61 71 72
36 44 46 59 61
36 42 59 61 75
36 42 59 61 73
36 42 59 61 73 78
36 42 59 61 73 76 77
36 42 59 61 72 73
36 42 59 61 71 72
36 42 59 61 71 72 78
36 42 59 61 71 72 76 77
36 42 59 61 71 72 74
36 42 59 61 71 72 73
36 42 59 61 65 73
36 42 59 61 65 71 72
36 42 59 61 64 73
36 42 59 61 64 71 72
36 42 59 61 63 64 73
36 42 59 61 63 64 71 72
36 42 59 61 62 73
36 42 59 61 62 71 72
36 42 59 61 62 63 73
36 42 59 61 62 63 71 72
36 42 59 60 61
36 42 59 60 61 73
36 42 59 60 61 71 72
36 42 58 59 61
36 42 58 59 61 73
36 42 58 59 61 71 72
36 42 58 59 60 61 73
36 42 58 59 60 61 71 72
36 42 57 59 61 73
36 42 57 59 61 71 72
36 42 55 59 61 73
36 42 55 59 61 71 72
36 42 51 59 61 73
36 42 51 59 61 71 72
36 42 50 59 61 73
36 42 50 59 61 71 72
36 42 49 59 61 73
36 42 49 59 61 71 72
36 42 48 59 61
36 42 48 59 61 62 73
36 42 48 59 61 62 71 72
36 42 48 59 60 61 73
36 42 48 59 60 61 71 72
36 42 48 58 59 61 73
36 42 48 58 59 61 71 72
36 42 48 58 59 60 61 73
36 42 48 58 59 60 61 71 72
36 42 48 49 59 61 73
36 42 48 49 59 61 71 72
36 42 46 59 61
36 42 46 59 61 78
36 42 46 59 61 76 77
36 42 46 59 61 74
36 42 46 59 61 72 73
36 42 46 59 61 65
36 42 46 59 61 64
36 42 46 59 61 63 64
36 42 46 59 61 62
36 42 46 59 61 62 63
36 42 46 59 60 61
36 42 46 58 59 61
36 42 46 58 59 60 61
36 42 46 57 59 61
36 42 46 55 59 61
36 42 46 51 59 61
36 42 46 50 59 61
36 42 46 49 59 61
36 42 46 48 59 61 62
36 42 46 48 59 60 61
36 42 46 48 58 59 61
36 42 46 48 58 59 60 61
36 42 46 48 49 59 61
36 42 46 47 59 61
36 42 46 47 59 61 73
36 42 46 47 59 61 71 72
36 42 46 47 59 61 62
36 42 46 47 59 61 62 73
36 42 46 47 59 61 62 71 72
36 42 46 47 59 60 61
36 42 46 47 59 60 61 73
36 42 46 47 59 60 61 71 72
36 42 46 47 58 59 61
36 42 46 47 58 59 61 73
36 42 46 47 58 59 61 71 72
36 42 46 47 58 59 60 61
36 42 46 47 58 59 60 61 73
36 42 46 47 58 59 60 61 71 72
36 42 45 46 59 61
36 42 45 46 59 61 73
36 42 45 46 59 61 71 72
36 42 45 46 48 59 61
36 42 45 46 48 59 61 73
36 42 45 46 48 59 61 71 72
36 42 45 46 47 59 61
36 42 45 46 47 59 61 73
36 42 45 46 47 59 61 71 72
36 41 42 59 61 73
36 41 42 59 61 71 72
36 41 42 46 59 61
36 40 41 59 61 75
36 40 41 59 61 73
36 40 41 59 61 73 78
36 40 41 59 61 73 76 77
36 40 41 59 61 72 73
36 40 41 59 61 71 72
36 40 41 59 61 71 72 78
36 40 41 59 61 71 72 76 77
36 40 41 59 61 71 72 74
36 40 41 59 61 71 72 73
36 40 41 59 61 65 73
36 40 41 59 61 65 71 72
36 40 41 59 61 64 73
36 40 41 59 61 64 71 72
36 40 41 59 61 63 64 73
36 40 41 59 61 63 64 71 72
36 40 41 59 61 62 73
36 40 41 59 61 62 71 72
36 40 41 59 61 62 63 73
36 40 41 59 61 62 63 71 72
36 40 41 59 60 61
36 40 41 59 60 61 73
36 40 41 59 60 61 71 72
36 40 41 58 59 61
36 40 41 58 59 61 73
36 40 41 58 59 61 71 72
36 40 41 58 59 60 61 73
36 40 41 58 59 60 61 71 72
36 40 41 57 59 61 73
36 40 41 57 59 61 71 72
36 40 41 55 59 61 73
36 40 41 55 59 61 71 72
36 40 41 51 59 61 73
36 40 41 51 59 61 71 72
36 40 41 50 59 61 73
36 40 41 50 59 61 71 72
36 40 41 49 59 61 73
36 40 41 49 59 61 71 72
36 40 41 48 59 61
36 40 41 48 59 61 62 73
36 40 41 48 59 61 62 71 72
36 40 41 48 59 60 61 73
36 40 41 48 59 60 61 71 72
36 40 41 48 58 59 61 73
36 40 41 48 58 59 61 71 72
36 40 41 48 58 59 60 61 73
36 40 41 48 58 59 60 61 71 72
36 40 41 48 49 59 61 73
36 40 41 48 49 59 61 71 72
36 40 41 46 59 61
36 40 41 46 59 61 78
36 40 41 46 59 61 76 77
36 40 41 46 59 61 74
36 40 41 46 59 61 72 73
36 40 41 46 59 61 65
36 40 41 46 59 61 64
36 40 41 46 59 61 63 64
36 40 41 46 59 61 62
36 40 41 46 59 61 62 63
36 40 41 46 59 60 61
36 40 41 46 58 59 61
36 40 41 46 58 59 60 61
36 40 41 46 57 59 61
36 40 41 46 55 59 61
36 40 41 46 51 59 61
36 40 41 46 50 59 61
36 40 41 46 49 59 61
36 40 41 46 48 59 61 62
36 40 41 46 48 59 60 61
36 40 41 46 48 58 59 61
36 40 41 46 48 58 59 60 61
36 40 41 46 48 49 59 61
36 40 41 46 47 59 61
36 40 41 46 47 59 61 73
36 40 41 46 47 59 61 71 72
36 40 41 46 47 59 61 62
36 40 41 46 47 59 61 62 73
36 40 41 46 47 59 61 62 71 72
36 40 41 46 47 59 60 61
36 40 41 46 47 59 60 61 73
36 40 41 46 47 59 60 61 71 72
36 40 41 46 47 58 59 61
36 40 41 46 47 58 59 61 73
36 40 41 46 47 58 59 61 71 72
36 40 41 46 47 58 59 60 61
36 40 41 46 47 58 59 60 61 73
36 40 41 46 47 58 59 60 61 71 72
36 40 41 45 46 59 61
36 40 41 45 46 59 61 73
36 40 41 45 46 59 61 71 72
36 40 41 45 46 48 59 61
36 40 41 45 46 48 59 61 73
36 40 41 45 46 48 59 61 71 72
36 40 41 45 46 47 59 61
36 40 41 45 46 47 59 61 73
36 40 41 45 46 47 59 61 71 72
36 40 41 43 59 61 73
36 40 41 43 59 61 71 72
36 40 41 43 46 59 61
36 40 41 42 59 61 73
36 40 41 42 59 61 71 72
36 40 41 42 46 59 61
36 38 42 59 61 73
36 38 42 59 61 71 72
36 38 42 46 59 61
36 38 40 41 59 61 73
36 38 40 41 59 61 71 72
36 38 40 41 46 59 61
36 37 59 61 73
36 37 59 61 73 78
36 37 59 61 73 76 77
36 37 59 61 71 72
36 37 59 61 71 72 78
36 37 59 61 71 72 76 77
36 37 59 60 61 73
36 37 59 60 61 73 78
36 37 59 60 61 73 76 77
36 37 59 60 61 71 72
36 37 59 60 61 71 72 78
36 37 59 60 61 71 72 76 77
36 37 51 59 61 73
36 37 51 59 61 71 72
36 37 51 59 60 61 73
36 37 51 59 60 61 71 72
36 37 46 59 61
36 37 46 59 61 78
36 37 46 59 61 76 77
36 37 46 59 60 61
36 37 46 59 60 61 78
36 37 46 59 60 61 76 77
36 37 46 51 59 61
36 37 46 51 59 60 61
36 37 42 59 61 73
36 37 42 59 61 71 72
36 37 42 46 59 61
36 37 40 41 59 61 73
36 37 40 41 59 61 71 72
36 37 40 41 46 59 61
35 42 59 61 63 73
35 42 59 61 63 71 72
35 42 59 61 62 73
35 42 59 61 62 71 72
35 42 48 59 61 63 73
35 42 48 59 61 63 71 72
35 42 48 59 61 62 73
35 42 48 59 61 62 71 72
35 42 46 59 61 63
35 42 46 59 61 62
35 42 46 48 59 61 63
35 42 46 48 59 61 62
35 42 46 47 59 61 63
35 42 46 47 59 61 63 73
35 42 46 47 59 61 63 71 72
35 42 46 47 59 61 62
35 42 46 47 59 61 62 73
35 42 46 47 59 61 62 71 72
35 40 41 59 61 63 73
35 40 41 59 61 63 71 72
35 40 41 59 61 62 73
35 40 41 59 61 62 71 72
35 40 41 48 59 61 63 73
35 40 41 48 59 61 63 71 72
35 40 41 48 59 61 62 73
35 40 41 48 59 61 62 71 72
35 40 41 46 59 61 63
35 40 41 46 59 61 62
35 40 41 46 48 59 61 63
35 40 41 46 48 59 61 62
35 40 41 46 47 59 61 63
35 40 41 46 47 59 61 63 73
35 40 41 46 47 59 61 63 71 72
35 40 41 46 47 59 61 62
35 40 41 46 47 59 61 62 73
35 40 41 46 47 59 61 62 71 72
35 36 42 59 61 73
35 36 42 59 61 71 72
35 36 42 48 59 61 73
35 36 42 48 59 61 71 72
35 36 42 46 59 61
35 36 42 46 48 59 61
35 36 42 46 47 59 61
35 36 42 46 47 59 61 73
35 36 42 46 47 59 61 71 72
35 36 40 41 59 61 73
35 36 40 41 59 61 71 72
35 36 40 41 48 59 61 73
35 36 40 41 48 59 61 71 72
35 36 40 41 46 59 61
35 36 40 41 46 48 59 61
35 36 40 41 46 47 59 61
35 36 40 41 46 47 59 61 73
35 36 40 41 46 47 59 61 71 72
34 69
34 67 68
34 59 73
34 59 71 72
34 59 63 73
34 59 63 71 72
34 59 61 73
34 59 61 73 78 79
34 59 61 71 72
34 59 61 71 72 78 79
34 59 60 61 73
34 59 60 61 71 72
34 57 59 73
34 57 59 71 72
34 57 59 61 73
34 57 59 61 71 72
34 53 59 61 73
34 53 59 61 71 72
34 46 59
34 46 59 63
34 46 59 61
34 46 59 61 78 79
34 46 59 60 61
34 46 57 59
34 46 57 59 61
34 46 53 59 61
34 44 59 73
34 44 59 71 72
34 44 59 61 73
34 44 59 61 71 72
34 44 59 61 65 73 78
34 44 59 61 65 73 76 77
34 44 59 61 65 71 72 78
34 44 59 61 65 71 72 76 77
34 44 59 61 63 64 73 78
34 44 59 61 63 64 73 76 77
34 44 59 61 63 64 71 72 78
34 44 59 61 63 64 71 72 76 77
34 44 57 59 61 73
34 44 57 59 61 73 78
34 44 57 59 61 73 76 77
34 44 57 59 61 71 72
34 44 57 59 61 71 72 78
34 44 57 59 61 71 72 76 77
34 44 51 59 61 65 73
34 44 51 59 61 65 71 72
34 44 51 59 61 63 64 73
34 44 51 59 61 63 64 71 72
34 44 51 57 59 61 73
34 44 51 57 59 61 71 72
34 44 48 59 73
34 44 48 59 71 72
34 44 46 59
34 44 46 59 61
34 44 46 59 61 65 78
34 44 46 59 61 65 76 77
34 44 46 59 61 63 64 78
34 44 46 59 61 63 64 76 77
34 44 46 57 59 61
34 44 46 57 59 61 78
34 44 46 57 59 61 76 77
34 44 46 51 59 61 65
34 44 46 51 59 61 63 64
34 44 46 51 57 59 61
34 44 46 48 59
34 44 46 47 59
34 44 46 47 59 73
34 44 46 47 59 71 72
34 42
34 42 61 73
34 42 61 71 72
34 42 59 60 61 63 73
34 42 59 60 61 63 71 72
34 42 59 60 61 62 73
34 42 59 60 61 62 71 72
34 42 58 59 61 63 73
34 42 58 59 61 63 71 72
34 42 58 59 61 62 73
34 42 58 59 61 62 71 72
34 42 57 59 73 78
34 42 57 59 73 76 77
34 42 57 59 71 72 78
34 42 57 59 71 72 76 77
34 42 51 57 59 73
34 42 51 57 59 71 72
34 42 48 59 61 73
34 42 48 59 61 71 72
34 42 48 59 60 61 63 73
34 42 48 59 60 61 63 71 72
34 42 48 59 60 61 62 73
34 42 48 59 60 61 62 71 72
34 42 48 58 59 61 63 73
34 42 48 58 59 61 63 71 72
34 42 48 58 59 61 62 73
34 42 48 58 59 61 62 71 72
34 42 48 57 59 61 73
34 42 48 57 59 61 71 72
34 42 46 61
34 42 46 59 60 61 63
34 42 46 59 60 61 62
34 42 46 58 59 61 63
34 42 46 58 59 61 62
34 42 46 57 59 78
34 42 46 57 59 76 77
34 42 46 51 57 59
34 42 46 48 59 61
34 42 46 48 59 60 61 63
34 42 46 48 59 60 61 62
34 42 46 48 58 59 61 63
34 42 46 48 58 59 61 62
34 42 46 48 57 59 61
34 42 46 47 59 61
34 42 46 47 59 61 73
34 42 46 47 59 61 71 72
34 42 46 47 59 60 61 63
34 42 46 47 59 60 61 63 73
34 42 46 47 59 60 61 63 71 72
34 42 46 47 59 60 61 62
34 42 46 47 59 60 61 62 73
34 42 46 47 59 60 61 62 71 72
34 42 46 47 58 59 61 63
34 42 46 47 58 59 61 63 73
34 42 46 47 58 59 61 63 71 72
34 42 46 47 58 59 61 62
34 42 46 47 58 59 61 62 73
34 42 46 47 58 59 61 62 71 72
34 42 46 47 57 59 61
34 42 46 47 57 59 61 73
34 42 46 47 57 59 61 71 72
34 42 44 57 59 61 73 78
34 42 44 57 59 61 73 76 77
34 42 44 57 59 61 71 72 78
34 42 44 57 59 61 71 72 76 77
34 42 44 51 57 59 61 73
34 42 44 51 57 59 61 71 72
34 42 44 46 57 59 61 78
34 42 44 46 57 59 61 76 77
34 42 44 46 51 57 59 61
34 42 43 59 73
34 42 43 59 71 72
34 42 43 59 61 73
34 42 43 59 61 71 72
34 42 43 59 61 65 73 78
34 42 43 59 61 65 73 76 77
34 42 43 59 61 65 71 72 78
34 42 43 59 61 65 71 72 76 77
34 42 43 59 61 63 64 73 78
34 42 43 59 61 63 64 73 76 77
34 42 43 59 61 63 64 71 72 78
34 42 43 59 61 63 64 71 72 76 77
34 42 43 57 59 61 73
34 42 43 57 59 61 71 72
34 42 43 51 59 61 65 73
34 42 43 51 59 61 65 71 72
34 42 43 51 59 61 63 64 73
34 42 43 51 59 61 63 64 71 72
34 42 43 48 59 73
34 42 43 48 59 71 72
34 42 43 46 59
34 42 43 46 59 61
34 42 43 46 59 61 65 78
34 42 43 46 59 61 65 76 77
34 42 43 46 59 61 63 64 78
34 42 43 46 59 61 63 64 76 77
34 42 43 46 57 59 61
34 42 43 46 51 59 61 65
34 42 43 46 51 59 61 63 64
34 42 43 46 48 59
34 42 43 46 47 59
34 42 43 46 47 59 73
34 42 43 46 47 59 71 72
34 40 41 61 73
34 40 41 61 71 72
34 40 41 59 60 61 63 73
34 40 41 59 60 61 63 71 72
34 40 41 59 60 61 62 73
34 40 41 59 60 61 62 71 72
34 40 41 58 59 61 63 73
34 40 41 58 59 61 63 71 72
34 40 41 58 59 61 62 73
34 40 41 58 59 61 62 71 72
34 40 41 57 59 73 78
34 40 41 57 59 73 76 77
34 40 41 57 59 71 72 78
34 40 41 57 59 71 72 76 77
34 40 41 51 57 59 73
34 40 41 51 57 59 71 72
34 40 41 48 59 61 73
34 40 41 48 59 61 71 72
34 40 41 48 59 60 61 63 73
34 40 41 48 59 60 61 63 71 72
34 40 41 48 59 60 61 62 73
34 40 41 48 59 60 61 62 71 72
34 40 41 48 58 59 61 63 73
34 40 41 48 58 59 61 63 71 72
34 40 41 48 58 59 61 62 73
34 40 41 48 58 59 61 62 71 72
34 40 41 48 57 59 61 73
34 40 41 48 57 59 61 71 72
34 40 41 46 61
34 40 41 46 59 60 61 63
34 40 41 46 59 60 61 62
34 40 41 46 58 59 61 63
34 40 41 46 58 59 61 62
34 40 41 46 57 59 78
34 40 41 46 57 59 76 77
34 40 41 46 51 57 59
34 40 41 46 48 59 61
34 40 41 46 48 59 60 61 63
34 40 41 46 48 59 60 61 62
34 40 41 46 48 58 59 61 63
34 40 41 46 48 58 59 61 62
34 40 41 46 48 57 59 61
34 40 41 46 47 59 61
34 40 41 46 47 59 61 73
34 40 41 46 47 59 61 71 72
34 40 41 46 47 59 60 61 63
34 40 41 46 47 59 60 61 63 73
34 40 41 46 47 59 60 61 63 71 72
34 40 41 46 47 59 60 61 62
34 40 41 46 47 59 60 61 62 73
34 40 41 46 47 59 60 61 62 71 72
34 40 41 46 47 58 59 61 63
34 40 41 46 47 58 59 61 63 73
34 40 41 46 47 58 59 61 63 71 72
34 40 41 46 47 58 59 61 62
34 40 41 46 47 58 59 61 62 73
34 40 41 46 47 58 59 61 62 71 72
34 40 41 46 47 57 59 61
34 40 41 46 47 57 59 61 73
34 40 41 46 47 57 59 61 71 72
34 40 41 44 57 59 61 73 78
34 40 41 44 57 59 61 73 76 77
34 40 41 44 57 59 61 71 72 78
34 40 41 44 57 59 61 71 72 76 77
34 40 41 44 51 57 59 61 73
34 40 41 44 51 57 59 61 71 72
34 40 41 44 46 57 59 61 78
34 40 41 44 46 57 59 61 76 77
34 40 41 44 46 51 57 59 61
34 40 41 42 43 57 59 61 73 78
34 40 41 42 43 57 59 61 73 76 77
34 40 41 42 43 57 59 61 71 72 78
34 40 41 42 43 57 59 61 71 72 76 77
34 40 41 42 43 51 57 59 61 73
34 40 41 42 43 51 57 59 61 71 72
34 40 41 42 43 46 57 59 61 78
34 40 41 42 43 46 57 59 61 76 77
34 40 41 42 43 46 51 57 59 61
34 38 59 61 73
34 38 59 61 73 78
34 38 59 61 73 76 77
34 38 59 61 71 72
34 38 59 61 71 72 78
34 38 59 61 71 72 76 77
34 38 51 59 61 73
34 38 51 59 61 71 72
34 38 46 59 61
34 38 46 59 61 78
34 38 46 59 61 76 77
34 38 46 51 59 61
34 38 44 59 61 73 78
34 38 44 59 61 73 76 77
34 38 44 59 61 71 72 78
34 38 44 59 61 71 72 76 77
34 38 44 51 59 61 73
34 38 44 51 59 61 71 72
34 38 44 46 59 61 78
34 38 44 46 59 61 76 77
34 38 44 46 51 59 61
34 38 42 43 59 61 73 78
34 38 42 43 59 61 73 76 77
34 38 42 43 59 61 71 72 78
34 38 42 43 59 61 71 72 76 77
34 38 42 43 51 59 61 73
34 38 42 43 51 59 61 71 72
34 38 42 43 46 59 61 78
34 38 42 43 46 59 61 76 77
34 38 42 43 46 51 59 61
34 36 42 59 60 61 73
34 36 42 59 60 61 71 72
34 36 42 58 59 61 73
34 36 42 58 59 61 71 72
34 36 42 48 59 60 61 73
34 36 42 48 59 60 61 71 72
34 36 42 48 58 59 61 73
34 36 42 48 58 59 61 71 72
34 36 42 46 59 60 61
34 36 42 46 58 59 61
34 36 42 46 48 59 60 61
34 36 42 46 48 58 59 61
34 36 42 46 47 59 60 61
34 36 42 46 47 59 60 61 73
34 36 42 46 47 59 60 61 71 72
34 36 42 46 47 58 59 61
34 36 42 46 47 58 59 61 73
34 36 42 46 47 58 59 61 71 72
34 36 40 41 59 60 61 73
34 36 40 41 59 60 61 71 72
34 36 40 41 58 59 61 73
34 36 40 41 58 59 61 71 72
34 36 40 41 48 59 60 61 73
34 36 40 41 48 59 60 61 71 72
34 36 40 41 48 58 59 61 73
34 36 40 41 48 58 59 61 71 72
34 36 40 41 46 59 60 61
34 36 40 41 46 58 59 61
34 36 40 41 46 48 59 60 61
34 36 40 41 46 48 58 59 61
34 36 40 41 46 47 59 60 61
34 36 40 41 46 47 59 60 61 73
34 36 40 41 46 47 59 60 61 71 72
34 36 40 41 46 47 58 59 61
34 36 40 41 46 47 58 59 61 73
34 36 40 41 46 47 58 59 61 71 72
34 36 37 59 61 73
34 36 37 59 61 73 78
34 36 37 59 61 73 76 77
34 36 37 59 61 71 72
34 36 37 59 61 71 72 78
34 36 37 59 61 71 72 76 77
34 36 37 51 59 61 73
34 36 37 51 59 61 71 72
34 36 37 46 59 61
34 36 37 46 59 61 78
34 36 37 46 59 61 76 77
34 36 37 46 51 59 61
33 44 57 59 73 78
33 44 57 59 73 76 77
33 44 57 59 71 72 78
33 44 57 59 71 72 76 77
33 44 51 57 59 73
33 44 51 57 59 71 72
33 44 46 57 59 78
33 44 46 57 59 76 77
33 44 46 51 57 59
33 42 59 61
33 42 59 61 63
33 42 59 61 63 73
33 42 59 61 63 71 72
33 42 59 61 62
33 42 59 61 62 73
33 42 59 61 62 71 72
33 42 59 60 61 63 73
33 42 59 60 61 63 71 72
33 42 59 60 61 62 73
33 42 59 60 61 62 71 72
33 42 48 59 61 63 73
33 42 48 59 61 63 71 72
33 42 48 59 61 62 73
33 42 48 59 61 62 71 72
33 42 48 59 60 61 63 73
33 42 48 59 60 61 63 71 72
33 42 48 59 60 61 62 73
33 42 48 59 60 61 62 71 72
33 42 46 59 61 63
33 42 46 59 61 62
33 42 46 59 60 61 63
33 42 46 59 60 61 62
33 42 46 48 59 61 63
33 42 46 48 59 61 62
33 42 46 48 59 60 61 63
33 42 46 48 59 60 61 62
33 42 46 47 59 61 63
33 42 46 47 59 61 63 73
33 42 46 47 59 61 63 71 72
33 42 46 47 59 61 62
33 42 46 47 59 61 62 73
33 42 46 47 59 61 62 71 72
33 42 46 47 59 60 61 63
33 42 46 47 59 60 61 63 73
33 42 46 47 59 60 61 63 71 72
33 42 46 47 59 60 61 62
33 42 46 47 59 60 61 62 73
33 42 46 47 59 60 61 62 71 72
33 42 43 57 59 73 78
33 42 43 57 59 73 76 77
33 42 43 57 59 71 72 78
33 42 43 57 59 71 72 76 77
33 42 43 51 57 59 73
33 42 43 51 57 59 71 72
33 42 43 46 57 59 78
33 42 43 46 57 59 76 77
33 42 43 46 51 57 59
33 40 41 59 61
33 40 41 59 61 63
33 40 41 59 61 63 73
33 40 41 59 61 63 71 72
33 40 41 59 61 62
33 40 41 59 61 62 73
33 40 41 59 61 62 71 72
33 40 41 59 60 61 63 73
33 40 41 59 60 61 63 71 72
33 40 41 59 60 61 62 73
33 40 41 59 60 61 62 71 72
33 40 41 48 59 61 63 73
33 40 41 48 59 61 63 71 72
33 40 41 48 59 61 62 73
33 40 41 48 59 61 62 71 72
33 40 41 48 59 60 61 63 73
33 40 41 48 59 60 61 63 71 72
33 40 41 48 59 60 61 62 73
33 40 41 48 59 60 61 62 71 72
33 40 41 46 59 61 63
33 40 41 46 59 61 62
33 40 41 46 59 60 61 63
33 40 41 46 59 60 61 62
33 40 41 46 48 59 61 63
33 40 41 46 48 59 61 62
33 40 41 46 48 59 60 61 63
33 40 41 46 48 59 60 61 62
33 40 41 46 47 59 61 63
33 40 41 46 47 59 61 63 73
33 40 41 46 47 59 61 63 71 72
33 40 41 46 47 59 61 62
33 40 41 46 47 59 61 62 73
33 40 41 46 47 59 61 62 71 72
33 40 41 46 47 59 60 61 63
33 40 41 46 47 59 60 61 63 73
33 40 41 46 47 59 60 61 63 71 72
33 40 41 46 47 59 60 61 62
33 40 41 46 47 59 60 61 62 73
33 40 41 46 47 59 60 61 62 71 72
33 36 42 59 61
33 36 42 59 61 73
33 36 42 59 61 71 72
33 36 42 59 60 61 73
33 36 42 59 60 61 71 72
33 36 42 48 59 61 73
33 36 42 48 59 61 71 72
33 36 42 48 59 60 61 73
33 36 42 48 59 60 61 71 72
33 36 42 46 59 61
33 36 42 46 59 60 61
33 36 42 46 48 59 61
33 36 42 46 48 59 60 61
33 36 42 46 47 59 61
33 36 42 46 47 59 61 73
33 36 42 46 47 59 61 71 72
33 36 42 46 47 59 60 61
33 36 42 46 47 59 60 61 73
33 36 42 46 47 59 60 61 71 72
33 36 40 41 59 61
33 36 40 41 59 61 73
33 36 40 41 59 61 71 72
33 36 40 41 59 60 61 73
33 36 40 41 59 60 61 71 72
33 36 40 41 48 59 61 73
33 36 40 41 48 59 61 71 72
33 36 40 41 48 59 60 61 73
33 36 40 41 48 59 60 61 71 72
33 36 40 41 46 59 61
33 36 40 41 46 59 60 61
33 36 40 41 46 48 59 61
33 36 40 41 46 48 59 60 61
33 36 40 41 46 47 59 61
33 36 40 41 46 47 59 61 73
33 36 40 41 46 47 59 61 71 72
33 36 40 41 46 47 59 60 61
33 36 40 41 46 47 59 60 61 73
33 36 40 41 46 47 59 60 61 71 72
33 34 42 59 61 63 73
33 34 42 59 61 63 71 72
33 34 42 59 61 62 73
33 34 42 59 61 62 71 72
33 34 42 48 59 61 63 73
33 34 42 48 59 61 63 71 72
33 34 42 48 59 61 62 73
33 34 42 48 59 61 62 71 72
33 34 42 46 59 61 63
33 34 42 46 59 61 62
33 34 42 46 48 59 61 63
33 34 42 46 48 59 61 62
33 34 42 46 47 59 61 63
33 34 42 46 47 59 61 63 73
33 34 42 46 47 59 61 63 71 72
33 34 42 46 47 59 61 62
33 34 42 46 47 59 61 62 73
33 34 42 46 47 59 61 62 71 72
33 34 40 41 59 61 63 73
33 34 40 41 59 61 63 71 72
33 34 40 41 59 61 62 73
33 34 40 41 59 61 62 71 72
33 34 40 41 48 59 61 63 73
33 34 40 41 48 59 61 63 71 72
33 34 40 41 48 59 61 62 73
33 34 40 41 48 59 61 62 71 72
33 34 40 41 46 59 61 63
33 34 40 41 46 59 61 62
33 34 40 41 46 48 59 61 63
33 34 40 41 46 48 59 61 62
33 34 40 41 46 47 59 61 63
33 34 40 41 46 47 59 61 63 73
33 34 40 41 46 47 59 61 63 71 72
33 34 40 41 46 47 59 61 62
33 34 40 41 46 47 59 61 62 73
33 34 40 41 46 47 59 61 62 71 72
33 34 36 42 59 61 73
33 34 36 42 59 61 71 72
33 34 36 42 48 59 61 73
33 34 36 42 48 59 61 71 72
33 34 36 42 46 59 61
33 34 36 42 46 48 59 61
33 34 36 42 46 47 59 61
33 34 36 42 46 47 59 61 73
33 34 36 42 46 47 59 61 71 72
33 34 36 40 41 59 61 73
33 34 36 40 41 59 61 71 72
33 34 36 40 41 48 59 61 73
33 34 36 40 41 48 59 61 71 72
33 34 36 40 41 46 59 61
33 34 36 40 41 46 48 59 61
33 34 36 40 41 46 47 59 61
33 34 36 40 41 46 47 59 61 73
33 34 36 40 41 46 47 59 61 71 72
31 59 61 63 73
31 59 61 63 71 72
31 59 60 63 73
31 59 60 63 71 72
31 46 59 61 63
31 46 59 60 63
31 34 59 63 73
31 34 59 63 71 72
31 34 46 59 63
30 42 48 59 61 73
30 42 48 59 61 71 72
30 42 48 59 60 61 73
30 42 48 59 60 61 71 72
30 42 46 48 59 61
30 42 46 48 59 60 61
30 42 46 47 59 61
30 42 46 47 59 61 73
30 42 46 47 59 61 71 72
30 42 46 47 59 60 61
30 42 46 47 59 60 61 73
30 42 46 47 59 60 61 71 72
30 40 41 48 59 61 73
30 40 41 48 59 61 71 72
30 40 41 48 59 60 61 73
30 40 41 48 59 60 61 71 72
30 40 41 46 48 59 61
30 40 41 46 48 59 60 61
30 40 41 46 47 59 61
30 40 41 46 47 59 61 73
30 40 41 46 47 59 61 71 72
30 40 41 46 47 59 60 61
30 40 41 46 47 59 60 61 73
30 40 41 46 47 59 60 61 71 72
30 34 42 48 59 61 73
30 34 42 48 59 61 71 72
30 34 42 46 48 59 61
30 34 42 46 47 59 61
30 34 42 46 47 59 61 73
30 34 42 46 47 59 61 71 72
30 34 40 41 48 59 61 73
30 34 40 41 48 59 61 71 72
30 34 40 41 46 48 59 61
30 34 40 41 46 47 59 61
30 34 40 41 46 47 59 61 73
30 34 40 41 46 47 59 61 71 72
29 59 61 63 73
29 59 61 63 71 72
29 59 61 62 73
29 59 61 62 71 72
29 46 59 61 63
29 46 59 61 62
29 36 59 61 73
29 36 59 61 71 72
29 36 46 59 61
29 30 59 61 63 73
29 30 59 61 63 71 72
29 30 59 60 63 73
29 30 59 60 63 71 72
29 30 46 59 61 63
29 30 46 59 60 63
29 30 34 59 63 73
29 30 34 59 63 71 72
29 30 34 46 59 63
28 29 42 48 59 61 73
28 29 42 48 59 61 71 72
28 29 42 48 59 60 61 73
28 29 42 48 59 60 61 71 72
28 29 42 46 48 59 61
28 29 42 46 48 59 60 61
28 29 42 46 47 59 61
28 29 42 46 47 59 61 73
28 29 42 46 47 59 61 71 72
28 29 42 46 47 59 60 61
28 29 42 46 47 59 60 61 73
28 29 42 46 47 59 60 61 71 72
28 29 40 41 48 59 61 73
28 29 40 41 48 59 61 71 72
28 29 40 41 48 59 60 61 73
28 29 40 41 48 59 60 61 71 72
28 29 40 41 46 48 59 61
28 29 40 41 46 48 59 60 61
28 29 40 41 46 47 59 61
28 29 40 41 46 47 59 61 73
28 29 40 41 46 47 59 61 71 72
28 29 40 41 46 47 59 60 61
28 29 40 41 46 47 59 60 61 73
28 29 40 41 46 47 59 60 61 71 72
28 29 34 42 48 59 61 73
28 29 34 42 48 59 61 71 72
28 29 34 42 46 48 59 61
28 29 34 42 46 47 59 61
28 29 34 42 46 47 59 61 73
28 29 34 42 46 47 59 61 71 72
28 29 34 40 41 48 59 61 73
28 29 34 40 41 48 59 61 71 72
28 29 34 40 41 46 48 59 61
28 29 34 40 41 46 47 59 61
28 29 34 40 41 46 47 59 61 73
28 29 34 40 41 46 47 59 61 71 72
27 28 59 61 63 73
27 28 59 61 63 71 72
27 28 59 61 62 73
27 28 59 61 62 71 72
27 28 46 59 61 63
27 28 46 59 61 62
27 28 36 59 61 73
27 28 36 59 61 71 72
27 28 36 46 59 61
23 42 59 61 63 73
23 42 59 61 63 71 72
23 42 59 61 62 73
23 42 59 61 62 71 72
23 42 46 59 61 63
23 42 46 59 61 62
23 40 41 59 61 63 73
23 40 41 59 61 63 71 72
23 40 41 59 61 62 73
23 40 41 59 61 62 71 72
23 40 41 46 59 61 63
23 40 41 46 59 61 62
23 36 42 59 61 73
23 36 42 59 61 71 72
23 36 42 46 59 61
23 36 40 41 59 61 73
23 36 40 41 59 61 71 72
23 36 40 41 46 59 61
22 42 59 61 63 73
22 42 59 61 63 71 72
22 42 59 61 62 73
22 42 59 61 62 71 72
22 42 46 59 61 63
22 42 46 59 61 62
22 40 41 59 61 63 73
22 40 41 59 61 63 71 72
22 40 41 59 61 62 73
22 40 41 59 61 62 71 72
22 40 41 46 59 61 63
22 40 41 46 59 61 62
22 36 42 59 61 73
22 36 42 59 61 71 72
22 36 42 46 59 61
22 36 40 41 59 61 73
22 36 40 41 59 61 71 72
22 36 40 41 46 59 61
21 59 73 78
21 59 73 76 77
21 59 71 72 78
21 59 71 72 76 77
21 57 59 61 63 73
21 57 59 61 63 71 72
21 57 59 61 63 65 73
21 57 59 61 63 65 71 72
21 57 59 61 62 73
21 57 59 61 62 71 72
21 57 59 61 62 65 73
21 57 59 61 62 65 71 72
21 51 59 73
21 51 59 71 72
21 46 59 78
21 46 59 76 77
21 46 57 59 61 63
21 46 57 59 61 63 65
21 46 57 59 61 62
21 46 57 59 61 62 65
21 46 51 59
21 44 59 61 73
21 44 59 61 71 72
21 44 59 60 73
21 44 59 60 71 72
21 44 46 59 61
21 44 46 59 60
21 42 59 61 62 73
21 42 59 61 62 71 72
21 42 59 61 62 63 73
21 42 59 61 62 63 71 72
21 42 59 60 61 73
21 42 59 60 61 71 72
21 42 59 60 61 63 73
21 42 59 60 61 63 71 72
21 42 59 60 61 62 73
21 42 59 60 61 62 71 72
21 42 58 59 61 63 73
21 42 58 59 61 63 71 72
21 42 58 59 61 62 73
21 42 58 59 61 62 71 72
21 42 58 59 60 61 63 73
21 42 58 59 60 61 63 71 72
21 42 58 59 60 61 62 73
21 42 58 59 60 61 62 71 72
21 42 57 59 61 73
21 42 57 59 61 71 72
21 42 57 59 60 61 73
21 42 57 59 60 61 71 72
21 42 47 59 61 63 73
21 42 47 59 61 63 71 72
21 42 47 59 61 62 73
21 42 47 59 61 62 71 72
21 42 46 59 61 62
21 42 46 59 61 62 63
21 42 46 59 60 61
21 42 46 59 60 61 63
21 42 46 59 60 61 62
21 42 46 58 59 61 63
21 42 46 58 59 61 62
21 42 46 58 59 60 61 63
21 42 46 58 59 60 61 62
21 42 46 57 59 61
21 42 46 57 59 60 61
21 42 46 47 59 61 63
21 42 46 47 59 61 62
21 42 45 46 59 61 63
21 42 45 46 59 61 63 73
21 42 45 46 59 61 63 71 72
21 42 45 46 59 61 62
21 42 45 46 59 61 62 73
21 42 45 46 59 61 62 71 72
21 42 43 59 61 73
21 42 43 59 61 71 72
21 42 43 59 60 73
21 42 43 59 60 71 72
21 42 43 46 59 61
21 42 43 46 59 60
21 40 41 59 61 62 73
21 40 41 59 61 62 71 72
21 40 41 59 61 62 63 73
21 40 41 59 61 62 63 71 72
21 40 41 59 60 61 73
21 40 41 59 60 61 71 72
21 40 41 59 60 61 63 73
21 40 41 59 60 61 63 71 72
21 40 41 59 60 61 62 73
21 40 41 59 60 61 62 71 72
21 40 41 58 59 61 63 73
21 40 41 58 59 61 63 71 72
21 40 41 58 59 61 62 73
21 40 41 58 59 61 62 71 72
21 40 41 58 59 60 61 63 73
21 40 41 58 59 60 61 63 71 72
21 40 41 58 59 60 61 62 73
21 40 41 58 59 60 61 62 71 72
21 40 41 57 59 61 73
21 40 41 57 59 61 71 72
21 40 41 57 59 60 61 73
21 40 41 57 59 60 61 71 72
21 40 41 47 59 61 63 73
21 40 41 47 59 61 63 71 72
21 40 41 47 59 61 62 73
21 40 41 47 59 61 62 71 72
21 40 41 46 59 61 62
21 40 41 46 59 61 62 63
21 40 41 46 59 60 61
21 40 41 46 59 60 61 63
21 40 41 46 59 60 61 62
21 40 41 46 58 59 61 63
21 40 41 46 58 59 61 62
21 40 41 46 58 59 60 61 63
21 40 41 46 58 59 60 61 62
21 40 41 46 57 59 61
21 40 41 46 57 59 60 61
21 40 41 46 47 59 61 63
21 40 41 46 47 59 61 62
21 40 41 45 46 59 61 63
21 40 41 45 46 59 61 63 73
21 40 41 45 46 59 61 63 71 72
21 40 41 45 46 59 61 62
21 40 41 45 46 59 61 62 73
21 40 41 45 46 59 61 62 71 72
21 36 57 59 61 73
21 36 57 59 61 71 72
21 36 57 59 61 65 73
21 36 57 59 61 65 71 72
21 36 46 57 59 61
21 36 46 57 59 61 65
21 36 42 59 61 62 73
21 36 42 59 61 62 71 72
21 36 42 59 60 61 73
21 36 42 59 60 61 71 72
21 36 42 58 59 61 73
21 36 42 58 59 61 71 72
21 36 42 58 59 60 61 73
21 36 42 58 59 60 61 71 72
21 36 42 47 59 61 73
21 36 42 47 59 61 71 72
21 36 42 46 59 61 62
21 36 42 46 59 60 61
21 36 42 46 58 59 61
21 36 42 46 58 59 60 61
21 36 42 46 47 59 61
21 36 42 45 46 59 61
21 36 42 45 46 59 61 73
21 36 42 45 46 59 61 71 72
21 36 40 41 59 61 62 73
21 36 40 41 59 61 62 71 72
21 36 40 41 59 60 61 73
21 36 40 41 59 60 61 71 72
21 36 40 41 58 59 61 73
21 36 40 41 58 59 61 71 72
21 36 40 41 58 59 60 61 73
21 36 40 41 58 59 60 61 71 72
21 36 40 41 47 59 61 73
21 36 40 41 47 59 61 71 72
21 36 40 41 46 59 61 62
21 36 40 41 46 59 60 61
21 36 40 41 46 58 59 61
21 36 40 41 46 58 59 60 61
21 36 40 41 46 47 59 61
21 36 40 41 45 46 59 61
21 36 40 41 45 46 59 61 73
21 36 40 41 45 46 59 61 71 72
21 35 42 59 61 63 73
21 35 42 59 61 63 71 72
21 35 42 59 61 62 73
21 35 42 59 61 62 71 72
21 35 42 46 59 61 63
21 35 42 46 59 61 62
21 35 40 41 59 61 63 73
21 35 40 41 59 61 63 71 72
21 35 40 41 59 61 62 73
21 35 40 41 59 61 62 71 72
21 35 40 41 46 59 61 63
21 35 40 41 46 59 61 62
21 35 36 42 59 61 73
21 35 36 42 59 61 71 72
21 35 36 42 46 59 61
21 35 36 40 41 59 61 73
21 35 36 40 41 59 61 71 72
21 35 36 40 41 46 59 61
21 34 44 59 73
21 34 44 59 71 72
21 34 44 46 59
21 34 42 59 61 73
21 34 42 59 61 71 72
21 34 42 59 60 61 63 73
21 34 42 59 60 61 63 71 72
21 34 42 59 60 61 62 73
21 34 42 59 60 61 62 71 72
21 34 42 58 59 61 63 73
21 34 42 58 59 61 63 71 72
21 34 42 58 59 61 62 73
21 34 42 58 59 61 62 71 72
21 34 42 57 59 61 73
21 34 42 57 59 61 71 72
21 34 42 46 59 61
21 34 42 46 59 60 61 63
21 34 42 46 59 60 61 62
21 34 42 46 58 59 61 63
21 34 42 46 58 59 61 62
21 34 42 46 57 59 61
21 34 42 43 59 73
21 34 42 43 59 71 72
21 34 42 43 46 59
21 34 40 41 59 61 73
21 34 40 41 59 61 71 72
21 34 40 41 59 60 61 63 73
21 34 40 41 59 60 61 63 71 72
21 34 40 41 59 60 61 62 73
21 34 40 41 59 60 61 62 71 72
21 34 40 41 58 59 61 63 73
21 34 40 41 58 59 61 63 71 72
21 34 40 41 58 59 61 62 73
21 34 40 41 58 59 61 62 71 72
21 34 40 41 57 59 61 73
21 34 40 41 57 59 61 71 72
21 34 40 41 46 59 61
21 34 40 41 46 59 60 61 63
21 34 40 41 46 59 60 61 62
21 34 40 41 46 58 59 61 63
21 34 40 41 46 58 59 61 62
21 34 40 41 46 57 59 61
21 34 36 42 59 60 61 73
21 34 36 42 59 60 61 71 72
21 34 36 42 58 59 61 73
21 34 36 42 58 59 61 71 72
21 34 36 42 46 59 60 61
21 34 36 42 46 58 59 61
21 34 36 40 41 59 60 61 73
21 34 36 40 41 59 60 61 71 72
21 34 36 40 41 58 59 61 73
21 34 36 40 41 58 59 61 71 72
21 34 36 40 41 46 59 60 61
21 34 36 40 41 46 58 59 61
21 33 42 59 61 63 73
21 33 42 59 61 63 71 72
21 33 42 59 61 62 73
21 33 42 59 61 62 71 72
21 33 42 59 60 61 63 73
21 33 42 59 60 61 63 71 72
21 33 42 59 60 61 62 73
21 33 42 59 60 61 62 71 72
21 33 42 46 59 61 63
21 33 42 46 59 61 62
21 33 42 46 59 60 61 63
21 33 42 46 59 60 61 62
21 33 40 41 59 61 63 73
21 33 40 41 59 61 63 71 72
21 33 40 41 59 61 62 73
21 33 40 41 59 61 62 71 72
21 33 40 41 59 60 61 63 73
21 33 40 41 59 60 61 63 71 72
21 33 40 41 59 60 61 62 73
21 33 40 41 59 60 61 62 71 72
21 33 40 41 46 59 61 63
21 33 40 41 46 59 61 62
21 33 40 41 46 59 60 61 63
21 33 40 41 46 59 60 61 62
21 33 36 42 59 61 73
21 33 36 42 59 61 71 72
21 33 36 42 59 60 61 73
21 33 36 42 59 60 61 71 72
21 33 36 42 46 59 61
21 33 36 42 46 59 60 61
21 33 36 40 41 59 61 73
21 33 36 40 41 59 61 71 72
21 33 36 40 41 59 60 61 73
21 33 36 40 41 59 60 61 71 72
21 33 36 40 41 46 59 61
21 33 36 40 41 46 59 60 61
21 33 34 42 59 61 63 73
21 33 34 42 59 61 63 71 72
21 33 34 42 59 61 62 73
21 33 34 42 59 61 62 71 72
21 33 34 42 46 59 61 63
21 33 34 42 46 59 61 62
21 33 34 40 41 59 61 63 73
21 33 34 40 41 59 61 63 71 72
21 33 34 40 41 59 61 62 73
21 33 34 40 41 59 61 62 71 72
21 33 34 40 41 46 59 61 63
21 33 34 40 41 46 59 61 62
21 33 34 36 42 59 61 73
21 33 34 36 42 59 61 71 72
21 33 34 36 42 46 59 61
21 33 34 36 40 41 59 61 73
21 33 34 36 40 41 59 61 71 72
21 33 34 36 40 41 46 59 61
21 30 42 59 61 73
21 30 42 59 61 71 72
21 30 42 59 60 61 73
21 30 42 59 60 61 71 72
21 30 42 46 59 61
21 30 42 46 59 60 61
21 30 40 41 59 61 73
21 30 40 41 59 61 71 72
21 30 40 41 59 60 61 73
21 30 40 41 59 60 61 71 72
21 30 40 41 46 59 61
21 30 40 41 46 59 60 61
21 30 34 42 59 61 73
21 30 34 42 59 61 71 72
21 30 34 42 46 59 61
21 30 34 40 41 59 61 73
21 30 34 40 41 59 61 71 72
21 30 34 40 41 46 59 61
21 28 29 42 59 61 73
21 28 29 42 59 61 71 72
21 28 29 42 59 60 61 73
21 28 29 42 59 60 61 71 72
21 28 29 42 46 59 61
21 28 29 42 46 59 60 61
21 28 29 40 41 59 61 73
21 28 29 40 41 59 61 71 72
21 28 29 40 41 59 60 61 73
21 28 29 40 41 59 60 61 71 72
21 28 29 40 41 46 59 61
21 28 29 40 41 46 59 60 61
21 28 29 34 42 59 61 73
21 28 29 34 42 59 61 71 72
21 28 29 34 42 46 59 61
21 28 29 34 40 41 59 61 73
21 28 29 34 40 41 59 61 71 72
21 28 29 34 40 41 46 59 61
20 42 59 61 63 73
20 42 59 61 63 71 72
20 42 59 61 62 73
20 42 59 61 62 71 72
20 42 48 59 61 63 73
20 42 48 59 61 63 71 72
20 42 48 59 61 62 73
20 42 48 59 61 62 71 72
20 42 46 59 61 63
20 42 46 59 61 62
20 42 46 48 59 61 63
20 42 46 48 59 61 62
20 42 46 47 59 61 63
20 42 46 47 59 61 63 73
20 42 46 47 59 61 63 71 72
20 42 46 47 59 61 62
20 42 46 47 59 61 62 73
20 42 46 47 59 61 62 71 72
20 40 41 59 61 63 73
20 40 41 59 61 63 71 72
20 40 41 59 61 62 73
20 40 41 59 61 62 71 72
20 40 41 48 59 61 63 73
20 40 41 48 59 61 63 71 72
20 40 41 48 59 61 62 73
20 40 41 48 59 61 62 71 72
20 40 41 46 59 61 63
20 40 41 46 59 61 62
20 40 41 46 48 59 61 63
20 40 41 46 48 59 61 62
20 40 41 46 47 59 61 63
20 40 41 46 47 59 61 63 73
20 40 41 46 47 59 61 63 71 72
20 40 41 46 47 59 61 62
20 40 41 46 47 59 61 62 73
20 40 41 46 47 59 61 62 71 72
20 36 42 59 61 73
20 36 42 59 61 71 72
20 36 42 48 59 61 73
20 36 42 48 59 61 71 72
20 36 42 46 59 61
20 36 42 46 48 59 61
20 36 42 46 47 59 61
20 36 42 46 47 59 61 73
20 36 42 46 47 59 61 71 72
20 36 40 41 59 61 73
20 36 40 41 59 61 71 72
20 36 40 41 48 59 61 73
20 36 40 41 48 59 61 71 72
20 36 40 41 46 59 61
20 36 40 41 46 48 59 61
20 36 40 41 46 47 59 61
20 36 40 41 46 47 59 61 73
20 36 40 41 46 47 59 61 71 72
20 21 42 59 61 63 73
20 21 42 59 61 63 71 72
20 21 42 59 61 62 73
20 21 42 59 61 62 71 72
20 21 42 46 59 61 63
20 21 42 46 59 61 62
20 21 40 41 59 61 63 73
20 21 40 41 59 61 63 71 72
20 21 40 41 59 61 62 73
20 21 40 41 59 61 62 71 72
20 21 40 41 46 59 61 63
20 21 40 41 46 59 61 62
20 21 36 42 59 61 73
20 21 36 42 59 61 71 72
20 21 36 42 46 59 61
20 21 36 40 41 59 61 73
20 21 36 40 41 59 61 71 72
20 21 36 40 41 46 59 61
18 59 61 73
18 59 61 71 72
18 59 60 61 73
18 59 60 61 71 72
18 46 59 61
18 46 59 60 61
18 34 59 61 73
18 34 59 61 71 72
18 34 46 59 61
17 59 61 65 73 78
17 59 61 65 73 76 77
17 59 61 65 71 72 78
17 59 61 65 71 72 76 77
17 59 61 63 73
17 59 61 63 71 72
17 59 61 63 64 73 78
17 59 61 63 64 73 76 77
17 59 61 63 64 71 72 78
17 59 61 63 64 71 72 76 77
17 59 61 62 73
17 59 61 62 71 72
17 59 60 73
17 59 60 71 72
17 59 60 61 73
17 59 60 61 71 72
17 59 60 61 65 73 78
17 59 60 61 65 73 76 77
17 59 60 61 65 71 72 78
17 59 60 61 65 71 72 76 77
17 59 60 61 63 64 73 78
17 59 60 61 63 64 73 76 77
17 59 60 61 63 64 71 72 78
17 59 60 61 63 64 71 72 76 77
17 57 59 61 73
17 57 59 61 73 78
17 57 59 61 73 76 77
17 57 59 61 71 72
17 57 59 61 71 72 78
17 57 59 61 71 72 76 77
17 57 59 60 73 78
17 57 59 60 73 76 77
17 57 59 60 71 72 78
17 57 59 60 71 72 76 77
17 57 59 60 61 73
17 57 59 60 61 73 78
17 57 59 60 61 73 76 77
17 57 59 60 61 71 72
17 57 59 60 61 71 72 78
17 57 59 60 61 71 72 76 77
17 57 58 59 73 78
17 57 58 59 73 76 77
17 57 58 59 71 72 78
17 57 58 59 71 72 76 77
17 51 59 61 65 73
17 51 59 61 65 71 72
17 51 59 61 63 64 73
17 51 59 61 63 64 71 72
17 51 59 60 61 65 73
17 51 59 60 61 65 71 72
17 51 59 60 61 63 64 73
17 51 59 60 61 63 64 71 72
17 51 57 59 61 73
17 51 57 59 61 71 72
17 51 57 59 60 73
17 51 57 59 60 71 72
17 51 57 59 60 61 73
17 51 57 59 60 61 71 72
17 51 57 58 59 73
17 51 57 58 59 71 72
17 48 59 61 73
17 48 59 61 71 72
17 48 59 60 73
17 48 59 60 71 72
17 46 59 61 65 78
17 46 59 61 65 76 77
17 46 59 61 63
17 46 59 61 63 64 78
17 46 59 61 63 64 76 77
17 46 59 61 62
17 46 59 60
17 46 59 60 61
17 46 59 60 61 65 78
17 46 59 60 61 65 76 77
17 46 59 60 61 63 64 78
17 46 59 60 61 63 64 76 77
17 46 57 59 61
17 46 57 59 61 78
17 46 57 59 61 76 77
17 46 57 59 60 78
17 46 57 59 60 76 77
17 46 57 59 60 61
17 46 57 59 60 61 78
17 46 57 59 60 61 76 77
17 46 57 58 59 78
17 46 57 58 59 76 77
17 46 51 59 61 65
17 46 51 59 61 63 64
17 46 51 59 60 61 65
17 46 51 59 60 61 63 64
17 46 51 57 59 61
17 46 51 57 59 60
17 46 51 57 59 60 61
17 46 51 57 58 59
17 46 48 59 61
17 46 48 59 60
17 46 47 59 61
17 46 47 59 61 73
17 46 47 59 61 71 72
17 46 47 59 60
17 46 47 59 60 73
17 46 47 59 60 71 72
17 42 59 61 73
17 42 59 61 71 72
17 42 57 59 61 73 78
17 42 57 59 61 73 76 77
17 42 57 59 61 71 72 78
17 42 57 59 61 71 72 76 77
17 42 57 59 60 61 73 78
17 42 57 59 60 61 73 76 77
17 42 57 59 60 61 71 72 78
17 42 57 59 60 61 71 72 76 77
17 42 51 57 59 61 73
17 42 51 57 59 61 71 72
17 42 51 57 59 60 61 73
17 42 51 57 59 60 61 71 72
17 42 46 59 61
17 42 46 57 59 61 78
17 42 46 57 59 61 76 77
17 42 46 57 59 60 61 78
17 42 46 57 59 60 61 76 77
17 42 46 51 57 59 61
17 42 46 51 57 59 60 61
17 40 41 59 61 73
17 40 41 59 61 71 72
17 40 41 57 59 61 73 78
17 40 41 57 59 61 73 76 77
17 40 41 57 59 61 71 72 78
17 40 41 57 59 61 71 72 76 77
17 40 41 57 59 60 61 73 78
17 40 41 57 59 60 61 73 76 77
17 40 41 57 59 60 61 71 72 78
17 40 41 57 59 60 61 71 72 76 77
17 40 41 51 57 59 61 73
17 40 41 51 57 59 61 71 72
17 40 41 51 57 59 60 61 73
17 40 41 51 57 59 60 61 71 72
17 40 41 46 59 61
17 40 41 46 57 59 61 78
17 40 41 46 57 59 61 76 77
17 40 41 46 57 59 60 61 78
17 40 41 46 57 59 60 61 76 77
17 40 41 46 51 57 59 61
17 40 41 46 51 57 59 60 61
17 38 59 61 73 78
17 38 59 61 73 76 77
17 38 59 61 71 72 78
17 38 59 61 71 72 76 77
17 38 59 60 61 73 78
17 38 59 60 61 73 76 77
17 38 59 60 61 71 72 78
17 38 59 60 61 71 72 76 77
17 38 51 59 61 73
17 38 51 59 61 71 72
17 38 51 59 60 61 73
17 38 51 59 60 61 71 72
17 38 46 59 61 78
17 38 46 59 61 76 77
17 38 46 59 60 61 78
17 38 46 59 60 61 76 77
17 38 46 51 59 61
17 38 46 51 59 60 61
17 36 59 61 73
17 36 59 61 71 72
17 36 46 59 61
17 34 59 73
17 34 59 71 72
17 34 59 61 73
17 34 59 61 71 72
17 34 59 61 65 73 78
17 34 59 61 65 73 76 77
17 34 59 61 65 71 72 78
17 34 59 61 65 71 72 76 77
17 34 59 61 63 64 73 78
17 34 59 61 63 64 73 76 77
17 34 59 61 63 64 71 72 78
17 34 59 61 63 64 71 72 76 77
17 34 57 59 61 73
17 34 57 59 61 73 78
17 34 57 59 61 73 76 77
17 34 57 59 61 71 72
17 34 57 59 61 71 72 78
17 34 57 59 61 71 72 76 77
17 34 51 59 61 65 73
17 34 51 59 61 65 71 72
17 34 51 59 61 63 64 73
17 34 51 59 61 63 64 71 72
17 34 51 57 59 61 73
17 34 51 57 59 61 71 72
17 34 48 59 73
17 34 48 59 71 72
17 34 46 59
17 34 46 59 61
17 34 46 59 61 65 78
17 34 46 59 61 65 76 77
17 34 46 59 61 63 64 78
17 34 46 59 61 63 64 76 77
17 34 46 57 59 61
17 34 46 57 59 61 78
17 34 46 57 59 61 76 77
17 34 46 51 59 61 65
17 34 46 51 59 61 63 64
17 34 46 51 57 59 61
17 34 46 48 59
17 34 46 47 59
17 34 46 47 59 73
17 34 46 47 59 71 72
17 34 42 57 59 61 73 78
17 34 42 57 59 61 73 76 77
17 34 42 57 59 61 71 72 78
17 34 42 57 59 61 71 72 76 77
17 34 42 51 57 59 61 73
17 34 42 51 57 59 61 71 72
17 34 42 46 57 59 61 78
17 34 42 46 57 59 61 76 77
17 34 42 46 51 57 59 61
17 34 40 41 57 59 61 73 78
17 34 40 41 57 59 61 73 76 77
17 34 40 41 57 59 61 71 72 78
17 34 40 41 57 59 61 71 72 76 77
17 34 40 41 51 57 59 61 73
17 34 40 41 51 57 59 61 71 72
17 34 40 41 46 57 59 61 78
17 34 40 41 46 57 59 61 76 77
17 34 40 41 46 51 57 59 61
17 34 38 59 61 73 78
17 34 38 59 61 73 76 77
17 34 38 59 61 71 72 78
17 34 38 59 61 71 72 76 77
17 34 38 51 59 61 73
17 34 38 51 59 61 71 72
17 34 38 46 59 61 78
17 34 38 46 59 61 76 77
17 34 38 46 51 59 61
17 33 57 59 73 78
17 33 57 59 73 76 77
17 33 57 59 71 72 78
17 33 57 59 71 72 76 77
17 33 51 57 59 73
17 33 51 57 59 71 72
17 33 46 57 59 78
17 33 46 57 59 76 77
17 33 46 51 57 59
17 21 59 61 73
17 21 59 61 71 72
17 21 59 60 73
17 21 59 60 71 72
17 21 46 59 61
17 21 46 59 60
17 21 34 59 73
17 21 34 59 71 72
17 21 34 46 59
16 17 59 61 73
16 17 59 61 71 72
16 17 59 60 61 73
16 17 59 60 61 71 72
16 17 46 59 61
16 17 46 59 60 61
16 17 34 59 61 73
16 17 34 59 61 71 72
16 17 34 46 59 61
15 61 73
15 61 71 72
15 59 73 75
15 59 73 74
15 59 71 72 75
15 59 71 72 73 74
15 59 63 73
15 59 63 71 72
15 59 61 75
15 59 61 73
15 59 61 72 73
15 59 61 71 72
15 59 61 71 72 74
15 59 61 71 72 73
15 59 61 65 73
15 59 61 65 71 72
15 59 61 63 75
15 59 61 63 73
15 59 61 63 73 78
15 59 61 63 73 76 77
15 59 61 63 72 73
15 59 61 63 71 72
15 59 61 63 71 72 78
15 59 61 63 71 72 76 77
15 59 61 63 71 72 74
15 59 61 63 71 72 73
15 59 61 63 65 73
15 59 61 63 65 71 72
15 59 61 63 64 73
15 59 61 63 64 71 72
15 59 61 62 75
15 59 61 62 73
15 59 61 62 73 78
15 59 61 62 73 76 77
15 59 61 62 72 73
15 59 61 62 71 72
15 59 61 62 71 72 78
15 59 61 62 71 72 76 77
15 59 61 62 71 72 74
15 59 61 62 71 72 73
15 59 61 62 65 73
15 59 61 62 65 71 72
15 59 61 62 64 73
15 59 61 62 64 71 72
15 59 61 62 63 73
15 59 61 62 63 71 72
15 59 61 62 63 64 73
15 59 61 62 63 64 71 72
15 59 60 61
15 59 60 61 73
15 59 60 61 71 72
15 59 60 61 63
15 59 60 61 63 73
15 59 60 61 63 71 72
15 59 60 61 62
15 59 60 61 62 73
15 59 60 61 62 71 72
15 58 59 61
15 58 59 61 63
15 58 59 61 63 73
15 58 59 61 63 71 72
15 58 59 61 62
15 58 59 61 62 73
15 58 59 61 62 71 72
15 58 59 60 61 63 73
15 58 59 60 61 63 71 72
15 58 59 60 61 62 73
15 58 59 60 61 62 71 72
15 57 59 73
15 57 59 71 72
15 57 59 61 73
15 57 59 61 73 78
15 57 59 61 73 76 77
15 57 59 61 71 72
15 57 59 61 71 72 78
15 57 59 61 71 72 76 77
15 57 59 61 63 73
15 57 59 61 63 71 72
15 57 59 61 62 73
15 57 59 61 62 71 72
15 57 59 60 73 78
15 57 59 60 73 76 77
15 57 59 60 71 72 78
15 57 59 60 71 72 76 77
15 55 59 61 63 73
15 55 59 61 63 71 72
15 55 59 61 62 73
15 55 59 61 62 71 72
15 51 59 61 63 73
15 51 59 61 63 71 72
15 51 59 61 62 73
15 51 59 61 62 71 72
15 51 57 59 61 73
15 51 57 59 61 71 72
15 51 57 59 60 73
15 51 57 59 60 71 72
15 50 59 61 63 73
15 50 59 61 63 71 72
15 50 59 61 62 73
15 50 59 61 62 71 72
15 49 59 61 63 73
15 49 59 61 63 71 72
15 49 59 61 62 73
15 49 59 61 62 71 72
15 48 59 73
15 48 59 71 72
15 48 59 61
15 48 59 61 63
15 48 59 61 62
15 48 59 61 62 73
15 48 59 61 62 71 72
15 48 59 61 62 63 73
15 48 59 61 62 63 71 72
15 48 59 60 61 73
15 48 59 60 61 71 72
15 48 59 60 61 63 73
15 48 59 60 61 63 71 72
15 48 59 60 61 62 73
15 48 59 60 61 62 71 72
15 48 58 59 61 63 73
15 48 58 59 61 63 71 72
15 48 58 59 61 62 73
15 48 58 59 61 62 71 72
15 48 58 59 60 61 63 73
15 48 58 59 60 61 63 71 72
15 48 58 59 60 61 62 73
15 48 58 59 60 61 62 71 72
15 48 57 59 61 73
15 48 57 59 61 71 72
15 48 57 59 60 61 73
15 48 57 59 60 61 71 72
15 48 49 59 61 63 73
15 48 49 59 61 63 71 72
15 48 49 59 61 62 73
15 48 49 59 61 62 71 72
15 47 59 61 73
15 47 59 61 71 72
15 46 61
15 46 59 75
15 46 59 73 74
15 46 59 63
15 46 59 61
15 46 59 61 74
15 46 59 61 72 73
15 46 59 61 65
15 46 59 61 63
15 46 59 61 63 78
15 46 59 61 63 76 77
15 46 59 61 63 74
15 46 59 61 63 72 73
15 46 59 61 63 65
15 46 59 61 63 64
15 46 59 61 62
15 46 59 61 62 78
15 46 59 61 62 76 77
15 46 59 61 62 74
15 46 59 61 62 72 73
15 46 59 61 62 65
15 46 59 61 62 64
15 46 59 61 62 63
15 46 59 61 62 63 64
15 46 59 60 61
15 46 59 60 61 63
15 46 59 60 61 62
15 46 58 59 61 63
15 46 58 59 61 62
15 46 58 59 60 61 63
15 46 58 59 60 61 62
15 46 57 59
15 46 57 59 61
15 46 57 59 61 78
15 46 57 59 61 76 77
15 46 57 59 61 63
15 46 57 59 61 62
15 46 57 59 60 78
15 46 57 59 60 76 77
15 46 55 59 61 63
15 46 55 59 61 62
15 46 51 59 61 63
15 46 51 59 61 62
15 46 51 57 59 61
15 46 51 57 59 60
15 46 50 59 61 63
15 46 50 59 61 62
15 46 49 59 61 63
15 46 49 59 61 62
15 46 48 59
15 46 48 59 61 62
15 46 48 59 61 62 63
15 46 48 59 60 61
15 46 48 59 60 61 63
15 46 48 59 60 61 62
15 46 48 58 59 61 63
15 46 48 58 59 61 62
15 46 48 58 59 60 61 63
15 46 48 58 59 60 61 62
15 46 48 57 59 61
15 46 48 57 59 60 61
15 46 48 49 59 61 63
15 46 48 49 59 61 62
15 46 47 59 61
15 46 47 59 61 63
15 46 47 59 61 63 73
15 46 47 59 61 63 71 72
15 46 47 59 61 62 63
15 46 47 59 61 62 63 73
15 46 47 59 61 62 63 71 72
15 46 47 59 60 61
15 46 47 59 60 61 73
15 46 47 59 60 61 71 72
15 46 47 59 60 61 63
15 46 47 59 60 61 63 73
15 46 47 59 60 61 63 71 72
15 46 47 59 60 61 62
15 46 47 59 60 61 62 73
15 46 47 59 60 61 62 71 72
15 46 47 58 59 61 63
15 46 47 58 59 61 63 73
15 46 47 58 59 61 63 71 72
15 46 47 58 59 61 62
15 46 47 58 59 61 62 73
15 46 47 58 59 61 62 71 72
15 46 47 58 59 60 61 63
15 46 47 58 59 60 61 63 73
15 46 47 58 59 60 61 63 71 72
15 46 47 58 59 60 61 62
15 46 47 58 59 60 61 62 73
15 46 47 58 59 60 61 62 71 72
15 46 47 57 59 61
15 46 47 57 59 61 73
15 46 47 57 59 61 71 72
15 46 47 57 59 60 61
15 46 47 57 59 60 61 73
15 46 47 57 59 60 61 71 72
15 45 46 59 61 63
15 45 46 59 61 63 73
15 45 46 59 61 63 71 72
15 45 46 59 61 62
15 45 46 59 61 62 73
15 45 46 59 61 62 71 72
15 45 46 48 59 61 63
15 45 46 48 59 61 63 73
15 45 46 48 59 61 63 71 72
15 45 46 48 59 61 62
15 45 46 48 59 61 62 73
15 45 46 48 59 61 62 71 72
15 45 46 47 59 61 63
15 45 46 47 59 61 63 73
15 45 46 47 59 61 63 71 72
15 45 46 47 59 61 62
15 45 46 47 59 61 62 73
15 45 46 47 59 61 62 71 72
15 44 57 59 61 73 78
15 44 57 59 61 73 76 77
15 44 57 59 61 71 72 78
15 44 57 59 61 71 72 76 77
15 44 57 59 60 61 73 78
15 44 57 59 60 61 73 76 77
15 44 57 59 60 61 71 72 78
15 44 57 59 60 61 71 72 76 77
15 44 51 57 59 61 73
15 44 51 57 59 61 71 72
15 44 51 57 59 60 61 73
15 44 51 57 59 60 61 71 72
15 44 46 57 59 61 78
15 44 46 57 59 61 76 77
15 44 46 57 59 60 61 78
15 44 46 57 59 60 61 76 77
15 44 46 51 57 59 61
15 44 46 51 57 59 60 61
15 43 59 61 63 73
15 43 59 61 63 71 72
15 43 59 61 62 73
15 43 59 61 62 71 72
15 43 46 59 61 63
15 43 46 59 61 62
15 42 43 57 59 61 73 78
15 42 43 57 59 61 73 76 77
15 42 43 57 59 61 71 72 78
15 42 43 57 59 61 71 72 76 77
15 42 43 57 59 60 61 73 78
15 42 43 57 59 60 61 73 76 77
15 42 43 57 59 60 61 71 72 78
15 42 43 57 59 60 61 71 72 76 77
15 42 43 51 57 59 61 73
15 42 43 51 57 59 61 71 72
15 42 43 51 57 59 60 61 73
15 42 43 51 57 59 60 61 71 72
15 42 43 46 57 59 61 78
15 42 43 46 57 59 61 76 77
15 42 43 46 57 59 60 61 78
15 42 43 46 57 59 60 61 76 77
15 42 43 46 51 57 59 61
15 42 43 46 51 57 59 60 61
15 41 42 59 61 63 73
15 41 42 59 61 63 71 72
15 41 42 59 61 62 73
15 41 42 59 61 62 71 72
15 41 42 46 59 61 63
15 41 42 46 59 61 62
15 38 59 61 73
15 38 59 61 71 72
15 38 59 61 63 73
15 38 59 61 63 71 72
15 38 59 61 62 73
15 38 59 61 62 71 72
15 38 46 59 61
15 38 46 59 61 63
15 38 46 59 61 62
15 37 59 61 63 73
15 37 59 61 63 71 72
15 37 59 61 62 73
15 37 59 61 62 71 72
15 37 46 59 61 63
15 37 46 59 61 62
15 36 59 61 75
15 36 59 61 73
15 36 59 61 73 78
15 36 59 61 73 76 77
15 36 59 61 72 73
15 36 59 61 71 72
15 36 59 61 71 72 78
15 36 59 61 71 72 76 77
15 36 59 61 71 72 74
15 36 59 61 71 72 73
15 36 59 61 65 73
15 36 59 61 65 71 72
15 36 59 61 64 73
15 36 59 61 64 71 72
15 36 59 61 63 64 73
15 36 59 61 63 64 71 72
15 36 59 61 62 73
15 36 59 61 62 71 72
15 36 59 61 62 63 73
15 36 59 61 62 63 71 72
15 36 59 60 61
15 36 59 60 61 73
15 36 59 60 61 71 72
15 36 58 59 61
15 36 58 59 61 73
15 36 58 59 61 71 72
15 36 58 59 60 61 73
15 36 58 59 60 61 71 72
15 36 57 59 61 73
15 36 57 59 61 71 72
15 36 55 59 61 73
15 36 55 59 61 71 72
15 36 51 59 61 73
15 36 51 59 61 71 72
15 36 50 59 61 73
15 36 50 59 61 71 72
15 36 49 59 61 73
15 36 49 59 61 71 72
15 36 48 59 61
15 36 48 59 61 62 73
15 36 48 59 61 62 71 72
15 36 48 59 60 61 73
15 36 48 59 60 61 71 72
15 36 48 58 59 61 73
15 36 48 58 59 61 71 72
15 36 48 58 59 60 61 73
15 36 48 58 59 60 61 71 72
15 36 48 49 59 61 73
15 36 48 49 59 61 71 72
15 36 46 59 61
15 36 46 59 61 78
15 36 46 59 61 76 77
15 36 46 59 61 74
15 36 46 59 61 72 73
15 36 46 59 61 65
15 36 46 59 61 64
15 36 46 59 61 63 64
15 36 46 59 61 62
15 36 46 59 61 62 63
15 36 46 59 60 61
15 36 46 58 59 61
15 36 46 58 59 60 61
15 36 46 57 59 61
15 36 46 55 59 61
15 36 46 51 59 61
15 36 46 50 59 61
15 36 46 49 59 61
15 36 46 48 59 61 62
15 36 46 48 59 60 61
15 36 46 48 58 59 61
15 36 46 48 58 59 60 61
15 36 46 48 49 59 61
15 36 46 47 59 61
15 36 46 47 59 61 73
15 36 46 47 59 61 71 72
15 36 46 47 59 61 62
15 36 46 47 59 61 62 73
15 36 46 47 59 61 62 71 72
15 36 46 47 59 60 61
15 36 46 47 59 60 61 73
15 36 46 47 59 60 61 71 72
15 36 46 47 58 59 61
15 36 46 47 58 59 61 73
15 36 46 47 58 59 61 71 72
15 36 46 47 58 59 60 61
15 36 46 47 58 59 60 61 73
15 36 46 47 58 59 60 61 71 72
15 36 45 46 59 61
15 36 45 46 59 61 73
15 36 45 46 59 61 71 72
15 36 45 46 48 59 61
15 36 45 46 48 59 61 73
15 36 45 46 48 59 61 71 72
15 36 45 46 47 59 61
15 36 45 46 47 59 61 73
15 36 45 46 47 59 61 71 72
15 36 43 59 61 73
15 36 43 59 61 71 72
15 36 43 46 59 61
15 36 41 42 59 61 73
15 36 41 42 59 61 71 72
15 36 41 42 46 59 61
15 36 38 59 61 73
15 36 38 59 61 71 72
15 36 38 46 59 61
15 36 37 59 61 73
15 36 37 59 61 71 72
15 36 37 46 59 61
15 35 59 61 63 73
15 35 59 61 63 71 72
15 35 59 61 62 73
15 35 59 61 62 71 72
15 35 48 59 61 63 73
15 35 48 59 61 63 71 72
15 35 48 59 61 62 73
15 35 48 59 61 62 71 72
15 35 46 59 61 63
15 35 46 59 61 62
15 35 46 48 59 61 63
15 35 46 48 59 61 62
15 35 46 47 59 61 63
15 35 46 47 59 61 63 73
15 35 46 47 59 61 63 71 72
15 35 46 47 59 61 62
15 35 46 47 59 61 62 73
15 35 46 47 59 61 62 71 72
15 35 36 59 61 73
15 35 36 59 61 71 72
15 35 36 48 59 61 73
15 35 36 48 59 61 71 72
15 35 36 46 59 61
15 35 36 46 48 59 61
15 35 36 46 47 59 61
15 35 36 46 47 59 61 73
15 35 36 46 47 59 61 71 72
15 34 61 73
15 34 61 71 72
15 34 59 60 61 63 73
15 34 59 60 61 63 71 72
15 34 59 60 61 62 73
15 34 59 60 61 62 71 72
15 34 58 59 61 63 73
15 34 58 59 61 63 71 72
15 34 58 59 61 62 73
15 34 58 59 61 62 71 72
15 34 57 59 73 78
15 34 57 59 73 76 77
15 34 57 59 71 72 78
15 34 57 59 71 72 76 77
15 34 51 57 59 73
15 34 51 57 59 71 72
15 34 48 59 61 73
15 34 48 59 61 71 72
15 34 48 59 60 61 63 73
15 34 48 59 60 61 63 71 72
15 34 48 59 60 61 62 73
15 34 48 59 60 61 62 71 72
15 34 48 58 59 61 63 73
15 34 48 58 59 61 63 71 72
15 34 48 58 59 61 62 73
15 34 48 58 59 61 62 71 72
15 34 48 57 59 61 73
15 34 48 57 59 61 71 72
15 34 46 61
15 34 46 59 60 61 63
15 34 46 59 60 61 62
15 34 46 58 59 61 63
15 34 46 58 59 61 62
15 34 46 57 59 78
15 34 46 57 59 76 77
15 34 46 51 57 59
15 34 46 48 59 61
15 34 46 48 59 60 61 63
15 34 46 48 59 60 61 62
15 34 46 48 58 59 61 63
15 34 46 48 58 59 61 62
15 34 46 48 57 59 61
15 34 46 47 59 61
15 34 46 47 59 61 73
15 34 46 47 59 61 71 72
15 34 46 47 59 60 61 63
15 34 46 47 59 60 61 63 73
15 34 46 47 59 60 61 63 71 72
15 34 46 47 59 60 61 62
15 34 46 47 59 60 61 62 73
15 34 46 47 59 60 61 62 71 72
15 34 46 47 58 59 61 63
15 34 46 47 58 59 61 63 73
15 34 46 47 58 59 61 63 71 72
15 34 46 47 58 59 61 62
15 34 46 47 58 59 61 62 73
15 34 46 47 58 59 61 62 71 72
15 34 46 47 57 59 61
15 34 46 47 57 59 61 73
15 34 46 47 57 59 61 71 72
15 34 44 57 59 61 73 78
15 34 44 57 59 61 73 76 77
15 34 44 57 59 61 71 72 78
15 34 44 57 59 61 71 72 76 77
15 34 44 51 57 59 61 73
15 34 44 51 57 59 61 71 72
15 34 44 46 57 59 61 78
15 34 44 46 57 59 61 76 77
15 34 44 46 51 57 59 61
15 34 42 43 57 59 61 73 78
15 34 42 43 57 59 61 73 76 77
15 34 42 43 57 59 61 71 72 78
15 34 42 43 57 59 61 71 72 76 77
15 34 42 43 51 57 59 61 73
15 34 42 43 51 57 59 61 71 72
15 34 42 43 46 57 59 61 78
15 34 42 43 46 57 59 61 76 77
15 34 42 43 46 51 57 59 61
15 34 36 59 60 61 73
15 34 36 59 60 61 71 72
15 34 36 58 59 61 73
15 34 36 58 59 61 71 72
15 34 36 48 59 60 61 73
15 34 36 48 59 60 61 71 72
15 34 36 48 58 59 61 73
15 34 36 48 58 59 61 71 72
15 34 36 46 59 60 61
15 34 36 46 58 59 61
15 34 36 46 48 59 60 61
15 34 36 46 48 58 59 61
15 34 36 46 47 59 60 61
15 34 36 46 47 59 60 61 73
15 34 36 46 47 59 60 61 71 72
15 34 36 46 47 58 59 61
15 34 36 46 47 58 59 61 73
15 34 36 46 47 58 59 61 71 72
15 33 59 61
15 33 59 61 63
15 33 59 61 63 73
15 33 59 61 63 71 72
15 33 59 61 62
15 33 59 61 62 73
15 33 59 61 62 71 72
15 33 59 60 61 63 73
15 33 59 60 61 63 71 72
15 33 59 60 61 62 73
15 33 59 60 61 62 71 72
15 33 48 59 61 63 73
15 33 48 59 61 63 71 72
15 33 48 59 61 62 73
15 33 48 59 61 62 71 72
15 33 48 59 60 61 63 73
15 33 48 59 60 61 63 71 72
15 33 48 59 60 61 62 73
15 33 48 59 60 61 62 71 72
15 33 46 59 61 63
15 33 46 59 61 62
15 33 46 59 60 61 63
15 33 46 59 60 61 62
15 33 46 48 59 61 63
15 33 46 48 59 61 62
15 33 46 48 59 60 61 63
15 33 46 48 59 60 61 62
15 33 46 47 59 61 63
15 33 46 47 59 61 63 73
15 33 46 47 59 61 63 71 72
15 33 46 47 59 61 62
15 33 46 47 59 61 62 73
15 33 46 47 59 61 62 71 72
15 33 46 47 59 60 61 63
15 33 46 47 59 60 61 63 73
15 33 46 47 59 60 61 63 71 72
15 33 46 47 59 60 61 62
15 33 46 47 59 60 61 62 73
15 33 46 47 59 60 61 62 71 72
15 33 36 59 61
15 33 36 59 61 73
15 33 36 59 61 71 72
15 33 36 59 60 61 73
15 33 36 59 60 61 71 72
15 33 36 48 59 61 73
15 33 36 48 59 61 71 72
15 33 36 48 59 60 61 73
15 33 36 48 59 60 61 71 72
15 33 36 46 59 61
15 33 36 46 59 60 61
15 33 36 46 48 59 61
15 33 36 46 48 59 60 61
15 33 36 46 47 59 61
15 33 36 46 47 59 61 73
15 33 36 46 47 59 61 71 72
15 33 36 46 47 59 60 61
15 33 36 46 47 59 60 61 73
15 33 36 46 47 59 60 61 71 72
15 33 34 59 61 63 73
15 33 34 59 61 63 71 72
15 33 34 59 61 62 73
15 33 34 59 61 62 71 72
15 33 34 48 59 61 63 73
15 33 34 48 59 61 63 71 72
15 33 34 48 59 61 62 73
15 33 34 48 59 61 62 71 72
15 33 34 46 59 61 63
15 33 34 46 59 61 62
15 33 34 46 48 59 61 63
15 33 34 46 48 59 61 62
15 33 34 46 47 59 61 63
15 33 34 46 47 59 61 63 73
15 33 34 46 47 59 61 63 71 72
15 33 34 46 47 59 61 62
15 33 34 46 47 59 61 62 73
15 33 34 46 47 59 61 62 71 72
15 33 34 36 59 61 73
15 33 34 36 59 61 71 72
15 33 34 36 48 59 61 73
15 33 34 36 48 59 61 71 72
15 33 34 36 46 59 61
15 33 34 36 46 48 59 61
15 33 34 36 46 47 59 61
15 33 34 36 46 47 59 61 73
15 33 34 36 46 47 59 61 71 72
15 30 48 59 61 73
15 30 48 59 61 71 72
15 30 48 59 60 61 73
15 30 48 59 60 61 71 72
15 30 46 48 59 61
15 30 46 48 59 60 61
15 30 46 47 59 61
15 30 46 47 59 61 73
15 30 46 47 59 61 71 72
15 30 46 47 59 60 61
15 30 46 47 59 60 61 73
15 30 46 47 59 60 61 71 72
15 30 34 48 59 61 73
15 30 34 48 59 61 71 72
15 30 34 46 48 59 61
15 30 34 46 47 59 61
15 30 34 46 47 59 61 73
15 30 34 46 47 59 61 71 72
15 28 29 48 59 61 73
15 28 29 48 59 61 71 72
15 28 29 48 59 60 61 73
15 28 29 48 59 60 61 71 72
15 28 29 46 48 59 61
15 28 29 46 48 59 60 61
15 28 29 46 47 59 61
15 28 29 46 47 59 61 73
15 28 29 46 47 59 61 71 72
15 28 29 46 47 59 60 61
15 28 29 46 47 59 60 61 73
15 28 29 46 47 59 60 61 71 72
15 28 29 34 48 59 61 73
15 28 29 34 48 59 61 71 72
15 28 29 34 46 48 59 61
15 28 29 34 46 47 59 61
15 28 29 34 46 47 59 61 73
15 28 29 34 46 47 59 61 71 72
15 23 59 61 63 73
15 23 59 61 63 71 72
15 23 59 61 62 73
15 23 59 61 62 71 72
15 23 46 59 61 63
15 23 46 59 61 62
15 23 36 59 61 73
15 23 36 59 61 71 72
15 23 36 46 59 61
15 22 59 61 63 73
15 22 59 61 63 71 72
15 22 59 61 62 73
15 22 59 61 62 71 72
15 22 46 59 61 63
15 22 46 59 61 62
15 22 36 59 61 73
15 22 36 59 61 71 72
15 22 36 46 59 61
15 21 59 61 62 73
15 21 59 61 62 71 72
15 21 59 61 62 63 73
15 21 59 61 62 63 71 72
15 21 59 60 61 73
15 21 59 60 61 71 72
15 21 59 60 61 63 73
15 21 59 60 61 63 71 72
15 21 59 60 61 62 73
15 21 59 60 61 62 71 72
15 21 58 59 61 63 73
15 21 58 59 61 63 71 72
15 21 58 59 61 62 73
15 21 58 59 61 62 71 72
15 21 58 59 60 61 63 73
15 21 58 59 60 61 63 71 72
15 21 58 59 60 61 62 73
15 21 58 59 60 61 62 71 72
15 21 57 59 61 73
15 21 57 59 61 71 72
15 21 57 59 60 61 73
15 21 57 59 60 61 71 72
15 21 47 59 61 63 73
15 21 47 59 61 63 71 72
15 21 47 59 61 62 73
15 21 47 59 61 62 71 72
15 21 46 59 61 62
15 21 46 59 61 62 63
15 21 46 59 60 61
15 21 46 59 60 61 63
15 21 46 59 60 61 62
15 21 46 58 59 61 63
15 21 46 58 59 61 62
15 21 46 58 59 60 61 63
15 21 46 58 59 60 61 62
15 21 46 57 59 61
15 21 46 57 59 60 61
15 21 46 47 59 61 63
15 21 46 47 59 61 62
15 21 45 46 59 61 63
15 21 45 46 59 61 63 73
15 21 45 46 59 61 63 71 72
15 21 45 46 59 61 62
15 21 45 46 59 61 62 73
15 21 45 46 59 61 62 71 72
15 21 36 59 61 62 73
15 21 36 59 61 62 71 72
15 21 36 59 60 61 73
15 21 36 59 60 61 71 72
15 21 36 58 59 61 73
15 21 36 58 59 61 71 72
15 21 36 58 59 60 61 73
15 21 36 58 59 60 61 71 72
15 21 36 47 59 61 73
15 21 36 47 59 61 71 72
15 21 36 46 59 61 62
15 21 36 46 59 60 61
15 21 36 46 58 59 61
15 21 36 46 58 59 60 61
15 21 36 46 47 59 61
15 21 36 45 46 59 61
15 21 36 45 46 59 61 73
15 21 36 45 46 59 61 71 72
15 21 35 59 61 63 73
15 21 35 59 61 63 71 72
15 21 35 59 61 62 73
15 21 35 59 61 62 71 72
15 21 35 46 59 61 63
15 21 35 46 59 61 62
15 21 35 36 59 61 73
15 21 35 36 59 61 71 72
15 21 35 36 46 59 61
15 21 34 59 61 73
15 21 34 59 61 71 72
15 21 34 59 60 61 63 73
15 21 34 59 60 61 63 71 72
15 21 34 59 60 61 62 73
15 21 34 59 60 61 62 71 72
15 21 34 58 59 61 63 73
15 21 34 58 59 61 63 71 72
15 21 34 58 59 61 62 73
15 21 34 58 59 61 62 71 72
15 21 34 57 59 61 73
15 21 34 57 59 61 71 72
15 21 34 46 59 61
15 21 34 46 59 60 61 63
15 21 34 46 59 60 61 62
15 21 34 46 58 59 61 63
15 21 34 46 58 59 61 62
15 21 34 46 57 59 61
15 21 34 36 59 60 61 73
15 21 34 36 59 60 61 71 72
15 21 34 36 58 59 61 73
15 21 34 36 58 59 61 71 72
15 21 34 36 46 59 60 61
15 21 34 36 46 58 59 61
15 21 33 59 61 63 73
15 21 33 59 61 63 71 72
15 21 33 59 61 62 73
15 21 33 59 61 62 71 72
15 21 33 59 60 61 63 73
15 21 33 59 60 61 63 71 72
15 21 33 59 60 61 62 73
15 21 33 59 60 61 62 71 72
15 21 33 46 59 61 63
15 21 33 46 59 61 62
15 21 33 46 59 60 61 63
15 21 33 46 59 60 61 62
15 21 33 36 59 61 73
15 21 33 36 59 61 71 72
15 21 33 36 59 60 61 73
15 21 33 36 59 60 61 71 72
15 21 33 36 46 59 61
15 21 33 36 46 59 60 61
15 21 33 34 59 61 63 73
15 21 33 34 59 61 63 71 72
15 21 33 34 59 61 62 73
15 21 33 34 59 61 62 71 72
15 21 33 34 46 59 61 63
15 21 33 34 46 59 61 62
15 21 33 34 36 59 61 73
15 21 33 34 36 59 61 71 72
15 21 33 34 36 46 59 61
15 21 30 59 61 73
15 21 30 59 61 71 72
15 21 30 59 60 61 73
15 21 30 59 60 61 71 72
15 21 30 46 59 61
15 21 30 46 59 60 61
15 21 30 34 59 61 73
15 21 30 34 59 61 71 72
15 21 30 34 46 59 61
15 21 28 29 59 61 73
15 21 28 29 59 61 71 72
15 21 28 29 59 60 61 73
15 21 28 29 59 60 61 71 72
15 21 28 29 46 59 61
15 21 28 29 46 59 60 61
15 21 28 29 34 59 61 73
15 21 28 29 34 59 61 71 72
15 21 28 29 34 46 59 61
15 20 59 61 63 73
15 20 59 61 63 71 72
15 20 59 61 62 73
15 20 59 61 62 71 72
15 20 48 59 61 63 73
15 20 48 59 61 63 71 72
15 20 48 59 61 62 73
15 20 48 59 61 62 71 72
15 20 46 59 61 63
15 20 46 59 61 62
15 20 46 48 59 61 63
15 20 46 48 59 61 62
15 20 46 47 59 61 63
15 20 46 47 59 61 63 73
15 20 46 47 59 61 63 71 72
15 20 46 47 59 61 62
15 20 46 47 59 61 62 73
15 20 46 47 59 61 62 71 72
15 20 36 59 61 73
15 20 36 59 61 71 72
15 20 36 48 59 61 73
15 20 36 48 59 61 71 72
15 20 36 46 59 61
15 20 36 46 48 59 61
15 20 36 46 47 59 61
15 20 36 46 47 59 61 73
15 20 36 46 47 59 61 71 72
15 20 21 59 61 63 73
15 20 21 59 61 63 71 72
15 20 21 59 61 62 73
15 20 21 59 61 62 71 72
15 20 21 46 59 61 63
15 20 21 46 59 61 62
15 20 21 36 59 61 73
15 20 21 36 59 61 71 72
15 20 21 36 46 59 61
15 17 59 61 73
15 17 59 61 71 72
15 17 57 59 61 73 78
15 17 57 59 61 73 76 77
15 17 57 59 61 71 72 78
15 17 57 59 61 71 72 76 77
15 17 57 59 60 61 73 78
15 17 57 59 60 61 73 76 77
15 17 57 59 60 61 71 72 78
15 17 57 59 60 61 71 72 76 77
15 17 51 57 59 61 73
15 17 51 57 59 61 71 72
15 17 51 57 59 60 61 73
15 17 51 57 59 60 61 71 72
15 17 46 59 61
15 17 46 57 59 61 78
15 17 46 57 59 61 76 77
15 17 46 57 59 60 61 78
15 17 46 57 59 60 61 76 77
15 17 46 51 57 59 61
15 17 46 51 57 59 60 61
15 17 34 57 59 61 73 78
15 17 34 57 59 61 73 76 77
15 17 34 57 59 61 71 72 78
15 17 34 57 59 61 71 72 76 77
15 17 34 51 57 59 61 73
15 17 34 51 57 59 61 71 72
15 17 34 46 57 59 61 78
15 17 34 46 57 59 61 76 77
15 17 34 46 51 57 59 61
11 59 61 73
11 59 61 73 78
11 59 61 73 76 77
11 59 61 71 72
11 59 61 71 72 78
11 59 61 71 72 76 77
11 59 60 61 73
11 59 60 61 73 78
11 59 60 61 73 76 77
11 59 60 61 71 72
11 59 60 61 71 72 78
11 59 60 61 71 72 76 77
11 51 59 61 73
11 51 59 61 71 72
11 51 59 60 61 73
11 51 59 60 61 71 72
11 46 59 61
11 46 59 61 78
11 46 59 61 76 77
11 46 59 60 61
11 46 59 60 61 78
11 46 59 60 61 76 77
11 46 51 59 61
11 46 51 59 60 61
11 34 59 61 73
11 34 59 61 73 78
11 34 59 61 73 76 77
11 34 59 61 71 72
11 34 59 61 71 72 78
11 34 59 61 71 72 76 77
11 34 51 59 61 73
11 34 51 59 61 71 72
11 34 46 59 61
11 34 46 59 61 78
11 34 46 59 61 76 77
11 34 46 51 59 61
4 59 61 63 73
4 59 61 63 71 72
4 59 60 63 73
4 59 60 63 71 72
4 46 59 61 63
4 46 59 60 63
4 34 59 63 73
4 34 59 63 71 72
4 34 46 59 63
3 42 48 59 61 73
3 42 48 59 61 71 72
3 42 48 59 60 61 73
3 42 48 59 60 61 71 72
3 42 46 48 59 61
3 42 46 48 59 60 61
3 42 46 47 59 61
3 42 46 47 59 61 73
3 42 46 47 59 61 71 72
3 42 46 47 59 60 61
3 42 46 47 59 60 61 73
3 42 46 47 59 60 61 71 72
3 40 41 48 59 61 73
3 40 41 48 59 61 71 72
3 40 41 48 59 60 61 73
3 40 41 48 59 60 61 71 72
3 40 41 46 48 59 61
3 40 41 46 48 59 60 61
3 40 41 46 47 59 61
3 40 41 46 47 59 61 73
3 40 41 46 47 59 61 71 72
3 40 41 46 47 59 60 61
3 40 41 46 47 59 60 61 73
3 40 41 46 47 59 60 61 71 72
3 34 42 48 59 61 73
3 34 42 48 59 61 71 72
3 34 42 46 48 59 61
3 34 42 46 47 59 61
3 34 42 46 47 59 61 73
3 34 42 46 47 59 61 71 72
3 34 40 41 48 59 61 73
3 34 40 41 48 59 61 71 72
3 34 40 41 46 48 59 61
3 34 40 41 46 47 59 61
3 34 40 41 46 47 59 61 73
3 34 40 41 46 47 59 61 71 72
3 21 42 59 61 73
3 21 42 59 61 71 72
3 21 42 59 60 61 73
3 21 42 59 60 61 71 72
3 21 42 46 59 61
3 21 42 46 59 60 61
3 21 40 41 59 61 73
3 21 40 41 59 61 71 72
3 21 40 41 59 60 61 73
3 21 40 41 59 60 61 71 72
3 21 40 41 46 59 61
3 21 40 41 46 59 60 61
3 21 34 42 59 61 73
3 21 34 42 59 61 71 72
3 21 34 42 46 59 61
3 21 34 40 41 59 61 73
3 21 34 40 41 59 61 71 72
3 21 34 40 41 46 59 61
3 15 48 59 61 73
3 15 48 59 61 71 72
3 15 48 59 60 61 73
3 15 48 59 60 61 71 72
3 15 46 48 59 61
3 15 46 48 59 60 61
3 15 46 47 59 61
3 15 46 47 59 61 73
3 15 46 47 59 61 71 72
3 15 46 47 59 60 61
3 15 46 47 59 60 61 73
3 15 46 47 59 60 61 71 72
3 15 34 48 59 61 73
3 15 34 48 59 61 71 72
3 15 34 46 48 59 61
3 15 34 46 47 59 61
3 15 34 46 47 59 61 73
3 15 34 46 47 59 61 71 72
3 15 21 59 61 73
3 15 21 59 61 71 72
3 15 21 59 60 61 73
3 15 21 59 60 61 71 72
3 15 21 46 59 61
3 15 21 46 59 60 61
3 15 21 34 59 61 73
3 15 21 34 59 61 71 72
3 15 21 34 46 59 61
2 59 61 63 73
2 59 61 63 71 72
2 59 61 62 73
2 59 61 62 71 72
2 46 59 61 63
2 46 59 61 62
2 36 59 61 73
2 36 59 61 71 72
2 36 46 59 61
1

