71 78 79
70
69
69 78 79
69 73
69 71 72
69 70 78 79
67 78 79
67 71 78 79
67 69
67 69 70 78 79
67 68
67 68 78 79
67 68 73
67 68 71 72
66 67 69
66 67 68
65 69
65 67 68
65 66
65 66 78 79
65 66 71 78 79
65 66 69 70 78 79
61
61 73
61 71 72
61 69
61 69 71
61 69 70
61 67 68
61 67 68 71
61 67 68 69 70
59 78 79
59 73
59 71 73
59 69 71
59 69 70
59 69 70 73
59 69 70 71 72
59 68
59 67
59 67 68 71
59 67 68 69 70
59 65 73 78
59 65 73 76 77
59 65 71 72 78
59 65 71 72 76 77
59 65 66
59 63 65 73 75
59 63 65 73 74
59 63 65 71 72 75
59 63 65 71 72 73 74
59 63 64 73 75
59 63 64 73 74
59 63 64 71 72 75
59 63 64 71 72 73 74
59 61 73
59 61 71 72
59 61 63 73
59 61 63 73 78 79
59 61 63 73 77
59 61 63 73 77 78 79
59 61 63 73 75 76
59 61 63 73 75 76 78 79
59 61 63 71 72
59 61 63 71 72 78 79
59 61 63 71 72 77
59 61 63 71 72 77 78 79
59 61 63 71 72 75 76
59 61 63 71 72 75 76 78 79
59 61 62 73
59 61 62 73 78 79
59 61 62 73 77
59 61 62 73 77 78 79
59 61 62 73 75 76
59 61 62 73 75 76 78 79
59 61 62 71 72
59 61 62 71 72 78 79
59 61 62 71 72 77
59 61 62 71 72 77 78 79
59 61 62 71 72 75 76
59 61 62 71 72 75 76 78 79
59 61 62 65 73 75
59 61 62 65 73 74
59 61 62 65 71 72 75
59 61 62 65 71 72 73 74
59 61 62 63 64 73 75
59 61 62 63 64 73 74
59 61 62 63 64 71 72 75
59 61 62 63 64 71 72 73 74
59 60 61 63 73
59 60 61 63 71 72
59 60 61 62 73
59 60 61 62 71 72
57 61 65 73
57 61 65 71 72
57 61 63 64 73
57 61 63 64 71 72
57 59 75
57 59 73
57 59 73 78
57 59 73 76
57 59 73 76 77
57 59 73 75
57 59 73 74 75
57 59 71 72
57 59 71 72 78
57 59 71 72 76
57 59 71 72 76 77
57 59 71 72 75
57 59 71 72 74 75
57 59 71 72 73 74
57 59 65 73
57 59 65 71 72
57 59 63 64 73
57 59 63 64 71 72
57 59 61 63 73
57 59 61 63 71 72
57 59 61 62 73
57 59 61 62 71 72
57 59 60 75
57 59 60 73 74
57 58 59 75
57 58 59 73
57 58 59 73 74
57 58 59 71 72
56 69
56 67 68
55 68 69
55 67 68
55 61 69
55 61 67 68
55 59
55 59 78 79
55 59 61 69
55 59 61 67 68
55 59 61 66 69
55 59 61 66 67 68
55 59 60 73
55 59 60 71 72
55 58 59 73
55 58 59 71 72
54 69 78 79
54 67 68 78 79
53
53 71
53 69 70
53 68 69
53 67
53 67 71
53 67 69 70
53 67 68
53 65 66
53 65 66 71
53 65 66 69 70
53 59
53 59 61 63 73
53 59 61 63 73 77
53 59 61 63 73 75 76
53 59 61 63 71 72
53 59 61 63 71 72 77
53 59 61 63 71 72 75 76
53 59 61 62 73
53 59 61 62 73 77
53 59 61 62 73 75 76
53 59 61 62 71 72
53 59 61 62 71 72 77
53 59 61 62 71 72 75 76
53 55 59
53 54 69
53 54 67 68
53 54 59 78 79
53 54 59 61 69
53 54 59 61 67 68
53 54 59 61 66 69
53 54 59 61 66 67 68
51 59 65 73
51 59 65 71 72
51 57 59 73
51 57 59 71 72
51 52
51 52 69
51 52 68 69
50
50 69
50 67
50 67 68
50 65 66
50 59 61 63 73
50 59 61 63 73 78 79
50 59 61 63 71 72
50 59 61 63 71 72 78 79
50 59 61 62 73
50 59 61 62 73 78 79
50 59 61 62 71 72
50 59 61 62 71 72 78 79
50 53 59 61 63 73
50 53 59 61 63 71 72
50 53 59 61 62 73
50 53 59 61 62 71 72
49 57 59 73
49 57 59 71 72
48 59 73
48 59 71 72
48 59 63 65 73 75
48 59 63 65 73 74
48 59 63 65 71 72 75
48 59 63 65 71 72 73 74
48 59 63 64 73 75
48 59 63 64 73 74
48 59 63 64 71 72 75
48 59 63 64 71 72 73 74
48 59 61 73
48 59 61 71 72
48 59 61 62 65 73 75
48 59 61 62 65 73 74
48 59 61 62 65 71 72 75
48 59 61 62 65 71 72 73 74
48 59 61 62 63 64 73 75
48 59 61 62 63 64 73 74
48 59 61 62 63 64 71 72 75
48 59 61 62 63 64 71 72 73 74
48 57 59
48 57 59 73
48 57 59 71 72
48 57 59 60
48 57 59 60 73
48 57 59 60 71 72
48 57 58 59
48 57 58 59 73
48 57 58 59 71 72
48 49
48 49 69
48 49 67
48 49 67 68
48 49 65 66
46
46 69
46 67 68
46 61
46 59
46 59 71
46 59 69 70
46 59 65 78
46 59 65 76 77
46 59 63 65 75
46 59 63 65 73 74
46 59 63 64 75
46 59 63 64 73 74
46 59 61
46 59 61 63
46 59 61 63 78 79
46 59 61 63 77
46 59 61 63 77 78 79
46 59 61 63 75 76
46 59 61 63 75 76 78 79
46 59 61 62
46 59 61 62 78 79
46 59 61 62 77
46 59 61 62 77 78 79
46 59 61 62 75 76
46 59 61 62 75 76 78 79
46 59 61 62 65 75
46 59 61 62 65 73 74
46 59 61 62 63 64 75
46 59 61 62 63 64 73 74
46 59 60 61 63
46 59 60 61 62
46 57 61 65
46 57 61 63 64
46 57 59 78
46 57 59 76
46 57 59 76 77
46 57 59 75
46 57 59 74 75
46 57 59 73
46 57 59 73 74
46 57 59 71 72
46 57 59 65
46 57 59 63 64
46 57 59 61 63
46 57 59 61 62
46 57 58 59
46 55 59 60
46 55 58 59
46 53 59 61 63
46 53 59 61 63 77
46 53 59 61 63 75 76
46 53 59 61 62
46 53 59 61 62 77
46 53 59 61 62 75 76
46 51 59 65
46 51 57 59
46 50 59 61 63
46 50 59 61 63 78 79
46 50 59 61 62
46 50 59 61 62 78 79
46 50 53 59 61 63
46 50 53 59 61 62
46 49 57 59
46 48 59
46 48 59 63 65 75
46 48 59 63 65 73 74
46 48 59 63 64 75
46 48 59 63 64 73 74
46 48 59 61
46 48 59 61 62 65 75
46 48 59 61 62 65 73 74
46 48 59 61 62 63 64 75
46 48 59 61 62 63 64 73 74
46 48 57 59
46 48 57 59 60
46 48 57 58 59
46 47 59
46 47 59 73
46 47 59 71 72
46 47 59 63 65 75
46 47 59 63 65 73 75
46 47 59 63 65 71 72 75
46 47 59 63 65 71 72 73 74
46 47 59 63 64 75
46 47 59 63 64 73 75
46 47 59 63 64 71 72 75
46 47 59 63 64 71 72 73 74
46 47 59 61
46 47 59 61 73
46 47 59 61 71 72
46 47 59 61 62 65 75
46 47 59 61 62 65 73 75
46 47 59 61 62 65 71 72 75
46 47 59 61 62 65 71 72 73 74
46 47 59 61 62 63 64 75
46 47 59 61 62 63 64 73 75
46 47 59 61 62 63 64 71 72 75
46 47 59 61 62 63 64 71 72 73 74
46 47 57 59 60
46 47 57 59 60 73
46 47 57 59 60 71 72
46 47 57 58 59
46 47 57 58 59 73
46 47 57 58 59 71 72
46 47 48 59 63 65
46 47 48 59 63 65 73
46 47 48 59 63 65 71 72
46 47 48 59 63 64
46 47 48 59 63 64 73
46 47 48 59 63 64 71 72
46 47 48 59 61 62 65
46 47 48 59 61 62 65 73
46 47 48 59 61 62 65 71 72
46 47 48 59 61 62 63 64
46 47 48 59 61 62 63 64 73
46 47 48 59 61 62 63 64 71 72
45 57 59 60 73
45 57 59 60 71 72
45 57 58 59 73
45 57 58 59 71 72
45 46 57 59 60
45 46 57 58 59
44
44 78 79
44 67 78 79
44 65 66 78 79
44 61 69
44 61 67 68
44 59 73
44 59 71 72
44 59 69
44 59 67 68
44 53
44 53 67
44 53 65 66
44 46 59
44 45
44 45 57 59 73
44 45 57 59 71 72
44 45 46 57 59
43
42
42 78 79
42 73
42 71 72
42 68
42 67
42 66 67
42 65
42 61
42 61 71
42 61 69 70
42 59 71
42 59 69 70
42 56
42 55 68
42 55 61
42 55 59 61
42 55 59 61 66
42 54 78 79
42 53 68
42 53 54
42 53 54 59 61
42 53 54 59 61 66
42 51 52
42 51 52 68
42 50
42 48 49
42 46
42 44 61
42 44 59
42 43
42 43 57 59 60 73
42 43 57 59 60 71 72
42 43 57 58 59 73
42 43 57 58 59 71 72
42 43 46 57 59 60
42 43 46 57 58 59
41
41 69
41 67
41 67 68
41 65 66
41 42
41 42 44 57 59 60 73
41 42 44 57 59 60 71 72
41 42 44 57 58 59 73
41 42 44 57 58 59 71 72
41 42 44 46 57 59 60
41 42 44 46 57 58 59
41 42 43 57 59 60 73
41 42 43 57 59 60 71 72
41 42 43 57 58 59 73
41 42 43 57 58 59 71 72
41 42 43 46 57 59 60
41 42 43 46 57 58 59
40
40 78 79
40 71 78 79
40 69 70 78 79
40 59
40 53
40 53 71
40 53 69 70
40 50
40 48 49
40 44 78 79
40 44 53
40 41
39 40 67
39 40 65 66
38 78 79
38 67 78 79
38 65 66 78 79
38 59 63 73 75
38 59 63 73 74
38 59 63 71 72 75
38 59 63 71 72 73 74
38 59 61 62 73 75
38 59 61 62 73 74
38 59 61 62 71 72 75
38 59 61 62 71 72 73 74
38 57 61 73
38 57 61 71 72
38 57 59 73
38 57 59 71 72
38 53
38 53 67
38 53 65 66
38 48 59 63 73 75
38 48 59 63 73 74
38 48 59 63 71 72 75
38 48 59 63 71 72 73 74
38 48 59 61 62 73 75
38 48 59 61 62 73 74
38 48 59 61 62 71 72 75
38 48 59 61 62 71 72 73 74
38 46 59 63 75
38 46 59 63 73 74
38 46 59 61 62 75
38 46 59 61 62 73 74
38 46 57 61
38 46 57 59
38 46 48 59 63 75
38 46 48 59 63 73 74
38 46 48 59 61 62 75
38 46 48 59 61 62 73 74
38 46 47 59 63 75
38 46 47 59 63 73 75
38 46 47 59 63 71 72 75
38 46 47 59 63 71 72 73 74
38 46 47 59 61 62 75
38 46 47 59 61 62 73 75
38 46 47 59 61 62 71 72 75
38 46 47 59 61 62 71 72 73 74
38 46 47 48 59 63
38 46 47 48 59 63 73
38 46 47 48 59 63 71 72
38 46 47 48 59 61 62
38 46 47 48 59 61 62 73
38 46 47 48 59 61 62 71 72
38 40 78 79
38 40 53
37
36
36 69 78 79
36 67
36 67 68 78 79
36 65 66
36 59
36 59 65 73 75
36 59 65 73 74
36 59 65 71 72 75
36 59 65 71 72 73 74
36 59 63 64 73 75
36 59 63 64 73 74
36 59 63 64 71 72 75
36 59 63 64 71 72 73 74
36 59 61 73
36 59 61 73 78 79
36 59 61 73 77
36 59 61 73 77 78 79
36 59 61 73 75 76
36 59 61 73 75 76 78 79
36 59 61 71 72
36 59 61 71 72 78 79
36 59 61 71 72 77
36 59 61 71 72 77 78 79
36 59 61 71 72 75 76
36 59 61 71 72 75 76 78 79
36 59 60 61 73
36 59 60 61 71 72
36 57 59 61 73
36 57 59 61 71 72
36 55 69
36 55 67 68
36 53 69
36 53 67 68
36 53 59 61 73
36 53 59 61 73 77
36 53 59 61 73 75 76
36 53 59 61 71 72
36 53 59 61 71 72 77
36 53 59 61 71 72 75 76
36 50 59 61 73
36 50 59 61 73 78 79
36 50 59 61 71 72
36 50 59 61 71 72 78 79
36 50 53 59 61 73
36 50 53 59 61 71 72
36 48 59 65 73 75
36 48 59 65 73 74
36 48 59 65 71 72 75
36 48 59 65 71 72 73 74
36 48 59 63 64 73 75
36 48 59 63 64 73 74
36 48 59 63 64 71 72 75
36 48 59 63 64 71 72 73 74
36 46 59 65 75
36 46 59 65 73 74
36 46 59 63 64 75
36 46 59 63 64 73 74
36 46 59 61
36 46 59 61 78 79
36 46 59 61 77
36 46 59 61 77 78 79
36 46 59 61 75 76
36 46 59 61 75 76 78 79
36 46 59 60 61
36 46 57 59 61
36 46 53 59 61
36 46 53 59 61 77
36 46 53 59 61 75 76
36 46 50 59 61
36 46 50 59 61 78 79
36 46 50 53 59 61
36 46 48 59 65 75
36 46 48 59 65 73 74
36 46 48 59 63 64 75
36 46 48 59 63 64 73 74
36 46 47 59 65 75
36 46 47 59 65 73 75
36 46 47 59 65 71 72 75
36 46 47 59 65 71 72 73 74
36 46 47 59 63 64 75
36 46 47 59 63 64 73 75
36 46 47 59 63 64 71 72 75
36 46 47 59 63 64 71 72 73 74
36 46 47 48 59 65
36 46 47 48 59 65 73
36 46 47 48 59 65 71 72
36 46 47 48 59 63 64
36 46 47 48 59 63 64 73
36 46 47 48 59 63 64 71 72
36 42 78 79
36 42 55
36 42 53
36 40
36 38 59 73 75
36 38 59 73 74
36 38 59 71 72 75
36 38 59 71 72 73 74
36 38 48 59 73 75
36 38 48 59 73 74
36 38 48 59 71 72 75
36 38 48 59 71 72 73 74
36 38 46 59 75
36 38 46 59 73 74
36 38 46 48 59 75
36 38 46 48 59 73 74
36 38 46 47 59 75
36 38 46 47 59 73 75
36 38 46 47 59 71 72 75
36 38 46 47 59 71 72 73 74
36 38 46 47 48 59
36 38 46 47 48 59 73
36 38 46 47 48 59 71 72
35 78 79
35 61 67
35 61 65 66
35 53
35 40 61
35 36
34
34 78 79
34 69
34 69 78 79
34 68
34 68 69 78 79
34 67
34 67 68
34 65 66
34 55 61 69
34 55 61 67 68
34 55 59
34 53
34 53 69
34 53 68 69
34 53 54 61 69
34 53 54 61 67 68
34 42
34 42 78 79
34 42 68 78 79
34 42 55 61
34 42 53
34 42 53 68
34 42 53 54 61
34 40
33 57 59 75
33 57 59 73
33 57 59 73 74
33 57 59 71 72
33 57 59 60 73
33 57 59 60 71 72
33 57 58 59 73
33 57 58 59 71 72
33 55 59 73
33 55 59 71 72
33 48 57 59
33 48 57 59 73
33 48 57 59 71 72
33 46 57 59
33 46 57 59 60
33 46 57 58 59
33 46 55 59
33 46 48 57 59
33 46 47 57 59
33 46 47 57 59 73
33 46 47 57 59 71 72
33 45 57 59 73
33 45 57 59 71 72
33 45 46 57 59
33 42 43 57 59 73
33 42 43 57 59 71 72
33 42 43 46 57 59
33 41 42 44 57 59 73
33 41 42 44 57 59 71 72
33 41 42 44 46 57 59
33 41 42 43 57 59 73
33 41 42 43 57 59 71 72
33 41 42 43 46 57 59
32 57 59 60 73
32 57 59 60 71 72
32 57 58 59 73
32 57 58 59 71 72
32 46 57 59 60
32 46 57 58 59
32 36
32 34
32 33 57 59 73
32 33 57 59 71 72
32 33 46 57 59
30 59 63 65 73 75
30 59 63 65 73 74
30 59 63 65 71 72 75
30 59 63 65 71 72 73 74
30 59 63 64 73 75
30 59 63 64 73 74
30 59 63 64 71 72 75
30 59 63 64 71 72 73 74
30 59 61 62 65 73 75
30 59 61 62 65 73 74
30 59 61 62 65 71 72 75
30 59 61 62 65 71 72 73 74
30 59 61 62 63 64 73 75
30 59 61 62 63 64 73 74
30 59 61 62 63 64 71 72 75
30 59 61 62 63 64 71 72 73 74
30 57 59 60 73
30 57 59 60 71 72
30 57 58 59 73
30 57 58 59 71 72
30 48 59 63 65 73 75
30 48 59 63 65 73 74
30 48 59 63 65 71 72 75
30 48 59 63 65 71 72 73 74
30 48 59 63 64 73 75
30 48 59 63 64 73 74
30 48 59 63 64 71 72 75
30 48 59 63 64 71 72 73 74
30 48 59 61 62 65 73 75
30 48 59 61 62 65 73 74
30 48 59 61 62 65 71 72 75
30 48 59 61 62 65 71 72 73 74
30 48 59 61 62 63 64 73 75
30 48 59 61 62 63 64 73 74
30 48 59 61 62 63 64 71 72 75
30 48 59 61 62 63 64 71 72 73 74
30 46 59 63 65 75
30 46 59 63 65 73 74
30 46 59 63 64 75
30 46 59 63 64 73 74
30 46 59 61 62 65 75
30 46 59 61 62 65 73 74
30 46 59 61 62 63 64 75
30 46 59 61 62 63 64 73 74
30 46 57 59 60
30 46 57 58 59
30 46 48 59 63 65 75
30 46 48 59 63 65 73 74
30 46 48 59 63 64 75
30 46 48 59 63 64 73 74
30 46 48 59 61 62 65 75
30 46 48 59 61 62 65 73 74
30 46 48 59 61 62 63 64 75
30 46 48 59 61 62 63 64 73 74
30 46 47 59 63 65 75
30 46 47 59 63 65 73 75
30 46 47 59 63 65 71 72 75
30 46 47 59 63 65 71 72 73 74
30 46 47 59 63 64 75
30 46 47 59 63 64 73 75
30 46 47 59 63 64 71 72 75
30 46 47 59 63 64 71 72 73 74
30 46 47 59 61 62 65 75
30 46 47 59 61 62 65 73 75
30 46 47 59 61 62 65 71 72 75
30 46 47 59 61 62 65 71 72 73 74
30 46 47 59 61 62 63 64 75
30 46 47 59 61 62 63 64 73 75
30 46 47 59 61 62 63 64 71 72 75
30 46 47 59 61 62 63 64 71 72 73 74
30 46 47 48 59 63 65
30 46 47 48 59 63 65 73
30 46 47 48 59 63 65 71 72
30 46 47 48 59 63 64
30 46 47 48 59 63 64 73
30 46 47 48 59 63 64 71 72
30 46 47 48 59 61 62 65
30 46 47 48 59 61 62 65 73
30 46 47 48 59 61 62 65 71 72
30 46 47 48 59 61 62 63 64
30 46 47 48 59 61 62 63 64 73
30 46 47 48 59 61 62 63 64 71 72
30 38 59 63 73 75
30 38 59 63 73 74
30 38 59 63 71 72 75
30 38 59 63 71 72 73 74
30 38 59 61 62 73 75
30 38 59 61 62 73 74
30 38 59 61 62 71 72 75
30 38 59 61 62 71 72 73 74
30 38 48 59 63 73 75
30 38 48 59 63 73 74
30 38 48 59 63 71 72 75
30 38 48 59 63 71 72 73 74
30 38 48 59 61 62 73 75
30 38 48 59 61 62 73 74
30 38 48 59 61 62 71 72 75
30 38 48 59 61 62 71 72 73 74
30 38 46 59 63 75
30 38 46 59 63 73 74
30 38 46 59 61 62 75
30 38 46 59 61 62 73 74
30 38 46 48 59 63 75
30 38 46 48 59 63 73 74
30 38 46 48 59 61 62 75
30 38 46 48 59 61 62 73 74
30 38 46 47 59 63 75
30 38 46 47 59 63 73 75
30 38 46 47 59 63 71 72 75
30 38 46 47 59 63 71 72 73 74
30 38 46 47 59 61 62 75
30 38 46 47 59 61 62 73 75
30 38 46 47 59 61 62 71 72 75
30 38 46 47 59 61 62 71 72 73 74
30 38 46 47 48 59 63
30 38 46 47 48 59 63 73
30 38 46 47 48 59 63 71 72
30 38 46 47 48 59 61 62
30 38 46 47 48 59 61 62 73
30 38 46 47 48 59 61 62 71 72
30 36 59 65 73 75
30 36 59 65 73 74
30 36 59 65 71 72 75
30 36 59 65 71 72 73 74
30 36 59 63 64 73 75
30 36 59 63 64 73 74
30 36 59 63 64 71 72 75
30 36 59 63 64 71 72 73 74
30 36 48 59 65 73 75
30 36 48 59 65 73 74
30 36 48 59 65 71 72 75
30 36 48 59 65 71 72 73 74
30 36 48 59 63 64 73 75
30 36 48 59 63 64 73 74
30 36 48 59 63 64 71 72 75
30 36 48 59 63 64 71 72 73 74
30 36 46 59 65 75
30 36 46 59 65 73 74
30 36 46 59 63 64 75
30 36 46 59 63 64 73 74
30 36 46 48 59 65 75
30 36 46 48 59 65 73 74
30 36 46 48 59 63 64 75
30 36 46 48 59 63 64 73 74
30 36 46 47 59 65 75
30 36 46 47 59 65 73 75
30 36 46 47 59 65 71 72 75
30 36 46 47 59 65 71 72 73 74
30 36 46 47 59 63 64 75
30 36 46 47 59 63 64 73 75
30 36 46 47 59 63 64 71 72 75
30 36 46 47 59 63 64 71 72 73 74
30 36 46 47 48 59 65
30 36 46 47 48 59 65 73
30 36 46 47 48 59 65 71 72
30 36 46 47 48 59 63 64
30 36 46 47 48 59 63 64 73
30 36 46 47 48 59 63 64 71 72
30 36 38 59 73 75
30 36 38 59 73 74
30 36 38 59 71 72 75
30 36 38 59 71 72 73 74
30 36 38 48 59 73 75
30 36 38 48 59 73 74
30 36 38 48 59 71 72 75
30 36 38 48 59 71 72 73 74
30 36 38 46 59 75
30 36 38 46 59 73 74
30 36 38 46 48 59 75
30 36 38 46 48 59 73 74
30 36 38 46 47 59 75
30 36 38 46 47 59 73 75
30 36 38 46 47 59 71 72 75
30 36 38 46 47 59 71 72 73 74
30 36 38 46 47 48 59
30 36 38 46 47 48 59 73
30 36 38 46 47 48 59 71 72
30 33 57 59 73
30 33 57 59 71 72
30 33 46 57 59
28 59
28 59 78 79
28 59 61 69
28 59 61 67 68
28 59 61 66 69
28 59 61 66 67 68
28 53 59
28 42 59 61
28 42 59 61 66
28 34 61 69
28 34 61 67 68
28 34 42 61
28 29 59 63 65 73 75
28 29 59 63 65 73 74
28 29 59 63 65 71 72 75
28 29 59 63 65 71 72 73 74
28 29 59 63 64 73 75
28 29 59 63 64 73 74
28 29 59 63 64 71 72 75
28 29 59 63 64 71 72 73 74
28 29 59 61 62 65 73 75
28 29 59 61 62 65 73 74
28 29 59 61 62 65 71 72 75
28 29 59 61 62 65 71 72 73 74
28 29 59 61 62 63 64 73 75
28 29 59 61 62 63 64 73 74
28 29 59 61 62 63 64 71 72 75
28 29 59 61 62 63 64 71 72 73 74
28 29 57 59 60 73
28 29 57 59 60 71 72
28 29 57 58 59 73
28 29 57 58 59 71 72
28 29 48 59 63 65 73 75
28 29 48 59 63 65 73 74
28 29 48 59 63 65 71 72 75
28 29 48 59 63 65 71 72 73 74
28 29 48 59 63 64 73 75
28 29 48 59 63 64 73 74
28 29 48 59 63 64 71 72 75
28 29 48 59 63 64 71 72 73 74
28 29 48 59 61 62 65 73 75
28 29 48 59 61 62 65 73 74
28 29 48 59 61 62 65 71 72 75
28 29 48 59 61 62 65 71 72 73 74
28 29 48 59 61 62 63 64 73 75
28 29 48 59 61 62 63 64 73 74
28 29 48 59 61 62 63 64 71 72 75
28 29 48 59 61 62 63 64 71 72 73 74
28 29 46 59 63 65 75
28 29 46 59 63 65 73 74
28 29 46 59 63 64 75
28 29 46 59 63 64 73 74
28 29 46 59 61 62 65 75
28 29 46 59 61 62 65 73 74
28 29 46 59 61 62 63 64 75
28 29 46 59 61 62 63 64 73 74
28 29 46 57 59 60
28 29 46 57 58 59
28 29 46 48 59 63 65 75
28 29 46 48 59 63 65 73 74
28 29 46 48 59 63 64 75
28 29 46 48 59 63 64 73 74
28 29 46 48 59 61 62 65 75
28 29 46 48 59 61 62 65 73 74
28 29 46 48 59 61 62 63 64 75
28 29 46 48 59 61 62 63 64 73 74
28 29 46 47 59 63 65 75
28 29 46 47 59 63 65 73 75
28 29 46 47 59 63 65 71 72 75
28 29 46 47 59 63 65 71 72 73 74
28 29 46 47 59 63 64 75
28 29 46 47 59 63 64 73 75
28 29 46 47 59 63 64 71 72 75
28 29 46 47 59 63 64 71 72 73 74
28 29 46 47 59 61 62 65 75
28 29 46 47 59 61 62 65 73 75
28 29 46 47 59 61 62 65 71 72 75
28 29 46 47 59 61 62 65 71 72 73 74
28 29 46 47 59 61 62 63 64 75
28 29 46 47 59 61 62 63 64 73 75
28 29 46 47 59 61 62 63 64 71 72 75
28 29 46 47 59 61 62 63 64 71 72 73 74
28 29 46 47 48 59 63 65
28 29 46 47 48 59 63 65 73
28 29 46 47 48 59 63 65 71 72
28 29 46 47 48 59 63 64
28 29 46 47 48 59 63 64 73
28 29 46 47 48 59 63 64 71 72
28 29 46 47 48 59 61 62 65
28 29 46 47 48 59 61 62 65 73
28 29 46 47 48 59 61 62 65 71 72
28 29 46 47 48 59 61 62 63 64
28 29 46 47 48 59 61 62 63 64 73
28 29 46 47 48 59 61 62 63 64 71 72
28 29 38 59 63 73 75
28 29 38 59 63 73 74
28 29 38 59 63 71 72 75
28 29 38 59 63 71 72 73 74
28 29 38 59 61 62 73 75
28 29 38 59 61 62 73 74
28 29 38 59 61 62 71 72 75
28 29 38 59 61 62 71 72 73 74
28 29 38 48 59 63 73 75
28 29 38 48 59 63 73 74
28 29 38 48 59 63 71 72 75
28 29 38 48 59 63 71 72 73 74
28 29 38 48 59 61 62 73 75
28 29 38 48 59 61 62 73 74
28 29 38 48 59 61 62 71 72 75
28 29 38 48 59 61 62 71 72 73 74
28 29 38 46 59 63 75
28 29 38 46 59 63 73 74
28 29 38 46 59 61 62 75
28 29 38 46 59 61 62 73 74
28 29 38 46 48 59 63 75
28 29 38 46 48 59 63 73 74
28 29 38 46 48 59 61 62 75
28 29 38 46 48 59 61 62 73 74
28 29 38 46 47 59 63 75
28 29 38 46 47 59 63 73 75
28 29 38 46 47 59 63 71 72 75
28 29 38 46 47 59 63 71 72 73 74
28 29 38 46 47 59 61 62 75
28 29 38 46 47 59 61 62 73 75
28 29 38 46 47 59 61 62 71 72 75
28 29 38 46 47 59 61 62 71 72 73 74
28 29 38 46 47 48 59 63
28 29 38 46 47 48 59 63 73
28 29 38 46 47 48 59 63 71 72
28 29 38 46 47 48 59 61 62
28 29 38 46 47 48 59 61 62 73
28 29 38 46 47 48 59 61 62 71 72
28 29 36 59 65 73 75
28 29 36 59 65 73 74
28 29 36 59 65 71 72 75
28 29 36 59 65 71 72 73 74
28 29 36 59 63 64 73 75
28 29 36 59 63 64 73 74
28 29 36 59 63 64 71 72 75
28 29 36 59 63 64 71 72 73 74
28 29 36 48 59 65 73 75
28 29 36 48 59 65 73 74
28 29 36 48 59 65 71 72 75
28 29 36 48 59 65 71 72 73 74
28 29 36 48 59 63 64 73 75
28 29 36 48 59 63 64 73 74
28 29 36 48 59 63 64 71 72 75
28 29 36 48 59 63 64 71 72 73 74
28 29 36 46 59 65 75
28 29 36 46 59 65 73 74
28 29 36 46 59 63 64 75
28 29 36 46 59 63 64 73 74
28 29 36 46 48 59 65 75
28 29 36 46 48 59 65 73 74
28 29 36 46 48 59 63 64 75
28 29 36 46 48 59 63 64 73 74
28 29 36 46 47 59 65 75
28 29 36 46 47 59 65 73 75
28 29 36 46 47 59 65 71 72 75
28 29 36 46 47 59 65 71 72 73 74
28 29 36 46 47 59 63 64 75
28 29 36 46 47 59 63 64 73 75
28 29 36 46 47 59 63 64 71 72 75
28 29 36 46 47 59 63 64 71 72 73 74
28 29 36 46 47 48 59 65
28 29 36 46 47 48 59 65 73
28 29 36 46 47 48 59 65 71 72
28 29 36 46 47 48 59 63 64
28 29 36 46 47 48 59 63 64 73
28 29 36 46 47 48 59 63 64 71 72
28 29 36 38 59 73 75
28 29 36 38 59 73 74
28 29 36 38 59 71 72 75
28 29 36 38 59 71 72 73 74
28 29 36 38 48 59 73 75
28 29 36 38 48 59 73 74
28 29 36 38 48 59 71 72 75
28 29 36 38 48 59 71 72 73 74
28 29 36 38 46 59 75
28 29 36 38 46 59 73 74
28 29 36 38 46 48 59 75
28 29 36 38 46 48 59 73 74
28 29 36 38 46 47 59 75
28 29 36 38 46 47 59 73 75
28 29 36 38 46 47 59 71 72 75
28 29 36 38 46 47 59 71 72 73 74
28 29 36 38 46 47 48 59
28 29 36 38 46 47 48 59 73
28 29 36 38 46 47 48 59 71 72
28 29 33 57 59 73
28 29 33 57 59 71 72
28 29 33 46 57 59
26
26 68 69
26 67 68
26 53 69
26 53 67 68
26 51 52 69
26 51 52 67 68
26 42 68
26 42 53
26 42 51 52
25
25 69
25 67 68
25 42
24 55 59 61 69
24 55 59 61 67 68
24 53 54 59 61 69
24 53 54 59 61 67 68
24 42 55 59 61
24 42 53 54 59 61
24 28 59 61 69
24 28 59 61 67 68
24 28 42 59 61
24 25 53 69
24 25 53 67 68
24 25 51 52 69
24 25 51 52 67 68
24 25 42 53
24 25 42 51 52
24 25 26 69
24 25 26 67 68
24 25 26 42
23
23 69
23 67
23 67 68
23 65 66
23 42
23 40
23 24
23 24 69
23 24 67 68
23 24 42
22 61 69
22 61 68
22 61 68 69
22 59
22 55 61 69
22 55 61 67 68
22 42 61
22 42 61 68
22 42 55 61
22 36 59
22 34
22 23 55 59 61 69
22 23 55 59 61 67 68
22 23 53 54 59 61 69
22 23 53 54 59 61 67 68
22 23 42 55 59 61
22 23 42 53 54 59 61
22 23 28 59 61 69
22 23 28 59 61 67 68
22 23 28 42 59 61
21 59 73
21 59 71 72
21 59 63 65 73 75
21 59 63 65 73 74
21 59 63 65 71 72 75
21 59 63 65 71 72 73 74
21 59 63 64 73 75
21 59 63 64 73 74
21 59 63 64 71 72 75
21 59 63 64 71 72 73 74
21 59 61 73
21 59 61 71 72
21 59 61 62 65 73 75
21 59 61 62 65 73 74
21 59 61 62 65 71 72 75
21 59 61 62 65 71 72 73 74
21 59 61 62 63 64 73 75
21 59 61 62 63 64 73 74
21 59 61 62 63 64 71 72 75
21 59 61 62 63 64 71 72 73 74
21 57 59 60 73
21 57 59 60 71 72
21 57 58 59 73
21 57 58 59 71 72
21 48 59 63 65 73
21 48 59 63 65 71 72
21 48 59 63 64 73
21 48 59 63 64 71 72
21 48 59 61 62 65 73
21 48 59 61 62 65 71 72
21 48 59 61 62 63 64 73
21 48 59 61 62 63 64 71 72
21 46 59
21 46 59 63 65 75
21 46 59 63 65 73 74
21 46 59 63 64 75
21 46 59 63 64 73 74
21 46 59 61
21 46 59 61 62 65 75
21 46 59 61 62 65 73 74
21 46 59 61 62 63 64 75
21 46 59 61 62 63 64 73 74
21 46 57 59 60
21 46 57 58 59
21 46 48 59 63 65
21 46 48 59 63 64
21 46 48 59 61 62 65
21 46 48 59 61 62 63 64
21 38 59 63 73 75
21 38 59 63 73 74
21 38 59 63 71 72 75
21 38 59 63 71 72 73 74
21 38 59 61 62 73 75
21 38 59 61 62 73 74
21 38 59 61 62 71 72 75
21 38 59 61 62 71 72 73 74
21 38 48 59 63 73
21 38 48 59 63 71 72
21 38 48 59 61 62 73
21 38 48 59 61 62 71 72
21 38 46 59 63 75
21 38 46 59 63 73 74
21 38 46 59 61 62 75
21 38 46 59 61 62 73 74
21 38 46 48 59 63
21 38 46 48 59 61 62
21 36 59 65 73 75
21 36 59 65 73 74
21 36 59 65 71 72 75
21 36 59 65 71 72 73 74
21 36 59 63 64 73 75
21 36 59 63 64 73 74
21 36 59 63 64 71 72 75
21 36 59 63 64 71 72 73 74
21 36 48 59 65 73
21 36 48 59 65 71 72
21 36 48 59 63 64 73
21 36 48 59 63 64 71 72
21 36 46 59 65 75
21 36 46 59 65 73 74
21 36 46 59 63 64 75
21 36 46 59 63 64 73 74
21 36 46 48 59 65
21 36 46 48 59 63 64
21 36 38 59 73 75
21 36 38 59 73 74
21 36 38 59 71 72 75
21 36 38 59 71 72 73 74
21 36 38 48 59 73
21 36 38 48 59 71 72
21 36 38 46 59 75
21 36 38 46 59 73 74
21 36 38 46 48 59
21 33 57 59 73
21 33 57 59 71 72
21 33 46 57 59
21 30 59 63 65 73 75
21 30 59 63 65 73 74
21 30 59 63 65 71 72 75
21 30 59 63 65 71 72 73 74
21 30 59 63 64 73 75
21 30 59 63 64 73 74
21 30 59 63 64 71 72 75
21 30 59 63 64 71 72 73 74
21 30 59 61 62 65 73 75
21 30 59 61 62 65 73 74
21 30 59 61 62 65 71 72 75
21 30 59 61 62 65 71 72 73 74
21 30 59 61 62 63 64 73 75
21 30 59 61 62 63 64 73 74
21 30 59 61 62 63 64 71 72 75
21 30 59 61 62 63 64 71 72 73 74
21 30 48 59 63 65 73
21 30 48 59 63 65 71 72
21 30 48 59 63 64 73
21 30 48 59 63 64 71 72
21 30 48 59 61 62 65 73
21 30 48 59 61 62 65 71 72
21 30 48 59 61 62 63 64 73
21 30 48 59 61 62 63 64 71 72
21 30 46 59 63 65 75
21 30 46 59 63 65 73 74
21 30 46 59 63 64 75
21 30 46 59 63 64 73 74
21 30 46 59 61 62 65 75
21 30 46 59 61 62 65 73 74
21 30 46 59 61 62 63 64 75
21 30 46 59 61 62 63 64 73 74
21 30 46 48 59 63 65
21 30 46 48 59 63 64
21 30 46 48 59 61 62 65
21 30 46 48 59 61 62 63 64
21 30 38 59 63 73 75
21 30 38 59 63 73 74
21 30 38 59 63 71 72 75
21 30 38 59 63 71 72 73 74
21 30 38 59 61 62 73 75
21 30 38 59 61 62 73 74
21 30 38 59 61 62 71 72 75
21 30 38 59 61 62 71 72 73 74
21 30 38 48 59 63 73
21 30 38 48 59 63 71 72
21 30 38 48 59 61 62 73
21 30 38 48 59 61 62 71 72
21 30 38 46 59 63 75
21 30 38 46 59 63 73 74
21 30 38 46 59 61 62 75
21 30 38 46 59 61 62 73 74
21 30 38 46 48 59 63
21 30 38 46 48 59 61 62
21 30 36 59 65 73 75
21 30 36 59 65 73 74
21 30 36 59 65 71 72 75
21 30 36 59 65 71 72 73 74
21 30 36 59 63 64 73 75
21 30 36 59 63 64 73 74
21 30 36 59 63 64 71 72 75
21 30 36 59 63 64 71 72 73 74
21 30 36 48 59 65 73
21 30 36 48 59 65 71 72
21 30 36 48 59 63 64 73
21 30 36 48 59 63 64 71 72
21 30 36 46 59 65 75
21 30 36 46 59 65 73 74
21 30 36 46 59 63 64 75
21 30 36 46 59 63 64 73 74
21 30 36 46 48 59 65
21 30 36 46 48 59 63 64
21 30 36 38 59 73 75
21 30 36 38 59 73 74
21 30 36 38 59 71 72 75
21 30 36 38 59 71 72 73 74
21 30 36 38 48 59 73
21 30 36 38 48 59 71 72
21 30 36 38 46 59 75
21 30 36 38 46 59 73 74
21 30 36 38 46 48 59
21 28 29 59 63 65 73 75
21 28 29 59 63 65 73 74
21 28 29 59 63 65 71 72 75
21 28 29 59 63 65 71 72 73 74
21 28 29 59 63 64 73 75
21 28 29 59 63 64 73 74
21 28 29 59 63 64 71 72 75
21 28 29 59 63 64 71 72 73 74
21 28 29 59 61 62 65 73 75
21 28 29 59 61 62 65 73 74
21 28 29 59 61 62 65 71 72 75
21 28 29 59 61 62 65 71 72 73 74
21 28 29 59 61 62 63 64 73 75
21 28 29 59 61 62 63 64 73 74
21 28 29 59 61 62 63 64 71 72 75
21 28 29 59 61 62 63 64 71 72 73 74
21 28 29 48 59 63 65 73
21 28 29 48 59 63 65 71 72
21 28 29 48 59 63 64 73
21 28 29 48 59 63 64 71 72
21 28 29 48 59 61 62 65 73
21 28 29 48 59 61 62 65 71 72
21 28 29 48 59 61 62 63 64 73
21 28 29 48 59 61 62 63 64 71 72
21 28 29 46 59 63 65 75
21 28 29 46 59 63 65 73 74
21 28 29 46 59 63 64 75
21 28 29 46 59 63 64 73 74
21 28 29 46 59 61 62 65 75
21 28 29 46 59 61 62 65 73 74
21 28 29 46 59 61 62 63 64 75
21 28 29 46 59 61 62 63 64 73 74
21 28 29 46 48 59 63 65
21 28 29 46 48 59 63 64
21 28 29 46 48 59 61 62 65
21 28 29 46 48 59 61 62 63 64
21 28 29 38 59 63 73 75
21 28 29 38 59 63 73 74
21 28 29 38 59 63 71 72 75
21 28 29 38 59 63 71 72 73 74
21 28 29 38 59 61 62 73 75
21 28 29 38 59 61 62 73 74
21 28 29 38 59 61 62 71 72 75
21 28 29 38 59 61 62 71 72 73 74
21 28 29 38 48 59 63 73
21 28 29 38 48 59 63 71 72
21 28 29 38 48 59 61 62 73
21 28 29 38 48 59 61 62 71 72
21 28 29 38 46 59 63 75
21 28 29 38 46 59 63 73 74
21 28 29 38 46 59 61 62 75
21 28 29 38 46 59 61 62 73 74
21 28 29 38 46 48 59 63
21 28 29 38 46 48 59 61 62
21 28 29 36 59 65 73 75
21 28 29 36 59 65 73 74
21 28 29 36 59 65 71 72 75
21 28 29 36 59 65 71 72 73 74
21 28 29 36 59 63 64 73 75
21 28 29 36 59 63 64 73 74
21 28 29 36 59 63 64 71 72 75
21 28 29 36 59 63 64 71 72 73 74
21 28 29 36 48 59 65 73
21 28 29 36 48 59 65 71 72
21 28 29 36 48 59 63 64 73
21 28 29 36 48 59 63 64 71 72
21 28 29 36 46 59 65 75
21 28 29 36 46 59 65 73 74
21 28 29 36 46 59 63 64 75
21 28 29 36 46 59 63 64 73 74
21 28 29 36 46 48 59 65
21 28 29 36 46 48 59 63 64
21 28 29 36 38 59 73 75
21 28 29 36 38 59 73 74
21 28 29 36 38 59 71 72 75
21 28 29 36 38 59 71 72 73 74
21 28 29 36 38 48 59 73
21 28 29 36 38 48 59 71 72
21 28 29 36 38 46 59 75
21 28 29 36 38 46 59 73 74
21 28 29 36 38 46 48 59
20
20 69
20 67 68
20 42
20 36
20 36 59
20 34
19
19 57 59 73
19 57 59 71 72
19 46 57 59
18 59 61 63 73
18 59 61 63 71 72
18 59 61 62 73
18 59 61 62 71 72
18 57 59 60 73
18 57 59 60 71 72
18 57 58 59 73
18 57 58 59 71 72
18 46 59 61 63
18 46 59 61 62
18 46 57 59 60
18 46 57 58 59
18 36 59 61 73
18 36 59 61 71 72
18 36 46 59 61
18 33 57 59 73
18 33 57 59 71 72
18 33 46 57 59
17
17 43 57 59 60 73
17 43 57 59 60 71 72
17 43 57 58 59 73
17 43 57 58 59 71 72
17 43 46 57 59 60
17 43 46 57 58 59
17 41 42 57 59 60 73
17 41 42 57 59 60 71 72
17 41 42 57 58 59 73
17 41 42 57 58 59 71 72
17 41 42 46 57 59 60
17 41 42 46 57 58 59
17 33 43 57 59 73
17 33 43 57 59 71 72
17 33 43 46 57 59
17 33 41 42 57 59 73
17 33 41 42 57 59 71 72
17 33 41 42 46 57 59
16 44 57 59 60 73
16 44 57 59 60 71 72
16 44 57 58 59 73
16 44 57 58 59 71 72
16 44 46 57 59 60
16 44 46 57 58 59
16 42 43 57 59 60 73
16 42 43 57 59 60 71 72
16 42 43 57 58 59 73
16 42 43 57 58 59 71 72
16 42 43 46 57 59 60
16 42 43 46 57 58 59
16 33 44 57 59 73
16 33 44 57 59 71 72
16 33 44 46 57 59
16 33 42 43 57 59 73
16 33 42 43 57 59 71 72
16 33 42 43 46 57 59
16 17 59 61 63 73
16 17 59 61 63 71 72
16 17 59 61 62 73
16 17 59 61 62 71 72
16 17 46 59 61 63
16 17 46 59 61 62
16 17 36 59 61 73
16 17 36 59 61 71 72
16 17 36 46 59 61
14
14 67
14 65 66
14 40
11 69
11 67 68
11 42
9 69 78 79
9 67 68 78 79
9 53 69
9 53 67 68
9 42 78 79
9 42 53
8
7
3 59 63 65 73 75
3 59 63 65 73 74
3 59 63 65 71 72 75
3 59 63 65 71 72 73 74
3 59 63 64 73 75
3 59 63 64 73 74
3 59 63 64 71 72 75
3 59 63 64 71 72 73 74
3 59 61 62 65 73 75
3 59 61 62 65 73 74
3 59 61 62 65 71 72 75
3 59 61 62 65 71 72 73 74
3 59 61 62 63 64 73 75
3 59 61 62 63 64 73 74
3 59 61 62 63 64 71 72 75
3 59 61 62 63 64 71 72 73 74
3 57 59 60 73
3 57 59 60 71 72
3 57 58 59 73
3 57 58 59 71 72
3 48 59 63 65 73 75
3 48 59 63 65 73 74
3 48 59 63 65 71 72 75
3 48 59 63 65 71 72 73 74
3 48 59 63 64 73 75
3 48 59 63 64 73 74
3 48 59 63 64 71 72 75
3 48 59 63 64 71 72 73 74
3 48 59 61 62 65 73 75
3 48 59 61 62 65 73 74
3 48 59 61 62 65 71 72 75
3 48 59 61 62 65 71 72 73 74
3 48 59 61 62 63 64 73 75
3 48 59 61 62 63 64 73 74
3 48 59 61 62 63 64 71 72 75
3 48 59 61 62 63 64 71 72 73 74
3 46 59 63 65 75
3 46 59 63 65 73 74
3 46 59 63 64 75
3 46 59 63 64 73 74
3 46 59 61 62 65 75
3 46 59 61 62 65 73 74
3 46 59 61 62 63 64 75
3 46 59 61 62 63 64 73 74
3 46 57 59 60
3 46 57 58 59
3 46 48 59 63 65 75
3 46 48 59 63 65 73 74
3 46 48 59 63 64 75
3 46 48 59 63 64 73 74
3 46 48 59 61 62 65 75
3 46 48 59 61 62 65 73 74
3 46 48 59 61 62 63 64 75
3 46 48 59 61 62 63 64 73 74
3 46 47 59 63 65 75
3 46 47 59 63 65 73 75
3 46 47 59 63 65 71 72 75
3 46 47 59 63 65 71 72 73 74
3 46 47 59 63 64 75
3 46 47 59 63 64 73 75
3 46 47 59 63 64 71 72 75
3 46 47 59 63 64 71 72 73 74
3 46 47 59 61 62 65 75
3 46 47 59 61 62 65 73 75
3 46 47 59 61 62 65 71 72 75
3 46 47 59 61 62 65 71 72 73 74
3 46 47 59 61 62 63 64 75
3 46 47 59 61 62 63 64 73 75
3 46 47 59 61 62 63 64 71 72 75
3 46 47 59 61 62 63 64 71 72 73 74
3 46 47 48 59 63 65
3 46 47 48 59 63 65 73
3 46 47 48 59 63 65 71 72
3 46 47 48 59 63 64
3 46 47 48 59 63 64 73
3 46 47 48 59 63 64 71 72
3 46 47 48 59 61 62 65
3 46 47 48 59 61 62 65 73
3 46 47 48 59 61 62 65 71 72
3 46 47 48 59 61 62 63 64
3 46 47 48 59 61 62 63 64 73
3 46 47 48 59 61 62 63 64 71 72
3 38 59 63 73 75
3 38 59 63 73 74
3 38 59 63 71 72 75
3 38 59 63 71 72 73 74
3 38 59 61 62 73 75
3 38 59 61 62 73 74
3 38 59 61 62 71 72 75
3 38 59 61 62 71 72 73 74
3 38 48 59 63 73 75
3 38 48 59 63 73 74
3 38 48 59 63 71 72 75
3 38 48 59 63 71 72 73 74
3 38 48 59 61 62 73 75
3 38 48 59 61 62 73 74
3 38 48 59 61 62 71 72 75
3 38 48 59 61 62 71 72 73 74
3 38 46 59 63 75
3 38 46 59 63 73 74
3 38 46 59 61 62 75
3 38 46 59 61 62 73 74
3 38 46 48 59 63 75
3 38 46 48 59 63 73 74
3 38 46 48 59 61 62 75
3 38 46 48 59 61 62 73 74
3 38 46 47 59 63 75
3 38 46 47 59 63 73 75
3 38 46 47 59 63 71 72 75
3 38 46 47 59 63 71 72 73 74
3 38 46 47 59 61 62 75
3 38 46 47 59 61 62 73 75
3 38 46 47 59 61 62 71 72 75
3 38 46 47 59 61 62 71 72 73 74
3 38 46 47 48 59 63
3 38 46 47 48 59 63 73
3 38 46 47 48 59 63 71 72
3 38 46 47 48 59 61 62
3 38 46 47 48 59 61 62 73
3 38 46 47 48 59 61 62 71 72
3 36 59 65 73 75
3 36 59 65 73 74
3 36 59 65 71 72 75
3 36 59 65 71 72 73 74
3 36 59 63 64 73 75
3 36 59 63 64 73 74
3 36 59 63 64 71 72 75
3 36 59 63 64 71 72 73 74
3 36 48 59 65 73 75
3 36 48 59 65 73 74
3 36 48 59 65 71 72 75
3 36 48 59 65 71 72 73 74
3 36 48 59 63 64 73 75
3 36 48 59 63 64 73 74
3 36 48 59 63 64 71 72 75
3 36 48 59 63 64 71 72 73 74
3 36 46 59 65 75
3 36 46 59 65 73 74
3 36 46 59 63 64 75
3 36 46 59 63 64 73 74
3 36 46 48 59 65 75
3 36 46 48 59 65 73 74
3 36 46 48 59 63 64 75
3 36 46 48 59 63 64 73 74
3 36 46 47 59 65 75
3 36 46 47 59 65 73 75
3 36 46 47 59 65 71 72 75
3 36 46 47 59 65 71 72 73 74
3 36 46 47 59 63 64 75
3 36 46 47 59 63 64 73 75
3 36 46 47 59 63 64 71 72 75
3 36 46 47 59 63 64 71 72 73 74
3 36 46 47 48 59 65
3 36 46 47 48 59 65 73
3 36 46 47 48 59 65 71 72
3 36 46 47 48 59 63 64
3 36 46 47 48 59 63 64 73
3 36 46 47 48 59 63 64 71 72
3 36 38 59 73 75
3 36 38 59 73 74
3 36 38 59 71 72 75
3 36 38 59 71 72 73 74
3 36 38 48 59 73 75
3 36 38 48 59 73 74
3 36 38 48 59 71 72 75
3 36 38 48 59 71 72 73 74
3 36 38 46 59 75
3 36 38 46 59 73 74
3 36 38 46 48 59 75
3 36 38 46 48 59 73 74
3 36 38 46 47 59 75
3 36 38 46 47 59 73 75
3 36 38 46 47 59 71 72 75
3 36 38 46 47 59 71 72 73 74
3 36 38 46 47 48 59
3 36 38 46 47 48 59 73
3 36 38 46 47 48 59 71 72
3 33 57 59 73
3 33 57 59 71 72
3 33 46 57 59
3 21 59 63 65 73 75
3 21 59 63 65 73 74
3 21 59 63 65 71 72 75
3 21 59 63 65 71 72 73 74
3 21 59 63 64 73 75
3 21 59 63 64 73 74
3 21 59 63 64 71 72 75
3 21 59 63 64 71 72 73 74
3 21 59 61 62 65 73 75
3 21 59 61 62 65 73 74
3 21 59 61 62 65 71 72 75
3 21 59 61 62 65 71 72 73 74
3 21 59 61 62 63 64 73 75
3 21 59 61 62 63 64 73 74
3 21 59 61 62 63 64 71 72 75
3 21 59 61 62 63 64 71 72 73 74
3 21 48 59 63 65 73
3 21 48 59 63 65 71 72
3 21 48 59 63 64 73
3 21 48 59 63 64 71 72
3 21 48 59 61 62 65 73
3 21 48 59 61 62 65 71 72
3 21 48 59 61 62 63 64 73
3 21 48 59 61 62 63 64 71 72
3 21 46 59 63 65 75
3 21 46 59 63 65 73 74
3 21 46 59 63 64 75
3 21 46 59 63 64 73 74
3 21 46 59 61 62 65 75
3 21 46 59 61 62 65 73 74
3 21 46 59 61 62 63 64 75
3 21 46 59 61 62 63 64 73 74
3 21 46 48 59 63 65
3 21 46 48 59 63 64
3 21 46 48 59 61 62 65
3 21 46 48 59 61 62 63 64
3 21 38 59 63 73 75
3 21 38 59 63 73 74
3 21 38 59 63 71 72 75
3 21 38 59 63 71 72 73 74
3 21 38 59 61 62 73 75
3 21 38 59 61 62 73 74
3 21 38 59 61 62 71 72 75
3 21 38 59 61 62 71 72 73 74
3 21 38 48 59 63 73
3 21 38 48 59 63 71 72
3 21 38 48 59 61 62 73
3 21 38 48 59 61 62 71 72
3 21 38 46 59 63 75
3 21 38 46 59 63 73 74
3 21 38 46 59 61 62 75
3 21 38 46 59 61 62 73 74
3 21 38 46 48 59 63
3 21 38 46 48 59 61 62
3 21 36 59 65 73 75
3 21 36 59 65 73 74
3 21 36 59 65 71 72 75
3 21 36 59 65 71 72 73 74
3 21 36 59 63 64 73 75
3 21 36 59 63 64 73 74
3 21 36 59 63 64 71 72 75
3 21 36 59 63 64 71 72 73 74
3 21 36 48 59 65 73
3 21 36 48 59 65 71 72
3 21 36 48 59 63 64 73
3 21 36 48 59 63 64 71 72
3 21 36 46 59 65 75
3 21 36 46 59 65 73 74
3 21 36 46 59 63 64 75
3 21 36 46 59 63 64 73 74
3 21 36 46 48 59 65
3 21 36 46 48 59 63 64
3 21 36 38 59 73 75
3 21 36 38 59 73 74
3 21 36 38 59 71 72 75
3 21 36 38 59 71 72 73 74
3 21 36 38 48 59 73
3 21 36 38 48 59 71 72
3 21 36 38 46 59 75
3 21 36 38 46 59 73 74
3 21 36 38 46 48 59
1
1 69
1 69 73
1 69 71 72
1 67
1 67 68
1 67 68 73
1 67 68 71 72
1 65 66
1 61 69
1 61 69 71
1 61 69 70
1 61 67 68
1 61 67 68 71
1 61 67 68 69 70
1 59
1 59 69
1 59 67 68
1 46 69
1 46 67 68
1 44 61 69
1 44 61 67 68
1 42
1 42 73
1 42 71 72
1 42 61
1 42 61 71
1 42 61 69 70
1 42 59
1 42 46
1 42 44 61
1 40
1 37 69
1 37 67 68
1 37 42
1 36 69
1 36 67 68
1 36 59 69
1 36 59 67 68
1 36 42
1 36 42 59
1 22 61 69
1 22 61 67 68
1 22 42 61
1 21 69
1 21 67 68
1 21 42
1 20 69
1 20 67 68
1 20 42
1 10
1 7 69
1 7 67 68
1 7 42

