78 79
71
69
69 78 79
69 71
68
68 69
68 69 78 79
67 68 71
67 68 69 70
61 78 79
61 69 78 79
61 68
61 67 78 79
61 67 68 78 79
61 65 66 78 79
59
59 71
59 69 70
59 67 78 79
59 65 73 75
59 65 73 74
59 65 71 72 75
59 65 71 72 73 74
59 65 66 78 79
59 63 64 73 75
59 63 64 73 74
59 63 64 71 72 75
59 63 64 71 72 73 74
59 61 77
59 61 75
59 61 75 76
59 61 73
59 61 71 72 74
59 61 71 72 73
59 61 70 71 73
59 61 70 71 72
59 61 69
59 61 67 68
59 61 65 75
59 61 65 73 74
59 61 63 64 75
59 61 63 64 73
59 61 63 64 73 74
59 61 63 64 71 72
59 61 62 64 73
59 61 62 64 71 72
59 60 61 75
59 60 61 73
59 60 61 73 74
59 60 61 71 72
59 60 61 65
59 60 61 63 64
58 59 61 65
58 59 61 63 64
57 61 77
57 61 75 76
57 61 73 78
57 61 73 76 77
57 61 71 72 78
57 61 71 72 76 77
57 60 61 73 77
57 60 61 73 75 76
57 60 61 71 72 77
57 60 61 71 72 75 76
57 59 77
57 59 75 76
57 59 69 78 79
57 59 67 68 78 79
57 59 61 77
57 59 61 75 76
57 59 61 73 77
57 59 61 73 75 76
57 59 61 71 72 77
57 59 61 71 72 75 76
57 59 60 75
57 59 60 73
57 59 60 73 78
57 59 60 73 78 79
57 59 60 73 76 77
57 59 60 73 74
57 59 60 71 72
57 59 60 71 72 78
57 59 60 71 72 78 79
57 59 60 71 72 76 77
57 59 60 61 75
57 59 60 61 73
57 59 60 61 73 78 79
57 59 60 61 73 74
57 59 60 61 71 72
57 59 60 61 71 72 78 79
57 58 59 61 73 78 79
57 58 59 61 71 72 78 79
57 58 59 60 73
57 58 59 60 73 78 79
57 58 59 60 73 77
57 58 59 60 73 75 76
57 58 59 60 71 72
57 58 59 60 71 72 78 79
57 58 59 60 71 72 77
57 58 59 60 71 72 75 76
57 58 59 60 61 73 77
57 58 59 60 61 73 75 76
57 58 59 60 61 71 72 77
57 58 59 60 61 71 72 75 76
55 69
55 67 68
55 59
55 56 59 69 78 79
55 56 59 67 68 78 79
53
53 69
53 68 69
53 61
53 61 69
53 61 67
53 61 67 68
53 61 65 66
53 59 67
53 59 65 66
53 57 59 69
53 57 59 67 68
53 57 59 60 73
53 57 59 60 71 72
53 57 59 60 61 73
53 57 59 60 61 71 72
53 57 58 59 61 73
53 57 58 59 61 71 72
53 57 58 59 60 73
53 57 58 59 60 71 72
53 55 56 59 69
53 55 56 59 67 68
53 54
53 54 59
51 57 61 73
51 57 61 71 72
51 57 59 60 73
51 57 59 60 71 72
50 59 61
50 59 61 73
50 59 61 71 72
50 57 61
50 57 60 61 73
50 57 60 61 71 72
50 57 59
50 57 59 61
50 57 59 61 73
50 57 59 61 71 72
50 57 58 59 60 73
50 57 58 59 60 71 72
50 57 58 59 60 61 73
50 57 58 59 60 61 71 72
48 59 65 73
48 59 65 71 72
48 59 63 64 73
48 59 63 64 71 72
48 59 61
48 59 61 65
48 59 61 63 64
48 59 60 61
48 57 59 60
48 57 59 60 61
48 49 59 61 73
48 49 59 61 71 72
47 59 61 73
47 59 61 71 72
46
46 59 65 75
46 59 65 73 74
46 59 63 64 75
46 59 63 64 73 74
46 59 61
46 59 61 74
46 59 61 72
46 59 61 72 73
46 59 61 70 71
46 59 61 63 64
46 59 61 62 64
46 59 60 61
46 57 61 78
46 57 61 76 77
46 57 60 61 77
46 57 60 61 75 76
46 57 59 61 77
46 57 59 61 75 76
46 57 59 60
46 57 59 60 78
46 57 59 60 78 79
46 57 59 60 76 77
46 57 59 60 61
46 57 59 60 61 78 79
46 57 58 59 61 78 79
46 57 58 59 60
46 57 58 59 60 78 79
46 57 58 59 60 77
46 57 58 59 60 75 76
46 57 58 59 60 61 77
46 57 58 59 60 61 75 76
46 53 57 59 60
46 53 57 59 60 61
46 53 57 58 59 61
46 53 57 58 59 60
46 51 57 61
46 51 57 59 60
46 50 59 61
46 50 57 60 61
46 50 57 59 61
46 50 57 58 59 60
46 50 57 58 59 60 61
46 48 59 65
46 48 59 63 64
46 48 49 59 61
46 47 59 61
45 59 61 73
45 59 61 71 72
45 46 59 61
44
44 69
44 67 68
44 61 63 78
44 61 63 76 77
44 61 62 63 78
44 61 62 63 76 77
44 59
44 59 73 78 79
44 59 71 72 78 79
44 59 63 73 78
44 59 63 73 76 77
44 59 63 71 72 78
44 59 63 71 72 76 77
44 59 61 78
44 59 61 76 77
44 59 61 73
44 59 61 73 77
44 59 61 73 75 76
44 59 61 71 72
44 59 61 71 72 77
44 59 61 71 72 75 76
44 59 61 63 64 73
44 59 61 63 64 71 72
44 59 61 63 64 65 73
44 59 61 63 64 65 71 72
44 59 60 73
44 59 60 71 72
44 59 60 61 78
44 59 60 61 76 77
44 57 61 73 78
44 57 61 73 76 77
44 57 61 71 72 78
44 57 61 71 72 76 77
44 57 59 73 78
44 57 59 73 76 77
44 57 59 71 72 78
44 57 59 71 72 76 77
44 57 59 60 73 78
44 57 59 60 73 77
44 57 59 60 73 76 77
44 57 59 60 73 75 76
44 57 59 60 71 72 78
44 57 59 60 71 72 77
44 57 59 60 71 72 76 77
44 57 59 60 71 72 75 76
44 57 59 60 61 73 78
44 57 59 60 61 73 77
44 57 59 60 61 73 76 77
44 57 59 60 61 73 75 76
44 57 59 60 61 71 72 78
44 57 59 60 61 71 72 77
44 57 59 60 61 71 72 76 77
44 57 59 60 61 71 72 75 76
44 57 58 59 61 73 78
44 57 58 59 61 73 77
44 57 58 59 61 73 76 77
44 57 58 59 61 73 75 76
44 57 58 59 61 71 72 78
44 57 58 59 61 71 72 77
44 57 58 59 61 71 72 76 77
44 57 58 59 61 71 72 75 76
44 57 58 59 60 73 78
44 57 58 59 60 73 77
44 57 58 59 60 73 76 77
44 57 58 59 60 73 75 76
44 57 58 59 60 71 72 78
44 57 58 59 60 71 72 77
44 57 58 59 60 71 72 76 77
44 57 58 59 60 71 72 75 76
44 53 59 73
44 53 59 71 72
44 51 61 63
44 51 61 62 63
44 51 59 63 73
44 51 59 63 71 72
44 51 59 61
44 51 59 60 61
44 51 57 61 73
44 51 57 61 71 72
44 51 57 59 73
44 51 57 59 71 72
44 51 57 59 60 73
44 51 57 59 60 71 72
44 51 57 59 60 61 73
44 51 57 59 60 61 71 72
44 51 57 58 59 61 73
44 51 57 58 59 61 71 72
44 51 57 58 59 60 73
44 51 57 58 59 60 71 72
44 50 59 61 73
44 50 59 61 71 72
44 50 57 59 60 73
44 50 57 59 60 71 72
44 50 57 59 60 61 73
44 50 57 59 60 61 71 72
44 50 57 58 59 61 73
44 50 57 58 59 61 71 72
44 50 57 58 59 60 73
44 50 57 58 59 60 71 72
44 48 59 61 73 77
44 48 59 61 73 75 76
44 48 59 61 71 72 77
44 48 59 61 71 72 75 76
44 48 50 59 61 73
44 48 50 59 61 71 72
44 46 59 78 79
44 46 59 63 78
44 46 59 63 76 77
44 46 59 61
44 46 59 61 77
44 46 59 61 75 76
44 46 59 61 63 64
44 46 59 61 63 64 65
44 46 59 60
44 46 57 61 78
44 46 57 61 76 77
44 46 57 59 78
44 46 57 59 76 77
44 46 57 59 60 78
44 46 57 59 60 77
44 46 57 59 60 76 77
44 46 57 59 60 75 76
44 46 57 59 60 61 78
44 46 57 59 60 61 77
44 46 57 59 60 61 76 77
44 46 57 59 60 61 75 76
44 46 57 58 59 61 78
44 46 57 58 59 61 77
44 46 57 58 59 61 76 77
44 46 57 58 59 61 75 76
44 46 57 58 59 60 78
44 46 57 58 59 60 77
44 46 57 58 59 60 76 77
44 46 57 58 59 60 75 76
44 46 53 59
44 46 51 59 63
44 46 51 57 61
44 46 51 57 59
44 46 51 57 59 60
44 46 51 57 59 60 61
44 46 51 57 58 59 61
44 46 51 57 58 59 60
44 46 50 59 61
44 46 50 57 59 60
44 46 50 57 59 60 61
44 46 50 57 58 59 61
44 46 50 57 58 59 60
44 46 48 59 61 77
44 46 48 59 61 75 76
44 46 48 50 59 61
44 46 47 59 61 77
44 46 47 59 61 75 76
44 46 47 59 61 73 77
44 46 47 59 61 73 75 76
44 46 47 59 61 71 72 77
44 46 47 59 61 71 72 75 76
44 46 47 50 59 61
44 46 47 50 59 61 73
44 46 47 50 59 61 71 72
44 45
42
42 78 79
42 71
42 69 70
42 68
42 68 78 79
42 61 78 79
42 61 73 77
42 61 73 75 76
42 61 71 72 77
42 61 71 72 75 76
42 61 63 73 77
42 61 63 73 75 76
42 61 63 71 72 77
42 61 63 71 72 75 76
42 60 61 73 77
42 60 61 73 75 76
42 60 61 71 72 77
42 60 61 71 72 75 76
42 59 73
42 59 73 78
42 59 73 76 77
42 59 71 72
42 59 71 72 78
42 59 71 72 76 77
42 59 61 78
42 59 61 76 77
42 59 61 73 78 79
42 59 61 71 72 78 79
42 59 61 63 77
42 59 61 63 75
42 59 61 63 75 76
42 59 61 63 73
42 59 61 63 73 74
42 59 61 63 71 72
42 59 60 63 73
42 59 60 63 71 72
42 59 60 61 78
42 59 60 61 76 77
42 59 60 61 75
42 59 60 61 73 74
42 59 60 61 63 75
42 59 60 61 63 73 74
42 59 60 61 62 73 77
42 59 60 61 62 73 75 76
42 59 60 61 62 71 72 77
42 59 60 61 62 71 72 75 76
42 58 59 61 73 77
42 58 59 61 73 75 76
42 58 59 61 71 72 77
42 58 59 61 71 72 75 76
42 58 59 60 61 73 77
42 58 59 60 61 73 75 76
42 58 59 60 61 71 72 77
42 58 59 60 61 71 72 75 76
42 57 61 73 78
42 57 61 73 76 77
42 57 61 71 72 78
42 57 61 71 72 76 77
42 57 59 78 79
42 57 59 73
42 57 59 71 72
42 57 59 68 73
42 57 59 68 71 72
42 57 59 67 68 73
42 57 59 67 68 71 72
42 57 59 63 73
42 57 59 63 71 72
42 57 59 61
42 57 59 61 78
42 57 59 61 77 78
42 57 59 61 75 76 78
42 57 59 61 75 76 77
42 57 59 61 73
42 57 59 61 71 72
42 57 59 61 68 78
42 57 59 61 68 76 77
42 57 59 61 67 78
42 57 59 61 67 76 77
42 57 59 61 66 78
42 57 59 61 66 76 77
42 57 59 61 66 67 78
42 57 59 61 66 67 76 77
42 57 59 61 65 73 77
42 57 59 61 65 73 75 76
42 57 59 61 65 71 72 77
42 57 59 61 65 71 72 75 76
42 57 59 61 64 73
42 57 59 61 64 71 72
42 57 59 61 63 73
42 57 59 61 63 71 72
42 57 59 61 63 64 73 77
42 57 59 61 63 64 73 75 76
42 57 59 61 63 64 71 72 77
42 57 59 61 63 64 71 72 75 76
42 57 59 61 62 63 73
42 57 59 61 62 63 71 72
42 57 59 60 73
42 57 59 60 71 72
42 57 59 60 65 73 77
42 57 59 60 65 73 75 76
42 57 59 60 65 71 72 77
42 57 59 60 65 71 72 75 76
42 57 59 60 64 73
42 57 59 60 64 71 72
42 57 59 60 63 73
42 57 59 60 63 71 72
42 57 59 60 63 64 73 77
42 57 59 60 63 64 73 75 76
42 57 59 60 63 64 71 72 77
42 57 59 60 63 64 71 72 75 76
42 57 59 60 62 63 73
42 57 59 60 62 63 71 72
42 57 59 60 61
42 57 59 60 61 78
42 57 59 60 61 77 78
42 57 59 60 61 75 76 78
42 57 59 60 61 75 76 77
42 57 59 60 61 73
42 57 59 60 61 71 72
42 57 59 60 61 68 78
42 57 59 60 61 68 76 77
42 57 59 60 61 67 78
42 57 59 60 61 67 76 77
42 57 59 60 61 66 78
42 57 59 60 61 66 76 77
42 57 59 60 61 66 67 78
42 57 59 60 61 66 67 76 77
42 57 59 60 61 62 73
42 57 59 60 61 62 71 72
42 57 58 59 73
42 57 58 59 71 72
42 57 58 59 61 73
42 57 58 59 61 71 72
42 57 58 59 60 73
42 57 58 59 60 71 72
42 55
42 55 56 59 78 79
42 53
42 53 68
42 53 61
42 53 59 61 73
42 53 59 61 71 72
42 53 57 59
42 53 55 56 59
42 51 59 73
42 51 59 71 72
42 51 59 61
42 51 59 60 61
42 51 57 61 73
42 51 57 61 71 72
42 51 57 59 61
42 51 57 59 61 77
42 51 57 59 61 75 76
42 51 57 59 61 68
42 51 57 59 61 67
42 51 57 59 61 66
42 51 57 59 61 66 67
42 51 57 59 60 61
42 51 57 59 60 61 77
42 51 57 59 60 61 75 76
42 51 57 59 60 61 68
42 51 57 59 60 61 67
42 51 57 59 60 61 66
42 51 57 59 60 61 66 67
42 50 61 73
42 50 61 71 72
42 50 61 63 73
42 50 61 63 71 72
42 50 60 61 73
42 50 60 61 71 72
42 50 59 61 63
42 50 59 60 61 62 73
42 50 59 60 61 62 71 72
42 50 58 59 61 73
42 50 58 59 61 71 72
42 50 58 59 60 61 73
42 50 58 59 60 61 71 72
42 50 57 59 61 78
42 50 57 59 61 76 77
42 50 57 59 61 65 73
42 50 57 59 61 65 71 72
42 50 57 59 61 63 64 73
42 50 57 59 61 63 64 71 72
42 50 57 59 60 65 73
42 50 57 59 60 65 71 72
42 50 57 59 60 63 64 73
42 50 57 59 60 63 64 71 72
42 50 57 59 60 61 78
42 50 57 59 60 61 76 77
42 50 51 57 59 61
42 50 51 57 59 60 61
42 49 57 59 61 73
42 49 57 59 61 71 72
42 49 57 59 60 73
42 49 57 59 60 71 72
42 48 59 61 63
42 48 59 60 61
42 48 59 60 61 63
42 48 57 59 73
42 48 57 59 71 72
42 48 57 59 63 73
42 48 57 59 63 71 72
42 48 57 59 61 62 73
42 48 57 59 61 62 71 72
42 47 61 73 77
42 47 61 73 75 76
42 47 61 71 72 77
42 47 61 71 72 75 76
42 47 59 60 61 73 77
42 47 59 60 61 73 75 76
42 47 59 60 61 71 72 77
42 47 59 60 61 71 72 75 76
42 47 50 61 73
42 47 50 61 71 72
42 47 50 59 60 61 73
42 47 50 59 60 61 71 72
42 47 48 57 59 61 73
42 47 48 57 59 61 71 72
42 47 48 57 59 60 73
42 47 48 57 59 60 71 72
42 46 61 77
42 46 61 75 76
42 46 61 63 77
42 46 61 63 75 76
42 46 60 61 77
42 46 60 61 75 76
42 46 59
42 46 59 78
42 46 59 76 77
42 46 59 61 78 79
42 46 59 61 63
42 46 59 60 63
42 46 59 60 61 62 77
42 46 59 60 61 62 75 76
42 46 58 59 61 77
42 46 58 59 61 75 76
42 46 58 59 60 61 77
42 46 58 59 60 61 75 76
42 46 57 61 78
42 46 57 61 76 77
42 46 57 59
42 46 57 59 68
42 46 57 59 67 68
42 46 57 59 63
42 46 57 59 61
42 46 57 59 61 65 77
42 46 57 59 61 65 75 76
42 46 57 59 61 64
42 46 57 59 61 63
42 46 57 59 61 63 64 77
42 46 57 59 61 63 64 75 76
42 46 57 59 61 62 63
42 46 57 59 60
42 46 57 59 60 65 77
42 46 57 59 60 65 75 76
42 46 57 59 60 64
42 46 57 59 60 63
42 46 57 59 60 63 64 77
42 46 57 59 60 63 64 75 76
42 46 57 59 60 62 63
42 46 57 59 60 61
42 46 57 59 60 61 62
42 46 57 58 59
42 46 57 58 59 61
42 46 57 58 59 60
42 46 53 59 61
42 46 51 59
42 46 51 57 61
42 46 50 61
42 46 50 61 63
42 46 50 60 61
42 46 50 59 60 61 62
42 46 50 58 59 61
42 46 50 58 59 60 61
42 46 50 57 59 61 65
42 46 50 57 59 61 63 64
42 46 50 57 59 60 65
42 46 50 57 59 60 63 64
42 46 49 57 59 61
42 46 49 57 59 60
42 46 48 57 59
42 46 48 57 59 63
42 46 48 57 59 61 62
42 46 47 61 77
42 46 47 61 75 76
42 46 47 59 60 61 77
42 46 47 59 60 61 75 76
42 46 47 57 59
42 46 47 57 59 73
42 46 47 57 59 71 72
42 46 47 57 59 63
42 46 47 57 59 63 73
42 46 47 57 59 63 71 72
42 46 47 57 59 61 62
42 46 47 57 59 61 62 73
42 46 47 57 59 61 62 71 72
42 46 47 50 61
42 46 47 50 59 60 61
42 46 47 48 57 59 61
42 46 47 48 57 59 60
42 45 46 61 77
42 45 46 61 75 76
42 45 46 61 73 77
42 45 46 61 73 75 76
42 45 46 61 71 72 77
42 45 46 61 71 72 75 76
42 45 46 59 60 61 77
42 45 46 59 60 61 75 76
42 45 46 59 60 61 73 77
42 45 46 59 60 61 73 75 76
42 45 46 59 60 61 71 72 77
42 45 46 59 60 61 71 72 75 76
42 45 46 50 61
42 45 46 50 61 73
42 45 46 50 61 71 72
42 45 46 50 59 60 61
42 45 46 50 59 60 61 73
42 45 46 50 59 60 61 71 72
42 44
42 44 59 73
42 44 59 71 72
42 44 46 59
42 43 61 63 78
42 43 61 63 76 77
42 43 61 62 63 78
42 43 61 62 63 76 77
42 43 59 73
42 43 59 73 78 79
42 43 59 71 72
42 43 59 71 72 78 79
42 43 59 63 73 78
42 43 59 63 73 76 77
42 43 59 63 71 72 78
42 43 59 63 71 72 76 77
42 43 59 61 78
42 43 59 61 76 77
42 43 59 61 73
42 43 59 61 73 77
42 43 59 61 73 75 76
42 43 59 61 71 72
42 43 59 61 71 72 77
42 43 59 61 71 72 75 76
42 43 59 61 63 64 73
42 43 59 61 63 64 71 72
42 43 59 61 63 64 65 73
42 43 59 61 63 64 65 71 72
42 43 59 60 73
42 43 59 60 71 72
42 43 59 60 61 78
42 43 59 60 61 76 77
42 43 57 61 73 78
42 43 57 61 73 76 77
42 43 57 61 71 72 78
42 43 57 61 71 72 76 77
42 43 57 59 73 78
42 43 57 59 73 76 77
42 43 57 59 71 72 78
42 43 57 59 71 72 76 77
42 43 57 59 60 73 78
42 43 57 59 60 73 77
42 43 57 59 60 73 76 77
42 43 57 59 60 73 75 76
42 43 57 59 60 71 72 78
42 43 57 59 60 71 72 77
42 43 57 59 60 71 72 76 77
42 43 57 59 60 71 72 75 76
42 43 57 59 60 61 73 78
42 43 57 59 60 61 73 77
42 43 57 59 60 61 73 76 77
42 43 57 59 60 61 73 75 76
42 43 57 59 60 61 71 72 78
42 43 57 59 60 61 71 72 77
42 43 57 59 60 61 71 72 76 77
42 43 57 59 60 61 71 72 75 76
42 43 57 58 59 61 73 78
42 43 57 58 59 61 73 77
42 43 57 58 59 61 73 76 77
42 43 57 58 59 61 73 75 76
42 43 57 58 59 61 71 72 78
42 43 57 58 59 61 71 72 77
42 43 57 58 59 61 71 72 76 77
42 43 57 58 59 61 71 72 75 76
42 43 57 58 59 60 73 78
42 43 57 58 59 60 73 77
42 43 57 58 59 60 73 76 77
42 43 57 58 59 60 73 75 76
42 43 57 58 59 60 71 72 78
42 43 57 58 59 60 71 72 77
42 43 57 58 59 60 71 72 76 77
42 43 57 58 59 60 71 72 75 76
42 43 53 59 73
42 43 53 59 71 72
42 43 51 61 63
42 43 51 61 62 63
42 43 51 59 63 73
42 43 51 59 63 71 72
42 43 51 59 61
42 43 51 59 60 61
42 43 51 57 61 73
42 43 51 57 61 71 72
42 43 51 57 59 73
42 43 51 57 59 71 72
42 43 51 57 59 60 73
42 43 51 57 59 60 71 72
42 43 51 57 59 60 61 73
42 43 51 57 59 60 61 71 72
42 43 51 57 58 59 61 73
42 43 51 57 58 59 61 71 72
42 43 51 57 58 59 60 73
42 43 51 57 58 59 60 71 72
42 43 50 59 61 73
42 43 50 59 61 71 72
42 43 50 57 59 60 73
42 43 50 57 59 60 71 72
42 43 50 57 59 60 61 73
42 43 50 57 59 60 61 71 72
42 43 50 57 58 59 61 73
42 43 50 57 58 59 61 71 72
42 43 50 57 58 59 60 73
42 43 50 57 58 59 60 71 72
42 43 48 59 61 73 77
42 43 48 59 61 73 75 76
42 43 48 59 61 71 72 77
42 43 48 59 61 71 72 75 76
42 43 48 50 59 61 73
42 43 48 50 59 61 71 72
42 43 46 59
42 43 46 59 78 79
42 43 46 59 63 78
42 43 46 59 63 76 77
42 43 46 59 61
42 43 46 59 61 77
42 43 46 59 61 75 76
42 43 46 59 61 63 64
42 43 46 59 61 63 64 65
42 43 46 59 60
42 43 46 57 61 78
42 43 46 57 61 76 77
42 43 46 57 59 78
42 43 46 57 59 76 77
42 43 46 57 59 60 78
42 43 46 57 59 60 77
42 43 46 57 59 60 76 77
42 43 46 57 59 60 75 76
42 43 46 57 59 60 61 78
42 43 46 57 59 60 61 77
42 43 46 57 59 60 61 76 77
42 43 46 57 59 60 61 75 76
42 43 46 57 58 59 61 78
42 43 46 57 58 59 61 77
42 43 46 57 58 59 61 76 77
42 43 46 57 58 59 61 75 76
42 43 46 57 58 59 60 78
42 43 46 57 58 59 60 77
42 43 46 57 58 59 60 76 77
42 43 46 57 58 59 60 75 76
42 43 46 53 59
42 43 46 51 59 63
42 43 46 51 57 61
42 43 46 51 57 59
42 43 46 51 57 59 60
42 43 46 51 57 59 60 61
42 43 46 51 57 58 59 61
42 43 46 51 57 58 59 60
42 43 46 50 59 61
42 43 46 50 57 59 60
42 43 46 50 57 59 60 61
42 43 46 50 57 58 59 61
42 43 46 50 57 58 59 60
42 43 46 48 59 61 77
42 43 46 48 59 61 75 76
42 43 46 48 50 59 61
42 43 46 47 59 61 77
42 43 46 47 59 61 75 76
42 43 46 47 59 61 73 77
42 43 46 47 59 61 73 75 76
42 43 46 47 59 61 71 72 77
42 43 46 47 59 61 71 72 75 76
42 43 46 47 50 59 61
42 43 46 47 50 59 61 73
42 43 46 47 50 59 61 71 72
41 42 57 59 61 78
41 42 57 59 61 76 77
41 42 57 59 60 61 78
41 42 57 59 60 61 76 77
41 42 51 57 59 61
41 42 51 57 59 60 61
40 61 78 79
40 59 78 79
40 53 61
40 53 59
40 41 61 73 77
40 41 61 73 75 76
40 41 61 71 72 77
40 41 61 71 72 75 76
40 41 61 63 73 77
40 41 61 63 73 75 76
40 41 61 63 71 72 77
40 41 61 63 71 72 75 76
40 41 60 61 73 77
40 41 60 61 73 75 76
40 41 60 61 71 72 77
40 41 60 61 71 72 75 76
40 41 59 73
40 41 59 73 78
40 41 59 73 76 77
40 41 59 71 72
40 41 59 71 72 78
40 41 59 71 72 76 77
40 41 59 61
40 41 59 61 78
40 41 59 61 76 77
40 41 59 61 73 78 79
40 41 59 61 71 72 78 79
40 41 59 61 63 77
40 41 59 61 63 75
40 41 59 61 63 75 76
40 41 59 61 63 73
40 41 59 61 63 73 74
40 41 59 61 63 71 72
40 41 59 60 63 73
40 41 59 60 63 71 72
40 41 59 60 61 78
40 41 59 60 61 76 77
40 41 59 60 61 75
40 41 59 60 61 73 74
40 41 59 60 61 63 75
40 41 59 60 61 63 73 74
40 41 59 60 61 62 73 77
40 41 59 60 61 62 73 75 76
40 41 59 60 61 62 71 72 77
40 41 59 60 61 62 71 72 75 76
40 41 58 59 61 73 77
40 41 58 59 61 73 75 76
40 41 58 59 61 71 72 77
40 41 58 59 61 71 72 75 76
40 41 58 59 60 61 73 77
40 41 58 59 60 61 73 75 76
40 41 58 59 60 61 71 72 77
40 41 58 59 60 61 71 72 75 76
40 41 57 61 73 78
40 41 57 61 73 76 77
40 41 57 61 71 72 78
40 41 57 61 71 72 76 77
40 41 57 59 68 73
40 41 57 59 68 71 72
40 41 57 59 67 68 73
40 41 57 59 67 68 71 72
40 41 57 59 63 73
40 41 57 59 63 71 72
40 41 57 59 61
40 41 57 59 61 77 78
40 41 57 59 61 76 77
40 41 57 59 61 75 76 78
40 41 57 59 61 75 76 77
40 41 57 59 61 73
40 41 57 59 61 71 72
40 41 57 59 61 68 78
40 41 57 59 61 68 76 77
40 41 57 59 61 67 78
40 41 57 59 61 67 76 77
40 41 57 59 61 66 78
40 41 57 59 61 66 76 77
40 41 57 59 61 66 67 78
40 41 57 59 61 66 67 76 77
40 41 57 59 61 65 73 77
40 41 57 59 61 65 73 75 76
40 41 57 59 61 65 71 72 77
40 41 57 59 61 65 71 72 75 76
40 41 57 59 61 64 73
40 41 57 59 61 64 71 72
40 41 57 59 61 63 73
40 41 57 59 61 63 71 72
40 41 57 59 61 63 64 73 77
40 41 57 59 61 63 64 73 75 76
40 41 57 59 61 63 64 71 72 77
40 41 57 59 61 63 64 71 72 75 76
40 41 57 59 61 62 63 73
40 41 57 59 61 62 63 71 72
40 41 57 59 60 73
40 41 57 59 60 71 72
40 41 57 59 60 65 73 77
40 41 57 59 60 65 73 75 76
40 41 57 59 60 65 71 72 77
40 41 57 59 60 65 71 72 75 76
40 41 57 59 60 64 73
40 41 57 59 60 64 71 72
40 41 57 59 60 63 73
40 41 57 59 60 63 71 72
40 41 57 59 60 63 64 73 77
40 41 57 59 60 63 64 73 75 76
40 41 57 59 60 63 64 71 72 77
40 41 57 59 60 63 64 71 72 75 76
40 41 57 59 60 62 63 73
40 41 57 59 60 62 63 71 72
40 41 57 59 60 61
40 41 57 59 60 61 77 78
40 41 57 59 60 61 76 77
40 41 57 59 60 61 75 76 78
40 41 57 59 60 61 75 76 77
40 41 57 59 60 61 73
40 41 57 59 60 61 71 72
40 41 57 59 60 61 68 78
40 41 57 59 60 61 68 76 77
40 41 57 59 60 61 67 78
40 41 57 59 60 61 67 76 77
40 41 57 59 60 61 66 78
40 41 57 59 60 61 66 76 77
40 41 57 59 60 61 66 67 78
40 41 57 59 60 61 66 67 76 77
40 41 57 59 60 61 62 73
40 41 57 59 60 61 62 71 72
40 41 57 58 59 73
40 41 57 58 59 71 72
40 41 57 58 59 61 73
40 41 57 58 59 61 71 72
40 41 57 58 59 60 73
40 41 57 58 59 60 71 72
40 41 53 59 61 73
40 41 53 59 61 71 72
40 41 51 59 73
40 41 51 59 71 72
40 41 51 59 61
40 41 51 59 60 61
40 41 51 57 61 73
40 41 51 57 61 71 72
40 41 51 57 59 61 77
40 41 51 57 59 61 75 76
40 41 51 57 59 61 68
40 41 51 57 59 61 67
40 41 51 57 59 61 66
40 41 51 57 59 61 66 67
40 41 51 57 59 60 61 77
40 41 51 57 59 60 61 75 76
40 41 51 57 59 60 61 68
40 41 51 57 59 60 61 67
40 41 51 57 59 60 61 66
40 41 51 57 59 60 61 66 67
40 41 50 61 73
40 41 50 61 71 72
40 41 50 61 63 73
40 41 50 61 63 71 72
40 41 50 60 61 73
40 41 50 60 61 71 72
40 41 50 59 61 63
40 41 50 59 60 61 62 73
40 41 50 59 60 61 62 71 72
40 41 50 58 59 61 73
40 41 50 58 59 61 71 72
40 41 50 58 59 60 61 73
40 41 50 58 59 60 61 71 72
40 41 50 57 59 61 78
40 41 50 57 59 61 76 77
40 41 50 57 59 61 65 73
40 41 50 57 59 61 65 71 72
40 41 50 57 59 61 63 64 73
40 41 50 57 59 61 63 64 71 72
40 41 50 57 59 60 65 73
40 41 50 57 59 60 65 71 72
40 41 50 57 59 60 63 64 73
40 41 50 57 59 60 63 64 71 72
40 41 50 57 59 60 61 78
40 41 50 57 59 60 61 76 77
40 41 50 51 57 59 61
40 41 50 51 57 59 60 61
40 41 49 57 59 61 73
40 41 49 57 59 61 71 72
40 41 49 57 59 60 73
40 41 49 57 59 60 71 72
40 41 48 59 61 63
40 41 48 59 60 61
40 41 48 59 60 61 63
40 41 48 57 59 73
40 41 48 57 59 71 72
40 41 48 57 59 63 73
40 41 48 57 59 63 71 72
40 41 48 57 59 61 62 73
40 41 48 57 59 61 62 71 72
40 41 47 61 73 77
40 41 47 61 73 75 76
40 41 47 61 71 72 77
40 41 47 61 71 72 75 76
40 41 47 59 60 61 73 77
40 41 47 59 60 61 73 75 76
40 41 47 59 60 61 71 72 77
40 41 47 59 60 61 71 72 75 76
40 41 47 50 61 73
40 41 47 50 61 71 72
40 41 47 50 59 60 61 73
40 41 47 50 59 60 61 71 72
40 41 47 48 57 59 61 73
40 41 47 48 57 59 61 71 72
40 41 47 48 57 59 60 73
40 41 47 48 57 59 60 71 72
40 41 46 61 77
40 41 46 61 75 76
40 41 46 61 63 77
40 41 46 61 63 75 76
40 41 46 60 61 77
40 41 46 60 61 75 76
40 41 46 59
40 41 46 59 78
40 41 46 59 76 77
40 41 46 59 61 78 79
40 41 46 59 61 63
40 41 46 59 60 63
40 41 46 59 60 61 62 77
40 41 46 59 60 61 62 75 76
40 41 46 58 59 61 77
40 41 46 58 59 61 75 76
40 41 46 58 59 60 61 77
40 41 46 58 59 60 61 75 76
40 41 46 57 61 78
40 41 46 57 61 76 77
40 41 46 57 59 68
40 41 46 57 59 67 68
40 41 46 57 59 63
40 41 46 57 59 61
40 41 46 57 59 61 65 77
40 41 46 57 59 61 65 75 76
40 41 46 57 59 61 64
40 41 46 57 59 61 63
40 41 46 57 59 61 63 64 77
40 41 46 57 59 61 63 64 75 76
40 41 46 57 59 61 62 63
40 41 46 57 59 60
40 41 46 57 59 60 65 77
40 41 46 57 59 60 65 75 76
40 41 46 57 59 60 64
40 41 46 57 59 60 63
40 41 46 57 59 60 63 64 77
40 41 46 57 59 60 63 64 75 76
40 41 46 57 59 60 62 63
40 41 46 57 59 60 61
40 41 46 57 59 60 61 62
40 41 46 57 58 59
40 41 46 57 58 59 61
40 41 46 57 58 59 60
40 41 46 53 59 61
40 41 46 51 59
40 41 46 51 57 61
40 41 46 50 61
40 41 46 50 61 63
40 41 46 50 60 61
40 41 46 50 59 60 61 62
40 41 46 50 58 59 61
40 41 46 50 58 59 60 61
40 41 46 50 57 59 61 65
40 41 46 50 57 59 61 63 64
40 41 46 50 57 59 60 65
40 41 46 50 57 59 60 63 64
40 41 46 49 57 59 61
40 41 46 49 57 59 60
40 41 46 48 57 59
40 41 46 48 57 59 63
40 41 46 48 57 59 61 62
40 41 46 47 61 77
40 41 46 47 61 75 76
40 41 46 47 59 60 61 77
40 41 46 47 59 60 61 75 76
40 41 46 47 57 59
40 41 46 47 57 59 73
40 41 46 47 57 59 71 72
40 41 46 47 57 59 63
40 41 46 47 57 59 63 73
40 41 46 47 57 59 63 71 72
40 41 46 47 57 59 61 62
40 41 46 47 57 59 61 62 73
40 41 46 47 57 59 61 62 71 72
40 41 46 47 50 61
40 41 46 47 50 59 60 61
40 41 46 47 48 57 59 61
40 41 46 47 48 57 59 60
40 41 45 46 61 77
40 41 45 46 61 75 76
40 41 45 46 61 73 77
40 41 45 46 61 73 75 76
40 41 45 46 61 71 72 77
40 41 45 46 61 71 72 75 76
40 41 45 46 59 60 61 77
40 41 45 46 59 60 61 75 76
40 41 45 46 59 60 61 73 77
40 41 45 46 59 60 61 73 75 76
40 41 45 46 59 60 61 71 72 77
40 41 45 46 59 60 61 71 72 75 76
40 41 45 46 50 61
40 41 45 46 50 61 73
40 41 45 46 50 61 71 72
40 41 45 46 50 59 60 61
40 41 45 46 50 59 60 61 73
40 41 45 46 50 59 60 61 71 72
40 41 44 59 73
40 41 44 59 71 72
40 41 44 46 59
40 41 42 57 59 73
40 41 42 57 59 71 72
40 41 42 46 57 59
40 41 42 43 59 73
40 41 42 43 59 71 72
40 41 42 43 46 59
38 69 71
38 69 70
38 67 68 71
38 67 68 69 70
38 61 67
38 61 65 66
38 59
38 59 73 75
38 59 73 74
38 59 71 72 75
38 59 71 72 73 74
38 59 61 75
38 59 61 73 74
38 59 60 61
38 58 59 61
38 48 59 73
38 48 59 71 72
38 48 59 61
38 46 59 75
38 46 59 73 74
38 46 48 59
38 44 69
38 44 67 68
38 44 59 61 73
38 44 59 61 71 72
38 44 59 61 65 73
38 44 59 61 65 71 72
38 44 46 59 61
38 44 46 59 61 65
38 42 71
38 42 69 70
38 42 57 59 61 73 77
38 42 57 59 61 73 75 76
38 42 57 59 61 71 72 77
38 42 57 59 61 71 72 75 76
38 42 57 59 60 73 77
38 42 57 59 60 73 75 76
38 42 57 59 60 71 72 77
38 42 57 59 60 71 72 75 76
38 42 50 57 59 61 73
38 42 50 57 59 61 71 72
38 42 50 57 59 60 73
38 42 50 57 59 60 71 72
38 42 46 57 59 61 77
38 42 46 57 59 61 75 76
38 42 46 57 59 60 77
38 42 46 57 59 60 75 76
38 42 46 50 57 59 61
38 42 46 50 57 59 60
38 42 44
38 42 43 59 61 73
38 42 43 59 61 71 72
38 42 43 59 61 65 73
38 42 43 59 61 65 71 72
38 42 43 46 59 61
38 42 43 46 59 61 65
38 40 61
38 40 41 57 59 61 73 77
38 40 41 57 59 61 73 75 76
38 40 41 57 59 61 71 72 77
38 40 41 57 59 61 71 72 75 76
38 40 41 57 59 60 73 77
38 40 41 57 59 60 73 75 76
38 40 41 57 59 60 71 72 77
38 40 41 57 59 60 71 72 75 76
38 40 41 50 57 59 61 73
38 40 41 50 57 59 61 71 72
38 40 41 50 57 59 60 73
38 40 41 50 57 59 60 71 72
38 40 41 46 57 59 61 77
38 40 41 46 57 59 61 75 76
38 40 41 46 57 59 60 77
38 40 41 46 57 59 60 75 76
38 40 41 46 50 57 59 61
38 40 41 46 50 57 59 60
37
37 59 61 63 73
37 59 61 63 71 72
37 59 61 62 73
37 59 61 62 71 72
37 46 59 61 63
37 46 59 61 62
37 42 57 59 61 73
37 42 57 59 61 71 72
37 42 57 59 60 73
37 42 57 59 60 71 72
37 42 46 57 59 61
37 42 46 57 59 60
37 40 41 57 59 61 73
37 40 41 57 59 61 71 72
37 40 41 57 59 60 73
37 40 41 57 59 60 71 72
37 40 41 46 57 59 61
37 40 41 46 57 59 60
36
36 78 79
36 69
36 68 69
36 68 69 78 79
36 67
36 67 68 78 79
36 65 66
36 61
36 61 68
36 59 78 79
36 59 69
36 59 68
36 59 67 68
36 59 61 64 73
36 59 61 64 71 72
36 59 61 62 63 73
36 59 61 62 63 71 72
36 57 59 69 78 79
36 57 59 67 68 78 79
36 55 59
36 55 56 59 69 78 79
36 55 56 59 67 68 78 79
36 54 61 68
36 53
36 53 68 69
36 53 67 68
36 53 59
36 53 57 59 69
36 53 57 59 67 68
36 53 55 56 59 69
36 53 55 56 59 67 68
36 53 54 59
36 52 61
36 46 59 61 64
36 46 59 61 62 63
36 44 61 63 78
36 44 61 63 76 77
36 44 51 61 63
36 43 61
36 42
36 42 68
36 42 68 78 79
36 42 61 73 77
36 42 61 73 75 76
36 42 61 71 72 77
36 42 61 71 72 75 76
36 42 59
36 42 57 59 78 79
36 42 57 59 73
36 42 57 59 71 72
36 42 57 59 61 73
36 42 57 59 61 71 72
36 42 57 59 60 73
36 42 57 59 60 71 72
36 42 55 56 59 78 79
36 42 53 68
36 42 53 57 59
36 42 53 55 56 59
36 42 50 61 73
36 42 50 61 71 72
36 42 48 57 59 73
36 42 48 57 59 71 72
36 42 46 61 77
36 42 46 61 75 76
36 42 46 57 59
36 42 46 57 59 61
36 42 46 57 59 60
36 42 46 50 61
36 42 46 48 57 59
36 42 46 47 57 59
36 42 46 47 57 59 73
36 42 46 47 57 59 71 72
36 42 43 61 63 78
36 42 43 61 63 76 77
36 42 43 51 61 63
36 40
36 40 41 61 73 77
36 40 41 61 73 75 76
36 40 41 61 71 72 77
36 40 41 61 71 72 75 76
36 40 41 57 59 73
36 40 41 57 59 71 72
36 40 41 57 59 61 73
36 40 41 57 59 61 71 72
36 40 41 57 59 60 73
36 40 41 57 59 60 71 72
36 40 41 50 61 73
36 40 41 50 61 71 72
36 40 41 48 57 59 73
36 40 41 48 57 59 71 72
36 40 41 46 61 77
36 40 41 46 61 75 76
36 40 41 46 57 59
36 40 41 46 57 59 61
36 40 41 46 57 59 60
36 40 41 46 50 61
36 40 41 46 48 57 59
36 40 41 46 47 57 59
36 40 41 46 47 57 59 73
36 40 41 46 47 57 59 71 72
36 37 59 61 73
36 37 59 61 71 72
36 37 46 59 61
35
35 59 69 71
35 59 69 70
35 59 67 68 71
35 59 67 68 69 70
35 44 59 69
35 44 59 67 68
35 42 61 73 77
35 42 61 73 75 76
35 42 61 71 72 77
35 42 61 71 72 75 76
35 42 59 71
35 42 59 69 70
35 42 59 60 61 73 77
35 42 59 60 61 73 75 76
35 42 59 60 61 71 72 77
35 42 59 60 61 71 72 75 76
35 42 50 61 73
35 42 50 61 71 72
35 42 50 59 60 61 73
35 42 50 59 60 61 71 72
35 42 46 61 77
35 42 46 61 75 76
35 42 46 59 60 61 77
35 42 46 59 60 61 75 76
35 42 46 50 61
35 42 46 50 59 60 61
35 42 44 59
35 40 41 61 73 77
35 40 41 61 73 75 76
35 40 41 61 71 72 77
35 40 41 61 71 72 75 76
35 40 41 59 60 61 73 77
35 40 41 59 60 61 73 75 76
35 40 41 59 60 61 71 72 77
35 40 41 59 60 61 71 72 75 76
35 40 41 50 61 73
35 40 41 50 61 71 72
35 40 41 50 59 60 61 73
35 40 41 50 59 60 61 71 72
35 40 41 46 61 77
35 40 41 46 61 75 76
35 40 41 46 59 60 61 77
35 40 41 46 59 60 61 75 76
35 40 41 46 50 61
35 40 41 46 50 59 60 61
35 36
34
34 78 79
34 73 78 79
34 71 72 78 79
34 69 78 79
34 68 69
34 67
34 67 68
34 67 68 78 79
34 65 66
34 61
34 61 73
34 61 73 78 79
34 61 71 72
34 61 71 72 78 79
34 61 69
34 61 67 68
34 61 63
34 61 62
34 59 69 78 79
34 59 67 68 78 79
34 59 61 75
34 59 61 73
34 59 61 73 74
34 59 61 71 72
34 57 73 78
34 57 73 76 77
34 57 71 72 78
34 57 71 72 76 77
34 57 60 61 73 77
34 57 60 61 73 75 76
34 57 60 61 71 72 77
34 57 60 61 71 72 75 76
34 57 59 75
34 57 59 73 77
34 57 59 73 75 76
34 57 59 73 74
34 57 59 71 72 77
34 57 59 71 72 75 76
34 57 59 61 75
34 57 59 61 73 74
34 57 59 60 73
34 57 59 60 73 78 79
34 57 59 60 73 77
34 57 59 60 73 75 76
34 57 59 60 71 72
34 57 59 60 71 72 78 79
34 57 59 60 71 72 77
34 57 59 60 71 72 75 76
34 57 58 59 73
34 57 58 59 73 78 79
34 57 58 59 73 77
34 57 58 59 73 75 76
34 57 58 59 71 72
34 57 58 59 71 72 78 79
34 57 58 59 71 72 77
34 57 58 59 71 72 75 76
34 57 58 59 61 73 77
34 57 58 59 61 73 75 76
34 57 58 59 61 71 72 77
34 57 58 59 61 71 72 75 76
34 54 61
34 53 73
34 53 71 72
34 53 69
34 53 67 68
34 53 61 73
34 53 61 71 72
34 53 59 69
34 53 59 67 68
34 53 57 59 60 73
34 53 57 59 60 71 72
34 53 57 58 59 73
34 53 57 58 59 71 72
34 52
34 52 53 61
34 51 57 73
34 51 57 71 72
34 51 52
34 50 57 60 61 73
34 50 57 60 61 71 72
34 50 57 59 73
34 50 57 59 71 72
34 50 57 59 60 73
34 50 57 59 60 71 72
34 50 57 58 59 73
34 50 57 58 59 71 72
34 50 57 58 59 61 73
34 50 57 58 59 61 71 72
34 48 59 61
34 48 57 59
34 48 57 59 61
34 46 78 79
34 46 61
34 46 61 78 79
34 46 59 61
34 46 57 78
34 46 57 76 77
34 46 57 60 61 77
34 46 57 60 61 75 76
34 46 57 59 77
34 46 57 59 75 76
34 46 57 59 60
34 46 57 59 60 78 79
34 46 57 59 60 77
34 46 57 59 60 75 76
34 46 57 58 59
34 46 57 58 59 78 79
34 46 57 58 59 77
34 46 57 58 59 75 76
34 46 57 58 59 61 77
34 46 57 58 59 61 75 76
34 46 53
34 46 53 61
34 46 53 57 59 60
34 46 53 57 58 59
34 46 51 57
34 46 50 57 60 61
34 46 50 57 59
34 46 50 57 59 60
34 46 50 57 58 59
34 46 50 57 58 59 61
34 44 69
34 44 67 68
34 44 59 73
34 44 59 71 72
34 44 59 61 78
34 44 59 61 76 77
34 44 57 59 60 73 78
34 44 57 59 60 73 77
34 44 57 59 60 73 76 77
34 44 57 59 60 73 75 76
34 44 57 59 60 71 72 78
34 44 57 59 60 71 72 77
34 44 57 59 60 71 72 76 77
34 44 57 59 60 71 72 75 76
34 44 57 58 59 73 78
34 44 57 58 59 73 77
34 44 57 58 59 73 76 77
34 44 57 58 59 73 75 76
34 44 57 58 59 71 72 78
34 44 57 58 59 71 72 77
34 44 57 58 59 71 72 76 77
34 44 57 58 59 71 72 75 76
34 44 51 59 61
34 44 51 57 59 60 73
34 44 51 57 59 60 71 72
34 44 51 57 58 59 73
34 44 51 57 58 59 71 72
34 44 50 57 59 60 73
34 44 50 57 59 60 71 72
34 44 50 57 58 59 73
34 44 50 57 58 59 71 72
34 44 46 59
34 44 46 57 59 60 78
34 44 46 57 59 60 77
34 44 46 57 59 60 76 77
34 44 46 57 59 60 75 76
34 44 46 57 58 59 78
34 44 46 57 58 59 77
34 44 46 57 58 59 76 77
34 44 46 57 58 59 75 76
34 44 46 51 57 59 60
34 44 46 51 57 58 59
34 44 46 50 57 59 60
34 44 46 50 57 58 59
34 43
34 42 78 79
34 42 68
34 42 61
34 42 61 62 73 77
34 42 61 62 73 75 76
34 42 61 62 71 72 77
34 42 61 62 71 72 75 76
34 42 59 78 79
34 42 59 63 73
34 42 59 63 71 72
34 42 59 61 78
34 42 59 61 76 77
34 42 59 61 75
34 42 59 61 73 74
34 42 59 61 63 75
34 42 59 61 63 73 74
34 42 58 59 61 73 77
34 42 58 59 61 73 75 76
34 42 58 59 61 71 72 77
34 42 58 59 61 71 72 75 76
34 42 57 59 73
34 42 57 59 71 72
34 42 57 59 65 73 77
34 42 57 59 65 73 75 76
34 42 57 59 65 71 72 77
34 42 57 59 65 71 72 75 76
34 42 57 59 64 73
34 42 57 59 64 71 72
34 42 57 59 63 73
34 42 57 59 63 71 72
34 42 57 59 63 64 73 77
34 42 57 59 63 64 73 75 76
34 42 57 59 63 64 71 72 77
34 42 57 59 63 64 71 72 75 76
34 42 57 59 62 63 73
34 42 57 59 62 63 71 72
34 42 57 59 61
34 42 57 59 61 78
34 42 57 59 61 77 78
34 42 57 59 61 75 76 78
34 42 57 59 61 75 76 77
34 42 57 59 61 68 78
34 42 57 59 61 68 76 77
34 42 57 59 61 67 78
34 42 57 59 61 67 76 77
34 42 57 59 61 66 78
34 42 57 59 61 66 76 77
34 42 57 59 61 66 67 78
34 42 57 59 61 66 67 76 77
34 42 57 59 61 62 73
34 42 57 59 61 62 71 72
34 42 57 59 60 73
34 42 57 59 60 71 72
34 42 57 58 59 73
34 42 57 58 59 71 72
34 42 53
34 42 53 59
34 42 51 59 61
34 42 51 57 59 61
34 42 51 57 59 61 77
34 42 51 57 59 61 75 76
34 42 51 57 59 61 68
34 42 51 57 59 61 67
34 42 51 57 59 61 66
34 42 51 57 59 61 66 67
34 42 50 61 62 73
34 42 50 61 62 71 72
34 42 50 58 59 61 73
34 42 50 58 59 61 71 72
34 42 50 57 59 65 73
34 42 50 57 59 65 71 72
34 42 50 57 59 63 64 73
34 42 50 57 59 63 64 71 72
34 42 50 57 59 61 78
34 42 50 57 59 61 76 77
34 42 50 51 57 59 61
34 42 49 57 59 73
34 42 49 57 59 71 72
34 42 48 59 61
34 42 48 59 61 63
34 42 47 61 73 77
34 42 47 61 73 75 76
34 42 47 61 71 72 77
34 42 47 61 71 72 75 76
34 42 47 50 61 73
34 42 47 50 61 71 72
34 42 47 48 57 59 73
34 42 47 48 57 59 71 72
34 42 46 61 62 77
34 42 46 61 62 75 76
34 42 46 59 63
34 42 46 58 59 61 77
34 42 46 58 59 61 75 76
34 42 46 57 59
34 42 46 57 59 65 77
34 42 46 57 59 65 75 76
34 42 46 57 59 64
34 42 46 57 59 63
34 42 46 57 59 63 64 77
34 42 46 57 59 63 64 75 76
34 42 46 57 59 62 63
34 42 46 57 59 61 62
34 42 46 57 59 60
34 42 46 57 58 59
34 42 46 50 61 62
34 42 46 50 58 59 61
34 42 46 50 57 59 65
34 42 46 50 57 59 63 64
34 42 46 49 57 59
34 42 46 47 61 77
34 42 46 47 61 75 76
34 42 46 47 50 61
34 42 46 47 48 57 59
34 42 45 46 61 77
34 42 45 46 61 75 76
34 42 45 46 61 73 77
34 42 45 46 61 73 75 76
34 42 45 46 61 71 72 77
34 42 45 46 61 71 72 75 76
34 42 45 46 50 61
34 42 45 46 50 61 73
34 42 45 46 50 61 71 72
34 42 44
34 42 43
34 42 43 69
34 42 43 67 68
34 42 43 59 73
34 42 43 59 71 72
34 42 43 59 61 78
34 42 43 59 61 76 77
34 42 43 57 59 60 73 78
34 42 43 57 59 60 73 77
34 42 43 57 59 60 73 76 77
34 42 43 57 59 60 73 75 76
34 42 43 57 59 60 71 72 78
34 42 43 57 59 60 71 72 77
34 42 43 57 59 60 71 72 76 77
34 42 43 57 59 60 71 72 75 76
34 42 43 57 58 59 73 78
34 42 43 57 58 59 73 77
34 42 43 57 58 59 73 76 77
34 42 43 57 58 59 73 75 76
34 42 43 57 58 59 71 72 78
34 42 43 57 58 59 71 72 77
34 42 43 57 58 59 71 72 76 77
34 42 43 57 58 59 71 72 75 76
34 42 43 51 59 61
34 42 43 51 57 59 60 73
34 42 43 51 57 59 60 71 72
34 42 43 51 57 58 59 73
34 42 43 51 57 58 59 71 72
34 42 43 50 57 59 60 73
34 42 43 50 57 59 60 71 72
34 42 43 50 57 58 59 73
34 42 43 50 57 58 59 71 72
34 42 43 46 59
34 42 43 46 57 59 60 78
34 42 43 46 57 59 60 77
34 42 43 46 57 59 60 76 77
34 42 43 46 57 59 60 75 76
34 42 43 46 57 58 59 78
34 42 43 46 57 58 59 77
34 42 43 46 57 58 59 76 77
34 42 43 46 57 58 59 75 76
34 42 43 46 51 57 59 60
34 42 43 46 51 57 58 59
34 42 43 46 50 57 59 60
34 42 43 46 50 57 58 59
34 41 42 57 59 61 78
34 41 42 57 59 61 76 77
34 41 42 51 57 59 61
34 40
34 40 41 61 62 73 77
34 40 41 61 62 73 75 76
34 40 41 61 62 71 72 77
34 40 41 61 62 71 72 75 76
34 40 41 59 63 73
34 40 41 59 63 71 72
34 40 41 59 61 78
34 40 41 59 61 76 77
34 40 41 59 61 75
34 40 41 59 61 73 74
34 40 41 59 61 63 75
34 40 41 59 61 63 73 74
34 40 41 58 59 61 73 77
34 40 41 58 59 61 73 75 76
34 40 41 58 59 61 71 72 77
34 40 41 58 59 61 71 72 75 76
34 40 41 57 59 73
34 40 41 57 59 71 72
34 40 41 57 59 65 73 77
34 40 41 57 59 65 73 75 76
34 40 41 57 59 65 71 72 77
34 40 41 57 59 65 71 72 75 76
34 40 41 57 59 64 73
34 40 41 57 59 64 71 72
34 40 41 57 59 63 73
34 40 41 57 59 63 71 72
34 40 41 57 59 63 64 73 77
34 40 41 57 59 63 64 73 75 76
34 40 41 57 59 63 64 71 72 77
34 40 41 57 59 63 64 71 72 75 76
34 40 41 57 59 62 63 73
34 40 41 57 59 62 63 71 72
34 40 41 57 59 61
34 40 41 57 59 61 77 78
34 40 41 57 59 61 76 77
34 40 41 57 59 61 75 76 78
34 40 41 57 59 61 75 76 77
34 40 41 57 59 61 68 78
34 40 41 57 59 61 68 76 77
34 40 41 57 59 61 67 78
34 40 41 57 59 61 67 76 77
34 40 41 57 59 61 66 78
34 40 41 57 59 61 66 76 77
34 40 41 57 59 61 66 67 78
34 40 41 57 59 61 66 67 76 77
34 40 41 57 59 61 62 73
34 40 41 57 59 61 62 71 72
34 40 41 57 59 60 73
34 40 41 57 59 60 71 72
34 40 41 57 58 59 73
34 40 41 57 58 59 71 72
34 40 41 51 59 61
34 40 41 51 57 59 61 77
34 40 41 51 57 59 61 75 76
34 40 41 51 57 59 61 68
34 40 41 51 57 59 61 67
34 40 41 51 57 59 61 66
34 40 41 51 57 59 61 66 67
34 40 41 50 61 62 73
34 40 41 50 61 62 71 72
34 40 41 50 58 59 61 73
34 40 41 50 58 59 61 71 72
34 40 41 50 57 59 65 73
34 40 41 50 57 59 65 71 72
34 40 41 50 57 59 63 64 73
34 40 41 50 57 59 63 64 71 72
34 40 41 50 57 59 61 78
34 40 41 50 57 59 61 76 77
34 40 41 50 51 57 59 61
34 40 41 49 57 59 73
34 40 41 49 57 59 71 72
34 40 41 48 59 61
34 40 41 48 59 61 63
34 40 41 47 61 73 77
34 40 41 47 61 73 75 76
34 40 41 47 61 71 72 77
34 40 41 47 61 71 72 75 76
34 40 41 47 50 61 73
34 40 41 47 50 61 71 72
34 40 41 47 48 57 59 73
34 40 41 47 48 57 59 71 72
34 40 41 46 61 62 77
34 40 41 46 61 62 75 76
34 40 41 46 59 63
34 40 41 46 58 59 61 77
34 40 41 46 58 59 61 75 76
34 40 41 46 57 59
34 40 41 46 57 59 65 77
34 40 41 46 57 59 65 75 76
34 40 41 46 57 59 64
34 40 41 46 57 59 63
34 40 41 46 57 59 63 64 77
34 40 41 46 57 59 63 64 75 76
34 40 41 46 57 59 62 63
34 40 41 46 57 59 61 62
34 40 41 46 57 59 60
34 40 41 46 57 58 59
34 40 41 46 50 61 62
34 40 41 46 50 58 59 61
34 40 41 46 50 57 59 65
34 40 41 46 50 57 59 63 64
34 40 41 46 49 57 59
34 40 41 46 47 61 77
34 40 41 46 47 61 75 76
34 40 41 46 47 50 61
34 40 41 46 47 48 57 59
34 40 41 45 46 61 77
34 40 41 45 46 61 75 76
34 40 41 45 46 61 73 77
34 40 41 45 46 61 73 75 76
34 40 41 45 46 61 71 72 77
34 40 41 45 46 61 71 72 75 76
34 40 41 45 46 50 61
34 40 41 45 46 50 61 73
34 40 41 45 46 50 61 71 72
34 38 42 57 59 73 77
34 38 42 57 59 73 75 76
34 38 42 57 59 71 72 77
34 38 42 57 59 71 72 75 76
34 38 42 50 57 59 73
34 38 42 50 57 59 71 72
34 38 42 46 57 59 77
34 38 42 46 57 59 75 76
34 38 42 46 50 57 59
34 38 40 41 57 59 73 77
34 38 40 41 57 59 73 75 76
34 38 40 41 57 59 71 72 77
34 38 40 41 57 59 71 72 75 76
34 38 40 41 50 57 59 73
34 38 40 41 50 57 59 71 72
34 38 40 41 46 57 59 77
34 38 40 41 46 57 59 75 76
34 38 40 41 46 50 57 59
34 37 42 57 59 73
34 37 42 57 59 71 72
34 37 42 46 57 59
34 37 40 41 57 59 73
34 37 40 41 57 59 71 72
34 37 40 41 46 57 59
34 36 42 57 59 73
34 36 42 57 59 71 72
34 36 42 46 57 59
34 36 40 41 57 59 73
34 36 40 41 57 59 71 72
34 36 40 41 46 57 59
34 35 42 61 73 77
34 35 42 61 73 75 76
34 35 42 61 71 72 77
34 35 42 61 71 72 75 76
34 35 42 50 61 73
34 35 42 50 61 71 72
34 35 42 46 61 77
34 35 42 46 61 75 76
34 35 42 46 50 61
34 35 40 41 61 73 77
34 35 40 41 61 73 75 76
34 35 40 41 61 71 72 77
34 35 40 41 61 71 72 75 76
34 35 40 41 50 61 73
34 35 40 41 50 61 71 72
34 35 40 41 46 61 77
34 35 40 41 46 61 75 76
34 35 40 41 46 50 61
33 59 61 65
33 59 61 63 64
33 57 61 73 77
33 57 61 73 75 76
33 57 61 71 72 77
33 57 61 71 72 75 76
33 57 59 61 73
33 57 59 61 73 78 79
33 57 59 61 73 77
33 57 59 61 73 75 76
33 57 59 61 71 72
33 57 59 61 71 72 78 79
33 57 59 61 71 72 77
33 57 59 61 71 72 75 76
33 57 59 60 73
33 57 59 60 73 78 79
33 57 59 60 73 77
33 57 59 60 73 75 76
33 57 59 60 71 72
33 57 59 60 71 72 78 79
33 57 59 60 71 72 77
33 57 59 60 71 72 75 76
33 57 59 60 61 73 77
33 57 59 60 61 73 75 76
33 57 59 60 61 71 72 77
33 57 59 60 61 71 72 75 76
33 53 57 59 61 73
33 53 57 59 61 71 72
33 53 57 59 60 73
33 53 57 59 60 71 72
33 50 57 61 73
33 50 57 61 71 72
33 50 57 59 61 73
33 50 57 59 61 71 72
33 50 57 59 60 73
33 50 57 59 60 71 72
33 50 57 59 60 61 73
33 50 57 59 60 61 71 72
33 46 57 61 77
33 46 57 61 75 76
33 46 57 59 61
33 46 57 59 61 78 79
33 46 57 59 61 77
33 46 57 59 61 75 76
33 46 57 59 60
33 46 57 59 60 78 79
33 46 57 59 60 77
33 46 57 59 60 75 76
33 46 57 59 60 61 77
33 46 57 59 60 61 75 76
33 46 53 57 59 61
33 46 53 57 59 60
33 46 50 57 61
33 46 50 57 59 61
33 46 50 57 59 60
33 46 50 57 59 60 61
33 44 57 59 61 73 78
33 44 57 59 61 73 77
33 44 57 59 61 73 76 77
33 44 57 59 61 73 75 76
33 44 57 59 61 71 72 78
33 44 57 59 61 71 72 77
33 44 57 59 61 71 72 76 77
33 44 57 59 61 71 72 75 76
33 44 57 59 60 73 78
33 44 57 59 60 73 77
33 44 57 59 60 73 76 77
33 44 57 59 60 73 75 76
33 44 57 59 60 71 72 78
33 44 57 59 60 71 72 77
33 44 57 59 60 71 72 76 77
33 44 57 59 60 71 72 75 76
33 44 51 57 59 61 73
33 44 51 57 59 61 71 72
33 44 51 57 59 60 73
33 44 51 57 59 60 71 72
33 44 50 57 59 61 73
33 44 50 57 59 61 71 72
33 44 50 57 59 60 73
33 44 50 57 59 60 71 72
33 44 46 57 59 61 78
33 44 46 57 59 61 77
33 44 46 57 59 61 76 77
33 44 46 57 59 61 75 76
33 44 46 57 59 60 78
33 44 46 57 59 60 77
33 44 46 57 59 60 76 77
33 44 46 57 59 60 75 76
33 44 46 51 57 59 61
33 44 46 51 57 59 60
33 44 46 50 57 59 61
33 44 46 50 57 59 60
33 42 61 73 77
33 42 61 73 75 76
33 42 61 71 72 77
33 42 61 71 72 75 76
33 42 59 60 61 73 77
33 42 59 60 61 73 75 76
33 42 59 60 61 71 72 77
33 42 59 60 61 71 72 75 76
33 42 57 59 73
33 42 57 59 71 72
33 42 57 59 61 73
33 42 57 59 61 71 72
33 42 57 59 60 73
33 42 57 59 60 71 72
33 42 50 61 73
33 42 50 61 71 72
33 42 50 59 60 61 73
33 42 50 59 60 61 71 72
33 42 46 61 77
33 42 46 61 75 76
33 42 46 59 60 61 77
33 42 46 59 60 61 75 76
33 42 46 57 59
33 42 46 57 59 61
33 42 46 57 59 60
33 42 46 50 61
33 42 46 50 59 60 61
33 42 43 57 59 61 73 78
33 42 43 57 59 61 73 77
33 42 43 57 59 61 73 76 77
33 42 43 57 59 61 73 75 76
33 42 43 57 59 61 71 72 78
33 42 43 57 59 61 71 72 77
33 42 43 57 59 61 71 72 76 77
33 42 43 57 59 61 71 72 75 76
33 42 43 57 59 60 73 78
33 42 43 57 59 60 73 77
33 42 43 57 59 60 73 76 77
33 42 43 57 59 60 73 75 76
33 42 43 57 59 60 71 72 78
33 42 43 57 59 60 71 72 77
33 42 43 57 59 60 71 72 76 77
33 42 43 57 59 60 71 72 75 76
33 42 43 51 57 59 61 73
33 42 43 51 57 59 61 71 72
33 42 43 51 57 59 60 73
33 42 43 51 57 59 60 71 72
33 42 43 50 57 59 61 73
33 42 43 50 57 59 61 71 72
33 42 43 50 57 59 60 73
33 42 43 50 57 59 60 71 72
33 42 43 46 57 59 61 78
33 42 43 46 57 59 61 77
33 42 43 46 57 59 61 76 77
33 42 43 46 57 59 61 75 76
33 42 43 46 57 59 60 78
33 42 43 46 57 59 60 77
33 42 43 46 57 59 60 76 77
33 42 43 46 57 59 60 75 76
33 42 43 46 51 57 59 61
33 42 43 46 51 57 59 60
33 42 43 46 50 57 59 61
33 42 43 46 50 57 59 60
33 40 41 61 73 77
33 40 41 61 73 75 76
33 40 41 61 71 72 77
33 40 41 61 71 72 75 76
33 40 41 59 60 61 73 77
33 40 41 59 60 61 73 75 76
33 40 41 59 60 61 71 72 77
33 40 41 59 60 61 71 72 75 76
33 40 41 57 59 73
33 40 41 57 59 71 72
33 40 41 57 59 61 73
33 40 41 57 59 61 71 72
33 40 41 57 59 60 73
33 40 41 57 59 60 71 72
33 40 41 50 61 73
33 40 41 50 61 71 72
33 40 41 50 59 60 61 73
33 40 41 50 59 60 61 71 72
33 40 41 46 61 77
33 40 41 46 61 75 76
33 40 41 46 59 60 61 77
33 40 41 46 59 60 61 75 76
33 40 41 46 57 59
33 40 41 46 57 59 61
33 40 41 46 57 59 60
33 40 41 46 50 61
33 40 41 46 50 59 60 61
33 38 59 61
33 34 57 61 73 77
33 34 57 61 73 75 76
33 34 57 61 71 72 77
33 34 57 61 71 72 75 76
33 34 57 59 73
33 34 57 59 73 78 79
33 34 57 59 73 77
33 34 57 59 73 75 76
33 34 57 59 71 72
33 34 57 59 71 72 78 79
33 34 57 59 71 72 77
33 34 57 59 71 72 75 76
33 34 53 57 59 73
33 34 53 57 59 71 72
33 34 50 57 61 73
33 34 50 57 61 71 72
33 34 50 57 59 73
33 34 50 57 59 71 72
33 34 46 57 61 77
33 34 46 57 61 75 76
33 34 46 57 59
33 34 46 57 59 78 79
33 34 46 57 59 77
33 34 46 57 59 75 76
33 34 46 53 57 59
33 34 46 50 57 61
33 34 46 50 57 59
33 34 44 57 59 73 78
33 34 44 57 59 73 77
33 34 44 57 59 73 76 77
33 34 44 57 59 73 75 76
33 34 44 57 59 71 72 78
33 34 44 57 59 71 72 77
33 34 44 57 59 71 72 76 77
33 34 44 57 59 71 72 75 76
33 34 44 51 57 59 73
33 34 44 51 57 59 71 72
33 34 44 50 57 59 73
33 34 44 50 57 59 71 72
33 34 44 46 57 59 78
33 34 44 46 57 59 77
33 34 44 46 57 59 76 77
33 34 44 46 57 59 75 76
33 34 44 46 51 57 59
33 34 44 46 50 57 59
33 34 42 61 73 77
33 34 42 61 73 75 76
33 34 42 61 71 72 77
33 34 42 61 71 72 75 76
33 34 42 57 59 73
33 34 42 57 59 71 72
33 34 42 50 61 73
33 34 42 50 61 71 72
33 34 42 46 61 77
33 34 42 46 61 75 76
33 34 42 46 57 59
33 34 42 46 50 61
33 34 42 43 57 59 73 78
33 34 42 43 57 59 73 77
33 34 42 43 57 59 73 76 77
33 34 42 43 57 59 73 75 76
33 34 42 43 57 59 71 72 78
33 34 42 43 57 59 71 72 77
33 34 42 43 57 59 71 72 76 77
33 34 42 43 57 59 71 72 75 76
33 34 42 43 51 57 59 73
33 34 42 43 51 57 59 71 72
33 34 42 43 50 57 59 73
33 34 42 43 50 57 59 71 72
33 34 42 43 46 57 59 78
33 34 42 43 46 57 59 77
33 34 42 43 46 57 59 76 77
33 34 42 43 46 57 59 75 76
33 34 42 43 46 51 57 59
33 34 42 43 46 50 57 59
33 34 40 41 61 73 77
33 34 40 41 61 73 75 76
33 34 40 41 61 71 72 77
33 34 40 41 61 71 72 75 76
33 34 40 41 57 59 73
33 34 40 41 57 59 71 72
33 34 40 41 50 61 73
33 34 40 41 50 61 71 72
33 34 40 41 46 61 77
33 34 40 41 46 61 75 76
33 34 40 41 46 57 59
33 34 40 41 46 50 61
32 68
32 59 61 73
32 59 61 71 72
32 46 59 61
30 59 69 78 79
30 59 67 68 78 79
30 53 59 69
30 53 59 67 68
30 44 59 73 78
30 44 59 73 76 77
30 44 59 71 72 78
30 44 59 71 72 76 77
30 44 51 59 73
30 44 51 59 71 72
30 44 46 59 78
30 44 46 59 76 77
30 44 46 51 59
30 42 59 78 79
30 42 53 59
30 42 43 59 73 78
30 42 43 59 73 76 77
30 42 43 59 71 72 78
30 42 43 59 71 72 76 77
30 42 43 51 59 73
30 42 43 51 59 71 72
30 42 43 46 59 78
30 42 43 46 59 76 77
30 42 43 46 51 59
30 36 59 69 78 79
30 36 59 67 68 78 79
30 36 53 59 69
30 36 53 59 67 68
30 36 42 59 78 79
30 36 42 53 59
28
28 59
28 36 59
28 29 44 59 73 78
28 29 44 59 73 76 77
28 29 44 59 71 72 78
28 29 44 59 71 72 76 77
28 29 44 51 59 73
28 29 44 51 59 71 72
28 29 44 46 59 78
28 29 44 46 59 76 77
28 29 44 46 51 59
28 29 42 43 59 73 78
28 29 42 43 59 73 76 77
28 29 42 43 59 71 72 78
28 29 42 43 59 71 72 76 77
28 29 42 43 51 59 73
28 29 42 43 51 59 71 72
28 29 42 43 46 59 78
28 29 42 43 46 59 76 77
28 29 42 43 46 51 59
27 34 61
26 61 68
26 34
24 25 61 68
23 59 61 73
23 59 61 71 72
23 46 59 61
22 59 69
22 59 67 68
22 42 59
22 42 57 59 61 73
22 42 57 59 61 71 72
22 42 57 59 60 73
22 42 57 59 60 71 72
22 42 46 57 59 61
22 42 46 57 59 60
22 40 41 57 59 61 73
22 40 41 57 59 61 71 72
22 40 41 57 59 60 73
22 40 41 57 59 60 71 72
22 40 41 46 57 59 61
22 40 41 46 57 59 60
22 34 68
22 34 42 57 59 73
22 34 42 57 59 71 72
22 34 42 46 57 59
22 34 40 41 57 59 73
22 34 40 41 57 59 71 72
22 34 40 41 46 57 59
21 44 59 61 73 77
21 44 59 61 73 75 76
21 44 59 61 71 72 77
21 44 59 61 71 72 75 76
21 44 50 59 61 73
21 44 50 59 61 71 72
21 44 46 59 61 77
21 44 46 59 61 75 76
21 44 46 50 59 61
21 42 57 59 73
21 42 57 59 71 72
21 42 57 59 63 73
21 42 57 59 63 71 72
21 42 57 59 61 62 73
21 42 57 59 61 62 71 72
21 42 46 57 59
21 42 46 57 59 63
21 42 46 57 59 61 62
21 42 43 59 61 73 77
21 42 43 59 61 73 75 76
21 42 43 59 61 71 72 77
21 42 43 59 61 71 72 75 76
21 42 43 50 59 61 73
21 42 43 50 59 61 71 72
21 42 43 46 59 61 77
21 42 43 46 59 61 75 76
21 42 43 46 50 59 61
21 40 41 57 59 73
21 40 41 57 59 71 72
21 40 41 57 59 63 73
21 40 41 57 59 63 71 72
21 40 41 57 59 61 62 73
21 40 41 57 59 61 62 71 72
21 40 41 46 57 59
21 40 41 46 57 59 63
21 40 41 46 57 59 61 62
21 36 42 57 59 73
21 36 42 57 59 71 72
21 36 42 46 57 59
21 36 40 41 57 59 73
21 36 40 41 57 59 71 72
21 36 40 41 46 57 59
20
20 59 69 71
20 59 69 70
20 59 67 68 71
20 59 67 68 69 70
20 44 59 69
20 44 59 67 68
20 42 61 73 77
20 42 61 73 75 76
20 42 61 71 72 77
20 42 61 71 72 75 76
20 42 59 71
20 42 59 69 70
20 42 59 60 61 73 77
20 42 59 60 61 73 75 76
20 42 59 60 61 71 72 77
20 42 59 60 61 71 72 75 76
20 42 50 61 73
20 42 50 61 71 72
20 42 50 59 60 61 73
20 42 50 59 60 61 71 72
20 42 46 61 77
20 42 46 61 75 76
20 42 46 59 60 61 77
20 42 46 59 60 61 75 76
20 42 46 50 61
20 42 46 50 59 60 61
20 42 44 59
20 40 41 61 73 77
20 40 41 61 73 75 76
20 40 41 61 71 72 77
20 40 41 61 71 72 75 76
20 40 41 59 60 61 73 77
20 40 41 59 60 61 73 75 76
20 40 41 59 60 61 71 72 77
20 40 41 59 60 61 71 72 75 76
20 40 41 50 61 73
20 40 41 50 61 71 72
20 40 41 50 59 60 61 73
20 40 41 50 59 60 61 71 72
20 40 41 46 61 77
20 40 41 46 61 75 76
20 40 41 46 59 60 61 77
20 40 41 46 59 60 61 75 76
20 40 41 46 50 61
20 40 41 46 50 59 60 61
20 34 42 61 73 77
20 34 42 61 73 75 76
20 34 42 61 71 72 77
20 34 42 61 71 72 75 76
20 34 42 50 61 73
20 34 42 50 61 71 72
20 34 42 46 61 77
20 34 42 46 61 75 76
20 34 42 46 50 61
20 34 40 41 61 73 77
20 34 40 41 61 73 75 76
20 34 40 41 61 71 72 77
20 34 40 41 61 71 72 75 76
20 34 40 41 50 61 73
20 34 40 41 50 61 71 72
20 34 40 41 46 61 77
20 34 40 41 46 61 75 76
20 34 40 41 46 50 61
19
18 42 61 73 77
18 42 61 73 75 76
18 42 61 71 72 77
18 42 61 71 72 75 76
18 42 50 61 73
18 42 50 61 71 72
18 42 46 61 77
18 42 46 61 75 76
18 42 46 50 61
18 40 41 61 73 77
18 40 41 61 73 75 76
18 40 41 61 71 72 77
18 40 41 61 71 72 75 76
18 40 41 50 61 73
18 40 41 50 61 71 72
18 40 41 46 61 77
18 40 41 46 61 75 76
18 40 41 46 50 61
17 61 63 78
17 61 63 76 77
17 61 62 63 78
17 61 62 63 76 77
17 59 73 78 79
17 59 71 72 78 79
17 59 63 73 78
17 59 63 73 76 77
17 59 63 71 72 78
17 59 63 71 72 76 77
17 59 61 78
17 59 61 76 77
17 59 61 73
17 59 61 73 77
17 59 61 73 75 76
17 59 61 71 72
17 59 61 71 72 77
17 59 61 71 72 75 76
17 59 61 63 64 73
17 59 61 63 64 71 72
17 59 61 63 64 65 73
17 59 61 63 64 65 71 72
17 59 60 73
17 59 60 71 72
17 59 60 61 78
17 59 60 61 76 77
17 57 61 73 78
17 57 61 73 76 77
17 57 61 71 72 78
17 57 61 71 72 76 77
17 57 59 73 78
17 57 59 73 76 77
17 57 59 71 72 78
17 57 59 71 72 76 77
17 57 59 60 73 78
17 57 59 60 73 77
17 57 59 60 73 76 77
17 57 59 60 73 75 76
17 57 59 60 71 72 78
17 57 59 60 71 72 77
17 57 59 60 71 72 76 77
17 57 59 60 71 72 75 76
17 57 59 60 61 73 78
17 57 59 60 61 73 77
17 57 59 60 61 73 76 77
17 57 59 60 61 73 75 76
17 57 59 60 61 71 72 78
17 57 59 60 61 71 72 77
17 57 59 60 61 71 72 76 77
17 57 59 60 61 71 72 75 76
17 57 58 59 61 73 78
17 57 58 59 61 73 77
17 57 58 59 61 73 76 77
17 57 58 59 61 73 75 76
17 57 58 59 61 71 72 78
17 57 58 59 61 71 72 77
17 57 58 59 61 71 72 76 77
17 57 58 59 61 71 72 75 76
17 57 58 59 60 73 78
17 57 58 59 60 73 77
17 57 58 59 60 73 76 77
17 57 58 59 60 73 75 76
17 57 58 59 60 71 72 78
17 57 58 59 60 71 72 77
17 57 58 59 60 71 72 76 77
17 57 58 59 60 71 72 75 76
17 53 59 73
17 53 59 71 72
17 51 61 63
17 51 61 62 63
17 51 59 63 73
17 51 59 63 71 72
17 51 59 61
17 51 59 60 61
17 51 57 61 73
17 51 57 61 71 72
17 51 57 59 73
17 51 57 59 71 72
17 51 57 59 60 73
17 51 57 59 60 71 72
17 51 57 59 60 61 73
17 51 57 59 60 61 71 72
17 51 57 58 59 61 73
17 51 57 58 59 61 71 72
17 51 57 58 59 60 73
17 51 57 58 59 60 71 72
17 50 59 61 73
17 50 59 61 71 72
17 50 57 59 60 73
17 50 57 59 60 71 72
17 50 57 59 60 61 73
17 50 57 59 60 61 71 72
17 50 57 58 59 61 73
17 50 57 58 59 61 71 72
17 50 57 58 59 60 73
17 50 57 58 59 60 71 72
17 48 59 61 73 77
17 48 59 61 73 75 76
17 48 59 61 71 72 77
17 48 59 61 71 72 75 76
17 48 50 59 61 73
17 48 50 59 61 71 72
17 46 59 78 79
17 46 59 63 78
17 46 59 63 76 77
17 46 59 61
17 46 59 61 77
17 46 59 61 75 76
17 46 59 61 63 64
17 46 59 61 63 64 65
17 46 59 60
17 46 57 61 78
17 46 57 61 76 77
17 46 57 59 78
17 46 57 59 76 77
17 46 57 59 60 78
17 46 57 59 60 77
17 46 57 59 60 76 77
17 46 57 59 60 75 76
17 46 57 59 60 61 78
17 46 57 59 60 61 77
17 46 57 59 60 61 76 77
17 46 57 59 60 61 75 76
17 46 57 58 59 61 78
17 46 57 58 59 61 77
17 46 57 58 59 61 76 77
17 46 57 58 59 61 75 76
17 46 57 58 59 60 78
17 46 57 58 59 60 77
17 46 57 58 59 60 76 77
17 46 57 58 59 60 75 76
17 46 53 59
17 46 51 59 63
17 46 51 57 61
17 46 51 57 59
17 46 51 57 59 60
17 46 51 57 59 60 61
17 46 51 57 58 59 61
17 46 51 57 58 59 60
17 46 50 59 61
17 46 50 57 59 60
17 46 50 57 59 60 61
17 46 50 57 58 59 61
17 46 50 57 58 59 60
17 46 48 59 61 77
17 46 48 59 61 75 76
17 46 48 50 59 61
17 46 47 59 61 77
17 46 47 59 61 75 76
17 46 47 59 61 73 77
17 46 47 59 61 73 75 76
17 46 47 59 61 71 72 77
17 46 47 59 61 71 72 75 76
17 46 47 50 59 61
17 46 47 50 59 61 73
17 46 47 50 59 61 71 72
17 42 59 73
17 42 59 71 72
17 42 46 59
17 40 41 59 73
17 40 41 59 71 72
17 40 41 46 59
17 38 59 61 73
17 38 59 61 71 72
17 38 59 61 65 73
17 38 59 61 65 71 72
17 38 46 59 61
17 38 46 59 61 65
17 36 61 63 78
17 36 61 63 76 77
17 36 51 61 63
17 34 69
17 34 67 68
17 34 59 73
17 34 59 71 72
17 34 59 61 78
17 34 59 61 76 77
17 34 57 59 60 73 78
17 34 57 59 60 73 77
17 34 57 59 60 73 76 77
17 34 57 59 60 73 75 76
17 34 57 59 60 71 72 78
17 34 57 59 60 71 72 77
17 34 57 59 60 71 72 76 77
17 34 57 59 60 71 72 75 76
17 34 57 58 59 73 78
17 34 57 58 59 73 77
17 34 57 58 59 73 76 77
17 34 57 58 59 73 75 76
17 34 57 58 59 71 72 78
17 34 57 58 59 71 72 77
17 34 57 58 59 71 72 76 77
17 34 57 58 59 71 72 75 76
17 34 51 59 61
17 34 51 57 59 60 73
17 34 51 57 59 60 71 72
17 34 51 57 58 59 73
17 34 51 57 58 59 71 72
17 34 50 57 59 60 73
17 34 50 57 59 60 71 72
17 34 50 57 58 59 73
17 34 50 57 58 59 71 72
17 34 46 59
17 34 46 57 59 60 78
17 34 46 57 59 60 77
17 34 46 57 59 60 76 77
17 34 46 57 59 60 75 76
17 34 46 57 58 59 78
17 34 46 57 58 59 77
17 34 46 57 58 59 76 77
17 34 46 57 58 59 75 76
17 34 46 51 57 59 60
17 34 46 51 57 58 59
17 34 46 50 57 59 60
17 34 46 50 57 58 59
17 34 42
17 33 57 59 61 73 78
17 33 57 59 61 73 77
17 33 57 59 61 73 76 77
17 33 57 59 61 73 75 76
17 33 57 59 61 71 72 78
17 33 57 59 61 71 72 77
17 33 57 59 61 71 72 76 77
17 33 57 59 61 71 72 75 76
17 33 57 59 60 73 78
17 33 57 59 60 73 77
17 33 57 59 60 73 76 77
17 33 57 59 60 73 75 76
17 33 57 59 60 71 72 78
17 33 57 59 60 71 72 77
17 33 57 59 60 71 72 76 77
17 33 57 59 60 71 72 75 76
17 33 51 57 59 61 73
17 33 51 57 59 61 71 72
17 33 51 57 59 60 73
17 33 51 57 59 60 71 72
17 33 50 57 59 61 73
17 33 50 57 59 61 71 72
17 33 50 57 59 60 73
17 33 50 57 59 60 71 72
17 33 46 57 59 61 78
17 33 46 57 59 61 77
17 33 46 57 59 61 76 77
17 33 46 57 59 61 75 76
17 33 46 57 59 60 78
17 33 46 57 59 60 77
17 33 46 57 59 60 76 77
17 33 46 57 59 60 75 76
17 33 46 51 57 59 61
17 33 46 51 57 59 60
17 33 46 50 57 59 61
17 33 46 50 57 59 60
17 33 34 57 59 73 78
17 33 34 57 59 73 77
17 33 34 57 59 73 76 77
17 33 34 57 59 73 75 76
17 33 34 57 59 71 72 78
17 33 34 57 59 71 72 77
17 33 34 57 59 71 72 76 77
17 33 34 57 59 71 72 75 76
17 33 34 51 57 59 73
17 33 34 51 57 59 71 72
17 33 34 50 57 59 73
17 33 34 50 57 59 71 72
17 33 34 46 57 59 78
17 33 34 46 57 59 77
17 33 34 46 57 59 76 77
17 33 34 46 57 59 75 76
17 33 34 46 51 57 59
17 33 34 46 50 57 59
17 30 59 73 78
17 30 59 73 76 77
17 30 59 71 72 78
17 30 59 71 72 76 77
17 30 51 59 73
17 30 51 59 71 72
17 30 46 59 78
17 30 46 59 76 77
17 30 46 51 59
17 28 29 59 73 78
17 28 29 59 73 76 77
17 28 29 59 71 72 78
17 28 29 59 71 72 76 77
17 28 29 51 59 73
17 28 29 51 59 71 72
17 28 29 46 59 78
17 28 29 46 59 76 77
17 28 29 46 51 59
17 21 59 61 73 77
17 21 59 61 73 75 76
17 21 59 61 71 72 77
17 21 59 61 71 72 75 76
17 21 50 59 61 73
17 21 50 59 61 71 72
17 21 46 59 61 77
17 21 46 59 61 75 76
17 21 46 50 59 61
16 17 42 61 73 77
16 17 42 61 73 75 76
16 17 42 61 71 72 77
16 17 42 61 71 72 75 76
16 17 42 50 61 73
16 17 42 50 61 71 72
16 17 42 46 61 77
16 17 42 46 61 75 76
16 17 42 46 50 61
16 17 40 41 61 73 77
16 17 40 41 61 73 75 76
16 17 40 41 61 71 72 77
16 17 40 41 61 71 72 75 76
16 17 40 41 50 61 73
16 17 40 41 50 61 71 72
16 17 40 41 46 61 77
16 17 40 41 46 61 75 76
16 17 40 41 46 50 61
15 61 73 77
15 61 73 75 76
15 61 71 72 77
15 61 71 72 75 76
15 61 63 73 77
15 61 63 73 75 76
15 61 63 71 72 77
15 61 63 71 72 75 76
15 60 61 73 77
15 60 61 73 75 76
15 60 61 71 72 77
15 60 61 71 72 75 76
15 59 73
15 59 73 78
15 59 73 76 77
15 59 71 72
15 59 71 72 78
15 59 71 72 76 77
15 59 61
15 59 61 78
15 59 61 76 77
15 59 61 73 78 79
15 59 61 71 72 78 79
15 59 61 63 77
15 59 61 63 75
15 59 61 63 75 76
15 59 61 63 73
15 59 61 63 73 74
15 59 61 63 71 72
15 59 60 63 73
15 59 60 63 71 72
15 59 60 61 78
15 59 60 61 76 77
15 59 60 61 75
15 59 60 61 73 74
15 59 60 61 63 75
15 59 60 61 63 73 74
15 59 60 61 62 73 77
15 59 60 61 62 73 75 76
15 59 60 61 62 71 72 77
15 59 60 61 62 71 72 75 76
15 58 59 61 73 77
15 58 59 61 73 75 76
15 58 59 61 71 72 77
15 58 59 61 71 72 75 76
15 58 59 60 61 73 77
15 58 59 60 61 73 75 76
15 58 59 60 61 71 72 77
15 58 59 60 61 71 72 75 76
15 57 61 73 78
15 57 61 73 76 77
15 57 61 71 72 78
15 57 61 71 72 76 77
15 57 59 68 73
15 57 59 68 71 72
15 57 59 67 68 73
15 57 59 67 68 71 72
15 57 59 63 73
15 57 59 63 71 72
15 57 59 61
15 57 59 61 78
15 57 59 61 77 78
15 57 59 61 75 76 78
15 57 59 61 75 76 77
15 57 59 61 73
15 57 59 61 71 72
15 57 59 61 68 78
15 57 59 61 68 76 77
15 57 59 61 67 78
15 57 59 61 67 76 77
15 57 59 61 66 78
15 57 59 61 66 76 77
15 57 59 61 66 67 78
15 57 59 61 66 67 76 77
15 57 59 61 65 73 77
15 57 59 61 65 73 75 76
15 57 59 61 65 71 72 77
15 57 59 61 65 71 72 75 76
15 57 59 61 64 73
15 57 59 61 64 71 72
15 57 59 61 63 73
15 57 59 61 63 71 72
15 57 59 61 63 64 73 77
15 57 59 61 63 64 73 75 76
15 57 59 61 63 64 71 72 77
15 57 59 61 63 64 71 72 75 76
15 57 59 61 62 63 73
15 57 59 61 62 63 71 72
15 57 59 60 73
15 57 59 60 71 72
15 57 59 60 65 73 77
15 57 59 60 65 73 75 76
15 57 59 60 65 71 72 77
15 57 59 60 65 71 72 75 76
15 57 59 60 64 73
15 57 59 60 64 71 72
15 57 59 60 63 73
15 57 59 60 63 71 72
15 57 59 60 63 64 73 77
15 57 59 60 63 64 73 75 76
15 57 59 60 63 64 71 72 77
15 57 59 60 63 64 71 72 75 76
15 57 59 60 62 63 73
15 57 59 60 62 63 71 72
15 57 59 60 61
15 57 59 60 61 78
15 57 59 60 61 77 78
15 57 59 60 61 75 76 78
15 57 59 60 61 75 76 77
15 57 59 60 61 73
15 57 59 60 61 71 72
15 57 59 60 61 68 78
15 57 59 60 61 68 76 77
15 57 59 60 61 67 78
15 57 59 60 61 67 76 77
15 57 59 60 61 66 78
15 57 59 60 61 66 76 77
15 57 59 60 61 66 67 78
15 57 59 60 61 66 67 76 77
15 57 59 60 61 62 73
15 57 59 60 61 62 71 72
15 57 58 59 73
15 57 58 59 71 72
15 57 58 59 61 73
15 57 58 59 61 71 72
15 57 58 59 60 73
15 57 58 59 60 71 72
15 53 59 61 73
15 53 59 61 71 72
15 51 59 73
15 51 59 71 72
15 51 59 61
15 51 59 60 61
15 51 57 61 73
15 51 57 61 71 72
15 51 57 59 61
15 51 57 59 61 77
15 51 57 59 61 75 76
15 51 57 59 61 68
15 51 57 59 61 67
15 51 57 59 61 66
15 51 57 59 61 66 67
15 51 57 59 60 61
15 51 57 59 60 61 77
15 51 57 59 60 61 75 76
15 51 57 59 60 61 68
15 51 57 59 60 61 67
15 51 57 59 60 61 66
15 51 57 59 60 61 66 67
15 50 61 73
15 50 61 71 72
15 50 61 63 73
15 50 61 63 71 72
15 50 60 61 73
15 50 60 61 71 72
15 50 59 61 63
15 50 59 60 61 62 73
15 50 59 60 61 62 71 72
15 50 58 59 61 73
15 50 58 59 61 71 72
15 50 58 59 60 61 73
15 50 58 59 60 61 71 72
15 50 57 59 61 78
15 50 57 59 61 76 77
15 50 57 59 61 65 73
15 50 57 59 61 65 71 72
15 50 57 59 61 63 64 73
15 50 57 59 61 63 64 71 72
15 50 57 59 60 65 73
15 50 57 59 60 65 71 72
15 50 57 59 60 63 64 73
15 50 57 59 60 63 64 71 72
15 50 57 59 60 61 78
15 50 57 59 60 61 76 77
15 50 51 57 59 61
15 50 51 57 59 60 61
15 49 57 59 61 73
15 49 57 59 61 71 72
15 49 57 59 60 73
15 49 57 59 60 71 72
15 48 59 61 63
15 48 59 60 61
15 48 59 60 61 63
15 48 57 59 73
15 48 57 59 71 72
15 48 57 59 63 73
15 48 57 59 63 71 72
15 48 57 59 61 62 73
15 48 57 59 61 62 71 72
15 47 61 73 77
15 47 61 73 75 76
15 47 61 71 72 77
15 47 61 71 72 75 76
15 47 59 60 61 73 77
15 47 59 60 61 73 75 76
15 47 59 60 61 71 72 77
15 47 59 60 61 71 72 75 76
15 47 50 61 73
15 47 50 61 71 72
15 47 50 59 60 61 73
15 47 50 59 60 61 71 72
15 47 48 57 59 61 73
15 47 48 57 59 61 71 72
15 47 48 57 59 60 73
15 47 48 57 59 60 71 72
15 46 61 77
15 46 61 75 76
15 46 61 63 77
15 46 61 63 75 76
15 46 60 61 77
15 46 60 61 75 76
15 46 59
15 46 59 78
15 46 59 76 77
15 46 59 61 78 79
15 46 59 61 63
15 46 59 60 63
15 46 59 60 61 62 77
15 46 59 60 61 62 75 76
15 46 58 59 61 77
15 46 58 59 61 75 76
15 46 58 59 60 61 77
15 46 58 59 60 61 75 76
15 46 57 61 78
15 46 57 61 76 77
15 46 57 59 68
15 46 57 59 67 68
15 46 57 59 63
15 46 57 59 61
15 46 57 59 61 65 77
15 46 57 59 61 65 75 76
15 46 57 59 61 64
15 46 57 59 61 63
15 46 57 59 61 63 64 77
15 46 57 59 61 63 64 75 76
15 46 57 59 61 62 63
15 46 57 59 60
15 46 57 59 60 65 77
15 46 57 59 60 65 75 76
15 46 57 59 60 64
15 46 57 59 60 63
15 46 57 59 60 63 64 77
15 46 57 59 60 63 64 75 76
15 46 57 59 60 62 63
15 46 57 59 60 61
15 46 57 59 60 61 62
15 46 57 58 59
15 46 57 58 59 61
15 46 57 58 59 60
15 46 53 59 61
15 46 51 59
15 46 51 57 61
15 46 50 61
15 46 50 61 63
15 46 50 60 61
15 46 50 59 60 61 62
15 46 50 58 59 61
15 46 50 58 59 60 61
15 46 50 57 59 61 65
15 46 50 57 59 61 63 64
15 46 50 57 59 60 65
15 46 50 57 59 60 63 64
15 46 49 57 59 61
15 46 49 57 59 60
15 46 48 57 59
15 46 48 57 59 63
15 46 48 57 59 61 62
15 46 47 61 77
15 46 47 61 75 76
15 46 47 59 60 61 77
15 46 47 59 60 61 75 76
15 46 47 57 59
15 46 47 57 59 73
15 46 47 57 59 71 72
15 46 47 57 59 63
15 46 47 57 59 63 73
15 46 47 57 59 63 71 72
15 46 47 57 59 61 62
15 46 47 57 59 61 62 73
15 46 47 57 59 61 62 71 72
15 46 47 50 61
15 46 47 50 59 60 61
15 46 47 48 57 59 61
15 46 47 48 57 59 60
15 45 46 61 77
15 45 46 61 75 76
15 45 46 61 73 77
15 45 46 61 73 75 76
15 45 46 61 71 72 77
15 45 46 61 71 72 75 76
15 45 46 59 60 61 77
15 45 46 59 60 61 75 76
15 45 46 59 60 61 73 77
15 45 46 59 60 61 73 75 76
15 45 46 59 60 61 71 72 77
15 45 46 59 60 61 71 72 75 76
15 45 46 50 61
15 45 46 50 61 73
15 45 46 50 61 71 72
15 45 46 50 59 60 61
15 45 46 50 59 60 61 73
15 45 46 50 59 60 61 71 72
15 44 59 73
15 44 59 71 72
15 44 46 59
15 42 57 59 73
15 42 57 59 71 72
15 42 46 57 59
15 42 43 59 73
15 42 43 59 71 72
15 42 43 46 59
15 41 57 59 61 78
15 41 57 59 61 76 77
15 41 57 59 60 61 78
15 41 57 59 60 61 76 77
15 41 51 57 59 61
15 41 51 57 59 60 61
15 38 57 59 61 73 77
15 38 57 59 61 73 75 76
15 38 57 59 61 71 72 77
15 38 57 59 61 71 72 75 76
15 38 57 59 60 73 77
15 38 57 59 60 73 75 76
15 38 57 59 60 71 72 77
15 38 57 59 60 71 72 75 76
15 38 50 57 59 61 73
15 38 50 57 59 61 71 72
15 38 50 57 59 60 73
15 38 50 57 59 60 71 72
15 38 46 57 59 61 77
15 38 46 57 59 61 75 76
15 38 46 57 59 60 77
15 38 46 57 59 60 75 76
15 38 46 50 57 59 61
15 38 46 50 57 59 60
15 37 57 59 61 73
15 37 57 59 61 71 72
15 37 57 59 60 73
15 37 57 59 60 71 72
15 37 46 57 59 61
15 37 46 57 59 60
15 36 61 73 77
15 36 61 73 75 76
15 36 61 71 72 77
15 36 61 71 72 75 76
15 36 57 59 73
15 36 57 59 71 72
15 36 57 59 61 73
15 36 57 59 61 71 72
15 36 57 59 60 73
15 36 57 59 60 71 72
15 36 50 61 73
15 36 50 61 71 72
15 36 48 57 59 73
15 36 48 57 59 71 72
15 36 46 61 77
15 36 46 61 75 76
15 36 46 57 59
15 36 46 57 59 61
15 36 46 57 59 60
15 36 46 50 61
15 36 46 48 57 59
15 36 46 47 57 59
15 36 46 47 57 59 73
15 36 46 47 57 59 71 72
15 35 61 73 77
15 35 61 73 75 76
15 35 61 71 72 77
15 35 61 71 72 75 76
15 35 59 60 61 73 77
15 35 59 60 61 73 75 76
15 35 59 60 61 71 72 77
15 35 59 60 61 71 72 75 76
15 35 50 61 73
15 35 50 61 71 72
15 35 50 59 60 61 73
15 35 50 59 60 61 71 72
15 35 46 61 77
15 35 46 61 75 76
15 35 46 59 60 61 77
15 35 46 59 60 61 75 76
15 35 46 50 61
15 35 46 50 59 60 61
15 34 61 62 73 77
15 34 61 62 73 75 76
15 34 61 62 71 72 77
15 34 61 62 71 72 75 76
15 34 59 63 73
15 34 59 63 71 72
15 34 59 61 78
15 34 59 61 76 77
15 34 59 61 75
15 34 59 61 73 74
15 34 59 61 63 75
15 34 59 61 63 73 74
15 34 58 59 61 73 77
15 34 58 59 61 73 75 76
15 34 58 59 61 71 72 77
15 34 58 59 61 71 72 75 76
15 34 57 59 73
15 34 57 59 71 72
15 34 57 59 65 73 77
15 34 57 59 65 73 75 76
15 34 57 59 65 71 72 77
15 34 57 59 65 71 72 75 76
15 34 57 59 64 73
15 34 57 59 64 71 72
15 34 57 59 63 73
15 34 57 59 63 71 72
15 34 57 59 63 64 73 77
15 34 57 59 63 64 73 75 76
15 34 57 59 63 64 71 72 77
15 34 57 59 63 64 71 72 75 76
15 34 57 59 62 63 73
15 34 57 59 62 63 71 72
15 34 57 59 61
15 34 57 59 61 78
15 34 57 59 61 77 78
15 34 57 59 61 75 76 78
15 34 57 59 61 75 76 77
15 34 57 59 61 68 78
15 34 57 59 61 68 76 77
15 34 57 59 61 67 78
15 34 57 59 61 67 76 77
15 34 57 59 61 66 78
15 34 57 59 61 66 76 77
15 34 57 59 61 66 67 78
15 34 57 59 61 66 67 76 77
15 34 57 59 61 62 73
15 34 57 59 61 62 71 72
15 34 57 59 60 73
15 34 57 59 60 71 72
15 34 57 58 59 73
15 34 57 58 59 71 72
15 34 51 59 61
15 34 51 57 59 61
15 34 51 57 59 61 77
15 34 51 57 59 61 75 76
15 34 51 57 59 61 68
15 34 51 57 59 61 67
15 34 51 57 59 61 66
15 34 51 57 59 61 66 67
15 34 50 61 62 73
15 34 50 61 62 71 72
15 34 50 58 59 61 73
15 34 50 58 59 61 71 72
15 34 50 57 59 65 73
15 34 50 57 59 65 71 72
15 34 50 57 59 63 64 73
15 34 50 57 59 63 64 71 72
15 34 50 57 59 61 78
15 34 50 57 59 61 76 77
15 34 50 51 57 59 61
15 34 49 57 59 73
15 34 49 57 59 71 72
15 34 48 59 61
15 34 48 59 61 63
15 34 47 61 73 77
15 34 47 61 73 75 76
15 34 47 61 71 72 77
15 34 47 61 71 72 75 76
15 34 47 50 61 73
15 34 47 50 61 71 72
15 34 47 48 57 59 73
15 34 47 48 57 59 71 72
15 34 46 61 62 77
15 34 46 61 62 75 76
15 34 46 59 63
15 34 46 58 59 61 77
15 34 46 58 59 61 75 76
15 34 46 57 59
15 34 46 57 59 65 77
15 34 46 57 59 65 75 76
15 34 46 57 59 64
15 34 46 57 59 63
15 34 46 57 59 63 64 77
15 34 46 57 59 63 64 75 76
15 34 46 57 59 62 63
15 34 46 57 59 61 62
15 34 46 57 59 60
15 34 46 57 58 59
15 34 46 50 61 62
15 34 46 50 58 59 61
15 34 46 50 57 59 65
15 34 46 50 57 59 63 64
15 34 46 49 57 59
15 34 46 47 61 77
15 34 46 47 61 75 76
15 34 46 47 50 61
15 34 46 47 48 57 59
15 34 45 46 61 77
15 34 45 46 61 75 76
15 34 45 46 61 73 77
15 34 45 46 61 73 75 76
15 34 45 46 61 71 72 77
15 34 45 46 61 71 72 75 76
15 34 45 46 50 61
15 34 45 46 50 61 73
15 34 45 46 50 61 71 72
15 34 41 57 59 61 78
15 34 41 57 59 61 76 77
15 34 41 51 57 59 61
15 34 38 57 59 73 77
15 34 38 57 59 73 75 76
15 34 38 57 59 71 72 77
15 34 38 57 59 71 72 75 76
15 34 38 50 57 59 73
15 34 38 50 57 59 71 72
15 34 38 46 57 59 77
15 34 38 46 57 59 75 76
15 34 38 46 50 57 59
15 34 37 57 59 73
15 34 37 57 59 71 72
15 34 37 46 57 59
15 34 36 57 59 73
15 34 36 57 59 71 72
15 34 36 46 57 59
15 34 35 61 73 77
15 34 35 61 73 75 76
15 34 35 61 71 72 77
15 34 35 61 71 72 75 76
15 34 35 50 61 73
15 34 35 50 61 71 72
15 34 35 46 61 77
15 34 35 46 61 75 76
15 34 35 46 50 61
15 33 61 73 77
15 33 61 73 75 76
15 33 61 71 72 77
15 33 61 71 72 75 76
15 33 59 60 61 73 77
15 33 59 60 61 73 75 76
15 33 59 60 61 71 72 77
15 33 59 60 61 71 72 75 76
15 33 57 59 73
15 33 57 59 71 72
15 33 57 59 61 73
15 33 57 59 61 71 72
15 33 57 59 60 73
15 33 57 59 60 71 72
15 33 50 61 73
15 33 50 61 71 72
15 33 50 59 60 61 73
15 33 50 59 60 61 71 72
15 33 46 61 77
15 33 46 61 75 76
15 33 46 59 60 61 77
15 33 46 59 60 61 75 76
15 33 46 57 59
15 33 46 57 59 61
15 33 46 57 59 60
15 33 46 50 61
15 33 46 50 59 60 61
15 33 34 61 73 77
15 33 34 61 73 75 76
15 33 34 61 71 72 77
15 33 34 61 71 72 75 76
15 33 34 57 59 73
15 33 34 57 59 71 72
15 33 34 50 61 73
15 33 34 50 61 71 72
15 33 34 46 61 77
15 33 34 46 61 75 76
15 33 34 46 57 59
15 33 34 46 50 61
15 22 57 59 61 73
15 22 57 59 61 71 72
15 22 57 59 60 73
15 22 57 59 60 71 72
15 22 46 57 59 61
15 22 46 57 59 60
15 22 34 57 59 73
15 22 34 57 59 71 72
15 22 34 46 57 59
15 21 57 59 73
15 21 57 59 71 72
15 21 57 59 63 73
15 21 57 59 63 71 72
15 21 57 59 61 62 73
15 21 57 59 61 62 71 72
15 21 46 57 59
15 21 46 57 59 63
15 21 46 57 59 61 62
15 21 36 57 59 73
15 21 36 57 59 71 72
15 21 36 46 57 59
15 20 61 73 77
15 20 61 73 75 76
15 20 61 71 72 77
15 20 61 71 72 75 76
15 20 59 60 61 73 77
15 20 59 60 61 73 75 76
15 20 59 60 61 71 72 77
15 20 59 60 61 71 72 75 76
15 20 50 61 73
15 20 50 61 71 72
15 20 50 59 60 61 73
15 20 50 59 60 61 71 72
15 20 46 61 77
15 20 46 61 75 76
15 20 46 59 60 61 77
15 20 46 59 60 61 75 76
15 20 46 50 61
15 20 46 50 59 60 61
15 20 34 61 73 77
15 20 34 61 73 75 76
15 20 34 61 71 72 77
15 20 34 61 71 72 75 76
15 20 34 50 61 73
15 20 34 50 61 71 72
15 20 34 46 61 77
15 20 34 46 61 75 76
15 20 34 46 50 61
15 18 61 73 77
15 18 61 73 75 76
15 18 61 71 72 77
15 18 61 71 72 75 76
15 18 50 61 73
15 18 50 61 71 72
15 18 46 61 77
15 18 46 61 75 76
15 18 46 50 61
15 17 59 73
15 17 59 71 72
15 17 46 59
15 16 17 61 73 77
15 16 17 61 73 75 76
15 16 17 61 71 72 77
15 16 17 61 71 72 75 76
15 16 17 50 61 73
15 16 17 50 61 71 72
15 16 17 46 61 77
15 16 17 46 61 75 76
15 16 17 46 50 61
10
10 59 69
10 59 67 68
10 42 59
10 36 61
10 34
9 34 68
8 9 36 61
8 9 34
3 44 59 73 78
3 44 59 73 76 77
3 44 59 71 72 78
3 44 59 71 72 76 77
3 44 51 59 73
3 44 51 59 71 72
3 44 46 59 78
3 44 46 59 76 77
3 44 46 51 59
3 42 43 59 73 78
3 42 43 59 73 76 77
3 42 43 59 71 72 78
3 42 43 59 71 72 76 77
3 42 43 51 59 73
3 42 43 51 59 71 72
3 42 43 46 59 78
3 42 43 46 59 76 77
3 42 43 46 51 59
3 17 59 73 78
3 17 59 73 76 77
3 17 59 71 72 78
3 17 59 71 72 76 77
3 17 51 59 73
3 17 51 59 71 72
3 17 46 59 78
3 17 46 59 76 77
3 17 46 51 59
1
1 69
1 67 68
1 61
1 42
1 36 61
1 34
0 42 57 59 73
0 42 57 59 71 72
0 42 46 57 59
0 40 41 57 59 73
0 40 41 57 59 71 72
0 40 41 46 57 59
0 36 61 68
0 34 68
0 15 57 59 73
0 15 57 59 71 72
0 15 46 57 59

