78 79
69
68 69 70
67
67 78 79
67 68 70
67 68 69
65 66
65 66 78 79
61
61 69
61 69 78 79
61 67 68
61 67 68 78 79
59
59 69 71
59 69 71 78 79
59 69 70
59 69 70 78 79
59 67 68 71
59 67 68 71 78 79
59 67 68 69 70
59 67 68 69 70 78 79
57 59 73
57 59 71 72
55
55 61 71
55 61 69 70
55 59 69 78 79
55 59 67 68 78 79
54 68
54 55 68
53
53 67
53 65 66
53 61 69
53 61 67 68
53 59 69 71
53 59 69 70
53 59 67 68 71
53 59 67 68 69 70
53 55 59 69
53 55 59 67 68
53 54 61 71
53 54 61 69 70
53 54 59 69
53 54 59 69 78 79
53 54 59 67 68
53 54 59 67 68 78 79
52
46 57 59
44 59 69
44 59 69 78 79
44 59 67 68
44 59 67 68 78 79
44 55 61
44 53 59 69
44 53 59 67 68
44 53 54 61
43
43 68 69
43 67 68
42
42 68
42 68 70
42 68 69
42 61
42 61 78 79
42 59 71
42 59 71 78 79
42 59 69 70
42 59 69 70 78 79
42 57 59 73
42 57 59 71 72
42 55 59 78 79
42 53 61
42 53 59 71
42 53 59 69 70
42 53 55 59
42 53 54 59
42 53 54 59 78 79
42 46 57 59
42 44 59
42 44 59 78 79
42 44 53 59
42 43 68
40
40 78 79
40 53
40 41 57 59 73
40 41 57 59 71 72
40 41 46 57 59
38
36
36 78 79
36 61 69
36 61 69 78 79
36 61 67 78 79
36 61 67 68
36 61 67 68 78 79
36 61 65 66 78 79
36 59 69 71
36 59 69 71 78 79
36 59 69 70
36 59 69 70 78 79
36 59 67 68 71
36 59 67 68 71 78 79
36 59 67 68 69 70
36 59 67 68 69 70 78 79
36 53
36 53 61 69
36 53 61 67
36 53 61 67 68
36 53 61 65 66
36 53 59 69 71
36 53 59 69 70
36 53 59 67 68 71
36 53 59 67 68 69 70
36 44 59 69
36 44 59 69 78 79
36 44 59 67 68
36 44 59 67 68 78 79
36 44 53 59 69
36 44 53 59 67 68
36 42 61
36 42 61 78 79
36 42 59 71
36 42 59 71 78 79
36 42 59 69 70
36 42 59 69 70 78 79
36 42 53 61
36 42 53 59 71
36 42 53 59 69 70
36 42 44 59
36 42 44 59 78 79
36 42 44 53 59
36 40 61 78 79
36 40 53 61
34 61 68 69
34 61 67 68
34 59 68 69 71
34 59 68 69 70
34 59 67 68 71
34 59 67 68 69 70
34 55 61 69
34 55 61 67 68
34 44 59 68 69
34 44 59 67 68
34 42 61 68
34 42 59 68 71
34 42 59 68 69 70
34 42 55 61
34 42 44 59 68
29 68
28 61 71
28 61 69 70
28 59 69 78 79
28 59 67 68 78 79
28 53 59 69
28 53 59 67 68
28 44 61
28 42 59 78 79
28 42 53 59
15 57 59 73
15 57 59 71 72
15 46 57 59
11 68
10
8 9
1 78 79
1 71
1 69
1 69 70
1 68 69
1 67
1 65 66
1 61 69 71
1 61 69 70
1 61 67
1 61 67 78 79
1 61 67 68 71
1 61 67 68 69 70
1 61 65 66
1 61 65 66 78 79
1 59 71
1 59 69
1 59 69 70
1 59 67 68
1 53
1 53 61 67
1 53 61 65 66
1 44
1 44 61 69
1 44 61 67 68
1 44 59
1 42
1 42 68
1 42 61 71
1 42 61 69 70
1 42 59
1 42 44 61
1 40
1 40 61
1 40 61 78 79
1 40 53 61
1 36
1 34 59 69
1 34 59 67 68
1 34 42 59
0 68

