67 68
34
34 69 78 79
34 61
34 55
34 55 63
34 55 61 62
34 54 55
34 53 69
34 52 53 55
34 42 78 79
34 42 53
27 34 55
22
22 34 69
22 34 67 68
22 34 42
34 68
10 34 68
68
1 34 78 79
1 34 68
1 34 67
1 34 65 66
1 34 53
1 34 40
34 63
34 54
34 52 53
27 34
73 78 79
71 72 78 79
53 73
53 71 72
46
46 78 79
46 53
34 73 78 79
34 71 72 78 79
34 69 73 78 79
34 69 71 72 78 79
34 68 73 79
34 68 73 78 79
34 68 73 77 78
34 68 71 72 79
34 68 71 72 78 79
34 68 71 72 77 78
34 65 68 73
34 65 68 71 72
34 61 68 73
34 61 68 71 72
34 55 73
34 55 71 72
34 55 69
34 55 67 68
34 54 68 73
34 54 68 71 72
34 53 73
34 53 71 72
34 53 69 73
34 53 69 71 72
34 53 68 73
34 53 68 71 72
34 46 78 79
34 46 69 78 79
34 46 68 79
34 46 68 78 79
34 46 68 77 78
34 46 65 68
34 46 61 68
34 46 55
34 46 54 68
34 46 53
34 46 53 69
34 46 53 68
34 42 73 78 79
34 42 71 72 78 79
34 42 55
34 42 53 73
34 42 53 71 72
34 42 46 78 79
34 42 46 53
10 34 68 73
10 34 68 71 72
10 34 46 68
1 34 73
1 34 71 72
1 34 46
0 34 68 73
0 34 68 71 72
0 34 46 68
34 61 68
34 36 78 79
34 36 53
25 34 68
20 34
1 20 34 67
1 20 34 65 66
1 20 34 40
34 65 66
34 40
20 34 73
20 34 71 72
20 34 67
20 34 65 66
20 34 61 73
20 34 61 71 72
20 34 46
20 34 46 61
20 34 40
20 34 36 69
20 34 36 67 68
20 34 36 42
20 25 34
1 34 68 73
1 34 68 71 72
1 34 46 68
53 68 73
53 68 71 72
51 52 68 73
51 52 68 71 72
46 53 68
46 51 52 68
44 68 73
44 68 71 72
42 43 68 73
42 43 68 71 72
42 43 46 68
35 68 73
35 68 71 72
35 46 68
33 34 68 73
33 34 68 71 72
33 34 46 68
26 68 73
26 68 71 72
26 46 68
17 68 73
17 68 71 72
17 46 68
8 68 73
8 68 71 72
8 46 68
34 59
68 73
68 71 72
46 68
34 43 68 73
34 43 68 71 72
34 43 46 68
69 73
69 71 72
66 67 68 73
66 67 68 71 72
46 69
46 66 67 68
42 73
42 71 72
42 46
41 67 68 73
41 67 68 71 72
41 46 67 68
1 68 69
1 67 68
1 59 67 78 79
1 59 65 66 78 79
1 53 59 67
1 53 59 65 66
1 40 59 78 79
1 40 53 59
1 8 69
1 8 67 68
1 8 42
69 78 79
67 68 78 79
59 69
53 69
53 67 68
42 78 79
42 59
42 53
36 78 79
36 61 67
36 61 65 66
36 59 67 78 79
36 59 65 66 78 79
36 53
36 53 59 67
36 53 59 65 66
36 40 61
36 40 59 78 79
36 40 53 59
1 59 69 78 79
1 59 67 68 78 79
1 53 59 69
1 53 59 67 68
1 42 59 78 79
1 42 53 59
69 71
69 70
67 68 71
67 68 69 70
44 69
44 67 68
42 71
42 69 70
42 44
34 65 66 68
34 59 65 66 68
34 40 68
34 40 59 68
34 36 67
34 36 65 66
34 36 40
34 61 62
1 34 67 73 78 79
1 34 67 71 72 78 79
1 34 65 66 73 78 79
1 34 65 66 71 72 78 79
1 34 63 67
1 34 63 65 66
1 34 61 62 67
1 34 61 62 65 66
1 34 54 67
1 34 54 65 66
1 34 53 67 73
1 34 53 67 71 72
1 34 53 65 66 73
1 34 53 65 66 71 72
1 34 52 53 67
1 34 52 53 65 66
1 34 46 67 78 79
1 34 46 65 66 78 79
1 34 46 53 67
1 34 46 53 65 66
1 34 40 73 78 79
1 34 40 71 72 78 79
1 34 40 63
1 34 40 61 62
1 34 40 54
1 34 40 53 73
1 34 40 53 71 72
1 34 40 52 53
1 34 40 46 78 79
1 34 40 46 53
1 27 34 67
1 27 34 65 66
1 27 34 40
1 68
1 34 69 73
1 34 69 71 72
1 34 67 68 73
1 34 67 68 71 72
1 34 63 69
1 34 63 67 68
1 34 61 62 69
1 34 61 62 67 68
1 34 55 69
1 34 55 67 68
1 34 54 69
1 34 54 67 68
1 34 52 53 69
1 34 52 53 67 68
1 34 46 69
1 34 46 67 68
1 34 42 73
1 34 42 71 72
1 34 42 63
1 34 42 61 62
1 34 42 55
1 34 42 54
1 34 42 52 53
1 34 42 46
1 34 36
1 27 34 69
1 27 34 67 68
1 27 34 42
71
67
65 66
44
40
25 34
23 24 34
59 68 69 73
59 68 69 71 72
59 67 68 78 79
59 67 68 73
59 67 68 71 72
59 65 66 68
59 65 66 68 78 79
55 69
55 67 68
55 59
53 59 67 68
53 59 65 66 68
46 59 68 69
46 59 67 68
42 59 68 73
42 59 68 71 72
42 55
42 46 59 68
40 59 68
40 59 68 78 79
40 53 59 68
22 59 69
22 59 67 68
22 42 59
1 59 69 73
1 59 69 71 72
1 59 67 68 73
1 59 67 68 71 72
1 46 59 69
1 46 59 67 68
1 42 59 73
1 42 59 71 72
1 42 46 59
66 67 68 71
44 66 67 68
41 67 68 71
41 67 68 69 70
41 44 67 68
70
66 67 69
66 67 68
65 66 68
55 69 78 79
55 67 68 78 79
53 55 69
53 55 67 68
52
52 53
45
44 45
42 66 67
42 55 78 79
42 53 55
41 69
41 67 68
41 42
40 68
35 36
27
25
22 69
22 67 68
22 42
20 55 69
20 55 67 68
20 51 69
20 51 67 68
20 49 50 69
20 49 50 67 68
20 42 55
20 42 51
20 42 49 50
20 24 69
20 24 67 68
20 24 42
19
12
10 11
3
1 70
1 69
1 66 67 69
1 66 67 68
1 61
1 56
1 55
1 53 54
1 43
1 42
1 42 66 67
1 41 69
1 41 67 68
1 41 42
1 38 61
1 28
1 22 69
1 22 67 68
1 22 42
1 20 36 69
1 20 36 67 68
1 20 36 42
1 7
1 2
68 71
68 69 70
44 68
1 71
1 44
36 69
36 42
20 69
20 42
1 69 78 79
1 69 71
1 67 68 78 79
1 67 68 71
1 67 68 69 70
1 59
1 53 69
1 53 67 68
1 44 69
1 44 67 68
1 42 78 79
1 42 71
1 42 69 70
1 42 53
1 42 44
1 22 59 69
1 22 59 67 68
1 22 42 59
1 20 67
1 20 65 66
1 20 59 69
1 20 59 67 68
1 20 42 59
1 20 40
67 68 73
67 68 71 72
63 69
63 67 68
61 67
61 65 66
61 62 69
61 62 67 68
52 53 69
52 53 67 68
46 67 68
42 63
42 61 62
42 52 53
40 61
35 68
27 69
27 67 68
27 42
22 59
20 73
20 71 72
20 67
20 65 66
20 65 66 68
20 61 67
20 61 65 66
20 55
20 46
20 40
20 40 68
20 40 61
20 36
10 22
10 20
10 20 67
10 20 65 66
10 20 40
1 68 73
1 68 71 72
1 46 68
1 20 69
1 20 67 68
1 20 42
1 20 34 69
1 20 34 67 68
1 20 34 42
1 10 20
36 68
1 63
1 61 62
1 54
1 52 53
1 27
55 59 69
55 59 67 68
42 55 59
61 68 73
61 68 71 72
46 61 68
20 34 61
43 68 73
43 68 71 72
43 46 68
10 68 73
10 68 71 72
10 46 68
22 61 69
22 61 67 68
22 42 61
20 61 69
20 61 67 68
20 42 61
34 68 78 79
34 53 68
63 67
63 65 66
61 62 67
61 62 65 66
54 67
54 65 66
52 53 67
52 53 65 66
40 63
40 61 62
40 54
40 52 53
27 67
27 65 66
27 40
22 34
20 34 69
20 34 67 68
20 34 42
20 25 34 69
20 25 34 67 68
20 25 34 42
1 20 34
1 20 34 73
1 20 34 71 72
1 20 34 46
34 68 69
34 42 68
22 34 68
36 44
36 42 68
69 79
69 77 78
67 68 79
67 68 77 78
67 68 70
67 68 69
61 69
61 67 68
47 69
47 67 68
45 46 69
45 46 67 68
42 79
42 77 78
42 70
42 68 69
42 61
42 47
42 45 46
38 59 67
38 59 65 66
38 40 59
37 69
37 67 68
37 42
36 59 69
36 59 67 68
36 42 59
35 69
35 67 68
35 42
26 69
26 67 68
26 42
11 69
11 67 68
11 42
9 69
9 68 69
9 42
9 42 68
8 9 69
8 9 67 68
8 9 42
7 69
7 67 68
7 42
0 68 69
0 67 68
0 42 68
34 61 71
34 61 69 78 79
34 61 69 70
34 61 67 68 78 79
34 59 67 78 79
34 59 65 66 78 79
34 57 61 69
34 57 61 67 68
34 55 56 61 69
34 55 56 61 67 68
34 53 61 69
34 53 61 67 68
34 53 59 67
34 53 59 65 66
34 44 61
34 42 61 78 79
34 42 57 61
34 42 55 56 61
34 42 53 61
34 40 59 78 79
34 40 53 59
30 34 61 69
30 34 61 67 68
30 34 42 61
34 60
18 34
16 17 34
68 70 71
68 69 71
66 67 68 69 71
46 68 71
46 68 69 70
44 68 70
44 68 69
44 66 67 68 69
44 45 68
44 45 68 71
44 45 68 69 70
43 68 71
43 68 69 70
43 44 68
42 66 67 68 71
42 66 67 68 69 70
42 44 66 67 68
41 68 69 71
41 68 69 70
41 44 68 69
41 42 68 71
41 42 68 69 70
41 42 44 68
37 68 71
37 68 69 70
37 44 68
36 68 71
36 68 69 70
36 44 68
35 68 71
35 68 69 70
35 44 68
35 36 68 71
35 36 68 69 70
35 36 44 68
21 68 71
21 68 69 70
21 44 68
19 68 71
19 68 69 70
19 44 68
10 34 78 79
10 34 53
61 62
69 73 78 79
69 71 78 79
69 71 72 78 79
68 78 79
67 68 73 78 79
67 68 71 78 79
67 68 71 72 78 79
67 68 69 70 78 79
53 69 73
53 69 71
53 69 71 72
53 68
53 67 68 73
53 67 68 71
53 67 68 71 72
53 67 68 69 70
46 69 78 79
46 67 68 78 79
46 53 69
46 53 67 68
44 69 78 79
44 67 68 78 79
44 53 69
44 53 67 68
42 73 78 79
42 71 78 79
42 71 72 78 79
42 69 70 78 79
42 53 73
42 53 71
42 53 71 72
42 53 69 70
42 46 78 79
42 46 53
42 44 78 79
42 44 53
36 69 71 78 79
36 67 68 71 78 79
36 67 68 69 70 78 79
36 53 69 71
36 53 67 68 71
36 53 67 68 69 70
36 44 69 78 79
36 44 67 68 78 79
36 44 53 69
36 44 53 67 68
36 42 71 78 79
36 42 69 70 78 79
36 42 53 71
36 42 53 69 70
36 42 44 78 79
36 42 44 53
34 68 69 78 79
34 53 68 69
34 42 68 78 79
34 42 53 68
34 36 68 69 78 79
34 36 67 68 78 79
34 36 53 68 69
34 36 53 67 68
34 36 42 68 78 79
34 36 42 53 68
22 59 69 78 79
22 59 67 68 78 79
22 53 59 69
22 53 59 67 68
22 42 59 78 79
22 42 53 59
20 34 63 69
20 34 63 67 68
20 34 61 62 69
20 34 61 62 67 68
20 34 54 69
20 34 54 67 68
20 34 52 53 69
20 34 52 53 67 68
20 34 42 63
20 34 42 61 62
20 34 42 54
20 34 42 52 53
20 34 36 67
20 34 36 65 66
20 34 36 40
20 27 34 69
20 27 34 67 68
20 27 34 42
8 78 79
8 69 78 79
8 67 68 78 79
8 53
8 53 69
8 53 67 68
8 42 78 79
8 42 53
34 59 67 68
34 55 61
54 68
20 59
20 59 67
20 59 65 66
20 55 59
20 40 59
8 9
7
0 68
61 68 71
61 68 69 70
44 61 68
71 78 79
53 71
44 78 79
44 53
36 71 78 79
36 53 71
36 44 78 79
36 44 53
34 67 68 73 78 79
34 67 68 71 72 78 79
34 53 67 68 73
34 53 67 68 71 72
34 46 67 68 78 79
34 46 53 67 68
34 36 67 78 79
34 36 65 66 78 79
34 36 53 67
34 36 53 65 66
34 36 40 78 79
34 36 40 53
36 71
36 69 70
59 67 78 79
59 65 66 78 79
53 59 67
53 59 65 66
40 59 78 79
40 53 59
36 68 69
68 70 73
68 70 71 72
68 69 73
68 69 71 72
66 67 68 69 73
66 67 68 69 71 72
55 68 73
55 68 71 72
53 54 68 73
53 54 68 71 72
46 68 70
46 68 69
46 66 67 68 69
46 55 68
46 53 54 68
42 66 67 68 73
42 66 67 68 71 72
42 46 66 67 68
41 68 69 73
41 68 69 71 72
41 46 68 69
41 42 68 73
41 42 68 71 72
41 42 46 68
28 68 73
28 68 71 72
28 46 68
21 34 68 73
21 34 68 71 72
21 34 46 68
8 9 34 68 73
8 9 34 68 71 72
8 9 34 46 68
7 68 73
7 68 71 72
7 46 68
34 51 69
34 51 67 68
34 49 50 69
34 49 50 67 68
34 42 51
34 42 49 50
24 34 69
24 34 67 68
24 34 42
20 34 69 73
20 34 69 71 72
20 34 67 68 73
20 34 67 68 71 72
20 34 46 69
20 34 46 67 68
20 34 42 73
20 34 42 71 72
20 34 42 46
