42 59 73
42 46 47 57 59
40 41 59 73
40 41 46 47 57 59
15 59 73
15 46 47 57 59

63
61 62
54
52 53
34 73 78 79
34 71 72 78 79
34 53 73
34 53 71 72
34 46 78 79
34 46 53
27
1 34
1 34 63
1 34 61 62
1 34 54
1 34 52 53
1 27 34
78 79
53
36
36 78 79
36 53
34
42 59 65 73 78
42 59 65 73 76 77
42 59 65 71 72 78
42 59 65 71 72 76 77
42 59 63 64 73 78
42 59 63 64 73 76 77
42 59 63 64 71 72 78
42 59 63 64 71 72 76 77
42 51 59 65 73
42 51 59 65 71 72
42 51 59 63 64 73
42 51 59 63 64 71 72
42 49 59 65 73 78
42 49 59 65 73 76 77
42 49 59 65 71 72 78
42 49 59 65 71 72 76 77
42 49 59 63 64 73 78
42 49 59 63 64 73 76 77
42 49 59 63 64 71 72 78
42 49 59 63 64 71 72 76 77
42 49 51 59 65 73
42 49 51 59 65 71 72
42 49 51 59 63 64 73
42 49 51 59 63 64 71 72
42 47 48 59 65 73 78
42 47 48 59 65 73 76 77
42 47 48 59 65 71 72 78
42 47 48 59 65 71 72 76 77
42 47 48 59 63 64 73 78
42 47 48 59 63 64 73 76 77
42 47 48 59 63 64 71 72 78
42 47 48 59 63 64 71 72 76 77
42 47 48 51 59 65 73
42 47 48 51 59 65 71 72
42 47 48 51 59 63 64 73
42 47 48 51 59 63 64 71 72
42 46 59 65 78
42 46 59 65 76 77
42 46 59 63 64 78
42 46 59 63 64 76 77
42 46 51 59 65
42 46 51 59 63 64
42 46 49 59 65 78
42 46 49 59 65 76 77
42 46 49 59 63 64 78
42 46 49 59 63 64 76 77
42 46 49 51 59 65
42 46 49 51 59 63 64
42 46 47 48 59 65 78
42 46 47 48 59 65 76 77
42 46 47 48 59 63 64 78
42 46 47 48 59 63 64 76 77
42 46 47 48 51 59 65
42 46 47 48 51 59 63 64
40 41 59 65 73 78
40 41 59 65 73 76 77
40 41 59 65 71 72 78
40 41 59 65 71 72 76 77
40 41 59 63 64 73 78
40 41 59 63 64 73 76 77
40 41 59 63 64 71 72 78
40 41 59 63 64 71 72 76 77
40 41 51 59 65 73
40 41 51 59 65 71 72
40 41 51 59 63 64 73
40 41 51 59 63 64 71 72
40 41 49 59 65 73 78
40 41 49 59 65 73 76 77
40 41 49 59 65 71 72 78
40 41 49 59 65 71 72 76 77
40 41 49 59 63 64 73 78
40 41 49 59 63 64 73 76 77
40 41 49 59 63 64 71 72 78
40 41 49 59 63 64 71 72 76 77
40 41 49 51 59 65 73
40 41 49 51 59 65 71 72
40 41 49 51 59 63 64 73
40 41 49 51 59 63 64 71 72
40 41 47 48 59 65 73 78
40 41 47 48 59 65 73 76 77
40 41 47 48 59 65 71 72 78
40 41 47 48 59 65 71 72 76 77
40 41 47 48 59 63 64 73 78
40 41 47 48 59 63 64 73 76 77
40 41 47 48 59 63 64 71 72 78
40 41 47 48 59 63 64 71 72 76 77
40 41 47 48 51 59 65 73
40 41 47 48 51 59 65 71 72
40 41 47 48 51 59 63 64 73
40 41 47 48 51 59 63 64 71 72
40 41 46 59 65 78
40 41 46 59 65 76 77
40 41 46 59 63 64 78
40 41 46 59 63 64 76 77
40 41 46 51 59 65
40 41 46 51 59 63 64
40 41 46 49 59 65 78
40 41 46 49 59 65 76 77
40 41 46 49 59 63 64 78
40 41 46 49 59 63 64 76 77
40 41 46 49 51 59 65
40 41 46 49 51 59 63 64
40 41 46 47 48 59 65 78
40 41 46 47 48 59 65 76 77
40 41 46 47 48 59 63 64 78
40 41 46 47 48 59 63 64 76 77
40 41 46 47 48 51 59 65
40 41 46 47 48 51 59 63 64
38 42 59 73 78
38 42 59 73 76 77
38 42 59 71 72 78
38 42 59 71 72 76 77
38 42 51 59 73
38 42 51 59 71 72
38 42 49 59 73 78
38 42 49 59 73 76 77
38 42 49 59 71 72 78
38 42 49 59 71 72 76 77
38 42 49 51 59 73
38 42 49 51 59 71 72
38 42 47 48 59 73 78
38 42 47 48 59 73 76 77
38 42 47 48 59 71 72 78
38 42 47 48 59 71 72 76 77
38 42 47 48 51 59 73
38 42 47 48 51 59 71 72
38 42 46 59 78
38 42 46 59 76 77
38 42 46 51 59
38 42 46 49 59 78
38 42 46 49 59 76 77
38 42 46 49 51 59
38 42 46 47 48 59 78
38 42 46 47 48 59 76 77
38 42 46 47 48 51 59
38 40 41 59 73 78
38 40 41 59 73 76 77
38 40 41 59 71 72 78
38 40 41 59 71 72 76 77
38 40 41 51 59 73
38 40 41 51 59 71 72
38 40 41 49 59 73 78
38 40 41 49 59 73 76 77
38 40 41 49 59 71 72 78
38 40 41 49 59 71 72 76 77
38 40 41 49 51 59 73
38 40 41 49 51 59 71 72
38 40 41 47 48 59 73 78
38 40 41 47 48 59 73 76 77
38 40 41 47 48 59 71 72 78
38 40 41 47 48 59 71 72 76 77
38 40 41 47 48 51 59 73
38 40 41 47 48 51 59 71 72
38 40 41 46 59 78
38 40 41 46 59 76 77
38 40 41 46 51 59
38 40 41 46 49 59 78
38 40 41 46 49 59 76 77
38 40 41 46 49 51 59
38 40 41 46 47 48 59 78
38 40 41 46 47 48 59 76 77
38 40 41 46 47 48 51 59
22 42 59 65 73 78
22 42 59 65 73 76 77
22 42 59 65 71 72 78
22 42 59 65 71 72 76 77
22 42 59 63 64 73 78
22 42 59 63 64 73 76 77
22 42 59 63 64 71 72 78
22 42 59 63 64 71 72 76 77
22 42 51 59 65 73
22 42 51 59 65 71 72
22 42 51 59 63 64 73
22 42 51 59 63 64 71 72
22 42 46 59 65 78
22 42 46 59 65 76 77
22 42 46 59 63 64 78
22 42 46 59 63 64 76 77
22 42 46 51 59 65
22 42 46 51 59 63 64
22 40 41 59 65 73 78
22 40 41 59 65 73 76 77
22 40 41 59 65 71 72 78
22 40 41 59 65 71 72 76 77
22 40 41 59 63 64 73 78
22 40 41 59 63 64 73 76 77
22 40 41 59 63 64 71 72 78
22 40 41 59 63 64 71 72 76 77
22 40 41 51 59 65 73
22 40 41 51 59 65 71 72
22 40 41 51 59 63 64 73
22 40 41 51 59 63 64 71 72
22 40 41 46 59 65 78
22 40 41 46 59 65 76 77
22 40 41 46 59 63 64 78
22 40 41 46 59 63 64 76 77
22 40 41 46 51 59 65
22 40 41 46 51 59 63 64
22 38 42 59 73 78
22 38 42 59 73 76 77
22 38 42 59 71 72 78
22 38 42 59 71 72 76 77
22 38 42 51 59 73
22 38 42 51 59 71 72
22 38 42 46 59 78
22 38 42 46 59 76 77
22 38 42 46 51 59
22 38 40 41 59 73 78
22 38 40 41 59 73 76 77
22 38 40 41 59 71 72 78
22 38 40 41 59 71 72 76 77
22 38 40 41 51 59 73
22 38 40 41 51 59 71 72
22 38 40 41 46 59 78
22 38 40 41 46 59 76 77
22 38 40 41 46 51 59
15 59 65 73 78
15 59 65 73 76 77
15 59 65 71 72 78
15 59 65 71 72 76 77
15 59 63 64 73 78
15 59 63 64 73 76 77
15 59 63 64 71 72 78
15 59 63 64 71 72 76 77
15 51 59 65 73
15 51 59 65 71 72
15 51 59 63 64 73
15 51 59 63 64 71 72
15 49 59 65 73 78
15 49 59 65 73 76 77
15 49 59 65 71 72 78
15 49 59 65 71 72 76 77
15 49 59 63 64 73 78
15 49 59 63 64 73 76 77
15 49 59 63 64 71 72 78
15 49 59 63 64 71 72 76 77
15 49 51 59 65 73
15 49 51 59 65 71 72
15 49 51 59 63 64 73
15 49 51 59 63 64 71 72
15 47 48 59 65 73 78
15 47 48 59 65 73 76 77
15 47 48 59 65 71 72 78
15 47 48 59 65 71 72 76 77
15 47 48 59 63 64 73 78
15 47 48 59 63 64 73 76 77
15 47 48 59 63 64 71 72 78
15 47 48 59 63 64 71 72 76 77
15 47 48 51 59 65 73
15 47 48 51 59 65 71 72
15 47 48 51 59 63 64 73
15 47 48 51 59 63 64 71 72
15 46 59 65 78
15 46 59 65 76 77
15 46 59 63 64 78
15 46 59 63 64 76 77
15 46 51 59 65
15 46 51 59 63 64
15 46 49 59 65 78
15 46 49 59 65 76 77
15 46 49 59 63 64 78
15 46 49 59 63 64 76 77
15 46 49 51 59 65
15 46 49 51 59 63 64
15 46 47 48 59 65 78
15 46 47 48 59 65 76 77
15 46 47 48 59 63 64 78
15 46 47 48 59 63 64 76 77
15 46 47 48 51 59 65
15 46 47 48 51 59 63 64
15 38 59 73 78
15 38 59 73 76 77
15 38 59 71 72 78
15 38 59 71 72 76 77
15 38 51 59 73
15 38 51 59 71 72
15 38 49 59 73 78
15 38 49 59 73 76 77
15 38 49 59 71 72 78
15 38 49 59 71 72 76 77
15 38 49 51 59 73
15 38 49 51 59 71 72
15 38 47 48 59 73 78
15 38 47 48 59 73 76 77
15 38 47 48 59 71 72 78
15 38 47 48 59 71 72 76 77
15 38 47 48 51 59 73
15 38 47 48 51 59 71 72
15 38 46 59 78
15 38 46 59 76 77
15 38 46 51 59
15 38 46 49 59 78
15 38 46 49 59 76 77
15 38 46 49 51 59
15 38 46 47 48 59 78
15 38 46 47 48 59 76 77
15 38 46 47 48 51 59
15 22 59 65 73 78
15 22 59 65 73 76 77
15 22 59 65 71 72 78
15 22 59 65 71 72 76 77
15 22 59 63 64 73 78
15 22 59 63 64 73 76 77
15 22 59 63 64 71 72 78
15 22 59 63 64 71 72 76 77
15 22 51 59 65 73
15 22 51 59 65 71 72
15 22 51 59 63 64 73
15 22 51 59 63 64 71 72
15 22 46 59 65 78
15 22 46 59 65 76 77
15 22 46 59 63 64 78
15 22 46 59 63 64 76 77
15 22 46 51 59 65
15 22 46 51 59 63 64
15 22 38 59 73 78
15 22 38 59 73 76 77
15 22 38 59 71 72 78
15 22 38 59 71 72 76 77
15 22 38 51 59 73
15 22 38 51 59 71 72
15 22 38 46 59 78
15 22 38 46 59 76 77
15 22 38 46 51 59
42 57 59 61 73 77
42 57 59 61 73 75 76
42 57 59 61 71 72 77
42 57 59 61 71 72 75 76
42 57 59 60 73 77
42 57 59 60 73 75 76
42 57 59 60 71 72 77
42 57 59 60 71 72 75 76
42 50 57 59 61 73
42 50 57 59 61 71 72
42 50 57 59 60 73
42 50 57 59 60 71 72
42 46 57 59 61 77
42 46 57 59 61 75 76
42 46 57 59 60 77
42 46 57 59 60 75 76
42 46 50 57 59 61
42 46 50 57 59 60
40 41 57 59 61 73 77
40 41 57 59 61 73 75 76
40 41 57 59 61 71 72 77
40 41 57 59 61 71 72 75 76
40 41 57 59 60 73 77
40 41 57 59 60 73 75 76
40 41 57 59 60 71 72 77
40 41 57 59 60 71 72 75 76
40 41 50 57 59 61 73
40 41 50 57 59 61 71 72
40 41 50 57 59 60 73
40 41 50 57 59 60 71 72
40 41 46 57 59 61 77
40 41 46 57 59 61 75 76
40 41 46 57 59 60 77
40 41 46 57 59 60 75 76
40 41 46 50 57 59 61
40 41 46 50 57 59 60
34 42 57 59 73 77
34 42 57 59 73 75 76
34 42 57 59 71 72 77
34 42 57 59 71 72 75 76
34 42 50 57 59 73
34 42 50 57 59 71 72
34 42 46 57 59 77
34 42 46 57 59 75 76
34 42 46 50 57 59
34 40 41 57 59 73 77
34 40 41 57 59 73 75 76
34 40 41 57 59 71 72 77
34 40 41 57 59 71 72 75 76
34 40 41 50 57 59 73
34 40 41 50 57 59 71 72
34 40 41 46 57 59 77
34 40 41 46 57 59 75 76
34 40 41 46 50 57 59
15 57 59 61 73 77
15 57 59 61 73 75 76
15 57 59 61 71 72 77
15 57 59 61 71 72 75 76
15 57 59 60 73 77
15 57 59 60 73 75 76
15 57 59 60 71 72 77
15 57 59 60 71 72 75 76
15 50 57 59 61 73
15 50 57 59 61 71 72
15 50 57 59 60 73
15 50 57 59 60 71 72
15 46 57 59 61 77
15 46 57 59 61 75 76
15 46 57 59 60 77
15 46 57 59 60 75 76
15 46 50 57 59 61
15 46 50 57 59 60
15 34 57 59 73 77
15 34 57 59 73 75 76
15 34 57 59 71 72 77
15 34 57 59 71 72 75 76
15 34 50 57 59 73
15 34 50 57 59 71 72
15 34 46 57 59 77
15 34 46 57 59 75 76
15 34 46 50 57 59
42 57 59 61 73
42 57 59 61 71 72
42 57 59 60 61 73
42 57 59 60 61 71 72
42 57 58 59 61 73
42 57 58 59 61 71 72
42 57 58 59 60 73
42 57 58 59 60 71 72
42 46 57 59 61
42 46 57 59 60 61
42 46 57 58 59 61
42 46 57 58 59 60
40 41 57 59 61 73
40 41 57 59 61 71 72
40 41 57 59 60 61 73
40 41 57 59 60 61 71 72
40 41 57 58 59 61 73
40 41 57 58 59 61 71 72
40 41 57 58 59 60 73
40 41 57 58 59 60 71 72
40 41 46 57 59 61
40 41 46 57 59 60 61
40 41 46 57 58 59 61
40 41 46 57 58 59 60
34 42 57 59 73
34 42 57 59 71 72
34 42 57 59 60 73
34 42 57 59 60 71 72
34 42 57 58 59 73
34 42 57 58 59 71 72
34 42 46 57 59
34 42 46 57 59 60
34 42 46 57 58 59
34 40 41 57 59 73
34 40 41 57 59 71 72
34 40 41 57 59 60 73
34 40 41 57 59 60 71 72
34 40 41 57 58 59 73
34 40 41 57 58 59 71 72
34 40 41 46 57 59
34 40 41 46 57 59 60
34 40 41 46 57 58 59
33 42 57 59 61 73
33 42 57 59 61 71 72
33 42 57 59 60 73
33 42 57 59 60 71 72
33 42 46 57 59 61
33 42 46 57 59 60
33 40 41 57 59 61 73
33 40 41 57 59 61 71 72
33 40 41 57 59 60 73
33 40 41 57 59 60 71 72
33 40 41 46 57 59 61
33 40 41 46 57 59 60
33 34 42 57 59 73
33 34 42 57 59 71 72
33 34 42 46 57 59
33 34 40 41 57 59 73
33 34 40 41 57 59 71 72
33 34 40 41 46 57 59
15 57 59 61 73
15 57 59 61 71 72
15 57 59 60 61 73
15 57 59 60 61 71 72
15 57 58 59 61 73
15 57 58 59 61 71 72
15 57 58 59 60 73
15 57 58 59 60 71 72
15 46 57 59 61
15 46 57 59 60 61
15 46 57 58 59 61
15 46 57 58 59 60
15 34 57 59 73
15 34 57 59 71 72
15 34 57 59 60 73
15 34 57 59 60 71 72
15 34 57 58 59 73
15 34 57 58 59 71 72
15 34 46 57 59
15 34 46 57 59 60
15 34 46 57 58 59
15 33 57 59 61 73
15 33 57 59 61 71 72
15 33 57 59 60 73
15 33 57 59 60 71 72
15 33 46 57 59 61
15 33 46 57 59 60
15 33 34 57 59 73
15 33 34 57 59 71 72
15 33 34 46 57 59
68 78 79
68 69
61
59 67 78 79
59 65 66 78 79
55 78 79
53 68
53 59 67
53 59 65 66
53 55
40 59 78 79
40 53 59
36 68 78 79
36 67 78 79
36 65 66 78 79
36 55 78 79
36 53 68
36 53 67
36 53 65 66
36 53 55
36 40 78 79
36 40 53
1 67 68
1 55 59 69
1 55 59 67 68
1 42 55 59
67 68 78 79
55
55 59
53 67 68
36 69 78 79
36 68 69 78 79
36 53 69
36 53 68 69
36 42 78 79
36 42 68 78 79
36 42 53
36 42 53 68
34 67 68
32 55
32 55 59
20 67 68
1 69 78 79
1 67 68 78 79
1 53 69
1 53 67 68
1 42 78 79
1 42 53
1 36 69 78 79
1 36 67 68 78 79
1 36 53 69
1 36 53 67 68
1 36 42 78 79
1 36 42 53
42 59 75
42 59 73 77
42 59 73 76
42 59 73 74
42 59 73 74 76
42 59 73 74 75
42 59 72 73
42 59 71 72 77
42 59 71 72 76
42 59 71 72 73 74 76
42 59 71 72 73 74 75
42 59 70 71 73
42 59 70 71 72
42 59 63 73
42 59 63 71 72
42 59 62 73
42 59 62 71 72
42 59 60 75
42 59 60 73 74
42 59 60 61 73
42 59 60 61 71 72
42 58 59 75
42 58 59 73
42 58 59 73 74
42 58 59 71 72
42 55 58 59 73
42 55 58 59 71 72
42 54 59 73
42 54 59 71 72
42 50 59 73
42 50 59 71 72
42 49 59 73
42 49 59 73 75
42 49 59 73 74
42 49 59 71 72
42 49 59 71 72 75
42 49 59 71 72 73 74
42 48 59
42 48 59 73 76
42 48 59 73 74 75
42 48 59 71 72 76
42 48 59 71 72 74 75
42 48 59 60
42 48 58 59
42 48 49 59 73
42 48 49 59 71 72
42 46 59 77
42 46 59 76
42 46 59 73
42 46 59 73 74 76
42 46 59 73 74 75
42 46 59 72
42 46 59 71 72
42 46 59 70 71
42 46 59 63
42 46 59 62
42 46 59 60 61
42 46 58 59
42 46 55 58 59
42 46 54 59
42 46 50 59
42 46 49 59
42 46 49 59 75
42 46 49 59 73 74
42 46 48 59 76
42 46 48 59 74 75
42 46 48 49 59
42 44 45 59 73
42 44 45 59 71 72
42 44 45 46 59
40 41 73
40 41 71 72
40 41 59 75
40 41 59 73 77
40 41 59 73 76
40 41 59 73 74
40 41 59 73 74 76
40 41 59 73 74 75
40 41 59 72 73
40 41 59 71 72 77
40 41 59 71 72 76
40 41 59 71 72 73 74 76
40 41 59 71 72 73 74 75
40 41 59 70 71 73
40 41 59 70 71 72
40 41 59 63 73
40 41 59 63 71 72
40 41 59 62 73
40 41 59 62 71 72
40 41 59 60 75
40 41 59 60 73 74
40 41 59 60 61 73
40 41 59 60 61 71 72
40 41 58 59 75
40 41 58 59 73
40 41 58 59 73 74
40 41 58 59 71 72
40 41 55 58 59 73
40 41 55 58 59 71 72
40 41 54 59 73
40 41 54 59 71 72
40 41 50 59 73
40 41 50 59 71 72
40 41 49 59 73
40 41 49 59 73 75
40 41 49 59 73 74
40 41 49 59 71 72
40 41 49 59 71 72 75
40 41 49 59 71 72 73 74
40 41 48 59
40 41 48 59 73 76
40 41 48 59 73 74 75
40 41 48 59 71 72 76
40 41 48 59 71 72 74 75
40 41 48 59 60
40 41 48 58 59
40 41 48 49 59 73
40 41 48 49 59 71 72
40 41 46
40 41 46 59 77
40 41 46 59 76
40 41 46 59 73
40 41 46 59 73 74 76
40 41 46 59 73 74 75
40 41 46 59 72
40 41 46 59 71 72
40 41 46 59 70 71
40 41 46 59 63
40 41 46 59 62
40 41 46 59 60 61
40 41 46 58 59
40 41 46 55 58 59
40 41 46 54 59
40 41 46 50 59
40 41 46 49 59
40 41 46 49 59 75
40 41 46 49 59 73 74
40 41 46 48 59 76
40 41 46 48 59 74 75
40 41 46 48 49 59
40 41 44 45 59 73
40 41 44 45 59 71 72
40 41 44 45 46 59
35 42 59 73
35 42 59 71 72
35 42 46 59
35 40 41 59 73
35 40 41 59 71 72
35 40 41 46 59
33 42 59 75
33 42 59 73
33 42 59 73 74
33 42 59 71 72
33 42 48 59
33 42 46 59
33 40 41 59 75
33 40 41 59 73
33 40 41 59 73 74
33 40 41 59 71 72
33 40 41 48 59
33 40 41 46 59
32 42 59 73
32 42 59 71 72
32 42 46 59
32 40 41 59 73
32 40 41 59 71 72
32 40 41 46 59
31 42 59 73
31 42 59 71 72
31 42 46 59
31 40 41 59 73
31 40 41 59 71 72
31 40 41 46 59
30 42 59 73
30 42 59 71 72
30 42 46 59
30 40 41 59 73
30 40 41 59 71 72
30 40 41 46 59
28 29 42 59 73
28 29 42 59 71 72
28 29 42 46 59
28 29 40 41 59 73
28 29 40 41 59 71 72
28 29 40 41 46 59
28 29 31 42 59 73
28 29 31 42 59 71 72
28 29 31 42 46 59
28 29 31 40 41 59 73
28 29 31 40 41 59 71 72
28 29 31 40 41 46 59
28 29 30 42 59 73
28 29 30 42 59 71 72
28 29 30 42 46 59
28 29 30 40 41 59 73
28 29 30 40 41 59 71 72
28 29 30 40 41 46 59
19 42 59 73
19 42 59 71 72
19 42 46 59
19 40 41 59 73
19 40 41 59 71 72
19 40 41 46 59
18 42 59 73
18 42 59 71 72
18 42 46 59
18 40 41 59 73
18 40 41 59 71 72
18 40 41 46 59
17 42 58 59 73
17 42 58 59 71 72
17 42 46 58 59
17 40 41 58 59 73
17 40 41 58 59 71 72
17 40 41 46 58 59
16 42 59 73
16 42 59 71 72
16 42 55 59 73
16 42 55 59 71 72
16 42 46 59
16 42 46 55 59
16 40 41 59 73
16 40 41 59 71 72
16 40 41 55 59 73
16 40 41 55 59 71 72
16 40 41 46 59
16 40 41 46 55 59
15 73
15 71 72
15 59 75
15 59 73 77
15 59 73 76
15 59 73 74
15 59 73 74 76
15 59 73 74 75
15 59 72 73
15 59 71 72 77
15 59 71 72 76
15 59 71 72 73 74 76
15 59 71 72 73 74 75
15 59 70 71 73
15 59 70 71 72
15 59 63 73
15 59 63 71 72
15 59 62 73
15 59 62 71 72
15 59 60 75
15 59 60 73 74
15 59 60 61 73
15 59 60 61 71 72
15 58 59 75
15 58 59 73
15 58 59 73 74
15 58 59 71 72
15 55 58 59 73
15 55 58 59 71 72
15 54 59 73
15 54 59 71 72
15 50 59 73
15 50 59 71 72
15 49 59 73
15 49 59 73 75
15 49 59 73 74
15 49 59 71 72
15 49 59 71 72 75
15 49 59 71 72 73 74
15 48 59
15 48 59 73 76
15 48 59 73 74 75
15 48 59 71 72 76
15 48 59 71 72 74 75
15 48 59 60
15 48 58 59
15 48 49 59 73
15 48 49 59 71 72
15 46
15 46 59 77
15 46 59 76
15 46 59 73
15 46 59 73 74 76
15 46 59 73 74 75
15 46 59 72
15 46 59 71 72
15 46 59 70 71
15 46 59 63
15 46 59 62
15 46 59 60 61
15 46 58 59
15 46 55 58 59
15 46 54 59
15 46 50 59
15 46 49 59
15 46 49 59 75
15 46 49 59 73 74
15 46 48 59 76
15 46 48 59 74 75
15 46 48 49 59
15 44 45 59 73
15 44 45 59 71 72
15 44 45 46 59
15 35 59 73
15 35 59 71 72
15 35 46 59
15 33 59 75
15 33 59 73
15 33 59 73 74
15 33 59 71 72
15 33 48 59
15 33 46 59
15 32 59 73
15 32 59 71 72
15 32 46 59
15 31 59 73
15 31 59 71 72
15 31 46 59
15 30 59 73
15 30 59 71 72
15 30 46 59
15 28 29 59 73
15 28 29 59 71 72
15 28 29 46 59
15 28 29 31 59 73
15 28 29 31 59 71 72
15 28 29 31 46 59
15 28 29 30 59 73
15 28 29 30 59 71 72
15 28 29 30 46 59
15 19 59 73
15 19 59 71 72
15 19 46 59
15 18 59 73
15 18 59 71 72
15 18 46 59
15 17 58 59 73
15 17 58 59 71 72
15 17 46 58 59
15 16 58 59 73
15 16 58 59 71 72
15 16 55 59 73
15 16 55 59 71 72
15 16 46 58 59
15 16 46 55 59
15 16 42 58 59 73
15 16 42 58 59 71 72
15 16 42 46 58 59
15 16 40 41 58 59 73
15 16 40 41 58 59 71 72
15 16 40 41 46 58 59
14 42 59 73
14 42 59 71 72
14 42 46 59
14 40 41 59 73
14 40 41 59 71 72
14 40 41 46 59
14 15 55 59 73
14 15 55 59 71 72
14 15 46 55 59
14 15 42 59 73
14 15 42 59 71 72
14 15 42 55 59 73
14 15 42 55 59 71 72
14 15 42 46 59
14 15 42 46 55 59
14 15 40 41 59 73
14 15 40 41 59 71 72
14 15 40 41 55 59 73
14 15 40 41 55 59 71 72
14 15 40 41 46 59
14 15 40 41 46 55 59
14 15 17 59 73
14 15 17 59 71 72
14 15 17 46 59
14 15 17 42 59 73
14 15 17 42 59 71 72
14 15 17 42 46 59
14 15 17 40 41 59 73
14 15 17 40 41 59 71 72
14 15 17 40 41 46 59
14 15 16 59 73
14 15 16 59 71 72
14 15 16 46 59
14 15 16 42 59 73
14 15 16 42 59 71 72
14 15 16 42 46 59
14 15 16 40 41 59 73
14 15 16 40 41 59 71 72
14 15 16 40 41 46 59
4 42 59 73
4 42 59 71 72
4 42 46 59
4 40 41 59 73
4 40 41 59 71 72
4 40 41 46 59
4 30 42 59 73
4 30 42 59 71 72
4 30 42 46 59
4 30 40 41 59 73
4 30 40 41 59 71 72
4 30 40 41 46 59
4 28 29 42 59 73
4 28 29 42 59 71 72
4 28 29 42 46 59
4 28 29 40 41 59 73
4 28 29 40 41 59 71 72
4 28 29 40 41 46 59
4 15 59 73
4 15 59 71 72
4 15 46 59
4 15 30 59 73
4 15 30 59 71 72
4 15 30 46 59
4 15 28 29 59 73
4 15 28 29 59 71 72
4 15 28 29 46 59
3 31 42 59 73
3 31 42 59 71 72
3 31 42 46 59
3 31 40 41 59 73
3 31 40 41 59 71 72
3 31 40 41 46 59
3 29 30 42 59 73
3 29 30 42 59 71 72
3 29 30 42 46 59
3 29 30 40 41 59 73
3 29 30 40 41 59 71 72
3 29 30 40 41 46 59
3 15 31 59 73
3 15 31 59 71 72
3 15 31 46 59
3 15 29 30 59 73
3 15 29 30 59 71 72
3 15 29 30 46 59
3 4 42 59 73
3 4 42 59 71 72
3 4 42 46 59
3 4 40 41 59 73
3 4 40 41 59 71 72
3 4 40 41 46 59
3 4 15 59 73
3 4 15 59 71 72
3 4 15 46 59
1 2 42 59 73
1 2 42 59 71 72
1 2 42 46 59
1 2 40 41 59 73
1 2 40 41 59 71 72
1 2 40 41 46 59
1 2 15 59 73
1 2 15 59 71 72
1 2 15 46 59
57 59 73 78
57 59 73 76 77
57 59 71 72 78
57 59 71 72 76 77
51 57 59 73
51 57 59 71 72
48 57 59 73 78
48 57 59 73 76 77
48 57 59 71 72 78
48 57 59 71 72 76 77
48 51 57 59 73
48 51 57 59 71 72
46 57 59 78
46 57 59 76 77
46 51 57 59
46 48 57 59 78
46 48 57 59 76 77
46 48 51 57 59
46 47 57 59 78
46 47 57 59 76 77
46 47 57 59 73 78
46 47 57 59 73 76 77
46 47 57 59 71 72 78
46 47 57 59 71 72 76 77
46 47 51 57 59
46 47 51 57 59 73
46 47 51 57 59 71 72
21 57 59 73 78
21 57 59 73 76 77
21 57 59 71 72 78
21 57 59 71 72 76 77
21 51 57 59 73
21 51 57 59 71 72
21 46 57 59 78
21 46 57 59 76 77
21 46 51 57 59
42 57 59 65 73
42 57 59 65 71 72
42 57 59 63 64 73
42 57 59 63 64 71 72
42 48 57 59 65 73
42 48 57 59 65 71 72
42 48 57 59 63 64 73
42 48 57 59 63 64 71 72
42 46 57 59 65
42 46 57 59 63 64
42 46 48 57 59 65
42 46 48 57 59 63 64
42 46 47 57 59 65
42 46 47 57 59 65 73
42 46 47 57 59 65 71 72
42 46 47 57 59 63 64
42 46 47 57 59 63 64 73
42 46 47 57 59 63 64 71 72
40 41 57 59 65 73
40 41 57 59 65 71 72
40 41 57 59 63 64 73
40 41 57 59 63 64 71 72
40 41 48 57 59 65 73
40 41 48 57 59 65 71 72
40 41 48 57 59 63 64 73
40 41 48 57 59 63 64 71 72
40 41 46 57 59 65
40 41 46 57 59 63 64
40 41 46 48 57 59 65
40 41 46 48 57 59 63 64
40 41 46 47 57 59 65
40 41 46 47 57 59 65 73
40 41 46 47 57 59 65 71 72
40 41 46 47 57 59 63 64
40 41 46 47 57 59 63 64 73
40 41 46 47 57 59 63 64 71 72
38 42 57 59 73
38 42 57 59 71 72
38 42 48 57 59 73
38 42 48 57 59 71 72
38 42 46 57 59
38 42 46 48 57 59
38 42 46 47 57 59
38 42 46 47 57 59 73
38 42 46 47 57 59 71 72
38 40 41 57 59 73
38 40 41 57 59 71 72
38 40 41 48 57 59 73
38 40 41 48 57 59 71 72
38 40 41 46 57 59
38 40 41 46 48 57 59
38 40 41 46 47 57 59
38 40 41 46 47 57 59 73
38 40 41 46 47 57 59 71 72
21 42 57 59 65 73
21 42 57 59 65 71 72
21 42 57 59 63 64 73
21 42 57 59 63 64 71 72
21 42 46 57 59 65
21 42 46 57 59 63 64
21 40 41 57 59 65 73
21 40 41 57 59 65 71 72
21 40 41 57 59 63 64 73
21 40 41 57 59 63 64 71 72
21 40 41 46 57 59 65
21 40 41 46 57 59 63 64
21 38 42 57 59 73
21 38 42 57 59 71 72
21 38 42 46 57 59
21 38 40 41 57 59 73
21 38 40 41 57 59 71 72
21 38 40 41 46 57 59
15 57 59 65 73
15 57 59 65 71 72
15 57 59 63 64 73
15 57 59 63 64 71 72
15 48 57 59 65 73
15 48 57 59 65 71 72
15 48 57 59 63 64 73
15 48 57 59 63 64 71 72
15 46 57 59 65
15 46 57 59 63 64
15 46 48 57 59 65
15 46 48 57 59 63 64
15 46 47 57 59 65
15 46 47 57 59 65 73
15 46 47 57 59 65 71 72
15 46 47 57 59 63 64
15 46 47 57 59 63 64 73
15 46 47 57 59 63 64 71 72
15 38 57 59 73
15 38 57 59 71 72
15 38 48 57 59 73
15 38 48 57 59 71 72
15 38 46 57 59
15 38 46 48 57 59
15 38 46 47 57 59
15 38 46 47 57 59 73
15 38 46 47 57 59 71 72
15 21 57 59 65 73
15 21 57 59 65 71 72
15 21 57 59 63 64 73
15 21 57 59 63 64 71 72
15 21 46 57 59 65
15 21 46 57 59 63 64
15 21 38 57 59 73
15 21 38 57 59 71 72
15 21 38 46 57 59
69 78 79
59 69
59 67 68
53 69
42 78 79
42 59
42 53
34 69
34 42
1 34 69
1 34 67 68
1 34 42
36 71
36 69 70
36 68 69
36 44
36 42 68
44 57 59 63 73 78
44 57 59 63 73 76 77
44 57 59 63 71 72 78
44 57 59 63 71 72 76 77
44 57 59 61 62 73 78
44 57 59 61 62 73 76 77
44 57 59 61 62 71 72 78
44 57 59 61 62 71 72 76 77
44 51 57 59 63 73
44 51 57 59 63 71 72
44 51 57 59 61 62 73
44 51 57 59 61 62 71 72
44 46 57 59 63 78
44 46 57 59 63 76 77
44 46 57 59 61 62 78
44 46 57 59 61 62 76 77
44 46 51 57 59 63
44 46 51 57 59 61 62
42 43 57 59 63 73 78
42 43 57 59 63 73 76 77
42 43 57 59 63 71 72 78
42 43 57 59 63 71 72 76 77
42 43 57 59 61 62 73 78
42 43 57 59 61 62 73 76 77
42 43 57 59 61 62 71 72 78
42 43 57 59 61 62 71 72 76 77
42 43 51 57 59 63 73
42 43 51 57 59 63 71 72
42 43 51 57 59 61 62 73
42 43 51 57 59 61 62 71 72
42 43 46 57 59 63 78
42 43 46 57 59 63 76 77
42 43 46 57 59 61 62 78
42 43 46 57 59 61 62 76 77
42 43 46 51 57 59 63
42 43 46 51 57 59 61 62
36 44 57 59 73 78
36 44 57 59 73 76 77
36 44 57 59 71 72 78
36 44 57 59 71 72 76 77
36 44 51 57 59 73
36 44 51 57 59 71 72
36 44 46 57 59 78
36 44 46 57 59 76 77
36 44 46 51 57 59
36 42 43 57 59 73 78
36 42 43 57 59 73 76 77
36 42 43 57 59 71 72 78
36 42 43 57 59 71 72 76 77
36 42 43 51 57 59 73
36 42 43 51 57 59 71 72
36 42 43 46 57 59 78
36 42 43 46 57 59 76 77
36 42 43 46 51 57 59
17 57 59 63 73 78
17 57 59 63 73 76 77
17 57 59 63 71 72 78
17 57 59 63 71 72 76 77
17 57 59 61 62 73 78
17 57 59 61 62 73 76 77
17 57 59 61 62 71 72 78
17 57 59 61 62 71 72 76 77
17 51 57 59 63 73
17 51 57 59 63 71 72
17 51 57 59 61 62 73
17 51 57 59 61 62 71 72
17 46 57 59 63 78
17 46 57 59 63 76 77
17 46 57 59 61 62 78
17 46 57 59 61 62 76 77
17 46 51 57 59 63
17 46 51 57 59 61 62
17 36 57 59 73 78
17 36 57 59 73 76 77
17 36 57 59 71 72 78
17 36 57 59 71 72 76 77
17 36 51 57 59 73
17 36 51 57 59 71 72
17 36 46 57 59 78
17 36 46 57 59 76 77
17 36 46 51 57 59
69 73
69 71 72
67 68 73
67 68 71 72
61 67 68
46 69
46 67 68
20
1 78 79
1 68 69
1 53
1 42 68
1 67
1 65 66
1 40
57 59 63 73
57 59 63 71 72
57 59 61 62 73
57 59 61 62 71 72
46 57 59 63
46 57 59 61 62
36 57 59 73
36 57 59 71 72
36 46 57 59
22 68
20 67
20 65 66
20 40
31 57 59 63 73
31 57 59 63 71 72
31 57 59 61 62 73
31 57 59 61 62 71 72
31 46 57 59 63
31 46 57 59 61 62
31 36 57 59 73
31 36 57 59 71 72
31 36 46 57 59
29 30 57 59 63 73
29 30 57 59 63 71 72
29 30 57 59 61 62 73
29 30 57 59 61 62 71 72
29 30 46 57 59 63
29 30 46 57 59 61 62
29 30 36 57 59 73
29 30 36 57 59 71 72
29 30 36 46 57 59
4 57 59 63 73
4 57 59 63 71 72
4 57 59 61 62 73
4 57 59 61 62 71 72
4 46 57 59 63
4 46 57 59 61 62
4 36 57 59 73
4 36 57 59 71 72
4 36 46 57 59
61 78 79
59 78 79
59 69 78 79
59 68 69 78 79
55 69 78 79
55 67 68 78 79
54 78 79
53 61
53 59
53 59 69
53 59 68 69
53 55 69
53 55 67 68
53 54
42 59 78 79
42 59 68 78 79
42 55 78 79
42 53 59
42 53 59 68
42 53 55
36 69
36 59 69 78 79
36 59 67 68 78 79
36 53 59 69
36 53 59 67 68
36 42
36 42 59 78 79
36 42 53 59
22 69
22 67 68
22 42
20 69
20 42
9 78 79
9 53
8 78 79
8 53
1 55 69
1 55 67
1 55 67 68
1 55 65 66
1 53 54 67
1 53 54 65 66
1 46 67
1 46 65 66
1 44 45 67
1 44 45 65 66
1 42 55
1 40 55
1 40 53 54
1 40 46
1 40 44 45
1 37 67
1 37 65 66
1 37 40
1 36 69
1 36 42
1 35 67
1 35 65 66
1 35 40
1 35 36 67
1 35 36 65 66
1 35 36 40
1 28 67
1 28 65 66
1 28 40
1 20
1 20 36 67
1 20 36 65 66
1 20 36 40
1 19 67
1 19 65 66
1 19 40
1 10 67
1 10 65 66
1 10 40
57 59 61 73 75 78 79
57 59 61 73 74 78 79
57 59 61 71 72 75 78 79
57 59 61 71 72 73 74 78 79
57 59 60 73 75 78 79
57 59 60 73 74 78 79
57 59 60 71 72 75 78 79
57 59 60 71 72 73 74 78 79
53 57 59 61 73 75
53 57 59 61 73 74
53 57 59 61 71 72 75
53 57 59 61 71 72 73 74
53 57 59 60 73 75
53 57 59 60 73 74
53 57 59 60 71 72 75
53 57 59 60 71 72 73 74
48 57 59 61 73 78 79
48 57 59 61 71 72 78 79
48 57 59 60 73 78 79
48 57 59 60 71 72 78 79
48 53 57 59 61 73
48 53 57 59 61 71 72
48 53 57 59 60 73
48 53 57 59 60 71 72
46 57 59 61 75 78 79
46 57 59 61 73 74 78 79
46 57 59 60 75 78 79
46 57 59 60 73 74 78 79
46 53 57 59 61 75
46 53 57 59 61 73 74
46 53 57 59 60 75
46 53 57 59 60 73 74
46 48 57 59 61 78 79
46 48 57 59 60 78 79
46 48 53 57 59 61
46 48 53 57 59 60
34 57 59 73 75 78 79
34 57 59 73 74 78 79
34 57 59 71 72 75 78 79
34 57 59 71 72 73 74 78 79
34 53 57 59 73 75
34 53 57 59 73 74
34 53 57 59 71 72 75
34 53 57 59 71 72 73 74
34 48 57 59 73 78 79
34 48 57 59 71 72 78 79
34 48 53 57 59 73
34 48 53 57 59 71 72
34 46 57 59 75 78 79
34 46 57 59 73 74 78 79
34 46 53 57 59 75
34 46 53 57 59 73 74
34 46 48 57 59 78 79
34 46 48 53 57 59
57 59 73
57 59 71 72
48 57 59 73
48 57 59 71 72
46 57 59
46 48 57 59
46 47 57 59
46 47 57 59 73
46 47 57 59 71 72
21 57 59 73
21 57 59 71 72
21 46 57 59
42 59 61 63 73
42 59 61 63 71 72
42 59 60 63 73
42 59 60 63 71 72
42 46 59 61 63
42 46 59 60 63
40 41 59 61 63 73
40 41 59 61 63 71 72
40 41 59 60 63 73
40 41 59 60 63 71 72
40 41 46 59 61 63
40 41 46 59 60 63
34 42 59 63 73
34 42 59 63 71 72
34 42 46 59 63
34 40 41 59 63 73
34 40 41 59 63 71 72
34 40 41 46 59 63
15 59 61 63 73
15 59 61 63 71 72
15 59 60 63 73
15 59 60 63 71 72
15 46 59 61 63
15 46 59 60 63
15 34 59 63 73
15 34 59 63 71 72
15 34 46 59 63
57 59 60 63 73
57 59 60 63 71 72
57 59 60 61 62 73
57 59 60 61 62 71 72
57 58 59 63 73
57 58 59 63 71 72
57 58 59 61 62 73
57 58 59 61 62 71 72
46 57 59 60 63
46 57 59 60 61 62
46 57 58 59 63
46 57 58 59 61 62
36 57 59 60 73
36 57 59 60 71 72
36 57 58 59 73
36 57 58 59 71 72
36 46 57 59 60
36 46 57 58 59
33 57 59 63 73
33 57 59 63 71 72
33 57 59 61 62 73
33 57 59 61 62 71 72
33 46 57 59 63
33 46 57 59 61 62
33 36 57 59 73
33 36 57 59 71 72
33 36 46 57 59
29 57 59 60 63 73
29 57 59 60 63 71 72
29 57 59 60 61 62 73
29 57 59 60 61 62 71 72
29 57 58 59 63 73
29 57 58 59 63 71 72
29 57 58 59 61 62 73
29 57 58 59 61 62 71 72
29 46 57 59 60 63
29 46 57 59 60 61 62
29 46 57 58 59 63
29 46 57 58 59 61 62
29 36 57 59 60 73
29 36 57 59 60 71 72
29 36 57 58 59 73
29 36 57 58 59 71 72
29 36 46 57 59 60
29 36 46 57 58 59
29 33 57 59 63 73
29 33 57 59 63 71 72
29 33 57 59 61 62 73
29 33 57 59 61 62 71 72
29 33 46 57 59 63
29 33 46 57 59 61 62
29 33 36 57 59 73
29 33 36 57 59 71 72
29 33 36 46 57 59
27 28 57 59 60 63 73
27 28 57 59 60 63 71 72
27 28 57 59 60 61 62 73
27 28 57 59 60 61 62 71 72
27 28 57 58 59 63 73
27 28 57 58 59 63 71 72
27 28 57 58 59 61 62 73
27 28 57 58 59 61 62 71 72
27 28 46 57 59 60 63
27 28 46 57 59 60 61 62
27 28 46 57 58 59 63
27 28 46 57 58 59 61 62
27 28 36 57 59 60 73
27 28 36 57 59 60 71 72
27 28 36 57 58 59 73
27 28 36 57 58 59 71 72
27 28 36 46 57 59 60
27 28 36 46 57 58 59
27 28 33 57 59 63 73
27 28 33 57 59 63 71 72
27 28 33 57 59 61 62 73
27 28 33 57 59 61 62 71 72
27 28 33 46 57 59 63
27 28 33 46 57 59 61 62
27 28 33 36 57 59 73
27 28 33 36 57 59 71 72
27 28 33 36 46 57 59
2 57 59 60 63 73
2 57 59 60 63 71 72
2 57 59 60 61 62 73
2 57 59 60 61 62 71 72
2 57 58 59 63 73
2 57 58 59 63 71 72
2 57 58 59 61 62 73
2 57 58 59 61 62 71 72
2 46 57 59 60 63
2 46 57 59 60 61 62
2 46 57 58 59 63
2 46 57 58 59 61 62
2 36 57 59 60 73
2 36 57 59 60 71 72
2 36 57 58 59 73
2 36 57 58 59 71 72
2 36 46 57 59 60
2 36 46 57 58 59
2 33 57 59 63 73
2 33 57 59 63 71 72
2 33 57 59 61 62 73
2 33 57 59 61 62 71 72
2 33 46 57 59 63
2 33 46 57 59 61 62
2 33 36 57 59 73
2 33 36 57 59 71 72
2 33 36 46 57 59
42 57 59
42 48 57 59
40 41 57 59
40 41 48 57 59
21 42 57 59
21 40 41 57 59
17 42 59 73
17 42 59 71 72
17 42 46 59
17 40 41 59 73
17 40 41 59 71 72
17 40 41 46 59
15 57 59
15 48 57 59
15 21 57 59
15 17 59 73
15 17 59 71 72
15 17 46 59
15 16 59 73
15 16 59 71 72
15 16 46 59
59 69 71
59 69 70
59 67
59 67 68 71
59 67 68 69 70
59 65 66
55 59 69
55 59 67 68
53 54 59 69
53 54 59 67 68
44 59 69
44 59 67 68
42 59 71
42 59 69 70
42 55 59
42 53 54 59
42 44 59
40 59
28 59 69
28 59 67 68
28 42 59
10 59 69
10 59 69 71
10 59 69 70
10 59 67 68
10 59 67 68 71
10 59 67 68 69 70
10 44 59 69
10 44 59 67 68
10 42 59
10 42 59 71
10 42 59 69 70
10 42 44 59
59 65 73
59 65 71 72
59 63 64 73
59 63 64 71 72
46 59 65
46 59 63 64
38 59 73
38 59 71 72
38 46 59
51 52
42 43
26
17
69 70
63 68 69 78 79
63 67 68 78 79
61 62 68 69 78 79
61 62 67 68 78 79
54 68 69 78 79
54 67 68 78 79
53 63 68 69
53 63 67 68
53 61 62 68 69
53 61 62 67 68
53 54 68 69
53 54 67 68
52 53 68 69
52 53 68 69 78 79
52 53 67 68
52 53 67 68 78 79
42 63 68 78 79
42 61 62 68 78 79
42 54 68 78 79
42 53 63 68
42 53 61 62 68
42 53 54 68
42 52 53 68
42 52 53 68 78 79
27 68 69 78 79
27 67 68 78 79
27 53 68 69
27 53 67 68
27 42 68 78 79
27 42 53 68
25 36 78 79
25 36 53
67 68 70
67 68 69
65 78 79
62
61 69
54 55
53 65
52 69
52 67 68
42 70
42 68 69
42 61
42 52
29
11
10 69
10 67 68
10 42
9 68 69
9 67 68
9 42 68
9 10
8 9 69
8 9 67 68
8 9 42
2
1 9
0 68 69
0 67 68
0 42 68
0 1
61 68
38
38 69 78 79
38 67 68 78 79
38 53 69
38 53 67 68
38 42 78 79
38 42 53
26 68
24 25 68
1 36 68 69
1 36 42 68
36 68
34 68 73
34 68 71 72
34 61 68
34 46 68
20 34 73
20 34 71 72
20 34 46
67 73
67 71 72
65 66 73
65 66 71 72
64
55 69
55 67 68
46 67
46 65 66
42 55
40 73
40 71 72
40 46
36 55
22 55
20 73
20 71 72
20 68
20 55
20 46
20 36 55
20 34
