73 78 79
71
71 78 79
71 72 78 79
69
69 78 79
69 73
69 71 72
69 70
69 70 78 79
68 73
68 71 72
68 69
67 78 79
67 68
67 68 78 79
67 68 73
67 68 71 72
65 66 78 79
65 66 68
64
61
61 73 75
61 73 74
61 71 72 75
61 71 72 73 74
61 69
61 68 78 79
61 65 66 68
59 73
59 73 78
59 73 76 77
59 71 72
59 71 72 78
59 71 72 76 77
59 69 78 79
59 69 71
59 69 70
59 68 69 78 79
59 67
59 67 78 79
59 67 68 71
59 67 68 69 70
59 65 66
59 65 66 78 79
59 61 73
59 61 71 78 79
59 61 71 72
59 61 69
59 61 69 70 78 79
59 61 67 68
59 61 65 73 75
59 61 65 73 74
59 61 65 71 72 75
59 61 65 71 72 73 74
59 61 63 73
59 61 63 73 78
59 61 63 73 76 77
59 61 63 71 72
59 61 63 71 72 78
59 61 63 71 72 76 77
59 61 63 64 73 75
59 61 63 64 73 74
59 61 63 64 71 72 75
59 61 63 64 71 72 73 74
59 61 62 73
59 61 62 73 78
59 61 62 73 76 77
59 61 62 71 72
59 61 62 71 72 78
59 61 62 71 72 76 77
59 60 65 73 75
59 60 65 73 74
59 60 65 71 72 75
59 60 65 71 72 73 74
59 60 63 64 73 75
59 60 63 64 73 74
59 60 63 64 71 72 75
59 60 63 64 71 72 73 74
59 60 61 73 75
59 60 61 73 74
59 60 61 71 72 75
59 60 61 71 72 73 74
59 60 61 63 73
59 60 61 63 73 78
59 60 61 63 73 76 77
59 60 61 63 71 72
59 60 61 63 71 72 78
59 60 61 63 71 72 76 77
59 60 61 62 73
59 60 61 62 73 78
59 60 61 62 73 76 77
59 60 61 62 71 72
59 60 61 62 71 72 78
59 60 61 62 71 72 76 77
57 73
57 71 72
57 59 65 73
57 59 65 73 78
57 59 65 73 76 77
57 59 65 71 72
57 59 65 71 72 78
57 59 65 71 72 76 77
57 59 63 73
57 59 63 71 72
57 59 61 73
57 59 61 71 72
57 59 61 63 73 75
57 59 61 63 73 74
57 59 61 63 71 72 75
57 59 61 63 71 72 73 74
57 59 61 62 73
57 59 61 62 73 75
57 59 61 62 73 74
57 59 61 62 71 72
57 59 61 62 71 72 75
57 59 61 62 71 72 73 74
57 59 60 73
57 59 60 71 72
57 59 60 63 73
57 59 60 63 71 72
57 59 60 61 62 73
57 59 60 61 62 71 72
57 58 59 63 73
57 58 59 63 71 72
57 58 59 61 62 73
57 58 59 61 62 71 72
55 71
55 69 70
55 68
55 68 71
55 68 69 70
55 63 68
55 61
55 61 71
55 61 69 70
55 61 62 68
55 59 61 73
55 59 61 71 72
54 55 68
54 55 68 71
54 55 68 69 70
53
53 73
53 71
53 71 72
53 69
53 69 70
53 67
53 67 68
53 65 66
53 61 68
53 59 69
53 59 68 69
53 59 67
53 59 65 66
53 59 61 71
53 59 61 69 70
52 55 71
52 55 69 70
52 53 55 68
51 68
51 59 73
51 59 71 72
51 59 61 63 73
51 59 61 63 71 72
51 59 61 62 73
51 59 61 62 71 72
51 59 60 61 63 73
51 59 60 61 63 71 72
51 59 60 61 62 73
51 59 60 61 62 71 72
51 57 59 65 73
51 57 59 65 71 72
51 52
49 50 68
48 61 73
48 61 71 72
48 59 61 65 73
48 59 61 65 71 72
48 59 61 63 64 73
48 59 61 63 64 71 72
48 59 60 65 73
48 59 60 65 71 72
48 59 60 63 64 73
48 59 60 63 64 71 72
48 59 60 61 73
48 59 60 61 71 72
48 57 73
48 57 71 72
48 57 61 73 78
48 57 61 73 76 77
48 57 61 71 72 78
48 57 61 71 72 76 77
48 57 59 73
48 57 59 73 78
48 57 59 73 76 77
48 57 59 73 75 78
48 57 59 73 75 76 77
48 57 59 73 74 78
48 57 59 73 74 76 77
48 57 59 71 72
48 57 59 71 72 78
48 57 59 71 72 76 77
48 57 59 71 72 75 78
48 57 59 71 72 75 76 77
48 57 59 71 72 73 74 78
48 57 59 71 72 73 74 76 77
48 57 59 63 73
48 57 59 63 71 72
48 57 59 61 63 73
48 57 59 61 63 71 72
48 51 57 61 73
48 51 57 61 71 72
48 51 57 59 73
48 51 57 59 73 75
48 51 57 59 73 74
48 51 57 59 71 72
48 51 57 59 71 72 75
48 51 57 59 71 72 73 74
46 78 79
46 69
46 68
46 67 68
46 61 75
46 61 73 74
46 59
46 59 78
46 59 76 77
46 59 61 73
46 59 61 71 72
46 59 61 65 75
46 59 61 65 73 74
46 59 61 63
46 59 61 63 78
46 59 61 63 76 77
46 59 61 63 64 75
46 59 61 63 64 73 74
46 59 61 62
46 59 61 62 78
46 59 61 62 76 77
46 59 60 65 75
46 59 60 65 73 74
46 59 60 63 64 75
46 59 60 63 64 73 74
46 59 60 61 75
46 59 60 61 73 74
46 59 60 61 63
46 59 60 61 63 78
46 59 60 61 63 76 77
46 59 60 61 62
46 59 60 61 62 78
46 59 60 61 62 76 77
46 57
46 57 59 65
46 57 59 65 78
46 57 59 65 76 77
46 57 59 63
46 57 59 61
46 57 59 61 63 75
46 57 59 61 63 73 74
46 57 59 61 62
46 57 59 61 62 75
46 57 59 61 62 73 74
46 57 59 60
46 57 59 60 63
46 57 59 60 61 62
46 57 58 59 63
46 57 58 59 61 62
46 55 59 61
46 53
46 51 59
46 51 59 61 63
46 51 59 61 62
46 51 59 60 61 63
46 51 59 60 61 62
46 51 57 59 65
46 48 61
46 48 59 61 65
46 48 59 61 63 64
46 48 59 60 65
46 48 59 60 63 64
46 48 59 60 61
46 48 57
46 48 57 61 78
46 48 57 61 76 77
46 48 57 59
46 48 57 59 78
46 48 57 59 76 77
46 48 57 59 75 78
46 48 57 59 75 76 77
46 48 57 59 73 74 78
46 48 57 59 73 74 76 77
46 48 57 59 63
46 48 57 59 61 63
46 48 51 57 61
46 48 51 57 59
46 48 51 57 59 75
46 48 51 57 59 73 74
46 47 57
46 47 57 73
46 47 57 71 72
46 47 57 61 78
46 47 57 61 76 77
46 47 57 61 73 78
46 47 57 61 73 76 77
46 47 57 61 71 72 78
46 47 57 61 71 72 76 77
46 47 57 59
46 47 57 59 75 78
46 47 57 59 75 76 77
46 47 57 59 73
46 47 57 59 73 75 78
46 47 57 59 73 75 76 77
46 47 57 59 71 72
46 47 57 59 71 72 75 78
46 47 57 59 71 72 75 76 77
46 47 57 59 71 72 73 74 78
46 47 57 59 71 72 73 74 76 77
46 47 57 59 63
46 47 57 59 63 73
46 47 57 59 63 71 72
46 47 57 59 61 62
46 47 57 59 61 62 73
46 47 57 59 61 62 71 72
46 47 51 57 61
46 47 51 57 61 73
46 47 51 57 61 71 72
46 47 51 57 59 75
46 47 51 57 59 73 75
46 47 51 57 59 71 72 75
46 47 51 57 59 71 72 73 74
46 47 48 57 59 78
46 47 48 57 59 76 77
46 47 48 57 59 73 78
46 47 48 57 59 73 76 77
46 47 48 57 59 71 72 78
46 47 48 57 59 71 72 76 77
46 47 48 51 57 59
46 47 48 51 57 59 73
46 47 48 51 57 59 71 72
44 78 79
44 59 71 73
44 59 71 72
44 59 69
44 59 69 70 73
44 59 69 70 71 72
44 59 67 68
44 59 63 73
44 59 63 71 72
44 59 61 78 79
44 59 61 73 78
44 59 61 73 76 77
44 59 61 71 72 78
44 59 61 71 72 76 77
44 59 61 62 73
44 59 61 62 71 72
44 57 61 73
44 57 61 71 72
44 57 59 73 78
44 57 59 73 76 77
44 57 59 73 75
44 57 59 73 74
44 57 59 71 72 78
44 57 59 71 72 76 77
44 57 59 71 72 75
44 57 59 71 72 73 74
44 57 59 63 73
44 57 59 63 73 75
44 57 59 63 73 74
44 57 59 63 71 72
44 57 59 63 71 72 75
44 57 59 63 71 72 73 74
44 57 59 61 73
44 57 59 61 73 78
44 57 59 61 73 78 79
44 57 59 61 73 76 77
44 57 59 61 73 75
44 57 59 61 73 74
44 57 59 61 71 72
44 57 59 61 71 72 78
44 57 59 61 71 72 78 79
44 57 59 61 71 72 76 77
44 57 59 61 71 72 75
44 57 59 61 71 72 73 74
44 57 59 61 62 73 75
44 57 59 61 62 73 74
44 57 59 61 62 71 72 75
44 57 59 61 62 71 72 73 74
44 57 59 60 71 73
44 57 59 60 71 72
44 57 59 60 69 70 73
44 57 59 60 69 70 71 72
44 57 59 60 61 71 73
44 57 59 60 61 71 72
44 57 59 60 61 69 70 73
44 57 59 60 61 69 70 71 72
44 57 58 59 61 71 73
44 57 58 59 61 71 72
44 57 58 59 61 69 70 73
44 57 58 59 61 69 70 71 72
44 57 58 59 60 73
44 57 58 59 60 71 73
44 57 58 59 60 69 70 73
44 57 58 59 60 69 70 71 72
44 56 57 59 61 73
44 56 57 59 61 71 72
44 55
44 55 68
44 55 61
44 54 55 68
44 53
44 53 59 61
44 53 57 59 61 73
44 53 57 59 61 71 72
44 52 55
44 51 59 61 73
44 51 59 61 71 72
44 51 57 59 73
44 51 57 59 71 72
44 51 57 59 61 73
44 51 57 59 61 71 72
44 48 57 59 61 73
44 48 57 59 61 71 72
44 46 59 71
44 46 59 69 70
44 46 59 63
44 46 59 61 78
44 46 59 61 76 77
44 46 59 61 62
44 46 57 61
44 46 57 59 78
44 46 57 59 76 77
44 46 57 59 75
44 46 57 59 73 74
44 46 57 59 63
44 46 57 59 63 75
44 46 57 59 63 73 74
44 46 57 59 61
44 46 57 59 61 78
44 46 57 59 61 78 79
44 46 57 59 61 76 77
44 46 57 59 61 75
44 46 57 59 61 73 74
44 46 57 59 61 62 75
44 46 57 59 61 62 73 74
44 46 57 59 60 71
44 46 57 59 60 69 70
44 46 57 59 60 61 71
44 46 57 59 60 61 69 70
44 46 57 58 59 61 71
44 46 57 58 59 61 69 70
44 46 57 58 59 60
44 46 57 58 59 60 71
44 46 57 58 59 60 69 70
44 46 56 57 59 61
44 46 53 57 59 61
44 46 51 59 61
44 46 51 57 59
44 46 51 57 59 61
44 46 48 57 59 61
44 46 47 57 59
44 46 47 57 59 73
44 46 47 57 59 71 72
44 46 47 57 59 63
44 46 47 57 59 63 73
44 46 47 57 59 63 71 72
44 46 47 57 59 61 62
44 46 47 57 59 61 62 73
44 46 47 57 59 61 62 71 72
43 55 71
43 55 69 70
43 44 55
42
42 78 79
42 73
42 71 72
42 68
42 61
42 59 78 79
42 59 73 78
42 59 73 76 77
42 59 71
42 59 71 72 78
42 59 71 72 76 77
42 59 69 70
42 59 68 78 79
42 59 61
42 59 61 73
42 59 61 71 78 79
42 59 61 71 72
42 59 61 69 70 78 79
42 57 61 73
42 57 61 71 72
42 57 59 61 73
42 57 59 61 71 72
42 57 59 61 63 73
42 57 59 61 63 73 75
42 57 59 61 63 73 74
42 57 59 61 63 71 72
42 57 59 61 63 71 72 75
42 57 59 61 63 71 72 73 74
42 57 59 61 62 73
42 57 59 61 62 73 75
42 57 59 61 62 73 74
42 57 59 61 62 71 72
42 57 59 61 62 71 72 75
42 57 59 61 62 71 72 73 74
42 55 57 59 73 78
42 55 57 59 73 76 77
42 55 57 59 71 72 78
42 55 57 59 71 72 76 77
42 55 57 59 65 73 78
42 55 57 59 65 73 76 77
42 55 57 59 65 71 72 78
42 55 57 59 65 71 72 76 77
42 53
42 53 59
42 53 59 68
42 53 59 61 71
42 53 59 61 69 70
42 51 59 73
42 51 59 71 72
42 51 55 57 59 73
42 51 55 57 59 71 72
42 51 55 57 59 65 73
42 51 55 57 59 65 71 72
42 48 59 61 73 78
42 48 59 61 73 76 77
42 48 59 61 71 72 78
42 48 59 61 71 72 76 77
42 48 57 59 73 78
42 48 57 59 73 76 77
42 48 57 59 71 72 78
42 48 57 59 71 72 76 77
42 48 57 59 61 73
42 48 57 59 61 71 72
42 48 57 59 61 63 73
42 48 57 59 61 63 71 72
42 48 57 59 61 62 73
42 48 57 59 61 62 71 72
42 48 51 59 61 73
42 48 51 59 61 71 72
42 48 51 57 59 73
42 48 51 57 59 71 72
42 46
42 46 59 78
42 46 59 76 77
42 46 59 61
42 46 57 61
42 46 57 59 78
42 46 57 59 76 77
42 46 57 59 73 78
42 46 57 59 73 76 77
42 46 57 59 71 72 78
42 46 57 59 71 72 76 77
42 46 57 59 65 78
42 46 57 59 65 76 77
42 46 57 59 65 73 78
42 46 57 59 65 73 76 77
42 46 57 59 65 71 72 78
42 46 57 59 65 71 72 76 77
42 46 57 59 61
42 46 57 59 61 63
42 46 57 59 61 63 75
42 46 57 59 61 63 73 74
42 46 57 59 61 62
42 46 57 59 61 62 75
42 46 57 59 61 62 73 74
42 46 55 57 59 78
42 46 55 57 59 76 77
42 46 55 57 59 65 78
42 46 55 57 59 65 76 77
42 46 51 59
42 46 51 57 59
42 46 51 57 59 73
42 46 51 57 59 71 72
42 46 51 57 59 65
42 46 51 57 59 65 73
42 46 51 57 59 65 71 72
42 46 51 55 57 59
42 46 51 55 57 59 65
42 46 48 59 61 78
42 46 48 59 61 76 77
42 46 48 57 59 78
42 46 48 57 59 76 77
42 46 48 57 59 61
42 46 48 57 59 61 63
42 46 48 57 59 61 62
42 46 48 51 59 61
42 46 48 51 57 59
42 46 47 59 61 78
42 46 47 59 61 76 77
42 46 47 59 61 73 78
42 46 47 59 61 73 76 77
42 46 47 59 61 71 72 78
42 46 47 59 61 71 72 76 77
42 46 47 57 59 61
42 46 47 57 59 61 73
42 46 47 57 59 61 71 72
42 46 47 51 59 61
42 46 47 51 59 61 73
42 46 47 51 59 61 71 72
42 44 59
42 44 59 61 78 79
42 44 53 59 61
42 43
42 43 59 73
42 43 59 71 73
42 43 59 69 70 73
42 43 59 69 70 71 72
42 43 59 63 73
42 43 59 63 71 72
42 43 59 61 73 78
42 43 59 61 73 76 77
42 43 59 61 71 72 78
42 43 59 61 71 72 76 77
42 43 59 61 62 73
42 43 59 61 62 71 72
42 43 57 61 73
42 43 57 61 71 72
42 43 57 59 73 78
42 43 57 59 73 76 77
42 43 57 59 73 75
42 43 57 59 73 74
42 43 57 59 71 72 78
42 43 57 59 71 72 76 77
42 43 57 59 71 72 75
42 43 57 59 71 72 73 74
42 43 57 59 63 73
42 43 57 59 63 73 75
42 43 57 59 63 73 74
42 43 57 59 63 71 72
42 43 57 59 63 71 72 75
42 43 57 59 63 71 72 73 74
42 43 57 59 61 73
42 43 57 59 61 73 78
42 43 57 59 61 73 78 79
42 43 57 59 61 73 76 77
42 43 57 59 61 73 75
42 43 57 59 61 73 74
42 43 57 59 61 71 72
42 43 57 59 61 71 72 78
42 43 57 59 61 71 72 78 79
42 43 57 59 61 71 72 76 77
42 43 57 59 61 71 72 75
42 43 57 59 61 71 72 73 74
42 43 57 59 61 62 73 75
42 43 57 59 61 62 73 74
42 43 57 59 61 62 71 72 75
42 43 57 59 61 62 71 72 73 74
42 43 57 59 60 73
42 43 57 59 60 71 73
42 43 57 59 60 69 70 73
42 43 57 59 60 69 70 71 72
42 43 57 59 60 61 73
42 43 57 59 60 61 71 73
42 43 57 59 60 61 69 70 73
42 43 57 59 60 61 69 70 71 72
42 43 57 58 59 61 73
42 43 57 58 59 61 71 73
42 43 57 58 59 61 69 70 73
42 43 57 58 59 61 69 70 71 72
42 43 57 58 59 60 71 73
42 43 57 58 59 60 71 72
42 43 57 58 59 60 69 70 73
42 43 57 58 59 60 69 70 71 72
42 43 56 57 59 61 73
42 43 56 57 59 61 71 72
42 43 53 57 59 61 73
42 43 53 57 59 61 71 72
42 43 51 59 61 73
42 43 51 59 61 71 72
42 43 51 57 59 73
42 43 51 57 59 71 72
42 43 51 57 59 61 73
42 43 51 57 59 61 71 72
42 43 48 57 59 61 73
42 43 48 57 59 61 71 72
42 43 46 59
42 43 46 59 71
42 43 46 59 69 70
42 43 46 59 63
42 43 46 59 61 78
42 43 46 59 61 76 77
42 43 46 59 61 62
42 43 46 57 61
42 43 46 57 59 78
42 43 46 57 59 76 77
42 43 46 57 59 75
42 43 46 57 59 73 74
42 43 46 57 59 63
42 43 46 57 59 63 75
42 43 46 57 59 63 73 74
42 43 46 57 59 61
42 43 46 57 59 61 78
42 43 46 57 59 61 78 79
42 43 46 57 59 61 76 77
42 43 46 57 59 61 75
42 43 46 57 59 61 73 74
42 43 46 57 59 61 62 75
42 43 46 57 59 61 62 73 74
42 43 46 57 59 60
42 43 46 57 59 60 71
42 43 46 57 59 60 69 70
42 43 46 57 59 60 61
42 43 46 57 59 60 61 71
42 43 46 57 59 60 61 69 70
42 43 46 57 58 59 61
42 43 46 57 58 59 61 71
42 43 46 57 58 59 61 69 70
42 43 46 57 58 59 60 71
42 43 46 57 58 59 60 69 70
42 43 46 56 57 59 61
42 43 46 53 57 59 61
42 43 46 51 59 61
42 43 46 51 57 59
42 43 46 51 57 59 61
42 43 46 48 57 59 61
42 43 46 47 57 59
42 43 46 47 57 59 73
42 43 46 47 57 59 71 72
42 43 46 47 57 59 63
42 43 46 47 57 59 63 73
42 43 46 47 57 59 63 71 72
42 43 46 47 57 59 61 62
42 43 46 47 57 59 61 62 73
42 43 46 47 57 59 61 62 71 72
42 43 44 59 73
42 43 44 59 71 72
42 43 44 57 59 60 73
42 43 44 57 59 60 71 72
42 43 44 57 59 60 61 73
42 43 44 57 59 60 61 71 72
42 43 44 57 58 59 61 73
42 43 44 57 58 59 61 71 72
42 43 44 57 58 59 60 73
42 43 44 57 58 59 60 71 72
42 43 44 46 59
42 43 44 46 57 59 60
42 43 44 46 57 59 60 61
42 43 44 46 57 58 59 61
42 43 44 46 57 58 59 60
40 78 79
40 68
40 61 68
40 59
40 59 78 79
40 57 59 73
40 57 59 71 72
40 53
40 53 59
40 46 57 59
40 41 59 73 78
40 41 59 73 76 77
40 41 59 71 72 78
40 41 59 71 72 76 77
40 41 59 61 73
40 41 59 61 71 78 79
40 41 59 61 71 72
40 41 59 61 69 70 78 79
40 41 57 61 73
40 41 57 61 71 72
40 41 57 59 61 73
40 41 57 59 61 71 72
40 41 57 59 61 63 73
40 41 57 59 61 63 73 75
40 41 57 59 61 63 73 74
40 41 57 59 61 63 71 72
40 41 57 59 61 63 71 72 75
40 41 57 59 61 63 71 72 73 74
40 41 57 59 61 62 73
40 41 57 59 61 62 73 75
40 41 57 59 61 62 73 74
40 41 57 59 61 62 71 72
40 41 57 59 61 62 71 72 75
40 41 57 59 61 62 71 72 73 74
40 41 55 57 59 73 78
40 41 55 57 59 73 76 77
40 41 55 57 59 71 72 78
40 41 55 57 59 71 72 76 77
40 41 55 57 59 65 73 78
40 41 55 57 59 65 73 76 77
40 41 55 57 59 65 71 72 78
40 41 55 57 59 65 71 72 76 77
40 41 53 59 61 71
40 41 53 59 61 69 70
40 41 51 59 73
40 41 51 59 71 72
40 41 51 55 57 59 73
40 41 51 55 57 59 71 72
40 41 51 55 57 59 65 73
40 41 51 55 57 59 65 71 72
40 41 48 59 61 73 78
40 41 48 59 61 73 76 77
40 41 48 59 61 71 72 78
40 41 48 59 61 71 72 76 77
40 41 48 57 59 73 78
40 41 48 57 59 73 76 77
40 41 48 57 59 71 72 78
40 41 48 57 59 71 72 76 77
40 41 48 57 59 61 73
40 41 48 57 59 61 71 72
40 41 48 57 59 61 63 73
40 41 48 57 59 61 63 71 72
40 41 48 57 59 61 62 73
40 41 48 57 59 61 62 71 72
40 41 48 51 59 61 73
40 41 48 51 59 61 71 72
40 41 48 51 57 59 73
40 41 48 51 57 59 71 72
40 41 46 59 78
40 41 46 59 76 77
40 41 46 59 61
40 41 46 57 61
40 41 46 57 59 78
40 41 46 57 59 76 77
40 41 46 57 59 73 78
40 41 46 57 59 73 76 77
40 41 46 57 59 71 72 78
40 41 46 57 59 71 72 76 77
40 41 46 57 59 65 78
40 41 46 57 59 65 76 77
40 41 46 57 59 65 73 78
40 41 46 57 59 65 73 76 77
40 41 46 57 59 65 71 72 78
40 41 46 57 59 65 71 72 76 77
40 41 46 57 59 61
40 41 46 57 59 61 63
40 41 46 57 59 61 63 75
40 41 46 57 59 61 63 73 74
40 41 46 57 59 61 62
40 41 46 57 59 61 62 75
40 41 46 57 59 61 62 73 74
40 41 46 55 57 59 78
40 41 46 55 57 59 76 77
40 41 46 55 57 59 65 78
40 41 46 55 57 59 65 76 77
40 41 46 51 59
40 41 46 51 57 59
40 41 46 51 57 59 73
40 41 46 51 57 59 71 72
40 41 46 51 57 59 65
40 41 46 51 57 59 65 73
40 41 46 51 57 59 65 71 72
40 41 46 51 55 57 59
40 41 46 51 55 57 59 65
40 41 46 48 59 61 78
40 41 46 48 59 61 76 77
40 41 46 48 57 59 78
40 41 46 48 57 59 76 77
40 41 46 48 57 59 61
40 41 46 48 57 59 61 63
40 41 46 48 57 59 61 62
40 41 46 48 51 59 61
40 41 46 48 51 57 59
40 41 46 47 59 61 78
40 41 46 47 59 61 76 77
40 41 46 47 59 61 73 78
40 41 46 47 59 61 73 76 77
40 41 46 47 59 61 71 72 78
40 41 46 47 59 61 71 72 76 77
40 41 46 47 57 59 61
40 41 46 47 57 59 61 73
40 41 46 47 57 59 61 71 72
40 41 46 47 51 59 61
40 41 46 47 51 59 61 73
40 41 46 47 51 59 61 71 72
40 41 44 59 61 78 79
40 41 44 53 59 61
38
38 59 61 73 75
38 59 61 73 74
38 59 61 71 72 75
38 59 61 71 72 73 74
38 59 60 73 75
38 59 60 73 74
38 59 60 71 72 75
38 59 60 71 72 73 74
38 48 59 61 73
38 48 59 61 71 72
38 48 59 60 73
38 48 59 60 71 72
38 46 59 61 75
38 46 59 61 73 74
38 46 59 60 75
38 46 59 60 73 74
38 46 48 59 61
38 46 48 59 60
38 39 57 59 73
38 39 57 59 71 72
38 39 46 57 59
36
36 71 78 79
36 69
36 69 70 78 79
36 68
36 67 78 79
36 67 68
36 65 66 78 79
36 61 69
36 61 68
36 61 67 68
36 59 69 78 79
36 59 68 69 78 79
36 59 61 73
36 59 61 73 78
36 59 61 73 76 77
36 59 61 71 72
36 59 61 71 72 78
36 59 61 71 72 76 77
36 59 60 61 73
36 59 60 61 73 78
36 59 60 61 73 76 77
36 59 60 61 71 72
36 59 60 61 71 72 78
36 59 60 61 71 72 76 77
36 57 59 73
36 57 59 71 72
36 57 59 61 73 75
36 57 59 61 73 74
36 57 59 61 71 72 75
36 57 59 61 71 72 73 74
36 57 59 60 73
36 57 59 60 71 72
36 57 58 59 73
36 57 58 59 71 72
36 54 61 68
36 53 71
36 53 69 70
36 53 67
36 53 65 66
36 53 59 69
36 53 59 68 69
36 52 61
36 51 59 61 73
36 51 59 61 71 72
36 51 59 60 61 73
36 51 59 60 61 71 72
36 48 57 59 73
36 48 57 59 71 72
36 48 57 59 61 73
36 48 57 59 61 71 72
36 46 59 61
36 46 59 61 78
36 46 59 61 76 77
36 46 59 60 61
36 46 59 60 61 78
36 46 59 60 61 76 77
36 46 57 59
36 46 57 59 61 75
36 46 57 59 61 73 74
36 46 57 59 60
36 46 57 58 59
36 46 51 59 61
36 46 51 59 60 61
36 46 48 57 59
36 46 48 57 59 61
36 46 47 57 59
36 46 47 57 59 73
36 46 47 57 59 71 72
36 44 78 79
36 44 59 73
36 44 59 71 72
36 44 57 59 73 75
36 44 57 59 73 74
36 44 57 59 71 72 75
36 44 57 59 71 72 73 74
36 44 53
36 44 46 59
36 44 46 57 59 75
36 44 46 57 59 73 74
36 44 46 47 57 59
36 44 46 47 57 59 73
36 44 46 47 57 59 71 72
36 43 61
36 42
36 42 61
36 42 59 78 79
36 42 59 68 78 79
36 42 57 59 61 73
36 42 57 59 61 73 75
36 42 57 59 61 73 74
36 42 57 59 61 71 72
36 42 57 59 61 71 72 75
36 42 57 59 61 71 72 73 74
36 42 53 59
36 42 53 59 68
36 42 48 57 59 61 73
36 42 48 57 59 61 71 72
36 42 46 57 59 61
36 42 46 57 59 61 75
36 42 46 57 59 61 73 74
36 42 46 48 57 59 61
36 42 43 59 73
36 42 43 59 71 72
36 42 43 57 59 73 75
36 42 43 57 59 73 74
36 42 43 57 59 71 72 75
36 42 43 57 59 71 72 73 74
36 42 43 46 59
36 42 43 46 57 59 75
36 42 43 46 57 59 73 74
36 42 43 46 47 57 59
36 42 43 46 47 57 59 73
36 42 43 46 47 57 59 71 72
36 40 78 79
36 40 53
36 40 41 57 59 61 73
36 40 41 57 59 61 73 75
36 40 41 57 59 61 73 74
36 40 41 57 59 61 71 72
36 40 41 57 59 61 71 72 75
36 40 41 57 59 61 71 72 73 74
36 40 41 48 57 59 61 73
36 40 41 48 57 59 61 71 72
36 40 41 46 57 59 61
36 40 41 46 57 59 61 75
36 40 41 46 57 59 61 73 74
36 40 41 46 48 57 59 61
34
34 78 79
34 71
34 69 70
34 68
34 68 73
34 68 71 72
34 67
34 65 66
34 61 73 75
34 61 73 74
34 61 71 72 75
34 61 71 72 73 74
34 61 68
34 61 67 69 78 79
34 61 67 68 78 79
34 61 65 66 69 78 79
34 61 65 66 67 68 78 79
34 59 69 78 79
34 59 68 69 78 79
34 59 65 73 75
34 59 65 73 74
34 59 65 71 72 75
34 59 65 71 72 73 74
34 59 63 64 73 75
34 59 63 64 73 74
34 59 63 64 71 72 75
34 59 63 64 71 72 73 74
34 59 61 69
34 59 61 67 68
34 57 59 73
34 57 59 71 72
34 55
34 55 69 78 79
34 55 67 68 78 79
34 54 68
34 53
34 53 61 67 69
34 53 61 67 68
34 53 61 65 66 69
34 53 61 65 66 67 68
34 53 59 69
34 53 59 68 69
34 53 55 69
34 53 55 67 68
34 52
34 48 61 73
34 48 61 71 72
34 48 59 65 73
34 48 59 65 71 72
34 48 59 63 64 73
34 48 59 63 64 71 72
34 46 68
34 46 61 75
34 46 61 73 74
34 46 59 65 75
34 46 59 65 73 74
34 46 59 63 64 75
34 46 59 63 64 73 74
34 46 57 59
34 46 48 61
34 46 48 59 65
34 46 48 59 63 64
34 44
34 44 69
34 44 67 68
34 44 57 59 60 73
34 44 57 59 60 71 73
34 44 57 59 60 69 70 73
34 44 57 59 60 69 70 71 72
34 44 57 58 59 73
34 44 57 58 59 71 73
34 44 57 58 59 69 70 73
34 44 57 58 59 69 70 71 72
34 44 46 57 59 60
34 44 46 57 59 60 71
34 44 46 57 59 60 69 70
34 44 46 57 58 59
34 44 46 57 58 59 71
34 44 46 57 58 59 69 70
34 43
34 42 61 67 78 79
34 42 61 65 66 78 79
34 42 59 78 79
34 42 59 68 78 79
34 42 59 61
34 42 55 78 79
34 42 53 61 67
34 42 53 61 65 66
34 42 53 59
34 42 53 59 68
34 42 53 55
34 42 44
34 42 43
34 42 43 69
34 42 43 67 68
34 42 43 57 59 60 71 73
34 42 43 57 59 60 71 72
34 42 43 57 59 60 69 70 73
34 42 43 57 59 60 69 70 71 72
34 42 43 57 58 59 71 73
34 42 43 57 58 59 71 72
34 42 43 57 58 59 69 70 73
34 42 43 57 58 59 69 70 71 72
34 42 43 46 57 59 60 71
34 42 43 46 57 59 60 69 70
34 42 43 46 57 58 59 71
34 42 43 46 57 58 59 69 70
34 42 43 44 57 59 60 73
34 42 43 44 57 59 60 71 72
34 42 43 44 57 58 59 73
34 42 43 44 57 58 59 71 72
34 42 43 44 46 57 59 60
34 42 43 44 46 57 58 59
34 40
34 40 61 69 78 79
34 40 61 67 68 78 79
34 40 53 61 69
34 40 53 61 67 68
34 40 42 61 78 79
34 40 42 53 61
34 38 59 73 75
34 38 59 73 74
34 38 59 71 72 75
34 38 59 71 72 73 74
34 38 48 59 73
34 38 48 59 71 72
34 38 46 59 75
34 38 46 59 73 74
34 38 46 48 59
33 57 59 63 73
33 57 59 63 71 72
33 57 59 61 62 73
33 57 59 61 62 71 72
33 46 57 59 63
33 46 57 59 61 62
33 44 57 59 61 71 73
33 44 57 59 61 71 72
33 44 57 59 61 69 70 73
33 44 57 59 61 69 70 71 72
33 44 57 59 60 73
33 44 57 59 60 71 73
33 44 57 59 60 69 70 73
33 44 57 59 60 69 70 71 72
33 44 46 57 59 61 71
33 44 46 57 59 61 69 70
33 44 46 57 59 60
33 44 46 57 59 60 71
33 44 46 57 59 60 69 70
33 42 43 57 59 61 73
33 42 43 57 59 61 71 73
33 42 43 57 59 61 69 70 73
33 42 43 57 59 61 69 70 71 72
33 42 43 57 59 60 71 73
33 42 43 57 59 60 71 72
33 42 43 57 59 60 69 70 73
33 42 43 57 59 60 69 70 71 72
33 42 43 46 57 59 61
33 42 43 46 57 59 61 71
33 42 43 46 57 59 61 69 70
33 42 43 46 57 59 60 71
33 42 43 46 57 59 60 69 70
33 42 43 44 57 59 61 73
33 42 43 44 57 59 61 71 72
33 42 43 44 57 59 60 73
33 42 43 44 57 59 60 71 72
33 42 43 44 46 57 59 61
33 42 43 44 46 57 59 60
33 36 57 59 73
33 36 57 59 71 72
33 36 46 57 59
33 34 44 57 59 73
33 34 44 57 59 71 73
33 34 44 57 59 69 70 73
33 34 44 57 59 69 70 71 72
33 34 44 46 57 59
33 34 44 46 57 59 71
33 34 44 46 57 59 69 70
33 34 42 43 57 59 71 73
33 34 42 43 57 59 71 72
33 34 42 43 57 59 69 70 73
33 34 42 43 57 59 69 70 71 72
33 34 42 43 46 57 59 71
33 34 42 43 46 57 59 69 70
33 34 42 43 44 57 59 73
33 34 42 43 44 57 59 71 72
33 34 42 43 44 46 57 59
30 44 59 61 63 73
30 44 59 61 63 71 72
30 44 59 61 62 73
30 44 59 61 62 71 72
30 44 57 61 65 73
30 44 57 61 65 71 72
30 44 57 61 63 64 73
30 44 57 61 63 64 71 72
30 44 57 59 65 73
30 44 57 59 65 71 72
30 44 57 59 63 64 73
30 44 57 59 63 64 71 72
30 44 46 59 61 63
30 44 46 59 61 62
30 44 46 57 61 65
30 44 46 57 61 63 64
30 44 46 57 59 65
30 44 46 57 59 63 64
30 42 43 59 61 63 73
30 42 43 59 61 63 71 72
30 42 43 59 61 62 73
30 42 43 59 61 62 71 72
30 42 43 57 61 65 73
30 42 43 57 61 65 71 72
30 42 43 57 61 63 64 73
30 42 43 57 61 63 64 71 72
30 42 43 57 59 65 73
30 42 43 57 59 65 71 72
30 42 43 57 59 63 64 73
30 42 43 57 59 63 64 71 72
30 42 43 46 59 61 63
30 42 43 46 59 61 62
30 42 43 46 57 61 65
30 42 43 46 57 61 63 64
30 42 43 46 57 59 65
30 42 43 46 57 59 63 64
30 38 44 57 61 73
30 38 44 57 61 71 72
30 38 44 57 59 73
30 38 44 57 59 71 72
30 38 44 46 57 61
30 38 44 46 57 59
30 38 42 43 57 61 73
30 38 42 43 57 61 71 72
30 38 42 43 57 59 73
30 38 42 43 57 59 71 72
30 38 42 43 46 57 61
30 38 42 43 46 57 59
30 36 44 59 61 73
30 36 44 59 61 71 72
30 36 44 46 59 61
30 36 42 43 59 61 73
30 36 42 43 59 61 71 72
30 36 42 43 46 59 61
28 29 44 59 61 63 73
28 29 44 59 61 63 71 72
28 29 44 59 61 62 73
28 29 44 59 61 62 71 72
28 29 44 57 61 65 73
28 29 44 57 61 65 71 72
28 29 44 57 61 63 64 73
28 29 44 57 61 63 64 71 72
28 29 44 57 59 65 73
28 29 44 57 59 65 71 72
28 29 44 57 59 63 64 73
28 29 44 57 59 63 64 71 72
28 29 44 46 59 61 63
28 29 44 46 59 61 62
28 29 44 46 57 61 65
28 29 44 46 57 61 63 64
28 29 44 46 57 59 65
28 29 44 46 57 59 63 64
28 29 42 43 59 61 63 73
28 29 42 43 59 61 63 71 72
28 29 42 43 59 61 62 73
28 29 42 43 59 61 62 71 72
28 29 42 43 57 61 65 73
28 29 42 43 57 61 65 71 72
28 29 42 43 57 61 63 64 73
28 29 42 43 57 61 63 64 71 72
28 29 42 43 57 59 65 73
28 29 42 43 57 59 65 71 72
28 29 42 43 57 59 63 64 73
28 29 42 43 57 59 63 64 71 72
28 29 42 43 46 59 61 63
28 29 42 43 46 59 61 62
28 29 42 43 46 57 61 65
28 29 42 43 46 57 61 63 64
28 29 42 43 46 57 59 65
28 29 42 43 46 57 59 63 64
28 29 38 44 57 61 73
28 29 38 44 57 61 71 72
28 29 38 44 57 59 73
28 29 38 44 57 59 71 72
28 29 38 44 46 57 61
28 29 38 44 46 57 59
28 29 38 42 43 57 61 73
28 29 38 42 43 57 61 71 72
28 29 38 42 43 57 59 73
28 29 38 42 43 57 59 71 72
28 29 38 42 43 46 57 61
28 29 38 42 43 46 57 59
28 29 36 44 59 61 73
28 29 36 44 59 61 71 72
28 29 36 44 46 59 61
28 29 36 42 43 59 61 73
28 29 36 42 43 59 61 71 72
28 29 36 42 43 46 59 61
27 55 68
26
25 69 78 79
25 67 78 79
25 67 68 78 79
25 65 66 78 79
25 53 69
25 53 67
25 53 67 68
25 53 65 66
25 42 78 79
25 42 53
25 40 78 79
25 40 53
25 36
24 68
21 57 73
21 57 71 72
21 57 61 73 78
21 57 61 73 76 77
21 57 61 71 72 78
21 57 61 71 72 76 77
21 57 59 73
21 57 59 73 75 78
21 57 59 73 75 76 77
21 57 59 73 74 78
21 57 59 73 74 76 77
21 57 59 71 72
21 57 59 71 72 75 78
21 57 59 71 72 75 76 77
21 57 59 71 72 73 74 78
21 57 59 71 72 73 74 76 77
21 57 59 63 73
21 57 59 63 71 72
21 57 59 61 62 73
21 57 59 61 62 71 72
21 51 57 61 73
21 51 57 61 71 72
21 51 57 59 73 75
21 51 57 59 73 74
21 51 57 59 71 72 75
21 51 57 59 71 72 73 74
21 48 57 59 73 78
21 48 57 59 73 76 77
21 48 57 59 71 72 78
21 48 57 59 71 72 76 77
21 48 51 57 59 73
21 48 51 57 59 71 72
21 46 57
21 46 57 61 78
21 46 57 61 76 77
21 46 57 59
21 46 57 59 75 78
21 46 57 59 75 76 77
21 46 57 59 73 74 78
21 46 57 59 73 74 76 77
21 46 57 59 63
21 46 57 59 61 62
21 46 51 57 61
21 46 51 57 59 75
21 46 51 57 59 73 74
21 46 48 57 59 78
21 46 48 57 59 76 77
21 46 48 51 57 59
21 44 57 59 73
21 44 57 59 71 72
21 44 57 59 63 73
21 44 57 59 63 71 72
21 44 57 59 61 62 73
21 44 57 59 61 62 71 72
21 44 46 57 59
21 44 46 57 59 63
21 44 46 57 59 61 62
21 42 59 61 73 78
21 42 59 61 73 76 77
21 42 59 61 71 72 78
21 42 59 61 71 72 76 77
21 42 57 59 61 73
21 42 57 59 61 71 72
21 42 51 59 61 73
21 42 51 59 61 71 72
21 42 46 59 61 78
21 42 46 59 61 76 77
21 42 46 57 59 61
21 42 46 51 59 61
21 42 43 57 59 73
21 42 43 57 59 71 72
21 42 43 57 59 63 73
21 42 43 57 59 63 71 72
21 42 43 57 59 61 62 73
21 42 43 57 59 61 62 71 72
21 42 43 46 57 59
21 42 43 46 57 59 63
21 42 43 46 57 59 61 62
21 40 41 59 61 73 78
21 40 41 59 61 73 76 77
21 40 41 59 61 71 72 78
21 40 41 59 61 71 72 76 77
21 40 41 57 59 61 73
21 40 41 57 59 61 71 72
21 40 41 51 59 61 73
21 40 41 51 59 61 71 72
21 40 41 46 59 61 78
21 40 41 46 59 61 76 77
21 40 41 46 57 59 61
21 40 41 46 51 59 61
21 36 57 59 73
21 36 57 59 71 72
21 36 46 57 59
21 36 44 57 59 73
21 36 44 57 59 71 72
21 36 44 46 57 59
21 36 42 43 57 59 73
21 36 42 43 57 59 71 72
21 36 42 43 46 57 59
18 59 73
18 59 73 78
18 59 73 76 77
18 59 71 72
18 59 71 72 78
18 59 71 72 76 77
18 59 61 63 73
18 59 61 63 73 78
18 59 61 63 73 76 77
18 59 61 63 71 72
18 59 61 63 71 72 78
18 59 61 63 71 72 76 77
18 59 61 62 73
18 59 61 62 73 78
18 59 61 62 73 76 77
18 59 61 62 71 72
18 59 61 62 71 72 78
18 59 61 62 71 72 76 77
18 57 73 78
18 57 73 76 77
18 57 71 72 78
18 57 71 72 76 77
18 51 59 73
18 51 59 71 72
18 51 59 61 63 73
18 51 59 61 63 71 72
18 51 59 61 62 73
18 51 59 61 62 71 72
18 51 57 73
18 51 57 71 72
18 46 59
18 46 59 78
18 46 59 76 77
18 46 59 61 63
18 46 59 61 63 78
18 46 59 61 63 76 77
18 46 59 61 62
18 46 59 61 62 78
18 46 59 61 62 76 77
18 46 57 78
18 46 57 76 77
18 46 51 59
18 46 51 59 61 63
18 46 51 59 61 62
18 46 51 57
18 44 57 59 73
18 44 57 59 73 78
18 44 57 59 73 76 77
18 44 57 59 71 72
18 44 57 59 71 72 78
18 44 57 59 71 72 76 77
18 44 51 57 59 73
18 44 51 57 59 71 72
18 44 46 57 59
18 44 46 57 59 78
18 44 46 57 59 76 77
18 44 46 51 57 59
18 42 57 59 73 78
18 42 57 59 73 76 77
18 42 57 59 71 72 78
18 42 57 59 71 72 76 77
18 42 51 57 59 73
18 42 51 57 59 71 72
18 42 46 57 59 78
18 42 46 57 59 76 77
18 42 46 51 57 59
18 42 43 57 59 73
18 42 43 57 59 73 78
18 42 43 57 59 73 76 77
18 42 43 57 59 71 72
18 42 43 57 59 71 72 78
18 42 43 57 59 71 72 76 77
18 42 43 51 57 59 73
18 42 43 51 57 59 71 72
18 42 43 46 57 59
18 42 43 46 57 59 78
18 42 43 46 57 59 76 77
18 42 43 46 51 57 59
18 40 41 57 59 73 78
18 40 41 57 59 73 76 77
18 40 41 57 59 71 72 78
18 40 41 57 59 71 72 76 77
18 40 41 51 57 59 73
18 40 41 51 57 59 71 72
18 40 41 46 57 59 78
18 40 41 46 57 59 76 77
18 40 41 46 51 57 59
18 36 59 61 73
18 36 59 61 73 78
18 36 59 61 73 76 77
18 36 59 61 71 72
18 36 59 61 71 72 78
18 36 59 61 71 72 76 77
18 36 51 59 61 73
18 36 51 59 61 71 72
18 36 46 59 61
18 36 46 59 61 78
18 36 46 59 61 76 77
18 36 46 51 59 61
17
17 59 73
17 59 71 73
17 59 69 70 73
17 59 69 70 71 72
17 59 63 73
17 59 63 71 72
17 59 61 73 78
17 59 61 73 76 77
17 59 61 71 72 78
17 59 61 71 72 76 77
17 59 61 62 73
17 59 61 62 71 72
17 57 61 73
17 57 61 71 72
17 57 59 73 78
17 57 59 73 76 77
17 57 59 73 75
17 57 59 73 74
17 57 59 71 72 78
17 57 59 71 72 76 77
17 57 59 71 72 75
17 57 59 71 72 73 74
17 57 59 63 73
17 57 59 63 73 75
17 57 59 63 73 74
17 57 59 63 71 72
17 57 59 63 71 72 75
17 57 59 63 71 72 73 74
17 57 59 61 73
17 57 59 61 73 78
17 57 59 61 73 78 79
17 57 59 61 73 76 77
17 57 59 61 73 75
17 57 59 61 73 74
17 57 59 61 71 72
17 57 59 61 71 72 78
17 57 59 61 71 72 78 79
17 57 59 61 71 72 76 77
17 57 59 61 71 72 75
17 57 59 61 71 72 73 74
17 57 59 61 62 73 75
17 57 59 61 62 73 74
17 57 59 61 62 71 72 75
17 57 59 61 62 71 72 73 74
17 57 59 60 73
17 57 59 60 71 73
17 57 59 60 69 70 73
17 57 59 60 69 70 71 72
17 57 59 60 61 73
17 57 59 60 61 71 73
17 57 59 60 61 69 70 73
17 57 59 60 61 69 70 71 72
17 57 58 59 61 73
17 57 58 59 61 71 73
17 57 58 59 61 69 70 73
17 57 58 59 61 69 70 71 72
17 57 58 59 60 71 73
17 57 58 59 60 71 72
17 57 58 59 60 69 70 73
17 57 58 59 60 69 70 71 72
17 56 57 59 61 73
17 56 57 59 61 71 72
17 53 57 59 61 73
17 53 57 59 61 71 72
17 51 59 61 73
17 51 59 61 71 72
17 51 57 59 73
17 51 57 59 71 72
17 51 57 59 61 73
17 51 57 59 61 71 72
17 48 57 59 61 73
17 48 57 59 61 71 72
17 46 59
17 46 59 71
17 46 59 69 70
17 46 59 63
17 46 59 61 78
17 46 59 61 76 77
17 46 59 61 62
17 46 57 61
17 46 57 59 78
17 46 57 59 76 77
17 46 57 59 75
17 46 57 59 73 74
17 46 57 59 63
17 46 57 59 63 75
17 46 57 59 63 73 74
17 46 57 59 61
17 46 57 59 61 78
17 46 57 59 61 78 79
17 46 57 59 61 76 77
17 46 57 59 61 75
17 46 57 59 61 73 74
17 46 57 59 61 62 75
17 46 57 59 61 62 73 74
17 46 57 59 60
17 46 57 59 60 71
17 46 57 59 60 69 70
17 46 57 59 60 61
17 46 57 59 60 61 71
17 46 57 59 60 61 69 70
17 46 57 58 59 61
17 46 57 58 59 61 71
17 46 57 58 59 61 69 70
17 46 57 58 59 60 71
17 46 57 58 59 60 69 70
17 46 56 57 59 61
17 46 53 57 59 61
17 46 51 59 61
17 46 51 57 59
17 46 51 57 59 61
17 46 48 57 59 61
17 46 47 57 59
17 46 47 57 59 73
17 46 47 57 59 71 72
17 46 47 57 59 63
17 46 47 57 59 63 73
17 46 47 57 59 63 71 72
17 46 47 57 59 61 62
17 46 47 57 59 61 62 73
17 46 47 57 59 61 62 71 72
17 44 59 73
17 44 59 71 72
17 44 57 59 60 73
17 44 57 59 60 71 72
17 44 57 59 60 61 73
17 44 57 59 60 61 71 72
17 44 57 58 59 61 73
17 44 57 58 59 61 71 72
17 44 57 58 59 60 73
17 44 57 58 59 60 71 72
17 44 46 59
17 44 46 57 59 60
17 44 46 57 59 60 61
17 44 46 57 58 59 61
17 44 46 57 58 59 60
17 36 59 73
17 36 59 71 72
17 36 57 59 73 75
17 36 57 59 73 74
17 36 57 59 71 72 75
17 36 57 59 71 72 73 74
17 36 46 59
17 36 46 57 59 75
17 36 46 57 59 73 74
17 36 46 47 57 59
17 36 46 47 57 59 73
17 36 46 47 57 59 71 72
17 34 69
17 34 67 68
17 34 57 59 60 71 73
17 34 57 59 60 71 72
17 34 57 59 60 69 70 73
17 34 57 59 60 69 70 71 72
17 34 57 58 59 71 73
17 34 57 58 59 71 72
17 34 57 58 59 69 70 73
17 34 57 58 59 69 70 71 72
17 34 46 57 59 60 71
17 34 46 57 59 60 69 70
17 34 46 57 58 59 71
17 34 46 57 58 59 69 70
17 34 44 57 59 60 73
17 34 44 57 59 60 71 72
17 34 44 57 58 59 73
17 34 44 57 58 59 71 72
17 34 44 46 57 59 60
17 34 44 46 57 58 59
17 34 42
17 33 57 59 61 73
17 33 57 59 61 71 73
17 33 57 59 61 69 70 73
17 33 57 59 61 69 70 71 72
17 33 57 59 60 71 73
17 33 57 59 60 71 72
17 33 57 59 60 69 70 73
17 33 57 59 60 69 70 71 72
17 33 46 57 59 61
17 33 46 57 59 61 71
17 33 46 57 59 61 69 70
17 33 46 57 59 60 71
17 33 46 57 59 60 69 70
17 33 44 57 59 61 73
17 33 44 57 59 61 71 72
17 33 44 57 59 60 73
17 33 44 57 59 60 71 72
17 33 44 46 57 59 61
17 33 44 46 57 59 60
17 33 34 57 59 71 73
17 33 34 57 59 71 72
17 33 34 57 59 69 70 73
17 33 34 57 59 69 70 71 72
17 33 34 46 57 59 71
17 33 34 46 57 59 69 70
17 33 34 44 57 59 73
17 33 34 44 57 59 71 72
17 33 34 44 46 57 59
17 30 59 61 63 73
17 30 59 61 63 71 72
17 30 59 61 62 73
17 30 59 61 62 71 72
17 30 57 61 65 73
17 30 57 61 65 71 72
17 30 57 61 63 64 73
17 30 57 61 63 64 71 72
17 30 57 59 65 73
17 30 57 59 65 71 72
17 30 57 59 63 64 73
17 30 57 59 63 64 71 72
17 30 46 59 61 63
17 30 46 59 61 62
17 30 46 57 61 65
17 30 46 57 61 63 64
17 30 46 57 59 65
17 30 46 57 59 63 64
17 30 38 57 61 73
17 30 38 57 61 71 72
17 30 38 57 59 73
17 30 38 57 59 71 72
17 30 38 46 57 61
17 30 38 46 57 59
17 30 36 59 61 73
17 30 36 59 61 71 72
17 30 36 46 59 61
17 28 29 59 61 63 73
17 28 29 59 61 63 71 72
17 28 29 59 61 62 73
17 28 29 59 61 62 71 72
17 28 29 57 61 65 73
17 28 29 57 61 65 71 72
17 28 29 57 61 63 64 73
17 28 29 57 61 63 64 71 72
17 28 29 57 59 65 73
17 28 29 57 59 65 71 72
17 28 29 57 59 63 64 73
17 28 29 57 59 63 64 71 72
17 28 29 46 59 61 63
17 28 29 46 59 61 62
17 28 29 46 57 61 65
17 28 29 46 57 61 63 64
17 28 29 46 57 59 65
17 28 29 46 57 59 63 64
17 28 29 38 57 61 73
17 28 29 38 57 61 71 72
17 28 29 38 57 59 73
17 28 29 38 57 59 71 72
17 28 29 38 46 57 61
17 28 29 38 46 57 59
17 28 29 36 59 61 73
17 28 29 36 59 61 71 72
17 28 29 36 46 59 61
17 21 57 59 73
17 21 57 59 71 72
17 21 57 59 63 73
17 21 57 59 63 71 72
17 21 57 59 61 62 73
17 21 57 59 61 62 71 72
17 21 46 57 59
17 21 46 57 59 63
17 21 46 57 59 61 62
17 21 36 57 59 73
17 21 36 57 59 71 72
17 21 36 46 57 59
17 18 57 59 73
17 18 57 59 73 78
17 18 57 59 73 76 77
17 18 57 59 71 72
17 18 57 59 71 72 78
17 18 57 59 71 72 76 77
17 18 51 57 59 73
17 18 51 57 59 71 72
17 18 46 57 59
17 18 46 57 59 78
17 18 46 57 59 76 77
17 18 46 51 57 59
16 44 57 59 73
16 44 57 59 71 72
16 44 46 57 59
16 42 43 57 59 73
16 42 43 57 59 71 72
16 42 43 46 57 59
16 17 59 61 63 73
16 17 59 61 63 73 78
16 17 59 61 63 73 76 77
16 17 59 61 63 71 72
16 17 59 61 63 71 72 78
16 17 59 61 63 71 72 76 77
16 17 59 61 62 73
16 17 59 61 62 73 78
16 17 59 61 62 73 76 77
16 17 59 61 62 71 72
16 17 59 61 62 71 72 78
16 17 59 61 62 71 72 76 77
16 17 51 59 61 63 73
16 17 51 59 61 63 71 72
16 17 51 59 61 62 73
16 17 51 59 61 62 71 72
16 17 46 59 61 63
16 17 46 59 61 63 78
16 17 46 59 61 63 76 77
16 17 46 59 61 62
16 17 46 59 61 62 78
16 17 46 59 61 62 76 77
16 17 46 51 59 61 63
16 17 46 51 59 61 62
16 17 44 57 59 73
16 17 44 57 59 71 72
16 17 44 46 57 59
16 17 42 43 57 59 73
16 17 42 43 57 59 71 72
16 17 42 43 46 57 59
16 17 36 59 61 73
16 17 36 59 61 73 78
16 17 36 59 61 73 76 77
16 17 36 59 61 71 72
16 17 36 59 61 71 72 78
16 17 36 59 61 71 72 76 77
16 17 36 51 59 61 73
16 17 36 51 59 61 71 72
16 17 36 46 59 61
16 17 36 46 59 61 78
16 17 36 46 59 61 76 77
16 17 36 46 51 59 61
15 59 73 78
15 59 73 76 77
15 59 71 72 78
15 59 71 72 76 77
15 59 61 73
15 59 61 71 78 79
15 59 61 71 72
15 59 61 69 70 78 79
15 57 61 73
15 57 61 71 72
15 57 59 61 73
15 57 59 61 71 72
15 57 59 61 63 73
15 57 59 61 63 73 75
15 57 59 61 63 73 74
15 57 59 61 63 71 72
15 57 59 61 63 71 72 75
15 57 59 61 63 71 72 73 74
15 57 59 61 62 73
15 57 59 61 62 73 75
15 57 59 61 62 73 74
15 57 59 61 62 71 72
15 57 59 61 62 71 72 75
15 57 59 61 62 71 72 73 74
15 55 57 59 73 78
15 55 57 59 73 76 77
15 55 57 59 71 72 78
15 55 57 59 71 72 76 77
15 55 57 59 65 73 78
15 55 57 59 65 73 76 77
15 55 57 59 65 71 72 78
15 55 57 59 65 71 72 76 77
15 53 59 61 71
15 53 59 61 69 70
15 51 59 73
15 51 59 71 72
15 51 55 57 59 73
15 51 55 57 59 71 72
15 51 55 57 59 65 73
15 51 55 57 59 65 71 72
15 48 59 61 73 78
15 48 59 61 73 76 77
15 48 59 61 71 72 78
15 48 59 61 71 72 76 77
15 48 57 59 73 78
15 48 57 59 73 76 77
15 48 57 59 71 72 78
15 48 57 59 71 72 76 77
15 48 57 59 61 73
15 48 57 59 61 71 72
15 48 57 59 61 63 73
15 48 57 59 61 63 71 72
15 48 57 59 61 62 73
15 48 57 59 61 62 71 72
15 48 51 59 61 73
15 48 51 59 61 71 72
15 48 51 57 59 73
15 48 51 57 59 71 72
15 46 59 78
15 46 59 76 77
15 46 59 61
15 46 57 61
15 46 57 59 78
15 46 57 59 76 77
15 46 57 59 73 78
15 46 57 59 73 76 77
15 46 57 59 71 72 78
15 46 57 59 71 72 76 77
15 46 57 59 65 78
15 46 57 59 65 76 77
15 46 57 59 65 73 78
15 46 57 59 65 73 76 77
15 46 57 59 65 71 72 78
15 46 57 59 65 71 72 76 77
15 46 57 59 61
15 46 57 59 61 63
15 46 57 59 61 63 75
15 46 57 59 61 63 73 74
15 46 57 59 61 62
15 46 57 59 61 62 75
15 46 57 59 61 62 73 74
15 46 55 57 59 78
15 46 55 57 59 76 77
15 46 55 57 59 65 78
15 46 55 57 59 65 76 77
15 46 51 59
15 46 51 57 59
15 46 51 57 59 73
15 46 51 57 59 71 72
15 46 51 57 59 65
15 46 51 57 59 65 73
15 46 51 57 59 65 71 72
15 46 51 55 57 59
15 46 51 55 57 59 65
15 46 48 59 61 78
15 46 48 59 61 76 77
15 46 48 57 59 78
15 46 48 57 59 76 77
15 46 48 57 59 61
15 46 48 57 59 61 63
15 46 48 57 59 61 62
15 46 48 51 59 61
15 46 48 51 57 59
15 46 47 59 61 78
15 46 47 59 61 76 77
15 46 47 59 61 73 78
15 46 47 59 61 73 76 77
15 46 47 59 61 71 72 78
15 46 47 59 61 71 72 76 77
15 46 47 57 59 61
15 46 47 57 59 61 73
15 46 47 57 59 61 71 72
15 46 47 51 59 61
15 46 47 51 59 61 73
15 46 47 51 59 61 71 72
15 44 59 61 78 79
15 44 53 59 61
15 36 57 59 61 73
15 36 57 59 61 73 75
15 36 57 59 61 73 74
15 36 57 59 61 71 72
15 36 57 59 61 71 72 75
15 36 57 59 61 71 72 73 74
15 36 48 57 59 61 73
15 36 48 57 59 61 71 72
15 36 46 57 59 61
15 36 46 57 59 61 75
15 36 46 57 59 61 73 74
15 36 46 48 57 59 61
15 21 59 61 73 78
15 21 59 61 73 76 77
15 21 59 61 71 72 78
15 21 59 61 71 72 76 77
15 21 57 59 61 73
15 21 57 59 61 71 72
15 21 51 59 61 73
15 21 51 59 61 71 72
15 21 46 59 61 78
15 21 46 59 61 76 77
15 21 46 57 59 61
15 21 46 51 59 61
15 18 57 59 73 78
15 18 57 59 73 76 77
15 18 57 59 71 72 78
15 18 57 59 71 72 76 77
15 18 51 57 59 73
15 18 51 57 59 71 72
15 18 46 57 59 78
15 18 46 57 59 76 77
15 18 46 51 57 59
14 59 73
14 59 71 72
14 57 59 73
14 57 59 71 72
14 46 59
14 46 57 59
14 42 59 61 73
14 42 59 61 71 72
14 42 57 61 73
14 42 57 61 71 72
14 42 57 59 73
14 42 57 59 71 72
14 42 57 59 61 73
14 42 57 59 61 71 72
14 42 46 59 61
14 42 46 57 61
14 42 46 57 59
14 42 46 57 59 61
14 40 41 59 61 73
14 40 41 59 61 71 72
14 40 41 57 61 73
14 40 41 57 61 71 72
14 40 41 57 59 73
14 40 41 57 59 71 72
14 40 41 57 59 61 73
14 40 41 57 59 61 71 72
14 40 41 46 59 61
14 40 41 46 57 61
14 40 41 46 57 59
14 40 41 46 57 59 61
14 15 59 61 73
14 15 59 61 71 72
14 15 57 61 73
14 15 57 61 71 72
14 15 57 59 73
14 15 57 59 71 72
14 15 57 59 61 73
14 15 57 59 61 71 72
14 15 46 59 61
14 15 46 57 61
14 15 46 57 59
14 15 46 57 59 61
13 57 59 73
13 57 59 71 72
13 46 57 59
10
10 55 71
10 55 69 70
10 44 55
10 36 61
10 34
10 34 68
10 34 61 69 71
10 34 61 69 70
10 34 61 67 68 71
10 34 61 67 68 69 70
10 34 44 61 69
10 34 44 61 67 68
10 34 42 61 71
10 34 42 61 69 70
10 34 42 44 61
8 9 55 71
8 9 55 69 70
8 9 44 55
8 9 36 61
8 9 34
6 42 57 59 73 78
6 42 57 59 73 76 77
6 42 57 59 71 72 78
6 42 57 59 71 72 76 77
6 42 51 57 59 73
6 42 51 57 59 71 72
6 42 46 57 59 78
6 42 46 57 59 76 77
6 42 46 51 57 59
6 40 41 57 59 73 78
6 40 41 57 59 73 76 77
6 40 41 57 59 71 72 78
6 40 41 57 59 71 72 76 77
6 40 41 51 57 59 73
6 40 41 51 57 59 71 72
6 40 41 46 57 59 78
6 40 41 46 57 59 76 77
6 40 41 46 51 57 59
6 15 57 59 73 78
6 15 57 59 73 76 77
6 15 57 59 71 72 78
6 15 57 59 71 72 76 77
6 15 51 57 59 73
6 15 51 57 59 71 72
6 15 46 57 59 78
6 15 46 57 59 76 77
6 15 46 51 57 59
4 59 61 73
4 59 61 71 72
4 46 59 61
4 42 57 59 73 78
4 42 57 59 73 76 77
4 42 57 59 71 72 78
4 42 57 59 71 72 76 77
4 42 57 59 65 73 78
4 42 57 59 65 73 76 77
4 42 57 59 65 71 72 78
4 42 57 59 65 71 72 76 77
4 42 51 57 59 73
4 42 51 57 59 71 72
4 42 51 57 59 65 73
4 42 51 57 59 65 71 72
4 42 46 57 59 78
4 42 46 57 59 76 77
4 42 46 57 59 65 78
4 42 46 57 59 65 76 77
4 42 46 51 57 59
4 42 46 51 57 59 65
4 40 41 57 59 73 78
4 40 41 57 59 73 76 77
4 40 41 57 59 71 72 78
4 40 41 57 59 71 72 76 77
4 40 41 57 59 65 73 78
4 40 41 57 59 65 73 76 77
4 40 41 57 59 65 71 72 78
4 40 41 57 59 65 71 72 76 77
4 40 41 51 57 59 73
4 40 41 51 57 59 71 72
4 40 41 51 57 59 65 73
4 40 41 51 57 59 65 71 72
4 40 41 46 57 59 78
4 40 41 46 57 59 76 77
4 40 41 46 57 59 65 78
4 40 41 46 57 59 65 76 77
4 40 41 46 51 57 59
4 40 41 46 51 57 59 65
4 15 57 59 73 78
4 15 57 59 73 76 77
4 15 57 59 71 72 78
4 15 57 59 71 72 76 77
4 15 57 59 65 73 78
4 15 57 59 65 73 76 77
4 15 57 59 65 71 72 78
4 15 57 59 65 71 72 76 77
4 15 51 57 59 73
4 15 51 57 59 71 72
4 15 51 57 59 65 73
4 15 51 57 59 65 71 72
4 15 46 57 59 78
4 15 46 57 59 76 77
4 15 46 57 59 65 78
4 15 46 57 59 65 76 77
4 15 46 51 57 59
4 15 46 51 57 59 65
4 5 42 57 59 73 78
4 5 42 57 59 73 76 77
4 5 42 57 59 71 72 78
4 5 42 57 59 71 72 76 77
4 5 42 51 57 59 73
4 5 42 51 57 59 71 72
4 5 42 46 57 59 78
4 5 42 46 57 59 76 77
4 5 42 46 51 57 59
4 5 40 41 57 59 73 78
4 5 40 41 57 59 73 76 77
4 5 40 41 57 59 71 72 78
4 5 40 41 57 59 71 72 76 77
4 5 40 41 51 57 59 73
4 5 40 41 51 57 59 71 72
4 5 40 41 46 57 59 78
4 5 40 41 46 57 59 76 77
4 5 40 41 46 51 57 59
4 5 15 57 59 73 78
4 5 15 57 59 73 76 77
4 5 15 57 59 71 72 78
4 5 15 57 59 71 72 76 77
4 5 15 51 57 59 73
4 5 15 51 57 59 71 72
4 5 15 46 57 59 78
4 5 15 46 57 59 76 77
4 5 15 46 51 57 59
3 44 59 61 63 73
3 44 59 61 63 71 72
3 44 59 61 62 73
3 44 59 61 62 71 72
3 44 57 61 65 73
3 44 57 61 65 71 72
3 44 57 61 63 64 73
3 44 57 61 63 64 71 72
3 44 57 59 65 73
3 44 57 59 65 71 72
3 44 57 59 63 64 73
3 44 57 59 63 64 71 72
3 44 46 59 61 63
3 44 46 59 61 62
3 44 46 57 61 65
3 44 46 57 61 63 64
3 44 46 57 59 65
3 44 46 57 59 63 64
3 42 43 59 61 63 73
3 42 43 59 61 63 71 72
3 42 43 59 61 62 73
3 42 43 59 61 62 71 72
3 42 43 57 61 65 73
3 42 43 57 61 65 71 72
3 42 43 57 61 63 64 73
3 42 43 57 61 63 64 71 72
3 42 43 57 59 65 73
3 42 43 57 59 65 71 72
3 42 43 57 59 63 64 73
3 42 43 57 59 63 64 71 72
3 42 43 46 59 61 63
3 42 43 46 59 61 62
3 42 43 46 57 61 65
3 42 43 46 57 61 63 64
3 42 43 46 57 59 65
3 42 43 46 57 59 63 64
3 38 44 57 61 73
3 38 44 57 61 71 72
3 38 44 57 59 73
3 38 44 57 59 71 72
3 38 44 46 57 61
3 38 44 46 57 59
3 38 42 43 57 61 73
3 38 42 43 57 61 71 72
3 38 42 43 57 59 73
3 38 42 43 57 59 71 72
3 38 42 43 46 57 61
3 38 42 43 46 57 59
3 36 44 59 61 73
3 36 44 59 61 71 72
3 36 44 46 59 61
3 36 42 43 59 61 73
3 36 42 43 59 61 71 72
3 36 42 43 46 59 61
3 17 59 61 63 73
3 17 59 61 63 71 72
3 17 59 61 62 73
3 17 59 61 62 71 72
3 17 57 61 65 73
3 17 57 61 65 71 72
3 17 57 61 63 64 73
3 17 57 61 63 64 71 72
3 17 57 59 65 73
3 17 57 59 65 71 72
3 17 57 59 63 64 73
3 17 57 59 63 64 71 72
3 17 46 59 61 63
3 17 46 59 61 62
3 17 46 57 61 65
3 17 46 57 61 63 64
3 17 46 57 59 65
3 17 46 57 59 63 64
3 17 38 57 61 73
3 17 38 57 61 71 72
3 17 38 57 59 73
3 17 38 57 59 71 72
3 17 38 46 57 61
3 17 38 46 57 59
3 17 36 59 61 73
3 17 36 59 61 71 72
3 17 36 46 59 61
2 3 59 61 73
2 3 59 61 71 72
2 3 46 59 61
2 3 42 57 59 73 78
2 3 42 57 59 73 76 77
2 3 42 57 59 71 72 78
2 3 42 57 59 71 72 76 77
2 3 42 57 59 65 73 78
2 3 42 57 59 65 73 76 77
2 3 42 57 59 65 71 72 78
2 3 42 57 59 65 71 72 76 77
2 3 42 51 57 59 73
2 3 42 51 57 59 71 72
2 3 42 51 57 59 65 73
2 3 42 51 57 59 65 71 72
2 3 42 46 57 59 78
2 3 42 46 57 59 76 77
2 3 42 46 57 59 65 78
2 3 42 46 57 59 65 76 77
2 3 42 46 51 57 59
2 3 42 46 51 57 59 65
2 3 40 41 57 59 73 78
2 3 40 41 57 59 73 76 77
2 3 40 41 57 59 71 72 78
2 3 40 41 57 59 71 72 76 77
2 3 40 41 57 59 65 73 78
2 3 40 41 57 59 65 73 76 77
2 3 40 41 57 59 65 71 72 78
2 3 40 41 57 59 65 71 72 76 77
2 3 40 41 51 57 59 73
2 3 40 41 51 57 59 71 72
2 3 40 41 51 57 59 65 73
2 3 40 41 51 57 59 65 71 72
2 3 40 41 46 57 59 78
2 3 40 41 46 57 59 76 77
2 3 40 41 46 57 59 65 78
2 3 40 41 46 57 59 65 76 77
2 3 40 41 46 51 57 59
2 3 40 41 46 51 57 59 65
2 3 15 57 59 73 78
2 3 15 57 59 73 76 77
2 3 15 57 59 71 72 78
2 3 15 57 59 71 72 76 77
2 3 15 57 59 65 73 78
2 3 15 57 59 65 73 76 77
2 3 15 57 59 65 71 72 78
2 3 15 57 59 65 71 72 76 77
2 3 15 51 57 59 73
2 3 15 51 57 59 71 72
2 3 15 51 57 59 65 73
2 3 15 51 57 59 65 71 72
2 3 15 46 57 59 78
2 3 15 46 57 59 76 77
2 3 15 46 57 59 65 78
2 3 15 46 57 59 65 76 77
2 3 15 46 51 57 59
2 3 15 46 51 57 59 65
1
1 69
1 68 69
1 67
1 67 73 78 79
1 67 71 72 78 79
1 65 66
1 65 66 73 78 79
1 65 66 71 72 78 79
1 61
1 61 67
1 61 67 78 79
1 61 65 66
1 61 65 66 78 79
1 59 69
1 59 67 68
1 55 71
1 55 69 70
1 53 67 73
1 53 67 71 72
1 53 65 66 73
1 53 65 66 71 72
1 53 61 67
1 53 61 65 66
1 46 67 78 79
1 46 65 66 78 79
1 46 53 67
1 46 53 65 66
1 44 55
1 42
1 42 68
1 42 59
1 40
1 40 73 78 79
1 40 71 72 78 79
1 40 61
1 40 61 78 79
1 40 53 73
1 40 53 71 72
1 40 53 61
1 40 46 78 79
1 40 46 53
1 38 67
1 38 65 66
1 38 40
1 36 68 69
1 36 67 68
1 36 61
1 36 61 67
1 36 61 67 78 79
1 36 61 65 66
1 36 61 65 66 78 79
1 36 53 61 67
1 36 53 61 65 66
1 36 42 68
1 36 40 61
1 36 40 61 78 79
1 36 40 53 61
1 34
1 34 69
1 34 69 78 79
1 34 67 68
1 34 67 68 78 79
1 34 55 69
1 34 55 67 68
1 34 53 69
1 34 53 67 68
1 34 42
1 34 42 78 79
1 34 42 55
1 34 42 53
1 25 69
1 25 67 68
1 25 42
0 55 68 71
0 55 68 69 70
0 44 55 68
0 36 61 68
0 34 68

