59 69 71
59 69 70
59 67 68 71
59 67 68 69 70
59 61 67
59 61 65 66
55 61 67
55 61 65 66
55 59 69
55 59 67 68
53 54 61 67
53 54 61 65 66
44 59 69
44 59 67 68
42 59 71
42 59 69 70
42 55 59
42 44 59
40 59 61
40 55 61
40 53 54 61
28 61 67
28 61 65 66
28 40 61
10 61 67
10 61 65 66
10 40 61
59 68
69 78 79
67 68 78 79
53 69
53 67 68
42 78 79
42 53
36 67 68 78 79
36 53 67 68
34 69 78 79
34 68 69 78 79
34 55 68
34 53 69
34 53 68 69
34 42 78 79
34 42 68 78 79
34 42 53
34 42 53 68
8 34 69 78 79
8 34 67 68 78 79
8 34 53 69
8 34 53 67 68
8 34 42 78 79
8 34 42 53
71
69 70
67 71 78 79
67 69 70 78 79
67 68 71
67 68 69 70
65 66 71 78 79
65 66 69 70 78 79
61
55 69 78 79
55 67 68 78 79
53
53 67 71
53 67 69 70
53 65 66 71
53 65 66 69 70
53 55 69
53 55 67 68
44 67 78 79
44 67 68
44 65 66 78 79
44 53 67
44 53 65 66
42 68 71
42 68 69 70
42 55 78 79
42 53 55
42 44 68
40 71 78 79
40 69 70 78 79
40 53 71
40 53 69 70
40 44 78 79
40 44 53
36 59 67 78 79
36 59 65 66 78 79
36 55 69 78 79
36 55 67 68 78 79
36 53 59 67
36 53 59 65 66
36 53 55 69
36 53 55 67 68
36 42 55 78 79
36 42 53 55
36 40 59 78 79
36 40 53 59
34 78 79
34 69
34 69 71 78 79
34 69 70 78 79
34 68 69 73
34 68 69 71 72
34 67 68 73
34 67 68 71 78 79
34 67 68 71 72
34 67 68 69 70 78 79
34 61
34 61 68
34 53
34 53 69 71
34 53 69 70
34 53 67 68 71
34 53 67 68 69 70
34 46 68 69
34 46 67 68
34 44 69 78 79
34 44 67 68 78 79
34 44 53 69
34 44 53 67 68
34 42
34 42 71 78 79
34 42 69 70 78 79
34 42 68 73
34 42 68 71 72
34 42 53 71
34 42 53 69 70
34 42 46 68
34 42 44 78 79
34 42 44 53
25 69
25 67 68
25 42
25 36 67 78 79
25 36 65 66 78 79
25 36 53 67
25 36 53 65 66
25 36 40 78 79
25 36 40 53
1
1 73 78 79
1 71 78 79
1 71 72 78 79
1 69 71
1 69 70 78 79
1 67 68 71
1 67 68 69 70
1 55 69
1 55 67 68
1 53 73
1 53 71
1 53 71 72
1 53 69 70
1 46 78 79
1 46 53
1 44 78 79
1 44 69
1 44 67 68
1 44 53
1 42 71
1 42 69 70
1 42 55
1 42 44
1 36 71 78 79
1 36 69
1 36 69 70 78 79
1 36 67 68
1 36 53 71
1 36 53 69 70
1 36 44 78 79
1 36 44 53
1 36 42
1 34 71
1 34 69 70
1 34 61 69
1 34 61 67 68
1 34 44
1 34 42 61
57 59 61 73
57 59 61 71 72
57 59 60 73
57 59 60 71 72
46 57 59 61
46 57 59 60
34 57 59 73
34 57 59 71 72
34 46 57 59
68 73
68 71 72
46 68
68 78 79
68 69 78 79
67 78 79
65 66
65 66 78 79
65 66 68 78 79
55 67 78 79
55 65 66 78 79
53 68 69
53 65 66 68
53 55 67
53 55 65 66
42 68 78 79
42 53 68
40
40 78 79
40 68 78 79
40 55 78 79
40 53 68
40 53 55
36 68
36 68 78 79
36 68 69 78 79
36 53
36 53 68
36 53 68 69
36 42 68 78 79
36 42 53 68
34 68 69
34 42 68
1 68 78 79
1 53 68
1 36
1 36 68 78 79
1 36 53 68
44 59 61 65 73
44 59 61 65 71 72
44 59 61 63 64 73
44 59 61 63 64 71 72
44 46 59 61 65
44 46 59 61 63 64
42 43 59 61 65 73
42 43 59 61 65 71 72
42 43 59 61 63 64 73
42 43 59 61 63 64 71 72
42 43 46 59 61 65
42 43 46 59 61 63 64
38 44 59 61 73
38 44 59 61 71 72
38 44 46 59 61
38 42 43 59 61 73
38 42 43 59 61 71 72
38 42 43 46 59 61
30 44 59 61 65 73
30 44 59 61 65 71 72
30 44 59 61 63 64 73
30 44 59 61 63 64 71 72
30 44 46 59 61 65
30 44 46 59 61 63 64
30 42 43 59 61 65 73
30 42 43 59 61 65 71 72
30 42 43 59 61 63 64 73
30 42 43 59 61 63 64 71 72
30 42 43 46 59 61 65
30 42 43 46 59 61 63 64
30 38 44 59 61 73
30 38 44 59 61 71 72
30 38 44 46 59 61
30 38 42 43 59 61 73
30 38 42 43 59 61 71 72
30 38 42 43 46 59 61
28 29 44 59 61 65 73
28 29 44 59 61 65 71 72
28 29 44 59 61 63 64 73
28 29 44 59 61 63 64 71 72
28 29 44 46 59 61 65
28 29 44 46 59 61 63 64
28 29 42 43 59 61 65 73
28 29 42 43 59 61 65 71 72
28 29 42 43 59 61 63 64 73
28 29 42 43 59 61 63 64 71 72
28 29 42 43 46 59 61 65
28 29 42 43 46 59 61 63 64
28 29 38 44 59 61 73
28 29 38 44 59 61 71 72
28 29 38 44 46 59 61
28 29 38 42 43 59 61 73
28 29 38 42 43 59 61 71 72
28 29 38 42 43 46 59 61
17 59 61 65 73
17 59 61 65 71 72
17 59 61 63 64 73
17 59 61 63 64 71 72
17 46 59 61 65
17 46 59 61 63 64
17 38 59 61 73
17 38 59 61 71 72
17 38 46 59 61
17 30 59 61 65 73
17 30 59 61 65 71 72
17 30 59 61 63 64 73
17 30 59 61 63 64 71 72
17 30 46 59 61 65
17 30 46 59 61 63 64
17 30 38 59 61 73
17 30 38 59 61 71 72
17 30 38 46 59 61
17 28 29 59 61 65 73
17 28 29 59 61 65 71 72
17 28 29 59 61 63 64 73
17 28 29 59 61 63 64 71 72
17 28 29 46 59 61 65
17 28 29 46 59 61 63 64
17 28 29 38 59 61 73
17 28 29 38 59 61 71 72
17 28 29 38 46 59 61
3 44 59 61 65 73
3 44 59 61 65 71 72
3 44 59 61 63 64 73
3 44 59 61 63 64 71 72
3 44 46 59 61 65
3 44 46 59 61 63 64
3 42 43 59 61 65 73
3 42 43 59 61 65 71 72
3 42 43 59 61 63 64 73
3 42 43 59 61 63 64 71 72
3 42 43 46 59 61 65
3 42 43 46 59 61 63 64
3 38 44 59 61 73
3 38 44 59 61 71 72
3 38 44 46 59 61
3 38 42 43 59 61 73
3 38 42 43 59 61 71 72
3 38 42 43 46 59 61
3 17 59 61 65 73
3 17 59 61 65 71 72
3 17 59 61 63 64 73
3 17 59 61 63 64 71 72
3 17 46 59 61 65
3 17 46 59 61 63 64
3 17 38 59 61 73
3 17 38 59 61 71 72
3 17 38 46 59 61
69 73
69 71 72
67 68 73
67 68 71 72
65 66 67
61 68
61 68 69
59
55 69
55 67
55 67 68
55 65 66
46 69
46 67 68
42 73
42 71 72
42 61 68
42 55
42 46
40 67
40 55
38 69
38 67 68
38 61
38 42
36 61
25 67
25 65 66
25 40
23 24 67
23 24 65 66
23 24 40
22 67
22 65 66
22 40
20
20 69
20 67
20 67 68
20 65 66
20 42
20 40
1 69 73
1 69 71 72
1 67 68 73
1 67 68 71 72
1 61 68 69
1 61 67 68
1 59 67
1 59 67 78 79
1 59 65 66
1 59 65 66 78 79
1 53 59 67
1 53 59 65 66
1 46 69
1 46 67 68
1 42 73
1 42 71 72
1 42 61 68
1 42 46
1 40 59
1 40 59 78 79
1 40 53 59
1 38 68 69
1 38 67
1 38 67 68
1 38 65 66
1 38 42 68
1 38 40
1 36 67
1 36 65 66
1 36 40
1 22 69
1 22 67 68
1 22 42
1 20 69
1 20 67 68
1 20 42
42 59 61 63 73
42 59 61 63 71 72
42 59 61 62 73
42 59 61 62 71 72
42 46 59 61 63
42 46 59 61 62
40 41 59 61 63 73
40 41 59 61 63 71 72
40 41 59 61 62 73
40 41 59 61 62 71 72
40 41 46 59 61 63
40 41 46 59 61 62
36 42 59 61 73
36 42 59 61 71 72
36 42 46 59 61
36 40 41 59 61 73
36 40 41 59 61 71 72
36 40 41 46 59 61
15 59 61 63 73
15 59 61 63 71 72
15 59 61 62 73
15 59 61 62 71 72
15 46 59 61 63
15 46 59 61 62
15 36 59 61 73
15 36 59 61 71 72
15 36 46 59 61
34 61 69
34 61 67 68
34 42 61
63
55
54
52 53
34 73
34 73 78 79
34 71 72
34 71 72 78 79
34 61 73
34 61 71 72
34 55
34 55 73
34 55 71 72
34 55 68 73
34 55 68 71 72
34 53 73
34 53 71 72
34 46
34 46 78 79
34 46 61
34 46 55
34 46 55 68
34 46 53
27
1 34
1 34 63
1 34 61
1 34 61 63
1 34 54
1 34 54 61
1 34 52 53
1 34 52 53 61
1 27 34
1 27 34 61
53 63
53 61 62
51 52 67
51 52 65 66
51 52 63
51 52 61 62
46
44 67
44 65 66
44 63
44 61 62
44 45
42 43 67
42 43 65 66
42 43 63
42 43 61 62
40 51 52
40 44
40 42 43
36 51 52
36 44
36 42 43
28
26 67
26 65 66
26 63
26 61 62
26 40
26 36
19
17 67
17 65 66
17 63
17 61 62
17 40
17 36
72
68 74
68 72 73
68 69
67 68 70
67 68 69
66 67
61 78 79
61 71
61 69 70
61 68 78 79
61 68 73 78 79
61 68 71 72 78 79
61 67 68
61 66 68
61 65 68 78 79
61 64 65 68
61 63 68
61 62
61 62 68
57
55 56
54 78 79
54 67 68
54 65 66 68
54 61 68
53 61
53 61 68
53 61 68 73
53 61 68 71 72
53 61 65 68
52
52 71
52 69
52 69 70
52 67
52 67 68
52 65 66
52 53 61 68
47
47 68
46 61 68 78 79
46 53 61 68
45 61 68
44 70
44 61
44 52
43
43 67
43 65 66
42 70
42 68 69
42 52
41
40 54 68
40 52
40 43
39 61 68
36 61 78 79
36 61 68
36 61 68 73 78 79
36 61 68 71 72 78 79
36 53 61
36 53 61 68 73
36 53 61 68 71 72
36 46 61 68 78 79
36 46 53 61 68
30
29
29 68
27 61 68
27 28 68
25
24
21
20 68
20 61 68
18 19 68
12
11
11 68
10
10 78 79
10 71
10 69
10 69 70
10 68
10 68 69
10 67
10 65 66
10 61
10 53
10 52
10 44
10 43
10 42
10 42 68
10 40
10 25
10 11
9
9 78 79
9 68
9 68 71
9 68 69
9 68 69 70
9 67 68
9 55
9 53
9 44 68
9 42 68
9 10
9 10 68
8
8 9
8 9 71
8 9 69
8 9 69 70
8 9 67
8 9 67 68
8 9 65 66
8 9 44
8 9 42
8 9 40
8 9 10
3
2
2 68
1 69 70
1 26
1 10
1 9
1 2
0 68
0 68 71
0 68 69
0 68 69 70
0 65 66 68
0 44 68
0 42 68
0 40 68
0 10 68
0 1
42 59 61 73
42 59 61 71 72
42 59 61 64 73
42 59 61 64 71 72
42 59 61 62 63 73
42 59 61 62 63 71 72
42 59 60 61 73
42 59 60 61 71 72
42 59 60 61 64 73
42 59 60 61 64 71 72
42 59 60 61 63 73
42 59 60 61 63 71 72
42 59 60 61 62 73
42 59 60 61 62 71 72
42 59 60 61 62 63 73
42 59 60 61 62 63 71 72
42 57 59 61 73
42 57 59 61 71 72
42 57 59 60 61 73
42 57 59 60 61 71 72
42 49 59 61 73
42 49 59 61 71 72
42 49 59 60 61 73
42 49 59 60 61 71 72
42 47 48 59 61 73
42 47 48 59 61 71 72
42 47 48 59 60 61 73
42 47 48 59 60 61 71 72
42 46 59 61
42 46 59 61 64
42 46 59 61 62 63
42 46 59 60 61
42 46 59 60 61 64
42 46 59 60 61 63
42 46 59 60 61 62
42 46 59 60 61 62 63
42 46 57 59 61
42 46 57 59 60 61
42 46 49 59 61
42 46 49 59 60 61
42 46 47 48 59 61
42 46 47 48 59 60 61
40 41 59 61 73
40 41 59 61 71 72
40 41 59 61 64 73
40 41 59 61 64 71 72
40 41 59 61 62 63 73
40 41 59 61 62 63 71 72
40 41 59 60 61 73
40 41 59 60 61 71 72
40 41 59 60 61 64 73
40 41 59 60 61 64 71 72
40 41 59 60 61 63 73
40 41 59 60 61 63 71 72
40 41 59 60 61 62 73
40 41 59 60 61 62 71 72
40 41 59 60 61 62 63 73
40 41 59 60 61 62 63 71 72
40 41 57 59 61 73
40 41 57 59 61 71 72
40 41 57 59 60 61 73
40 41 57 59 60 61 71 72
40 41 49 59 61 73
40 41 49 59 61 71 72
40 41 49 59 60 61 73
40 41 49 59 60 61 71 72
40 41 47 48 59 61 73
40 41 47 48 59 61 71 72
40 41 47 48 59 60 61 73
40 41 47 48 59 60 61 71 72
40 41 46 59 61
40 41 46 59 61 64
40 41 46 59 61 62 63
40 41 46 59 60 61
40 41 46 59 60 61 64
40 41 46 59 60 61 63
40 41 46 59 60 61 62
40 41 46 59 60 61 62 63
40 41 46 57 59 61
40 41 46 57 59 60 61
40 41 46 49 59 61
40 41 46 49 59 60 61
40 41 46 47 48 59 61
40 41 46 47 48 59 60 61
37 42 59 61 73
37 42 59 61 71 72
37 42 59 60 61 73
37 42 59 60 61 71 72
37 42 46 59 61
37 42 46 59 60 61
37 40 41 59 61 73
37 40 41 59 61 71 72
37 40 41 59 60 61 73
37 40 41 59 60 61 71 72
37 40 41 46 59 61
37 40 41 46 59 60 61
36 42 59 60 61 73
36 42 59 60 61 71 72
36 42 46 59 60 61
36 40 41 59 60 61 73
36 40 41 59 60 61 71 72
36 40 41 46 59 60 61
34 42 59 61 73
34 42 59 61 71 72
34 42 59 61 64 73
34 42 59 61 64 71 72
34 42 59 61 63 73
34 42 59 61 63 71 72
34 42 59 61 62 73
34 42 59 61 62 71 72
34 42 59 61 62 63 73
34 42 59 61 62 63 71 72
34 42 57 59 61 73
34 42 57 59 61 71 72
34 42 49 59 61 73
34 42 49 59 61 71 72
34 42 47 48 59 61 73
34 42 47 48 59 61 71 72
34 42 46 59 61
34 42 46 59 61 64
34 42 46 59 61 63
34 42 46 59 61 62
34 42 46 59 61 62 63
34 42 46 57 59 61
34 42 46 49 59 61
34 42 46 47 48 59 61
34 40 41 59 61 73
34 40 41 59 61 71 72
34 40 41 59 61 64 73
34 40 41 59 61 64 71 72
34 40 41 59 61 63 73
34 40 41 59 61 63 71 72
34 40 41 59 61 62 73
34 40 41 59 61 62 71 72
34 40 41 59 61 62 63 73
34 40 41 59 61 62 63 71 72
34 40 41 57 59 61 73
34 40 41 57 59 61 71 72
34 40 41 49 59 61 73
34 40 41 49 59 61 71 72
34 40 41 47 48 59 61 73
34 40 41 47 48 59 61 71 72
34 40 41 46 59 61
34 40 41 46 59 61 64
34 40 41 46 59 61 63
34 40 41 46 59 61 62
34 40 41 46 59 61 62 63
34 40 41 46 57 59 61
34 40 41 46 49 59 61
34 40 41 46 47 48 59 61
34 37 42 59 61 73
34 37 42 59 61 71 72
34 37 42 46 59 61
34 37 40 41 59 61 73
34 37 40 41 59 61 71 72
34 37 40 41 46 59 61
34 36 42 59 61 73
34 36 42 59 61 71 72
34 36 42 46 59 61
34 36 40 41 59 61 73
34 36 40 41 59 61 71 72
34 36 40 41 46 59 61
22 42 59 61 73
22 42 59 61 71 72
22 42 59 60 61 73
22 42 59 60 61 71 72
22 42 46 59 61
22 42 46 59 60 61
22 40 41 59 61 73
22 40 41 59 61 71 72
22 40 41 59 60 61 73
22 40 41 59 60 61 71 72
22 40 41 46 59 61
22 40 41 46 59 60 61
22 34 42 59 61 73
22 34 42 59 61 71 72
22 34 42 46 59 61
22 34 40 41 59 61 73
22 34 40 41 59 61 71 72
22 34 40 41 46 59 61
15 59 61 73
15 59 61 71 72
15 59 61 64 73
15 59 61 64 71 72
15 59 61 62 63 73
15 59 61 62 63 71 72
15 59 60 61 73
15 59 60 61 71 72
15 59 60 61 64 73
15 59 60 61 64 71 72
15 59 60 61 63 73
15 59 60 61 63 71 72
15 59 60 61 62 73
15 59 60 61 62 71 72
15 59 60 61 62 63 73
15 59 60 61 62 63 71 72
15 57 59 61 73
15 57 59 61 71 72
15 57 59 60 61 73
15 57 59 60 61 71 72
15 49 59 61 73
15 49 59 61 71 72
15 49 59 60 61 73
15 49 59 60 61 71 72
15 47 48 59 61 73
15 47 48 59 61 71 72
15 47 48 59 60 61 73
15 47 48 59 60 61 71 72
15 46 59 61
15 46 59 61 64
15 46 59 61 62 63
15 46 59 60 61
15 46 59 60 61 64
15 46 59 60 61 63
15 46 59 60 61 62
15 46 59 60 61 62 63
15 46 57 59 61
15 46 57 59 60 61
15 46 49 59 61
15 46 49 59 60 61
15 46 47 48 59 61
15 46 47 48 59 60 61
15 37 59 61 73
15 37 59 61 71 72
15 37 59 60 61 73
15 37 59 60 61 71 72
15 37 46 59 61
15 37 46 59 60 61
15 36 59 60 61 73
15 36 59 60 61 71 72
15 36 46 59 60 61
15 34 59 61 73
15 34 59 61 71 72
15 34 59 61 64 73
15 34 59 61 64 71 72
15 34 59 61 63 73
15 34 59 61 63 71 72
15 34 59 61 62 73
15 34 59 61 62 71 72
15 34 59 61 62 63 73
15 34 59 61 62 63 71 72
15 34 57 59 61 73
15 34 57 59 61 71 72
15 34 49 59 61 73
15 34 49 59 61 71 72
15 34 47 48 59 61 73
15 34 47 48 59 61 71 72
15 34 46 59 61
15 34 46 59 61 64
15 34 46 59 61 63
15 34 46 59 61 62
15 34 46 59 61 62 63
15 34 46 57 59 61
15 34 46 49 59 61
15 34 46 47 48 59 61
15 34 37 59 61 73
15 34 37 59 61 71 72
15 34 37 46 59 61
15 34 36 59 61 73
15 34 36 59 61 71 72
15 34 36 46 59 61
15 22 59 61 73
15 22 59 61 71 72
15 22 59 60 61 73
15 22 59 60 61 71 72
15 22 46 59 61
15 22 46 59 60 61
15 22 34 59 61 73
15 22 34 59 61 71 72
15 22 34 46 59 61
73
71 72
61 73
61 71 72
55 61
46 61
20 73
20 71 72
20 46
20 36
20 34
