78 79
69 78 79
69 73
69 71 72
68 78 79
68 69
68 69 78 79
67 68
67 68 73
67 68 71 72
65
65 66
61 71
61 69 78 79
61 69 70
61 68 69
61 67 68
61 67 68 78 79
59 78 79
59 69 71 78 79
59 69 70 78 79
59 68
59 67 68 71 78 79
59 67 68 69 70 78 79
57 61 69
57 61 67 68
55 78 79
55 73
55 71 72
55 69 78 79
55 67
55 67 73
55 67 71 72
55 67 68
55 67 68 78 79
55 65 66
55 65 66 73
55 65 66 71 72
55 65 66 68
55 61 69
55 61 67
55 61 67 78 79
55 61 67 68
55 61 65 66
55 61 65 66 78 79
55 59 69
55 59 67 68
55 56 61 69
55 56 61 67 68
54 68
53
53 69
53 68
53 68 69
53 61 69
53 61 67 68
53 59
53 59 69 71
53 59 69 70
53 59 67 68 71
53 59 67 68 69 70
53 55
53 55 69
53 55 67 68
53 55 61 67
53 55 61 65 66
52
46 69
46 67 68
46 55
46 55 67
46 55 65 66
44 61
44 59 69 78 79
44 59 67 68 78 79
44 57 59 60 73
44 57 59 60 71 72
44 57 58 59 73
44 57 58 59 71 72
44 53 59 69
44 53 59 67 68
44 46 57 59 60
44 46 57 58 59
43
42 78 79
42 73
42 71 72
42 68
42 68 78 79
42 61 78 79
42 61 68
42 59 71 78 79
42 59 69 70 78 79
42 57 61
42 55 78 79
42 55 61
42 55 59
42 55 56 61
42 53
42 53 68
42 53 61
42 53 59 71
42 53 59 69 70
42 53 55
42 46
42 44 59 78 79
42 44 53 59
42 43 57 59 60 73
42 43 57 59 60 71 72
42 43 57 58 59 73
42 43 57 58 59 71 72
42 43 46 57 59 60
42 43 46 57 58 59
40
40 55
40 55 73
40 55 71 72
40 55 68
40 55 61
40 55 61 78 79
40 53 55 61
40 46 55
36
36 69
36 68 78 79
36 68 69
36 68 69 78 79
36 67 68 78 79
36 66 69
36 66 67 68
36 61 69
36 61 67 68
36 55 78 79
36 55 69 78 79
36 55 67 78 79
36 55 67 68 78 79
36 55 65 66 78 79
36 53 68
36 53 68 69
36 53 67 68
36 53 55
36 53 55 69
36 53 55 67
36 53 55 67 68
36 53 55 65 66
36 42
36 42 68
36 42 68 78 79
36 42 66
36 42 61
36 42 55 78 79
36 42 53 68
36 42 53 55
36 40 55 78 79
36 40 53 55
35 69
35 67 68
35 42
34 69 78 79
34 68
34 67
34 67 68 78 79
34 65 66
34 61 78 79
34 55 69
34 55 67
34 55 67 68
34 55 65 66
34 53 69
34 53 67 68
34 53 61
34 42 78 79
34 42 55
34 42 53
34 40
34 40 55
33 44 57 59 73
33 44 57 59 71 72
33 44 46 57 59
33 42 43 57 59 73
33 42 43 57 59 71 72
33 42 43 46 57 59
30 61 69
30 61 67 68
30 42 61
26 68
25
24 36 69
24 36 67 68
24 36 42
24 25 68
23 24
22 67
22 65 66
22 40
22 36 67
22 36 65 66
22 36 40
22 23 36 69
22 23 36 67 68
22 23 36 42
17 57 59 60 73
17 57 59 60 71 72
17 57 58 59 73
17 57 58 59 71 72
17 46 57 59 60
17 46 57 58 59
17 33 57 59 73
17 33 57 59 71 72
17 33 46 57 59
10
10 68 69
10 65 66 68
10 55 67
10 55 67 78 79
10 55 65 66
10 55 65 66 78 79
10 53 55 67
10 53 55 65 66
10 42 68
10 40 68
10 40 55
10 40 55 78 79
10 40 53 55
8 69
8 69 78 79
8 67 68
8 67 68 78 79
8 53 69
8 53 67 68
8 42
8 42 78 79
8 42 53
8 9
1
1 78 79
1 69
1 68
1 68 69
1 67
1 67 73 78 79
1 67 71
1 67 71 72 78 79
1 67 69 70
1 65 66
1 65 66 73 78 79
1 65 66 71
1 65 66 71 72 78 79
1 65 66 69 70
1 61 69
1 61 67 68
1 55 78 79
1 55 69
1 55 69 78 79
1 55 67 68
1 55 67 68 78 79
1 53
1 53 67 73
1 53 67 71 72
1 53 65 66 73
1 53 65 66 71 72
1 53 55
1 53 55 69
1 53 55 67 68
1 46 67 78 79
1 46 65 66 78 79
1 46 53 67
1 46 53 65 66
1 44 67
1 44 65 66
1 42
1 42 68
1 42 61
1 42 55
1 42 55 78 79
1 42 53 55
1 40
1 40 73 78 79
1 40 71
1 40 71 72 78 79
1 40 69 70
1 40 53 73
1 40 53 71 72
1 40 46 78 79
1 40 46 53
1 40 44
1 36
1 36 68 69
1 36 67 68
1 36 55 78 79
1 36 55 69 78 79
1 36 55 67 68 78 79
1 36 53 55
1 36 53 55 69
1 36 53 55 67 68
1 36 42 68
1 36 42 55 78 79
1 36 42 53 55
1 34 69 78 79
1 34 67
1 34 67 68 78 79
1 34 65 66
1 34 55
1 34 53 69
1 34 53 67 68
1 34 42 78 79
1 34 42 53
1 34 40
1 26 69
1 26 67 68
1 26 42
1 25 67
1 25 65 66
1 25 40
1 24 25 69
1 24 25 67 68
1 24 25 42
1 22
1 22 67
1 22 65 66
1 22 59 69
1 22 59 67
1 22 59 67 68
1 22 59 65 66
1 22 42 59
1 22 40
1 22 40 59
1 21 69
1 21 67
1 21 67 68
1 21 65 66
1 21 42
1 21 40
1 20 59 69
1 20 59 67 68
1 20 42 59
1 10 67 78 79
1 10 65 66 78 79
1 10 53 67
1 10 53 65 66
1 10 40 78 79
1 10 40 53
1 8
1 7 69
1 7 67
1 7 67 68
1 7 65 66
1 7 42
1 7 40
0 68

