69
67 68
59 69 73
59 69 71 72
59 67 68 73
59 67 68 71 72
57 73
57 71 72
57 59 73
57 59 71 72
53 69
53 67 68
51 52 69
51 52 67 68
46 59 69
46 59 67 68
46 57
46 57 59
44 69
44 67 68
44 57 73
44 57 71 72
44 57 59 73
44 57 59 71 72
44 57 59 61 73
44 57 59 61 73 77
44 57 59 61 73 75 76
44 57 59 61 71 72
44 57 59 61 71 72 77
44 57 59 61 71 72 75 76
44 57 59 60 61 73
44 57 59 60 61 73 77
44 57 59 60 61 73 75 76
44 57 59 60 61 71 72
44 57 59 60 61 71 72 77
44 57 59 60 61 71 72 75 76
44 50 57 59 61 73
44 50 57 59 61 71 72
44 50 57 59 60 61 73
44 50 57 59 60 61 71 72
44 48 57 59 73
44 48 57 59 71 72
44 46 57
44 46 57 59
44 46 57 59 61
44 46 57 59 61 77
44 46 57 59 61 75 76
44 46 57 59 60 61
44 46 57 59 60 61 77
44 46 57 59 60 61 75 76
44 46 50 57 59 61
44 46 50 57 59 60 61
44 46 48 57 59
44 46 47 57 59
44 46 47 57 59 73
44 46 47 57 59 71 72
42
42 59 71 73 78
42 59 71 73 76 77
42 59 71 72 78
42 59 71 72 76 77
42 59 69 70 73 78
42 59 69 70 73 76 77
42 59 69 70 71 72 78
42 59 69 70 71 72 76 77
42 59 61
42 57 73
42 57 71 72
42 57 61 73 78
42 57 61 73 76 77
42 57 61 71 72 78
42 57 61 71 72 76 77
42 57 59 73
42 57 59 73 78
42 57 59 73 76 77
42 57 59 71 72
42 57 59 71 72 78
42 57 59 71 72 76 77
42 57 59 61 73
42 57 59 61 73 78
42 57 59 61 73 78 79
42 57 59 61 73 77
42 57 59 61 73 76 77
42 57 59 61 73 75 76
42 57 59 61 71 72
42 57 59 61 71 72 78
42 57 59 61 71 72 78 79
42 57 59 61 71 72 77
42 57 59 61 71 72 76 77
42 57 59 61 71 72 75 76
42 57 59 61 63 73 78
42 57 59 61 63 73 76 77
42 57 59 61 63 71 72 78
42 57 59 61 63 71 72 76 77
42 57 59 61 62 73 78
42 57 59 61 62 73 76 77
42 57 59 61 62 71 72 78
42 57 59 61 62 71 72 76 77
42 57 59 60 73
42 57 59 60 71 72
42 57 59 60 63 73 78
42 57 59 60 63 73 76 77
42 57 59 60 63 71 72 78
42 57 59 60 63 71 72 76 77
42 57 59 60 61 73 78 79
42 57 59 60 61 73 77
42 57 59 60 61 73 75 76
42 57 59 60 61 71 72 78 79
42 57 59 60 61 71 72 77
42 57 59 60 61 71 72 75 76
42 57 59 60 61 62 73 78
42 57 59 60 61 62 73 76 77
42 57 59 60 61 62 71 72 78
42 57 59 60 61 62 71 72 76 77
42 53
42 53 57 59 61 73
42 53 57 59 61 71 72
42 53 57 59 60 61 73
42 53 57 59 60 61 71 72
42 51 59 71 73
42 51 59 71 72
42 51 59 69 70 73
42 51 59 69 70 71 72
42 51 57 61 73
42 51 57 61 71 72
42 51 57 59 73
42 51 57 59 71 72
42 51 57 59 61 73
42 51 57 59 61 71 72
42 51 57 59 61 63 73
42 51 57 59 61 63 71 72
42 51 57 59 61 62 73
42 51 57 59 61 62 71 72
42 51 57 59 60 63 73
42 51 57 59 60 63 71 72
42 51 57 59 60 61 62 73
42 51 57 59 60 61 62 71 72
42 51 52
42 50 57 59 61 73
42 50 57 59 61 71 72
42 50 57 59 60 61 73
42 50 57 59 60 61 71 72
42 46 59 71 78
42 46 59 71 76 77
42 46 59 69 70 78
42 46 59 69 70 76 77
42 46 57
42 46 57 61 78
42 46 57 61 76 77
42 46 57 59
42 46 57 59 78
42 46 57 59 76 77
42 46 57 59 61
42 46 57 59 61 78
42 46 57 59 61 78 79
42 46 57 59 61 77
42 46 57 59 61 76 77
42 46 57 59 61 75 76
42 46 57 59 61 63 78
42 46 57 59 61 63 76 77
42 46 57 59 61 62 78
42 46 57 59 61 62 76 77
42 46 57 59 60
42 46 57 59 60 63 78
42 46 57 59 60 63 76 77
42 46 57 59 60 61 78 79
42 46 57 59 60 61 77
42 46 57 59 60 61 75 76
42 46 57 59 60 61 62 78
42 46 57 59 60 61 62 76 77
42 46 53 57 59 61
42 46 53 57 59 60 61
42 46 51 59 71
42 46 51 59 69 70
42 46 51 57 61
42 46 51 57 59
42 46 51 57 59 61
42 46 51 57 59 61 63
42 46 51 57 59 61 62
42 46 51 57 59 60 63
42 46 51 57 59 60 61 62
42 46 50 57 59 61
42 46 50 57 59 60 61
42 45 57 73
42 45 57 71 72
42 45 57 59 73
42 45 57 59 71 72
42 45 46 57
42 45 46 57 59
42 44
42 44 59 73 78
42 44 59 73 76 77
42 44 59 71 72 78
42 44 59 71 72 76 77
42 44 57 73
42 44 57 71 72
42 44 57 59 73
42 44 57 59 71 72
42 44 51 59 73
42 44 51 59 71 72
42 44 46 59 78
42 44 46 59 76 77
42 44 46 57
42 44 46 57 59
42 44 46 51 59
42 43
42 43 69
42 43 67 68
42 43 57 59 61 73
42 43 57 59 61 73 77
42 43 57 59 61 73 75 76
42 43 57 59 61 71 72
42 43 57 59 61 71 72 77
42 43 57 59 61 71 72 75 76
42 43 57 59 60 61 73
42 43 57 59 60 61 73 77
42 43 57 59 60 61 73 75 76
42 43 57 59 60 61 71 72
42 43 57 59 60 61 71 72 77
42 43 57 59 60 61 71 72 75 76
42 43 50 57 59 61 73
42 43 50 57 59 61 71 72
42 43 50 57 59 60 61 73
42 43 50 57 59 60 61 71 72
42 43 48 57 59 73
42 43 48 57 59 71 72
42 43 46 57 59 61
42 43 46 57 59 61 77
42 43 46 57 59 61 75 76
42 43 46 57 59 60 61
42 43 46 57 59 60 61 77
42 43 46 57 59 60 61 75 76
42 43 46 50 57 59 61
42 43 46 50 57 59 60 61
42 43 46 48 57 59
42 43 46 47 57 59
42 43 46 47 57 59 73
42 43 46 47 57 59 71 72
42 43 44 57 73
42 43 44 57 71 72
42 43 44 57 59 73
42 43 44 57 59 71 72
42 43 44 46 57
42 43 44 46 57 59
40 41 59 73
40 41 59 71 73 78
40 41 59 71 73 76 77
40 41 59 71 72
40 41 59 71 72 78
40 41 59 71 72 76 77
40 41 59 69 70 73 78
40 41 59 69 70 73 76 77
40 41 59 69 70 71 72 78
40 41 59 69 70 71 72 76 77
40 41 59 61
40 41 57 73
40 41 57 71 72
40 41 57 61 73 78
40 41 57 61 73 76 77
40 41 57 61 71 72 78
40 41 57 61 71 72 76 77
40 41 57 59 73
40 41 57 59 73 78
40 41 57 59 73 76 77
40 41 57 59 71 72
40 41 57 59 71 72 78
40 41 57 59 71 72 76 77
40 41 57 59 61 73
40 41 57 59 61 73 78
40 41 57 59 61 73 78 79
40 41 57 59 61 73 77
40 41 57 59 61 73 76 77
40 41 57 59 61 73 75 76
40 41 57 59 61 71 72
40 41 57 59 61 71 72 78
40 41 57 59 61 71 72 78 79
40 41 57 59 61 71 72 77
40 41 57 59 61 71 72 76 77
40 41 57 59 61 71 72 75 76
40 41 57 59 61 63 73 78
40 41 57 59 61 63 73 76 77
40 41 57 59 61 63 71 72 78
40 41 57 59 61 63 71 72 76 77
40 41 57 59 61 62 73 78
40 41 57 59 61 62 73 76 77
40 41 57 59 61 62 71 72 78
40 41 57 59 61 62 71 72 76 77
40 41 57 59 60 73
40 41 57 59 60 71 72
40 41 57 59 60 63 73 78
40 41 57 59 60 63 73 76 77
40 41 57 59 60 63 71 72 78
40 41 57 59 60 63 71 72 76 77
40 41 57 59 60 61 73 78 79
40 41 57 59 60 61 73 77
40 41 57 59 60 61 73 75 76
40 41 57 59 60 61 71 72 78 79
40 41 57 59 60 61 71 72 77
40 41 57 59 60 61 71 72 75 76
40 41 57 59 60 61 62 73 78
40 41 57 59 60 61 62 73 76 77
40 41 57 59 60 61 62 71 72 78
40 41 57 59 60 61 62 71 72 76 77
40 41 53 57 59 61 73
40 41 53 57 59 61 71 72
40 41 53 57 59 60 61 73
40 41 53 57 59 60 61 71 72
40 41 51 59 71 73
40 41 51 59 71 72
40 41 51 59 69 70 73
40 41 51 59 69 70 71 72
40 41 51 57 61 73
40 41 51 57 61 71 72
40 41 51 57 59 73
40 41 51 57 59 71 72
40 41 51 57 59 61 73
40 41 51 57 59 61 71 72
40 41 51 57 59 61 63 73
40 41 51 57 59 61 63 71 72
40 41 51 57 59 61 62 73
40 41 51 57 59 61 62 71 72
40 41 51 57 59 60 63 73
40 41 51 57 59 60 63 71 72
40 41 51 57 59 60 61 62 73
40 41 51 57 59 60 61 62 71 72
40 41 50 57 59 61 73
40 41 50 57 59 61 71 72
40 41 50 57 59 60 61 73
40 41 50 57 59 60 61 71 72
40 41 46 59
40 41 46 59 71 78
40 41 46 59 71 76 77
40 41 46 59 69 70 78
40 41 46 59 69 70 76 77
40 41 46 57
40 41 46 57 61 78
40 41 46 57 61 76 77
40 41 46 57 59
40 41 46 57 59 78
40 41 46 57 59 76 77
40 41 46 57 59 61
40 41 46 57 59 61 78
40 41 46 57 59 61 78 79
40 41 46 57 59 61 77
40 41 46 57 59 61 76 77
40 41 46 57 59 61 75 76
40 41 46 57 59 61 63 78
40 41 46 57 59 61 63 76 77
40 41 46 57 59 61 62 78
40 41 46 57 59 61 62 76 77
40 41 46 57 59 60
40 41 46 57 59 60 63 78
40 41 46 57 59 60 63 76 77
40 41 46 57 59 60 61 78 79
40 41 46 57 59 60 61 77
40 41 46 57 59 60 61 75 76
40 41 46 57 59 60 61 62 78
40 41 46 57 59 60 61 62 76 77
40 41 46 53 57 59 61
40 41 46 53 57 59 60 61
40 41 46 51 59 71
40 41 46 51 59 69 70
40 41 46 51 57 61
40 41 46 51 57 59
40 41 46 51 57 59 61
40 41 46 51 57 59 61 63
40 41 46 51 57 59 61 62
40 41 46 51 57 59 60 63
40 41 46 51 57 59 60 61 62
40 41 46 50 57 59 61
40 41 46 50 57 59 60 61
40 41 45 57 73
40 41 45 57 71 72
40 41 45 57 59 73
40 41 45 57 59 71 72
40 41 45 46 57
40 41 45 46 57 59
40 41 44 59 73 78
40 41 44 59 73 76 77
40 41 44 59 71 72 78
40 41 44 59 71 72 76 77
40 41 44 57 73
40 41 44 57 71 72
40 41 44 57 59 73
40 41 44 57 59 71 72
40 41 44 51 59 73
40 41 44 51 59 71 72
40 41 44 46 59 78
40 41 44 46 59 76 77
40 41 44 46 57
40 41 44 46 57 59
40 41 44 46 51 59
40 41 43 44 57 73
40 41 43 44 57 71 72
40 41 43 44 57 59 73
40 41 43 44 57 59 71 72
40 41 43 44 46 57
40 41 43 44 46 57 59
40 41 42 43 57 73
40 41 42 43 57 71 72
40 41 42 43 57 59 73
40 41 42 43 57 59 71 72
40 41 42 43 46 57
40 41 42 43 46 57 59
38 61 69
38 61 67 68
38 42 61
36 61 69
36 61 67 68
36 42 61
36 42 57 59 61 73 78
36 42 57 59 61 73 76 77
36 42 57 59 61 71 72 78
36 42 57 59 61 71 72 76 77
36 42 57 59 60 73 78
36 42 57 59 60 73 76 77
36 42 57 59 60 71 72 78
36 42 57 59 60 71 72 76 77
36 42 51 57 59 61 73
36 42 51 57 59 61 71 72
36 42 51 57 59 60 73
36 42 51 57 59 60 71 72
36 42 46 57 59 61 78
36 42 46 57 59 61 76 77
36 42 46 57 59 60 78
36 42 46 57 59 60 76 77
36 42 46 51 57 59 61
36 42 46 51 57 59 60
36 40 41 57 59 61 73 78
36 40 41 57 59 61 73 76 77
36 40 41 57 59 61 71 72 78
36 40 41 57 59 61 71 72 76 77
36 40 41 57 59 60 73 78
36 40 41 57 59 60 73 76 77
36 40 41 57 59 60 71 72 78
36 40 41 57 59 60 71 72 76 77
36 40 41 51 57 59 61 73
36 40 41 51 57 59 61 71 72
36 40 41 51 57 59 60 73
36 40 41 51 57 59 60 71 72
36 40 41 46 57 59 61 78
36 40 41 46 57 59 61 76 77
36 40 41 46 57 59 60 78
36 40 41 46 57 59 60 76 77
36 40 41 46 51 57 59 61
36 40 41 46 51 57 59 60
35
34 61
34 44 57 59 61 73
34 44 57 59 61 73 77
34 44 57 59 61 73 75 76
34 44 57 59 61 71 72
34 44 57 59 61 71 72 77
34 44 57 59 61 71 72 75 76
34 44 50 57 59 61 73
34 44 50 57 59 61 71 72
34 44 46 57 59 61
34 44 46 57 59 61 77
34 44 46 57 59 61 75 76
34 44 46 50 57 59 61
34 42 57 73 78
34 42 57 73 76 77
34 42 57 71 72 78
34 42 57 71 72 76 77
34 42 57 59 73
34 42 57 59 73 78
34 42 57 59 73 76 77
34 42 57 59 71 72
34 42 57 59 71 72 78
34 42 57 59 71 72 76 77
34 42 57 59 63 73 78
34 42 57 59 63 73 76 77
34 42 57 59 63 71 72 78
34 42 57 59 63 71 72 76 77
34 42 57 59 61 73 78 79
34 42 57 59 61 73 77
34 42 57 59 61 73 75 76
34 42 57 59 61 71 72 78 79
34 42 57 59 61 71 72 77
34 42 57 59 61 71 72 75 76
34 42 57 59 61 62 73 78
34 42 57 59 61 62 73 76 77
34 42 57 59 61 62 71 72 78
34 42 57 59 61 62 71 72 76 77
34 42 57 59 60 61 73 78 79
34 42 57 59 60 61 71 72 78 79
34 42 53 57 59 61 73
34 42 53 57 59 61 71 72
34 42 53 57 59 60 61 73
34 42 53 57 59 60 61 71 72
34 42 51 57 73
34 42 51 57 71 72
34 42 51 57 59 73
34 42 51 57 59 71 72
34 42 51 57 59 63 73
34 42 51 57 59 63 71 72
34 42 51 57 59 61 62 73
34 42 51 57 59 61 62 71 72
34 42 50 57 59 61 73
34 42 50 57 59 61 71 72
34 42 46 57 78
34 42 46 57 76 77
34 42 46 57 59
34 42 46 57 59 78
34 42 46 57 59 76 77
34 42 46 57 59 63 78
34 42 46 57 59 63 76 77
34 42 46 57 59 61 78 79
34 42 46 57 59 61 77
34 42 46 57 59 61 75 76
34 42 46 57 59 61 62 78
34 42 46 57 59 61 62 76 77
34 42 46 57 59 60 61 78 79
34 42 46 53 57 59 61
34 42 46 53 57 59 60 61
34 42 46 51 57
34 42 46 51 57 59
34 42 46 51 57 59 63
34 42 46 51 57 59 61 62
34 42 46 50 57 59 61
34 42 43 57 59 61 73
34 42 43 57 59 61 73 77
34 42 43 57 59 61 73 75 76
34 42 43 57 59 61 71 72
34 42 43 57 59 61 71 72 77
34 42 43 57 59 61 71 72 75 76
34 42 43 50 57 59 61 73
34 42 43 50 57 59 61 71 72
34 42 43 46 57 59 61
34 42 43 46 57 59 61 77
34 42 43 46 57 59 61 75 76
34 42 43 46 50 57 59 61
34 40 41 57 73 78
34 40 41 57 73 76 77
34 40 41 57 71 72 78
34 40 41 57 71 72 76 77
34 40 41 57 59 73
34 40 41 57 59 73 78
34 40 41 57 59 73 76 77
34 40 41 57 59 71 72
34 40 41 57 59 71 72 78
34 40 41 57 59 71 72 76 77
34 40 41 57 59 63 73 78
34 40 41 57 59 63 73 76 77
34 40 41 57 59 63 71 72 78
34 40 41 57 59 63 71 72 76 77
34 40 41 57 59 61 73 78 79
34 40 41 57 59 61 73 77
34 40 41 57 59 61 73 75 76
34 40 41 57 59 61 71 72 78 79
34 40 41 57 59 61 71 72 77
34 40 41 57 59 61 71 72 75 76
34 40 41 57 59 61 62 73 78
34 40 41 57 59 61 62 73 76 77
34 40 41 57 59 61 62 71 72 78
34 40 41 57 59 61 62 71 72 76 77
34 40 41 57 59 60 61 73 78 79
34 40 41 57 59 60 61 71 72 78 79
34 40 41 53 57 59 61 73
34 40 41 53 57 59 61 71 72
34 40 41 53 57 59 60 61 73
34 40 41 53 57 59 60 61 71 72
34 40 41 51 57 73
34 40 41 51 57 71 72
34 40 41 51 57 59 73
34 40 41 51 57 59 71 72
34 40 41 51 57 59 63 73
34 40 41 51 57 59 63 71 72
34 40 41 51 57 59 61 62 73
34 40 41 51 57 59 61 62 71 72
34 40 41 50 57 59 61 73
34 40 41 50 57 59 61 71 72
34 40 41 46 57 78
34 40 41 46 57 76 77
34 40 41 46 57 59
34 40 41 46 57 59 78
34 40 41 46 57 59 76 77
34 40 41 46 57 59 63 78
34 40 41 46 57 59 63 76 77
34 40 41 46 57 59 61 78 79
34 40 41 46 57 59 61 77
34 40 41 46 57 59 61 75 76
34 40 41 46 57 59 61 62 78
34 40 41 46 57 59 61 62 76 77
34 40 41 46 57 59 60 61 78 79
34 40 41 46 53 57 59 61
34 40 41 46 53 57 59 60 61
34 40 41 46 51 57
34 40 41 46 51 57 59
34 40 41 46 51 57 59 63
34 40 41 46 51 57 59 61 62
34 40 41 46 50 57 59 61
34 36 42 57 59 73 78
34 36 42 57 59 73 76 77
34 36 42 57 59 71 72 78
34 36 42 57 59 71 72 76 77
34 36 42 51 57 59 73
34 36 42 51 57 59 71 72
34 36 42 46 57 59 78
34 36 42 46 57 59 76 77
34 36 42 46 51 57 59
34 36 40 41 57 59 73 78
34 36 40 41 57 59 73 76 77
34 36 40 41 57 59 71 72 78
34 36 40 41 57 59 71 72 76 77
34 36 40 41 51 57 59 73
34 36 40 41 51 57 59 71 72
34 36 40 41 46 57 59 78
34 36 40 41 46 57 59 76 77
34 36 40 41 46 51 57 59
30 42 57 73
30 42 57 71 72
30 42 57 59 73
30 42 57 59 71 72
30 42 46 57
30 42 46 57 59
30 40 41 57 73
30 40 41 57 71 72
30 40 41 57 59 73
30 40 41 57 59 71 72
30 40 41 46 57
30 40 41 46 57 59
29 44 57 73
29 44 57 71 72
29 44 57 59 73
29 44 57 59 71 72
29 44 46 57
29 44 46 57 59
29 42 43 57 73
29 42 43 57 71 72
29 42 43 57 59 73
29 42 43 57 59 71 72
29 42 43 46 57
29 42 43 46 57 59
28 29 42 57 73
28 29 42 57 71 72
28 29 42 57 59 73
28 29 42 57 59 71 72
28 29 42 46 57
28 29 42 46 57 59
28 29 40 41 57 73
28 29 40 41 57 71 72
28 29 40 41 57 59 73
28 29 40 41 57 59 71 72
28 29 40 41 46 57
28 29 40 41 46 57 59
27 28 44 57 73
27 28 44 57 71 72
27 28 44 57 59 73
27 28 44 57 59 71 72
27 28 44 46 57
27 28 44 46 57 59
27 28 42 43 57 73
27 28 42 43 57 71 72
27 28 42 43 57 59 73
27 28 42 43 57 59 71 72
27 28 42 43 46 57
27 28 42 43 46 57 59
26 69
26 67 68
26 42
21 44 57 59 73
21 44 57 59 71 72
21 44 46 57 59
21 42 43 57 59 73
21 42 43 57 59 71 72
21 42 43 46 57 59
20
20 69
20 67
20 67 68
20 65 66
20 42
20 40
18 42 57 59 61 73 78 79
18 42 57 59 61 71 72 78 79
18 42 57 59 60 61 73 78 79
18 42 57 59 60 61 71 72 78 79
18 42 53 57 59 61 73
18 42 53 57 59 61 71 72
18 42 53 57 59 60 61 73
18 42 53 57 59 60 61 71 72
18 42 46 57 59 61 78 79
18 42 46 57 59 60 61 78 79
18 42 46 53 57 59 61
18 42 46 53 57 59 60 61
18 40 41 57 59 61 73 78 79
18 40 41 57 59 61 71 72 78 79
18 40 41 57 59 60 61 73 78 79
18 40 41 57 59 60 61 71 72 78 79
18 40 41 53 57 59 61 73
18 40 41 53 57 59 61 71 72
18 40 41 53 57 59 60 61 73
18 40 41 53 57 59 60 61 71 72
18 40 41 46 57 59 61 78 79
18 40 41 46 57 59 60 61 78 79
18 40 41 46 53 57 59 61
18 40 41 46 53 57 59 60 61
18 34 42 57 59 61 73 78 79
18 34 42 57 59 61 71 72 78 79
18 34 42 53 57 59 61 73
18 34 42 53 57 59 61 71 72
18 34 42 46 57 59 61 78 79
18 34 42 46 53 57 59 61
18 34 40 41 57 59 61 73 78 79
18 34 40 41 57 59 61 71 72 78 79
18 34 40 41 53 57 59 61 73
18 34 40 41 53 57 59 61 71 72
18 34 40 41 46 57 59 61 78 79
18 34 40 41 46 53 57 59 61
17 69
17 67 68
17 57 73
17 57 71 72
17 57 59 73
17 57 59 71 72
17 57 59 61 73
17 57 59 61 73 77
17 57 59 61 73 75 76
17 57 59 61 71 72
17 57 59 61 71 72 77
17 57 59 61 71 72 75 76
17 57 59 60 61 73
17 57 59 60 61 73 77
17 57 59 60 61 73 75 76
17 57 59 60 61 71 72
17 57 59 60 61 71 72 77
17 57 59 60 61 71 72 75 76
17 50 57 59 61 73
17 50 57 59 61 71 72
17 50 57 59 60 61 73
17 50 57 59 60 61 71 72
17 48 57 59 73
17 48 57 59 71 72
17 46 57
17 46 57 59
17 46 57 59 61
17 46 57 59 61 77
17 46 57 59 61 75 76
17 46 57 59 60 61
17 46 57 59 60 61 77
17 46 57 59 60 61 75 76
17 46 50 57 59 61
17 46 50 57 59 60 61
17 46 48 57 59
17 46 47 57 59
17 46 47 57 59 73
17 46 47 57 59 71 72
17 42
17 42 57 73
17 42 57 71 72
17 42 57 59 73
17 42 57 59 71 72
17 42 46 57
17 42 46 57 59
17 40 41 57 73
17 40 41 57 71 72
17 40 41 57 59 73
17 40 41 57 59 71 72
17 40 41 46 57
17 40 41 46 57 59
17 34 57 59 61 73
17 34 57 59 61 73 77
17 34 57 59 61 73 75 76
17 34 57 59 61 71 72
17 34 57 59 61 71 72 77
17 34 57 59 61 71 72 75 76
17 34 50 57 59 61 73
17 34 50 57 59 61 71 72
17 34 46 57 59 61
17 34 46 57 59 61 77
17 34 46 57 59 61 75 76
17 34 46 50 57 59 61
17 29 57 73
17 29 57 71 72
17 29 57 59 73
17 29 57 59 71 72
17 29 46 57
17 29 46 57 59
17 27 28 57 73
17 27 28 57 71 72
17 27 28 57 59 73
17 27 28 57 59 71 72
17 27 28 46 57
17 27 28 46 57 59
17 21 57 59 73
17 21 57 59 71 72
17 21 46 57 59
16 17 42 57 59 61 73 78 79
16 17 42 57 59 61 71 72 78 79
16 17 42 57 59 60 61 73 78 79
16 17 42 57 59 60 61 71 72 78 79
16 17 42 53 57 59 61 73
16 17 42 53 57 59 61 71 72
16 17 42 53 57 59 60 61 73
16 17 42 53 57 59 60 61 71 72
16 17 42 46 57 59 61 78 79
16 17 42 46 57 59 60 61 78 79
16 17 42 46 53 57 59 61
16 17 42 46 53 57 59 60 61
16 17 40 41 57 59 61 73 78 79
16 17 40 41 57 59 61 71 72 78 79
16 17 40 41 57 59 60 61 73 78 79
16 17 40 41 57 59 60 61 71 72 78 79
16 17 40 41 53 57 59 61 73
16 17 40 41 53 57 59 61 71 72
16 17 40 41 53 57 59 60 61 73
16 17 40 41 53 57 59 60 61 71 72
16 17 40 41 46 57 59 61 78 79
16 17 40 41 46 57 59 60 61 78 79
16 17 40 41 46 53 57 59 61
16 17 40 41 46 53 57 59 60 61
16 17 34 42 57 59 61 73 78 79
16 17 34 42 57 59 61 71 72 78 79
16 17 34 42 53 57 59 61 73
16 17 34 42 53 57 59 61 71 72
16 17 34 42 46 57 59 61 78 79
16 17 34 42 46 53 57 59 61
16 17 34 40 41 57 59 61 73 78 79
16 17 34 40 41 57 59 61 71 72 78 79
16 17 34 40 41 53 57 59 61 73
16 17 34 40 41 53 57 59 61 71 72
16 17 34 40 41 46 57 59 61 78 79
16 17 34 40 41 46 53 57 59 61
15 59 73
15 59 71 73 78
15 59 71 73 76 77
15 59 71 72
15 59 71 72 78
15 59 71 72 76 77
15 59 69 70 73 78
15 59 69 70 73 76 77
15 59 69 70 71 72 78
15 59 69 70 71 72 76 77
15 59 61
15 57 73
15 57 71 72
15 57 61 73 78
15 57 61 73 76 77
15 57 61 71 72 78
15 57 61 71 72 76 77
15 57 59 73
15 57 59 73 78
15 57 59 73 76 77
15 57 59 71 72
15 57 59 71 72 78
15 57 59 71 72 76 77
15 57 59 61 73
15 57 59 61 73 78
15 57 59 61 73 78 79
15 57 59 61 73 77
15 57 59 61 73 76 77
15 57 59 61 73 75 76
15 57 59 61 71 72
15 57 59 61 71 72 78
15 57 59 61 71 72 78 79
15 57 59 61 71 72 77
15 57 59 61 71 72 76 77
15 57 59 61 71 72 75 76
15 57 59 61 63 73 78
15 57 59 61 63 73 76 77
15 57 59 61 63 71 72 78
15 57 59 61 63 71 72 76 77
15 57 59 61 62 73 78
15 57 59 61 62 73 76 77
15 57 59 61 62 71 72 78
15 57 59 61 62 71 72 76 77
15 57 59 60 73
15 57 59 60 71 72
15 57 59 60 63 73 78
15 57 59 60 63 73 76 77
15 57 59 60 63 71 72 78
15 57 59 60 63 71 72 76 77
15 57 59 60 61 73 78 79
15 57 59 60 61 73 77
15 57 59 60 61 73 75 76
15 57 59 60 61 71 72 78 79
15 57 59 60 61 71 72 77
15 57 59 60 61 71 72 75 76
15 57 59 60 61 62 73 78
15 57 59 60 61 62 73 76 77
15 57 59 60 61 62 71 72 78
15 57 59 60 61 62 71 72 76 77
15 53 57 59 61 73
15 53 57 59 61 71 72
15 53 57 59 60 61 73
15 53 57 59 60 61 71 72
15 51 59 71 73
15 51 59 71 72
15 51 59 69 70 73
15 51 59 69 70 71 72
15 51 57 61 73
15 51 57 61 71 72
15 51 57 59 73
15 51 57 59 71 72
15 51 57 59 61 73
15 51 57 59 61 71 72
15 51 57 59 61 63 73
15 51 57 59 61 63 71 72
15 51 57 59 61 62 73
15 51 57 59 61 62 71 72
15 51 57 59 60 63 73
15 51 57 59 60 63 71 72
15 51 57 59 60 61 62 73
15 51 57 59 60 61 62 71 72
15 50 57 59 61 73
15 50 57 59 61 71 72
15 50 57 59 60 61 73
15 50 57 59 60 61 71 72
15 46 59
15 46 59 71 78
15 46 59 71 76 77
15 46 59 69 70 78
15 46 59 69 70 76 77
15 46 57
15 46 57 61 78
15 46 57 61 76 77
15 46 57 59
15 46 57 59 78
15 46 57 59 76 77
15 46 57 59 61
15 46 57 59 61 78
15 46 57 59 61 78 79
15 46 57 59 61 77
15 46 57 59 61 76 77
15 46 57 59 61 75 76
15 46 57 59 61 63 78
15 46 57 59 61 63 76 77
15 46 57 59 61 62 78
15 46 57 59 61 62 76 77
15 46 57 59 60
15 46 57 59 60 63 78
15 46 57 59 60 63 76 77
15 46 57 59 60 61 78 79
15 46 57 59 60 61 77
15 46 57 59 60 61 75 76
15 46 57 59 60 61 62 78
15 46 57 59 60 61 62 76 77
15 46 53 57 59 61
15 46 53 57 59 60 61
15 46 51 59 71
15 46 51 59 69 70
15 46 51 57 61
15 46 51 57 59
15 46 51 57 59 61
15 46 51 57 59 61 63
15 46 51 57 59 61 62
15 46 51 57 59 60 63
15 46 51 57 59 60 61 62
15 46 50 57 59 61
15 46 50 57 59 60 61
15 45 57 73
15 45 57 71 72
15 45 57 59 73
15 45 57 59 71 72
15 45 46 57
15 45 46 57 59
15 44 59 73 78
15 44 59 73 76 77
15 44 59 71 72 78
15 44 59 71 72 76 77
15 44 57 73
15 44 57 71 72
15 44 57 59 73
15 44 57 59 71 72
15 44 51 59 73
15 44 51 59 71 72
15 44 46 59 78
15 44 46 59 76 77
15 44 46 57
15 44 46 57 59
15 44 46 51 59
15 43 44 57 73
15 43 44 57 71 72
15 43 44 57 59 73
15 43 44 57 59 71 72
15 43 44 46 57
15 43 44 46 57 59
15 42 43 57 73
15 42 43 57 71 72
15 42 43 57 59 73
15 42 43 57 59 71 72
15 42 43 46 57
15 42 43 46 57 59
15 36 57 59 61 73 78
15 36 57 59 61 73 76 77
15 36 57 59 61 71 72 78
15 36 57 59 61 71 72 76 77
15 36 57 59 60 73 78
15 36 57 59 60 73 76 77
15 36 57 59 60 71 72 78
15 36 57 59 60 71 72 76 77
15 36 51 57 59 61 73
15 36 51 57 59 61 71 72
15 36 51 57 59 60 73
15 36 51 57 59 60 71 72
15 36 46 57 59 61 78
15 36 46 57 59 61 76 77
15 36 46 57 59 60 78
15 36 46 57 59 60 76 77
15 36 46 51 57 59 61
15 36 46 51 57 59 60
15 34 57 73 78
15 34 57 73 76 77
15 34 57 71 72 78
15 34 57 71 72 76 77
15 34 57 59 73
15 34 57 59 73 78
15 34 57 59 73 76 77
15 34 57 59 71 72
15 34 57 59 71 72 78
15 34 57 59 71 72 76 77
15 34 57 59 63 73 78
15 34 57 59 63 73 76 77
15 34 57 59 63 71 72 78
15 34 57 59 63 71 72 76 77
15 34 57 59 61 73 78 79
15 34 57 59 61 73 77
15 34 57 59 61 73 75 76
15 34 57 59 61 71 72 78 79
15 34 57 59 61 71 72 77
15 34 57 59 61 71 72 75 76
15 34 57 59 61 62 73 78
15 34 57 59 61 62 73 76 77
15 34 57 59 61 62 71 72 78
15 34 57 59 61 62 71 72 76 77
15 34 57 59 60 61 73 78 79
15 34 57 59 60 61 71 72 78 79
15 34 53 57 59 61 73
15 34 53 57 59 61 71 72
15 34 53 57 59 60 61 73
15 34 53 57 59 60 61 71 72
15 34 51 57 73
15 34 51 57 71 72
15 34 51 57 59 73
15 34 51 57 59 71 72
15 34 51 57 59 63 73
15 34 51 57 59 63 71 72
15 34 51 57 59 61 62 73
15 34 51 57 59 61 62 71 72
15 34 50 57 59 61 73
15 34 50 57 59 61 71 72
15 34 46 57 78
15 34 46 57 76 77
15 34 46 57 59
15 34 46 57 59 78
15 34 46 57 59 76 77
15 34 46 57 59 63 78
15 34 46 57 59 63 76 77
15 34 46 57 59 61 78 79
15 34 46 57 59 61 77
15 34 46 57 59 61 75 76
15 34 46 57 59 61 62 78
15 34 46 57 59 61 62 76 77
15 34 46 57 59 60 61 78 79
15 34 46 53 57 59 61
15 34 46 53 57 59 60 61
15 34 46 51 57
15 34 46 51 57 59
15 34 46 51 57 59 63
15 34 46 51 57 59 61 62
15 34 46 50 57 59 61
15 34 36 57 59 73 78
15 34 36 57 59 73 76 77
15 34 36 57 59 71 72 78
15 34 36 57 59 71 72 76 77
15 34 36 51 57 59 73
15 34 36 51 57 59 71 72
15 34 36 46 57 59 78
15 34 36 46 57 59 76 77
15 34 36 46 51 57 59
15 30 57 73
15 30 57 71 72
15 30 57 59 73
15 30 57 59 71 72
15 30 46 57
15 30 46 57 59
15 28 29 57 73
15 28 29 57 71 72
15 28 29 57 59 73
15 28 29 57 59 71 72
15 28 29 46 57
15 28 29 46 57 59
15 18 57 59 61 73 78 79
15 18 57 59 61 71 72 78 79
15 18 57 59 60 61 73 78 79
15 18 57 59 60 61 71 72 78 79
15 18 53 57 59 61 73
15 18 53 57 59 61 71 72
15 18 53 57 59 60 61 73
15 18 53 57 59 60 61 71 72
15 18 46 57 59 61 78 79
15 18 46 57 59 60 61 78 79
15 18 46 53 57 59 61
15 18 46 53 57 59 60 61
15 18 34 57 59 61 73 78 79
15 18 34 57 59 61 71 72 78 79
15 18 34 53 57 59 61 73
15 18 34 53 57 59 61 71 72
15 18 34 46 57 59 61 78 79
15 18 34 46 53 57 59 61
15 17 57 73
15 17 57 71 72
15 17 57 59 73
15 17 57 59 71 72
15 17 46 57
15 17 46 57 59
15 16 17 57 59 61 73 78 79
15 16 17 57 59 61 71 72 78 79
15 16 17 57 59 60 61 73 78 79
15 16 17 57 59 60 61 71 72 78 79
15 16 17 53 57 59 61 73
15 16 17 53 57 59 61 71 72
15 16 17 53 57 59 60 61 73
15 16 17 53 57 59 60 61 71 72
15 16 17 46 57 59 61 78 79
15 16 17 46 57 59 60 61 78 79
15 16 17 46 53 57 59 61
15 16 17 46 53 57 59 60 61
15 16 17 34 57 59 61 73 78 79
15 16 17 34 57 59 61 71 72 78 79
15 16 17 34 53 57 59 61 73
15 16 17 34 53 57 59 61 71 72
15 16 17 34 46 57 59 61 78 79
15 16 17 34 46 53 57 59 61
10 61
8 34 68 69
8 34 67 68
8 34 42 68
3 42 57 73
3 42 57 71 72
3 42 57 59 73
3 42 57 59 71 72
3 42 46 57
3 42 46 57 59
3 40 41 57 73
3 40 41 57 71 72
3 40 41 57 59 73
3 40 41 57 59 71 72
3 40 41 46 57
3 40 41 46 57 59
3 15 57 73
3 15 57 71 72
3 15 57 59 73
3 15 57 59 71 72
3 15 46 57
3 15 46 57 59
2 44 57 73
2 44 57 71 72
2 44 57 59 73
2 44 57 59 71 72
2 44 46 57
2 44 46 57 59
2 42 43 57 73
2 42 43 57 71 72
2 42 43 57 59 73
2 42 43 57 59 71 72
2 42 43 46 57
2 42 43 46 57 59
2 17 57 73
2 17 57 71 72
2 17 57 59 73
2 17 57 59 71 72
2 17 46 57
2 17 46 57 59
1 69
1 67 68
1 61 69
1 61 67 68
1 42
1 42 61
1 20 69
1 20 67 68
1 20 42

