69
67 68
61 77
61 74 75
61 73 74 76
61 73 74 75
61 69
61 67 68
59 61 63 73
59 61 63 71 72
59 61 62 73
59 61 62 71 72
59 60 61
59 60 61 77
59 60 61 74 75
59 60 61 73 74 76
59 60 61 73 74 75
57 63 73 78 79
57 63 71 72 78 79
57 61 62 73 78 79
57 61 62 71 72 78 79
57 59 61
57 59 61 65
57 59 61 63 73
57 59 61 63 71 72
57 59 61 63 65 73
57 59 61 63 65 71 72
57 59 61 62 73
57 59 61 62 71 72
57 59 61 62 65 73
57 59 61 62 65 71 72
53 57 63 73
53 57 63 71 72
53 57 61 62 73
53 57 61 62 71 72
50 61
50 59 60 61
49 61 75
49 61 73 74
49 59 61 73
49 59 61 71 72
49 59 60 61 75
49 59 60 61 73
49 59 60 61 73 74
49 59 60 61 71 72
49 57 59 61 73
49 57 59 61 71 72
49 57 59 61 65 73
49 57 59 61 65 71 72
49 57 59 60 61 73
49 57 59 60 61 71 72
49 57 59 60 61 65 73
49 57 59 60 61 65 71 72
48 61
48 61 76
48 61 74 75
48 59 60 61 76
48 59 60 61 74 75
48 49 61
48 49 59 60 61
47 48 59 61 73
47 48 59 61 71 72
47 48 59 60 61 73
47 48 59 60 61 71 72
47 48 57 59 61 73
47 48 57 59 61 71 72
47 48 57 59 61 65 73
47 48 57 59 61 65 71 72
47 48 57 59 60 61 73
47 48 57 59 60 61 71 72
47 48 57 59 60 61 65 73
47 48 57 59 60 61 65 71 72
46 59 61 63
46 59 61 62
46 57 63 78 79
46 57 61 62 78 79
46 57 59 61 63
46 57 59 61 63 65
46 57 59 61 62
46 57 59 61 62 65
46 53 57 63
46 53 57 61 62
46 49 59 61
46 49 59 60 61
46 49 57 59 61
46 49 57 59 61 65
46 49 57 59 60 61
46 49 57 59 60 61 65
46 47 61
46 47 48 59 61
46 47 48 59 60 61
46 47 48 57 59 61
46 47 48 57 59 61 65
46 47 48 57 59 60 61
46 47 48 57 59 60 61 65
44 61 73
44 61 71 72
44 59 63 73
44 59 63 71 72
44 59 61 73
44 59 61 71 73
44 59 61 71 73 78
44 59 61 71 73 76 77
44 59 61 71 72 78
44 59 61 71 72 76 77
44 59 61 69 70 73
44 59 61 69 70 73 78
44 59 61 69 70 73 76 77
44 59 61 69 70 71 72
44 59 61 69 70 71 72 78
44 59 61 69 70 71 72 76 77
44 59 61 63 73 78
44 59 61 63 73 76 77
44 59 61 63 71 72 78
44 59 61 63 71 72 76 77
44 59 61 62 73
44 59 61 62 73 78
44 59 61 62 73 76 77
44 59 61 62 71 72
44 59 61 62 71 72 78
44 59 61 62 71 72 76 77
44 59 60 73
44 59 60 71 72
44 59 60 61 73 78
44 59 60 61 73 76 77
44 59 60 61 71 73
44 59 60 61 71 73 78
44 59 60 61 71 73 76 77
44 59 60 61 71 72
44 59 60 61 69 70 73
44 59 60 61 69 70 73 78
44 59 60 61 69 70 73 76 77
44 59 60 61 69 70 71 72
44 59 60 61 69 70 71 72 78
44 59 60 61 69 70 71 72 76 77
44 57 61 63 73
44 57 61 63 71 72
44 57 61 62 73
44 57 61 62 71 72
44 57 59 61 73
44 57 59 61 71 72
44 57 59 60 73
44 57 59 60 71 72
44 51 59 61 71 73
44 51 59 61 71 72
44 51 59 61 69 70 73
44 51 59 61 69 70 71 72
44 51 59 61 63 73
44 51 59 61 63 71 72
44 51 59 61 62 73
44 51 59 61 62 71 72
44 51 59 60 61 73
44 51 59 60 61 71 73
44 51 59 60 61 69 70 73
44 51 59 60 61 69 70 71 72
44 48 59 61 73
44 48 59 61 73 78
44 48 59 61 73 76 77
44 48 59 61 71 72
44 48 59 61 71 72 78
44 48 59 61 71 72 76 77
44 48 51 59 61 73
44 48 51 59 61 71 72
44 46 61
44 46 59 63
44 46 59 61
44 46 59 61 71
44 46 59 61 71 78
44 46 59 61 71 76 77
44 46 59 61 69 70
44 46 59 61 69 70 78
44 46 59 61 69 70 76 77
44 46 59 61 63 78
44 46 59 61 63 76 77
44 46 59 61 62
44 46 59 61 62 78
44 46 59 61 62 76 77
44 46 59 60
44 46 59 60 61 78
44 46 59 60 61 76 77
44 46 59 60 61 71
44 46 59 60 61 71 78
44 46 59 60 61 71 76 77
44 46 59 60 61 69 70
44 46 59 60 61 69 70 78
44 46 59 60 61 69 70 76 77
44 46 57 61 63
44 46 57 61 62
44 46 57 59 61
44 46 57 59 60
44 46 51 59 61 71
44 46 51 59 61 69 70
44 46 51 59 61 63
44 46 51 59 61 62
44 46 51 59 60 61
44 46 51 59 60 61 71
44 46 51 59 60 61 69 70
44 46 48 59 61
44 46 48 59 61 78
44 46 48 59 61 76 77
44 46 48 51 59 61
44 46 47 59 61
44 46 47 59 61 78
44 46 47 59 61 76 77
44 46 47 59 61 73
44 46 47 59 61 73 78
44 46 47 59 61 73 76 77
44 46 47 59 61 71 72
44 46 47 59 61 71 72 78
44 46 47 59 61 71 72 76 77
44 46 47 51 59 61
44 46 47 51 59 61 73
44 46 47 51 59 61 71 72
42
42 61
42 59 71 73
42 59 71 72
42 59 69 70 73
42 59 69 70 71 72
42 59 61 73
42 59 61 71 73 78
42 59 61 71 73 76 77
42 59 61 71 72
42 59 61 71 72 78
42 59 61 71 72 76 77
42 59 61 69 70 73 78
42 59 61 69 70 73 76 77
42 59 61 69 70 71 72 78
42 59 61 69 70 71 72 76 77
42 59 61 65 73
42 59 61 65 71 72
42 59 61 63 64 73
42 59 61 63 64 71 72
42 59 61 62 73
42 59 61 62 71 72
42 59 61 62 63 73
42 59 61 62 63 71 72
42 59 60 71 73 78
42 59 60 71 73 76 77
42 59 60 71 72 78
42 59 60 71 72 76 77
42 59 60 69 70 73 78
42 59 60 69 70 73 76 77
42 59 60 69 70 71 72 78
42 59 60 69 70 71 72 76 77
42 59 60 61 73
42 59 60 61 71 72
42 59 60 61 63 73
42 59 60 61 63 71 72
42 59 60 61 62 73
42 59 60 61 62 71 72
42 58 59 61 65 73
42 58 59 61 65 71 72
42 58 59 61 63 73
42 58 59 61 63 71 72
42 58 59 61 63 64 73
42 58 59 61 63 64 71 72
42 58 59 61 62 73
42 58 59 61 62 71 72
42 58 59 60 61 65 73
42 58 59 60 61 65 71 72
42 58 59 60 61 63 73
42 58 59 60 61 63 71 72
42 58 59 60 61 63 64 73
42 58 59 60 61 63 64 71 72
42 58 59 60 61 62 73
42 58 59 60 61 62 71 72
42 57 61 78
42 57 61 76 77
42 57 59 78
42 57 59 76 77
42 57 59 61 73
42 57 59 61 71 72
42 57 59 61 65 73
42 57 59 61 65 71 72
42 57 59 61 63 64 73
42 57 59 61 63 64 71 72
42 57 59 60 73
42 57 59 60 71 72
42 57 59 60 61 65 73
42 57 59 60 61 65 71 72
42 57 59 60 61 63 64 73
42 57 59 60 61 63 64 71 72
42 51 59 61 71 73
42 51 59 61 71 72
42 51 59 61 69 70 73
42 51 59 61 69 70 71 72
42 51 59 60 71 73
42 51 59 60 71 72
42 51 59 60 69 70 73
42 51 59 60 69 70 71 72
42 51 57 61
42 51 57 59
42 49 59 61 73
42 49 59 61 71 72
42 49 59 60 61 73
42 49 59 60 61 71 72
42 49 57 59 61 73
42 49 57 59 61 71 72
42 49 57 59 60 61 73
42 49 57 59 60 61 71 72
42 47 59 61 63 73
42 47 59 61 63 71 72
42 47 59 61 62 73
42 47 59 61 62 71 72
42 47 48 59 61 73
42 47 48 59 61 71 72
42 47 48 59 60 61 73
42 47 48 59 60 61 71 72
42 47 48 57 59 61 73
42 47 48 57 59 61 71 72
42 47 48 57 59 60 61 73
42 47 48 57 59 60 61 71 72
42 46 59 71
42 46 59 69 70
42 46 59 61
42 46 59 61 71 78
42 46 59 61 71 76 77
42 46 59 61 69 70 78
42 46 59 61 69 70 76 77
42 46 59 61 65
42 46 59 61 63 64
42 46 59 61 62
42 46 59 61 62 63
42 46 59 60 71 78
42 46 59 60 71 76 77
42 46 59 60 69 70 78
42 46 59 60 69 70 76 77
42 46 59 60 61
42 46 59 60 61 63
42 46 59 60 61 62
42 46 58 59 61 65
42 46 58 59 61 63
42 46 58 59 61 63 64
42 46 58 59 61 62
42 46 58 59 60 61 65
42 46 58 59 60 61 63
42 46 58 59 60 61 63 64
42 46 58 59 60 61 62
42 46 57 59 61
42 46 57 59 61 65
42 46 57 59 61 63 64
42 46 57 59 60
42 46 57 59 60 61 65
42 46 57 59 60 61 63 64
42 46 51 59 61 71
42 46 51 59 61 69 70
42 46 51 59 60 71
42 46 51 59 60 69 70
42 46 49 59 61
42 46 49 59 60 61
42 46 49 57 59 61
42 46 49 57 59 60 61
42 46 47 59 61 63
42 46 47 59 61 62
42 46 47 48 59 61
42 46 47 48 59 60 61
42 46 47 48 57 59 61
42 46 47 48 57 59 60 61
42 45 46 59 61 63
42 45 46 59 61 63 73
42 45 46 59 61 63 71 72
42 45 46 59 61 62
42 45 46 59 61 62 73
42 45 46 59 61 62 71 72
42 44 59 73
42 44 59 71 72
42 44 59 61 73 78
42 44 59 61 73 76 77
42 44 59 61 71 72 78
42 44 59 61 71 72 76 77
42 44 59 60 73 78
42 44 59 60 73 76 77
42 44 59 60 71 72 78
42 44 59 60 71 72 76 77
42 44 51 59 61 73
42 44 51 59 61 71 72
42 44 51 59 60 73
42 44 51 59 60 71 72
42 44 46 59
42 44 46 59 61 78
42 44 46 59 61 76 77
42 44 46 59 60 78
42 44 46 59 60 76 77
42 44 46 51 59 61
42 44 46 51 59 60
42 43 61 73
42 43 61 71 72
42 43 59 63 73
42 43 59 63 71 72
42 43 59 61 73 78
42 43 59 61 73 76 77
42 43 59 61 71 73
42 43 59 61 71 73 78
42 43 59 61 71 73 76 77
42 43 59 61 71 72
42 43 59 61 69 70 73
42 43 59 61 69 70 73 78
42 43 59 61 69 70 73 76 77
42 43 59 61 69 70 71 72
42 43 59 61 69 70 71 72 78
42 43 59 61 69 70 71 72 76 77
42 43 59 61 63 73
42 43 59 61 63 73 78
42 43 59 61 63 73 76 77
42 43 59 61 63 71 72
42 43 59 61 63 71 72 78
42 43 59 61 63 71 72 76 77
42 43 59 61 62 73 78
42 43 59 61 62 73 76 77
42 43 59 61 62 71 72 78
42 43 59 61 62 71 72 76 77
42 43 59 60 73
42 43 59 60 71 72
42 43 59 60 61 73
42 43 59 60 61 71 73
42 43 59 60 61 71 73 78
42 43 59 60 61 71 73 76 77
42 43 59 60 61 71 72 78
42 43 59 60 61 71 72 76 77
42 43 59 60 61 69 70 73
42 43 59 60 61 69 70 73 78
42 43 59 60 61 69 70 73 76 77
42 43 59 60 61 69 70 71 72
42 43 59 60 61 69 70 71 72 78
42 43 59 60 61 69 70 71 72 76 77
42 43 57 61 63 73
42 43 57 61 63 71 72
42 43 57 61 62 73
42 43 57 61 62 71 72
42 43 57 59 61 73
42 43 57 59 61 71 72
42 43 57 59 60 73
42 43 57 59 60 71 72
42 43 51 59 61 73
42 43 51 59 61 71 73
42 43 51 59 61 69 70 73
42 43 51 59 61 69 70 71 72
42 43 51 59 61 63 73
42 43 51 59 61 63 71 72
42 43 51 59 61 62 73
42 43 51 59 61 62 71 72
42 43 51 59 60 61 71 73
42 43 51 59 60 61 71 72
42 43 51 59 60 61 69 70 73
42 43 51 59 60 61 69 70 71 72
42 43 48 59 61 73
42 43 48 59 61 73 78
42 43 48 59 61 73 76 77
42 43 48 59 61 71 72
42 43 48 59 61 71 72 78
42 43 48 59 61 71 72 76 77
42 43 48 51 59 61 73
42 43 48 51 59 61 71 72
42 43 46 61
42 43 46 59 63
42 43 46 59 61 78
42 43 46 59 61 76 77
42 43 46 59 61 71
42 43 46 59 61 71 78
42 43 46 59 61 71 76 77
42 43 46 59 61 69 70
42 43 46 59 61 69 70 78
42 43 46 59 61 69 70 76 77
42 43 46 59 61 63
42 43 46 59 61 63 78
42 43 46 59 61 63 76 77
42 43 46 59 61 62 78
42 43 46 59 61 62 76 77
42 43 46 59 60
42 43 46 59 60 61
42 43 46 59 60 61 71
42 43 46 59 60 61 71 78
42 43 46 59 60 61 71 76 77
42 43 46 59 60 61 69 70
42 43 46 59 60 61 69 70 78
42 43 46 59 60 61 69 70 76 77
42 43 46 57 61 63
42 43 46 57 61 62
42 43 46 57 59 61
42 43 46 57 59 60
42 43 46 51 59 61
42 43 46 51 59 61 71
42 43 46 51 59 61 69 70
42 43 46 51 59 61 63
42 43 46 51 59 61 62
42 43 46 51 59 60 61 71
42 43 46 51 59 60 61 69 70
42 43 46 48 59 61
42 43 46 48 59 61 78
42 43 46 48 59 61 76 77
42 43 46 48 51 59 61
42 43 46 47 59 61
42 43 46 47 59 61 78
42 43 46 47 59 61 76 77
42 43 46 47 59 61 73
42 43 46 47 59 61 73 78
42 43 46 47 59 61 73 76 77
42 43 46 47 59 61 71 72
42 43 46 47 59 61 71 72 78
42 43 46 47 59 61 71 72 76 77
42 43 46 47 51 59 61
42 43 46 47 51 59 61 73
42 43 46 47 51 59 61 71 72
42 43 44 59 61 73
42 43 44 59 61 73 78
42 43 44 59 61 73 76 77
42 43 44 59 61 71 72
42 43 44 59 61 71 72 78
42 43 44 59 61 71 72 76 77
42 43 44 59 60 61 73
42 43 44 59 60 61 73 78
42 43 44 59 60 61 73 76 77
42 43 44 59 60 61 71 72
42 43 44 59 60 61 71 72 78
42 43 44 59 60 61 71 72 76 77
42 43 44 51 59 61 73
42 43 44 51 59 61 71 72
42 43 44 51 59 60 61 73
42 43 44 51 59 60 61 71 72
42 43 44 46 59 61
42 43 44 46 59 61 78
42 43 44 46 59 61 76 77
42 43 44 46 59 60 61
42 43 44 46 59 60 61 78
42 43 44 46 59 60 61 76 77
42 43 44 46 51 59 61
42 43 44 46 51 59 60 61
41 42 59 61 63 73
41 42 59 61 63 71 72
41 42 59 61 62 73
41 42 59 61 62 71 72
41 42 46 59 61 63
41 42 46 59 61 62
40 41 59 71 73
40 41 59 71 72
40 41 59 69 70 73
40 41 59 69 70 71 72
40 41 59 61 73
40 41 59 61 71 73 78
40 41 59 61 71 73 76 77
40 41 59 61 71 72
40 41 59 61 71 72 78
40 41 59 61 71 72 76 77
40 41 59 61 69 70 73 78
40 41 59 61 69 70 73 76 77
40 41 59 61 69 70 71 72 78
40 41 59 61 69 70 71 72 76 77
40 41 59 61 65 73
40 41 59 61 65 71 72
40 41 59 61 63 64 73
40 41 59 61 63 64 71 72
40 41 59 61 62 73
40 41 59 61 62 71 72
40 41 59 61 62 63 73
40 41 59 61 62 63 71 72
40 41 59 60 71 73 78
40 41 59 60 71 73 76 77
40 41 59 60 71 72 78
40 41 59 60 71 72 76 77
40 41 59 60 69 70 73 78
40 41 59 60 69 70 73 76 77
40 41 59 60 69 70 71 72 78
40 41 59 60 69 70 71 72 76 77
40 41 59 60 61 73
40 41 59 60 61 71 72
40 41 59 60 61 63 73
40 41 59 60 61 63 71 72
40 41 59 60 61 62 73
40 41 59 60 61 62 71 72
40 41 58 59 61 65 73
40 41 58 59 61 65 71 72
40 41 58 59 61 63 73
40 41 58 59 61 63 71 72
40 41 58 59 61 63 64 73
40 41 58 59 61 63 64 71 72
40 41 58 59 61 62 73
40 41 58 59 61 62 71 72
40 41 58 59 60 61 65 73
40 41 58 59 60 61 65 71 72
40 41 58 59 60 61 63 73
40 41 58 59 60 61 63 71 72
40 41 58 59 60 61 63 64 73
40 41 58 59 60 61 63 64 71 72
40 41 58 59 60 61 62 73
40 41 58 59 60 61 62 71 72
40 41 57 61 78
40 41 57 61 76 77
40 41 57 59 78
40 41 57 59 76 77
40 41 57 59 61 73
40 41 57 59 61 71 72
40 41 57 59 61 65 73
40 41 57 59 61 65 71 72
40 41 57 59 61 63 64 73
40 41 57 59 61 63 64 71 72
40 41 57 59 60 73
40 41 57 59 60 71 72
40 41 57 59 60 61 65 73
40 41 57 59 60 61 65 71 72
40 41 57 59 60 61 63 64 73
40 41 57 59 60 61 63 64 71 72
40 41 51 59 61 71 73
40 41 51 59 61 71 72
40 41 51 59 61 69 70 73
40 41 51 59 61 69 70 71 72
40 41 51 59 60 71 73
40 41 51 59 60 71 72
40 41 51 59 60 69 70 73
40 41 51 59 60 69 70 71 72
40 41 51 57 61
40 41 51 57 59
40 41 49 59 61 73
40 41 49 59 61 71 72
40 41 49 59 60 61 73
40 41 49 59 60 61 71 72
40 41 49 57 59 61 73
40 41 49 57 59 61 71 72
40 41 49 57 59 60 61 73
40 41 49 57 59 60 61 71 72
40 41 47 59 61 63 73
40 41 47 59 61 63 71 72
40 41 47 59 61 62 73
40 41 47 59 61 62 71 72
40 41 47 48 59 61 73
40 41 47 48 59 61 71 72
40 41 47 48 59 60 61 73
40 41 47 48 59 60 61 71 72
40 41 47 48 57 59 61 73
40 41 47 48 57 59 61 71 72
40 41 47 48 57 59 60 61 73
40 41 47 48 57 59 60 61 71 72
40 41 46 59 71
40 41 46 59 69 70
40 41 46 59 61
40 41 46 59 61 71 78
40 41 46 59 61 71 76 77
40 41 46 59 61 69 70 78
40 41 46 59 61 69 70 76 77
40 41 46 59 61 65
40 41 46 59 61 63 64
40 41 46 59 61 62
40 41 46 59 61 62 63
40 41 46 59 60 71 78
40 41 46 59 60 71 76 77
40 41 46 59 60 69 70 78
40 41 46 59 60 69 70 76 77
40 41 46 59 60 61
40 41 46 59 60 61 63
40 41 46 59 60 61 62
40 41 46 58 59 61 65
40 41 46 58 59 61 63
40 41 46 58 59 61 63 64
40 41 46 58 59 61 62
40 41 46 58 59 60 61 65
40 41 46 58 59 60 61 63
40 41 46 58 59 60 61 63 64
40 41 46 58 59 60 61 62
40 41 46 57 59 61
40 41 46 57 59 61 65
40 41 46 57 59 61 63 64
40 41 46 57 59 60
40 41 46 57 59 60 61 65
40 41 46 57 59 60 61 63 64
40 41 46 51 59 61 71
40 41 46 51 59 61 69 70
40 41 46 51 59 60 71
40 41 46 51 59 60 69 70
40 41 46 49 59 61
40 41 46 49 59 60 61
40 41 46 49 57 59 61
40 41 46 49 57 59 60 61
40 41 46 47 59 61 63
40 41 46 47 59 61 62
40 41 46 47 48 59 61
40 41 46 47 48 59 60 61
40 41 46 47 48 57 59 61
40 41 46 47 48 57 59 60 61
40 41 45 46 59 61 63
40 41 45 46 59 61 63 73
40 41 45 46 59 61 63 71 72
40 41 45 46 59 61 62
40 41 45 46 59 61 62 73
40 41 45 46 59 61 62 71 72
40 41 44 59 73
40 41 44 59 71 72
40 41 44 59 61 73 78
40 41 44 59 61 73 76 77
40 41 44 59 61 71 72 78
40 41 44 59 61 71 72 76 77
40 41 44 59 60 73 78
40 41 44 59 60 73 76 77
40 41 44 59 60 71 72 78
40 41 44 59 60 71 72 76 77
40 41 44 51 59 61 73
40 41 44 51 59 61 71 72
40 41 44 51 59 60 73
40 41 44 51 59 60 71 72
40 41 44 46 59
40 41 44 46 59 61 78
40 41 44 46 59 61 76 77
40 41 44 46 59 60 78
40 41 44 46 59 60 76 77
40 41 44 46 51 59 61
40 41 44 46 51 59 60
40 41 43 59 61 63 73
40 41 43 59 61 63 71 72
40 41 43 59 61 62 73
40 41 43 59 61 62 71 72
40 41 43 46 59 61 63
40 41 43 46 59 61 62
40 41 42 59 61 63 73
40 41 42 59 61 63 71 72
40 41 42 59 61 62 73
40 41 42 59 61 62 71 72
40 41 42 46 59 61 63
40 41 42 46 59 61 62
38 42 59 61 73
38 42 59 61 71 72
38 42 58 59 61 73
38 42 58 59 61 71 72
38 42 58 59 60 61 73
38 42 58 59 60 61 71 72
38 42 57 59 61 73
38 42 57 59 61 71 72
38 42 57 59 60 61 73
38 42 57 59 60 61 71 72
38 42 46 59 61
38 42 46 58 59 61
38 42 46 58 59 60 61
38 42 46 57 59 61
38 42 46 57 59 60 61
38 40 41 59 61 73
38 40 41 59 61 71 72
38 40 41 58 59 61 73
38 40 41 58 59 61 71 72
38 40 41 58 59 60 61 73
38 40 41 58 59 60 61 71 72
38 40 41 57 59 61 73
38 40 41 57 59 61 71 72
38 40 41 57 59 60 61 73
38 40 41 57 59 60 61 71 72
38 40 41 46 59 61
38 40 41 46 58 59 61
38 40 41 46 58 59 60 61
38 40 41 46 57 59 61
38 40 41 46 57 59 60 61
36
36 69
36 67 68
36 61 69
36 61 67 68
36 59 61 73
36 59 61 71 72
36 57 73 78 79
36 57 71 72 78 79
36 57 59 61 73
36 57 59 61 71 72
36 57 59 61 65 73
36 57 59 61 65 71 72
36 53 57 73
36 53 57 71 72
36 46 59 61
36 46 57 78 79
36 46 57 59 61
36 46 57 59 61 65
36 46 53 57
36 44 59 73
36 44 59 71 72
36 44 59 61 73 78
36 44 59 61 73 76 77
36 44 59 61 71 72 78
36 44 59 61 71 72 76 77
36 44 57 61 73
36 44 57 61 71 72
36 44 51 59 61 73
36 44 51 59 61 71 72
36 44 46 59
36 44 46 59 61 78
36 44 46 59 61 76 77
36 44 46 57 61
36 44 46 51 59 61
36 42
36 42 61
36 42 59 61 62 73
36 42 59 61 62 71 72
36 42 59 60 61 73
36 42 59 60 61 71 72
36 42 58 59 61 73
36 42 58 59 61 71 72
36 42 58 59 60 61 73
36 42 58 59 60 61 71 72
36 42 47 59 61 73
36 42 47 59 61 71 72
36 42 46 59 61 62
36 42 46 59 60 61
36 42 46 58 59 61
36 42 46 58 59 60 61
36 42 46 47 59 61
36 42 45 46 59 61
36 42 45 46 59 61 73
36 42 45 46 59 61 71 72
36 42 43 59 73
36 42 43 59 71 72
36 42 43 59 61 73
36 42 43 59 61 73 78
36 42 43 59 61 73 76 77
36 42 43 59 61 71 72
36 42 43 59 61 71 72 78
36 42 43 59 61 71 72 76 77
36 42 43 57 61 73
36 42 43 57 61 71 72
36 42 43 51 59 61 73
36 42 43 51 59 61 71 72
36 42 43 46 59
36 42 43 46 59 61
36 42 43 46 59 61 78
36 42 43 46 59 61 76 77
36 42 43 46 57 61
36 42 43 46 51 59 61
36 41 42 59 61 73
36 41 42 59 61 71 72
36 41 42 46 59 61
36 40 41 59 61 62 73
36 40 41 59 61 62 71 72
36 40 41 59 60 61 73
36 40 41 59 60 61 71 72
36 40 41 58 59 61 73
36 40 41 58 59 61 71 72
36 40 41 58 59 60 61 73
36 40 41 58 59 60 61 71 72
36 40 41 47 59 61 73
36 40 41 47 59 61 71 72
36 40 41 46 59 61 62
36 40 41 46 59 60 61
36 40 41 46 58 59 61
36 40 41 46 58 59 60 61
36 40 41 46 47 59 61
36 40 41 45 46 59 61
36 40 41 45 46 59 61 73
36 40 41 45 46 59 61 71 72
36 40 41 43 59 61 73
36 40 41 43 59 61 71 72
36 40 41 43 46 59 61
36 40 41 42 59 61 73
36 40 41 42 59 61 71 72
36 40 41 42 46 59 61
35 42 59 61 63 73
35 42 59 61 63 71 72
35 42 59 61 62 73
35 42 59 61 62 71 72
35 42 46 59 61 63
35 42 46 59 61 62
35 40 41 59 61 63 73
35 40 41 59 61 63 71 72
35 40 41 59 61 62 73
35 40 41 59 61 62 71 72
35 40 41 46 59 61 63
35 40 41 46 59 61 62
35 36 42 59 61 73
35 36 42 59 61 71 72
35 36 42 46 59 61
35 36 40 41 59 61 73
35 36 40 41 59 61 71 72
35 36 40 41 46 59 61
34
34 68
34 61
34 61 77
34 61 74 75
34 61 73 74 76
34 61 73 74 75
34 61 69
34 61 69 71
34 61 69 70
34 61 67 68
34 61 67 68 71
34 61 67 68 69 70
34 50 61
34 49 61 75
34 49 61 73 74
34 49 59 61 73
34 49 59 61 71 72
34 49 57 59 61 73
34 49 57 59 61 71 72
34 49 57 59 61 65 73
34 49 57 59 61 65 71 72
34 48 61 76
34 48 61 74 75
34 48 49 61
34 47 48 59 61 73
34 47 48 59 61 71 72
34 47 48 57 59 61 73
34 47 48 57 59 61 71 72
34 47 48 57 59 61 65 73
34 47 48 57 59 61 65 71 72
34 46 49 59 61
34 46 49 57 59 61
34 46 49 57 59 61 65
34 46 47 48 59 61
34 46 47 48 57 59 61
34 46 47 48 57 59 61 65
34 44 61 73
34 44 61 71 72
34 44 61 69
34 44 61 67 68
34 44 59 73
34 44 59 71 72
34 44 59 61 73
34 44 59 61 73 78
34 44 59 61 73 76 77
34 44 59 61 71 73
34 44 59 61 71 73 78
34 44 59 61 71 73 76 77
34 44 59 61 69 70 73
34 44 59 61 69 70 73 78
34 44 59 61 69 70 73 76 77
34 44 59 61 69 70 71 72
34 44 59 61 69 70 71 72 78
34 44 59 61 69 70 71 72 76 77
34 44 57 59 73
34 44 57 59 71 72
34 44 51 59 61 73
34 44 51 59 61 71 73
34 44 51 59 61 69 70 73
34 44 51 59 61 69 70 71 72
34 44 46 61
34 44 46 59
34 44 46 59 61
34 44 46 59 61 78
34 44 46 59 61 76 77
34 44 46 59 61 71
34 44 46 59 61 71 78
34 44 46 59 61 71 76 77
34 44 46 59 61 69 70
34 44 46 59 61 69 70 78
34 44 46 59 61 69 70 76 77
34 44 46 57 59
34 44 46 51 59 61
34 44 46 51 59 61 71
34 44 46 51 59 61 69 70
34 42 61
34 42 61 71
34 42 61 69 70
34 42 59 71 73 78
34 42 59 71 73 76 77
34 42 59 71 72 78
34 42 59 71 72 76 77
34 42 59 69 70 73 78
34 42 59 69 70 73 76 77
34 42 59 69 70 71 72 78
34 42 59 69 70 71 72 76 77
34 42 59 61 73
34 42 59 61 71 72
34 42 59 60 61 65 73
34 42 59 60 61 65 71 72
34 42 59 60 61 63 73
34 42 59 60 61 63 71 72
34 42 59 60 61 63 64 73
34 42 59 60 61 63 64 71 72
34 42 59 60 61 62 73
34 42 59 60 61 62 71 72
34 42 58 59 61 65 73
34 42 58 59 61 65 71 72
34 42 58 59 61 63 73
34 42 58 59 61 63 71 72
34 42 58 59 61 63 64 73
34 42 58 59 61 63 64 71 72
34 42 58 59 61 62 73
34 42 58 59 61 62 71 72
34 42 57 59 73
34 42 57 59 71 72
34 42 57 59 61 65 73
34 42 57 59 61 65 71 72
34 42 57 59 61 63 64 73
34 42 57 59 61 63 64 71 72
34 42 51 59 71 73
34 42 51 59 71 72
34 42 51 59 69 70 73
34 42 51 59 69 70 71 72
34 42 49 59 61 73
34 42 49 59 61 71 72
34 42 49 57 59 61 73
34 42 49 57 59 61 71 72
34 42 47 48 59 61 73
34 42 47 48 59 61 71 72
34 42 47 48 57 59 61 73
34 42 47 48 57 59 61 71 72
34 42 46 59 71 78
34 42 46 59 71 76 77
34 42 46 59 69 70 78
34 42 46 59 69 70 76 77
34 42 46 59 61
34 42 46 59 60 61 65
34 42 46 59 60 61 63
34 42 46 59 60 61 63 64
34 42 46 59 60 61 62
34 42 46 58 59 61 65
34 42 46 58 59 61 63
34 42 46 58 59 61 63 64
34 42 46 58 59 61 62
34 42 46 57 59
34 42 46 57 59 61 65
34 42 46 57 59 61 63 64
34 42 46 51 59 71
34 42 46 51 59 69 70
34 42 46 49 59 61
34 42 46 49 57 59 61
34 42 46 47 48 59 61
34 42 46 47 48 57 59 61
34 42 44 61
34 42 44 59 73 78
34 42 44 59 73 76 77
34 42 44 59 71 72 78
34 42 44 59 71 72 76 77
34 42 44 51 59 73
34 42 44 51 59 71 72
34 42 44 46 59 78
34 42 44 46 59 76 77
34 42 44 46 51 59
34 42 43 61 73
34 42 43 61 71 72
34 42 43 59 73
34 42 43 59 71 72
34 42 43 59 61 71 73
34 42 43 59 61 71 73 78
34 42 43 59 61 71 73 76 77
34 42 43 59 61 71 72
34 42 43 59 61 71 72 78
34 42 43 59 61 71 72 76 77
34 42 43 59 61 69 70 73
34 42 43 59 61 69 70 73 78
34 42 43 59 61 69 70 73 76 77
34 42 43 59 61 69 70 71 72
34 42 43 59 61 69 70 71 72 78
34 42 43 59 61 69 70 71 72 76 77
34 42 43 57 59 73
34 42 43 57 59 71 72
34 42 43 51 59 61 71 73
34 42 43 51 59 61 71 72
34 42 43 51 59 61 69 70 73
34 42 43 51 59 61 69 70 71 72
34 42 43 46 61
34 42 43 46 59
34 42 43 46 59 61 71
34 42 43 46 59 61 71 78
34 42 43 46 59 61 71 76 77
34 42 43 46 59 61 69 70
34 42 43 46 59 61 69 70 78
34 42 43 46 59 61 69 70 76 77
34 42 43 46 57 59
34 42 43 46 51 59 61 71
34 42 43 46 51 59 61 69 70
34 42 43 44 59 61 73
34 42 43 44 59 61 73 78
34 42 43 44 59 61 73 76 77
34 42 43 44 59 61 71 72
34 42 43 44 59 61 71 72 78
34 42 43 44 59 61 71 72 76 77
34 42 43 44 51 59 61 73
34 42 43 44 51 59 61 71 72
34 42 43 44 46 59 61
34 42 43 44 46 59 61 78
34 42 43 44 46 59 61 76 77
34 42 43 44 46 51 59 61
34 40 41 59 71 73 78
34 40 41 59 71 73 76 77
34 40 41 59 71 72 78
34 40 41 59 71 72 76 77
34 40 41 59 69 70 73 78
34 40 41 59 69 70 73 76 77
34 40 41 59 69 70 71 72 78
34 40 41 59 69 70 71 72 76 77
34 40 41 59 61 73
34 40 41 59 61 71 72
34 40 41 59 60 61 65 73
34 40 41 59 60 61 65 71 72
34 40 41 59 60 61 63 73
34 40 41 59 60 61 63 71 72
34 40 41 59 60 61 63 64 73
34 40 41 59 60 61 63 64 71 72
34 40 41 59 60 61 62 73
34 40 41 59 60 61 62 71 72
34 40 41 58 59 61 65 73
34 40 41 58 59 61 65 71 72
34 40 41 58 59 61 63 73
34 40 41 58 59 61 63 71 72
34 40 41 58 59 61 63 64 73
34 40 41 58 59 61 63 64 71 72
34 40 41 58 59 61 62 73
34 40 41 58 59 61 62 71 72
34 40 41 57 59 73
34 40 41 57 59 71 72
34 40 41 57 59 61 65 73
34 40 41 57 59 61 65 71 72
34 40 41 57 59 61 63 64 73
34 40 41 57 59 61 63 64 71 72
34 40 41 51 59 71 73
34 40 41 51 59 71 72
34 40 41 51 59 69 70 73
34 40 41 51 59 69 70 71 72
34 40 41 49 59 61 73
34 40 41 49 59 61 71 72
34 40 41 49 57 59 61 73
34 40 41 49 57 59 61 71 72
34 40 41 47 48 59 61 73
34 40 41 47 48 59 61 71 72
34 40 41 47 48 57 59 61 73
34 40 41 47 48 57 59 61 71 72
34 40 41 46 59 71 78
34 40 41 46 59 71 76 77
34 40 41 46 59 69 70 78
34 40 41 46 59 69 70 76 77
34 40 41 46 59 61
34 40 41 46 59 60 61 65
34 40 41 46 59 60 61 63
34 40 41 46 59 60 61 63 64
34 40 41 46 59 60 61 62
34 40 41 46 58 59 61 65
34 40 41 46 58 59 61 63
34 40 41 46 58 59 61 63 64
34 40 41 46 58 59 61 62
34 40 41 46 57 59
34 40 41 46 57 59 61 65
34 40 41 46 57 59 61 63 64
34 40 41 46 51 59 71
34 40 41 46 51 59 69 70
34 40 41 46 49 59 61
34 40 41 46 49 57 59 61
34 40 41 46 47 48 59 61
34 40 41 46 47 48 57 59 61
34 40 41 44 59 73 78
34 40 41 44 59 73 76 77
34 40 41 44 59 71 72 78
34 40 41 44 59 71 72 76 77
34 40 41 44 51 59 73
34 40 41 44 51 59 71 72
34 40 41 44 46 59 78
34 40 41 44 46 59 76 77
34 40 41 44 46 51 59
34 38 42 59 60 61 73
34 38 42 59 60 61 71 72
34 38 42 58 59 61 73
34 38 42 58 59 61 71 72
34 38 42 57 59 61 73
34 38 42 57 59 61 71 72
34 38 42 46 59 60 61
34 38 42 46 58 59 61
34 38 42 46 57 59 61
34 38 40 41 59 60 61 73
34 38 40 41 59 60 61 71 72
34 38 40 41 58 59 61 73
34 38 40 41 58 59 61 71 72
34 38 40 41 57 59 61 73
34 38 40 41 57 59 61 71 72
34 38 40 41 46 59 60 61
34 38 40 41 46 58 59 61
34 38 40 41 46 57 59 61
34 36 42 59 60 61 73
34 36 42 59 60 61 71 72
34 36 42 58 59 61 73
34 36 42 58 59 61 71 72
34 36 42 46 59 60 61
34 36 42 46 58 59 61
34 36 40 41 59 60 61 73
34 36 40 41 59 60 61 71 72
34 36 40 41 58 59 61 73
34 36 40 41 58 59 61 71 72
34 36 40 41 46 59 60 61
34 36 40 41 46 58 59 61
33 42 59 61 65 73
33 42 59 61 65 71 72
33 42 59 61 63 73
33 42 59 61 63 71 72
33 42 59 61 63 64 73
33 42 59 61 63 64 71 72
33 42 59 61 62 73
33 42 59 61 62 71 72
33 42 59 60 61 65 73
33 42 59 60 61 65 71 72
33 42 59 60 61 63 73
33 42 59 60 61 63 71 72
33 42 59 60 61 63 64 73
33 42 59 60 61 63 64 71 72
33 42 59 60 61 62 73
33 42 59 60 61 62 71 72
33 42 46 59 61 65
33 42 46 59 61 63
33 42 46 59 61 63 64
33 42 46 59 61 62
33 42 46 59 60 61 65
33 42 46 59 60 61 63
33 42 46 59 60 61 63 64
33 42 46 59 60 61 62
33 40 41 59 61 65 73
33 40 41 59 61 65 71 72
33 40 41 59 61 63 73
33 40 41 59 61 63 71 72
33 40 41 59 61 63 64 73
33 40 41 59 61 63 64 71 72
33 40 41 59 61 62 73
33 40 41 59 61 62 71 72
33 40 41 59 60 61 65 73
33 40 41 59 60 61 65 71 72
33 40 41 59 60 61 63 73
33 40 41 59 60 61 63 71 72
33 40 41 59 60 61 63 64 73
33 40 41 59 60 61 63 64 71 72
33 40 41 59 60 61 62 73
33 40 41 59 60 61 62 71 72
33 40 41 46 59 61 65
33 40 41 46 59 61 63
33 40 41 46 59 61 63 64
33 40 41 46 59 61 62
33 40 41 46 59 60 61 65
33 40 41 46 59 60 61 63
33 40 41 46 59 60 61 63 64
33 40 41 46 59 60 61 62
33 38 42 59 61 73
33 38 42 59 61 71 72
33 38 42 59 60 61 73
33 38 42 59 60 61 71 72
33 38 42 46 59 61
33 38 42 46 59 60 61
33 38 40 41 59 61 73
33 38 40 41 59 61 71 72
33 38 40 41 59 60 61 73
33 38 40 41 59 60 61 71 72
33 38 40 41 46 59 61
33 38 40 41 46 59 60 61
33 36 42 59 61 73
33 36 42 59 61 71 72
33 36 42 59 60 61 73
33 36 42 59 60 61 71 72
33 36 42 46 59 61
33 36 42 46 59 60 61
33 36 40 41 59 61 73
33 36 40 41 59 61 71 72
33 36 40 41 59 60 61 73
33 36 40 41 59 60 61 71 72
33 36 40 41 46 59 61
33 36 40 41 46 59 60 61
33 34 42 59 61 65 73
33 34 42 59 61 65 71 72
33 34 42 59 61 63 73
33 34 42 59 61 63 71 72
33 34 42 59 61 63 64 73
33 34 42 59 61 63 64 71 72
33 34 42 59 61 62 73
33 34 42 59 61 62 71 72
33 34 42 46 59 61 65
33 34 42 46 59 61 63
33 34 42 46 59 61 63 64
33 34 42 46 59 61 62
33 34 40 41 59 61 65 73
33 34 40 41 59 61 65 71 72
33 34 40 41 59 61 63 73
33 34 40 41 59 61 63 71 72
33 34 40 41 59 61 63 64 73
33 34 40 41 59 61 63 64 71 72
33 34 40 41 59 61 62 73
33 34 40 41 59 61 62 71 72
33 34 40 41 46 59 61 65
33 34 40 41 46 59 61 63
33 34 40 41 46 59 61 63 64
33 34 40 41 46 59 61 62
33 34 38 42 59 61 73
33 34 38 42 59 61 71 72
33 34 38 42 46 59 61
33 34 38 40 41 59 61 73
33 34 38 40 41 59 61 71 72
33 34 38 40 41 46 59 61
33 34 36 42 59 61 73
33 34 36 42 59 61 71 72
33 34 36 42 46 59 61
33 34 36 40 41 59 61 73
33 34 36 40 41 59 61 71 72
33 34 36 40 41 46 59 61
30 59 73 78
30 59 73 76 77
30 59 71 72 78
30 59 71 72 76 77
30 51 59 73
30 51 59 71 72
30 46 59 78
30 46 59 76 77
30 46 51 59
30 42 59 61 73
30 42 59 61 71 72
30 42 59 60 61 73
30 42 59 60 61 71 72
30 42 46 59 61
30 42 46 59 60 61
30 40 41 59 61 73
30 40 41 59 61 71 72
30 40 41 59 60 61 73
30 40 41 59 60 61 71 72
30 40 41 46 59 61
30 40 41 46 59 60 61
30 34 42 59 61 73
30 34 42 59 61 71 72
30 34 42 46 59 61
30 34 40 41 59 61 73
30 34 40 41 59 61 71 72
30 34 40 41 46 59 61
28 29 59 73 78
28 29 59 73 76 77
28 29 59 71 72 78
28 29 59 71 72 76 77
28 29 51 59 73
28 29 51 59 71 72
28 29 46 59 78
28 29 46 59 76 77
28 29 46 51 59
28 29 42 59 61 73
28 29 42 59 61 71 72
28 29 42 59 60 61 73
28 29 42 59 60 61 71 72
28 29 42 46 59 61
28 29 42 46 59 60 61
28 29 40 41 59 61 73
28 29 40 41 59 61 71 72
28 29 40 41 59 60 61 73
28 29 40 41 59 60 61 71 72
28 29 40 41 46 59 61
28 29 40 41 46 59 60 61
28 29 34 42 59 61 73
28 29 34 42 59 61 71 72
28 29 34 42 46 59 61
28 29 34 40 41 59 61 73
28 29 34 40 41 59 61 71 72
28 29 34 40 41 46 59 61
22 59 61 73
22 59 61 71 72
22 59 60 61 73
22 59 60 61 71 72
22 57 59 61 73
22 57 59 61 71 72
22 57 59 61 65 73
22 57 59 61 65 71 72
22 57 59 60 61 73
22 57 59 60 61 71 72
22 57 59 60 61 65 73
22 57 59 60 61 65 71 72
22 46 59 61
22 46 59 60 61
22 46 57 59 61
22 46 57 59 61 65
22 46 57 59 60 61
22 46 57 59 60 61 65
22 42 59 61 73
22 42 59 61 71 72
22 42 59 60 61 73
22 42 59 60 61 71 72
22 42 57 59 61 73
22 42 57 59 61 71 72
22 42 57 59 60 61 73
22 42 57 59 60 61 71 72
22 42 46 59 61
22 42 46 59 60 61
22 42 46 57 59 61
22 42 46 57 59 60 61
22 40 41 59 61 73
22 40 41 59 61 71 72
22 40 41 59 60 61 73
22 40 41 59 60 61 71 72
22 40 41 57 59 61 73
22 40 41 57 59 61 71 72
22 40 41 57 59 60 61 73
22 40 41 57 59 60 61 71 72
22 40 41 46 59 61
22 40 41 46 59 60 61
22 40 41 46 57 59 61
22 40 41 46 57 59 60 61
22 34 59 61 73
22 34 59 61 71 72
22 34 57 59 61 73
22 34 57 59 61 71 72
22 34 57 59 61 65 73
22 34 57 59 61 65 71 72
22 34 46 59 61
22 34 46 57 59 61
22 34 46 57 59 61 65
22 34 42 59 61 73
22 34 42 59 61 71 72
22 34 42 57 59 61 73
22 34 42 57 59 61 71 72
22 34 42 46 59 61
22 34 42 46 57 59 61
22 34 40 41 59 61 73
22 34 40 41 59 61 71 72
22 34 40 41 57 59 61 73
22 34 40 41 57 59 61 71 72
22 34 40 41 46 59 61
22 34 40 41 46 57 59 61
21 61
21 44 59 61 73
21 44 59 61 73 78
21 44 59 61 73 76 77
21 44 59 61 71 72
21 44 59 61 71 72 78
21 44 59 61 71 72 76 77
21 44 51 59 61 73
21 44 51 59 61 71 72
21 44 46 59 61
21 44 46 59 61 78
21 44 46 59 61 76 77
21 44 46 51 59 61
21 42 43 59 61 73
21 42 43 59 61 73 78
21 42 43 59 61 73 76 77
21 42 43 59 61 71 72
21 42 43 59 61 71 72 78
21 42 43 59 61 71 72 76 77
21 42 43 51 59 61 73
21 42 43 51 59 61 71 72
21 42 43 46 59 61
21 42 43 46 59 61 78
21 42 43 46 59 61 76 77
21 42 43 46 51 59 61
20 42 59 61 63 73
20 42 59 61 63 71 72
20 42 59 61 62 73
20 42 59 61 62 71 72
20 42 46 59 61 63
20 42 46 59 61 62
20 40 41 59 61 63 73
20 40 41 59 61 63 71 72
20 40 41 59 61 62 73
20 40 41 59 61 62 71 72
20 40 41 46 59 61 63
20 40 41 46 59 61 62
20 36 42 59 61 73
20 36 42 59 61 71 72
20 36 42 46 59 61
20 36 40 41 59 61 73
20 36 40 41 59 61 71 72
20 36 40 41 46 59 61
17 61 73
17 61 71 72
17 59 63 73
17 59 63 71 72
17 59 61 73 78
17 59 61 73 76 77
17 59 61 71 73
17 59 61 71 73 78
17 59 61 71 73 76 77
17 59 61 71 72
17 59 61 69 70 73
17 59 61 69 70 73 78
17 59 61 69 70 73 76 77
17 59 61 69 70 71 72
17 59 61 69 70 71 72 78
17 59 61 69 70 71 72 76 77
17 59 61 63 73 78
17 59 61 63 73 76 77
17 59 61 63 71 72 78
17 59 61 63 71 72 76 77
17 59 61 62 73
17 59 61 62 73 78
17 59 61 62 73 76 77
17 59 61 62 71 72
17 59 61 62 71 72 78
17 59 61 62 71 72 76 77
17 59 60 73
17 59 60 71 72
17 59 60 61 73
17 59 60 61 71 73
17 59 60 61 71 73 78
17 59 60 61 71 73 76 77
17 59 60 61 71 72 78
17 59 60 61 71 72 76 77
17 59 60 61 69 70 73
17 59 60 61 69 70 73 78
17 59 60 61 69 70 73 76 77
17 59 60 61 69 70 71 72
17 59 60 61 69 70 71 72 78
17 59 60 61 69 70 71 72 76 77
17 57 61 63 73
17 57 61 63 71 72
17 57 61 62 73
17 57 61 62 71 72
17 57 59 61 73
17 57 59 61 71 72
17 57 59 60 73
17 57 59 60 71 72
17 51 59 61 73
17 51 59 61 71 73
17 51 59 61 69 70 73
17 51 59 61 69 70 71 72
17 51 59 61 63 73
17 51 59 61 63 71 72
17 51 59 61 62 73
17 51 59 61 62 71 72
17 51 59 60 61 71 73
17 51 59 60 61 71 72
17 51 59 60 61 69 70 73
17 51 59 60 61 69 70 71 72
17 48 59 61 73
17 48 59 61 73 78
17 48 59 61 73 76 77
17 48 59 61 71 72
17 48 59 61 71 72 78
17 48 59 61 71 72 76 77
17 48 51 59 61 73
17 48 51 59 61 71 72
17 46 61
17 46 59 63
17 46 59 61 78
17 46 59 61 76 77
17 46 59 61 71
17 46 59 61 71 78
17 46 59 61 71 76 77
17 46 59 61 69 70
17 46 59 61 69 70 78
17 46 59 61 69 70 76 77
17 46 59 61 63 78
17 46 59 61 63 76 77
17 46 59 61 62
17 46 59 61 62 78
17 46 59 61 62 76 77
17 46 59 60
17 46 59 60 61
17 46 59 60 61 71
17 46 59 60 61 71 78
17 46 59 60 61 71 76 77
17 46 59 60 61 69 70
17 46 59 60 61 69 70 78
17 46 59 60 61 69 70 76 77
17 46 57 61 63
17 46 57 61 62
17 46 57 59 61
17 46 57 59 60
17 46 51 59 61
17 46 51 59 61 71
17 46 51 59 61 69 70
17 46 51 59 61 63
17 46 51 59 61 62
17 46 51 59 60 61 71
17 46 51 59 60 61 69 70
17 46 48 59 61
17 46 48 59 61 78
17 46 48 59 61 76 77
17 46 48 51 59 61
17 46 47 59 61
17 46 47 59 61 78
17 46 47 59 61 76 77
17 46 47 59 61 73
17 46 47 59 61 73 78
17 46 47 59 61 73 76 77
17 46 47 59 61 71 72
17 46 47 59 61 71 72 78
17 46 47 59 61 71 72 76 77
17 46 47 51 59 61
17 46 47 51 59 61 73
17 46 47 51 59 61 71 72
17 44 59 61 73
17 44 59 61 73 78
17 44 59 61 73 76 77
17 44 59 61 71 72
17 44 59 61 71 72 78
17 44 59 61 71 72 76 77
17 44 59 60 61 73
17 44 59 60 61 73 78
17 44 59 60 61 73 76 77
17 44 59 60 61 71 72
17 44 59 60 61 71 72 78
17 44 59 60 61 71 72 76 77
17 44 51 59 61 73
17 44 51 59 61 71 72
17 44 51 59 60 61 73
17 44 51 59 60 61 71 72
17 44 46 59 61
17 44 46 59 61 78
17 44 46 59 61 76 77
17 44 46 59 60 61
17 44 46 59 60 61 78
17 44 46 59 60 61 76 77
17 44 46 51 59 61
17 44 46 51 59 60 61
17 36 59 73
17 36 59 71 72
17 36 59 61 73 78
17 36 59 61 73 76 77
17 36 59 61 71 72 78
17 36 59 61 71 72 76 77
17 36 57 61 73
17 36 57 61 71 72
17 36 51 59 61 73
17 36 51 59 61 71 72
17 36 46 59
17 36 46 59 61 78
17 36 46 59 61 76 77
17 36 46 57 61
17 36 46 51 59 61
17 34 61 73
17 34 61 71 72
17 34 59 73
17 34 59 71 72
17 34 59 61 71 73
17 34 59 61 71 73 78
17 34 59 61 71 73 76 77
17 34 59 61 71 72
17 34 59 61 71 72 78
17 34 59 61 71 72 76 77
17 34 59 61 69 70 73
17 34 59 61 69 70 73 78
17 34 59 61 69 70 73 76 77
17 34 59 61 69 70 71 72
17 34 59 61 69 70 71 72 78
17 34 59 61 69 70 71 72 76 77
17 34 57 59 73
17 34 57 59 71 72
17 34 51 59 61 71 73
17 34 51 59 61 71 72
17 34 51 59 61 69 70 73
17 34 51 59 61 69 70 71 72
17 34 46 61
17 34 46 59
17 34 46 59 61 71
17 34 46 59 61 71 78
17 34 46 59 61 71 76 77
17 34 46 59 61 69 70
17 34 46 59 61 69 70 78
17 34 46 59 61 69 70 76 77
17 34 46 57 59
17 34 46 51 59 61 71
17 34 46 51 59 61 69 70
17 34 44 59 61 73
17 34 44 59 61 73 78
17 34 44 59 61 73 76 77
17 34 44 59 61 71 72
17 34 44 59 61 71 72 78
17 34 44 59 61 71 72 76 77
17 34 44 51 59 61 73
17 34 44 51 59 61 71 72
17 34 44 46 59 61
17 34 44 46 59 61 78
17 34 44 46 59 61 76 77
17 34 44 46 51 59 61
17 21 59 61 73
17 21 59 61 73 78
17 21 59 61 73 76 77
17 21 59 61 71 72
17 21 59 61 71 72 78
17 21 59 61 71 72 76 77
17 21 51 59 61 73
17 21 51 59 61 71 72
17 21 46 59 61
17 21 46 59 61 78
17 21 46 59 61 76 77
17 21 46 51 59 61
15 59 71 73
15 59 71 72
15 59 69 70 73
15 59 69 70 71 72
15 59 61 73
15 59 61 71 73 78
15 59 61 71 73 76 77
15 59 61 71 72
15 59 61 71 72 78
15 59 61 71 72 76 77
15 59 61 69 70 73 78
15 59 61 69 70 73 76 77
15 59 61 69 70 71 72 78
15 59 61 69 70 71 72 76 77
15 59 61 65 73
15 59 61 65 71 72
15 59 61 63 64 73
15 59 61 63 64 71 72
15 59 61 62 73
15 59 61 62 71 72
15 59 61 62 63 73
15 59 61 62 63 71 72
15 59 60 71 73 78
15 59 60 71 73 76 77
15 59 60 71 72 78
15 59 60 71 72 76 77
15 59 60 69 70 73 78
15 59 60 69 70 73 76 77
15 59 60 69 70 71 72 78
15 59 60 69 70 71 72 76 77
15 59 60 61 73
15 59 60 61 71 72
15 59 60 61 63 73
15 59 60 61 63 71 72
15 59 60 61 62 73
15 59 60 61 62 71 72
15 58 59 61 65 73
15 58 59 61 65 71 72
15 58 59 61 63 73
15 58 59 61 63 71 72
15 58 59 61 63 64 73
15 58 59 61 63 64 71 72
15 58 59 61 62 73
15 58 59 61 62 71 72
15 58 59 60 61 65 73
15 58 59 60 61 65 71 72
15 58 59 60 61 63 73
15 58 59 60 61 63 71 72
15 58 59 60 61 63 64 73
15 58 59 60 61 63 64 71 72
15 58 59 60 61 62 73
15 58 59 60 61 62 71 72
15 57 61 78
15 57 61 76 77
15 57 59 78
15 57 59 76 77
15 57 59 61 73
15 57 59 61 71 72
15 57 59 61 65 73
15 57 59 61 65 71 72
15 57 59 61 63 64 73
15 57 59 61 63 64 71 72
15 57 59 60 73
15 57 59 60 71 72
15 57 59 60 61 65 73
15 57 59 60 61 65 71 72
15 57 59 60 61 63 64 73
15 57 59 60 61 63 64 71 72
15 51 59 61 71 73
15 51 59 61 71 72
15 51 59 61 69 70 73
15 51 59 61 69 70 71 72
15 51 59 60 71 73
15 51 59 60 71 72
15 51 59 60 69 70 73
15 51 59 60 69 70 71 72
15 51 57 61
15 51 57 59
15 49 59 61 73
15 49 59 61 71 72
15 49 59 60 61 73
15 49 59 60 61 71 72
15 49 57 59 61 73
15 49 57 59 61 71 72
15 49 57 59 60 61 73
15 49 57 59 60 61 71 72
15 47 59 61 63 73
15 47 59 61 63 71 72
15 47 59 61 62 73
15 47 59 61 62 71 72
15 47 48 59 61 73
15 47 48 59 61 71 72
15 47 48 59 60 61 73
15 47 48 59 60 61 71 72
15 47 48 57 59 61 73
15 47 48 57 59 61 71 72
15 47 48 57 59 60 61 73
15 47 48 57 59 60 61 71 72
15 46 59 71
15 46 59 69 70
15 46 59 61
15 46 59 61 71 78
15 46 59 61 71 76 77
15 46 59 61 69 70 78
15 46 59 61 69 70 76 77
15 46 59 61 65
15 46 59 61 63 64
15 46 59 61 62
15 46 59 61 62 63
15 46 59 60 71 78
15 46 59 60 71 76 77
15 46 59 60 69 70 78
15 46 59 60 69 70 76 77
15 46 59 60 61
15 46 59 60 61 63
15 46 59 60 61 62
15 46 58 59 61 65
15 46 58 59 61 63
15 46 58 59 61 63 64
15 46 58 59 61 62
15 46 58 59 60 61 65
15 46 58 59 60 61 63
15 46 58 59 60 61 63 64
15 46 58 59 60 61 62
15 46 57 59 61
15 46 57 59 61 65
15 46 57 59 61 63 64
15 46 57 59 60
15 46 57 59 60 61 65
15 46 57 59 60 61 63 64
15 46 51 59 61 71
15 46 51 59 61 69 70
15 46 51 59 60 71
15 46 51 59 60 69 70
15 46 49 59 61
15 46 49 59 60 61
15 46 49 57 59 61
15 46 49 57 59 60 61
15 46 47 59 61 63
15 46 47 59 61 62
15 46 47 48 59 61
15 46 47 48 59 60 61
15 46 47 48 57 59 61
15 46 47 48 57 59 60 61
15 45 46 59 61 63
15 45 46 59 61 63 73
15 45 46 59 61 63 71 72
15 45 46 59 61 62
15 45 46 59 61 62 73
15 45 46 59 61 62 71 72
15 44 59 73
15 44 59 71 72
15 44 59 61 73 78
15 44 59 61 73 76 77
15 44 59 61 71 72 78
15 44 59 61 71 72 76 77
15 44 59 60 73 78
15 44 59 60 73 76 77
15 44 59 60 71 72 78
15 44 59 60 71 72 76 77
15 44 51 59 61 73
15 44 51 59 61 71 72
15 44 51 59 60 73
15 44 51 59 60 71 72
15 44 46 59
15 44 46 59 61 78
15 44 46 59 61 76 77
15 44 46 59 60 78
15 44 46 59 60 76 77
15 44 46 51 59 61
15 44 46 51 59 60
15 43 59 61 63 73
15 43 59 61 63 71 72
15 43 59 61 62 73
15 43 59 61 62 71 72
15 43 46 59 61 63
15 43 46 59 61 62
15 41 42 59 61 63 73
15 41 42 59 61 63 71 72
15 41 42 59 61 62 73
15 41 42 59 61 62 71 72
15 41 42 46 59 61 63
15 41 42 46 59 61 62
15 38 59 61 73
15 38 59 61 71 72
15 38 58 59 61 73
15 38 58 59 61 71 72
15 38 58 59 60 61 73
15 38 58 59 60 61 71 72
15 38 57 59 61 73
15 38 57 59 61 71 72
15 38 57 59 60 61 73
15 38 57 59 60 61 71 72
15 38 46 59 61
15 38 46 58 59 61
15 38 46 58 59 60 61
15 38 46 57 59 61
15 38 46 57 59 60 61
15 36 59 61 62 73
15 36 59 61 62 71 72
15 36 59 60 61 73
15 36 59 60 61 71 72
15 36 58 59 61 73
15 36 58 59 61 71 72
15 36 58 59 60 61 73
15 36 58 59 60 61 71 72
15 36 47 59 61 73
15 36 47 59 61 71 72
15 36 46 59 61 62
15 36 46 59 60 61
15 36 46 58 59 61
15 36 46 58 59 60 61
15 36 46 47 59 61
15 36 45 46 59 61
15 36 45 46 59 61 73
15 36 45 46 59 61 71 72
15 36 43 59 61 73
15 36 43 59 61 71 72
15 36 43 46 59 61
15 36 41 42 59 61 73
15 36 41 42 59 61 71 72
15 36 41 42 46 59 61
15 35 59 61 63 73
15 35 59 61 63 71 72
15 35 59 61 62 73
15 35 59 61 62 71 72
15 35 46 59 61 63
15 35 46 59 61 62
15 35 36 59 61 73
15 35 36 59 61 71 72
15 35 36 46 59 61
15 34 59 71 73 78
15 34 59 71 73 76 77
15 34 59 71 72 78
15 34 59 71 72 76 77
15 34 59 69 70 73 78
15 34 59 69 70 73 76 77
15 34 59 69 70 71 72 78
15 34 59 69 70 71 72 76 77
15 34 59 61 73
15 34 59 61 71 72
15 34 59 60 61 65 73
15 34 59 60 61 65 71 72
15 34 59 60 61 63 73
15 34 59 60 61 63 71 72
15 34 59 60 61 63 64 73
15 34 59 60 61 63 64 71 72
15 34 59 60 61 62 73
15 34 59 60 61 62 71 72
15 34 58 59 61 65 73
15 34 58 59 61 65 71 72
15 34 58 59 61 63 73
15 34 58 59 61 63 71 72
15 34 58 59 61 63 64 73
15 34 58 59 61 63 64 71 72
15 34 58 59 61 62 73
15 34 58 59 61 62 71 72
15 34 57 59 73
15 34 57 59 71 72
15 34 57 59 61 65 73
15 34 57 59 61 65 71 72
15 34 57 59 61 63 64 73
15 34 57 59 61 63 64 71 72
15 34 51 59 71 73
15 34 51 59 71 72
15 34 51 59 69 70 73
15 34 51 59 69 70 71 72
15 34 49 59 61 73
15 34 49 59 61 71 72
15 34 49 57 59 61 73
15 34 49 57 59 61 71 72
15 34 47 48 59 61 73
15 34 47 48 59 61 71 72
15 34 47 48 57 59 61 73
15 34 47 48 57 59 61 71 72
15 34 46 59 71 78
15 34 46 59 71 76 77
15 34 46 59 69 70 78
15 34 46 59 69 70 76 77
15 34 46 59 61
15 34 46 59 60 61 65
15 34 46 59 60 61 63
15 34 46 59 60 61 63 64
15 34 46 59 60 61 62
15 34 46 58 59 61 65
15 34 46 58 59 61 63
15 34 46 58 59 61 63 64
15 34 46 58 59 61 62
15 34 46 57 59
15 34 46 57 59 61 65
15 34 46 57 59 61 63 64
15 34 46 51 59 71
15 34 46 51 59 69 70
15 34 46 49 59 61
15 34 46 49 57 59 61
15 34 46 47 48 59 61
15 34 46 47 48 57 59 61
15 34 44 59 73 78
15 34 44 59 73 76 77
15 34 44 59 71 72 78
15 34 44 59 71 72 76 77
15 34 44 51 59 73
15 34 44 51 59 71 72
15 34 44 46 59 78
15 34 44 46 59 76 77
15 34 44 46 51 59
15 34 38 59 60 61 73
15 34 38 59 60 61 71 72
15 34 38 58 59 61 73
15 34 38 58 59 61 71 72
15 34 38 57 59 61 73
15 34 38 57 59 61 71 72
15 34 38 46 59 60 61
15 34 38 46 58 59 61
15 34 38 46 57 59 61
15 34 36 59 60 61 73
15 34 36 59 60 61 71 72
15 34 36 58 59 61 73
15 34 36 58 59 61 71 72
15 34 36 46 59 60 61
15 34 36 46 58 59 61
15 33 59 61 65 73
15 33 59 61 65 71 72
15 33 59 61 63 73
15 33 59 61 63 71 72
15 33 59 61 63 64 73
15 33 59 61 63 64 71 72
15 33 59 61 62 73
15 33 59 61 62 71 72
15 33 59 60 61 65 73
15 33 59 60 61 65 71 72
15 33 59 60 61 63 73
15 33 59 60 61 63 71 72
15 33 59 60 61 63 64 73
15 33 59 60 61 63 64 71 72
15 33 59 60 61 62 73
15 33 59 60 61 62 71 72
15 33 46 59 61 65
15 33 46 59 61 63
15 33 46 59 61 63 64
15 33 46 59 61 62
15 33 46 59 60 61 65
15 33 46 59 60 61 63
15 33 46 59 60 61 63 64
15 33 46 59 60 61 62
15 33 38 59 61 73
15 33 38 59 61 71 72
15 33 38 59 60 61 73
15 33 38 59 60 61 71 72
15 33 38 46 59 61
15 33 38 46 59 60 61
15 33 36 59 61 73
15 33 36 59 61 71 72
15 33 36 59 60 61 73
15 33 36 59 60 61 71 72
15 33 36 46 59 61
15 33 36 46 59 60 61
15 33 34 59 61 65 73
15 33 34 59 61 65 71 72
15 33 34 59 61 63 73
15 33 34 59 61 63 71 72
15 33 34 59 61 63 64 73
15 33 34 59 61 63 64 71 72
15 33 34 59 61 62 73
15 33 34 59 61 62 71 72
15 33 34 46 59 61 65
15 33 34 46 59 61 63
15 33 34 46 59 61 63 64
15 33 34 46 59 61 62
15 33 34 38 59 61 73
15 33 34 38 59 61 71 72
15 33 34 38 46 59 61
15 33 34 36 59 61 73
15 33 34 36 59 61 71 72
15 33 34 36 46 59 61
15 30 59 61 73
15 30 59 61 71 72
15 30 59 60 61 73
15 30 59 60 61 71 72
15 30 46 59 61
15 30 46 59 60 61
15 30 34 59 61 73
15 30 34 59 61 71 72
15 30 34 46 59 61
15 28 29 59 61 73
15 28 29 59 61 71 72
15 28 29 59 60 61 73
15 28 29 59 60 61 71 72
15 28 29 46 59 61
15 28 29 46 59 60 61
15 28 29 34 59 61 73
15 28 29 34 59 61 71 72
15 28 29 34 46 59 61
15 22 59 61 73
15 22 59 61 71 72
15 22 59 60 61 73
15 22 59 60 61 71 72
15 22 57 59 61 73
15 22 57 59 61 71 72
15 22 57 59 60 61 73
15 22 57 59 60 61 71 72
15 22 46 59 61
15 22 46 59 60 61
15 22 46 57 59 61
15 22 46 57 59 60 61
15 22 34 59 61 73
15 22 34 59 61 71 72
15 22 34 57 59 61 73
15 22 34 57 59 61 71 72
15 22 34 46 59 61
15 22 34 46 57 59 61
15 20 59 61 63 73
15 20 59 61 63 71 72
15 20 59 61 62 73
15 20 59 61 62 71 72
15 20 46 59 61 63
15 20 46 59 61 62
15 20 36 59 61 73
15 20 36 59 61 71 72
15 20 36 46 59 61
14 44 57 59 61 73
14 44 57 59 61 71 72
14 44 57 59 60 73
14 44 57 59 60 71 72
14 44 46 57 59 61
14 44 46 57 59 60
14 42 43 57 59 61 73
14 42 43 57 59 61 71 72
14 42 43 57 59 60 73
14 42 43 57 59 60 71 72
14 42 43 46 57 59 61
14 42 43 46 57 59 60
14 34 44 57 59 73
14 34 44 57 59 71 72
14 34 44 46 57 59
14 34 42 43 57 59 73
14 34 42 43 57 59 71 72
14 34 42 43 46 57 59
14 17 57 59 61 73
14 17 57 59 61 71 72
14 17 57 59 60 73
14 17 57 59 60 71 72
14 17 46 57 59 61
14 17 46 57 59 60
14 17 34 57 59 73
14 17 34 57 59 71 72
14 17 34 46 57 59
10
3 59 73 78
3 59 73 76 77
3 59 71 72 78
3 59 71 72 76 77
3 51 59 73
3 51 59 71 72
3 46 59 78
3 46 59 76 77
3 46 51 59
3 42 59 61 73
3 42 59 61 71 72
3 42 59 60 61 73
3 42 59 60 61 71 72
3 42 46 59 61
3 42 46 59 60 61
3 40 41 59 61 73
3 40 41 59 61 71 72
3 40 41 59 60 61 73
3 40 41 59 60 61 71 72
3 40 41 46 59 61
3 40 41 46 59 60 61
3 34 42 59 61 73
3 34 42 59 61 71 72
3 34 42 46 59 61
3 34 40 41 59 61 73
3 34 40 41 59 61 71 72
3 34 40 41 46 59 61
3 15 59 61 73
3 15 59 61 71 72
3 15 59 60 61 73
3 15 59 60 61 71 72
3 15 46 59 61
3 15 46 59 60 61
3 15 34 59 61 73
3 15 34 59 61 71 72
3 15 34 46 59 61
1 34

