78 79
73
71 72
69 78 79
69 73
69 73 78 79
69 71 72
69 71 72 78 79
68
68 69
68 69 71
68 69 70
67
67 68
67 68 78 79
67 68 73
67 68 73 78 79
67 68 71
67 68 71 72
67 68 71 72 78 79
67 68 69 70
65 66
63 69
63 67 68
61 69
61 67
61 67 68
61 65 66
61 62 69
61 62 67 68
59 73 78 79
59 71 72 78 79
59 69
59 68 69
59 65 73
59 65 71 72
59 63 64 73
59 63 64 71 72
55
55 78 79
55 69 78 79
55 69 73
55 69 71 72
55 67 68 78 79
55 67 68 73
55 67 68 71 72
55 61 68 69
55 61 67 68
54 69
54 68
54 67 68
53
53 69
53 69 73
53 69 71 72
53 67 68
53 67 68 73
53 67 68 71 72
53 59 73
53 59 71 72
53 55
53 55 69
53 55 67 68
52
46
46 69
46 69 78 79
46 67 68
46 67 68 78 79
46 59 78 79
46 59 65
46 59 63 64
46 55 69
46 55 67 68
46 53 69
46 53 67 68
46 53 59
45 69
45 67 68
44 68 69
44 67 68
43
43 44 69
43 44 67 68
42 78 79
42 73
42 73 78 79
42 71 72
42 71 72 78 79
42 68
42 68 71
42 68 69 70
42 63
42 61
42 61 62
42 59
42 59 68
42 55 78 79
42 55 73
42 55 71 72
42 55 61 68
42 54
42 53
42 53 73
42 53 71 72
42 53 55
42 46
42 46 78 79
42 46 55
42 46 53
42 45
42 44 68
42 43 44
40
40 61
38 69
38 67
38 67 68
38 65 66
38 59 73
38 59 71 72
38 46 59
38 42
38 40
37 69
37 67 68
37 42
36 69
36 69 78 79
36 67
36 67 68
36 67 68 78 79
36 65 66
36 61 69
36 61 67 68
36 53 69
36 53 67 68
36 42
36 42 78 79
36 42 61
36 42 53
36 40
35 36 69
35 36 67 68
35 36 42
34
34 69
34 69 73
34 69 71 72
34 67 68
34 67 68 73
34 67 68 71 72
34 61 69 73
34 61 69 71 72
34 61 67 68 73
34 61 67 68 71 72
34 46 69
34 46 67 68
34 46 61 69
34 46 61 67 68
34 42
34 42 73
34 42 71 72
34 42 61 73
34 42 61 71 72
34 42 46
34 42 46 61
34 35 69
34 35 67 68
34 35 42
22 69 73
22 69 71 72
22 67 68 73
22 67 68 71 72
22 46 69
22 46 67 68
22 42 73
22 42 71 72
22 42 46
20
20 69 73
20 69 71 72
20 67
20 67 68 73
20 67 68 71 72
20 65 66
20 46 69
20 46 67 68
20 42 73
20 42 71 72
20 42 46
20 40
20 38 69
20 38 67
20 38 67 68
20 38 65 66
20 38 42
20 38 40
20 36 69
20 36 67 68
20 36 42
18 69
18 67 68
18 42
10
10 69
10 68 69
10 67 68
10 65 66 68
10 42
10 42 68
10 40 68
10 36 69
10 36 67 68
10 36 42
9 69
9 67 68
9 42
8 9
1 69
1 69 73
1 69 71 72
1 68 69
1 67 69
1 67 68 73
1 67 68 71 72
1 65 66 69
1 65 66 68
1 65 66 67 68
1 61 69
1 61 67 68
1 46 69
1 46 67 68
1 42
1 42 73
1 42 71 72
1 42 68
1 42 67
1 42 65 66
1 42 61
1 42 46
1 40 69
1 40 68
1 40 67 68
1 40 42
1 36 69
1 36 67 68
1 36 42
1 22 69
1 22 67 68
1 22 42
1 20
1 20 67 69
1 20 67 68
1 20 65 66 69
1 20 65 66 67 68
1 20 42 67
1 20 42 65 66
1 20 40 69
1 20 40 67 68
1 20 40 42
1 20 38 69
1 20 38 67 68
1 20 38 42
1 20 36 69
1 20 36 67 68
1 20 36 42
0 68

