34 55 68
42 57 73
42 57 71 72
42 46 57
40 41 57 73
40 41 57 71 72
40 41 46 57
15 57 73
15 57 71 72
15 46 57
42 57 59 65 73
42 57 59 65 71 72
42 57 59 63 64 73
42 57 59 63 64 71 72
42 48 57 59 65 73
42 48 57 59 65 71 72
42 48 57 59 63 64 73
42 48 57 59 63 64 71 72
42 46 57 59 65
42 46 57 59 63 64
42 46 48 57 59 65
42 46 48 57 59 63 64
42 46 47 57 59 65
42 46 47 57 59 65 73
42 46 47 57 59 65 71 72
42 46 47 57 59 63 64
42 46 47 57 59 63 64 73
42 46 47 57 59 63 64 71 72
40 41 57 59 65 73
40 41 57 59 65 71 72
40 41 57 59 63 64 73
40 41 57 59 63 64 71 72
40 41 48 57 59 65 73
40 41 48 57 59 65 71 72
40 41 48 57 59 63 64 73
40 41 48 57 59 63 64 71 72
40 41 46 57 59 65
40 41 46 57 59 63 64
40 41 46 48 57 59 65
40 41 46 48 57 59 63 64
40 41 46 47 57 59 65
40 41 46 47 57 59 65 73
40 41 46 47 57 59 65 71 72
40 41 46 47 57 59 63 64
40 41 46 47 57 59 63 64 73
40 41 46 47 57 59 63 64 71 72
38 42 57 59 73
38 42 57 59 71 72
38 42 48 57 59 73
38 42 48 57 59 71 72
38 42 46 57 59
38 42 46 48 57 59
38 42 46 47 57 59
38 42 46 47 57 59 73
38 42 46 47 57 59 71 72
38 40 41 57 59 73
38 40 41 57 59 71 72
38 40 41 48 57 59 73
38 40 41 48 57 59 71 72
38 40 41 46 57 59
38 40 41 46 48 57 59
38 40 41 46 47 57 59
38 40 41 46 47 57 59 73
38 40 41 46 47 57 59 71 72
21 42 57 59 65 73
21 42 57 59 65 71 72
21 42 57 59 63 64 73
21 42 57 59 63 64 71 72
21 42 46 57 59 65
21 42 46 57 59 63 64
21 40 41 57 59 65 73
21 40 41 57 59 65 71 72
21 40 41 57 59 63 64 73
21 40 41 57 59 63 64 71 72
21 40 41 46 57 59 65
21 40 41 46 57 59 63 64
21 38 42 57 59 73
21 38 42 57 59 71 72
21 38 42 46 57 59
21 38 40 41 57 59 73
21 38 40 41 57 59 71 72
21 38 40 41 46 57 59
15 57 59 65 73
15 57 59 65 71 72
15 57 59 63 64 73
15 57 59 63 64 71 72
15 48 57 59 65 73
15 48 57 59 65 71 72
15 48 57 59 63 64 73
15 48 57 59 63 64 71 72
15 46 57 59 65
15 46 57 59 63 64
15 46 48 57 59 65
15 46 48 57 59 63 64
15 46 47 57 59 65
15 46 47 57 59 65 73
15 46 47 57 59 65 71 72
15 46 47 57 59 63 64
15 46 47 57 59 63 64 73
15 46 47 57 59 63 64 71 72
15 38 57 59 73
15 38 57 59 71 72
15 38 48 57 59 73
15 38 48 57 59 71 72
15 38 46 57 59
15 38 46 48 57 59
15 38 46 47 57 59
15 38 46 47 57 59 73
15 38 46 47 57 59 71 72
15 21 57 59 65 73
15 21 57 59 65 71 72
15 21 57 59 63 64 73
15 21 57 59 63 64 71 72
15 21 46 57 59 65
15 21 46 57 59 63 64
15 21 38 57 59 73
15 21 38 57 59 71 72
15 21 38 46 57 59
78 79
69 73
69 71 72
68 78 79
68 71
68 69 70
67 78 79
67 68 73
67 68 71 72
65 66 78 79
63 68
61 69 78 79
61 67
61 67 68 78 79
61 65 66
61 65 66 68
61 62 68
59 69
59 67 68
57 69
57 67 68
55 68
55 56 69
55 56 67 68
53
53 68
53 67
53 65 66
53 61 69
53 61 67 68
53 54 69
53 54 68
53 54 67 68
52 53 68
50 68
50 68 78 79
50 53 68
48 49 68
48 49 68 78 79
48 49 53 68
46 68
44 68
44 45 69
44 45 68
44 45 67 68
42 73
42 71 72
42 61 78 79
42 59
42 57
42 55 56
42 53 61
42 53 54
42 44 45
40 78 79
40 61
40 61 68
40 53
37 69
37 68
37 67 68
37 42
36 69 78 79
36 68
36 67 78 79
36 67 68 78 79
36 65 66 78 79
36 59 68
36 53 69
36 53 67
36 53 67 68
36 53 65 66
36 50 68
36 50 68 78 79
36 50 53 68
36 48 49 68
36 48 49 68 78 79
36 48 49 53 68
36 42 78 79
36 42 53
36 40 78 79
36 40 53
35 68
35 36 69
35 36 68
35 36 67 68
35 36 42
34 69
34 68
34 42
30 69
30 67 68
30 42
28 69
28 68
28 67 68
28 42
27 68
23 68
23 68 78 79
23 53 68
23 36 68
23 36 68 78 79
23 36 53 68
22 69
22 67 68
22 42
20 69
20 67 68
20 42
19 69
19 68
19 67 68
19 42
52
43
36 69
36 67 68
36 42
34 68 69
34 68 69 73
34 68 69 71 72
34 67 68 73
34 67 68 71 72
34 46 68 69
34 46 67 68
34 42 68
34 42 68 73
34 42 68 71 72
34 42 46 68
20 55 68
8 9
1
0 68
34 44
34 42 43
34 35
33 34
17 34
8 34
61 69
59 61 69
59 61 67 68
54 55 59 69
54 55 59 67 68
53 54 59 69
53 54 59 67 68
42 61
42 59 61
42 54 55 59
42 53 54 59
36 55 59 69
36 55 59 67 68
36 53 54 59 69
36 53 54 59 67 68
36 42 55 59
36 42 53 54 59
28 54 59 69
28 54 59 67 68
28 42 54 59
28 36 59 69
28 36 59 67 68
28 36 42 59
9 55 59 69
9 55 59 67 68
9 53 54 59 69
9 53 54 59 67 68
9 42 55 59
9 42 53 54 59
9 28 59 69
9 28 59 67 68
9 28 42 59
