59 73
59 73 78
59 73 76 77
59 71 72
59 71 72 78
59 71 72 76 77
59 61 73
59 61 71 72
55 78 79
53 55
51 59 73
51 59 71 72
46 59
46 59 78
46 59 76 77
46 59 61
46 51 59
44 59 73 78
44 59 73 76 77
44 59 71 72 78
44 59 71 72 76 77
44 59 65 73 77
44 59 65 73 75 76
44 59 65 71 72 77
44 59 65 71 72 75 76
44 59 63 64 73 77
44 59 63 64 73 75 76
44 59 63 64 71 72 77
44 59 63 64 71 72 75 76
44 59 61 73 78
44 59 61 73 76 77
44 59 61 71 72 78
44 59 61 71 72 76 77
44 51 59 73
44 51 59 71 72
44 51 59 61 73
44 51 59 61 71 72
44 50 59 65 73
44 50 59 65 71 72
44 50 59 63 64 73
44 50 59 63 64 71 72
44 46 59 78
44 46 59 76 77
44 46 59 65 77
44 46 59 65 75 76
44 46 59 63 64 77
44 46 59 63 64 75 76
44 46 59 61 73 78
44 46 59 61 73 76 77
44 46 59 61 71 72 78
44 46 59 61 71 72 76 77
44 46 51 59
44 46 51 59 61 73
44 46 51 59 61 71 72
44 46 50 59 65
44 46 50 59 63 64
43 44 59 61 73 78
43 44 59 61 73 76 77
43 44 59 61 71 72 78
43 44 59 61 71 72 76 77
43 44 51 59 61 73
43 44 51 59 61 71 72
43 44 46 59 61 78
43 44 46 59 61 76 77
43 44 46 51 59 61
42 61 71 73 78 79
42 61 71 72 78 79
42 61 69 70 73 78 79
42 61 69 70 71 72 78 79
42 59 71 73 78
42 59 71 73 78 79
42 59 71 73 76 77
42 59 71 72 78
42 59 71 72 78 79
42 59 71 72 76 77
42 59 69 70 73 78
42 59 69 70 73 78 79
42 59 69 70 73 76 77
42 59 69 70 71 72 78
42 59 69 70 71 72 78 79
42 59 69 70 71 72 76 77
42 59 63 71 73 78 79
42 59 63 71 72 78 79
42 59 63 69 70 73 78 79
42 59 63 69 70 71 72 78 79
42 59 61 71 73 78
42 59 61 71 73 78 79
42 59 61 71 73 76 77
42 59 61 71 72 78
42 59 61 71 72 78 79
42 59 61 71 72 76 77
42 59 61 69 70 73 78
42 59 61 69 70 73 78 79
42 59 61 69 70 73 76 77
42 59 61 69 70 71 72 78
42 59 61 69 70 71 72 78 79
42 59 61 69 70 71 72 76 77
42 57 59 73 78
42 57 59 73 76 77
42 57 59 71 72 78
42 57 59 71 72 76 77
42 53 61 71 73
42 53 61 71 72
42 53 61 69 70 73
42 53 61 69 70 71 72
42 53 59 71 73
42 53 59 71 72
42 53 59 69 70 73
42 53 59 69 70 71 72
42 53 59 63 71 73
42 53 59 63 71 72
42 53 59 63 69 70 73
42 53 59 63 69 70 71 72
42 53 59 61 71 73
42 53 59 61 71 72
42 53 59 61 69 70 73
42 53 59 61 69 70 71 72
42 51 59 71 73
42 51 59 71 72
42 51 59 69 70 73
42 51 59 69 70 71 72
42 51 59 61 71 73
42 51 59 61 71 72
42 51 59 61 69 70 73
42 51 59 61 69 70 71 72
42 51 57 59 73
42 51 57 59 71 72
42 46 61 71 78 79
42 46 61 69 70 78 79
42 46 59 78
42 46 59 76 77
42 46 59 73 78
42 46 59 73 76 77
42 46 59 71 78
42 46 59 71 78 79
42 46 59 71 76 77
42 46 59 71 72 78
42 46 59 71 72 76 77
42 46 59 69 70 78
42 46 59 69 70 78 79
42 46 59 69 70 76 77
42 46 59 63 71 78 79
42 46 59 63 69 70 78 79
42 46 59 61 71 78
42 46 59 61 71 78 79
42 46 59 61 71 76 77
42 46 59 61 69 70 78
42 46 59 61 69 70 78 79
42 46 59 61 69 70 76 77
42 46 57 59 78
42 46 57 59 76 77
42 46 53 61 71
42 46 53 61 69 70
42 46 53 59 71
42 46 53 59 69 70
42 46 53 59 63 71
42 46 53 59 63 69 70
42 46 53 59 61 71
42 46 53 59 61 69 70
42 46 51 59
42 46 51 59 73
42 46 51 59 71
42 46 51 59 71 72
42 46 51 59 69 70
42 46 51 59 61 71
42 46 51 59 61 69 70
42 46 51 57 59
42 44 61 73 78 79
42 44 61 71 72 78 79
42 44 59 73 78
42 44 59 73 78 79
42 44 59 73 76 77
42 44 59 71 72 78
42 44 59 71 72 78 79
42 44 59 71 72 76 77
42 44 59 63 73 78 79
42 44 59 63 71 72 78 79
42 44 59 61 73 78
42 44 59 61 73 78 79
42 44 59 61 73 76 77
42 44 59 61 71 72 78
42 44 59 61 71 72 78 79
42 44 59 61 71 72 76 77
42 44 53 61 73
42 44 53 61 71 72
42 44 53 59 73
42 44 53 59 71 72
42 44 53 59 63 73
42 44 53 59 63 71 72
42 44 53 59 61 73
42 44 53 59 61 71 72
42 44 51 59 73
42 44 51 59 71 72
42 44 51 59 61 73
42 44 51 59 61 71 72
42 44 46 61 78 79
42 44 46 59 78
42 44 46 59 78 79
42 44 46 59 76 77
42 44 46 59 63 78 79
42 44 46 59 61 78
42 44 46 59 61 78 79
42 44 46 59 61 76 77
42 44 46 53 61
42 44 46 53 59
42 44 46 53 59 63
42 44 46 53 59 61
42 44 46 51 59
42 44 46 51 59 61
42 44 45 59 73 78
42 44 45 59 73 76 77
42 44 45 59 71 72 78
42 44 45 59 71 72 76 77
42 44 45 51 59 73
42 44 45 51 59 71 72
42 44 45 46 59 78
42 44 45 46 59 76 77
42 44 45 46 51 59
42 43 59 73 78
42 43 59 73 76 77
42 43 59 71 72 78
42 43 59 71 72 76 77
42 43 59 65 73 77
42 43 59 65 73 75 76
42 43 59 65 71 72 77
42 43 59 65 71 72 75 76
42 43 59 63 64 73 77
42 43 59 63 64 73 75 76
42 43 59 63 64 71 72 77
42 43 59 63 64 71 72 75 76
42 43 59 61 73 78
42 43 59 61 73 76 77
42 43 59 61 71 72 78
42 43 59 61 71 72 76 77
42 43 51 59 73
42 43 51 59 71 72
42 43 51 59 61 73
42 43 51 59 61 71 72
42 43 50 59 65 73
42 43 50 59 65 71 72
42 43 50 59 63 64 73
42 43 50 59 63 64 71 72
42 43 46 59 78
42 43 46 59 76 77
42 43 46 59 65 77
42 43 46 59 65 75 76
42 43 46 59 63 64 77
42 43 46 59 63 64 75 76
42 43 46 59 61 73 78
42 43 46 59 61 73 76 77
42 43 46 59 61 71 72 78
42 43 46 59 61 71 72 76 77
42 43 46 51 59
42 43 46 51 59 61 73
42 43 46 51 59 61 71 72
42 43 46 50 59 65
42 43 46 50 59 63 64
42 43 45 59 61 73 78
42 43 45 59 61 73 76 77
42 43 45 59 61 71 72 78
42 43 45 59 61 71 72 76 77
42 43 45 51 59 61 73
42 43 45 51 59 61 71 72
42 43 45 46 59 61 78
42 43 45 46 59 61 76 77
42 43 45 46 51 59 61
42 43 44 59 61 73 78
42 43 44 59 61 73 76 77
42 43 44 59 61 71 72 78
42 43 44 59 61 71 72 76 77
42 43 44 51 59 61 73
42 43 44 51 59 61 71 72
42 43 44 46 59 61 78
42 43 44 46 59 61 76 77
42 43 44 46 51 59 61
42 43 44 45 59 61 73 78
42 43 44 45 59 61 73 76 77
42 43 44 45 59 61 71 72 78
42 43 44 45 59 61 71 72 76 77
42 43 44 45 51 59 61 73
42 43 44 45 51 59 61 71 72
42 43 44 45 46 59 61 78
42 43 44 45 46 59 61 76 77
42 43 44 45 46 51 59 61
40 41 61 71 73 78 79
40 41 61 71 72 78 79
40 41 61 69 70 73 78 79
40 41 61 69 70 71 72 78 79
40 41 59 71 73 78
40 41 59 71 73 78 79
40 41 59 71 73 76 77
40 41 59 71 72 78
40 41 59 71 72 78 79
40 41 59 71 72 76 77
40 41 59 69 70 73 78
40 41 59 69 70 73 78 79
40 41 59 69 70 73 76 77
40 41 59 69 70 71 72 78
40 41 59 69 70 71 72 78 79
40 41 59 69 70 71 72 76 77
40 41 59 63 71 73 78 79
40 41 59 63 71 72 78 79
40 41 59 63 69 70 73 78 79
40 41 59 63 69 70 71 72 78 79
40 41 59 61 71 73 78
40 41 59 61 71 73 78 79
40 41 59 61 71 73 76 77
40 41 59 61 71 72 78
40 41 59 61 71 72 78 79
40 41 59 61 71 72 76 77
40 41 59 61 69 70 73 78
40 41 59 61 69 70 73 78 79
40 41 59 61 69 70 73 76 77
40 41 59 61 69 70 71 72 78
40 41 59 61 69 70 71 72 78 79
40 41 59 61 69 70 71 72 76 77
40 41 57 59 73 78
40 41 57 59 73 76 77
40 41 57 59 71 72 78
40 41 57 59 71 72 76 77
40 41 53 61 71 73
40 41 53 61 71 72
40 41 53 61 69 70 73
40 41 53 61 69 70 71 72
40 41 53 59 71 73
40 41 53 59 71 72
40 41 53 59 69 70 73
40 41 53 59 69 70 71 72
40 41 53 59 63 71 73
40 41 53 59 63 71 72
40 41 53 59 63 69 70 73
40 41 53 59 63 69 70 71 72
40 41 53 59 61 71 73
40 41 53 59 61 71 72
40 41 53 59 61 69 70 73
40 41 53 59 61 69 70 71 72
40 41 51 59 71 73
40 41 51 59 71 72
40 41 51 59 69 70 73
40 41 51 59 69 70 71 72
40 41 51 59 61 71 73
40 41 51 59 61 71 72
40 41 51 59 61 69 70 73
40 41 51 59 61 69 70 71 72
40 41 51 57 59 73
40 41 51 57 59 71 72
40 41 46 61 71 78 79
40 41 46 61 69 70 78 79
40 41 46 59 78
40 41 46 59 76 77
40 41 46 59 73 78
40 41 46 59 73 76 77
40 41 46 59 71 78
40 41 46 59 71 78 79
40 41 46 59 71 76 77
40 41 46 59 71 72 78
40 41 46 59 71 72 76 77
40 41 46 59 69 70 78
40 41 46 59 69 70 78 79
40 41 46 59 69 70 76 77
40 41 46 59 63 71 78 79
40 41 46 59 63 69 70 78 79
40 41 46 59 61 71 78
40 41 46 59 61 71 78 79
40 41 46 59 61 71 76 77
40 41 46 59 61 69 70 78
40 41 46 59 61 69 70 78 79
40 41 46 59 61 69 70 76 77
40 41 46 57 59 78
40 41 46 57 59 76 77
40 41 46 53 61 71
40 41 46 53 61 69 70
40 41 46 53 59 71
40 41 46 53 59 69 70
40 41 46 53 59 63 71
40 41 46 53 59 63 69 70
40 41 46 53 59 61 71
40 41 46 53 59 61 69 70
40 41 46 51 59
40 41 46 51 59 73
40 41 46 51 59 71
40 41 46 51 59 71 72
40 41 46 51 59 69 70
40 41 46 51 59 61 71
40 41 46 51 59 61 69 70
40 41 46 51 57 59
40 41 44 61 73 78 79
40 41 44 61 71 72 78 79
40 41 44 59 73 78
40 41 44 59 73 78 79
40 41 44 59 73 76 77
40 41 44 59 71 72 78
40 41 44 59 71 72 78 79
40 41 44 59 71 72 76 77
40 41 44 59 63 73 78 79
40 41 44 59 63 71 72 78 79
40 41 44 59 61 73 78
40 41 44 59 61 73 78 79
40 41 44 59 61 73 76 77
40 41 44 59 61 71 72 78
40 41 44 59 61 71 72 78 79
40 41 44 59 61 71 72 76 77
40 41 44 53 61 73
40 41 44 53 61 71 72
40 41 44 53 59 73
40 41 44 53 59 71 72
40 41 44 53 59 63 73
40 41 44 53 59 63 71 72
40 41 44 53 59 61 73
40 41 44 53 59 61 71 72
40 41 44 51 59 73
40 41 44 51 59 71 72
40 41 44 51 59 61 73
40 41 44 51 59 61 71 72
40 41 44 46 61 78 79
40 41 44 46 59 78
40 41 44 46 59 78 79
40 41 44 46 59 76 77
40 41 44 46 59 63 78 79
40 41 44 46 59 61 78
40 41 44 46 59 61 78 79
40 41 44 46 59 61 76 77
40 41 44 46 53 61
40 41 44 46 53 59
40 41 44 46 53 59 63
40 41 44 46 53 59 61
40 41 44 46 51 59
40 41 44 46 51 59 61
40 41 44 45 59 73 78
40 41 44 45 59 73 76 77
40 41 44 45 59 71 72 78
40 41 44 45 59 71 72 76 77
40 41 44 45 51 59 73
40 41 44 45 51 59 71 72
40 41 44 45 46 59 78
40 41 44 45 46 59 76 77
40 41 44 45 46 51 59
38 44 59 73 77
38 44 59 73 75 76
38 44 59 71 72 77
38 44 59 71 72 75 76
38 44 50 59 73
38 44 50 59 71 72
38 44 46 59 77
38 44 46 59 75 76
38 44 46 50 59
38 42 43 59 73 77
38 42 43 59 73 75 76
38 42 43 59 71 72 77
38 42 43 59 71 72 75 76
38 42 43 50 59 73
38 42 43 50 59 71 72
38 42 43 46 59 77
38 42 43 46 59 75 76
38 42 43 46 50 59
34
33 42 59 73 78
33 42 59 73 76 77
33 42 59 71 72 78
33 42 59 71 72 76 77
33 42 51 59 73
33 42 51 59 71 72
33 42 46 59 78
33 42 46 59 76 77
33 42 46 51 59
33 40 41 59 73 78
33 40 41 59 73 76 77
33 40 41 59 71 72 78
33 40 41 59 71 72 76 77
33 40 41 51 59 73
33 40 41 51 59 71 72
33 40 41 46 59 78
33 40 41 46 59 76 77
33 40 41 46 51 59
31 44 59 61 73 78
31 44 59 61 73 76 77
31 44 59 61 71 72 78
31 44 59 61 71 72 76 77
31 44 51 59 61 73
31 44 51 59 61 71 72
31 44 46 59 61 78
31 44 46 59 61 76 77
31 44 46 51 59 61
31 42 43 59 61 73 78
31 42 43 59 61 73 76 77
31 42 43 59 61 71 72 78
31 42 43 59 61 71 72 76 77
31 42 43 51 59 61 73
31 42 43 51 59 61 71 72
31 42 43 46 59 61 78
31 42 43 46 59 61 76 77
31 42 43 46 51 59 61
31 32 42 59 73 78
31 32 42 59 73 76 77
31 32 42 59 71 72 78
31 32 42 59 71 72 76 77
31 32 42 51 59 73
31 32 42 51 59 71 72
31 32 42 46 59 78
31 32 42 46 59 76 77
31 32 42 46 51 59
31 32 40 41 59 73 78
31 32 40 41 59 73 76 77
31 32 40 41 59 71 72 78
31 32 40 41 59 71 72 76 77
31 32 40 41 51 59 73
31 32 40 41 51 59 71 72
31 32 40 41 46 59 78
31 32 40 41 46 59 76 77
31 32 40 41 46 51 59
29 30 44 59 61 73 78
29 30 44 59 61 73 76 77
29 30 44 59 61 71 72 78
29 30 44 59 61 71 72 76 77
29 30 44 51 59 61 73
29 30 44 51 59 61 71 72
29 30 44 46 59 61 78
29 30 44 46 59 61 76 77
29 30 44 46 51 59 61
29 30 42 43 59 61 73 78
29 30 42 43 59 61 73 76 77
29 30 42 43 59 61 71 72 78
29 30 42 43 59 61 71 72 76 77
29 30 42 43 51 59 61 73
29 30 42 43 51 59 61 71 72
29 30 42 43 46 59 61 78
29 30 42 43 46 59 61 76 77
29 30 42 43 46 51 59 61
19 44 59 61 73 78
19 44 59 61 73 76 77
19 44 59 61 71 72 78
19 44 59 61 71 72 76 77
19 44 51 59 61 73
19 44 51 59 61 71 72
19 44 46 59 61 78
19 44 46 59 61 76 77
19 44 46 51 59 61
19 42 59 73 78
19 42 59 73 76 77
19 42 59 71 72 78
19 42 59 71 72 76 77
19 42 51 59 73
19 42 51 59 71 72
19 42 46 59 78
19 42 46 59 76 77
19 42 46 51 59
19 42 43 59 61 73 78
19 42 43 59 61 73 76 77
19 42 43 59 61 71 72 78
19 42 43 59 61 71 72 76 77
19 42 43 51 59 61 73
19 42 43 51 59 61 71 72
19 42 43 46 59 61 78
19 42 43 46 59 61 76 77
19 42 43 46 51 59 61
19 40 41 59 73 78
19 40 41 59 73 76 77
19 40 41 59 71 72 78
19 40 41 59 71 72 76 77
19 40 41 51 59 73
19 40 41 51 59 71 72
19 40 41 46 59 78
19 40 41 46 59 76 77
19 40 41 46 51 59
18 44 59 61 73 78
18 44 59 61 73 76 77
18 44 59 61 71 72 78
18 44 59 61 71 72 76 77
18 44 51 59 61 73
18 44 51 59 61 71 72
18 44 46 59 61 78
18 44 46 59 61 76 77
18 44 46 51 59 61
18 42 43 59 61 73 78
18 42 43 59 61 73 76 77
18 42 43 59 61 71 72 78
18 42 43 59 61 71 72 76 77
18 42 43 51 59 61 73
18 42 43 51 59 61 71 72
18 42 43 46 59 61 78
18 42 43 46 59 61 76 77
18 42 43 46 51 59 61
17 59 73 78
17 59 73 76 77
17 59 71 72 78
17 59 71 72 76 77
17 59 65 73 77
17 59 65 73 75 76
17 59 65 71 72 77
17 59 65 71 72 75 76
17 59 63 64 73 77
17 59 63 64 73 75 76
17 59 63 64 71 72 77
17 59 63 64 71 72 75 76
17 59 61 73 78
17 59 61 73 76 77
17 59 61 71 72 78
17 59 61 71 72 76 77
17 51 59 73
17 51 59 71 72
17 51 59 61 73
17 51 59 61 71 72
17 50 59 65 73
17 50 59 65 71 72
17 50 59 63 64 73
17 50 59 63 64 71 72
17 46 59 78
17 46 59 76 77
17 46 59 65 77
17 46 59 65 75 76
17 46 59 63 64 77
17 46 59 63 64 75 76
17 46 59 61 73 78
17 46 59 61 73 76 77
17 46 59 61 71 72 78
17 46 59 61 71 72 76 77
17 46 51 59
17 46 51 59 61 73
17 46 51 59 61 71 72
17 46 50 59 65
17 46 50 59 63 64
17 45 59 61 73 78
17 45 59 61 73 76 77
17 45 59 61 71 72 78
17 45 59 61 71 72 76 77
17 45 51 59 61 73
17 45 51 59 61 71 72
17 45 46 59 61 78
17 45 46 59 61 76 77
17 45 46 51 59 61
17 44 45 59 61 73 78
17 44 45 59 61 73 76 77
17 44 45 59 61 71 72 78
17 44 45 59 61 71 72 76 77
17 44 45 51 59 61 73
17 44 45 51 59 61 71 72
17 44 45 46 59 61 78
17 44 45 46 59 61 76 77
17 44 45 46 51 59 61
17 43 44 59 61 73 78
17 43 44 59 61 73 76 77
17 43 44 59 61 71 72 78
17 43 44 59 61 71 72 76 77
17 43 44 51 59 61 73
17 43 44 51 59 61 71 72
17 43 44 46 59 61 78
17 43 44 46 59 61 76 77
17 43 44 46 51 59 61
17 38 59 73 77
17 38 59 73 75 76
17 38 59 71 72 77
17 38 59 71 72 75 76
17 38 50 59 73
17 38 50 59 71 72
17 38 46 59 77
17 38 46 59 75 76
17 38 46 50 59
17 31 59 61 73 78
17 31 59 61 73 76 77
17 31 59 61 71 72 78
17 31 59 61 71 72 76 77
17 31 51 59 61 73
17 31 51 59 61 71 72
17 31 46 59 61 78
17 31 46 59 61 76 77
17 31 46 51 59 61
17 29 30 59 61 73 78
17 29 30 59 61 73 76 77
17 29 30 59 61 71 72 78
17 29 30 59 61 71 72 76 77
17 29 30 51 59 61 73
17 29 30 51 59 61 71 72
17 29 30 46 59 61 78
17 29 30 46 59 61 76 77
17 29 30 46 51 59 61
17 19 59 61 73 78
17 19 59 61 73 76 77
17 19 59 61 71 72 78
17 19 59 61 71 72 76 77
17 19 51 59 61 73
17 19 51 59 61 71 72
17 19 46 59 61 78
17 19 46 59 61 76 77
17 19 46 51 59 61
17 18 59 61 73 78
17 18 59 61 73 76 77
17 18 59 61 71 72 78
17 18 59 61 71 72 76 77
17 18 51 59 61 73
17 18 51 59 61 71 72
17 18 46 59 61 78
17 18 46 59 61 76 77
17 18 46 51 59 61
15 61 71 73 78 79
15 61 71 72 78 79
15 61 69 70 73 78 79
15 61 69 70 71 72 78 79
15 59 71 73 78
15 59 71 73 78 79
15 59 71 73 76 77
15 59 71 72 78
15 59 71 72 78 79
15 59 71 72 76 77
15 59 69 70 73 78
15 59 69 70 73 78 79
15 59 69 70 73 76 77
15 59 69 70 71 72 78
15 59 69 70 71 72 78 79
15 59 69 70 71 72 76 77
15 59 63 71 73 78 79
15 59 63 71 72 78 79
15 59 63 69 70 73 78 79
15 59 63 69 70 71 72 78 79
15 59 61 71 73 78
15 59 61 71 73 78 79
15 59 61 71 73 76 77
15 59 61 71 72 78
15 59 61 71 72 78 79
15 59 61 71 72 76 77
15 59 61 69 70 73 78
15 59 61 69 70 73 78 79
15 59 61 69 70 73 76 77
15 59 61 69 70 71 72 78
15 59 61 69 70 71 72 78 79
15 59 61 69 70 71 72 76 77
15 57 59 73 78
15 57 59 73 76 77
15 57 59 71 72 78
15 57 59 71 72 76 77
15 53 61 71 73
15 53 61 71 72
15 53 61 69 70 73
15 53 61 69 70 71 72
15 53 59 71 73
15 53 59 71 72
15 53 59 69 70 73
15 53 59 69 70 71 72
15 53 59 63 71 73
15 53 59 63 71 72
15 53 59 63 69 70 73
15 53 59 63 69 70 71 72
15 53 59 61 71 73
15 53 59 61 71 72
15 53 59 61 69 70 73
15 53 59 61 69 70 71 72
15 51 59 71 73
15 51 59 71 72
15 51 59 69 70 73
15 51 59 69 70 71 72
15 51 59 61 71 73
15 51 59 61 71 72
15 51 59 61 69 70 73
15 51 59 61 69 70 71 72
15 51 57 59 73
15 51 57 59 71 72
15 46 61 71 78 79
15 46 61 69 70 78 79
15 46 59 78
15 46 59 76 77
15 46 59 73 78
15 46 59 73 76 77
15 46 59 71 78
15 46 59 71 78 79
15 46 59 71 76 77
15 46 59 71 72 78
15 46 59 71 72 76 77
15 46 59 69 70 78
15 46 59 69 70 78 79
15 46 59 69 70 76 77
15 46 59 63 71 78 79
15 46 59 63 69 70 78 79
15 46 59 61 71 78
15 46 59 61 71 78 79
15 46 59 61 71 76 77
15 46 59 61 69 70 78
15 46 59 61 69 70 78 79
15 46 59 61 69 70 76 77
15 46 57 59 78
15 46 57 59 76 77
15 46 53 61 71
15 46 53 61 69 70
15 46 53 59 71
15 46 53 59 69 70
15 46 53 59 63 71
15 46 53 59 63 69 70
15 46 53 59 61 71
15 46 53 59 61 69 70
15 46 51 59
15 46 51 59 73
15 46 51 59 71
15 46 51 59 71 72
15 46 51 59 69 70
15 46 51 59 61 71
15 46 51 59 61 69 70
15 46 51 57 59
15 44 61 73 78 79
15 44 61 71 72 78 79
15 44 59 73 78
15 44 59 73 78 79
15 44 59 73 76 77
15 44 59 71 72 78
15 44 59 71 72 78 79
15 44 59 71 72 76 77
15 44 59 63 73 78 79
15 44 59 63 71 72 78 79
15 44 59 61 73 78
15 44 59 61 73 78 79
15 44 59 61 73 76 77
15 44 59 61 71 72 78
15 44 59 61 71 72 78 79
15 44 59 61 71 72 76 77
15 44 53 61 73
15 44 53 61 71 72
15 44 53 59 73
15 44 53 59 71 72
15 44 53 59 63 73
15 44 53 59 63 71 72
15 44 53 59 61 73
15 44 53 59 61 71 72
15 44 51 59 73
15 44 51 59 71 72
15 44 51 59 61 73
15 44 51 59 61 71 72
15 44 46 61 78 79
15 44 46 59 78
15 44 46 59 78 79
15 44 46 59 76 77
15 44 46 59 63 78 79
15 44 46 59 61 78
15 44 46 59 61 78 79
15 44 46 59 61 76 77
15 44 46 53 61
15 44 46 53 59
15 44 46 53 59 63
15 44 46 53 59 61
15 44 46 51 59
15 44 46 51 59 61
15 44 45 59 73 78
15 44 45 59 73 76 77
15 44 45 59 71 72 78
15 44 45 59 71 72 76 77
15 44 45 51 59 73
15 44 45 51 59 71 72
15 44 45 46 59 78
15 44 45 46 59 76 77
15 44 45 46 51 59
15 33 59 73 78
15 33 59 73 76 77
15 33 59 71 72 78
15 33 59 71 72 76 77
15 33 51 59 73
15 33 51 59 71 72
15 33 46 59 78
15 33 46 59 76 77
15 33 46 51 59
15 31 32 59 73 78
15 31 32 59 73 76 77
15 31 32 59 71 72 78
15 31 32 59 71 72 76 77
15 31 32 51 59 73
15 31 32 51 59 71 72
15 31 32 46 59 78
15 31 32 46 59 76 77
15 31 32 46 51 59
15 19 59 73 78
15 19 59 73 76 77
15 19 59 71 72 78
15 19 59 71 72 76 77
15 19 51 59 73
15 19 51 59 71 72
15 19 46 59 78
15 19 46 59 76 77
15 19 46 51 59
6 42 59 73 78
6 42 59 73 76 77
6 42 59 71 72 78
6 42 59 71 72 76 77
6 42 51 59 73
6 42 51 59 71 72
6 42 46 59 78
6 42 46 59 76 77
6 42 46 51 59
6 40 41 59 73 78
6 40 41 59 73 76 77
6 40 41 59 71 72 78
6 40 41 59 71 72 76 77
6 40 41 51 59 73
6 40 41 51 59 71 72
6 40 41 46 59 78
6 40 41 46 59 76 77
6 40 41 46 51 59
6 15 59 73 78
6 15 59 73 76 77
6 15 59 71 72 78
6 15 59 71 72 76 77
6 15 51 59 73
6 15 51 59 71 72
6 15 46 59 78
6 15 46 59 76 77
6 15 46 51 59
4 44 59 61 73 78
4 44 59 61 73 76 77
4 44 59 61 71 72 78
4 44 59 61 71 72 76 77
4 44 51 59 61 73
4 44 51 59 61 71 72
4 44 46 59 61 78
4 44 46 59 61 76 77
4 44 46 51 59 61
4 42 43 59 61 73 78
4 42 43 59 61 73 76 77
4 42 43 59 61 71 72 78
4 42 43 59 61 71 72 76 77
4 42 43 51 59 61 73
4 42 43 51 59 61 71 72
4 42 43 46 59 61 78
4 42 43 46 59 61 76 77
4 42 43 46 51 59 61
4 17 59 61 73 78
4 17 59 61 73 76 77
4 17 59 61 71 72 78
4 17 59 61 71 72 76 77
4 17 51 59 61 73
4 17 51 59 61 71 72
4 17 46 59 61 78
4 17 46 59 61 76 77
4 17 46 51 59 61
1 78 79
1 53

