79
77 78
77 78 79
75
73
73 74
71
71 78 79
70 71
69 78 79
69 71
69 70 78 79
69 70 72
69 70 71
68 69
68 69 79
68 69 77 78
67 73
67 71
67 71 72
67 69 70
67 68 79
67 68 78 79
67 68 77 78
67 68 71
67 68 69
67 68 69 70
66
66 71
66 69 70
65
65 68 69
65 67
65 67 68
65 66 73
65 66 71
65 66 71 72
65 66 69 70
65 66 68 69
65 66 67 68
64 69
64 67 68
64 65
63
62
61
61 69
61 67
61 67 68
61 65 66
60 61 63
60 61 62
59 67
59 65 66
58
56 57
55
55 78 79
55 77 78 79
55 71 78 79
55 69 70 78 79
55 67 68 78 79
55 66
55 65 66 68 78 79
55 64 65
55 61
55 61 78 79
55 61 67
55 61 65 66
55 59 67 69
55 59 67 68
55 59 65 66 69
55 59 65 66 67 68
55 57
55 56
54
54 62
54 60 61
53 79
53 78 79
53 77 78
53 71
53 69
53 69 70
53 68 69
53 67
53 65 66
53 63
53 61 62
53 55 79
53 55 77 78
53 55 71
53 55 69 70
53 55 67 68
53 55 65 66 68
53 55 61
53 54
53 54 61 78 79
53 54 59 67 69
53 54 59 67 68
53 54 59 65 66 69
53 54 59 65 66 67 68
52
52 78 79
52 68 69
52 67 68
52 55 78 79
52 53
52 53 71
52 53 69
52 53 69 70
52 53 67 68
52 53 62
52 53 60 61
52 53 55
51 67
51 65 66
51 52 78 79
51 52 68 69
51 52 67
51 52 67 68
51 52 65 66
51 52 63
51 52 61 62
51 52 54
50 67
50 65 66
50 64
50 54
49
49 69
49 67
49 67 68
49 65 66
49 50 67
49 50 65 66
48 49 67
48 49 65 66
48 49 64
48 49 54
47 48
47 48 69
47 48 67
47 48 67 68
47 48 65 66
46
46 67
46 65 66
46 47
45
45 69
45 67 68
45 55
44
44 72
44 70 71
44 69
44 68 69
44 66
44 55 78 79
44 53 55
44 52 53
44 45
43 44
43 44 71
43 44 69
43 44 69 70
43 44 67 68
42 78 79
42 71
42 69 70
42 68
42 68 79
42 68 77 78
42 67 68
42 65 68
42 65 66 68
42 64
42 61
42 55 59 67
42 55 59 65 66
42 53
42 53 68
42 53 54 59 67
42 53 54 59 65 66
42 52 68
42 52 53
42 51 52 68
42 49
42 47 48
42 45
42 44
42 44 68
42 43 78 79
42 43 68
42 43 68 69
42 43 67
42 43 67 68
42 43 65 66
42 43 53
42 43 44
40
40 73
40 71
40 71 72
40 69
40 69 70
40 68 69
40 65
40 61
40 59
40 55 68 78 79
40 55 61
40 55 59 69
40 55 59 67 68
40 53
40 53 55 68
40 53 54 59 69
40 53 54 59 67 68
40 51
40 51 52
40 49
40 49 50
40 47 48
40 46
40 42
40 42 68
40 42 55 59
40 42 53 54 59
40 42 43
39 55
38
38 69
38 67 68
38 64
38 51
38 49
38 49 50
38 47 48
38 42
38 40
38 39
38 39 69
38 39 67 68
38 39 50
38 39 48 49
38 39 42
37 69
37 67
37 67 68
37 65 66
37 50
37 48 49
37 42
37 40
37 38
36
36 69 78 79
36 67 68 78 79
36 62
36 60 61
36 55
36 55 67
36 55 67 68 78 79
36 55 65 66
36 55 65 66 68 78 79
36 55 59 67 69
36 55 59 67 68
36 55 59 65 66 69
36 55 59 65 66 67 68
36 53
36 53 69
36 53 67 68
36 53 55 67 68
36 53 55 65 66 68
36 53 54 59 67 69
36 53 54 59 67 68
36 53 54 59 65 66 69
36 53 54 59 65 66 67 68
36 51 52
36 42 78 79
36 42 55 59 67
36 42 55 59 65 66
36 42 53
36 42 53 54 59 67
36 42 53 54 59 65 66
36 40 55
36 40 55 68 78 79
36 40 55 59 69
36 40 55 59 67 68
36 40 53 55 68
36 40 53 54 59 69
36 40 53 54 59 67 68
36 40 42 55 59
36 40 42 53 54 59
35
35 77 78 79
35 71
35 69
35 69 70
35 68 69
35 68 69 79
35 68 69 77 78
35 67
35 67 68 79
35 67 68 77 78
35 65 78 79
35 65 68 69
35 65 67 68
35 65 66
35 60
35 59
35 54
35 54 68
35 53
35 53 79
35 53 77 78
35 53 65
35 52
35 52 78 79
35 52 68 69
35 52 67 68
35 52 53
35 51
35 50
35 49
35 47 48
35 47 48 50
35 47 48 49
35 44
35 43
35 42
35 42 68
35 42 68 79
35 42 68 77 78
35 42 65 68
35 42 52 68
35 40
34
34 71
34 70
34 69 73
34 69 71
34 69 71 72
34 69 70
34 68 78 79
34 68 73
34 68 71 72
34 68 69
34 68 69 73
34 68 69 71
34 68 69 71 72
34 67
34 67 79
34 67 78 79
34 67 77 78
34 67 70
34 67 69
34 67 68 69
34 66 67 69
34 66 67 68
34 65 67
34 65 67 78 79
34 65 66 79
34 65 66 77 78
34 65 66 70
34 65 66 69
34 65 66 68
34 65 66 68 69
34 65 66 67 68
34 63
34 63 69
34 63 67 68
34 61
34 61 68
34 61 62
34 61 62 69
34 61 62 67 68
34 60
34 59
34 56 69
34 56 68 69
34 55 68
34 55 67
34 55 65 66
34 55 61
34 54 68
34 54 68 78 79
34 54 68 69
34 54 67 68
34 54 55 69
34 54 55 68 69
34 53 68
34 53 67
34 53 65 67
34 53 54
34 53 54 68
34 53 54 67
34 53 54 65 66
34 53 54 61
34 52
34 52 78 79
34 52 69
34 52 68
34 52 67
34 52 67 68
34 52 65 66
34 52 53 69
34 52 53 67 68
34 51
34 51 68
34 51 67
34 51 65 66
34 50
34 49
34 49 50 67
34 49 50 65 66
34 48 49 51 68
34 48 49 50 68
34 47 48
34 47 48 50
34 47 48 49
34 46 69
34 46 68 69
34 45 69
34 45 67 68
34 44
34 44 69
34 44 68 69
34 44 63 67
34 44 63 65 66
34 44 61 62 67
34 44 61 62 65 66
34 44 54 67
34 44 54 65 66
34 44 52 53 67
34 44 52 53 65 66
34 43 78 79
34 43 68 69
34 43 67
34 43 67 68
34 43 65 66
34 43 53
34 43 44 69
34 43 44 67 68
34 42 73
34 42 71
34 42 71 72
34 42 70
34 42 69 70
34 42 68 73
34 42 68 71
34 42 68 71 72
34 42 68 70
34 42 68 69 70
34 42 67
34 42 66 67
34 42 65 66
34 42 63
34 42 61 62
34 42 56
34 42 56 68
34 42 54 68
34 42 54 55
34 42 54 55 68
34 42 52
34 42 52 53
34 42 46
34 42 46 68
34 42 45
34 42 44
34 42 44 68
34 42 43 68
34 42 43 63 67
34 42 43 63 65 66
34 42 43 61 62 67
34 42 43 61 62 65 66
34 42 43 54 67
34 42 43 54 65 66
34 42 43 52 53 67
34 42 43 52 53 65 66
34 42 43 44
34 41 69
34 41 67 68
34 41 42
34 40
34 40 79
34 40 78 79
34 40 77 78
34 40 70
34 40 69
34 40 68
34 40 68 69
34 40 67 68
34 40 65
34 40 65 78 79
34 40 55
34 40 53
34 40 53 65
34 40 53 54
34 40 52
34 40 51
34 40 49 50
34 40 44 63
34 40 44 61 62
34 40 44 54
34 40 44 52 53
34 40 43
34 40 42
34 40 42 43 63
34 40 42 43 61 62
34 40 42 43 54
34 40 42 43 52 53
34 38
34 37 68
34 36
34 36 59 69
34 36 59 67 68
34 36 42 59
34 36 37
34 35 63 67
34 35 63 65 66
34 35 61 62 67
34 35 61 62 65 66
34 35 54 67
34 35 54 65 66
34 35 52 53 67
34 35 52 53 65 66
34 35 40 63
34 35 40 61 62
34 35 40 54
34 35 40 52 53
34 35 36 68
33 34 78 79
33 34 68 69
33 34 67
33 34 67 68
33 34 65 66
33 34 63 67
33 34 63 65 66
33 34 61 62 67
33 34 61 62 65 66
33 34 54 67
33 34 54 65 66
33 34 53
33 34 52 53 67
33 34 52 53 65 66
33 34 42 68
33 34 40
33 34 40 63
33 34 40 61 62
33 34 40 54
33 34 40 52 53
32 55 67
32 55 65 66
32 40 55
31 69
31 67 68
31 50
31 48 49
31 42
31 38
30
29 34
29 34 69
29 34 68 69
29 34 42
29 34 42 68
29 30
29 30 69
29 30 67 68
29 30 50
29 30 48 49
29 30 42
29 30 38
28 61
28 61 78 79
28 59 67 69
28 59 67 68
28 59 65 66 69
28 59 65 66 67 68
28 53 61
28 42 59 67
28 42 59 65 66
28 40 59 69
28 40 59 67 68
28 40 42 59
28 36 59 67 69
28 36 59 67 68
28 36 59 65 66 69
28 36 59 65 66 67 68
28 36 42 59 67
28 36 42 59 65 66
28 36 40 59 69
28 36 40 59 67 68
28 36 40 42 59
28 34
28 34 67
28 34 65 66
28 34 61
28 34 40
27
27 71
27 69
27 69 70
27 67
27 67 68
27 65 66
27 62
27 60 61
27 53
27 51 52
27 44
27 42
27 40
27 34
27 34 69
27 34 67 68
27 34 44 67
27 34 44 65 66
27 34 42
27 34 42 43 67
27 34 42 43 65 66
27 34 40 44
27 34 40 42 43
27 34 35 67
27 34 35 65 66
27 34 35 40
27 33 34 67
27 33 34 65 66
27 33 34 40
27 28 34
26 78 79
26 71
26 69 70
26 68 69
26 67
26 67 68
26 65 66
26 63
26 61 62
26 54
26 53
26 52 53
26 44
26 42 68
26 40
26 36
26 35
26 34
26 34 36 69
26 34 36 67 68
26 34 36 42
26 27
25
25 34
24
24 67
24 65 66
24 50
24 48 49
24 40
24 38
24 34
24 34 68
24 34 67
24 34 65 66
24 34 50 68
24 34 48 49 68
24 34 40
24 25 35
23 67
23 65 66
23 64
23 54
23 38 39
23 37
23 35
23 35 49
23 35 47 48
23 34
23 34 51 68
23 34 49
23 34 49 50 68
23 34 47 48
23 31
23 29 30
23 24 34 68
22
22 78 79
22 69
22 68 69
22 67
22 65 66
22 53
22 50
22 48 49
22 42
22 42 68
22 40
22 38 78 79
22 38 68 69
22 38 67
22 38 67 68
22 38 65 66
22 38 53
22 38 42 68
22 38 40
22 35
22 35 50
22 35 48 49
22 34 68
22 23
22 23 35
21
21 78 79
21 68 69
21 67 68
21 55 78 79
21 53
21 53 55
21 50
21 48 49
21 42 68
21 38
21 35 78 79
21 35 68 69
21 35 67 68
21 35 53
21 35 42 68
21 34
21 34 69
21 34 68
21 34 67 68
21 34 42
21 23
20
20 78 79
20 75
20 73 74
20 71
20 69 73
20 69 71 72
20 69 70
20 67
20 67 78 79
20 67 68 73
20 67 68 71 72
20 65 66
20 65 66 78 79
20 61
20 61 69
20 61 67
20 61 67 68
20 61 65 66
20 55
20 55 56
20 54
20 53
20 53 67
20 53 65 66
20 52 53
20 46 69
20 46 67 68
20 46 47
20 45
20 44
20 43 44
20 42 73
20 42 71 72
20 42 61
20 42 46
20 40
20 40 78 79
20 40 61
20 40 53
20 39
20 38
20 38 78 79
20 38 68 69
20 38 67
20 38 67 68
20 38 65 66
20 38 53
20 38 49
20 38 47 48
20 38 42 68
20 38 40
20 37
20 37 50
20 37 48 49
20 37 38
20 36
20 36 78 79
20 36 68 69
20 36 67
20 36 67 68
20 36 65 66
20 36 53
20 36 42 68
20 36 40
20 34 78 79
20 34 73
20 34 71 72
20 34 69
20 34 69 78 79
20 34 68 69
20 34 67 68 78 79
20 34 53
20 34 53 69
20 34 53 67 68
20 34 50
20 34 48 49
20 34 46
20 34 42
20 34 42 78 79
20 34 42 68
20 34 42 53
20 34 36
20 34 35
20 30
20 27
20 27 69
20 27 67 68
20 27 42
20 24
20 23 37
20 23 34
20 22 69
20 22 67 68
20 22 42
20 22 38
20 21 69
20 21 67 68
20 21 50
20 21 48 49
20 21 42
20 21 38
20 21 23
19
19 55 67
19 55 65 66
19 40 55
18 71
18 69
18 69 70
18 67 68
18 44
18 42
18 34 69
18 34 67 68
18 34 42
18 20
18 19
17 78 79
17 68 69
17 67
17 67 68
17 65 66
17 53
17 42 68
17 40
17 34 63 67
17 34 63 65 66
17 34 61 62 67
17 34 61 62 65 66
17 34 54 67
17 34 54 65 66
17 34 52 53 67
17 34 52 53 65 66
17 34 40 63
17 34 40 61 62
17 34 40 54
17 34 40 52 53
17 27 34 67
17 27 34 65 66
17 27 34 40
17 18 55 67
17 18 55 65 66
17 18 40 55
16 34 68
15 35
15 34
13 69
13 67 68
13 50
13 48 49
13 42
13 38
13 23
12
12 20
11 71
11 69 70
11 44
11 34
11 34 36 69
11 34 36 67 68
11 34 36 42
10 35
10 34 78 79
10 34 69
10 34 68
10 34 67 68
10 34 53
10 34 42
9
9 71
9 69
9 69 70
9 67 68
9 44
9 42
9 35
9 34 69
9 34 67 68
9 34 42
9 20
8 78 79
8 68 69
8 67
8 67 68
8 65 66
8 53
8 42 68
8 40
8 34 63 67
8 34 63 65 66
8 34 61 62 67
8 34 61 62 65 66
8 34 54 67
8 34 54 65 66
8 34 52 53 67
8 34 52 53 65 66
8 34 40 63
8 34 40 61 62
8 34 40 54
8 34 40 52 53
8 27 34 67
8 27 34 65 66
8 27 34 40
8 9 35
8 9 34
8 9 34 78 79
8 9 34 69
8 9 34 67 68
8 9 34 53
8 9 34 42
7 50
7 48 49
7 38
7 34 69
7 34 67 68
7 34 42
7 23
7 20
7 20 69
7 20 67 68
7 20 50
7 20 48 49
7 20 42
7 20 38
7 20 23
6 78 79
6 68 69
6 67 68
6 53
6 42 68
4
4 69
4 67 68
4 50
4 48 49
4 42
4 38
4 23
2 34
1
1 69 78 79
1 67 68 78 79
1 61 69
1 61 67 68
1 53 69
1 53 67 68
1 42 78 79
1 42 61
1 42 53
1 36 69
1 36 67
1 36 67 68
1 36 65 66
1 36 42
1 36 40
1 35
1 34 78 79
1 34 69
1 34 67 68
1 34 53
1 34 42
1 20 69
1 20 67 68
1 20 42
0 35 68
0 34 68
0 34 68 78 79
0 34 68 69
0 34 67 68
0 34 53 68
0 34 42 68

