44 59 61 63 73 75 78 79
44 59 61 63 73 74 78 79
44 59 61 63 71 72 75 78 79
44 59 61 63 71 72 73 74 78 79
44 59 61 62 73 75 78 79
44 59 61 62 73 74 78 79
44 59 61 62 71 72 75 78 79
44 59 61 62 71 72 73 74 78 79
44 53 59 61 63 73 75
44 53 59 61 63 73 74
44 53 59 61 63 71 72 75
44 53 59 61 63 71 72 73 74
44 53 59 61 62 73 75
44 53 59 61 62 73 74
44 53 59 61 62 71 72 75
44 53 59 61 62 71 72 73 74
44 48 59 61 63 73 78 79
44 48 59 61 63 71 72 78 79
44 48 59 61 62 73 78 79
44 48 59 61 62 71 72 78 79
44 48 53 59 61 63 73
44 48 53 59 61 63 71 72
44 48 53 59 61 62 73
44 48 53 59 61 62 71 72
44 46 59 61 63 75 78 79
44 46 59 61 63 73 74 78 79
44 46 59 61 62 75 78 79
44 46 59 61 62 73 74 78 79
44 46 53 59 61 63 75
44 46 53 59 61 63 73 74
44 46 53 59 61 62 75
44 46 53 59 61 62 73 74
44 46 48 59 61 63 78 79
44 46 48 59 61 62 78 79
44 46 48 53 59 61 63
44 46 48 53 59 61 62
42 43 59 61 63 73 75 78 79
42 43 59 61 63 73 74 78 79
42 43 59 61 63 71 72 75 78 79
42 43 59 61 63 71 72 73 74 78 79
42 43 59 61 62 73 75 78 79
42 43 59 61 62 73 74 78 79
42 43 59 61 62 71 72 75 78 79
42 43 59 61 62 71 72 73 74 78 79
42 43 53 59 61 63 73 75
42 43 53 59 61 63 73 74
42 43 53 59 61 63 71 72 75
42 43 53 59 61 63 71 72 73 74
42 43 53 59 61 62 73 75
42 43 53 59 61 62 73 74
42 43 53 59 61 62 71 72 75
42 43 53 59 61 62 71 72 73 74
42 43 48 59 61 63 73 78 79
42 43 48 59 61 63 71 72 78 79
42 43 48 59 61 62 73 78 79
42 43 48 59 61 62 71 72 78 79
42 43 48 53 59 61 63 73
42 43 48 53 59 61 63 71 72
42 43 48 53 59 61 62 73
42 43 48 53 59 61 62 71 72
42 43 46 59 61 63 75 78 79
42 43 46 59 61 63 73 74 78 79
42 43 46 59 61 62 75 78 79
42 43 46 59 61 62 73 74 78 79
42 43 46 53 59 61 63 75
42 43 46 53 59 61 63 73 74
42 43 46 53 59 61 62 75
42 43 46 53 59 61 62 73 74
42 43 46 48 59 61 63 78 79
42 43 46 48 59 61 62 78 79
42 43 46 48 53 59 61 63
42 43 46 48 53 59 61 62
36 44 59 61 73 75 78 79
36 44 59 61 73 74 78 79
36 44 59 61 71 72 75 78 79
36 44 59 61 71 72 73 74 78 79
36 44 53 59 61 73 75
36 44 53 59 61 73 74
36 44 53 59 61 71 72 75
36 44 53 59 61 71 72 73 74
36 44 48 59 61 73 78 79
36 44 48 59 61 71 72 78 79
36 44 48 53 59 61 73
36 44 48 53 59 61 71 72
36 44 46 59 61 75 78 79
36 44 46 59 61 73 74 78 79
36 44 46 53 59 61 75
36 44 46 53 59 61 73 74
36 44 46 48 59 61 78 79
36 44 46 48 53 59 61
36 42 43 59 61 73 75 78 79
36 42 43 59 61 73 74 78 79
36 42 43 59 61 71 72 75 78 79
36 42 43 59 61 71 72 73 74 78 79
36 42 43 53 59 61 73 75
36 42 43 53 59 61 73 74
36 42 43 53 59 61 71 72 75
36 42 43 53 59 61 71 72 73 74
36 42 43 48 59 61 73 78 79
36 42 43 48 59 61 71 72 78 79
36 42 43 48 53 59 61 73
36 42 43 48 53 59 61 71 72
36 42 43 46 59 61 75 78 79
36 42 43 46 59 61 73 74 78 79
36 42 43 46 53 59 61 75
36 42 43 46 53 59 61 73 74
36 42 43 46 48 59 61 78 79
36 42 43 46 48 53 59 61
17 59 61 63 73 75 78 79
17 59 61 63 73 74 78 79
17 59 61 63 71 72 75 78 79
17 59 61 63 71 72 73 74 78 79
17 59 61 62 73 75 78 79
17 59 61 62 73 74 78 79
17 59 61 62 71 72 75 78 79
17 59 61 62 71 72 73 74 78 79
17 53 59 61 63 73 75
17 53 59 61 63 73 74
17 53 59 61 63 71 72 75
17 53 59 61 63 71 72 73 74
17 53 59 61 62 73 75
17 53 59 61 62 73 74
17 53 59 61 62 71 72 75
17 53 59 61 62 71 72 73 74
17 48 59 61 63 73 78 79
17 48 59 61 63 71 72 78 79
17 48 59 61 62 73 78 79
17 48 59 61 62 71 72 78 79
17 48 53 59 61 63 73
17 48 53 59 61 63 71 72
17 48 53 59 61 62 73
17 48 53 59 61 62 71 72
17 46 59 61 63 75 78 79
17 46 59 61 63 73 74 78 79
17 46 59 61 62 75 78 79
17 46 59 61 62 73 74 78 79
17 46 53 59 61 63 75
17 46 53 59 61 63 73 74
17 46 53 59 61 62 75
17 46 53 59 61 62 73 74
17 46 48 59 61 63 78 79
17 46 48 59 61 62 78 79
17 46 48 53 59 61 63
17 46 48 53 59 61 62
17 36 59 61 73 75 78 79
17 36 59 61 73 74 78 79
17 36 59 61 71 72 75 78 79
17 36 59 61 71 72 73 74 78 79
17 36 53 59 61 73 75
17 36 53 59 61 73 74
17 36 53 59 61 71 72 75
17 36 53 59 61 71 72 73 74
17 36 48 59 61 73 78 79
17 36 48 59 61 71 72 78 79
17 36 48 53 59 61 73
17 36 48 53 59 61 71 72
17 36 46 59 61 75 78 79
17 36 46 59 61 73 74 78 79
17 36 46 53 59 61 75
17 36 46 53 59 61 73 74
17 36 46 48 59 61 78 79
17 36 46 48 53 59 61
55
55 69
55 67 68
42 55
1 69
1 67 68
1 42
34
42 57 59 61 73
42 57 59 61 71 72
42 46 57 59 61
40 41 57 59 61 73
40 41 57 59 61 71 72
40 41 46 57 59 61
15 57 59 61 73
15 57 59 61 71 72
15 46 57 59 61
