77 78 79
73
71
71 78 79
71 77 78 79
70
70 71
70 71 78 79
69 78
69 76 77
69 73 78 79
69 71
69 71 78 79
69 71 72 78 79
69 70 78 79
69 70 77 78 79
69 70 72
69 70 71
68
68 71
68 69 71
68 69 70
67 78
67 78 79
67 76 77
67 71 78 79
67 69 70 78 79
67 68
67 68 78
67 68 76 77
67 68 73 78 79
67 68 71 72 78 79
67 68 70
67 68 69
66
66 71
66 69 70
66 67 69
66 67 69 71 78 79
66 67 69 70 78 79
66 67 68
66 67 68 71 78 79
66 67 68 69 70 78 79
65 78 79
65 69
65 67
65 67 68
65 66 78
65 66 78 79
65 66 76 77
65 66 68
64
64 78 79
64 69
64 68 69
64 68 69 71
64 68 69 70
64 67 68 71
64 67 68 69 70
64 65
64 65 71
64 65 69 70
61 73
61 71 72
61 69
61 69 78 79
61 67
61 67 69 78 79
61 67 68
61 65
61 65 66
61 65 66 69 78 79
61 65 66 67 68 78 79
61 64 69
61 64 68 69
61 62
60 61 63
60 61 62
59
59 78 79
59 75
59 73
59 73 78 79
59 73 77 78 79
59 73 75 76 78 79
59 73 74
59 71 78 79
59 71 72
59 71 72 78 79
59 71 72 77 78 79
59 71 72 75 76 78 79
59 69
59 69 78 79
59 69 71
59 69 71 78 79
59 68
59 67 71 78 79
59 67 69 70 78 79
59 67 68 78 79
59 67 68 71
59 67 68 71 78 79
59 67 68 70
59 67 68 69
59 67 68 69 70
59 67 68 69 70 78 79
59 65 73
59 65 71 72
59 65 66 71 78 79
59 65 66 69 70 78 79
59 63 73 75 78 79
59 63 73 74 78 79
59 63 71 72 75 78 79
59 63 71 72 73 74 78 79
59 63 68 73
59 63 68 71 72
59 63 67 68 73
59 63 67 68 71 72
59 61
59 61 75
59 61 73 78 79
59 61 73 77 78
59 61 73 77 78 79
59 61 73 76 77
59 61 73 75 78
59 61 73 75 76 78
59 61 73 75 76 78 79
59 61 73 74
59 61 73 74 78
59 61 73 74 76 77
59 61 71 72 78 79
59 61 71 72 77 78
59 61 71 72 77 78 79
59 61 71 72 76 77
59 61 71 72 75 78
59 61 71 72 75 76 78
59 61 71 72 75 76 78 79
59 61 71 72 73 74 78
59 61 71 72 73 74 76 77
59 61 69
59 61 69 78 79
59 61 68 73
59 61 68 71 72
59 61 67 68
59 61 67 68 78 79
59 61 67 68 73
59 61 67 68 71 72
59 61 65 73
59 61 65 71 72
59 61 63 77
59 61 63 75
59 61 63 75 76
59 61 63 73
59 61 63 73 74
59 61 63 71 72
59 61 63 64 73
59 61 63 64 71 72
59 61 62 73
59 61 62 73 75 78 79
59 61 62 73 74 78 79
59 61 62 71 72
59 61 62 71 72 75 78 79
59 61 62 71 72 73 74 78 79
59 60
59 60 61 73 75 78
59 60 61 73 75 76 77
59 60 61 73 74 78
59 60 61 73 74 76 77
59 60 61 71 72 75 78
59 60 61 71 72 75 76 77
59 60 61 71 72 73 74 78
59 60 61 71 72 73 74 76 77
59 60 61 63 75
59 60 61 63 73 74
58
57 69 78 79
57 67 68 78 79
57 61
57 61 75 78 79
57 61 73 74 78 79
57 60 61 73 78
57 60 61 73 76 77
57 60 61 71 72 78
57 60 61 71 72 76 77
57 59 75
57 59 73
57 59 71 72 74
57 59 71 72 73
57 59 70 71 73
57 59 70 71 72
57 59 63 73
57 59 63 71 72
57 59 62 63 73
57 59 62 63 71 72
57 59 61 73 77
57 59 61 73 75 76
57 59 61 71 72 77
57 59 61 71 72 75 76
57 59 60 73
57 59 60 73 77
57 59 60 73 75 76
57 59 60 71 72
57 59 60 71 72 77
57 59 60 71 72 75 76
57 59 60 63 73 78
57 59 60 63 73 76 77
57 59 60 63 71 72 78
57 59 60 63 71 72 76 77
57 59 60 61 75 78 79
57 59 60 61 73 78
57 59 60 61 73 76 77
57 59 60 61 73 74 78 79
57 59 60 61 71 72 78
57 59 60 61 71 72 76 77
57 59 60 61 63 73
57 59 60 61 63 73 78
57 59 60 61 63 73 76 77
57 59 60 61 63 71 72
57 59 60 61 63 71 72 78
57 59 60 61 63 71 72 76 77
57 59 60 61 62 73
57 59 60 61 62 71 72
57 58 59 73
57 58 59 71 72
57 58 59 61 73
57 58 59 61 71 72
57 58 59 61 63 73 78
57 58 59 61 63 73 76 77
57 58 59 61 63 71 72 78
57 58 59 61 63 71 72 76 77
57 58 59 60 73
57 58 59 60 71 72
57 58 59 60 63 73 78
57 58 59 60 63 73 76 77
57 58 59 60 63 71 72 78
57 58 59 60 63 71 72 76 77
56
56 59
56 57
55
55 69 78 79
55 69 73
55 69 71 78 79
55 69 71 72
55 69 70 78 79
55 68 69
55 68 69 71
55 68 69 70
55 67 68 78 79
55 67 68 73
55 67 68 71
55 67 68 71 78 79
55 67 68 71 72
55 67 68 69 70
55 67 68 69 70 78 79
55 65 66 68
55 64 69
55 64 67 68
55 61
55 61 78 79
55 61 71
55 61 71 78 79
55 61 69 78 79
55 61 69 71
55 61 69 71 78 79
55 61 68 71
55 61 68 69
55 61 68 69 78 79
55 61 68 69 71
55 61 67
55 61 67 68
55 61 67 68 71 78 79
55 61 67 68 69 70 78 79
55 61 65 66
55 59
55 59 71
55 59 69 71
55 59 69 71 78 79
55 59 69 70 78 79
55 59 67 68 71
55 59 67 68 71 78 79
55 59 67 68 69 70
55 59 67 68 69 70 78 79
55 59 61 78
55 59 61 76 77
55 59 61 71
55 59 61 71 78 79
55 59 61 69 78 79
55 59 61 69 71 78 79
55 59 61 69 70
55 59 61 67 68 78 79
55 59 61 67 68 71 78 79
55 59 61 67 68 69 70 78 79
55 56 69 78 79
55 56 67 68 78 79
55 56 61
54 78 79
54 62
54 60 61
54 59
54 55 68
54 55 59 69
54 55 59 67 68
53 79
53 77 78
53 73
53 73 78 79
53 71 79
53 71 77 78
53 71 72
53 71 72 78 79
53 70 71
53 69
53 69 73
53 69 71
53 69 71 72
53 69 70 79
53 69 70 77 78
53 68
53 67
53 67 71
53 67 69 70
53 67 68
53 67 68 73
53 67 68 71 72
53 66 67 69 71
53 66 67 69 70
53 66 67 68 71
53 66 67 68 69 70
53 65
53 65 66
53 64
53 61 67 69
53 61 67 68
53 61 65 66 69
53 61 65 66 67 68
53 59
53 59 73
53 59 73 77
53 59 73 75 76
53 59 71
53 59 71 72
53 59 71 72 77
53 59 71 72 75 76
53 59 69
53 59 69 71
53 59 67 71
53 59 67 69 70
53 59 67 68
53 59 67 68 71
53 59 67 68 69 70
53 59 65 66 71
53 59 65 66 69 70
53 59 63 73 75
53 59 63 73 74
53 59 63 71 72 75
53 59 63 71 72 73 74
53 59 61 73
53 59 61 73 77
53 59 61 73 75 76
53 59 61 71 72
53 59 61 71 72 77
53 59 61 71 72 75 76
53 59 61 69
53 59 61 67 68
53 59 61 62 73 75
53 59 61 62 73 74
53 59 61 62 71 72 75
53 59 61 62 71 72 73 74
53 57 69
53 57 67 68
53 57 61 75
53 57 61 73 74
53 57 59 60 61 75
53 57 59 60 61 73 74
53 55 69
53 55 69 71
53 55 69 70
53 55 67 68
53 55 67 68 71
53 55 67 68 69 70
53 55 61
53 55 61 71
53 55 61 69
53 55 61 69 71
53 55 61 68 69
53 55 61 67 68 71
53 55 61 67 68 69 70
53 55 59 69 71
53 55 59 69 70
53 55 59 67 68 71
53 55 59 67 68 69 70
53 55 59 61 71
53 55 59 61 69
53 55 59 61 69 71
53 55 59 61 67 68
53 55 59 61 67 68 71
53 55 59 61 67 68 69 70
53 55 56 69
53 55 56 67 68
53 54
53 54 78 79
53 54 68 69
53 54 67 68
53 54 61 71 78 79
53 54 61 69
53 54 61 69 71 78 79
53 54 61 68 71
53 54 61 68 69 78 79
53 54 61 68 69 71
53 54 61 67 68
53 54 61 67 68 78 79
53 54 61 67 68 71
53 54 61 67 68 71 78 79
53 54 61 67 68 69 70
53 54 61 67 68 69 70 78 79
53 54 59 69 71 78 79
53 54 59 69 70 78 79
53 54 59 67 68 71 78 79
53 54 59 67 68 69 70 78 79
53 54 59 61 71 78 79
53 54 59 61 69 71
53 54 59 61 69 71 78 79
53 54 59 61 69 70
53 54 59 61 67 68 71
53 54 59 61 67 68 71 78 79
53 54 59 61 67 68 69 70
53 54 59 61 67 68 69 70 78 79
53 54 55 61 69
53 54 55 61 67 68
53 54 55 59 61 69
53 54 55 59 61 69 78 79
53 54 55 59 61 67 68
53 54 55 59 61 67 68 78 79
52 78 79
52 71 78 79
52 69 70 78 79
52 53 71
52 53 69 70
52 53 62
52 53 60 61
51 69
51 68 69
51 67
51 67 78 79
51 65 66
51 65 66 78 79
51 61
51 59 61 73 77
51 59 61 73 75
51 59 61 73 75 76
51 59 61 73 74
51 59 61 71 72 77
51 59 61 71 72 75
51 59 61 71 72 75 76
51 59 61 71 72 73 74
51 59 60 61 73 75
51 59 60 61 73 74
51 59 60 61 71 72 75
51 59 60 61 71 72 73 74
51 57 60 61 73
51 57 60 61 71 72
51 57 59 60 63 73
51 57 59 60 63 71 72
51 57 59 60 61 73
51 57 59 60 61 71 72
51 57 59 60 61 63 73
51 57 59 60 61 63 71 72
51 57 58 59 61 63 73
51 57 58 59 61 63 71 72
51 57 58 59 60 63 73
51 57 58 59 60 63 71 72
51 55 61 69
51 55 61 67 68
51 55 59 69 78 79
51 55 59 67 68 78 79
51 55 59 61
51 53 68 69
51 53 67
51 53 67 68
51 53 65 66
51 53 55 59 69
51 53 55 59 67 68
51 53 54 61 69
51 53 54 61 67 68
51 53 54 59 69
51 53 54 59 69 78 79
51 53 54 59 67 68
51 53 54 59 67 68 78 79
51 52
51 52 73 78 79
51 52 71 72 78 79
51 52 69
51 52 68
51 52 68 69
51 52 61 69
51 52 61 67 68
51 52 53 73
51 52 53 71 72
50 69
50 67 68
50 59 73 78 79
50 59 71 72 78 79
50 59 61 73 78
50 59 61 73 78 79
50 59 61 73 76 77
50 59 61 71 72 78
50 59 61 71 72 78 79
50 59 61 71 72 76 77
50 59 61 63
50 57 59 73
50 57 59 71 72
50 57 59 61 73
50 57 59 61 71 72
50 57 59 60 73
50 57 59 60 71 72
50 53 59 73
50 53 59 71 72
50 53 59 61 73
50 53 59 61 71 72
50 51 59 61 73
50 51 59 61 71 72
49
49 57 59 63 73
49 57 59 63 71 72
49 57 59 61 62 73
49 57 59 61 62 71 72
49 50 68 69
49 50 67 78 79
49 50 67 68
49 50 65 66 78 79
49 50 61
49 50 55 61 69
49 50 55 61 67 68
49 50 55 59 69 78 79
49 50 55 59 67 68 78 79
49 50 53 68 69
49 50 53 67
49 50 53 67 68
49 50 53 65 66
49 50 53 55 59 69
49 50 53 55 59 67 68
49 50 53 54 61 69
49 50 53 54 61 67 68
49 50 53 54 59 69
49 50 53 54 59 69 78 79
49 50 53 54 59 67 68
49 50 53 54 59 67 68 78 79
49 50 51 52 68 69
49 50 51 52 67 68
48 59
48 59 63 73 78 79
48 59 63 71 72 78 79
48 59 61 73
48 59 61 73 78
48 59 61 73 76 77
48 59 61 71 72
48 59 61 71 72 78
48 59 61 71 72 76 77
48 59 61 63
48 59 61 62 73 78 79
48 59 61 62 71 72 78 79
48 59 60 61 73 78
48 59 60 61 73 76 77
48 59 60 61 71 72 78
48 59 60 61 71 72 76 77
48 59 60 61 63
48 57 61 78 79
48 57 59
48 57 59 61 73
48 57 59 61 71 72
48 57 59 60 61 78 79
48 53 59 63 73
48 53 59 63 71 72
48 53 59 61 62 73
48 53 59 61 62 71 72
48 53 57 61
48 53 57 59 60 61
48 51 59 61 73
48 51 59 61 71 72
48 51 59 60 61 73
48 51 59 60 61 71 72
48 49 69
48 49 67 68
48 49 57 59 73
48 49 57 59 71 72
47 57 59 73
47 57 59 71 72
47 48
47 48 57 59 63 73
47 48 57 59 63 71 72
47 48 57 59 61 62 73
47 48 57 59 61 62 71 72
46
46 71 78 79
46 69 78 79
46 69 70 78 79
46 68 69
46 67 68
46 67 68 78 79
46 61
46 59
46 59 78 79
46 59 77 78 79
46 59 75 76 78 79
46 59 65
46 59 63 75 78 79
46 59 63 73 74 78 79
46 59 63 68
46 59 63 67 68
46 59 61
46 59 61 78 79
46 59 61 77 78
46 59 61 77 78 79
46 59 61 76 77
46 59 61 75 78
46 59 61 75 76 78
46 59 61 75 76 78 79
46 59 61 73 74 78
46 59 61 73 74 76 77
46 59 61 68
46 59 61 67 68
46 59 61 63
46 59 61 63 64
46 59 61 62
46 59 61 62 75 78 79
46 59 61 62 73 74 78 79
46 59 60 61 75 78
46 59 60 61 75 76 77
46 59 60 61 73 74 78
46 59 60 61 73 74 76 77
46 57 60 61 78
46 57 60 61 76 77
46 57 59
46 57 59 74
46 57 59 72
46 57 59 72 73
46 57 59 70 71
46 57 59 63
46 57 59 62 63
46 57 59 61 77
46 57 59 61 75 76
46 57 59 60
46 57 59 60 77
46 57 59 60 75 76
46 57 59 60 63 78
46 57 59 60 63 76 77
46 57 59 60 61 78
46 57 59 60 61 76 77
46 57 59 60 61 63
46 57 59 60 61 63 78
46 57 59 60 61 63 76 77
46 57 59 60 61 62
46 57 58 59
46 57 58 59 61
46 57 58 59 61 63 78
46 57 58 59 61 63 76 77
46 57 58 59 60
46 57 58 59 60 63 78
46 57 58 59 60 63 76 77
46 55 69
46 55 67 68
46 53
46 53 78 79
46 53 71
46 53 69
46 53 69 70
46 53 67 68
46 53 59
46 53 59 77
46 53 59 75 76
46 53 59 63 75
46 53 59 63 73 74
46 53 59 61
46 53 59 61 77
46 53 59 61 75 76
46 53 59 61 62 75
46 53 59 61 62 73 74
46 51 59 61 77
46 51 59 61 75
46 51 59 61 75 76
46 51 59 61 73 74
46 51 59 60 61 75
46 51 59 60 61 73 74
46 51 57 60 61
46 51 57 59 60 63
46 51 57 59 60 61
46 51 57 59 60 61 63
46 51 57 58 59 61 63
46 51 57 58 59 60 63
46 51 52 78 79
46 51 52 53
46 50 59 78 79
46 50 59 61 78
46 50 59 61 78 79
46 50 59 61 76 77
46 50 57 59
46 50 57 59 61
46 50 57 59 60
46 50 53 59
46 50 53 59 61
46 50 51 59 61
46 49 57 59 63
46 49 57 59 61 62
46 48 59 63 78 79
46 48 59 61
46 48 59 61 78
46 48 59 61 76 77
46 48 59 61 62 78 79
46 48 59 60 61 78
46 48 59 60 61 76 77
46 48 57 59 61
46 48 53 59 63
46 48 53 59 61 62
46 48 51 59 61
46 48 51 59 60 61
46 48 49 57 59
46 47 59 61
46 47 59 61 73
46 47 59 61 71 72
46 47 57 59
46 47 57 59 61
46 47 57 59 61 73
46 47 57 59 61 71 72
46 47 48 57 59 63
46 47 48 57 59 61 62
45 57 59 73
45 57 59 71 72
45 46 57 59
44 78 79
44 77 78 79
44 73 78 79
44 72
44 71 72 78 79
44 70 78 79
44 70 71
44 69 78 79
44 68
44 68 69
44 67 78 79
44 67 68
44 66
44 66 67 69 78 79
44 66 67 68 78 79
44 64 68 69
44 64 67 68
44 64 65
44 63
44 61 69
44 61 67 68
44 61 62
44 59 78 79
44 59 73
44 59 71 72
44 59 69
44 59 69 78 79
44 59 67 78 79
44 59 67 68
44 59 67 68 78 79
44 59 65 66 78 79
44 59 63 65
44 59 63 64
44 59 61 73
44 59 61 73 75 78 79
44 59 61 73 74 78 79
44 59 61 71 72
44 59 61 71 72 75 78 79
44 59 61 71 72 73 74 78 79
44 59 61 63 73
44 59 61 63 71 72
44 59 61 62 73
44 59 61 62 71 72
44 59 61 62 65
44 59 61 62 63 73 78 79
44 59 61 62 63 71 72 78 79
44 59 61 62 63 64
44 59 60
44 59 60 61
44 59 60 61 73 75 78 79
44 59 60 61 73 74 78 79
44 59 60 61 71 72 75 78 79
44 59 60 61 71 72 73 74 78 79
44 59 60 61 63 73 78 79
44 59 60 61 63 71 72 78 79
44 57 59 60 63 73
44 57 59 60 63 71 72
44 57 59 60 61 62 73
44 57 59 60 61 62 71 72
44 55 69 78 79
44 55 68 69
44 55 67 68
44 55 67 68 78 79
44 55 61
44 55 61 78 79
44 55 61 69
44 55 61 69 78 79
44 55 61 68
44 55 61 68 69
44 55 61 67 68 78 79
44 55 59
44 55 59 69
44 55 59 69 78 79
44 55 59 67 68
44 55 59 67 68 78 79
44 55 59 61
44 55 59 61 78 79
44 55 59 61 69 78 79
44 55 59 61 67 68 78 79
44 54
44 53 79
44 53 77 78
44 53 73
44 53 71 72
44 53 70
44 53 69
44 53 67
44 53 66 67 69
44 53 66 67 68
44 53 59
44 53 59 69
44 53 59 67
44 53 59 67 68
44 53 59 65 66
44 53 59 61 73 75
44 53 59 61 73 74
44 53 59 61 71 72 75
44 53 59 61 71 72 73 74
44 53 59 61 62 63 73
44 53 59 61 62 63 71 72
44 53 59 60 61 73 75
44 53 59 60 61 73 74
44 53 59 60 61 71 72 75
44 53 59 60 61 71 72 73 74
44 53 59 60 61 63 73
44 53 59 60 61 63 71 72
44 53 55 69
44 53 55 67 68
44 53 55 61
44 53 55 61 69
44 53 55 61 67 68
44 53 55 59 69
44 53 55 59 67 68
44 53 55 59 61
44 53 55 59 61 69
44 53 55 59 61 67 68
44 53 54 61 78 79
44 53 54 61 69 78 79
44 53 54 61 68
44 53 54 61 68 69
44 53 54 61 67 68
44 53 54 61 67 68 78 79
44 53 54 59 69 78 79
44 53 54 59 67 68 78 79
44 53 54 59 61 78 79
44 53 54 59 61 69
44 53 54 59 61 69 78 79
44 53 54 59 61 67 68
44 53 54 59 61 67 68 78 79
44 52 78 79
44 51 68 69
44 51 67 68
44 49 50 68 69
44 49 50 67 68
44 48 59 61 73 78 79
44 48 59 61 71 72 78 79
44 48 59 61 63 73
44 48 59 61 63 71 72
44 48 59 61 62 73
44 48 59 61 62 71 72
44 48 59 60 61 73 78 79
44 48 59 60 61 71 72 78 79
44 48 53 59 61 73
44 48 53 59 61 71 72
44 48 53 59 60 61 73
44 48 53 59 60 61 71 72
44 46 59
44 46 59 61
44 46 59 61 75 78 79
44 46 59 61 73 74 78 79
44 46 59 61 63
44 46 59 61 62
44 46 59 61 62 63 78 79
44 46 59 60 61 75 78 79
44 46 59 60 61 73 74 78 79
44 46 59 60 61 63 78 79
44 46 57 59 60 63
44 46 57 59 60 61 62
44 46 53 59 61 75
44 46 53 59 61 73 74
44 46 53 59 61 62 63
44 46 53 59 60 61 75
44 46 53 59 60 61 73 74
44 46 53 59 60 61 63
44 46 48 59 61 78 79
44 46 48 59 61 63
44 46 48 59 61 62
44 46 48 59 60 61 78 79
44 46 48 53 59 61
44 46 48 53 59 60 61
44 46 47 59 61 63
44 46 47 59 61 63 73
44 46 47 59 61 63 71 72
44 46 47 59 61 62
44 46 47 59 61 62 73
44 46 47 59 61 62 71 72
44 45 78 79
44 45 71 78 79
44 45 69 70 78 79
44 45 68 69
44 45 67 68
44 45 53
44 45 53 71
44 45 53 69 70
43
43 71 78 79
43 69 70 78 79
43 68 69
43 67 68
43 59 69
43 59 67 68
43 59 61 65 73
43 59 61 65 71 72
43 59 61 63 64 73
43 59 61 63 64 71 72
43 53 71
43 53 69 70
43 46 59 61 65
43 46 59 61 63 64
43 44
43 44 78 79
43 44 53
42 78
42 76 77
42 73 78 79
42 71
42 71 78 79
42 71 72 78 79
42 69 70
42 69 70 78 79
42 68 71
42 68 71 78 79
42 68 70
42 68 69
42 68 69 70
42 68 69 70 78 79
42 66 67
42 66 67 71 78 79
42 66 67 69 70 78 79
42 65
42 64
42 64 68
42 64 68 71
42 64 68 69 70
42 61
42 61 78 79
42 61 67 78 79
42 61 65 66 78 79
42 61 64
42 61 64 68
42 59
42 59 78 79
42 59 73
42 59 71
42 59 71 78 79
42 59 71 72
42 59 70
42 59 69 70
42 59 69 70 78 79
42 59 68
42 59 68 69
42 59 63 73
42 59 63 71 72
42 59 61
42 59 61 78 79
42 59 61 77
42 59 61 75 76
42 59 61 73 78
42 59 61 73 76 77
42 59 61 71 72 78
42 59 61 71 72 76 77
42 59 61 65
42 59 61 65 73
42 59 61 65 71 72
42 59 61 63 64
42 59 61 63 64 73
42 59 61 63 64 71 72
42 59 60 73
42 59 60 73 78 79
42 59 60 71 72
42 59 60 71 72 78 79
42 59 60 61 73
42 59 60 61 71 72
42 58 59 73
42 58 59 73 78 79
42 58 59 71 72
42 58 59 71 72 78 79
42 57 78 79
42 57 59 61 65 73 77
42 57 59 61 65 73 75 76
42 57 59 61 65 71 72 77
42 57 59 61 65 71 72 75 76
42 57 59 61 63 64 73 77
42 57 59 61 63 64 73 75 76
42 57 59 61 63 64 71 72 77
42 57 59 61 63 64 71 72 75 76
42 57 59 60 61 65 73 77
42 57 59 60 61 65 73 75 76
42 57 59 60 61 65 71 72 77
42 57 59 60 61 65 71 72 75 76
42 57 59 60 61 63 64 73 77
42 57 59 60 61 63 64 73 75 76
42 57 59 60 61 63 64 71 72 77
42 57 59 60 61 63 64 71 72 75 76
42 55 78 79
42 55 73
42 55 71 78 79
42 55 71 72
42 55 69 70 78 79
42 55 68
42 55 68 71
42 55 68 69 70
42 55 64
42 55 61 78 79
42 55 61 71
42 55 61 71 78 79
42 55 61 69 70
42 55 61 69 70 78 79
42 55 61 68
42 55 61 68 78 79
42 55 61 68 71
42 55 61 68 69 70
42 55 59 71
42 55 59 71 78 79
42 55 59 69 70
42 55 59 69 70 78 79
42 55 59 61 78 79
42 55 59 61 71 78 79
42 55 59 61 69 70 78 79
42 55 56 78 79
42 54 55 59
42 53
42 53 73
42 53 71
42 53 71 72
42 53 69 70
42 53 68 71
42 53 68 69 70
42 53 66 67 71
42 53 66 67 69 70
42 53 61 67
42 53 61 65 66
42 53 59
42 53 59 71
42 53 59 69 70
42 53 59 61
42 53 59 60 73
42 53 59 60 71 72
42 53 58 59 73
42 53 58 59 71 72
42 53 57
42 53 55
42 53 55 71
42 53 55 69 70
42 53 55 61
42 53 55 61 71
42 53 55 61 69 70
42 53 55 61 68
42 53 55 59 71
42 53 55 59 69 70
42 53 55 59 61
42 53 55 59 61 71
42 53 55 59 61 69 70
42 53 55 56
42 53 54 68
42 53 54 61
42 53 54 61 71 78 79
42 53 54 61 69 70 78 79
42 53 54 61 68 78 79
42 53 54 61 68 71
42 53 54 61 68 69 70
42 53 54 59 71 78 79
42 53 54 59 69 70 78 79
42 53 54 59 61 71
42 53 54 59 61 71 78 79
42 53 54 59 61 69 70
42 53 54 59 61 69 70 78 79
42 53 54 55 61
42 53 54 55 59 61
42 53 54 55 59 61 78 79
42 51
42 51 68
42 51 59 61 73
42 51 59 61 71 72
42 51 55 61
42 51 55 59 78 79
42 51 53 68
42 51 53 55 59
42 51 53 54 61
42 51 53 54 59
42 51 53 54 59 78 79
42 51 52
42 51 52 68
42 51 52 61
42 50
42 50 59 61
42 50 57 59 61 65 73
42 50 57 59 61 65 71 72
42 50 57 59 61 63 64 73
42 50 57 59 61 63 64 71 72
42 50 57 59 60 61 65 73
42 50 57 59 60 61 65 71 72
42 50 57 59 60 61 63 64 73
42 50 57 59 60 61 63 64 71 72
42 49 50 68
42 49 50 55 61
42 49 50 55 59 78 79
42 49 50 53 68
42 49 50 53 55 59
42 49 50 53 54 61
42 49 50 53 54 59
42 49 50 53 54 59 78 79
42 49 50 51 52 68
42 48 59 61 73
42 48 59 61 71 72
42 48 49
42 46 78 79
42 46 68
42 46 59
42 46 59 63
42 46 59 61 78
42 46 59 61 76 77
42 46 59 61 65
42 46 59 61 63 64
42 46 59 60
42 46 59 60 78 79
42 46 59 60 61
42 46 58 59
42 46 58 59 78 79
42 46 57 59 61 65 77
42 46 57 59 61 65 75 76
42 46 57 59 61 63 64 77
42 46 57 59 61 63 64 75 76
42 46 57 59 60 61 65 77
42 46 57 59 60 61 65 75 76
42 46 57 59 60 61 63 64 77
42 46 57 59 60 61 63 64 75 76
42 46 55
42 46 53
42 46 53 59 60
42 46 53 58 59
42 46 51 59 61
42 46 50 57 59 61 65
42 46 50 57 59 61 63 64
42 46 50 57 59 60 61 65
42 46 50 57 59 60 61 63 64
42 46 48 59 61
42 46 47 59 61
42 46 47 59 61 73
42 46 47 59 61 71 72
42 44 78 79
42 44 68
42 44 68 78 79
42 44 66 67 78 79
42 44 64 68
42 44 61
42 44 59
42 44 59 78 79
42 44 55 78 79
42 44 55 68
42 44 55 61
42 44 55 61 78 79
42 44 55 61 68
42 44 55 59
42 44 55 59 78 79
42 44 55 59 61 78 79
42 44 53
42 44 53 68
42 44 53 66 67
42 44 53 59
42 44 53 55
42 44 53 55 61
42 44 53 55 59
42 44 53 55 59 61
42 44 53 54 61 78 79
42 44 53 54 61 68
42 44 53 54 59 78 79
42 44 53 54 59 61
42 44 53 54 59 61 78 79
42 44 51 68
42 44 49 50 68
42 44 45 68
42 43 73 78 79
42 43 71 72 78 79
42 43 69
42 43 68
42 43 67 68
42 43 63
42 43 61
42 43 61 69
42 43 61 67 68
42 43 61 62
42 43 59
42 43 59 73
42 43 59 71 72
42 43 59 63 65
42 43 59 63 64
42 43 59 61 73
42 43 59 61 73 75 78 79
42 43 59 61 73 74 78 79
42 43 59 61 71 72
42 43 59 61 71 72 75 78 79
42 43 59 61 71 72 73 74 78 79
42 43 59 61 63 73
42 43 59 61 63 71 72
42 43 59 61 62 73
42 43 59 61 62 71 72
42 43 59 61 62 65
42 43 59 61 62 63 73 78 79
42 43 59 61 62 63 71 72 78 79
42 43 59 61 62 63 64
42 43 59 60
42 43 59 60 61
42 43 59 60 61 73 75 78 79
42 43 59 60 61 73 74 78 79
42 43 59 60 61 71 72 75 78 79
42 43 59 60 61 71 72 73 74 78 79
42 43 59 60 61 63 73 78 79
42 43 59 60 61 63 71 72 78 79
42 43 57 59 60 63 73
42 43 57 59 60 63 71 72
42 43 57 59 60 61 62 73
42 43 57 59 60 61 62 71 72
42 43 54
42 43 53 73
42 43 53 71 72
42 43 53 59 61 73 75
42 43 53 59 61 73 74
42 43 53 59 61 71 72 75
42 43 53 59 61 71 72 73 74
42 43 53 59 61 62 63 73
42 43 53 59 61 62 63 71 72
42 43 53 59 60 61 73 75
42 43 53 59 60 61 73 74
42 43 53 59 60 61 71 72 75
42 43 53 59 60 61 71 72 73 74
42 43 53 59 60 61 63 73
42 43 53 59 60 61 63 71 72
42 43 52 53
42 43 51 68
42 43 51 68 69
42 43 51 67 68
42 43 49 50 68
42 43 49 50 68 69
42 43 49 50 67 68
42 43 48 59 61 73 78 79
42 43 48 59 61 71 72 78 79
42 43 48 59 61 63 73
42 43 48 59 61 63 71 72
42 43 48 59 61 62 73
42 43 48 59 61 62 71 72
42 43 48 59 60 61 73 78 79
42 43 48 59 60 61 71 72 78 79
42 43 48 53 59 61 73
42 43 48 53 59 61 71 72
42 43 48 53 59 60 61 73
42 43 48 53 59 60 61 71 72
42 43 46 78 79
42 43 46 59
42 43 46 59 61
42 43 46 59 61 75 78 79
42 43 46 59 61 73 74 78 79
42 43 46 59 61 63
42 43 46 59 61 62
42 43 46 59 61 62 63 78 79
42 43 46 59 60 61 75 78 79
42 43 46 59 60 61 73 74 78 79
42 43 46 59 60 61 63 78 79
42 43 46 57 59 60 63
42 43 46 57 59 60 61 62
42 43 46 53
42 43 46 53 59 61 75
42 43 46 53 59 61 73 74
42 43 46 53 59 61 62 63
42 43 46 53 59 60 61 75
42 43 46 53 59 60 61 73 74
42 43 46 53 59 60 61 63
42 43 46 48 59 61 78 79
42 43 46 48 59 61 63
42 43 46 48 59 61 62
42 43 46 48 59 60 61 78 79
42 43 46 48 53 59 61
42 43 46 48 53 59 60 61
42 43 46 47 59 61 63
42 43 46 47 59 61 63 73
42 43 46 47 59 61 63 71 72
42 43 46 47 59 61 62
42 43 46 47 59 61 62 73
42 43 46 47 59 61 62 71 72
41
41 69 71 78 79
41 69 70 78 79
41 67 68 71 78 79
41 67 68 69 70 78 79
41 53 69 71
41 53 69 70
41 53 67 68 71
41 53 67 68 69 70
41 44 69 78 79
41 44 67 68 78 79
41 44 53 69
41 44 53 67 68
41 42 71 78 79
41 42 69 70 78 79
41 42 53 71
41 42 53 69 70
41 42 44 78 79
41 42 44 53
40 78
40 78 79
40 76 77
40 68
40 65
40 61
40 61 69 78 79
40 61 67 68 78 79
40 59 73
40 59 71 78 79
40 59 71 72
40 59 69 70 78 79
40 55 68
40 55 61
40 53
40 53 61 69
40 53 61 67 68
40 53 59 71
40 53 59 69 70
40 51
40 51 78 79
40 51 53
40 49 50 78 79
40 49 50 53
40 46 59
40 44 59 78 79
40 44 53 59
40 42 61 78 79
40 42 53 61
40 41 59 73
40 41 59 71 72
40 41 59 61 77
40 41 59 61 75 76
40 41 59 61 73
40 41 59 61 73 78
40 41 59 61 73 76 77
40 41 59 61 71 72
40 41 59 61 71 72 78
40 41 59 61 71 72 76 77
40 41 59 61 65
40 41 59 61 63 64
40 41 59 60 73
40 41 59 60 73 78 79
40 41 59 60 71 72
40 41 59 60 71 72 78 79
40 41 59 60 61 73
40 41 59 60 61 71 72
40 41 58 59 73
40 41 58 59 73 78 79
40 41 58 59 71 72
40 41 58 59 71 72 78 79
40 41 57 59 61 65 73 77
40 41 57 59 61 65 73 75 76
40 41 57 59 61 65 71 72 77
40 41 57 59 61 65 71 72 75 76
40 41 57 59 61 63 64 73 77
40 41 57 59 61 63 64 73 75 76
40 41 57 59 61 63 64 71 72 77
40 41 57 59 61 63 64 71 72 75 76
40 41 57 59 60 61 65 73 77
40 41 57 59 60 61 65 73 75 76
40 41 57 59 60 61 65 71 72 77
40 41 57 59 60 61 65 71 72 75 76
40 41 57 59 60 61 63 64 73 77
40 41 57 59 60 61 63 64 73 75 76
40 41 57 59 60 61 63 64 71 72 77
40 41 57 59 60 61 63 64 71 72 75 76
40 41 53 59 60 73
40 41 53 59 60 71 72
40 41 53 58 59 73
40 41 53 58 59 71 72
40 41 51 59 61 73
40 41 51 59 61 71 72
40 41 50 59 61
40 41 50 57 59 61 65 73
40 41 50 57 59 61 65 71 72
40 41 50 57 59 61 63 64 73
40 41 50 57 59 61 63 64 71 72
40 41 50 57 59 60 61 65 73
40 41 50 57 59 60 61 65 71 72
40 41 50 57 59 60 61 63 64 73
40 41 50 57 59 60 61 63 64 71 72
40 41 48 59 61 73
40 41 48 59 61 71 72
40 41 46 59
40 41 46 59 61
40 41 46 59 61 78
40 41 46 59 61 76 77
40 41 46 59 60
40 41 46 59 60 78 79
40 41 46 59 60 61
40 41 46 58 59
40 41 46 58 59 78 79
40 41 46 57 59 61 65 77
40 41 46 57 59 61 65 75 76
40 41 46 57 59 61 63 64 77
40 41 46 57 59 61 63 64 75 76
40 41 46 57 59 60 61 65 77
40 41 46 57 59 60 61 65 75 76
40 41 46 57 59 60 61 63 64 77
40 41 46 57 59 60 61 63 64 75 76
40 41 46 53 59 60
40 41 46 53 58 59
40 41 46 51 59 61
40 41 46 50 57 59 61 65
40 41 46 50 57 59 61 63 64
40 41 46 50 57 59 60 61 65
40 41 46 50 57 59 60 61 63 64
40 41 46 48 59 61
40 41 46 47 59 61
40 41 46 47 59 61 73
40 41 46 47 59 61 71 72
39
39 71
39 69 70
39 44
39 40
39 40 69
39 40 67 68
39 40 42
39 40 42 59 61 65 73
39 40 42 59 61 65 71 72
39 40 42 59 61 63 64 73
39 40 42 59 61 63 64 71 72
39 40 42 46 59 61 65
39 40 42 46 59 61 63 64
39 40 41 59 61 65 73
39 40 41 59 61 65 71 72
39 40 41 59 61 63 64 73
39 40 41 59 61 63 64 71 72
39 40 41 46 59 61 65
39 40 41 46 59 61 63 64
38 67
38 67 78 79
38 65 66
38 65 66 78 79
38 61 69 71 78 79
38 61 69 70 78 79
38 61 67 68 71 78 79
38 61 67 68 69 70 78 79
38 59 61 73
38 59 61 71 72
38 55 69
38 55 67 68
38 53 67
38 53 65 66
38 53 61 69 71
38 53 61 69 70
38 53 61 67 68 71
38 53 61 67 68 69 70
38 46 59 61
38 44 61 69 78 79
38 44 61 67 68 78 79
38 44 59 63
38 44 59 61 62
38 44 53 61 69
38 44 53 61 67 68
38 43 59 61 73
38 43 59 61 71 72
38 43 46 59 61
38 42 61 71 78 79
38 42 61 69 70 78 79
38 42 59 61
38 42 59 61 73
38 42 59 61 71 72
38 42 57 59 61 73 77
38 42 57 59 61 73 75 76
38 42 57 59 61 71 72 77
38 42 57 59 61 71 72 75 76
38 42 57 59 60 61 73 77
38 42 57 59 60 61 73 75 76
38 42 57 59 60 61 71 72 77
38 42 57 59 60 61 71 72 75 76
38 42 55
38 42 53 61 71
38 42 53 61 69 70
38 42 50 57 59 61 73
38 42 50 57 59 61 71 72
38 42 50 57 59 60 61 73
38 42 50 57 59 60 61 71 72
38 42 46 59 61
38 42 46 57 59 61 77
38 42 46 57 59 61 75 76
38 42 46 57 59 60 61 77
38 42 46 57 59 60 61 75 76
38 42 46 50 57 59 61
38 42 46 50 57 59 60 61
38 42 44 61 78 79
38 42 44 53 61
38 42 43 59 63
38 42 43 59 61 62
38 40
38 40 78 79
38 40 53
38 40 41 59 61
38 40 41 57 59 61 73 77
38 40 41 57 59 61 73 75 76
38 40 41 57 59 61 71 72 77
38 40 41 57 59 61 71 72 75 76
38 40 41 57 59 60 61 73 77
38 40 41 57 59 60 61 73 75 76
38 40 41 57 59 60 61 71 72 77
38 40 41 57 59 60 61 71 72 75 76
38 40 41 50 57 59 61 73
38 40 41 50 57 59 61 71 72
38 40 41 50 57 59 60 61 73
38 40 41 50 57 59 60 61 71 72
38 40 41 46 57 59 61 77
38 40 41 46 57 59 61 75 76
38 40 41 46 57 59 60 61 77
38 40 41 46 57 59 60 61 75 76
38 40 41 46 50 57 59 61
38 40 41 46 50 57 59 60 61
38 39
38 39 59 73
38 39 59 71 72
38 39 46 59
38 39 40 42 59 61 73
38 39 40 42 59 61 71 72
38 39 40 42 46 59 61
38 39 40 41 59 61 73
38 39 40 41 59 61 71 72
38 39 40 41 46 59 61
37
37 71 78 79
37 69 70 78 79
37 68 69
37 67 68
37 53 71
37 53 69 70
37 44 78 79
37 44 53
37 42 68
36 78 79
36 71
36 69
36 69 78 79
36 69 71 78 79
36 69 70
36 69 70 78 79
36 68
36 68 69
36 67 68 78 79
36 67 68 71 78 79
36 67 68 69 70 78 79
36 65
36 62
36 61
36 61 69
36 61 67 68
36 60 61
36 59 73 75 78 79
36 59 73 74 78 79
36 59 71 78 79
36 59 71 72 75 78 79
36 59 71 72 73 74 78 79
36 59 69 71
36 59 69 71 78 79
36 59 69 70
36 59 67 68 71
36 59 67 68 71 78 79
36 59 67 68 69 70
36 59 67 68 69 70 78 79
36 59 61 73
36 59 61 71 72
36 57 59 73
36 57 59 71 72
36 57 59 69 78 79
36 57 59 67 68 78 79
36 57 59 62 73
36 57 59 62 71 72
36 57 59 60 61 73
36 57 59 60 61 71 72
36 55
36 55 69
36 55 68 69
36 55 61 69
36 55 61 69 78 79
36 55 61 67 68
36 55 61 67 68 78 79
36 55 59 68
36 55 59 61 69
36 55 59 61 67 68
36 55 56 59 69 78 79
36 55 56 59 67 68 78 79
36 53 69
36 53 69 71
36 53 69 70
36 53 67 68
36 53 67 68 71
36 53 67 68 69 70
36 53 59 73 75
36 53 59 73 74
36 53 59 71
36 53 59 71 72 75
36 53 59 71 72 73 74
36 53 59 69 71
36 53 59 67 68 71
36 53 59 67 68 69 70
36 53 57 59 69
36 53 57 59 67 68
36 53 55 61 69
36 53 55 61 67 68
36 53 55 56 59 69
36 53 55 56 59 67 68
36 53 54 61 69
36 53 54 61 67 68
36 53 54 55 61 69
36 53 54 55 61 67 68
36 53 54 55 59 61 69
36 53 54 55 59 61 67 68
36 51 67
36 51 65 66
36 51 52
36 49 57 59 73
36 49 57 59 71 72
36 49 50 67
36 49 50 65 66
36 48 59 73 78 79
36 48 59 71 72 78 79
36 48 53 59 73
36 48 53 59 71 72
36 47 48 57 59 73
36 47 48 57 59 71 72
36 46 59 75 78 79
36 46 59 73 74 78 79
36 46 59 61
36 46 57 59
36 46 57 59 62
36 46 57 59 60 61
36 46 53 59 75
36 46 53 59 73 74
36 46 49 57 59
36 46 48 59 78 79
36 46 48 53 59
36 46 47 48 57 59
36 44
36 44 69 78 79
36 44 67 68 78 79
36 44 59 78 79
36 44 59 69
36 44 59 69 78 79
36 44 59 67 68
36 44 59 67 68 78 79
36 44 59 65
36 44 59 63 64
36 44 59 61 73
36 44 59 61 71 72
36 44 59 61 63 73 78 79
36 44 59 61 63 71 72 78 79
36 44 57 59 60 73
36 44 57 59 60 71 72
36 44 53 69
36 44 53 67 68
36 44 53 59
36 44 53 59 69
36 44 53 59 67 68
36 44 53 59 61 63 73
36 44 53 59 61 63 71 72
36 44 48 59 61 73
36 44 48 59 61 71 72
36 44 46 59 61
36 44 46 59 61 63 78 79
36 44 46 57 59 60
36 44 46 53 59 61 63
36 44 46 48 59 61
36 44 46 47 59 61
36 44 46 47 59 61 73
36 44 46 47 59 61 71 72
36 42
36 42 78 79
36 42 71 78 79
36 42 69 70 78 79
36 42 68
36 42 61
36 42 59 71
36 42 59 71 78 79
36 42 59 69 70
36 42 59 69 70 78 79
36 42 57 59 78 79
36 42 55
36 42 55 68
36 42 55 61
36 42 55 61 78 79
36 42 55 59 61
36 42 55 56 59 78 79
36 42 53
36 42 53 71
36 42 53 69 70
36 42 53 59 71
36 42 53 59 69 70
36 42 53 57 59
36 42 53 55 61
36 42 53 55 56 59
36 42 53 54 61
36 42 53 54 55 61
36 42 53 54 55 59 61
36 42 44 78 79
36 42 44 59
36 42 44 59 78 79
36 42 44 53
36 42 44 53 59
36 42 43 59 65
36 42 43 59 63 64
36 42 43 59 61 73
36 42 43 59 61 71 72
36 42 43 59 61 63 73 78 79
36 42 43 59 61 63 71 72 78 79
36 42 43 57 59 60 73
36 42 43 57 59 60 71 72
36 42 43 53 59 61 63 73
36 42 43 53 59 61 63 71 72
36 42 43 48 59 61 73
36 42 43 48 59 61 71 72
36 42 43 46 59 61
36 42 43 46 59 61 63 78 79
36 42 43 46 57 59 60
36 42 43 46 53 59 61 63
36 42 43 46 48 59 61
36 42 43 46 47 59 61
36 42 43 46 47 59 61 73
36 42 43 46 47 59 61 71 72
36 40 51
36 40 49 50
36 38 44 59
36 38 42 43 59
35 78 79
35 73 78 79
35 71 78 79
35 71 72 78 79
35 69
35 69 70 78 79
35 67 68
35 61
35 61 69
35 61 67 68
35 59 69
35 59 67 68
35 57 59 63 73
35 57 59 63 71 72
35 57 59 61 62 73
35 57 59 61 62 71 72
35 55 59
35 53
35 53 73
35 53 71
35 53 71 72
35 53 69 70
35 51 68 69
35 51 67 68
35 49 50 68 69
35 49 50 67 68
35 46 78 79
35 46 57 59 63
35 46 57 59 61 62
35 46 53
35 44 78 79
35 44 53
35 42
35 42 61
35 42 59
35 42 51 68
35 42 49 50 68
35 36
35 36 71 78 79
35 36 69 70 78 79
35 36 68 69
35 36 67 68
35 36 57 59 73
35 36 57 59 71 72
35 36 53 71
35 36 53 69 70
35 36 46 57 59
35 36 44 78 79
35 36 44 53
35 36 42 68
34
34 78 79
34 73 78 79
34 71
34 71 72 78 79
34 69 73 78 79
34 69 71 72 78 79
34 69 70
34 68 73 78 79
34 68 71 72 78 79
34 68 69
34 68 69 78 79
34 67 68
34 67 68 78 79
34 67 68 73 78 79
34 67 68 71 72 78 79
34 63
34 63 69 78 79
34 63 68
34 63 68 69 78 79
34 62 69
34 62 67 68
34 61
34 61 78 79
34 61 69 78 79
34 61 68
34 61 68 69
34 61 67
34 61 67 68
34 61 67 68 78 79
34 61 65
34 61 65 66
34 61 62
34 61 62 69 78 79
34 61 62 68
34 61 62 68 69 78 79
34 59 69
34 59 68
34 59 68 69
34 59 68 69 71
34 59 68 69 70
34 59 67 68 71
34 59 67 68 69 70
34 59 61
34 59 61 73 75 78
34 59 61 73 75 76 77
34 59 61 73 74 78
34 59 61 73 74 76 77
34 59 61 71 72 75 78
34 59 61 71 72 75 76 77
34 59 61 71 72 73 74 78
34 59 61 71 72 73 74 76 77
34 59 61 69 78 79
34 59 61 67 68 78 79
34 59 61 63 75
34 59 61 63 73 74
34 57
34 57 61 75 78 79
34 57 61 73 74 78 79
34 57 60 61 73 78
34 57 60 61 73 76 77
34 57 60 61 71 72 78
34 57 60 61 71 72 76 77
34 57 59 73 77
34 57 59 73 75 76
34 57 59 71 72 77
34 57 59 71 72 75 76
34 57 59 61 73
34 57 59 61 71 72
34 57 59 60 73
34 57 59 60 71 72
34 57 59 60 63 73 78
34 57 59 60 63 73 76 77
34 57 59 60 63 71 72 78
34 57 59 60 63 71 72 76 77
34 57 59 60 61 73 78
34 57 59 60 61 73 76 77
34 57 59 60 61 71 72 78
34 57 59 60 61 71 72 76 77
34 57 58 59 73
34 57 58 59 71 72
34 57 58 59 63 73 78
34 57 58 59 63 73 76 77
34 57 58 59 63 71 72 78
34 57 58 59 63 71 72 76 77
34 55 78 79
34 55 73 78 79
34 55 71 72 78 79
34 55 68
34 55 68 71
34 55 68 69 70
34 55 63
34 55 61
34 55 61 73
34 55 61 71
34 55 61 71 72
34 55 61 69
34 55 61 69 78 79
34 55 61 69 70
34 55 61 67 68
34 55 61 67 68 78 79
34 55 61 62
34 55 59 73
34 55 59 71 72
34 55 59 61 71 78 79
34 55 59 61 69 70 78 79
34 55 56
34 54 69
34 54 69 78 79
34 54 68
34 54 68 69 78 79
34 54 67 68
34 53 78 79
34 53 73
34 53 71 72
34 53 69
34 53 69 73
34 53 69 71 72
34 53 68 73
34 53 68 71 72
34 53 68 69
34 53 67 68 73
34 53 67 68 71 72
34 53 63 69
34 53 63 68 69
34 53 61
34 53 61 69
34 53 61 67 68
34 53 61 62 69
34 53 61 62 68 69
34 53 59 61 69
34 53 59 61 67 68
34 53 57 61 75
34 53 57 61 73 74
34 53 55
34 53 55 73
34 53 55 71 72
34 53 55 61 69
34 53 55 61 67 68
34 53 55 59 61 71
34 53 55 59 61 69 70
34 53 54 69
34 53 54 68 69
34 53 54 61 71
34 53 54 61 69
34 53 54 61 69 71
34 53 54 61 67 68
34 53 54 61 67 68 71
34 53 54 61 67 68 69 70
34 53 54 59 61 71
34 53 54 59 61 71 78 79
34 53 54 59 61 69 70
34 53 54 59 61 69 70 78 79
34 52 53
34 52 53 78 79
34 52 53 69
34 52 53 69 78 79
34 52 53 68
34 52 53 68 69
34 52 53 68 69 78 79
34 52 53 55
34 51
34 51 78 79
34 51 68 69 78 79
34 51 67 78 79
34 51 67 68 78 79
34 51 65 66 78 79
34 51 61 69 78 79
34 51 61 67 68 78 79
34 51 59 61 73 75
34 51 59 61 73 74
34 51 59 61 71 72 75
34 51 59 61 71 72 73 74
34 51 57 60 61 73
34 51 57 60 61 71 72
34 51 57 59 60 63 73
34 51 57 59 60 63 71 72
34 51 57 59 60 61 73
34 51 57 59 60 61 71 72
34 51 57 58 59 63 73
34 51 57 58 59 63 71 72
34 51 56 78 79
34 51 53
34 51 53 68 69
34 51 53 67
34 51 53 67 68
34 51 53 65 66
34 51 53 61 69
34 51 53 61 67 68
34 51 53 56
34 51 52 78 79
34 51 52 53 78 79
34 50 57 59 73
34 50 57 59 71 72
34 50 51 69
34 50 51 67 68
34 49 50
34 49 50 78 79
34 49 50 68 69 78 79
34 49 50 67 78 79
34 49 50 67 68 78 79
34 49 50 65 66 78 79
34 49 50 61 69 78 79
34 49 50 61 67 68 78 79
34 49 50 56 78 79
34 49 50 53
34 49 50 53 68 69
34 49 50 53 67
34 49 50 53 67 68
34 49 50 53 65 66
34 49 50 53 61 69
34 49 50 53 61 67 68
34 49 50 53 56
34 49 50 52 69
34 49 50 52 67 68
34 49 50 51 69
34 49 50 51 67 68
34 48
34 48 59 61 73 78
34 48 59 61 73 76 77
34 48 59 61 71 72 78
34 48 59 61 71 72 76 77
34 48 59 61 63
34 48 57 61 78 79
34 48 53 57 61
34 48 51 59 61 73
34 48 51 59 61 71 72
34 46 78 79
34 46 69 78 79
34 46 68 78 79
34 46 67
34 46 67 68 78 79
34 46 65 66
34 46 59 61 75 78
34 46 59 61 75 76 77
34 46 59 61 73 74 78
34 46 59 61 73 74 76 77
34 46 57 60 61 78
34 46 57 60 61 76 77
34 46 57 59 77
34 46 57 59 75 76
34 46 57 59 61
34 46 57 59 60
34 46 57 59 60 63 78
34 46 57 59 60 63 76 77
34 46 57 59 60 61 78
34 46 57 59 60 61 76 77
34 46 57 58 59
34 46 57 58 59 63 78
34 46 57 58 59 63 76 77
34 46 55 78 79
34 46 55 61
34 46 55 59
34 46 53
34 46 53 69
34 46 53 68
34 46 53 67 68
34 46 53 55
34 46 51 59 61 75
34 46 51 59 61 73 74
34 46 51 57 60 61
34 46 51 57 59 60 63
34 46 51 57 59 60 61
34 46 51 57 58 59 63
34 46 50 57 59
34 46 48 59 61 78
34 46 48 59 61 76 77
34 46 48 51 59 61
34 45
34 45 53
34 45 53 78 79
34 45 51 52 78 79
34 45 51 52 53
34 44
34 44 59
34 44 59 68 69
34 44 59 67 68
34 44 59 61
34 44 59 61 73 75 78 79
34 44 59 61 73 74 78 79
34 44 59 61 71 72 75 78 79
34 44 59 61 71 72 73 74 78 79
34 44 59 61 63 73 78 79
34 44 59 61 63 71 72 78 79
34 44 57 69
34 44 57 67 68
34 44 55 68
34 44 55 61
34 44 55 59 61 78 79
34 44 55 56 69
34 44 55 56 67 68
34 44 53 59 61 73 75
34 44 53 59 61 73 74
34 44 53 59 61 71 72 75
34 44 53 59 61 71 72 73 74
34 44 53 59 61 63 73
34 44 53 59 61 63 71 72
34 44 53 55 59 61
34 44 53 54 61
34 44 53 54 61 69
34 44 53 54 61 67 68
34 44 53 54 59 61
34 44 53 54 59 61 78 79
34 44 48 59 61 73 78 79
34 44 48 59 61 71 72 78 79
34 44 48 53 59 61 73
34 44 48 53 59 61 71 72
34 44 46 59 61 75 78 79
34 44 46 59 61 73 74 78 79
34 44 46 59 61 63 78 79
34 44 46 53 59 61 75
34 44 46 53 59 61 73 74
34 44 46 53 59 61 63
34 44 46 48 59 61 78 79
34 44 46 48 53 59 61
34 43 44
34 43 44 53
34 43 44 53 78 79
34 43 44 51 52 78 79
34 43 44 51 52 53
34 42 73 78 79
34 42 71 72 78 79
34 42 68
34 42 68 78 79
34 42 63 78 79
34 42 63 68 78 79
34 42 62
34 42 61 78 79
34 42 61 73
34 42 61 71 72
34 42 61 68
34 42 61 62 78 79
34 42 61 62 68 78 79
34 42 59
34 42 59 68
34 42 59 68 71
34 42 59 68 69 70
34 42 59 61 78 79
34 42 57 59 61 65 73 77
34 42 57 59 61 65 73 75 76
34 42 57 59 61 65 71 72 77
34 42 57 59 61 65 71 72 75 76
34 42 57 59 61 63 64 73 77
34 42 57 59 61 63 64 73 75 76
34 42 57 59 61 63 64 71 72 77
34 42 57 59 61 63 64 71 72 75 76
34 42 55 61
34 42 55 61 78 79
34 42 54
34 42 54 78 79
34 42 54 68 78 79
34 42 53
34 42 53 73
34 42 53 71 72
34 42 53 68
34 42 53 63
34 42 53 63 68
34 42 53 61
34 42 53 61 62
34 42 53 61 62 68
34 42 53 59 61
34 42 53 55 61
34 42 53 54
34 42 53 54 68
34 42 53 54 61
34 42 53 54 61 71
34 42 53 54 61 69 70
34 42 52 53
34 42 52 53 78 79
34 42 52 53 68
34 42 52 53 68 78 79
34 42 51 68 78 79
34 42 51 61 78 79
34 42 51 53 68
34 42 51 53 61
34 42 50 57 59 61 65 73
34 42 50 57 59 61 65 71 72
34 42 50 57 59 61 63 64 73
34 42 50 57 59 61 63 64 71 72
34 42 50 51
34 42 49 50 68 78 79
34 42 49 50 61 78 79
34 42 49 50 53 68
34 42 49 50 53 61
34 42 49 50 52
34 42 49 50 51
34 42 46 78 79
34 42 46 61
34 42 46 57 59 61 65 77
34 42 46 57 59 61 65 75 76
34 42 46 57 59 61 63 64 77
34 42 46 57 59 61 63 64 75 76
34 42 46 53
34 42 46 50 57 59 61 65
34 42 46 50 57 59 61 63 64
34 42 44 59 68
34 42 44 57
34 42 44 55 56
34 42 44 53 54 61
34 42 43 59
34 42 43 59 61
34 42 43 59 61 73 75 78 79
34 42 43 59 61 73 74 78 79
34 42 43 59 61 71 72 75 78 79
34 42 43 59 61 71 72 73 74 78 79
34 42 43 59 61 63 73 78 79
34 42 43 59 61 63 71 72 78 79
34 42 43 57
34 42 43 57 69
34 42 43 57 67 68
34 42 43 55 56
34 42 43 55 56 69
34 42 43 55 56 67 68
34 42 43 53 59 61 73 75
34 42 43 53 59 61 73 74
34 42 43 53 59 61 71 72 75
34 42 43 53 59 61 71 72 73 74
34 42 43 53 59 61 63 73
34 42 43 53 59 61 63 71 72
34 42 43 48 59 61 73 78 79
34 42 43 48 59 61 71 72 78 79
34 42 43 48 53 59 61 73
34 42 43 48 53 59 61 71 72
34 42 43 46 59 61 75 78 79
34 42 43 46 59 61 73 74 78 79
34 42 43 46 59 61 63 78 79
34 42 43 46 53 59 61 75
34 42 43 46 53 59 61 73 74
34 42 43 46 53 59 61 63
34 42 43 46 48 59 61 78 79
34 42 43 46 48 53 59 61
34 40 61
34 40 51 78 79
34 40 51 53
34 40 49 50 78 79
34 40 49 50 53
34 40 46
34 40 41 61 73
34 40 41 61 71 72
34 40 41 57 59 61 65 73 77
34 40 41 57 59 61 65 73 75 76
34 40 41 57 59 61 65 71 72 77
34 40 41 57 59 61 65 71 72 75 76
34 40 41 57 59 61 63 64 73 77
34 40 41 57 59 61 63 64 73 75 76
34 40 41 57 59 61 63 64 71 72 77
34 40 41 57 59 61 63 64 71 72 75 76
34 40 41 50 57 59 61 65 73
34 40 41 50 57 59 61 65 71 72
34 40 41 50 57 59 61 63 64 73
34 40 41 50 57 59 61 63 64 71 72
34 40 41 46 61
34 40 41 46 57 59 61 65 77
34 40 41 46 57 59 61 65 75 76
34 40 41 46 57 59 61 63 64 77
34 40 41 46 57 59 61 63 64 75 76
34 40 41 46 50 57 59 61 65
34 40 41 46 50 57 59 61 63 64
34 38 69
34 38 67 68
34 38 42
34 38 42 57 59 61 73 77
34 38 42 57 59 61 73 75 76
34 38 42 57 59 61 71 72 77
34 38 42 57 59 61 71 72 75 76
34 38 42 50 57 59 61 73
34 38 42 50 57 59 61 71 72
34 38 42 46 57 59 61 77
34 38 42 46 57 59 61 75 76
34 38 42 46 50 57 59 61
34 38 40 41 57 59 61 73 77
34 38 40 41 57 59 61 73 75 76
34 38 40 41 57 59 61 71 72 77
34 38 40 41 57 59 61 71 72 75 76
34 38 40 41 50 57 59 61 73
34 38 40 41 50 57 59 61 71 72
34 38 40 41 46 57 59 61 77
34 38 40 41 46 57 59 61 75 76
34 38 40 41 46 50 57 59 61
34 36
34 36 53
34 36 53 78 79
34 36 51 52 78 79
34 36 51 52 53
34 36 37 69
34 36 37 67 68
34 36 37 42
34 35 53
34 35 53 78 79
34 35 51 52 78 79
34 35 51 52 53
33 57 61 73 78
33 57 61 73 76 77
33 57 61 71 72 78
33 57 61 71 72 76 77
33 57 59 61 73
33 57 59 61 73 78
33 57 59 61 73 76 77
33 57 59 61 71 72
33 57 59 61 71 72 78
33 57 59 61 71 72 76 77
33 57 59 61 63 73 78
33 57 59 61 63 73 76 77
33 57 59 61 63 71 72 78
33 57 59 61 63 71 72 76 77
33 57 59 60 73
33 57 59 60 71 72
33 57 59 60 63 73 78
33 57 59 60 63 73 76 77
33 57 59 60 63 71 72 78
33 57 59 60 63 71 72 76 77
33 51 57 61 73
33 51 57 61 71 72
33 51 57 59 61 73
33 51 57 59 61 71 72
33 51 57 59 61 63 73
33 51 57 59 61 63 71 72
33 51 57 59 60 63 73
33 51 57 59 60 63 71 72
33 46 57 61 78
33 46 57 61 76 77
33 46 57 59 61
33 46 57 59 61 78
33 46 57 59 61 76 77
33 46 57 59 61 63 78
33 46 57 59 61 63 76 77
33 46 57 59 60
33 46 57 59 60 63 78
33 46 57 59 60 63 76 77
33 46 51 57 61
33 46 51 57 59 61
33 46 51 57 59 61 63
33 46 51 57 59 60 63
33 42 59 73
33 42 59 73 78 79
33 42 59 71 72
33 42 59 71 72 78 79
33 42 53 59 73
33 42 53 59 71 72
33 42 46 59
33 42 46 59 78 79
33 42 46 53 59
33 40 41 59 73
33 40 41 59 73 78 79
33 40 41 59 71 72
33 40 41 59 71 72 78 79
33 40 41 53 59 73
33 40 41 53 59 71 72
33 40 41 46 59
33 40 41 46 59 78 79
33 40 41 46 53 59
33 34
33 34 73 78 79
33 34 71 72 78 79
33 34 69
33 34 67 68
33 34 63
33 34 61 62
33 34 57 61 73 78
33 34 57 61 73 76 77
33 34 57 61 71 72 78
33 34 57 61 71 72 76 77
33 34 57 59 73
33 34 57 59 71 72
33 34 57 59 63 73 78
33 34 57 59 63 73 76 77
33 34 57 59 63 71 72 78
33 34 57 59 63 71 72 76 77
33 34 57 59 61 73 78
33 34 57 59 61 73 76 77
33 34 57 59 61 71 72 78
33 34 57 59 61 71 72 76 77
33 34 54
33 34 53 73
33 34 53 71 72
33 34 52 53
33 34 51 68 69
33 34 51 67 68
33 34 51 57 61 73
33 34 51 57 61 71 72
33 34 51 57 59 63 73
33 34 51 57 59 63 71 72
33 34 51 57 59 61 73
33 34 51 57 59 61 71 72
33 34 49 50 68 69
33 34 49 50 67 68
33 34 46 78 79
33 34 46 57 61 78
33 34 46 57 61 76 77
33 34 46 57 59
33 34 46 57 59 63 78
33 34 46 57 59 63 76 77
33 34 46 57 59 61 78
33 34 46 57 59 61 76 77
33 34 46 53
33 34 46 51 57 61
33 34 46 51 57 59 63
33 34 46 51 57 59 61
33 34 42
33 34 42 51 68
33 34 42 49 50 68
32
32 57 59 73
32 57 59 71 72
32 46 57 59
31
30 69 78 79
30 67 68 78 79
30 61
30 53 69
30 53 67 68
30 42 78 79
30 42 53
30 36 59 69 78 79
30 36 59 67 68 78 79
30 36 53 59 69
30 36 53 59 67 68
30 36 42 59 78 79
30 36 42 53 59
30 34 44 69
30 34 44 67 68
30 34 42 44
30 34 42 43
30 34 42 43 69
30 34 42 43 67 68
29 68
29 59 69
29 59 67 68
29 42 59
28
28 78 79
28 68 69
28 67 68
28 61 71
28 61 71 78 79
28 61 69
28 61 69 71
28 61 69 71 78 79
28 61 68 71
28 61 68 69
28 61 68 69 78 79
28 61 68 69 71
28 61 67 68 78 79
28 61 67 68 71 78 79
28 61 67 68 69 70 78 79
28 59 69 71
28 59 69 71 78 79
28 59 69 70
28 59 69 70 78 79
28 59 67 68 71
28 59 67 68 71 78 79
28 59 67 68 69 70
28 59 67 68 69 70 78 79
28 59 61 71
28 59 61 71 78 79
28 59 61 69 71 78 79
28 59 61 69 70
28 59 61 67 68 71 78 79
28 59 61 67 68 69 70 78 79
28 59 61 65 73
28 59 61 65 71 72
28 59 61 63 64 73
28 59 61 63 64 71 72
28 55 61 69
28 55 61 67 68
28 55 59 61 69 78 79
28 55 59 61 67 68 78 79
28 53
28 53 61 71
28 53 61 69 71
28 53 61 68 69
28 53 61 67 68
28 53 61 67 68 71
28 53 61 67 68 69 70
28 53 59 69 71
28 53 59 69 70
28 53 59 67 68 71
28 53 59 67 68 69 70
28 53 59 61 71
28 53 59 61 69 71
28 53 59 61 67 68 71
28 53 59 61 67 68 69 70
28 53 55 59 61 69
28 53 55 59 61 67 68
28 51 61 69
28 51 61 67 68
28 51 59 69 78 79
28 51 59 67 68 78 79
28 51 53 59 69
28 51 53 59 67 68
28 49 50 61 69
28 49 50 61 67 68
28 49 50 59 69 78 79
28 49 50 59 67 68 78 79
28 49 50 53 59 69
28 49 50 53 59 67 68
28 46 59 61 65
28 46 59 61 63 64
28 44 61
28 44 61 78 79
28 44 61 69
28 44 61 69 78 79
28 44 61 68
28 44 61 68 69
28 44 61 67 68 78 79
28 44 59 69
28 44 59 69 78 79
28 44 59 67 68
28 44 59 67 68 78 79
28 44 59 61
28 44 59 61 78 79
28 44 59 61 69 78 79
28 44 59 61 67 68 78 79
28 44 53 61
28 44 53 61 69
28 44 53 61 67 68
28 44 53 59 69
28 44 53 59 67 68
28 44 53 59 61
28 44 53 59 61 69
28 44 53 59 61 67 68
28 42 68
28 42 61
28 42 61 71
28 42 61 71 78 79
28 42 61 69 70
28 42 61 69 70 78 79
28 42 61 68
28 42 61 68 78 79
28 42 61 68 71
28 42 61 68 69 70
28 42 59 71
28 42 59 71 78 79
28 42 59 69 70
28 42 59 69 70 78 79
28 42 59 61 71 78 79
28 42 59 61 69 70 78 79
28 42 55 61
28 42 55 59 61 78 79
28 42 53 61 71
28 42 53 61 69 70
28 42 53 61 68
28 42 53 59 71
28 42 53 59 69 70
28 42 53 59 61 71
28 42 53 59 61 69 70
28 42 53 55 59 61
28 42 51 61
28 42 51 59 78 79
28 42 51 53 59
28 42 49 50 61
28 42 49 50 59 78 79
28 42 49 50 53 59
28 42 44 61
28 42 44 61 78 79
28 42 44 61 68
28 42 44 59
28 42 44 59 78 79
28 42 44 59 61 78 79
28 42 44 53 61
28 42 44 53 59
28 42 44 53 59 61
28 38 59 61 73
28 38 59 61 71 72
28 38 46 59 61
28 36 61 69
28 36 61 67 68
28 36 55 61 69
28 36 55 61 67 68
28 36 55 59 61 69
28 36 55 59 61 67 68
28 36 42 61
28 36 42 55 61
28 36 42 55 59 61
28 34 61 71
28 34 61 69
28 34 61 69 71
28 34 61 67 68
28 34 61 67 68 71
28 34 61 67 68 69 70
28 34 59 61 71 78 79
28 34 59 61 69 70 78 79
28 34 53 59 61 71
28 34 53 59 61 69 70
28 34 44 61
28 34 44 61 69
28 34 44 61 67 68
28 34 44 59 61 78 79
28 34 44 53 59 61
28 34 42 61
28 34 42 61 71
28 34 42 61 69 70
28 34 42 44 61
27
27 62
27 60 61
27 44
27 42 43
27 34 69 78 79
27 34 68
27 34 68 69 78 79
27 34 55
27 34 53
27 34 53 78 79
27 34 53 69
27 34 53 68 69
27 34 51 52 78 79
27 34 51 52 53
27 34 42 78 79
27 34 42 68 78 79
27 34 42 53
27 34 42 53 68
27 33 34
26
26 73 78 79
26 71 72 78 79
26 61 69
26 61 67 68
26 59
26 59 69
26 59 67 68
26 57 59 73
26 57 59 71 72
26 55 61 71
26 55 61 69 71
26 55 61 67 68 71
26 55 61 67 68 69 70
26 53 73
26 53 71 72
26 53 54 61 71
26 53 54 61 69 71
26 53 54 61 67 68 71
26 53 54 61 67 68 69 70
26 51 69
26 51 68 69
26 49 50 69
26 49 50 68 69
26 46 78 79
26 46 57 59
26 46 53
26 44 55 61
26 44 55 61 69
26 44 55 61 67 68
26 44 53 54 61
26 44 53 54 61 69
26 44 53 54 61 67 68
26 42 61
26 42 59
26 42 55 61 71
26 42 55 61 69 70
26 42 53 54 61 71
26 42 53 54 61 69 70
26 42 51
26 42 51 68
26 42 49 50
26 42 49 50 68
26 42 44 55 61
26 42 44 53 54 61
26 36
26 34 78 79
26 34 69
26 34 67 68
26 34 55
26 34 53
26 34 52 53
26 34 52 53 78 79
26 34 51 78 79
26 34 51 53
26 34 49 50 78 79
26 34 49 50 53
26 34 45 78 79
26 34 45 53
26 34 43 44 78 79
26 34 43 44 53
26 34 42
26 34 36 78 79
26 34 36 53
26 34 35 78 79
26 34 35 53
26 28 61 71
26 28 61 69 71
26 28 61 67 68 71
26 28 61 67 68 69 70
26 28 44 61
26 28 44 61 69
26 28 44 61 67 68
26 28 42 61 71
26 28 42 61 69 70
26 28 42 44 61
26 27 59 61 65 73
26 27 59 61 65 71 72
26 27 59 61 63 64 73
26 27 59 61 63 64 71 72
26 27 46 59 61 65
26 27 46 59 61 63 64
26 27 38 59 61 73
26 27 38 59 61 71 72
26 27 38 46 59 61
26 27 34 78 79
26 27 34 53
25
25 71 78 79
25 69 70 78 79
25 59
25 53 71
25 53 69 70
25 44 78 79
25 44 53
25 34
24 68 69
24 67 78 79
24 67 68
24 65 66 78 79
24 61
24 55 61 69
24 55 61 67 68
24 55 59 69 78 79
24 55 59 67 68 78 79
24 53 68 69
24 53 67
24 53 67 68
24 53 65 66
24 53 55 59 69
24 53 55 59 67 68
24 53 54 61 69
24 53 54 61 67 68
24 53 54 59 69
24 53 54 59 69 78 79
24 53 54 59 67 68
24 53 54 59 67 68 78 79
24 51 52 68 69
24 51 52 67 68
24 44 68 69
24 44 67 68
24 42 68
24 42 55 61
24 42 55 59 78 79
24 42 53 68
24 42 53 55 59
24 42 53 54 61
24 42 53 54 59
24 42 53 54 59 78 79
24 42 51 52 68
24 42 44 68
24 42 43 68
24 42 43 68 69
24 42 43 67 68
24 40 78 79
24 40 53
24 36 67
24 36 65 66
24 36 40
24 35 68 69
24 35 67 68
24 35 42 68
24 34 78 79
24 34 68 69 78 79
24 34 67 78 79
24 34 67 68 78 79
24 34 65 66 78 79
24 34 61 69 78 79
24 34 61 67 68 78 79
24 34 56 78 79
24 34 53
24 34 53 68 69
24 34 53 67
24 34 53 67 68
24 34 53 65 66
24 34 53 61 69
24 34 53 61 67 68
24 34 53 56
24 34 52 69
24 34 52 67 68
24 34 50 51 69
24 34 50 51 67 68
24 34 42 68 78 79
24 34 42 61 78 79
24 34 42 53 68
24 34 42 53 61
24 34 42 52
24 34 42 50 51
24 34 40 78 79
24 34 40 53
24 33 34 68 69
24 33 34 67 68
24 33 34 42 68
24 28 61 69
24 28 61 67 68
24 28 59 69 78 79
24 28 59 67 68 78 79
24 28 53 59 69
24 28 53 59 67 68
24 28 42 61
24 28 42 59 78 79
24 28 42 53 59
24 26 69
24 26 68 69
24 26 42
24 26 42 68
24 26 34 78 79
24 26 34 53
24 25 69
24 25 67 68
24 25 55 61 71
24 25 55 61 69 71
24 25 55 61 67 68 71
24 25 55 61 67 68 69 70
24 25 53 54 61 71
24 25 53 54 61 69 71
24 25 53 54 61 67 68 71
24 25 53 54 61 67 68 69 70
24 25 51 69
24 25 51 67 68
24 25 49 50 69
24 25 49 50 67 68
24 25 44 55 61
24 25 44 55 61 69
24 25 44 55 61 67 68
24 25 44 53 54 61
24 25 44 53 54 61 69
24 25 44 53 54 61 67 68
24 25 42
24 25 42 55 61 71
24 25 42 55 61 69 70
24 25 42 53 54 61 71
24 25 42 53 54 61 69 70
24 25 42 51
24 25 42 49 50
24 25 42 44 55 61
24 25 42 44 53 54 61
24 25 28 61 71
24 25 28 61 69 71
24 25 28 61 67 68 71
24 25 28 61 67 68 69 70
24 25 28 44 61
24 25 28 44 61 69
24 25 28 44 61 67 68
24 25 28 42 61 71
24 25 28 42 61 69 70
24 25 28 42 44 61
23 69
23 67 68
23 57 59 73
23 57 59 71 72
23 46 57 59
23 42
23 24
23 24 71 78 79
23 24 69 70 78 79
23 24 53 71
23 24 53 69 70
23 24 44 78 79
23 24 44 53
22 59 78 79
22 57 59 63 73
22 57 59 63 71 72
22 57 59 61 62 73
22 57 59 61 62 71 72
22 53 59
22 46 57 59 63
22 46 57 59 61 62
22 36 57 59 73
22 36 57 59 71 72
22 36 46 57 59
22 34
22 34 69
22 34 67 68
22 34 59
22 34 42
21 68 69
21 67 68
21 59 61 73
21 59 61 71 72
21 57 59 61 73
21 57 59 61 71 72
21 46 59 61
21 46 57 59 61
21 44 59 61 63 73
21 44 59 61 63 71 72
21 44 59 61 62 73
21 44 59 61 62 71 72
21 44 46 59 61 63
21 44 46 59 61 62
21 42 68
21 42 59 61 73
21 42 59 61 71 72
21 42 46 59 61
21 42 43 59 61 63 73
21 42 43 59 61 63 71 72
21 42 43 59 61 62 73
21 42 43 59 61 62 71 72
21 42 43 46 59 61 63
21 42 43 46 59 61 62
21 40 41 59 61 73
21 40 41 59 61 71 72
21 40 41 46 59 61
21 36 44 59 61 73
21 36 44 59 61 71 72
21 36 44 46 59 61
21 36 42 43 59 61 73
21 36 42 43 59 61 71 72
21 36 42 43 46 59 61
20
20 78 79
20 68
20 61 71
20 61 69 70
20 59
20 59 68
20 53
20 44 61
20 34 61
20 34 55
20 34 55 68
20 34 54 69
20 34 54 67 68
20 34 51 69
20 34 51 67 68
20 34 49 50 69
20 34 49 50 67 68
20 34 42 54
20 34 42 51
20 34 42 49 50
20 24 34 69
20 24 34 67 68
20 24 34 42
19 71 78 79
19 69 70 78 79
19 68 69
19 67 68
19 53 71
19 53 69 70
19 44 78 79
19 44 53
19 42 68
18
18 44 57 59 63 73
18 44 57 59 63 71 72
18 44 57 59 61 62 73
18 44 57 59 61 62 71 72
18 44 46 57 59 63
18 44 46 57 59 61 62
18 42 43 57 59 63 73
18 42 43 57 59 63 71 72
18 42 43 57 59 61 62 73
18 42 43 57 59 61 62 71 72
18 42 43 46 57 59 63
18 42 43 46 57 59 61 62
18 36 44 57 59 73
18 36 44 57 59 71 72
18 36 44 46 57 59
18 36 42 43 57 59 73
18 36 42 43 57 59 71 72
18 36 42 43 46 57 59
18 34
18 34 53
18 34 53 78 79
18 34 51 52 78 79
18 34 51 52 53
18 26 34 78 79
18 26 34 53
17
17 73 78 79
17 71 72 78 79
17 69
17 67 68
17 63
17 61 69
17 61 67 68
17 61 62
17 59 73
17 59 71 72
17 59 63 65
17 59 63 64
17 59 61 73
17 59 61 73 75 78 79
17 59 61 73 74 78 79
17 59 61 71 72
17 59 61 71 72 75 78 79
17 59 61 71 72 73 74 78 79
17 59 61 63 73
17 59 61 63 71 72
17 59 61 62 73
17 59 61 62 71 72
17 59 61 62 65
17 59 61 62 63 73 78 79
17 59 61 62 63 71 72 78 79
17 59 61 62 63 64
17 59 60
17 59 60 61
17 59 60 61 73 75 78 79
17 59 60 61 73 74 78 79
17 59 60 61 71 72 75 78 79
17 59 60 61 71 72 73 74 78 79
17 59 60 61 63 73 78 79
17 59 60 61 63 71 72 78 79
17 57 59 60 63 73
17 57 59 60 63 71 72
17 57 59 60 61 62 73
17 57 59 60 61 62 71 72
17 54
17 53 73
17 53 71 72
17 53 59 61 73 75
17 53 59 61 73 74
17 53 59 61 71 72 75
17 53 59 61 71 72 73 74
17 53 59 61 62 63 73
17 53 59 61 62 63 71 72
17 53 59 60 61 73 75
17 53 59 60 61 73 74
17 53 59 60 61 71 72 75
17 53 59 60 61 71 72 73 74
17 53 59 60 61 63 73
17 53 59 60 61 63 71 72
17 52 53
17 51 68 69
17 51 67 68
17 49 50 68 69
17 49 50 67 68
17 48 59 61 73 78 79
17 48 59 61 71 72 78 79
17 48 59 61 63 73
17 48 59 61 63 71 72
17 48 59 61 62 73
17 48 59 61 62 71 72
17 48 59 60 61 73 78 79
17 48 59 60 61 71 72 78 79
17 48 53 59 61 73
17 48 53 59 61 71 72
17 48 53 59 60 61 73
17 48 53 59 60 61 71 72
17 46 78 79
17 46 59
17 46 59 61
17 46 59 61 75 78 79
17 46 59 61 73 74 78 79
17 46 59 61 63
17 46 59 61 62
17 46 59 61 62 63 78 79
17 46 59 60 61 75 78 79
17 46 59 60 61 73 74 78 79
17 46 59 60 61 63 78 79
17 46 57 59 60 63
17 46 57 59 60 61 62
17 46 53
17 46 53 59 61 75
17 46 53 59 61 73 74
17 46 53 59 61 62 63
17 46 53 59 60 61 75
17 46 53 59 60 61 73 74
17 46 53 59 60 61 63
17 46 48 59 61 78 79
17 46 48 59 61 63
17 46 48 59 61 62
17 46 48 59 60 61 78 79
17 46 48 53 59 61
17 46 48 53 59 60 61
17 46 47 59 61 63
17 46 47 59 61 63 73
17 46 47 59 61 63 71 72
17 46 47 59 61 62
17 46 47 59 61 62 73
17 46 47 59 61 62 71 72
17 42
17 42 61
17 42 51 68
17 42 49 50 68
17 38 59 63
17 38 59 61 62
17 36 59 65
17 36 59 63 64
17 36 59 61 73
17 36 59 61 71 72
17 36 59 61 63 73 78 79
17 36 59 61 63 71 72 78 79
17 36 57 59 60 73
17 36 57 59 60 71 72
17 36 53 59 61 63 73
17 36 53 59 61 63 71 72
17 36 48 59 61 73
17 36 48 59 61 71 72
17 36 46 59 61
17 36 46 59 61 63 78 79
17 36 46 57 59 60
17 36 46 53 59 61 63
17 36 46 48 59 61
17 36 46 47 59 61
17 36 46 47 59 61 73
17 36 46 47 59 61 71 72
17 36 38 59
17 34 69
17 34 67 68
17 34 59
17 34 59 61
17 34 59 61 73 75 78 79
17 34 59 61 73 74 78 79
17 34 59 61 71 72 75 78 79
17 34 59 61 71 72 73 74 78 79
17 34 59 61 63 73 78 79
17 34 59 61 63 71 72 78 79
17 34 57 69
17 34 57 67 68
17 34 55 56 69
17 34 55 56 67 68
17 34 53 59 61 73 75
17 34 53 59 61 73 74
17 34 53 59 61 71 72 75
17 34 53 59 61 71 72 73 74
17 34 53 59 61 63 73
17 34 53 59 61 63 71 72
17 34 48 59 61 73 78 79
17 34 48 59 61 71 72 78 79
17 34 48 53 59 61 73
17 34 48 53 59 61 71 72
17 34 46 59 61 75 78 79
17 34 46 59 61 73 74 78 79
17 34 46 59 61 63 78 79
17 34 46 53 59 61 75
17 34 46 53 59 61 73 74
17 34 46 53 59 61 63
17 34 46 48 59 61 78 79
17 34 46 48 53 59 61
17 34 42
17 34 42 57
17 34 42 55 56
17 30 34 69
17 30 34 67 68
17 30 34 42
17 27
17 24 68 69
17 24 67 68
17 24 42 68
17 21 59 61 63 73
17 21 59 61 63 71 72
17 21 59 61 62 73
17 21 59 61 62 71 72
17 21 46 59 61 63
17 21 46 59 61 62
17 21 36 59 61 73
17 21 36 59 61 71 72
17 21 36 46 59 61
17 18 57 59 63 73
17 18 57 59 63 71 72
17 18 57 59 61 62 73
17 18 57 59 61 62 71 72
17 18 46 57 59 63
17 18 46 57 59 61 62
17 18 36 57 59 73
17 18 36 57 59 71 72
17 18 36 46 57 59
16 59 61 65 73
16 59 61 65 71 72
16 59 61 63 64 73
16 59 61 63 64 71 72
16 46 59 61 65
16 46 59 61 63 64
16 38 59 61 73
16 38 59 61 71 72
16 38 46 59 61
16 17 57 59 63 73
16 17 57 59 63 71 72
16 17 57 59 61 62 73
16 17 57 59 61 62 71 72
16 17 46 57 59 63
16 17 46 57 59 61 62
16 17 44 57 59 63 73
16 17 44 57 59 63 71 72
16 17 44 57 59 61 62 73
16 17 44 57 59 61 62 71 72
16 17 44 46 57 59 63
16 17 44 46 57 59 61 62
16 17 42 43 57 59 63 73
16 17 42 43 57 59 63 71 72
16 17 42 43 57 59 61 62 73
16 17 42 43 57 59 61 62 71 72
16 17 42 43 46 57 59 63
16 17 42 43 46 57 59 61 62
16 17 36 57 59 73
16 17 36 57 59 71 72
16 17 36 46 57 59
16 17 36 44 57 59 73
16 17 36 44 57 59 71 72
16 17 36 44 46 57 59
16 17 36 42 43 57 59 73
16 17 36 42 43 57 59 71 72
16 17 36 42 43 46 57 59
15 59 73
15 59 71 72
15 59 61 77
15 59 61 75 76
15 59 61 73
15 59 61 73 78
15 59 61 73 76 77
15 59 61 71 72
15 59 61 71 72 78
15 59 61 71 72 76 77
15 59 61 65
15 59 61 65 73
15 59 61 65 71 72
15 59 61 63 64
15 59 61 63 64 73
15 59 61 63 64 71 72
15 59 60 73
15 59 60 73 78 79
15 59 60 71 72
15 59 60 71 72 78 79
15 59 60 61 73
15 59 60 61 71 72
15 58 59 73
15 58 59 73 78 79
15 58 59 71 72
15 58 59 71 72 78 79
15 57 59 61 65 73 77
15 57 59 61 65 73 75 76
15 57 59 61 65 71 72 77
15 57 59 61 65 71 72 75 76
15 57 59 61 63 64 73 77
15 57 59 61 63 64 73 75 76
15 57 59 61 63 64 71 72 77
15 57 59 61 63 64 71 72 75 76
15 57 59 60 61 65 73 77
15 57 59 60 61 65 73 75 76
15 57 59 60 61 65 71 72 77
15 57 59 60 61 65 71 72 75 76
15 57 59 60 61 63 64 73 77
15 57 59 60 61 63 64 73 75 76
15 57 59 60 61 63 64 71 72 77
15 57 59 60 61 63 64 71 72 75 76
15 53 59 60 73
15 53 59 60 71 72
15 53 58 59 73
15 53 58 59 71 72
15 51 59 61 73
15 51 59 61 71 72
15 50 59 61
15 50 57 59 61 65 73
15 50 57 59 61 65 71 72
15 50 57 59 61 63 64 73
15 50 57 59 61 63 64 71 72
15 50 57 59 60 61 65 73
15 50 57 59 60 61 65 71 72
15 50 57 59 60 61 63 64 73
15 50 57 59 60 61 63 64 71 72
15 48 59 61 73
15 48 59 61 71 72
15 46 59
15 46 59 61
15 46 59 61 78
15 46 59 61 76 77
15 46 59 61 65
15 46 59 61 63 64
15 46 59 60
15 46 59 60 78 79
15 46 59 60 61
15 46 58 59
15 46 58 59 78 79
15 46 57 59 61 65 77
15 46 57 59 61 65 75 76
15 46 57 59 61 63 64 77
15 46 57 59 61 63 64 75 76
15 46 57 59 60 61 65 77
15 46 57 59 60 61 65 75 76
15 46 57 59 60 61 63 64 77
15 46 57 59 60 61 63 64 75 76
15 46 53 59 60
15 46 53 58 59
15 46 51 59 61
15 46 50 57 59 61 65
15 46 50 57 59 61 63 64
15 46 50 57 59 60 61 65
15 46 50 57 59 60 61 63 64
15 46 48 59 61
15 46 47 59 61
15 46 47 59 61 73
15 46 47 59 61 71 72
15 41 59 61 65 73
15 41 59 61 65 71 72
15 41 59 61 63 64 73
15 41 59 61 63 64 71 72
15 41 46 59 61 65
15 41 46 59 61 63 64
15 39 40 59 61 65 73
15 39 40 59 61 65 71 72
15 39 40 59 61 63 64 73
15 39 40 59 61 63 64 71 72
15 39 40 46 59 61 65
15 39 40 46 59 61 63 64
15 38 59 61
15 38 59 61 73
15 38 59 61 71 72
15 38 57 59 61 73 77
15 38 57 59 61 73 75 76
15 38 57 59 61 71 72 77
15 38 57 59 61 71 72 75 76
15 38 57 59 60 61 73 77
15 38 57 59 60 61 73 75 76
15 38 57 59 60 61 71 72 77
15 38 57 59 60 61 71 72 75 76
15 38 50 57 59 61 73
15 38 50 57 59 61 71 72
15 38 50 57 59 60 61 73
15 38 50 57 59 60 61 71 72
15 38 46 59 61
15 38 46 57 59 61 77
15 38 46 57 59 61 75 76
15 38 46 57 59 60 61 77
15 38 46 57 59 60 61 75 76
15 38 46 50 57 59 61
15 38 46 50 57 59 60 61
15 38 41 59 61 73
15 38 41 59 61 71 72
15 38 41 46 59 61
15 38 39 40 59 61 73
15 38 39 40 59 61 71 72
15 38 39 40 46 59 61
15 34 61 73
15 34 61 71 72
15 34 57 59 61 65 73 77
15 34 57 59 61 65 73 75 76
15 34 57 59 61 65 71 72 77
15 34 57 59 61 65 71 72 75 76
15 34 57 59 61 63 64 73 77
15 34 57 59 61 63 64 73 75 76
15 34 57 59 61 63 64 71 72 77
15 34 57 59 61 63 64 71 72 75 76
15 34 50 57 59 61 65 73
15 34 50 57 59 61 65 71 72
15 34 50 57 59 61 63 64 73
15 34 50 57 59 61 63 64 71 72
15 34 46 61
15 34 46 57 59 61 65 77
15 34 46 57 59 61 65 75 76
15 34 46 57 59 61 63 64 77
15 34 46 57 59 61 63 64 75 76
15 34 46 50 57 59 61 65
15 34 46 50 57 59 61 63 64
15 34 38 57 59 61 73 77
15 34 38 57 59 61 73 75 76
15 34 38 57 59 61 71 72 77
15 34 38 57 59 61 71 72 75 76
15 34 38 50 57 59 61 73
15 34 38 50 57 59 61 71 72
15 34 38 46 57 59 61 77
15 34 38 46 57 59 61 75 76
15 34 38 46 50 57 59 61
15 33 59 73
15 33 59 73 78 79
15 33 59 71 72
15 33 59 71 72 78 79
15 33 53 59 73
15 33 53 59 71 72
15 33 46 59
15 33 46 59 78 79
15 33 46 53 59
15 21 59 61 73
15 21 59 61 71 72
15 21 46 59 61
14
14 69
14 67 68
14 59 73
14 59 71 72
14 57 59 73
14 57 59 71 72
14 46 59
14 46 57 59
14 42
13
13 59 73
13 59 71 72
13 46 59
11
11 69
11 67 68
11 42
11 34 69
11 34 67 68
11 34 42
10
10 71 78 79
10 69
10 69 70 78 79
10 68
10 67
10 67 68
10 65 66
10 64 69
10 64 67 68
10 59 78 79
10 59 68
10 55
10 55 69
10 55 67 68
10 53 71
10 53 69 70
10 53 59
10 44 78 79
10 44 53
10 42
10 42 64
10 42 55
10 40
10 36 67
10 36 65 66
10 36 55 69
10 36 55 67 68
10 36 42 55
10 36 40
10 34 55
10 26 68
10 24 25 68
9
9 78 79
9 59
9 53
9 34
9 34 69
9 34 67 68
9 34 55
9 34 53
9 34 53 78 79
9 34 51 52 78 79
9 34 51 52 53
9 34 42
9 26 34 78 79
9 26 34 53
9 20 34 69
9 20 34 67 68
9 20 34 42
8
8 78 79
8 73 78 79
8 71 72 78 79
8 69
8 69 78 79
8 67 68
8 67 68 78 79
8 63
8 61 69
8 61 67 68
8 61 62
8 57 59 69
8 57 59 67 68
8 55
8 55 61 69 78 79
8 55 61 67 68 78 79
8 55 56 59 69
8 55 56 59 67 68
8 54
8 53
8 53 73
8 53 71 72
8 53 69
8 53 67 68
8 53 55 61 69
8 53 55 61 67 68
8 53 54 61 69
8 53 54 61 69 78 79
8 53 54 61 67 68
8 53 54 61 67 68 78 79
8 52 53
8 51 68 69
8 51 67 68
8 49 50 68 69
8 49 50 67 68
8 46 78 79
8 46 53
8 42
8 42 78 79
8 42 61
8 42 57 59
8 42 55 61 78 79
8 42 55 56 59
8 42 53
8 42 53 55 61
8 42 53 54 61
8 42 53 54 61 78 79
8 42 51 68
8 42 49 50 68
8 36 55 61 69 78 79
8 36 55 61 67 68 78 79
8 36 53 55 61 69
8 36 53 55 61 67 68
8 36 53 54 61 69
8 36 53 54 61 69 78 79
8 36 53 54 61 67 68
8 36 53 54 61 67 68 78 79
8 36 42 55 61 78 79
8 36 42 53 55 61
8 36 42 53 54 61
8 36 42 53 54 61 78 79
8 34 55
8 34 55 61 69
8 34 55 61 67 68
8 34 42 55 61
8 30 59 69
8 30 59 67 68
8 30 42 59
8 28 61 69 78 79
8 28 61 67 68 78 79
8 28 53 61 69
8 28 53 61 67 68
8 28 42 61 78 79
8 28 42 53 61
8 28 36 61 69 78 79
8 28 36 61 67 68 78 79
8 28 36 53 61 69
8 28 36 53 61 67 68
8 28 36 42 61 78 79
8 28 36 42 53 61
8 27
8 24 68 69
8 24 67 68
8 24 42 68
7
7 68 69
7 67 68
7 42 68
6 59 61
4 59 61
4 59 61 65
4 5 59 61
2 3 59 61
2 3 59 61 65
1 78 79
1 71
1 69
1 69 78 79
1 69 71
1 69 70
1 68
1 68 69
1 67
1 67 68
1 67 68 78 79
1 67 68 71
1 67 68 70
1 67 68 69
1 67 68 69 70
1 65 69
1 65 67 68
1 65 66
1 64 69
1 64 67 68
1 61 78 79
1 61 69 78 79
1 61 67
1 61 67 68 78 79
1 61 65 66
1 61 64 69
1 61 64 67 68
1 59 71
1 59 69 70
1 59 67
1 59 65 66
1 59 61
1 59 61 78 79
1 59 61 65 73
1 59 61 65 71 72
1 59 61 63 64 73
1 59 61 63 64 71 72
1 57 69
1 57 67 68
1 56
1 55 69
1 55 67 68
1 55 56 69
1 55 56 67 68
1 54 55
1 53
1 53 61
1 53 61 69
1 53 61 67 68
1 53 59 61
1 51 69
1 51 67 78 79
1 51 67 68
1 51 65 66 78 79
1 51 53 67
1 51 53 65 66
1 51 52 69
1 51 52 67 68
1 49 50 69
1 49 50 67 78 79
1 49 50 67 68
1 49 50 65 66 78 79
1 49 50 53 67
1 49 50 53 65 66
1 46 59 61 65
1 46 59 61 63 64
1 44
1 44 69
1 44 67 68
1 44 59
1 43 69
1 43 67 68
1 42
1 42 78 79
1 42 71
1 42 70
1 42 69 70
1 42 68 69
1 42 65
1 42 64
1 42 61 78 79
1 42 61 64
1 42 57
1 42 55
1 42 55 56
1 42 53 61
1 42 51
1 42 51 52
1 42 49 50
1 42 44
1 42 43
1 40
1 40 61
1 40 59
1 40 51 78 79
1 40 51 53
1 40 49 50 78 79
1 40 49 50 53
1 38 78 79
1 38 69
1 38 69 78 79
1 38 69 71
1 38 69 70
1 38 67 78 79
1 38 67 71
1 38 67 69 70
1 38 67 68
1 38 67 68 78 79
1 38 67 68 71
1 38 67 68 69 70
1 38 65 66 78 79
1 38 65 66 71
1 38 65 66 69 70
1 38 61 69 78 79
1 38 61 67 78 79
1 38 61 67 68 78 79
1 38 61 65 66 78 79
1 38 59 61 73
1 38 59 61 71 72
1 38 53
1 38 53 69
1 38 53 67
1 38 53 67 68
1 38 53 65 66
1 38 53 61 69
1 38 53 61 67
1 38 53 61 67 68
1 38 53 61 65 66
1 38 46 59 61
1 38 44 69
1 38 44 67
1 38 44 67 68
1 38 44 65 66
1 38 42
1 38 42 78 79
1 38 42 71
1 38 42 69 70
1 38 42 61 78 79
1 38 42 53
1 38 42 53 61
1 38 42 44
1 38 40 78 79
1 38 40 71
1 38 40 69 70
1 38 40 61 78 79
1 38 40 53
1 38 40 53 61
1 38 40 44
1 36 78 79
1 36 71
1 36 69 70
1 36 67
1 36 65 66
1 36 53
1 36 44
1 36 40
1 34 69 78 79
1 34 67 68 78 79
1 34 61
1 34 53 69
1 34 53 67 68
1 34 52 53 69
1 34 52 53 67 68
1 34 45 69
1 34 45 67 68
1 34 43 44 69
1 34 43 44 67 68
1 34 42 78 79
1 34 42 53
1 34 42 52 53
1 34 42 45
1 34 42 43 44
1 34 36 69
1 34 36 67 68
1 34 36 42
1 34 35 69
1 34 35 67 68
1 34 35 42
1 30 69
1 30 67 68
1 30 42
1 29
1 27 34 69
1 27 34 67 68
1 27 34 42
1 26 69
1 26 67 68
1 26 42
1 25 69
1 25 67 68
1 25 59 69
1 25 59 67 68
1 25 42
1 25 42 59
1 24 69
1 24 67 78 79
1 24 67 68
1 24 65 66 78 79
1 24 53 67
1 24 53 65 66
1 24 42
1 24 40 78 79
1 24 40 53
1 20 34
1 18 34 69
1 18 34 67 68
1 18 34 42
1 10 69 78 79
1 10 67 68 78 79
1 10 53 69
1 10 53 67 68
1 10 42 78 79
1 10 42 53
1 10 38 69 78 79
1 10 38 67 68 78 79
1 10 38 53 69
1 10 38 53 67 68
1 10 38 42 78 79
1 10 38 42 53
1 10 34
1 9 34 69
1 9 34 67 68
1 9 34 42
0 59 63 73
0 59 63 71 72
0 59 61 73
0 59 61 71 72
0 46 59 63
0 46 59 61

