44 48 61 63 73 78
44 48 61 63 73 76 77
44 48 61 63 71 72 78
44 48 61 63 71 72 76 77
44 48 51 61 63 73
44 48 51 61 63 71 72
44 46 48 61 63 78
44 46 48 61 63 76 77
44 46 48 51 61 63
44 46 47 61 63 78
44 46 47 61 63 76 77
44 46 47 51 61 63
42 43 48 61 63 73 78
42 43 48 61 63 73 76 77
42 43 48 61 63 71 72 78
42 43 48 61 63 71 72 76 77
42 43 48 51 61 63 73
42 43 48 51 61 63 71 72
42 43 46 48 61 63 78
42 43 46 48 61 63 76 77
42 43 46 48 51 61 63
42 43 46 47 61 63 78
42 43 46 47 61 63 76 77
42 43 46 47 51 61 63
17 48 61 63 73 78
17 48 61 63 73 76 77
17 48 61 63 71 72 78
17 48 61 63 71 72 76 77
17 48 51 61 63 73
17 48 51 61 63 71 72
17 46 48 61 63 78
17 46 48 61 63 76 77
17 46 48 51 61 63
17 46 47 61 63 78
17 46 47 61 63 76 77
17 46 47 51 61 63
34 44 61 63 73 78
34 44 61 63 73 76 77
34 44 61 63 71 72 78
34 44 61 63 71 72 76 77
34 44 51 61 63 73
34 44 51 61 63 71 72
34 44 46 61 63 78
34 44 46 61 63 76 77
34 44 46 51 61 63
34 42 43 61 63 73 78
34 42 43 61 63 73 76 77
34 42 43 61 63 71 72 78
34 42 43 61 63 71 72 76 77
34 42 43 51 61 63 73
34 42 43 51 61 63 71 72
34 42 43 46 61 63 78
34 42 43 46 61 63 76 77
34 42 43 46 51 61 63
17 34 61 63 73 78
17 34 61 63 73 76 77
17 34 61 63 71 72 78
17 34 61 63 71 72 76 77
17 34 51 61 63 73
17 34 51 61 63 71 72
17 34 46 61 63 78
17 34 46 61 63 76 77
17 34 46 51 61 63
42 57 61 65 73 75
42 57 61 65 73 74
42 57 61 65 71 72 75
42 57 61 65 71 72 73 74
42 57 59 60 61 65 73 75
42 57 59 60 61 65 73 74
42 57 59 60 61 65 71 72 75
42 57 59 60 61 65 71 72 73 74
42 48 57 61 65 73
42 48 57 61 65 71 72
42 48 57 59 60 61 65 73
42 48 57 59 60 61 65 71 72
42 46 57 61 65 75
42 46 57 61 65 73 74
42 46 57 59 60 61 65 75
42 46 57 59 60 61 65 73 74
42 46 48 57 61 65
42 46 48 57 59 60 61 65
40 41 57 61 65 73 75
40 41 57 61 65 73 74
40 41 57 61 65 71 72 75
40 41 57 61 65 71 72 73 74
40 41 57 59 60 61 65 73 75
40 41 57 59 60 61 65 73 74
40 41 57 59 60 61 65 71 72 75
40 41 57 59 60 61 65 71 72 73 74
40 41 48 57 61 65 73
40 41 48 57 61 65 71 72
40 41 48 57 59 60 61 65 73
40 41 48 57 59 60 61 65 71 72
40 41 46 57 61 65 75
40 41 46 57 61 65 73 74
40 41 46 57 59 60 61 65 75
40 41 46 57 59 60 61 65 73 74
40 41 46 48 57 61 65
40 41 46 48 57 59 60 61 65
34 42 57 61 65 73 75
34 42 57 61 65 73 74
34 42 57 61 65 71 72 75
34 42 57 61 65 71 72 73 74
34 42 48 57 61 65 73
34 42 48 57 61 65 71 72
34 42 46 57 61 65 75
34 42 46 57 61 65 73 74
34 42 46 48 57 61 65
34 40 41 57 61 65 73 75
34 40 41 57 61 65 73 74
34 40 41 57 61 65 71 72 75
34 40 41 57 61 65 71 72 73 74
34 40 41 48 57 61 65 73
34 40 41 48 57 61 65 71 72
34 40 41 46 57 61 65 75
34 40 41 46 57 61 65 73 74
34 40 41 46 48 57 61 65
15 57 61 65 73 75
15 57 61 65 73 74
15 57 61 65 71 72 75
15 57 61 65 71 72 73 74
15 57 59 60 61 65 73 75
15 57 59 60 61 65 73 74
15 57 59 60 61 65 71 72 75
15 57 59 60 61 65 71 72 73 74
15 48 57 61 65 73
15 48 57 61 65 71 72
15 48 57 59 60 61 65 73
15 48 57 59 60 61 65 71 72
15 46 57 61 65 75
15 46 57 61 65 73 74
15 46 57 59 60 61 65 75
15 46 57 59 60 61 65 73 74
15 46 48 57 61 65
15 46 48 57 59 60 61 65
15 34 57 61 65 73 75
15 34 57 61 65 73 74
15 34 57 61 65 71 72 75
15 34 57 61 65 71 72 73 74
15 34 48 57 61 65 73
15 34 48 57 61 65 71 72
15 34 46 57 61 65 75
15 34 46 57 61 65 73 74
15 34 46 48 57 61 65
28 29 40 41 61 73 75 78
28 29 40 41 61 73 75 76 77
28 29 40 41 61 73 74 78
28 29 40 41 61 73 74 76 77
28 29 40 41 61 71 72 75 78
28 29 40 41 61 71 72 75 76 77
28 29 40 41 61 71 72 73 74 78
28 29 40 41 61 71 72 73 74 76 77
28 29 40 41 59 60 61 73 75 78
28 29 40 41 59 60 61 73 75 76 77
28 29 40 41 59 60 61 73 74 78
28 29 40 41 59 60 61 73 74 76 77
28 29 40 41 59 60 61 71 72 75 78
28 29 40 41 59 60 61 71 72 75 76 77
28 29 40 41 59 60 61 71 72 73 74 78
28 29 40 41 59 60 61 71 72 73 74 76 77
28 29 40 41 51 61 73 75
28 29 40 41 51 61 73 74
28 29 40 41 51 61 71 72 75
28 29 40 41 51 61 71 72 73 74
28 29 40 41 51 59 60 61 73 75
28 29 40 41 51 59 60 61 73 74
28 29 40 41 51 59 60 61 71 72 75
28 29 40 41 51 59 60 61 71 72 73 74
28 29 40 41 48 61 73 78
28 29 40 41 48 61 73 76 77
28 29 40 41 48 61 71 72 78
28 29 40 41 48 61 71 72 76 77
28 29 40 41 48 59 60 61 73 78
28 29 40 41 48 59 60 61 73 76 77
28 29 40 41 48 59 60 61 71 72 78
28 29 40 41 48 59 60 61 71 72 76 77
28 29 40 41 48 51 61 73
28 29 40 41 48 51 61 71 72
28 29 40 41 48 51 59 60 61 73
28 29 40 41 48 51 59 60 61 71 72
28 29 40 41 46 61 75 78
28 29 40 41 46 61 75 76 77
28 29 40 41 46 61 73 74 78
28 29 40 41 46 61 73 74 76 77
28 29 40 41 46 59 60 61 75 78
28 29 40 41 46 59 60 61 75 76 77
28 29 40 41 46 59 60 61 73 74 78
28 29 40 41 46 59 60 61 73 74 76 77
28 29 40 41 46 51 61 75
28 29 40 41 46 51 61 73 74
28 29 40 41 46 51 59 60 61 75
28 29 40 41 46 51 59 60 61 73 74
28 29 40 41 46 48 61 78
28 29 40 41 46 48 61 76 77
28 29 40 41 46 48 59 60 61 78
28 29 40 41 46 48 59 60 61 76 77
28 29 40 41 46 48 51 61
28 29 40 41 46 48 51 59 60 61
28 29 34 40 41 61 73 75 78
28 29 34 40 41 61 73 75 76 77
28 29 34 40 41 61 73 74 78
28 29 34 40 41 61 73 74 76 77
28 29 34 40 41 61 71 72 75 78
28 29 34 40 41 61 71 72 75 76 77
28 29 34 40 41 61 71 72 73 74 78
28 29 34 40 41 61 71 72 73 74 76 77
28 29 34 40 41 51 61 73 75
28 29 34 40 41 51 61 73 74
28 29 34 40 41 51 61 71 72 75
28 29 34 40 41 51 61 71 72 73 74
28 29 34 40 41 48 61 73 78
28 29 34 40 41 48 61 73 76 77
28 29 34 40 41 48 61 71 72 78
28 29 34 40 41 48 61 71 72 76 77
28 29 34 40 41 48 51 61 73
28 29 34 40 41 48 51 61 71 72
28 29 34 40 41 46 61 75 78
28 29 34 40 41 46 61 75 76 77
28 29 34 40 41 46 61 73 74 78
28 29 34 40 41 46 61 73 74 76 77
28 29 34 40 41 46 51 61 75
28 29 34 40 41 46 51 61 73 74
28 29 34 40 41 46 48 61 78
28 29 34 40 41 46 48 61 76 77
28 29 34 40 41 46 48 51 61
57 61 73 78 79
57 61 71 72 78 79
57 59 60 61 73 78 79
57 59 60 61 71 72 78 79
53 57 61 73
53 57 61 71 72
53 57 59 60 61 73
53 57 59 60 61 71 72
46 57 61 78 79
46 57 59 60 61 78 79
46 53 57 61
46 53 57 59 60 61
34 57 61 73 78 79
34 57 61 71 72 78 79
34 53 57 61 73
34 53 57 61 71 72
34 46 57 61 78 79
34 46 53 57 61
15 30 61 73 75 78
15 30 61 73 75 76 77
15 30 61 73 74 78
15 30 61 73 74 76 77
15 30 61 71 72 75 78
15 30 61 71 72 75 76 77
15 30 61 71 72 73 74 78
15 30 61 71 72 73 74 76 77
15 30 59 60 61 73 75 78
15 30 59 60 61 73 75 76 77
15 30 59 60 61 73 74 78
15 30 59 60 61 73 74 76 77
15 30 59 60 61 71 72 75 78
15 30 59 60 61 71 72 75 76 77
15 30 59 60 61 71 72 73 74 78
15 30 59 60 61 71 72 73 74 76 77
15 30 51 61 73 75
15 30 51 61 73 74
15 30 51 61 71 72 75
15 30 51 61 71 72 73 74
15 30 51 59 60 61 73 75
15 30 51 59 60 61 73 74
15 30 51 59 60 61 71 72 75
15 30 51 59 60 61 71 72 73 74
15 30 48 61 73 78
15 30 48 61 73 76 77
15 30 48 61 71 72 78
15 30 48 61 71 72 76 77
15 30 48 59 60 61 73 78
15 30 48 59 60 61 73 76 77
15 30 48 59 60 61 71 72 78
15 30 48 59 60 61 71 72 76 77
15 30 48 51 61 73
15 30 48 51 61 71 72
15 30 48 51 59 60 61 73
15 30 48 51 59 60 61 71 72
15 30 46 61 75 78
15 30 46 61 75 76 77
15 30 46 61 73 74 78
15 30 46 61 73 74 76 77
15 30 46 59 60 61 75 78
15 30 46 59 60 61 75 76 77
15 30 46 59 60 61 73 74 78
15 30 46 59 60 61 73 74 76 77
15 30 46 51 61 75
15 30 46 51 61 73 74
15 30 46 51 59 60 61 75
15 30 46 51 59 60 61 73 74
15 30 46 48 61 78
15 30 46 48 61 76 77
15 30 46 48 59 60 61 78
15 30 46 48 59 60 61 76 77
15 30 46 48 51 61
15 30 46 48 51 59 60 61
15 30 34 61 73 75 78
15 30 34 61 73 75 76 77
15 30 34 61 73 74 78
15 30 34 61 73 74 76 77
15 30 34 61 71 72 75 78
15 30 34 61 71 72 75 76 77
15 30 34 61 71 72 73 74 78
15 30 34 61 71 72 73 74 76 77
15 30 34 51 61 73 75
15 30 34 51 61 73 74
15 30 34 51 61 71 72 75
15 30 34 51 61 71 72 73 74
15 30 34 48 61 73 78
15 30 34 48 61 73 76 77
15 30 34 48 61 71 72 78
15 30 34 48 61 71 72 76 77
15 30 34 48 51 61 73
15 30 34 48 51 61 71 72
15 30 34 46 61 75 78
15 30 34 46 61 75 76 77
15 30 34 46 61 73 74 78
15 30 34 46 61 73 74 76 77
15 30 34 46 51 61 75
15 30 34 46 51 61 73 74
15 30 34 46 48 61 78
15 30 34 46 48 61 76 77
15 30 34 46 48 51 61
15 28 29 61 73 75 78
15 28 29 61 73 75 76 77
15 28 29 61 73 74 78
15 28 29 61 73 74 76 77
15 28 29 61 71 72 75 78
15 28 29 61 71 72 75 76 77
15 28 29 61 71 72 73 74 78
15 28 29 61 71 72 73 74 76 77
15 28 29 59 60 61 73 75 78
15 28 29 59 60 61 73 75 76 77
15 28 29 59 60 61 73 74 78
15 28 29 59 60 61 73 74 76 77
15 28 29 59 60 61 71 72 75 78
15 28 29 59 60 61 71 72 75 76 77
15 28 29 59 60 61 71 72 73 74 78
15 28 29 59 60 61 71 72 73 74 76 77
15 28 29 51 61 73 75
15 28 29 51 61 73 74
15 28 29 51 61 71 72 75
15 28 29 51 61 71 72 73 74
15 28 29 51 59 60 61 73 75
15 28 29 51 59 60 61 73 74
15 28 29 51 59 60 61 71 72 75
15 28 29 51 59 60 61 71 72 73 74
15 28 29 48 61 73 78
15 28 29 48 61 73 76 77
15 28 29 48 61 71 72 78
15 28 29 48 61 71 72 76 77
15 28 29 48 59 60 61 73 78
15 28 29 48 59 60 61 73 76 77
15 28 29 48 59 60 61 71 72 78
15 28 29 48 59 60 61 71 72 76 77
15 28 29 48 51 61 73
15 28 29 48 51 61 71 72
15 28 29 48 51 59 60 61 73
15 28 29 48 51 59 60 61 71 72
15 28 29 46 61 75 78
15 28 29 46 61 75 76 77
15 28 29 46 61 73 74 78
15 28 29 46 61 73 74 76 77
15 28 29 46 59 60 61 75 78
15 28 29 46 59 60 61 75 76 77
15 28 29 46 59 60 61 73 74 78
15 28 29 46 59 60 61 73 74 76 77
15 28 29 46 51 61 75
15 28 29 46 51 61 73 74
15 28 29 46 51 59 60 61 75
15 28 29 46 51 59 60 61 73 74
15 28 29 46 48 61 78
15 28 29 46 48 61 76 77
15 28 29 46 48 59 60 61 78
15 28 29 46 48 59 60 61 76 77
15 28 29 46 48 51 61
15 28 29 46 48 51 59 60 61
15 28 29 34 61 73 75 78
15 28 29 34 61 73 75 76 77
15 28 29 34 61 73 74 78
15 28 29 34 61 73 74 76 77
15 28 29 34 61 71 72 75 78
15 28 29 34 61 71 72 75 76 77
15 28 29 34 61 71 72 73 74 78
15 28 29 34 61 71 72 73 74 76 77
15 28 29 34 51 61 73 75
15 28 29 34 51 61 73 74
15 28 29 34 51 61 71 72 75
15 28 29 34 51 61 71 72 73 74
15 28 29 34 48 61 73 78
15 28 29 34 48 61 73 76 77
15 28 29 34 48 61 71 72 78
15 28 29 34 48 61 71 72 76 77
15 28 29 34 48 51 61 73
15 28 29 34 48 51 61 71 72
15 28 29 34 46 61 75 78
15 28 29 34 46 61 75 76 77
15 28 29 34 46 61 73 74 78
15 28 29 34 46 61 73 74 76 77
15 28 29 34 46 51 61 75
15 28 29 34 46 51 61 73 74
15 28 29 34 46 48 61 78
15 28 29 34 46 48 61 76 77
15 28 29 34 46 48 51 61
30 40 41 61 73 75 78
30 40 41 61 73 75 76 77
30 40 41 61 73 74 78
30 40 41 61 73 74 76 77
30 40 41 61 71 72 75 78
30 40 41 61 71 72 75 76 77
30 40 41 61 71 72 73 74 78
30 40 41 61 71 72 73 74 76 77
30 40 41 59 60 61 73 75 78
30 40 41 59 60 61 73 75 76 77
30 40 41 59 60 61 73 74 78
30 40 41 59 60 61 73 74 76 77
30 40 41 59 60 61 71 72 75 78
30 40 41 59 60 61 71 72 75 76 77
30 40 41 59 60 61 71 72 73 74 78
30 40 41 59 60 61 71 72 73 74 76 77
30 40 41 51 61 73 75
30 40 41 51 61 73 74
30 40 41 51 61 71 72 75
30 40 41 51 61 71 72 73 74
30 40 41 51 59 60 61 73 75
30 40 41 51 59 60 61 73 74
30 40 41 51 59 60 61 71 72 75
30 40 41 51 59 60 61 71 72 73 74
30 40 41 48 61 73 78
30 40 41 48 61 73 76 77
30 40 41 48 61 71 72 78
30 40 41 48 61 71 72 76 77
30 40 41 48 59 60 61 73 78
30 40 41 48 59 60 61 73 76 77
30 40 41 48 59 60 61 71 72 78
30 40 41 48 59 60 61 71 72 76 77
30 40 41 48 51 61 73
30 40 41 48 51 61 71 72
30 40 41 48 51 59 60 61 73
30 40 41 48 51 59 60 61 71 72
30 40 41 46 61 75 78
30 40 41 46 61 75 76 77
30 40 41 46 61 73 74 78
30 40 41 46 61 73 74 76 77
30 40 41 46 59 60 61 75 78
30 40 41 46 59 60 61 75 76 77
30 40 41 46 59 60 61 73 74 78
30 40 41 46 59 60 61 73 74 76 77
30 40 41 46 51 61 75
30 40 41 46 51 61 73 74
30 40 41 46 51 59 60 61 75
30 40 41 46 51 59 60 61 73 74
30 40 41 46 48 61 78
30 40 41 46 48 61 76 77
30 40 41 46 48 59 60 61 78
30 40 41 46 48 59 60 61 76 77
30 40 41 46 48 51 61
30 40 41 46 48 51 59 60 61
30 34 40 41 61 73 75 78
30 34 40 41 61 73 75 76 77
30 34 40 41 61 73 74 78
30 34 40 41 61 73 74 76 77
30 34 40 41 61 71 72 75 78
30 34 40 41 61 71 72 75 76 77
30 34 40 41 61 71 72 73 74 78
30 34 40 41 61 71 72 73 74 76 77
30 34 40 41 51 61 73 75
30 34 40 41 51 61 73 74
30 34 40 41 51 61 71 72 75
30 34 40 41 51 61 71 72 73 74
30 34 40 41 48 61 73 78
30 34 40 41 48 61 73 76 77
30 34 40 41 48 61 71 72 78
30 34 40 41 48 61 71 72 76 77
30 34 40 41 48 51 61 73
30 34 40 41 48 51 61 71 72
30 34 40 41 46 61 75 78
30 34 40 41 46 61 75 76 77
30 34 40 41 46 61 73 74 78
30 34 40 41 46 61 73 74 76 77
30 34 40 41 46 51 61 75
30 34 40 41 46 51 61 73 74
30 34 40 41 46 48 61 78
30 34 40 41 46 48 61 76 77
30 34 40 41 46 48 51 61
30 42 61 63 73 75 78
30 42 61 63 73 75 76 77
30 42 61 63 73 74 78
30 42 61 63 73 74 76 77
30 42 61 63 71 72 75 78
30 42 61 63 71 72 75 76 77
30 42 61 63 71 72 73 74 78
30 42 61 63 71 72 73 74 76 77
30 42 61 62 63 73 75 78
30 42 61 62 63 73 75 76 77
30 42 61 62 63 73 74 78
30 42 61 62 63 73 74 76 77
30 42 61 62 63 71 72 75 78
30 42 61 62 63 71 72 75 76 77
30 42 61 62 63 71 72 73 74 78
30 42 61 62 63 71 72 73 74 76 77
30 42 51 61 63 73 75
30 42 51 61 63 73 74
30 42 51 61 63 71 72 75
30 42 51 61 63 71 72 73 74
30 42 51 61 62 63 73 75
30 42 51 61 62 63 73 74
30 42 51 61 62 63 71 72 75
30 42 51 61 62 63 71 72 73 74
30 42 48 61 63 73 78
30 42 48 61 63 73 76 77
30 42 48 61 63 71 72 78
30 42 48 61 63 71 72 76 77
30 42 48 61 62 63 73 78
30 42 48 61 62 63 73 76 77
30 42 48 61 62 63 71 72 78
30 42 48 61 62 63 71 72 76 77
30 42 48 51 61 63 73
30 42 48 51 61 63 71 72
30 42 48 51 61 62 63 73
30 42 48 51 61 62 63 71 72
30 42 46 61 63 75 78
30 42 46 61 63 75 76 77
30 42 46 61 63 73 74 78
30 42 46 61 63 73 74 76 77
30 42 46 61 62 63 75 78
30 42 46 61 62 63 75 76 77
30 42 46 61 62 63 73 74 78
30 42 46 61 62 63 73 74 76 77
30 42 46 51 61 63 75
30 42 46 51 61 63 73 74
30 42 46 51 61 62 63 75
30 42 46 51 61 62 63 73 74
30 42 46 48 61 63 78
30 42 46 48 61 63 76 77
30 42 46 48 61 62 63 78
30 42 46 48 61 62 63 76 77
30 42 46 48 51 61 63
30 42 46 48 51 61 62 63
30 40 41 61 63 73 75 78
30 40 41 61 63 73 75 76 77
30 40 41 61 63 73 74 78
30 40 41 61 63 73 74 76 77
30 40 41 61 63 71 72 75 78
30 40 41 61 63 71 72 75 76 77
30 40 41 61 63 71 72 73 74 78
30 40 41 61 63 71 72 73 74 76 77
30 40 41 61 62 63 73 75 78
30 40 41 61 62 63 73 75 76 77
30 40 41 61 62 63 73 74 78
30 40 41 61 62 63 73 74 76 77
30 40 41 61 62 63 71 72 75 78
30 40 41 61 62 63 71 72 75 76 77
30 40 41 61 62 63 71 72 73 74 78
30 40 41 61 62 63 71 72 73 74 76 77
30 40 41 51 61 63 73 75
30 40 41 51 61 63 73 74
30 40 41 51 61 63 71 72 75
30 40 41 51 61 63 71 72 73 74
30 40 41 51 61 62 63 73 75
30 40 41 51 61 62 63 73 74
30 40 41 51 61 62 63 71 72 75
30 40 41 51 61 62 63 71 72 73 74
30 40 41 48 61 63 73 78
30 40 41 48 61 63 73 76 77
30 40 41 48 61 63 71 72 78
30 40 41 48 61 63 71 72 76 77
30 40 41 48 61 62 63 73 78
30 40 41 48 61 62 63 73 76 77
30 40 41 48 61 62 63 71 72 78
30 40 41 48 61 62 63 71 72 76 77
30 40 41 48 51 61 63 73
30 40 41 48 51 61 63 71 72
30 40 41 48 51 61 62 63 73
30 40 41 48 51 61 62 63 71 72
30 40 41 46 61 63 75 78
30 40 41 46 61 63 75 76 77
30 40 41 46 61 63 73 74 78
30 40 41 46 61 63 73 74 76 77
30 40 41 46 61 62 63 75 78
30 40 41 46 61 62 63 75 76 77
30 40 41 46 61 62 63 73 74 78
30 40 41 46 61 62 63 73 74 76 77
30 40 41 46 51 61 63 75
30 40 41 46 51 61 63 73 74
30 40 41 46 51 61 62 63 75
30 40 41 46 51 61 62 63 73 74
30 40 41 46 48 61 63 78
30 40 41 46 48 61 63 76 77
30 40 41 46 48 61 62 63 78
30 40 41 46 48 61 62 63 76 77
30 40 41 46 48 51 61 63
30 40 41 46 48 51 61 62 63
30 36 42 61 63 73 75 78
30 36 42 61 63 73 75 76 77
30 36 42 61 63 73 74 78
30 36 42 61 63 73 74 76 77
30 36 42 61 63 71 72 75 78
30 36 42 61 63 71 72 75 76 77
30 36 42 61 63 71 72 73 74 78
30 36 42 61 63 71 72 73 74 76 77
30 36 42 51 61 63 73 75
30 36 42 51 61 63 73 74
30 36 42 51 61 63 71 72 75
30 36 42 51 61 63 71 72 73 74
30 36 42 48 61 63 73 78
30 36 42 48 61 63 73 76 77
30 36 42 48 61 63 71 72 78
30 36 42 48 61 63 71 72 76 77
30 36 42 48 51 61 63 73
30 36 42 48 51 61 63 71 72
30 36 42 46 61 63 75 78
30 36 42 46 61 63 75 76 77
30 36 42 46 61 63 73 74 78
30 36 42 46 61 63 73 74 76 77
30 36 42 46 51 61 63 75
30 36 42 46 51 61 63 73 74
30 36 42 46 48 61 63 78
30 36 42 46 48 61 63 76 77
30 36 42 46 48 51 61 63
30 36 40 41 61 63 73 75 78
30 36 40 41 61 63 73 75 76 77
30 36 40 41 61 63 73 74 78
30 36 40 41 61 63 73 74 76 77
30 36 40 41 61 63 71 72 75 78
30 36 40 41 61 63 71 72 75 76 77
30 36 40 41 61 63 71 72 73 74 78
30 36 40 41 61 63 71 72 73 74 76 77
30 36 40 41 51 61 63 73 75
30 36 40 41 51 61 63 73 74
30 36 40 41 51 61 63 71 72 75
30 36 40 41 51 61 63 71 72 73 74
30 36 40 41 48 61 63 73 78
30 36 40 41 48 61 63 73 76 77
30 36 40 41 48 61 63 71 72 78
30 36 40 41 48 61 63 71 72 76 77
30 36 40 41 48 51 61 63 73
30 36 40 41 48 51 61 63 71 72
30 36 40 41 46 61 63 75 78
30 36 40 41 46 61 63 75 76 77
30 36 40 41 46 61 63 73 74 78
30 36 40 41 46 61 63 73 74 76 77
30 36 40 41 46 51 61 63 75
30 36 40 41 46 51 61 63 73 74
30 36 40 41 46 48 61 63 78
30 36 40 41 46 48 61 63 76 77
30 36 40 41 46 48 51 61 63
15 30 61 63 73 75 78
15 30 61 63 73 75 76 77
15 30 61 63 73 74 78
15 30 61 63 73 74 76 77
15 30 61 63 71 72 75 78
15 30 61 63 71 72 75 76 77
15 30 61 63 71 72 73 74 78
15 30 61 63 71 72 73 74 76 77
15 30 61 62 63 73 75 78
15 30 61 62 63 73 75 76 77
15 30 61 62 63 73 74 78
15 30 61 62 63 73 74 76 77
15 30 61 62 63 71 72 75 78
15 30 61 62 63 71 72 75 76 77
15 30 61 62 63 71 72 73 74 78
15 30 61 62 63 71 72 73 74 76 77
15 30 51 61 63 73 75
15 30 51 61 63 73 74
15 30 51 61 63 71 72 75
15 30 51 61 63 71 72 73 74
15 30 51 61 62 63 73 75
15 30 51 61 62 63 73 74
15 30 51 61 62 63 71 72 75
15 30 51 61 62 63 71 72 73 74
15 30 48 61 63 73 78
15 30 48 61 63 73 76 77
15 30 48 61 63 71 72 78
15 30 48 61 63 71 72 76 77
15 30 48 61 62 63 73 78
15 30 48 61 62 63 73 76 77
15 30 48 61 62 63 71 72 78
15 30 48 61 62 63 71 72 76 77
15 30 48 51 61 63 73
15 30 48 51 61 63 71 72
15 30 48 51 61 62 63 73
15 30 48 51 61 62 63 71 72
15 30 46 61 63 75 78
15 30 46 61 63 75 76 77
15 30 46 61 63 73 74 78
15 30 46 61 63 73 74 76 77
15 30 46 61 62 63 75 78
15 30 46 61 62 63 75 76 77
15 30 46 61 62 63 73 74 78
15 30 46 61 62 63 73 74 76 77
15 30 46 51 61 63 75
15 30 46 51 61 63 73 74
15 30 46 51 61 62 63 75
15 30 46 51 61 62 63 73 74
15 30 46 48 61 63 78
15 30 46 48 61 63 76 77
15 30 46 48 61 62 63 78
15 30 46 48 61 62 63 76 77
15 30 46 48 51 61 63
15 30 46 48 51 61 62 63
15 30 36 61 63 73 75 78
15 30 36 61 63 73 75 76 77
15 30 36 61 63 73 74 78
15 30 36 61 63 73 74 76 77
15 30 36 61 63 71 72 75 78
15 30 36 61 63 71 72 75 76 77
15 30 36 61 63 71 72 73 74 78
15 30 36 61 63 71 72 73 74 76 77
15 30 36 51 61 63 73 75
15 30 36 51 61 63 73 74
15 30 36 51 61 63 71 72 75
15 30 36 51 61 63 71 72 73 74
15 30 36 48 61 63 73 78
15 30 36 48 61 63 73 76 77
15 30 36 48 61 63 71 72 78
15 30 36 48 61 63 71 72 76 77
15 30 36 48 51 61 63 73
15 30 36 48 51 61 63 71 72
15 30 36 46 61 63 75 78
15 30 36 46 61 63 75 76 77
15 30 36 46 61 63 73 74 78
15 30 36 46 61 63 73 74 76 77
15 30 36 46 51 61 63 75
15 30 36 46 51 61 63 73 74
15 30 36 46 48 61 63 78
15 30 36 46 48 61 63 76 77
15 30 36 46 48 51 61 63
57 61 63 75
57 61 62 75
57 61 62 73 74
36 57 61 75
55 67 68
34
30 42 61 73 75 78
30 42 61 73 75 76 77
30 42 61 73 74 78
30 42 61 73 74 76 77
30 42 61 71 72 75 78
30 42 61 71 72 75 76 77
30 42 61 71 72 73 74 78
30 42 61 71 72 73 74 76 77
30 42 59 60 61 73 75 78
30 42 59 60 61 73 75 76 77
30 42 59 60 61 73 74 78
30 42 59 60 61 73 74 76 77
30 42 59 60 61 71 72 75 78
30 42 59 60 61 71 72 75 76 77
30 42 59 60 61 71 72 73 74 78
30 42 59 60 61 71 72 73 74 76 77
30 42 51 61 73 75
30 42 51 61 73 74
30 42 51 61 71 72 75
30 42 51 61 71 72 73 74
30 42 51 59 60 61 73 75
30 42 51 59 60 61 73 74
30 42 51 59 60 61 71 72 75
30 42 51 59 60 61 71 72 73 74
30 42 48 61 73 78
30 42 48 61 73 76 77
30 42 48 61 71 72 78
30 42 48 61 71 72 76 77
30 42 48 59 60 61 73 78
30 42 48 59 60 61 73 76 77
30 42 48 59 60 61 71 72 78
30 42 48 59 60 61 71 72 76 77
30 42 48 51 61 73
30 42 48 51 61 71 72
30 42 48 51 59 60 61 73
30 42 48 51 59 60 61 71 72
30 42 46 61 75 78
30 42 46 61 75 76 77
30 42 46 61 73 74 78
30 42 46 61 73 74 76 77
30 42 46 59 60 61 75 78
30 42 46 59 60 61 75 76 77
30 42 46 59 60 61 73 74 78
30 42 46 59 60 61 73 74 76 77
30 42 46 51 61 75
30 42 46 51 61 73 74
30 42 46 51 59 60 61 75
30 42 46 51 59 60 61 73 74
30 42 46 48 61 78
30 42 46 48 61 76 77
30 42 46 48 59 60 61 78
30 42 46 48 59 60 61 76 77
30 42 46 48 51 61
30 42 46 48 51 59 60 61
30 34 42 61 73 75 78
30 34 42 61 73 75 76 77
30 34 42 61 73 74 78
30 34 42 61 73 74 76 77
30 34 42 61 71 72 75 78
30 34 42 61 71 72 75 76 77
30 34 42 61 71 72 73 74 78
30 34 42 61 71 72 73 74 76 77
30 34 42 51 61 73 75
30 34 42 51 61 73 74
30 34 42 51 61 71 72 75
30 34 42 51 61 71 72 73 74
30 34 42 48 61 73 78
30 34 42 48 61 73 76 77
30 34 42 48 61 71 72 78
30 34 42 48 61 71 72 76 77
30 34 42 48 51 61 73
30 34 42 48 51 61 71 72
30 34 42 46 61 75 78
30 34 42 46 61 75 76 77
30 34 42 46 61 73 74 78
30 34 42 46 61 73 74 76 77
30 34 42 46 51 61 75
30 34 42 46 51 61 73 74
30 34 42 46 48 61 78
30 34 42 46 48 61 76 77
30 34 42 46 48 51 61
3 15 61 73 75 78
3 15 61 73 75 76 77
3 15 61 73 74 78
3 15 61 73 74 76 77
3 15 61 71 72 75 78
3 15 61 71 72 75 76 77
3 15 61 71 72 73 74 78
3 15 61 71 72 73 74 76 77
3 15 59 60 61 73 75 78
3 15 59 60 61 73 75 76 77
3 15 59 60 61 73 74 78
3 15 59 60 61 73 74 76 77
3 15 59 60 61 71 72 75 78
3 15 59 60 61 71 72 75 76 77
3 15 59 60 61 71 72 73 74 78
3 15 59 60 61 71 72 73 74 76 77
3 15 51 61 73 75
3 15 51 61 73 74
3 15 51 61 71 72 75
3 15 51 61 71 72 73 74
3 15 51 59 60 61 73 75
3 15 51 59 60 61 73 74
3 15 51 59 60 61 71 72 75
3 15 51 59 60 61 71 72 73 74
3 15 48 61 73 78
3 15 48 61 73 76 77
3 15 48 61 71 72 78
3 15 48 61 71 72 76 77
3 15 48 59 60 61 73 78
3 15 48 59 60 61 73 76 77
3 15 48 59 60 61 71 72 78
3 15 48 59 60 61 71 72 76 77
3 15 48 51 61 73
3 15 48 51 61 71 72
3 15 48 51 59 60 61 73
3 15 48 51 59 60 61 71 72
3 15 46 61 75 78
3 15 46 61 75 76 77
3 15 46 61 73 74 78
3 15 46 61 73 74 76 77
3 15 46 59 60 61 75 78
3 15 46 59 60 61 75 76 77
3 15 46 59 60 61 73 74 78
3 15 46 59 60 61 73 74 76 77
3 15 46 51 61 75
3 15 46 51 61 73 74
3 15 46 51 59 60 61 75
3 15 46 51 59 60 61 73 74
3 15 46 48 61 78
3 15 46 48 61 76 77
3 15 46 48 59 60 61 78
3 15 46 48 59 60 61 76 77
3 15 46 48 51 61
3 15 46 48 51 59 60 61
3 15 34 61 73 75 78
3 15 34 61 73 75 76 77
3 15 34 61 73 74 78
3 15 34 61 73 74 76 77
3 15 34 61 71 72 75 78
3 15 34 61 71 72 75 76 77
3 15 34 61 71 72 73 74 78
3 15 34 61 71 72 73 74 76 77
3 15 34 51 61 73 75
3 15 34 51 61 73 74
3 15 34 51 61 71 72 75
3 15 34 51 61 71 72 73 74
3 15 34 48 61 73 78
3 15 34 48 61 73 76 77
3 15 34 48 61 71 72 78
3 15 34 48 61 71 72 76 77
3 15 34 48 51 61 73
3 15 34 48 51 61 71 72
3 15 34 46 61 75 78
3 15 34 46 61 75 76 77
3 15 34 46 61 73 74 78
3 15 34 46 61 73 74 76 77
3 15 34 46 51 61 75
3 15 34 46 51 61 73 74
3 15 34 46 48 61 78
3 15 34 46 48 61 76 77
3 15 34 46 48 51 61
42 59 61 63 73 78 79
42 59 61 63 71 72 78 79
42 59 60 61 63 73 78 79
42 59 60 61 63 71 72 78 79
42 53 59 61 63 73
42 53 59 61 63 71 72
42 53 59 60 61 63 73
42 53 59 60 61 63 71 72
42 46 59 61 63 78 79
42 46 59 60 61 63 78 79
42 46 53 59 61 63
42 46 53 59 60 61 63
40 41 59 61 63 73 78 79
40 41 59 61 63 71 72 78 79
40 41 59 60 61 63 73 78 79
40 41 59 60 61 63 71 72 78 79
40 41 53 59 61 63 73
40 41 53 59 61 63 71 72
40 41 53 59 60 61 63 73
40 41 53 59 60 61 63 71 72
40 41 46 59 61 63 78 79
40 41 46 59 60 61 63 78 79
40 41 46 53 59 61 63
40 41 46 53 59 60 61 63
34 42 59 61 63 73 78 79
34 42 59 61 63 71 72 78 79
34 42 53 59 61 63 73
34 42 53 59 61 63 71 72
34 42 46 59 61 63 78 79
34 42 46 53 59 61 63
34 40 41 59 61 63 73 78 79
34 40 41 59 61 63 71 72 78 79
34 40 41 53 59 61 63 73
34 40 41 53 59 61 63 71 72
34 40 41 46 59 61 63 78 79
34 40 41 46 53 59 61 63
15 59 61 63 73 78 79
15 59 61 63 71 72 78 79
15 59 60 61 63 73 78 79
15 59 60 61 63 71 72 78 79
15 53 59 61 63 73
15 53 59 61 63 71 72
15 53 59 60 61 63 73
15 53 59 60 61 63 71 72
15 46 59 61 63 78 79
15 46 59 60 61 63 78 79
15 46 53 59 61 63
15 46 53 59 60 61 63
15 34 59 61 63 73 78 79
15 34 59 61 63 71 72 78 79
15 34 53 59 61 63 73
15 34 53 59 61 63 71 72
15 34 46 59 61 63 78 79
15 34 46 53 59 61 63
57 59 63 73
57 59 63 71 72
57 59 61 62 73
57 59 61 62 71 72
46 57 59 63
46 57 59 61 62
36 57 59 73
36 57 59 71 72
36 46 57 59
17 57 63 73
17 57 63 71 72
17 46 57 63
17 36 57 73
17 36 57 71 72
17 36 46 57
15 16 57 63 73
15 16 57 63 71 72
15 16 57 61 62 73
15 16 57 61 62 71 72
15 16 46 57 63
15 16 46 57 61 62
15 16 36 57 73
15 16 36 57 71 72
15 16 36 46 57
36 44 61 63 73 78
36 44 61 63 73 76 77
36 44 61 63 71 72 78
36 44 61 63 71 72 76 77
36 44 51 61 63 73
36 44 51 61 63 71 72
36 44 46 61 63 78
36 44 46 61 63 76 77
36 44 46 51 61 63
36 42 43 61 63 73 78
36 42 43 61 63 73 76 77
36 42 43 61 63 71 72 78
36 42 43 61 63 71 72 76 77
36 42 43 51 61 63 73
36 42 43 51 61 63 71 72
36 42 43 46 61 63 78
36 42 43 46 61 63 76 77
36 42 43 46 51 61 63
17 36 61 63 73 78
17 36 61 63 73 76 77
17 36 61 63 71 72 78
17 36 61 63 71 72 76 77
17 36 51 61 63 73
17 36 51 61 63 71 72
17 36 46 61 63 78
17 36 46 61 63 76 77
17 36 46 51 61 63
28 29 42 61 73 75 78
28 29 42 61 73 75 76 77
28 29 42 61 73 74 78
28 29 42 61 73 74 76 77
28 29 42 61 71 72 75 78
28 29 42 61 71 72 75 76 77
28 29 42 61 71 72 73 74 78
28 29 42 61 71 72 73 74 76 77
28 29 42 59 60 61 73 75 78
28 29 42 59 60 61 73 75 76 77
28 29 42 59 60 61 73 74 78
28 29 42 59 60 61 73 74 76 77
28 29 42 59 60 61 71 72 75 78
28 29 42 59 60 61 71 72 75 76 77
28 29 42 59 60 61 71 72 73 74 78
28 29 42 59 60 61 71 72 73 74 76 77
28 29 42 51 61 73 75
28 29 42 51 61 73 74
28 29 42 51 61 71 72 75
28 29 42 51 61 71 72 73 74
28 29 42 51 59 60 61 73 75
28 29 42 51 59 60 61 73 74
28 29 42 51 59 60 61 71 72 75
28 29 42 51 59 60 61 71 72 73 74
28 29 42 48 61 73 78
28 29 42 48 61 73 76 77
28 29 42 48 61 71 72 78
28 29 42 48 61 71 72 76 77
28 29 42 48 59 60 61 73 78
28 29 42 48 59 60 61 73 76 77
28 29 42 48 59 60 61 71 72 78
28 29 42 48 59 60 61 71 72 76 77
28 29 42 48 51 61 73
28 29 42 48 51 61 71 72
28 29 42 48 51 59 60 61 73
28 29 42 48 51 59 60 61 71 72
28 29 42 46 61 75 78
28 29 42 46 61 75 76 77
28 29 42 46 61 73 74 78
28 29 42 46 61 73 74 76 77
28 29 42 46 59 60 61 75 78
28 29 42 46 59 60 61 75 76 77
28 29 42 46 59 60 61 73 74 78
28 29 42 46 59 60 61 73 74 76 77
28 29 42 46 51 61 75
28 29 42 46 51 61 73 74
28 29 42 46 51 59 60 61 75
28 29 42 46 51 59 60 61 73 74
28 29 42 46 48 61 78
28 29 42 46 48 61 76 77
28 29 42 46 48 59 60 61 78
28 29 42 46 48 59 60 61 76 77
28 29 42 46 48 51 61
28 29 42 46 48 51 59 60 61
28 29 34 42 61 73 75 78
28 29 34 42 61 73 75 76 77
28 29 34 42 61 73 74 78
28 29 34 42 61 73 74 76 77
28 29 34 42 61 71 72 75 78
28 29 34 42 61 71 72 75 76 77
28 29 34 42 61 71 72 73 74 78
28 29 34 42 61 71 72 73 74 76 77
28 29 34 42 51 61 73 75
28 29 34 42 51 61 73 74
28 29 34 42 51 61 71 72 75
28 29 34 42 51 61 71 72 73 74
28 29 34 42 48 61 73 78
28 29 34 42 48 61 73 76 77
28 29 34 42 48 61 71 72 78
28 29 34 42 48 61 71 72 76 77
28 29 34 42 48 51 61 73
28 29 34 42 48 51 61 71 72
28 29 34 42 46 61 75 78
28 29 34 42 46 61 75 76 77
28 29 34 42 46 61 73 74 78
28 29 34 42 46 61 73 74 76 77
28 29 34 42 46 51 61 75
28 29 34 42 46 51 61 73 74
28 29 34 42 46 48 61 78
28 29 34 42 46 48 61 76 77
28 29 34 42 46 48 51 61
47 57 61 75
47 57 61 73 74
47 57 59 60 61 75
47 57 59 60 61 73 74
47 48 57 61
47 48 57 59 60 61
45 46 57 61 75
45 46 57 61 73 74
45 46 57 59 60 61 75
45 46 57 59 60 61 73 74
45 46 48 57 61
45 46 48 57 59 60 61
34 47 57 61 75
34 47 57 61 73 74
34 47 48 57 61
34 45 46 57 61 75
34 45 46 57 61 73 74
34 45 46 48 57 61
20 57 61 75
20 57 61 73 74
20 57 59 60 61 75
20 57 59 60 61 73 74
20 48 57 61
20 48 57 59 60 61
20 34 57 61 75
20 34 57 61 73 74
20 34 48 57 61
3 42 61 73 75 78
3 42 61 73 75 76 77
3 42 61 73 74 78
3 42 61 73 74 76 77
3 42 61 71 72 75 78
3 42 61 71 72 75 76 77
3 42 61 71 72 73 74 78
3 42 61 71 72 73 74 76 77
3 42 59 60 61 73 75 78
3 42 59 60 61 73 75 76 77
3 42 59 60 61 73 74 78
3 42 59 60 61 73 74 76 77
3 42 59 60 61 71 72 75 78
3 42 59 60 61 71 72 75 76 77
3 42 59 60 61 71 72 73 74 78
3 42 59 60 61 71 72 73 74 76 77
3 42 51 61 73 75
3 42 51 61 73 74
3 42 51 61 71 72 75
3 42 51 61 71 72 73 74
3 42 51 59 60 61 73 75
3 42 51 59 60 61 73 74
3 42 51 59 60 61 71 72 75
3 42 51 59 60 61 71 72 73 74
3 42 48 61 73 78
3 42 48 61 73 76 77
3 42 48 61 71 72 78
3 42 48 61 71 72 76 77
3 42 48 59 60 61 73 78
3 42 48 59 60 61 73 76 77
3 42 48 59 60 61 71 72 78
3 42 48 59 60 61 71 72 76 77
3 42 48 51 61 73
3 42 48 51 61 71 72
3 42 48 51 59 60 61 73
3 42 48 51 59 60 61 71 72
3 42 46 61 75 78
3 42 46 61 75 76 77
3 42 46 61 73 74 78
3 42 46 61 73 74 76 77
3 42 46 59 60 61 75 78
3 42 46 59 60 61 75 76 77
3 42 46 59 60 61 73 74 78
3 42 46 59 60 61 73 74 76 77
3 42 46 51 61 75
3 42 46 51 61 73 74
3 42 46 51 59 60 61 75
3 42 46 51 59 60 61 73 74
3 42 46 48 61 78
3 42 46 48 61 76 77
3 42 46 48 59 60 61 78
3 42 46 48 59 60 61 76 77
3 42 46 48 51 61
3 42 46 48 51 59 60 61
3 34 42 61 73 75 78
3 34 42 61 73 75 76 77
3 34 42 61 73 74 78
3 34 42 61 73 74 76 77
3 34 42 61 71 72 75 78
3 34 42 61 71 72 75 76 77
3 34 42 61 71 72 73 74 78
3 34 42 61 71 72 73 74 76 77
3 34 42 51 61 73 75
3 34 42 51 61 73 74
3 34 42 51 61 71 72 75
3 34 42 51 61 71 72 73 74
3 34 42 48 61 73 78
3 34 42 48 61 73 76 77
3 34 42 48 61 71 72 78
3 34 42 48 61 71 72 76 77
3 34 42 48 51 61 73
3 34 42 48 51 61 71 72
3 34 42 46 61 75 78
3 34 42 46 61 75 76 77
3 34 42 46 61 73 74 78
3 34 42 46 61 73 74 76 77
3 34 42 46 51 61 75
3 34 42 46 51 61 73 74
3 34 42 46 48 61 78
3 34 42 46 48 61 76 77
3 34 42 46 48 51 61
37 42 57 61 73
37 42 57 61 71 72
37 42 57 59 60 61 73
37 42 57 59 60 61 71 72
37 42 46 57 61
37 42 46 57 59 60 61
37 40 41 57 61 73
37 40 41 57 61 71 72
37 40 41 57 59 60 61 73
37 40 41 57 59 60 61 71 72
37 40 41 46 57 61
37 40 41 46 57 59 60 61
35 36 42 57 61 73
35 36 42 57 61 71 72
35 36 42 57 59 60 61 73
35 36 42 57 59 60 61 71 72
35 36 42 46 57 61
35 36 42 46 57 59 60 61
35 36 40 41 57 61 73
35 36 40 41 57 61 71 72
35 36 40 41 57 59 60 61 73
35 36 40 41 57 59 60 61 71 72
35 36 40 41 46 57 61
35 36 40 41 46 57 59 60 61
34 37 42 57 61 73
34 37 42 57 61 71 72
34 37 42 46 57 61
34 37 40 41 57 61 73
34 37 40 41 57 61 71 72
34 37 40 41 46 57 61
34 35 36 42 57 61 73
34 35 36 42 57 61 71 72
34 35 36 42 46 57 61
34 35 36 40 41 57 61 73
34 35 36 40 41 57 61 71 72
34 35 36 40 41 46 57 61
15 37 57 61 73
15 37 57 61 71 72
15 37 57 59 60 61 73
15 37 57 59 60 61 71 72
15 37 46 57 61
15 37 46 57 59 60 61
15 35 36 57 61 73
15 35 36 57 61 71 72
15 35 36 57 59 60 61 73
15 35 36 57 59 60 61 71 72
15 35 36 46 57 61
15 35 36 46 57 59 60 61
15 34 37 57 61 73
15 34 37 57 61 71 72
15 34 37 46 57 61
15 34 35 36 57 61 73
15 34 35 36 57 61 71 72
15 34 35 36 46 57 61
10 42 57 61 73
10 42 57 61 71 72
10 42 57 59 60 61 73
10 42 57 59 60 61 71 72
10 42 46 57 61
10 42 46 57 59 60 61
10 40 41 57 61 73
10 40 41 57 61 71 72
10 40 41 57 59 60 61 73
10 40 41 57 59 60 61 71 72
10 40 41 46 57 61
10 40 41 46 57 59 60 61
10 34 42 57 61 73
10 34 42 57 61 71 72
10 34 42 46 57 61
10 34 40 41 57 61 73
10 34 40 41 57 61 71 72
10 34 40 41 46 57 61
10 15 57 61 73
10 15 57 61 71 72
10 15 57 59 60 61 73
10 15 57 59 60 61 71 72
10 15 46 57 61
10 15 46 57 59 60 61
10 15 34 57 61 73
10 15 34 57 61 71 72
10 15 34 46 57 61
3 40 41 61 73 75 78
3 40 41 61 73 75 76 77
3 40 41 61 73 74 78
3 40 41 61 73 74 76 77
3 40 41 61 71 72 75 78
3 40 41 61 71 72 75 76 77
3 40 41 61 71 72 73 74 78
3 40 41 61 71 72 73 74 76 77
3 40 41 59 60 61 73 75 78
3 40 41 59 60 61 73 75 76 77
3 40 41 59 60 61 73 74 78
3 40 41 59 60 61 73 74 76 77
3 40 41 59 60 61 71 72 75 78
3 40 41 59 60 61 71 72 75 76 77
3 40 41 59 60 61 71 72 73 74 78
3 40 41 59 60 61 71 72 73 74 76 77
3 40 41 51 61 73 75
3 40 41 51 61 73 74
3 40 41 51 61 71 72 75
3 40 41 51 61 71 72 73 74
3 40 41 51 59 60 61 73 75
3 40 41 51 59 60 61 73 74
3 40 41 51 59 60 61 71 72 75
3 40 41 51 59 60 61 71 72 73 74
3 40 41 48 61 73 78
3 40 41 48 61 73 76 77
3 40 41 48 61 71 72 78
3 40 41 48 61 71 72 76 77
3 40 41 48 59 60 61 73 78
3 40 41 48 59 60 61 73 76 77
3 40 41 48 59 60 61 71 72 78
3 40 41 48 59 60 61 71 72 76 77
3 40 41 48 51 61 73
3 40 41 48 51 61 71 72
3 40 41 48 51 59 60 61 73
3 40 41 48 51 59 60 61 71 72
3 40 41 46 61 75 78
3 40 41 46 61 75 76 77
3 40 41 46 61 73 74 78
3 40 41 46 61 73 74 76 77
3 40 41 46 59 60 61 75 78
3 40 41 46 59 60 61 75 76 77
3 40 41 46 59 60 61 73 74 78
3 40 41 46 59 60 61 73 74 76 77
3 40 41 46 51 61 75
3 40 41 46 51 61 73 74
3 40 41 46 51 59 60 61 75
3 40 41 46 51 59 60 61 73 74
3 40 41 46 48 61 78
3 40 41 46 48 61 76 77
3 40 41 46 48 59 60 61 78
3 40 41 46 48 59 60 61 76 77
3 40 41 46 48 51 61
3 40 41 46 48 51 59 60 61
3 34 40 41 61 73 75 78
3 34 40 41 61 73 75 76 77
3 34 40 41 61 73 74 78
3 34 40 41 61 73 74 76 77
3 34 40 41 61 71 72 75 78
3 34 40 41 61 71 72 75 76 77
3 34 40 41 61 71 72 73 74 78
3 34 40 41 61 71 72 73 74 76 77
3 34 40 41 51 61 73 75
3 34 40 41 51 61 73 74
3 34 40 41 51 61 71 72 75
3 34 40 41 51 61 71 72 73 74
3 34 40 41 48 61 73 78
3 34 40 41 48 61 73 76 77
3 34 40 41 48 61 71 72 78
3 34 40 41 48 61 71 72 76 77
3 34 40 41 48 51 61 73
3 34 40 41 48 51 61 71 72
3 34 40 41 46 61 75 78
3 34 40 41 46 61 75 76 77
3 34 40 41 46 61 73 74 78
3 34 40 41 46 61 73 74 76 77
3 34 40 41 46 51 61 75
3 34 40 41 46 51 61 73 74
3 34 40 41 46 48 61 78
3 34 40 41 46 48 61 76 77
3 34 40 41 46 48 51 61
42 43 59 60 61 62 63 73 78
42 43 59 60 61 62 63 73 76 77
42 43 59 60 61 62 63 71 72 78
42 43 59 60 61 62 63 71 72 76 77
42 43 51 59 60 61 62 63 73
42 43 51 59 60 61 62 63 71 72
42 43 47 61 63 73 78
42 43 47 61 63 73 76 77
42 43 47 61 63 71 72 78
42 43 47 61 63 71 72 76 77
42 43 47 59 60 61 63 73 78
42 43 47 59 60 61 63 73 76 77
42 43 47 59 60 61 63 71 72 78
42 43 47 59 60 61 63 71 72 76 77
42 43 47 51 61 63 73
42 43 47 51 61 63 71 72
42 43 47 51 59 60 61 63 73
42 43 47 51 59 60 61 63 71 72
42 43 46 59 60 61 62 63 78
42 43 46 59 60 61 62 63 76 77
42 43 46 51 59 60 61 62 63
42 43 46 47 59 60 61 63 78
42 43 46 47 59 60 61 63 76 77
42 43 46 47 51 59 60 61 63
42 43 45 46 61 63 78
42 43 45 46 61 63 76 77
42 43 45 46 61 63 73 78
42 43 45 46 61 63 73 76 77
42 43 45 46 61 63 71 72 78
42 43 45 46 61 63 71 72 76 77
42 43 45 46 59 60 61 63 78
42 43 45 46 59 60 61 63 76 77
42 43 45 46 59 60 61 63 73 78
42 43 45 46 59 60 61 63 73 76 77
42 43 45 46 59 60 61 63 71 72 78
42 43 45 46 59 60 61 63 71 72 76 77
42 43 45 46 51 61 63
42 43 45 46 51 61 63 73
42 43 45 46 51 61 63 71 72
42 43 45 46 51 59 60 61 63
42 43 45 46 51 59 60 61 63 73
42 43 45 46 51 59 60 61 63 71 72
35 42 43 61 63 73 78
35 42 43 61 63 73 76 77
35 42 43 61 63 71 72 78
35 42 43 61 63 71 72 76 77
35 42 43 59 60 61 63 73 78
35 42 43 59 60 61 63 73 76 77
35 42 43 59 60 61 63 71 72 78
35 42 43 59 60 61 63 71 72 76 77
35 42 43 51 61 63 73
35 42 43 51 61 63 71 72
35 42 43 51 59 60 61 63 73
35 42 43 51 59 60 61 63 71 72
35 42 43 46 61 63 78
35 42 43 46 61 63 76 77
35 42 43 46 59 60 61 63 78
35 42 43 46 59 60 61 63 76 77
35 42 43 46 51 61 63
35 42 43 46 51 59 60 61 63
34 42 43 61 62 63 73 78
34 42 43 61 62 63 73 76 77
34 42 43 61 62 63 71 72 78
34 42 43 61 62 63 71 72 76 77
34 42 43 51 61 62 63 73
34 42 43 51 61 62 63 71 72
34 42 43 47 61 63 73 78
34 42 43 47 61 63 73 76 77
34 42 43 47 61 63 71 72 78
34 42 43 47 61 63 71 72 76 77
34 42 43 47 51 61 63 73
34 42 43 47 51 61 63 71 72
34 42 43 46 61 62 63 78
34 42 43 46 61 62 63 76 77
34 42 43 46 51 61 62 63
34 42 43 46 47 61 63 78
34 42 43 46 47 61 63 76 77
34 42 43 46 47 51 61 63
34 42 43 45 46 61 63 78
34 42 43 45 46 61 63 76 77
34 42 43 45 46 61 63 73 78
34 42 43 45 46 61 63 73 76 77
34 42 43 45 46 61 63 71 72 78
34 42 43 45 46 61 63 71 72 76 77
34 42 43 45 46 51 61 63
34 42 43 45 46 51 61 63 73
34 42 43 45 46 51 61 63 71 72
34 35 42 43 61 63 73 78
34 35 42 43 61 63 73 76 77
34 35 42 43 61 63 71 72 78
34 35 42 43 61 63 71 72 76 77
34 35 42 43 51 61 63 73
34 35 42 43 51 61 63 71 72
34 35 42 43 46 61 63 78
34 35 42 43 46 61 63 76 77
34 35 42 43 46 51 61 63
20 42 43 61 63 73 78
20 42 43 61 63 73 76 77
20 42 43 61 63 71 72 78
20 42 43 61 63 71 72 76 77
20 42 43 59 60 61 63 73 78
20 42 43 59 60 61 63 73 76 77
20 42 43 59 60 61 63 71 72 78
20 42 43 59 60 61 63 71 72 76 77
20 42 43 51 61 63 73
20 42 43 51 61 63 71 72
20 42 43 51 59 60 61 63 73
20 42 43 51 59 60 61 63 71 72
20 42 43 46 61 63 78
20 42 43 46 61 63 76 77
20 42 43 46 59 60 61 63 78
20 42 43 46 59 60 61 63 76 77
20 42 43 46 51 61 63
20 42 43 46 51 59 60 61 63
20 34 42 43 61 63 73 78
20 34 42 43 61 63 73 76 77
20 34 42 43 61 63 71 72 78
20 34 42 43 61 63 71 72 76 77
20 34 42 43 51 61 63 73
20 34 42 43 51 61 63 71 72
20 34 42 43 46 61 63 78
20 34 42 43 46 61 63 76 77
20 34 42 43 46 51 61 63
44 59 60 61 62 63 73 78
44 59 60 61 62 63 73 76 77
44 59 60 61 62 63 71 72 78
44 59 60 61 62 63 71 72 76 77
44 51 59 60 61 62 63 73
44 51 59 60 61 62 63 71 72
44 47 61 63 73 78
44 47 61 63 73 76 77
44 47 61 63 71 72 78
44 47 61 63 71 72 76 77
44 47 59 60 61 63 73 78
44 47 59 60 61 63 73 76 77
44 47 59 60 61 63 71 72 78
44 47 59 60 61 63 71 72 76 77
44 47 51 61 63 73
44 47 51 61 63 71 72
44 47 51 59 60 61 63 73
44 47 51 59 60 61 63 71 72
44 46 59 60 61 62 63 78
44 46 59 60 61 62 63 76 77
44 46 51 59 60 61 62 63
44 46 47 59 60 61 63 78
44 46 47 59 60 61 63 76 77
44 46 47 51 59 60 61 63
44 45 46 61 63 78
44 45 46 61 63 76 77
44 45 46 61 63 73 78
44 45 46 61 63 73 76 77
44 45 46 61 63 71 72 78
44 45 46 61 63 71 72 76 77
44 45 46 59 60 61 63 78
44 45 46 59 60 61 63 76 77
44 45 46 59 60 61 63 73 78
44 45 46 59 60 61 63 73 76 77
44 45 46 59 60 61 63 71 72 78
44 45 46 59 60 61 63 71 72 76 77
44 45 46 51 61 63
44 45 46 51 61 63 73
44 45 46 51 61 63 71 72
44 45 46 51 59 60 61 63
44 45 46 51 59 60 61 63 73
44 45 46 51 59 60 61 63 71 72
35 44 61 63 73 78
35 44 61 63 73 76 77
35 44 61 63 71 72 78
35 44 61 63 71 72 76 77
35 44 59 60 61 63 73 78
35 44 59 60 61 63 73 76 77
35 44 59 60 61 63 71 72 78
35 44 59 60 61 63 71 72 76 77
35 44 51 61 63 73
35 44 51 61 63 71 72
35 44 51 59 60 61 63 73
35 44 51 59 60 61 63 71 72
35 44 46 61 63 78
35 44 46 61 63 76 77
35 44 46 59 60 61 63 78
35 44 46 59 60 61 63 76 77
35 44 46 51 61 63
35 44 46 51 59 60 61 63
34 44 61 62 63 73 78
34 44 61 62 63 73 76 77
34 44 61 62 63 71 72 78
34 44 61 62 63 71 72 76 77
34 44 51 61 62 63 73
34 44 51 61 62 63 71 72
34 44 47 61 63 73 78
34 44 47 61 63 73 76 77
34 44 47 61 63 71 72 78
34 44 47 61 63 71 72 76 77
34 44 47 51 61 63 73
34 44 47 51 61 63 71 72
34 44 46 61 62 63 78
34 44 46 61 62 63 76 77
34 44 46 51 61 62 63
34 44 46 47 61 63 78
34 44 46 47 61 63 76 77
34 44 46 47 51 61 63
34 44 45 46 61 63 78
34 44 45 46 61 63 76 77
34 44 45 46 61 63 73 78
34 44 45 46 61 63 73 76 77
34 44 45 46 61 63 71 72 78
34 44 45 46 61 63 71 72 76 77
34 44 45 46 51 61 63
34 44 45 46 51 61 63 73
34 44 45 46 51 61 63 71 72
34 35 44 61 63 73 78
34 35 44 61 63 73 76 77
34 35 44 61 63 71 72 78
34 35 44 61 63 71 72 76 77
34 35 44 51 61 63 73
34 35 44 51 61 63 71 72
34 35 44 46 61 63 78
34 35 44 46 61 63 76 77
34 35 44 46 51 61 63
20 44 61 63 73 78
20 44 61 63 73 76 77
20 44 61 63 71 72 78
20 44 61 63 71 72 76 77
20 44 59 60 61 63 73 78
20 44 59 60 61 63 73 76 77
20 44 59 60 61 63 71 72 78
20 44 59 60 61 63 71 72 76 77
20 44 51 61 63 73
20 44 51 61 63 71 72
20 44 51 59 60 61 63 73
20 44 51 59 60 61 63 71 72
20 44 46 61 63 78
20 44 46 61 63 76 77
20 44 46 59 60 61 63 78
20 44 46 59 60 61 63 76 77
20 44 46 51 61 63
20 44 46 51 59 60 61 63
20 34 44 61 63 73 78
20 34 44 61 63 73 76 77
20 34 44 61 63 71 72 78
20 34 44 61 63 71 72 76 77
20 34 44 51 61 63 73
20 34 44 51 61 63 71 72
20 34 44 46 61 63 78
20 34 44 46 61 63 76 77
20 34 44 46 51 61 63
17 59 60 61 62 63 73 78
17 59 60 61 62 63 73 76 77
17 59 60 61 62 63 71 72 78
17 59 60 61 62 63 71 72 76 77
17 51 59 60 61 62 63 73
17 51 59 60 61 62 63 71 72
17 47 61 63 73 78
17 47 61 63 73 76 77
17 47 61 63 71 72 78
17 47 61 63 71 72 76 77
17 47 59 60 61 63 73 78
17 47 59 60 61 63 73 76 77
17 47 59 60 61 63 71 72 78
17 47 59 60 61 63 71 72 76 77
17 47 51 61 63 73
17 47 51 61 63 71 72
17 47 51 59 60 61 63 73
17 47 51 59 60 61 63 71 72
17 46 59 60 61 62 63 78
17 46 59 60 61 62 63 76 77
17 46 51 59 60 61 62 63
17 46 47 59 60 61 63 78
17 46 47 59 60 61 63 76 77
17 46 47 51 59 60 61 63
17 45 46 61 63 78
17 45 46 61 63 76 77
17 45 46 61 63 73 78
17 45 46 61 63 73 76 77
17 45 46 61 63 71 72 78
17 45 46 61 63 71 72 76 77
17 45 46 59 60 61 63 78
17 45 46 59 60 61 63 76 77
17 45 46 59 60 61 63 73 78
17 45 46 59 60 61 63 73 76 77
17 45 46 59 60 61 63 71 72 78
17 45 46 59 60 61 63 71 72 76 77
17 45 46 51 61 63
17 45 46 51 61 63 73
17 45 46 51 61 63 71 72
17 45 46 51 59 60 61 63
17 45 46 51 59 60 61 63 73
17 45 46 51 59 60 61 63 71 72
17 35 61 63 73 78
17 35 61 63 73 76 77
17 35 61 63 71 72 78
17 35 61 63 71 72 76 77
17 35 59 60 61 63 73 78
17 35 59 60 61 63 73 76 77
17 35 59 60 61 63 71 72 78
17 35 59 60 61 63 71 72 76 77
17 35 51 61 63 73
17 35 51 61 63 71 72
17 35 51 59 60 61 63 73
17 35 51 59 60 61 63 71 72
17 35 46 61 63 78
17 35 46 61 63 76 77
17 35 46 59 60 61 63 78
17 35 46 59 60 61 63 76 77
17 35 46 51 61 63
17 35 46 51 59 60 61 63
17 34 61 62 63 73 78
17 34 61 62 63 73 76 77
17 34 61 62 63 71 72 78
17 34 61 62 63 71 72 76 77
17 34 51 61 62 63 73
17 34 51 61 62 63 71 72
17 34 47 61 63 73 78
17 34 47 61 63 73 76 77
17 34 47 61 63 71 72 78
17 34 47 61 63 71 72 76 77
17 34 47 51 61 63 73
17 34 47 51 61 63 71 72
17 34 46 61 62 63 78
17 34 46 61 62 63 76 77
17 34 46 51 61 62 63
17 34 46 47 61 63 78
17 34 46 47 61 63 76 77
17 34 46 47 51 61 63
17 34 45 46 61 63 78
17 34 45 46 61 63 76 77
17 34 45 46 61 63 73 78
17 34 45 46 61 63 73 76 77
17 34 45 46 61 63 71 72 78
17 34 45 46 61 63 71 72 76 77
17 34 45 46 51 61 63
17 34 45 46 51 61 63 73
17 34 45 46 51 61 63 71 72
17 34 35 61 63 73 78
17 34 35 61 63 73 76 77
17 34 35 61 63 71 72 78
17 34 35 61 63 71 72 76 77
17 34 35 51 61 63 73
17 34 35 51 61 63 71 72
17 34 35 46 61 63 78
17 34 35 46 61 63 76 77
17 34 35 46 51 61 63
17 20 61 63 73 78
17 20 61 63 73 76 77
17 20 61 63 71 72 78
17 20 61 63 71 72 76 77
17 20 59 60 61 63 73 78
17 20 59 60 61 63 73 76 77
17 20 59 60 61 63 71 72 78
17 20 59 60 61 63 71 72 76 77
17 20 51 61 63 73
17 20 51 61 63 71 72
17 20 51 59 60 61 63 73
17 20 51 59 60 61 63 71 72
17 20 46 61 63 78
17 20 46 61 63 76 77
17 20 46 59 60 61 63 78
17 20 46 59 60 61 63 76 77
17 20 46 51 61 63
17 20 46 51 59 60 61 63
17 20 34 61 63 73 78
17 20 34 61 63 73 76 77
17 20 34 61 63 71 72 78
17 20 34 61 63 71 72 76 77
17 20 34 51 61 63 73
17 20 34 51 61 63 71 72
17 20 34 46 61 63 78
17 20 34 46 61 63 76 77
17 20 34 46 51 61 63
14 42 57 61 73
14 42 57 61 71 72
14 42 57 59 60 61 73
14 42 57 59 60 61 71 72
14 42 46 57 61
14 42 46 57 59 60 61
14 40 41 57 61 73
14 40 41 57 61 71 72
14 40 41 57 59 60 61 73
14 40 41 57 59 60 61 71 72
14 40 41 46 57 61
14 40 41 46 57 59 60 61
14 34 42 57 61 73
14 34 42 57 61 71 72
14 34 42 46 57 61
14 34 40 41 57 61 73
14 34 40 41 57 61 71 72
14 34 40 41 46 57 61
14 15 57 61 73
14 15 57 61 71 72
14 15 57 59 60 61 73
14 15 57 59 60 61 71 72
14 15 46 57 61
14 15 46 57 59 60 61
14 15 34 57 61 73
14 15 34 57 61 71 72
14 15 34 46 57 61
44 59 61 63 73 78
44 59 61 63 73 76 77
44 59 61 63 71 72 78
44 59 61 63 71 72 76 77
44 51 59 61 63 73
44 51 59 61 63 71 72
44 46 59 61 63 78
44 46 59 61 63 76 77
44 46 51 59 61 63
42 43 59 61 63 73 78
42 43 59 61 63 73 76 77
42 43 59 61 63 71 72 78
42 43 59 61 63 71 72 76 77
42 43 51 59 61 63 73
42 43 51 59 61 63 71 72
42 43 46 59 61 63 78
42 43 46 59 61 63 76 77
42 43 46 51 59 61 63
34 44 59 61 63 73 78
34 44 59 61 63 73 76 77
34 44 59 61 63 71 72 78
34 44 59 61 63 71 72 76 77
34 44 51 59 61 63 73
34 44 51 59 61 63 71 72
34 44 46 59 61 63 78
34 44 46 59 61 63 76 77
34 44 46 51 59 61 63
34 42 43 59 61 63 73 78
34 42 43 59 61 63 73 76 77
34 42 43 59 61 63 71 72 78
34 42 43 59 61 63 71 72 76 77
34 42 43 51 59 61 63 73
34 42 43 51 59 61 63 71 72
34 42 43 46 59 61 63 78
34 42 43 46 59 61 63 76 77
34 42 43 46 51 59 61 63
17 59 61 63 73 78
17 59 61 63 73 76 77
17 59 61 63 71 72 78
17 59 61 63 71 72 76 77
17 51 59 61 63 73
17 51 59 61 63 71 72
17 46 59 61 63 78
17 46 59 61 63 76 77
17 46 51 59 61 63
17 34 59 61 63 73 78
17 34 59 61 63 73 76 77
17 34 59 61 63 71 72 78
17 34 59 61 63 71 72 76 77
17 34 51 59 61 63 73
17 34 51 59 61 63 71 72
17 34 46 59 61 63 78
17 34 46 59 61 63 76 77
17 34 46 51 59 61 63
57 61 73
57 61 71 72
57 59 60 73
57 59 60 71 72
46 57 61
46 57 59 60
34 57 73
34 57 71 72
34 46 57
44 57 61 73 77
44 57 61 73 75 76
44 57 61 71 72 77
44 57 61 71 72 75 76
44 57 59 60 73 77
44 57 59 60 73 75 76
44 57 59 60 71 72 77
44 57 59 60 71 72 75 76
44 50 57 61 73
44 50 57 61 71 72
44 50 57 59 60 73
44 50 57 59 60 71 72
44 46 57 61 77
44 46 57 61 75 76
44 46 57 59 60 77
44 46 57 59 60 75 76
44 46 50 57 61
44 46 50 57 59 60
42 43 57 61 73 77
42 43 57 61 73 75 76
42 43 57 61 71 72 77
42 43 57 61 71 72 75 76
42 43 57 59 60 73 77
42 43 57 59 60 73 75 76
42 43 57 59 60 71 72 77
42 43 57 59 60 71 72 75 76
42 43 50 57 61 73
42 43 50 57 61 71 72
42 43 50 57 59 60 73
42 43 50 57 59 60 71 72
42 43 46 57 61 77
42 43 46 57 61 75 76
42 43 46 57 59 60 77
42 43 46 57 59 60 75 76
42 43 46 50 57 61
42 43 46 50 57 59 60
34 44 57 73 77
34 44 57 73 75 76
34 44 57 71 72 77
34 44 57 71 72 75 76
34 44 50 57 73
34 44 50 57 71 72
34 44 46 57 77
34 44 46 57 75 76
34 44 46 50 57
34 42 43 57 73 77
34 42 43 57 73 75 76
34 42 43 57 71 72 77
34 42 43 57 71 72 75 76
34 42 43 50 57 73
34 42 43 50 57 71 72
34 42 43 46 57 77
34 42 43 46 57 75 76
34 42 43 46 50 57
17 57 61 73 77
17 57 61 73 75 76
17 57 61 71 72 77
17 57 61 71 72 75 76
17 57 59 60 73 77
17 57 59 60 73 75 76
17 57 59 60 71 72 77
17 57 59 60 71 72 75 76
17 50 57 61 73
17 50 57 61 71 72
17 50 57 59 60 73
17 50 57 59 60 71 72
17 46 57 61 77
17 46 57 61 75 76
17 46 57 59 60 77
17 46 57 59 60 75 76
17 46 50 57 61
17 46 50 57 59 60
17 34 57 73 77
17 34 57 73 75 76
17 34 57 71 72 77
17 34 57 71 72 75 76
17 34 50 57 73
17 34 50 57 71 72
17 34 46 57 77
17 34 46 57 75 76
17 34 46 50 57
3 42 61 63 73 75 78
3 42 61 63 73 75 76 77
3 42 61 63 73 74 78
3 42 61 63 73 74 76 77
3 42 61 63 71 72 75 78
3 42 61 63 71 72 75 76 77
3 42 61 63 71 72 73 74 78
3 42 61 63 71 72 73 74 76 77
3 42 61 62 63 73 75 78
3 42 61 62 63 73 75 76 77
3 42 61 62 63 73 74 78
3 42 61 62 63 73 74 76 77
3 42 61 62 63 71 72 75 78
3 42 61 62 63 71 72 75 76 77
3 42 61 62 63 71 72 73 74 78
3 42 61 62 63 71 72 73 74 76 77
3 42 51 61 63 73 75
3 42 51 61 63 73 74
3 42 51 61 63 71 72 75
3 42 51 61 63 71 72 73 74
3 42 51 61 62 63 73 75
3 42 51 61 62 63 73 74
3 42 51 61 62 63 71 72 75
3 42 51 61 62 63 71 72 73 74
3 42 48 61 63 73 78
3 42 48 61 63 73 76 77
3 42 48 61 63 71 72 78
3 42 48 61 63 71 72 76 77
3 42 48 61 62 63 73 78
3 42 48 61 62 63 73 76 77
3 42 48 61 62 63 71 72 78
3 42 48 61 62 63 71 72 76 77
3 42 48 51 61 63 73
3 42 48 51 61 63 71 72
3 42 48 51 61 62 63 73
3 42 48 51 61 62 63 71 72
3 42 46 61 63 75 78
3 42 46 61 63 75 76 77
3 42 46 61 63 73 74 78
3 42 46 61 63 73 74 76 77
3 42 46 61 62 63 75 78
3 42 46 61 62 63 75 76 77
3 42 46 61 62 63 73 74 78
3 42 46 61 62 63 73 74 76 77
3 42 46 51 61 63 75
3 42 46 51 61 63 73 74
3 42 46 51 61 62 63 75
3 42 46 51 61 62 63 73 74
3 42 46 48 61 63 78
3 42 46 48 61 63 76 77
3 42 46 48 61 62 63 78
3 42 46 48 61 62 63 76 77
3 42 46 48 51 61 63
3 42 46 48 51 61 62 63
3 40 41 61 63 73 75 78
3 40 41 61 63 73 75 76 77
3 40 41 61 63 73 74 78
3 40 41 61 63 73 74 76 77
3 40 41 61 63 71 72 75 78
3 40 41 61 63 71 72 75 76 77
3 40 41 61 63 71 72 73 74 78
3 40 41 61 63 71 72 73 74 76 77
3 40 41 61 62 63 73 75 78
3 40 41 61 62 63 73 75 76 77
3 40 41 61 62 63 73 74 78
3 40 41 61 62 63 73 74 76 77
3 40 41 61 62 63 71 72 75 78
3 40 41 61 62 63 71 72 75 76 77
3 40 41 61 62 63 71 72 73 74 78
3 40 41 61 62 63 71 72 73 74 76 77
3 40 41 51 61 63 73 75
3 40 41 51 61 63 73 74
3 40 41 51 61 63 71 72 75
3 40 41 51 61 63 71 72 73 74
3 40 41 51 61 62 63 73 75
3 40 41 51 61 62 63 73 74
3 40 41 51 61 62 63 71 72 75
3 40 41 51 61 62 63 71 72 73 74
3 40 41 48 61 63 73 78
3 40 41 48 61 63 73 76 77
3 40 41 48 61 63 71 72 78
3 40 41 48 61 63 71 72 76 77
3 40 41 48 61 62 63 73 78
3 40 41 48 61 62 63 73 76 77
3 40 41 48 61 62 63 71 72 78
3 40 41 48 61 62 63 71 72 76 77
3 40 41 48 51 61 63 73
3 40 41 48 51 61 63 71 72
3 40 41 48 51 61 62 63 73
3 40 41 48 51 61 62 63 71 72
3 40 41 46 61 63 75 78
3 40 41 46 61 63 75 76 77
3 40 41 46 61 63 73 74 78
3 40 41 46 61 63 73 74 76 77
3 40 41 46 61 62 63 75 78
3 40 41 46 61 62 63 75 76 77
3 40 41 46 61 62 63 73 74 78
3 40 41 46 61 62 63 73 74 76 77
3 40 41 46 51 61 63 75
3 40 41 46 51 61 63 73 74
3 40 41 46 51 61 62 63 75
3 40 41 46 51 61 62 63 73 74
3 40 41 46 48 61 63 78
3 40 41 46 48 61 63 76 77
3 40 41 46 48 61 62 63 78
3 40 41 46 48 61 62 63 76 77
3 40 41 46 48 51 61 63
3 40 41 46 48 51 61 62 63
3 36 42 61 63 73 75 78
3 36 42 61 63 73 75 76 77
3 36 42 61 63 73 74 78
3 36 42 61 63 73 74 76 77
3 36 42 61 63 71 72 75 78
3 36 42 61 63 71 72 75 76 77
3 36 42 61 63 71 72 73 74 78
3 36 42 61 63 71 72 73 74 76 77
3 36 42 51 61 63 73 75
3 36 42 51 61 63 73 74
3 36 42 51 61 63 71 72 75
3 36 42 51 61 63 71 72 73 74
3 36 42 48 61 63 73 78
3 36 42 48 61 63 73 76 77
3 36 42 48 61 63 71 72 78
3 36 42 48 61 63 71 72 76 77
3 36 42 48 51 61 63 73
3 36 42 48 51 61 63 71 72
3 36 42 46 61 63 75 78
3 36 42 46 61 63 75 76 77
3 36 42 46 61 63 73 74 78
3 36 42 46 61 63 73 74 76 77
3 36 42 46 51 61 63 75
3 36 42 46 51 61 63 73 74
3 36 42 46 48 61 63 78
3 36 42 46 48 61 63 76 77
3 36 42 46 48 51 61 63
3 36 40 41 61 63 73 75 78
3 36 40 41 61 63 73 75 76 77
3 36 40 41 61 63 73 74 78
3 36 40 41 61 63 73 74 76 77
3 36 40 41 61 63 71 72 75 78
3 36 40 41 61 63 71 72 75 76 77
3 36 40 41 61 63 71 72 73 74 78
3 36 40 41 61 63 71 72 73 74 76 77
3 36 40 41 51 61 63 73 75
3 36 40 41 51 61 63 73 74
3 36 40 41 51 61 63 71 72 75
3 36 40 41 51 61 63 71 72 73 74
3 36 40 41 48 61 63 73 78
3 36 40 41 48 61 63 73 76 77
3 36 40 41 48 61 63 71 72 78
3 36 40 41 48 61 63 71 72 76 77
3 36 40 41 48 51 61 63 73
3 36 40 41 48 51 61 63 71 72
3 36 40 41 46 61 63 75 78
3 36 40 41 46 61 63 75 76 77
3 36 40 41 46 61 63 73 74 78
3 36 40 41 46 61 63 73 74 76 77
3 36 40 41 46 51 61 63 75
3 36 40 41 46 51 61 63 73 74
3 36 40 41 46 48 61 63 78
3 36 40 41 46 48 61 63 76 77
3 36 40 41 46 48 51 61 63
3 15 61 63 73 75 78
3 15 61 63 73 75 76 77
3 15 61 63 73 74 78
3 15 61 63 73 74 76 77
3 15 61 63 71 72 75 78
3 15 61 63 71 72 75 76 77
3 15 61 63 71 72 73 74 78
3 15 61 63 71 72 73 74 76 77
3 15 61 62 63 73 75 78
3 15 61 62 63 73 75 76 77
3 15 61 62 63 73 74 78
3 15 61 62 63 73 74 76 77
3 15 61 62 63 71 72 75 78
3 15 61 62 63 71 72 75 76 77
3 15 61 62 63 71 72 73 74 78
3 15 61 62 63 71 72 73 74 76 77
3 15 51 61 63 73 75
3 15 51 61 63 73 74
3 15 51 61 63 71 72 75
3 15 51 61 63 71 72 73 74
3 15 51 61 62 63 73 75
3 15 51 61 62 63 73 74
3 15 51 61 62 63 71 72 75
3 15 51 61 62 63 71 72 73 74
3 15 48 61 63 73 78
3 15 48 61 63 73 76 77
3 15 48 61 63 71 72 78
3 15 48 61 63 71 72 76 77
3 15 48 61 62 63 73 78
3 15 48 61 62 63 73 76 77
3 15 48 61 62 63 71 72 78
3 15 48 61 62 63 71 72 76 77
3 15 48 51 61 63 73
3 15 48 51 61 63 71 72
3 15 48 51 61 62 63 73
3 15 48 51 61 62 63 71 72
3 15 46 61 63 75 78
3 15 46 61 63 75 76 77
3 15 46 61 63 73 74 78
3 15 46 61 63 73 74 76 77
3 15 46 61 62 63 75 78
3 15 46 61 62 63 75 76 77
3 15 46 61 62 63 73 74 78
3 15 46 61 62 63 73 74 76 77
3 15 46 51 61 63 75
3 15 46 51 61 63 73 74
3 15 46 51 61 62 63 75
3 15 46 51 61 62 63 73 74
3 15 46 48 61 63 78
3 15 46 48 61 63 76 77
3 15 46 48 61 62 63 78
3 15 46 48 61 62 63 76 77
3 15 46 48 51 61 63
3 15 46 48 51 61 62 63
3 15 36 61 63 73 75 78
3 15 36 61 63 73 75 76 77
3 15 36 61 63 73 74 78
3 15 36 61 63 73 74 76 77
3 15 36 61 63 71 72 75 78
3 15 36 61 63 71 72 75 76 77
3 15 36 61 63 71 72 73 74 78
3 15 36 61 63 71 72 73 74 76 77
3 15 36 51 61 63 73 75
3 15 36 51 61 63 73 74
3 15 36 51 61 63 71 72 75
3 15 36 51 61 63 71 72 73 74
3 15 36 48 61 63 73 78
3 15 36 48 61 63 73 76 77
3 15 36 48 61 63 71 72 78
3 15 36 48 61 63 71 72 76 77
3 15 36 48 51 61 63 73
3 15 36 48 51 61 63 71 72
3 15 36 46 61 63 75 78
3 15 36 46 61 63 75 76 77
3 15 36 46 61 63 73 74 78
3 15 36 46 61 63 73 74 76 77
3 15 36 46 51 61 63 75
3 15 36 46 51 61 63 73 74
3 15 36 46 48 61 63 78
3 15 36 46 48 61 63 76 77
3 15 36 46 48 51 61 63

69
69 78 79
69 71 78 79
69 70 78 79
68 69 78 79
68 69 73 78 79
68 69 71 72 78 79
67
67 68
67 68 78 79
67 68 73 78 79
67 68 71 78 79
67 68 71 72 78 79
67 68 69 70 78 79
65 66
65 66 68 78 79
55 69 73
55 69 71 72
55 68 69
55 67 68 73
55 67 68 71 72
53 69
53 69 71
53 69 70
53 68 69
53 68 69 73
53 68 69 71 72
53 67 68
53 67 68 73
53 67 68 71
53 67 68 71 72
53 67 68 69 70
53 65 66 68
46 68 69 78 79
46 67 68 78 79
46 55 69
46 55 67 68
46 53 68 69
46 53 67 68
44 69 78 79
44 67 68 78 79
44 53 69
44 53 67 68
42
42 78 79
42 71 78 79
42 69 70 78 79
42 68 78 79
42 68 73 78 79
42 68 71 72 78 79
42 55 73
42 55 71 72
42 55 68
42 53
42 53 71
42 53 69 70
42 53 68
42 53 68 73
42 53 68 71 72
42 46 68 78 79
42 46 55
42 46 53 68
42 44 78 79
42 44 53
40
40 68 78 79
40 53 68
36 69
36 67
36 67 68
36 65 66
36 42
36 40
22 69
22 67 68
22 42
20 68 69
20 67
20 67 68
20 65 66
20 42 68
20 40
8
1 69 78 79
1 68 69 78 79
1 53 69
1 53 68 69
1 42 78 79
1 42 68 78 79
1 42 53
1 42 53 68
1 20 69
1 20 67 68
1 20 42
42 61 73 75
42 61 73 74
42 61 71 72 75
42 61 71 72 73 74
42 59 60 61 73 75
42 59 60 61 73 74
42 59 60 61 71 72 75
42 59 60 61 71 72 73 74
42 48 61 73
42 48 61 71 72
42 48 59 60 61 73
42 48 59 60 61 71 72
42 46 61 75
42 46 61 73 74
42 46 59 60 61 75
42 46 59 60 61 73 74
42 46 48 61
42 46 48 59 60 61
40 41 61 73 75
40 41 61 73 74
40 41 61 71 72 75
40 41 61 71 72 73 74
40 41 59 60 61 73 75
40 41 59 60 61 73 74
40 41 59 60 61 71 72 75
40 41 59 60 61 71 72 73 74
40 41 48 61 73
40 41 48 61 71 72
40 41 48 59 60 61 73
40 41 48 59 60 61 71 72
40 41 46 61 75
40 41 46 61 73 74
40 41 46 59 60 61 75
40 41 46 59 60 61 73 74
40 41 46 48 61
40 41 46 48 59 60 61
34 42 61 73 75
34 42 61 73 74
34 42 61 71 72 75
34 42 61 71 72 73 74
34 42 48 61 73
34 42 48 61 71 72
34 42 46 61 75
34 42 46 61 73 74
34 42 46 48 61
34 40 41 61 73 75
34 40 41 61 73 74
34 40 41 61 71 72 75
34 40 41 61 71 72 73 74
34 40 41 48 61 73
34 40 41 48 61 71 72
34 40 41 46 61 75
34 40 41 46 61 73 74
34 40 41 46 48 61
15 61 73 75
15 61 73 74
15 61 71 72 75
15 61 71 72 73 74
15 59 60 61 73 75
15 59 60 61 73 74
15 59 60 61 71 72 75
15 59 60 61 71 72 73 74
15 48 61 73
15 48 61 71 72
15 48 59 60 61 73
15 48 59 60 61 71 72
15 46 61 75
15 46 61 73 74
15 46 59 60 61 75
15 46 59 60 61 73 74
15 46 48 61
15 46 48 59 60 61
15 34 61 73 75
15 34 61 73 74
15 34 61 71 72 75
15 34 61 71 72 73 74
15 34 48 61 73
15 34 48 61 71 72
15 34 46 61 75
15 34 46 61 73 74
15 34 46 48 61
57 73 78
57 73 76 77
57 71 72 78
57 71 72 76 77
57 60 73
57 60 71 72
57 58 59 73
57 58 59 71 72
51 57 73
51 57 71 72
46 57 78
46 57 76 77
46 57 60
46 57 58 59
46 51 57
33 57 73
33 57 71 72
33 46 57
42 57 59 60 73
42 57 59 60 71 72
42 46 57 59 60
40 41 57 59 60 73
40 41 57 59 60 71 72
40 41 46 57 59 60
34 42 57 73
34 42 57 71 72
34 42 46 57
34 40 41 57 73
34 40 41 57 71 72
34 40 41 46 57
15 57 59 60 73
15 57 59 60 71 72
15 46 57 59 60
15 34 57 73
15 34 57 71 72
15 34 46 57
34 57 59 60 61 75
34 57 59 60 61 73 74
34 48 57 59 60 61
32 33 57 61 75
32 33 57 61 73 74
32 33 57 59 60 61 75
32 33 57 59 60 61 73 74
32 33 48 57 61
32 33 48 57 59 60 61
32 33 34 57 61 75
32 33 34 57 61 73 74
32 33 34 48 57 61
7 57 61 75
7 57 61 73 74
7 57 59 60 61 75
7 57 59 60 61 73 74
7 48 57 61
7 48 57 59 60 61
7 34 57 61 75
7 34 57 61 73 74
7 34 48 57 61
44 57 61 73
44 57 61 71 72
44 46 57 61
42 43 57 61 73
42 43 57 61 71 72
42 43 46 57 61
17 57 61 73
17 57 61 71 72
17 46 57 61
44 61 63 73 75 78
44 61 63 73 75 76 77
44 61 63 73 74 78
44 61 63 73 74 76 77
44 61 63 71 72 75 78
44 61 63 71 72 75 76 77
44 61 63 71 72 73 74 78
44 61 63 71 72 73 74 76 77
44 61 62 63 73 75 78
44 61 62 63 73 75 76 77
44 61 62 63 73 74 78
44 61 62 63 73 74 76 77
44 61 62 63 71 72 75 78
44 61 62 63 71 72 75 76 77
44 61 62 63 71 72 73 74 78
44 61 62 63 71 72 73 74 76 77
44 51 61 63 73 75
44 51 61 63 73 74
44 51 61 63 71 72 75
44 51 61 63 71 72 73 74
44 51 61 62 63 73 75
44 51 61 62 63 73 74
44 51 61 62 63 71 72 75
44 51 61 62 63 71 72 73 74
44 48 61 62 63 73 78
44 48 61 62 63 73 76 77
44 48 61 62 63 71 72 78
44 48 61 62 63 71 72 76 77
44 48 51 61 62 63 73
44 48 51 61 62 63 71 72
44 46 61 63 75 78
44 46 61 63 75 76 77
44 46 61 63 73 74 78
44 46 61 63 73 74 76 77
44 46 61 62 63 75 78
44 46 61 62 63 75 76 77
44 46 61 62 63 73 74 78
44 46 61 62 63 73 74 76 77
44 46 51 61 63 75
44 46 51 61 63 73 74
44 46 51 61 62 63 75
44 46 51 61 62 63 73 74
44 46 48 61 62 63 78
44 46 48 61 62 63 76 77
44 46 48 51 61 62 63
42 43 61 63 73 75 78
42 43 61 63 73 75 76 77
42 43 61 63 73 74 78
42 43 61 63 73 74 76 77
42 43 61 63 71 72 75 78
42 43 61 63 71 72 75 76 77
42 43 61 63 71 72 73 74 78
42 43 61 63 71 72 73 74 76 77
42 43 61 62 63 73 75 78
42 43 61 62 63 73 75 76 77
42 43 61 62 63 73 74 78
42 43 61 62 63 73 74 76 77
42 43 61 62 63 71 72 75 78
42 43 61 62 63 71 72 75 76 77
42 43 61 62 63 71 72 73 74 78
42 43 61 62 63 71 72 73 74 76 77
42 43 51 61 63 73 75
42 43 51 61 63 73 74
42 43 51 61 63 71 72 75
42 43 51 61 63 71 72 73 74
42 43 51 61 62 63 73 75
42 43 51 61 62 63 73 74
42 43 51 61 62 63 71 72 75
42 43 51 61 62 63 71 72 73 74
42 43 48 61 62 63 73 78
42 43 48 61 62 63 73 76 77
42 43 48 61 62 63 71 72 78
42 43 48 61 62 63 71 72 76 77
42 43 48 51 61 62 63 73
42 43 48 51 61 62 63 71 72
42 43 46 61 63 75 78
42 43 46 61 63 75 76 77
42 43 46 61 63 73 74 78
42 43 46 61 63 73 74 76 77
42 43 46 61 62 63 75 78
42 43 46 61 62 63 75 76 77
42 43 46 61 62 63 73 74 78
42 43 46 61 62 63 73 74 76 77
42 43 46 51 61 63 75
42 43 46 51 61 63 73 74
42 43 46 51 61 62 63 75
42 43 46 51 61 62 63 73 74
42 43 46 48 61 62 63 78
42 43 46 48 61 62 63 76 77
42 43 46 48 51 61 62 63
36 44 61 63 73 75 78
36 44 61 63 73 75 76 77
36 44 61 63 73 74 78
36 44 61 63 73 74 76 77
36 44 61 63 71 72 75 78
36 44 61 63 71 72 75 76 77
36 44 61 63 71 72 73 74 78
36 44 61 63 71 72 73 74 76 77
36 44 51 61 63 73 75
36 44 51 61 63 73 74
36 44 51 61 63 71 72 75
36 44 51 61 63 71 72 73 74
36 44 48 61 63 73 78
36 44 48 61 63 73 76 77
36 44 48 61 63 71 72 78
36 44 48 61 63 71 72 76 77
36 44 48 51 61 63 73
36 44 48 51 61 63 71 72
36 44 46 61 63 75 78
36 44 46 61 63 75 76 77
36 44 46 61 63 73 74 78
36 44 46 61 63 73 74 76 77
36 44 46 51 61 63 75
36 44 46 51 61 63 73 74
36 44 46 48 61 63 78
36 44 46 48 61 63 76 77
36 44 46 48 51 61 63
36 42 43 61 63 73 75 78
36 42 43 61 63 73 75 76 77
36 42 43 61 63 73 74 78
36 42 43 61 63 73 74 76 77
36 42 43 61 63 71 72 75 78
36 42 43 61 63 71 72 75 76 77
36 42 43 61 63 71 72 73 74 78
36 42 43 61 63 71 72 73 74 76 77
36 42 43 51 61 63 73 75
36 42 43 51 61 63 73 74
36 42 43 51 61 63 71 72 75
36 42 43 51 61 63 71 72 73 74
36 42 43 48 61 63 73 78
36 42 43 48 61 63 73 76 77
36 42 43 48 61 63 71 72 78
36 42 43 48 61 63 71 72 76 77
36 42 43 48 51 61 63 73
36 42 43 48 51 61 63 71 72
36 42 43 46 61 63 75 78
36 42 43 46 61 63 75 76 77
36 42 43 46 61 63 73 74 78
36 42 43 46 61 63 73 74 76 77
36 42 43 46 51 61 63 75
36 42 43 46 51 61 63 73 74
36 42 43 46 48 61 63 78
36 42 43 46 48 61 63 76 77
36 42 43 46 48 51 61 63
17 61 63 73 75 78
17 61 63 73 75 76 77
17 61 63 73 74 78
17 61 63 73 74 76 77
17 61 63 71 72 75 78
17 61 63 71 72 75 76 77
17 61 63 71 72 73 74 78
17 61 63 71 72 73 74 76 77
17 61 62 63 73 75 78
17 61 62 63 73 75 76 77
17 61 62 63 73 74 78
17 61 62 63 73 74 76 77
17 61 62 63 71 72 75 78
17 61 62 63 71 72 75 76 77
17 61 62 63 71 72 73 74 78
17 61 62 63 71 72 73 74 76 77
17 51 61 63 73 75
17 51 61 63 73 74
17 51 61 63 71 72 75
17 51 61 63 71 72 73 74
17 51 61 62 63 73 75
17 51 61 62 63 73 74
17 51 61 62 63 71 72 75
17 51 61 62 63 71 72 73 74
17 48 61 62 63 73 78
17 48 61 62 63 73 76 77
17 48 61 62 63 71 72 78
17 48 61 62 63 71 72 76 77
17 48 51 61 62 63 73
17 48 51 61 62 63 71 72
17 46 61 63 75 78
17 46 61 63 75 76 77
17 46 61 63 73 74 78
17 46 61 63 73 74 76 77
17 46 61 62 63 75 78
17 46 61 62 63 75 76 77
17 46 61 62 63 73 74 78
17 46 61 62 63 73 74 76 77
17 46 51 61 63 75
17 46 51 61 63 73 74
17 46 51 61 62 63 75
17 46 51 61 62 63 73 74
17 46 48 61 62 63 78
17 46 48 61 62 63 76 77
17 46 48 51 61 62 63
17 36 61 63 73 75 78
17 36 61 63 73 75 76 77
17 36 61 63 73 74 78
17 36 61 63 73 74 76 77
17 36 61 63 71 72 75 78
17 36 61 63 71 72 75 76 77
17 36 61 63 71 72 73 74 78
17 36 61 63 71 72 73 74 76 77
17 36 51 61 63 73 75
17 36 51 61 63 73 74
17 36 51 61 63 71 72 75
17 36 51 61 63 71 72 73 74
17 36 48 61 63 73 78
17 36 48 61 63 73 76 77
17 36 48 61 63 71 72 78
17 36 48 61 63 71 72 76 77
17 36 48 51 61 63 73
17 36 48 51 61 63 71 72
17 36 46 61 63 75 78
17 36 46 61 63 75 76 77
17 36 46 61 63 73 74 78
17 36 46 61 63 73 74 76 77
17 36 46 51 61 63 75
17 36 46 51 61 63 73 74
17 36 46 48 61 63 78
17 36 46 48 61 63 76 77
17 36 46 48 51 61 63
44 58 59 61 63 73 78
44 58 59 61 63 73 76 77
44 58 59 61 63 71 72 78
44 58 59 61 63 71 72 76 77
44 58 59 60 61 63 73 78
44 58 59 60 61 63 73 76 77
44 58 59 60 61 63 71 72 78
44 58 59 60 61 63 71 72 76 77
44 51 58 59 61 63 73
44 51 58 59 61 63 71 72
44 51 58 59 60 61 63 73
44 51 58 59 60 61 63 71 72
44 46 58 59 61 63 78
44 46 58 59 61 63 76 77
44 46 58 59 60 61 63 78
44 46 58 59 60 61 63 76 77
44 46 51 58 59 61 63
44 46 51 58 59 60 61 63
42 43 58 59 61 63 73 78
42 43 58 59 61 63 73 76 77
42 43 58 59 61 63 71 72 78
42 43 58 59 61 63 71 72 76 77
42 43 58 59 60 61 63 73 78
42 43 58 59 60 61 63 73 76 77
42 43 58 59 60 61 63 71 72 78
42 43 58 59 60 61 63 71 72 76 77
42 43 51 58 59 61 63 73
42 43 51 58 59 61 63 71 72
42 43 51 58 59 60 61 63 73
42 43 51 58 59 60 61 63 71 72
42 43 46 58 59 61 63 78
42 43 46 58 59 61 63 76 77
42 43 46 58 59 60 61 63 78
42 43 46 58 59 60 61 63 76 77
42 43 46 51 58 59 61 63
42 43 46 51 58 59 60 61 63
34 44 58 59 61 63 73 78
34 44 58 59 61 63 73 76 77
34 44 58 59 61 63 71 72 78
34 44 58 59 61 63 71 72 76 77
34 44 51 58 59 61 63 73
34 44 51 58 59 61 63 71 72
34 44 46 58 59 61 63 78
34 44 46 58 59 61 63 76 77
34 44 46 51 58 59 61 63
34 42 43 58 59 61 63 73 78
34 42 43 58 59 61 63 73 76 77
34 42 43 58 59 61 63 71 72 78
34 42 43 58 59 61 63 71 72 76 77
34 42 43 51 58 59 61 63 73
34 42 43 51 58 59 61 63 71 72
34 42 43 46 58 59 61 63 78
34 42 43 46 58 59 61 63 76 77
34 42 43 46 51 58 59 61 63
33 44 61 63 73 78
33 44 61 63 73 76 77
33 44 61 63 71 72 78
33 44 61 63 71 72 76 77
33 44 59 60 61 63 73 78
33 44 59 60 61 63 73 76 77
33 44 59 60 61 63 71 72 78
33 44 59 60 61 63 71 72 76 77
33 44 51 61 63 73
33 44 51 61 63 71 72
33 44 51 59 60 61 63 73
33 44 51 59 60 61 63 71 72
33 44 46 61 63 78
33 44 46 61 63 76 77
33 44 46 59 60 61 63 78
33 44 46 59 60 61 63 76 77
33 44 46 51 61 63
33 44 46 51 59 60 61 63
33 42 43 61 63 73 78
33 42 43 61 63 73 76 77
33 42 43 61 63 71 72 78
33 42 43 61 63 71 72 76 77
33 42 43 59 60 61 63 73 78
33 42 43 59 60 61 63 73 76 77
33 42 43 59 60 61 63 71 72 78
33 42 43 59 60 61 63 71 72 76 77
33 42 43 51 61 63 73
33 42 43 51 61 63 71 72
33 42 43 51 59 60 61 63 73
33 42 43 51 59 60 61 63 71 72
33 42 43 46 61 63 78
33 42 43 46 61 63 76 77
33 42 43 46 59 60 61 63 78
33 42 43 46 59 60 61 63 76 77
33 42 43 46 51 61 63
33 42 43 46 51 59 60 61 63
33 34 44 61 63 73 78
33 34 44 61 63 73 76 77
33 34 44 61 63 71 72 78
33 34 44 61 63 71 72 76 77
33 34 44 51 61 63 73
33 34 44 51 61 63 71 72
33 34 44 46 61 63 78
33 34 44 46 61 63 76 77
33 34 44 46 51 61 63
33 34 42 43 61 63 73 78
33 34 42 43 61 63 73 76 77
33 34 42 43 61 63 71 72 78
33 34 42 43 61 63 71 72 76 77
33 34 42 43 51 61 63 73
33 34 42 43 51 61 63 71 72
33 34 42 43 46 61 63 78
33 34 42 43 46 61 63 76 77
33 34 42 43 46 51 61 63
17 58 59 61 63 73 78
17 58 59 61 63 73 76 77
17 58 59 61 63 71 72 78
17 58 59 61 63 71 72 76 77
17 58 59 60 61 63 73 78
17 58 59 60 61 63 73 76 77
17 58 59 60 61 63 71 72 78
17 58 59 60 61 63 71 72 76 77
17 51 58 59 61 63 73
17 51 58 59 61 63 71 72
17 51 58 59 60 61 63 73
17 51 58 59 60 61 63 71 72
17 46 58 59 61 63 78
17 46 58 59 61 63 76 77
17 46 58 59 60 61 63 78
17 46 58 59 60 61 63 76 77
17 46 51 58 59 61 63
17 46 51 58 59 60 61 63
17 34 58 59 61 63 73 78
17 34 58 59 61 63 73 76 77
17 34 58 59 61 63 71 72 78
17 34 58 59 61 63 71 72 76 77
17 34 51 58 59 61 63 73
17 34 51 58 59 61 63 71 72
17 34 46 58 59 61 63 78
17 34 46 58 59 61 63 76 77
17 34 46 51 58 59 61 63
17 33 61 63 73 78
17 33 61 63 73 76 77
17 33 61 63 71 72 78
17 33 61 63 71 72 76 77
17 33 59 60 61 63 73 78
17 33 59 60 61 63 73 76 77
17 33 59 60 61 63 71 72 78
17 33 59 60 61 63 71 72 76 77
17 33 51 61 63 73
17 33 51 61 63 71 72
17 33 51 59 60 61 63 73
17 33 51 59 60 61 63 71 72
17 33 46 61 63 78
17 33 46 61 63 76 77
17 33 46 59 60 61 63 78
17 33 46 59 60 61 63 76 77
17 33 46 51 61 63
17 33 46 51 59 60 61 63
17 33 34 61 63 73 78
17 33 34 61 63 73 76 77
17 33 34 61 63 71 72 78
17 33 34 61 63 71 72 76 77
17 33 34 51 61 63 73
17 33 34 51 61 63 71 72
17 33 34 46 61 63 78
17 33 34 46 61 63 76 77
17 33 34 46 51 61 63
57 63 73 75
57 63 73 74
57 63 71 72 75
57 63 71 72 73 74
57 61 63 72 73
57 61 63 71 72 74
57 61 63 71 72 73
57 61 62 73
57 61 62 73 75
57 61 62 72 73
57 61 62 71 72
57 61 62 71 72 75
57 61 62 71 72 74
57 61 62 71 72 73
57 61 62 71 72 73 74
57 61 62 63 73
57 61 62 63 71 72
57 60 61 63
57 60 61 62
57 58 59 61 63
57 58 59 61 62
48 57 63 73
48 57 63 71 72
48 57 61 63 75
48 57 61 63 73 74
48 57 61 62 75
48 57 61 62 73
48 57 61 62 73 74
48 57 61 62 71 72
47 57 61 63 73
47 57 61 63 71 72
47 57 61 62 73
47 57 61 62 71 72
46 57 63 75
46 57 63 73 74
46 57 61 63 74
46 57 61 63 72 73
46 57 61 62
46 57 61 62 75
46 57 61 62 74
46 57 61 62 73 74
46 57 61 62 72 73
46 57 61 62 63
46 48 57 63
46 48 57 61 62
46 47 57 61 63
46 47 57 61 63 75
46 47 57 61 63 73 74
46 47 57 61 62
46 47 57 61 62 75
46 47 57 61 62 73 74
46 47 48 57 61 63
46 47 48 57 61 62
36 57 73 75
36 57 73 74
36 57 71 72 75
36 57 71 72 73 74
36 57 61 72 73
36 57 61 71 72 74
36 57 61 71 72 73
36 57 61 62 73
36 57 61 62 71 72
36 57 60 61
36 57 58 59 61
36 48 57 73
36 48 57 71 72
36 48 57 61 75
36 48 57 61 73 74
36 47 57 61 73
36 47 57 61 71 72
36 46 57 75
36 46 57 73 74
36 46 57 61 74
36 46 57 61 72 73
36 46 57 61 62
36 46 48 57
36 46 47 57 61
36 46 47 57 61 75
36 46 47 57 61 73 74
36 46 47 48 57 61
33 57 61 63
33 57 61 62
33 36 57 61
21 57 61 63 75
21 57 61 63 73 74
21 57 61 62 75
21 57 61 62 73 74
21 48 57 61 63
21 48 57 61 62
21 36 57 61 75
21 36 57 61 73 74
21 36 48 57 61
17 57 61 63 73
17 57 61 63 71 72
17 46 57 61 63
17 36 57 61 73
17 36 57 61 71 72
17 36 46 57 61
42 57 73
42 57 73 78
42 57 73 76 77
42 57 73 75
42 57 73 74
42 57 71 72
42 57 71 72 78
42 57 71 72 76 77
42 57 71 72 75
42 57 71 72 73 74
42 51 57 73
42 51 57 71 72
42 46 57
42 46 57 78
42 46 57 76 77
42 46 57 75
42 46 57 73 74
42 46 51 57
42 46 47 57
42 46 47 57 73
42 46 47 57 71 72
40 41 57 73
40 41 57 73 78
40 41 57 73 76 77
40 41 57 73 75
40 41 57 73 74
40 41 57 71 72
40 41 57 71 72 78
40 41 57 71 72 76 77
40 41 57 71 72 75
40 41 57 71 72 73 74
40 41 51 57 73
40 41 51 57 71 72
40 41 46 57
40 41 46 57 78
40 41 46 57 76 77
40 41 46 57 75
40 41 46 57 73 74
40 41 46 51 57
40 41 46 47 57
40 41 46 47 57 73
40 41 46 47 57 71 72
25 42 57 73
25 42 57 71 72
25 42 46 57
25 40 41 57 73
25 40 41 57 71 72
25 40 41 46 57
21 42 57 73
21 42 57 71 72
21 42 46 57
21 40 41 57 73
21 40 41 57 71 72
21 40 41 46 57
15 57 73
15 57 73 78
15 57 73 76 77
15 57 73 75
15 57 73 74
15 57 71 72
15 57 71 72 78
15 57 71 72 76 77
15 57 71 72 75
15 57 71 72 73 74
15 51 57 73
15 51 57 71 72
15 46 57
15 46 57 78
15 46 57 76 77
15 46 57 75
15 46 57 73 74
15 46 51 57
15 46 47 57
15 46 47 57 73
15 46 47 57 71 72
15 25 57 73
15 25 57 71 72
15 25 46 57
15 21 57 73
15 21 57 71 72
15 21 46 57
28 29 42 61 63 73 75 78
28 29 42 61 63 73 75 76 77
28 29 42 61 63 73 74 78
28 29 42 61 63 73 74 76 77
28 29 42 61 63 71 72 75 78
28 29 42 61 63 71 72 75 76 77
28 29 42 61 63 71 72 73 74 78
28 29 42 61 63 71 72 73 74 76 77
28 29 42 61 62 63 73 75 78
28 29 42 61 62 63 73 75 76 77
28 29 42 61 62 63 73 74 78
28 29 42 61 62 63 73 74 76 77
28 29 42 61 62 63 71 72 75 78
28 29 42 61 62 63 71 72 75 76 77
28 29 42 61 62 63 71 72 73 74 78
28 29 42 61 62 63 71 72 73 74 76 77
28 29 42 51 61 63 73 75
28 29 42 51 61 63 73 74
28 29 42 51 61 63 71 72 75
28 29 42 51 61 63 71 72 73 74
28 29 42 51 61 62 63 73 75
28 29 42 51 61 62 63 73 74
28 29 42 51 61 62 63 71 72 75
28 29 42 51 61 62 63 71 72 73 74
28 29 42 48 61 63 73 78
28 29 42 48 61 63 73 76 77
28 29 42 48 61 63 71 72 78
28 29 42 48 61 63 71 72 76 77
28 29 42 48 61 62 63 73 78
28 29 42 48 61 62 63 73 76 77
28 29 42 48 61 62 63 71 72 78
28 29 42 48 61 62 63 71 72 76 77
28 29 42 48 51 61 63 73
28 29 42 48 51 61 63 71 72
28 29 42 48 51 61 62 63 73
28 29 42 48 51 61 62 63 71 72
28 29 42 46 61 63 75 78
28 29 42 46 61 63 75 76 77
28 29 42 46 61 63 73 74 78
28 29 42 46 61 63 73 74 76 77
28 29 42 46 61 62 63 75 78
28 29 42 46 61 62 63 75 76 77
28 29 42 46 61 62 63 73 74 78
28 29 42 46 61 62 63 73 74 76 77
28 29 42 46 51 61 63 75
28 29 42 46 51 61 63 73 74
28 29 42 46 51 61 62 63 75
28 29 42 46 51 61 62 63 73 74
28 29 42 46 48 61 63 78
28 29 42 46 48 61 63 76 77
28 29 42 46 48 61 62 63 78
28 29 42 46 48 61 62 63 76 77
28 29 42 46 48 51 61 63
28 29 42 46 48 51 61 62 63
28 29 40 41 61 63 73 75 78
28 29 40 41 61 63 73 75 76 77
28 29 40 41 61 63 73 74 78
28 29 40 41 61 63 73 74 76 77
28 29 40 41 61 63 71 72 75 78
28 29 40 41 61 63 71 72 75 76 77
28 29 40 41 61 63 71 72 73 74 78
28 29 40 41 61 63 71 72 73 74 76 77
28 29 40 41 61 62 63 73 75 78
28 29 40 41 61 62 63 73 75 76 77
28 29 40 41 61 62 63 73 74 78
28 29 40 41 61 62 63 73 74 76 77
28 29 40 41 61 62 63 71 72 75 78
28 29 40 41 61 62 63 71 72 75 76 77
28 29 40 41 61 62 63 71 72 73 74 78
28 29 40 41 61 62 63 71 72 73 74 76 77
28 29 40 41 51 61 63 73 75
28 29 40 41 51 61 63 73 74
28 29 40 41 51 61 63 71 72 75
28 29 40 41 51 61 63 71 72 73 74
28 29 40 41 51 61 62 63 73 75
28 29 40 41 51 61 62 63 73 74
28 29 40 41 51 61 62 63 71 72 75
28 29 40 41 51 61 62 63 71 72 73 74
28 29 40 41 48 61 63 73 78
28 29 40 41 48 61 63 73 76 77
28 29 40 41 48 61 63 71 72 78
28 29 40 41 48 61 63 71 72 76 77
28 29 40 41 48 61 62 63 73 78
28 29 40 41 48 61 62 63 73 76 77
28 29 40 41 48 61 62 63 71 72 78
28 29 40 41 48 61 62 63 71 72 76 77
28 29 40 41 48 51 61 63 73
28 29 40 41 48 51 61 63 71 72
28 29 40 41 48 51 61 62 63 73
28 29 40 41 48 51 61 62 63 71 72
28 29 40 41 46 61 63 75 78
28 29 40 41 46 61 63 75 76 77
28 29 40 41 46 61 63 73 74 78
28 29 40 41 46 61 63 73 74 76 77
28 29 40 41 46 61 62 63 75 78
28 29 40 41 46 61 62 63 75 76 77
28 29 40 41 46 61 62 63 73 74 78
28 29 40 41 46 61 62 63 73 74 76 77
28 29 40 41 46 51 61 63 75
28 29 40 41 46 51 61 63 73 74
28 29 40 41 46 51 61 62 63 75
28 29 40 41 46 51 61 62 63 73 74
28 29 40 41 46 48 61 63 78
28 29 40 41 46 48 61 63 76 77
28 29 40 41 46 48 61 62 63 78
28 29 40 41 46 48 61 62 63 76 77
28 29 40 41 46 48 51 61 63
28 29 40 41 46 48 51 61 62 63
28 29 36 42 61 63 73 75 78
28 29 36 42 61 63 73 75 76 77
28 29 36 42 61 63 73 74 78
28 29 36 42 61 63 73 74 76 77
28 29 36 42 61 63 71 72 75 78
28 29 36 42 61 63 71 72 75 76 77
28 29 36 42 61 63 71 72 73 74 78
28 29 36 42 61 63 71 72 73 74 76 77
28 29 36 42 51 61 63 73 75
28 29 36 42 51 61 63 73 74
28 29 36 42 51 61 63 71 72 75
28 29 36 42 51 61 63 71 72 73 74
28 29 36 42 48 61 63 73 78
28 29 36 42 48 61 63 73 76 77
28 29 36 42 48 61 63 71 72 78
28 29 36 42 48 61 63 71 72 76 77
28 29 36 42 48 51 61 63 73
28 29 36 42 48 51 61 63 71 72
28 29 36 42 46 61 63 75 78
28 29 36 42 46 61 63 75 76 77
28 29 36 42 46 61 63 73 74 78
28 29 36 42 46 61 63 73 74 76 77
28 29 36 42 46 51 61 63 75
28 29 36 42 46 51 61 63 73 74
28 29 36 42 46 48 61 63 78
28 29 36 42 46 48 61 63 76 77
28 29 36 42 46 48 51 61 63
28 29 36 40 41 61 63 73 75 78
28 29 36 40 41 61 63 73 75 76 77
28 29 36 40 41 61 63 73 74 78
28 29 36 40 41 61 63 73 74 76 77
28 29 36 40 41 61 63 71 72 75 78
28 29 36 40 41 61 63 71 72 75 76 77
28 29 36 40 41 61 63 71 72 73 74 78
28 29 36 40 41 61 63 71 72 73 74 76 77
28 29 36 40 41 51 61 63 73 75
28 29 36 40 41 51 61 63 73 74
28 29 36 40 41 51 61 63 71 72 75
28 29 36 40 41 51 61 63 71 72 73 74
28 29 36 40 41 48 61 63 73 78
28 29 36 40 41 48 61 63 73 76 77
28 29 36 40 41 48 61 63 71 72 78
28 29 36 40 41 48 61 63 71 72 76 77
28 29 36 40 41 48 51 61 63 73
28 29 36 40 41 48 51 61 63 71 72
28 29 36 40 41 46 61 63 75 78
28 29 36 40 41 46 61 63 75 76 77
28 29 36 40 41 46 61 63 73 74 78
28 29 36 40 41 46 61 63 73 74 76 77
28 29 36 40 41 46 51 61 63 75
28 29 36 40 41 46 51 61 63 73 74
28 29 36 40 41 46 48 61 63 78
28 29 36 40 41 46 48 61 63 76 77
28 29 36 40 41 46 48 51 61 63
15 28 29 61 63 73 75 78
15 28 29 61 63 73 75 76 77
15 28 29 61 63 73 74 78
15 28 29 61 63 73 74 76 77
15 28 29 61 63 71 72 75 78
15 28 29 61 63 71 72 75 76 77
15 28 29 61 63 71 72 73 74 78
15 28 29 61 63 71 72 73 74 76 77
15 28 29 61 62 63 73 75 78
15 28 29 61 62 63 73 75 76 77
15 28 29 61 62 63 73 74 78
15 28 29 61 62 63 73 74 76 77
15 28 29 61 62 63 71 72 75 78
15 28 29 61 62 63 71 72 75 76 77
15 28 29 61 62 63 71 72 73 74 78
15 28 29 61 62 63 71 72 73 74 76 77
15 28 29 51 61 63 73 75
15 28 29 51 61 63 73 74
15 28 29 51 61 63 71 72 75
15 28 29 51 61 63 71 72 73 74
15 28 29 51 61 62 63 73 75
15 28 29 51 61 62 63 73 74
15 28 29 51 61 62 63 71 72 75
15 28 29 51 61 62 63 71 72 73 74
15 28 29 48 61 63 73 78
15 28 29 48 61 63 73 76 77
15 28 29 48 61 63 71 72 78
15 28 29 48 61 63 71 72 76 77
15 28 29 48 61 62 63 73 78
15 28 29 48 61 62 63 73 76 77
15 28 29 48 61 62 63 71 72 78
15 28 29 48 61 62 63 71 72 76 77
15 28 29 48 51 61 63 73
15 28 29 48 51 61 63 71 72
15 28 29 48 51 61 62 63 73
15 28 29 48 51 61 62 63 71 72
15 28 29 46 61 63 75 78
15 28 29 46 61 63 75 76 77
15 28 29 46 61 63 73 74 78
15 28 29 46 61 63 73 74 76 77
15 28 29 46 61 62 63 75 78
15 28 29 46 61 62 63 75 76 77
15 28 29 46 61 62 63 73 74 78
15 28 29 46 61 62 63 73 74 76 77
15 28 29 46 51 61 63 75
15 28 29 46 51 61 63 73 74
15 28 29 46 51 61 62 63 75
15 28 29 46 51 61 62 63 73 74
15 28 29 46 48 61 63 78
15 28 29 46 48 61 63 76 77
15 28 29 46 48 61 62 63 78
15 28 29 46 48 61 62 63 76 77
15 28 29 46 48 51 61 63
15 28 29 46 48 51 61 62 63
15 28 29 36 61 63 73 75 78
15 28 29 36 61 63 73 75 76 77
15 28 29 36 61 63 73 74 78
15 28 29 36 61 63 73 74 76 77
15 28 29 36 61 63 71 72 75 78
15 28 29 36 61 63 71 72 75 76 77
15 28 29 36 61 63 71 72 73 74 78
15 28 29 36 61 63 71 72 73 74 76 77
15 28 29 36 51 61 63 73 75
15 28 29 36 51 61 63 73 74
15 28 29 36 51 61 63 71 72 75
15 28 29 36 51 61 63 71 72 73 74
15 28 29 36 48 61 63 73 78
15 28 29 36 48 61 63 73 76 77
15 28 29 36 48 61 63 71 72 78
15 28 29 36 48 61 63 71 72 76 77
15 28 29 36 48 51 61 63 73
15 28 29 36 48 51 61 63 71 72
15 28 29 36 46 61 63 75 78
15 28 29 36 46 61 63 75 76 77
15 28 29 36 46 61 63 73 74 78
15 28 29 36 46 61 63 73 74 76 77
15 28 29 36 46 51 61 63 75
15 28 29 36 46 51 61 63 73 74
15 28 29 36 46 48 61 63 78
15 28 29 36 46 48 61 63 76 77
15 28 29 36 46 48 51 61 63
