34 67
34 65 66
34 40
20 34 67
20 34 65 66
20 34 40
59 61 73 77
59 61 73 75 76
59 61 71 72 77
59 61 71 72 75 76
59 61 68 73
59 61 68 71 72
59 61 67 73
59 61 67 71 72
59 61 66 73
59 61 66 71 72
59 61 66 67 73
59 61 66 67 71 72
59 60 61 73 77
59 60 61 73 75
59 60 61 73 75 76
59 60 61 71 72 77
59 60 61 71 72 75
59 60 61 71 72 75 76
59 60 61 71 72 73 74
59 60 61 68 73
59 60 61 68 71 72
59 60 61 67 73
59 60 61 67 71 72
59 60 61 66 73
59 60 61 66 71 72
59 60 61 66 67 73
59 60 61 66 67 71 72
50 59 61 73
50 59 61 71 72
50 59 60 61 73
50 59 60 61 71 72
48 59 60 61 73
48 59 60 61 71 72
46 59 61 77
46 59 61 75 76
46 59 61 68
46 59 61 67
46 59 61 66
46 59 61 66 67
46 59 60 61 77
46 59 60 61 75
46 59 60 61 75 76
46 59 60 61 73 74
46 59 60 61 68
46 59 60 61 67
46 59 60 61 66
46 59 60 61 66 67
46 50 59 61
46 50 59 60 61
46 48 59 60 61
41 59 61 73
41 59 61 71 72
41 59 60 61 73
41 59 60 61 71 72
41 46 59 61
41 46 59 60 61
34 59 61 73 77
34 59 61 73 75
34 59 61 73 75 76
34 59 61 71 72 77
34 59 61 71 72 75
34 59 61 71 72 75 76
34 59 61 71 72 73 74
34 59 61 68 73
34 59 61 68 71 72
34 59 61 67 73
34 59 61 67 71 72
34 59 61 66 73
34 59 61 66 71 72
34 59 61 66 67 73
34 59 61 66 67 71 72
34 50 59 61 73
34 50 59 61 71 72
34 48 59 61 73
34 48 59 61 71 72
34 46 59 61 77
34 46 59 61 75
34 46 59 61 75 76
34 46 59 61 73 74
34 46 59 61 68
34 46 59 61 67
34 46 59 61 66
34 46 59 61 66 67
34 46 50 59 61
34 46 48 59 61
34 41 59 61 73
34 41 59 61 71 72
34 41 46 59 61
42 48 57 59 73
42 48 57 59 71 72
42 46 48 57 59
42 46 47 57 59
42 46 47 57 59 73
42 46 47 57 59 71 72
40 41 48 57 59 73
40 41 48 57 59 71 72
40 41 46 48 57 59
40 41 46 47 57 59
40 41 46 47 57 59 73
40 41 46 47 57 59 71 72
21 42 57 59 73
21 42 57 59 71 72
21 42 46 57 59
21 40 41 57 59 73
21 40 41 57 59 71 72
21 40 41 46 57 59
15 48 57 59 73
15 48 57 59 71 72
15 46 48 57 59
15 46 47 57 59
15 46 47 57 59 73
15 46 47 57 59 71 72
15 21 57 59 73
15 21 57 59 71 72
15 21 46 57 59
42 59 61 75 77
42 59 61 73 77
42 59 61 73 75 76
42 59 61 71 72 77
42 59 61 71 72 75 76
42 55 59 73 77
42 55 59 73 75 76
42 55 59 71 72 77
42 55 59 71 72 75 76
42 50 59 61 75
42 50 59 61 73
42 50 59 61 71 72
42 50 55 59 73
42 50 55 59 71 72
42 48 59 61 77
42 48 59 61 75 76
42 48 50 59 61
42 46 59 61 77
42 46 59 61 75 76
42 46 55 59 77
42 46 55 59 75 76
42 46 50 59 61
42 46 50 55 59
40 41 59 61 75 77
40 41 59 61 73 77
40 41 59 61 73 75 76
40 41 59 61 71 72 77
40 41 59 61 71 72 75 76
40 41 55 59 73 77
40 41 55 59 73 75 76
40 41 55 59 71 72 77
40 41 55 59 71 72 75 76
40 41 50 59 61 75
40 41 50 59 61 73
40 41 50 59 61 71 72
40 41 50 55 59 73
40 41 50 55 59 71 72
40 41 48 59 61 77
40 41 48 59 61 75 76
40 41 48 50 59 61
40 41 46 59 61 77
40 41 46 59 61 75 76
40 41 46 55 59 77
40 41 46 55 59 75 76
40 41 46 50 59 61
40 41 46 50 55 59
15 59 61 75 77
15 59 61 73 77
15 59 61 73 75 76
15 59 61 71 72 77
15 59 61 71 72 75 76
15 55 59 73 77
15 55 59 73 75 76
15 55 59 71 72 77
15 55 59 71 72 75 76
15 50 59 61 75
15 50 59 61 73
15 50 59 61 71 72
15 50 55 59 73
15 50 55 59 71 72
15 48 59 61 77
15 48 59 61 75 76
15 48 50 59 61
15 46 59 61 77
15 46 59 61 75 76
15 46 55 59 77
15 46 55 59 75 76
15 46 50 59 61
15 46 50 55 59
46 59 63 75 78
46 59 63 75 76 77
46 59 63 73 75 78
46 59 63 73 75 76 77
46 59 63 71 72 75 78
46 59 63 71 72 75 76 77
46 59 63 71 72 73 74 78
46 59 63 71 72 73 74 76 77
46 59 61 62 75 78
46 59 61 62 75 76 77
46 59 61 62 73 75 78
46 59 61 62 73 75 76 77
46 59 61 62 71 72 75 78
46 59 61 62 71 72 75 76 77
46 59 61 62 71 72 73 74 78
46 59 61 62 71 72 73 74 76 77
46 51 59 63 75
46 51 59 63 73 75
46 51 59 63 71 72 75
46 51 59 63 71 72 73 74
46 51 59 61 62 75
46 51 59 61 62 73 75
46 51 59 61 62 71 72 75
46 51 59 61 62 71 72 73 74
46 48 59 63 78
46 48 59 63 76 77
46 48 59 63 73 78
46 48 59 63 73 76 77
46 48 59 63 71 72 78
46 48 59 63 71 72 76 77
46 48 59 61 62 78
46 48 59 61 62 76 77
46 48 59 61 62 73 78
46 48 59 61 62 73 76 77
46 48 59 61 62 71 72 78
46 48 59 61 62 71 72 76 77
46 48 51 59 63
46 48 51 59 63 73
46 48 51 59 63 71 72
46 48 51 59 61 62
46 48 51 59 61 62 73
46 48 51 59 61 62 71 72
44 45 59 63 73 75 78
44 45 59 63 73 75 76 77
44 45 59 63 73 74 78
44 45 59 63 73 74 76 77
44 45 59 63 71 72 75 78
44 45 59 63 71 72 75 76 77
44 45 59 63 71 72 73 74 78
44 45 59 63 71 72 73 74 76 77
44 45 59 61 62 73 75 78
44 45 59 61 62 73 75 76 77
44 45 59 61 62 73 74 78
44 45 59 61 62 73 74 76 77
44 45 59 61 62 71 72 75 78
44 45 59 61 62 71 72 75 76 77
44 45 59 61 62 71 72 73 74 78
44 45 59 61 62 71 72 73 74 76 77
44 45 51 59 63 73 75
44 45 51 59 63 73 74
44 45 51 59 63 71 72 75
44 45 51 59 63 71 72 73 74
44 45 51 59 61 62 73 75
44 45 51 59 61 62 73 74
44 45 51 59 61 62 71 72 75
44 45 51 59 61 62 71 72 73 74
44 45 48 59 63 73 78
44 45 48 59 63 73 76 77
44 45 48 59 63 71 72 78
44 45 48 59 63 71 72 76 77
44 45 48 59 61 62 73 78
44 45 48 59 61 62 73 76 77
44 45 48 59 61 62 71 72 78
44 45 48 59 61 62 71 72 76 77
44 45 48 51 59 63 73
44 45 48 51 59 63 71 72
44 45 48 51 59 61 62 73
44 45 48 51 59 61 62 71 72
44 45 46 59 63 75 78
44 45 46 59 63 75 76 77
44 45 46 59 63 73 74 78
44 45 46 59 63 73 74 76 77
44 45 46 59 61 62 75 78
44 45 46 59 61 62 75 76 77
44 45 46 59 61 62 73 74 78
44 45 46 59 61 62 73 74 76 77
44 45 46 51 59 63 75
44 45 46 51 59 63 73 74
44 45 46 51 59 61 62 75
44 45 46 51 59 61 62 73 74
44 45 46 48 59 63 78
44 45 46 48 59 63 76 77
44 45 46 48 59 61 62 78
44 45 46 48 59 61 62 76 77
44 45 46 48 51 59 63
44 45 46 48 51 59 61 62
36 46 59 75 78
36 46 59 75 76 77
36 46 59 73 75 78
36 46 59 73 75 76 77
36 46 59 71 72 75 78
36 46 59 71 72 75 76 77
36 46 59 71 72 73 74 78
36 46 59 71 72 73 74 76 77
36 46 51 59 75
36 46 51 59 73 75
36 46 51 59 71 72 75
36 46 51 59 71 72 73 74
36 46 48 59 78
36 46 48 59 76 77
36 46 48 59 73 78
36 46 48 59 73 76 77
36 46 48 59 71 72 78
36 46 48 59 71 72 76 77
36 46 48 51 59
36 46 48 51 59 73
36 46 48 51 59 71 72
36 44 45 59 73 75 78
36 44 45 59 73 75 76 77
36 44 45 59 73 74 78
36 44 45 59 73 74 76 77
36 44 45 59 71 72 75 78
36 44 45 59 71 72 75 76 77
36 44 45 59 71 72 73 74 78
36 44 45 59 71 72 73 74 76 77
36 44 45 51 59 73 75
36 44 45 51 59 73 74
36 44 45 51 59 71 72 75
36 44 45 51 59 71 72 73 74
36 44 45 48 59 73 78
36 44 45 48 59 73 76 77
36 44 45 48 59 71 72 78
36 44 45 48 59 71 72 76 77
36 44 45 48 51 59 73
36 44 45 48 51 59 71 72
36 44 45 46 59 75 78
36 44 45 46 59 75 76 77
36 44 45 46 59 73 74 78
36 44 45 46 59 73 74 76 77
36 44 45 46 51 59 75
36 44 45 46 51 59 73 74
36 44 45 46 48 59 78
36 44 45 46 48 59 76 77
36 44 45 46 48 51 59
19 59 63 73 75 78
19 59 63 73 75 76 77
19 59 63 73 74 78
19 59 63 73 74 76 77
19 59 63 71 72 75 78
19 59 63 71 72 75 76 77
19 59 63 71 72 73 74 78
19 59 63 71 72 73 74 76 77
19 59 61 62 73 75 78
19 59 61 62 73 75 76 77
19 59 61 62 73 74 78
19 59 61 62 73 74 76 77
19 59 61 62 71 72 75 78
19 59 61 62 71 72 75 76 77
19 59 61 62 71 72 73 74 78
19 59 61 62 71 72 73 74 76 77
19 51 59 63 73 75
19 51 59 63 73 74
19 51 59 63 71 72 75
19 51 59 63 71 72 73 74
19 51 59 61 62 73 75
19 51 59 61 62 73 74
19 51 59 61 62 71 72 75
19 51 59 61 62 71 72 73 74
19 48 59 63 73 78
19 48 59 63 73 76 77
19 48 59 63 71 72 78
19 48 59 63 71 72 76 77
19 48 59 61 62 73 78
19 48 59 61 62 73 76 77
19 48 59 61 62 71 72 78
19 48 59 61 62 71 72 76 77
19 48 51 59 63 73
19 48 51 59 63 71 72
19 48 51 59 61 62 73
19 48 51 59 61 62 71 72
19 46 59 63 75 78
19 46 59 63 75 76 77
19 46 59 63 73 74 78
19 46 59 63 73 74 76 77
19 46 59 61 62 75 78
19 46 59 61 62 75 76 77
19 46 59 61 62 73 74 78
19 46 59 61 62 73 74 76 77
19 46 51 59 63 75
19 46 51 59 63 73 74
19 46 51 59 61 62 75
19 46 51 59 61 62 73 74
19 46 48 59 63 78
19 46 48 59 63 76 77
19 46 48 59 61 62 78
19 46 48 59 61 62 76 77
19 46 48 51 59 63
19 46 48 51 59 61 62
19 36 59 73 75 78
19 36 59 73 75 76 77
19 36 59 73 74 78
19 36 59 73 74 76 77
19 36 59 71 72 75 78
19 36 59 71 72 75 76 77
19 36 59 71 72 73 74 78
19 36 59 71 72 73 74 76 77
19 36 51 59 73 75
19 36 51 59 73 74
19 36 51 59 71 72 75
19 36 51 59 71 72 73 74
19 36 48 59 73 78
19 36 48 59 73 76 77
19 36 48 59 71 72 78
19 36 48 59 71 72 76 77
19 36 48 51 59 73
19 36 48 51 59 71 72
19 36 46 59 75 78
19 36 46 59 75 76 77
19 36 46 59 73 74 78
19 36 46 59 73 74 76 77
19 36 46 51 59 75
19 36 46 51 59 73 74
19 36 46 48 59 78
19 36 46 48 59 76 77
19 36 46 48 51 59
35 59 61 63 73
35 59 61 63 71 72
35 59 61 62 73
35 59 61 62 71 72
35 46 59 61 63
35 46 59 61 62
35 36 59 61 73
35 36 59 61 71 72
35 36 46 59 61
33 34 59 61 63 73
33 34 59 61 63 71 72
33 34 59 61 62 73
33 34 59 61 62 71 72
33 34 46 59 61 63
33 34 46 59 61 62
33 34 36 59 61 73
33 34 36 59 61 71 72
33 34 36 46 59 61
8 59 61 63 73
8 59 61 63 71 72
8 59 61 62 73
8 59 61 62 71 72
8 46 59 61 63
8 46 59 61 62
8 36 59 61 73
8 36 59 61 71 72
8 36 46 59 61
57 59 63 73
57 59 63 71 72
46 57 59 63
36 57 59 73
36 57 59 71 72
36 46 57 59
68 69 78 79
53 68 69
42 68 78 79
42 53 68
34
34 63
34 61 62
34 54
34 52 53
27 34
22 34
20 34 65 66 68
20 34 40 68
57 59 61 73 77 78 79
57 59 61 73 75 76 78 79
57 59 61 71 72 77 78 79
57 59 61 71 72 75 76 78 79
57 59 60 61 73 77 78 79
57 59 60 61 73 75 76 78 79
57 59 60 61 71 72 77 78 79
57 59 60 61 71 72 75 76 78 79
53 57 59 61 73 77
53 57 59 61 73 75 76
53 57 59 61 71 72 77
53 57 59 61 71 72 75 76
53 57 59 60 61 73 77
53 57 59 60 61 73 75 76
53 57 59 60 61 71 72 77
53 57 59 60 61 71 72 75 76
50 57 59 61 73 78 79
50 57 59 61 71 72 78 79
50 57 59 60 61 73 78 79
50 57 59 60 61 71 72 78 79
50 53 57 59 61 73
50 53 57 59 61 71 72
50 53 57 59 60 61 73
50 53 57 59 60 61 71 72
46 57 59 61 77 78 79
46 57 59 61 75 76 78 79
46 57 59 60 61 77 78 79
46 57 59 60 61 75 76 78 79
46 53 57 59 61 77
46 53 57 59 61 75 76
46 53 57 59 60 61 77
46 53 57 59 60 61 75 76
46 50 57 59 61 78 79
46 50 57 59 60 61 78 79
46 50 53 57 59 61
46 50 53 57 59 60 61
44 59 61 73 77
44 59 61 73 75 76
44 59 61 71 72 77
44 59 61 71 72 75 76
44 50 59 61 73
44 50 59 61 71 72
44 46 59 61 77
44 46 59 61 75 76
44 46 50 59 61
42 57 59 61 73 77 78 79
42 57 59 61 73 75 76 78 79
42 57 59 61 71 72 77 78 79
42 57 59 61 71 72 75 76 78 79
42 57 59 60 61 73 77 78 79
42 57 59 60 61 73 75 76 78 79
42 57 59 60 61 71 72 77 78 79
42 57 59 60 61 71 72 75 76 78 79
42 53 57 59 61 73 77
42 53 57 59 61 73 75 76
42 53 57 59 61 71 72 77
42 53 57 59 61 71 72 75 76
42 53 57 59 60 61 73 77
42 53 57 59 60 61 73 75 76
42 53 57 59 60 61 71 72 77
42 53 57 59 60 61 71 72 75 76
42 50 57 59 61 73 78 79
42 50 57 59 61 71 72 78 79
42 50 57 59 60 61 73 78 79
42 50 57 59 60 61 71 72 78 79
42 50 53 57 59 61 73
42 50 53 57 59 61 71 72
42 50 53 57 59 60 61 73
42 50 53 57 59 60 61 71 72
42 46 57 59 61 77 78 79
42 46 57 59 61 75 76 78 79
42 46 57 59 60 61 77 78 79
42 46 57 59 60 61 75 76 78 79
42 46 53 57 59 61 77
42 46 53 57 59 61 75 76
42 46 53 57 59 60 61 77
42 46 53 57 59 60 61 75 76
42 46 50 57 59 61 78 79
42 46 50 57 59 60 61 78 79
42 46 50 53 57 59 61
42 46 50 53 57 59 60 61
42 43 59 61 73 77
42 43 59 61 73 75 76
42 43 59 61 71 72 77
42 43 59 61 71 72 75 76
42 43 50 59 61 73
42 43 50 59 61 71 72
42 43 46 59 61 77
42 43 46 59 61 75 76
42 43 46 50 59 61
40 41 57 59 61 73 77 78 79
40 41 57 59 61 73 75 76 78 79
40 41 57 59 61 71 72 77 78 79
40 41 57 59 61 71 72 75 76 78 79
40 41 57 59 60 61 73 77 78 79
40 41 57 59 60 61 73 75 76 78 79
40 41 57 59 60 61 71 72 77 78 79
40 41 57 59 60 61 71 72 75 76 78 79
40 41 53 57 59 61 73 77
40 41 53 57 59 61 73 75 76
40 41 53 57 59 61 71 72 77
40 41 53 57 59 61 71 72 75 76
40 41 53 57 59 60 61 73 77
40 41 53 57 59 60 61 73 75 76
40 41 53 57 59 60 61 71 72 77
40 41 53 57 59 60 61 71 72 75 76
40 41 50 57 59 61 73 78 79
40 41 50 57 59 61 71 72 78 79
40 41 50 57 59 60 61 73 78 79
40 41 50 57 59 60 61 71 72 78 79
40 41 50 53 57 59 61 73
40 41 50 53 57 59 61 71 72
40 41 50 53 57 59 60 61 73
40 41 50 53 57 59 60 61 71 72
40 41 46 57 59 61 77 78 79
40 41 46 57 59 61 75 76 78 79
40 41 46 57 59 60 61 77 78 79
40 41 46 57 59 60 61 75 76 78 79
40 41 46 53 57 59 61 77
40 41 46 53 57 59 61 75 76
40 41 46 53 57 59 60 61 77
40 41 46 53 57 59 60 61 75 76
40 41 46 50 57 59 61 78 79
40 41 46 50 57 59 60 61 78 79
40 41 46 50 53 57 59 61
40 41 46 50 53 57 59 60 61
34 57 59 61 73 77 78 79
34 57 59 61 73 75 76 78 79
34 57 59 61 71 72 77 78 79
34 57 59 61 71 72 75 76 78 79
34 53 57 59 61 73 77
34 53 57 59 61 73 75 76
34 53 57 59 61 71 72 77
34 53 57 59 61 71 72 75 76
34 50 57 59 61 73 78 79
34 50 57 59 61 71 72 78 79
34 50 53 57 59 61 73
34 50 53 57 59 61 71 72
34 46 57 59 61 77 78 79
34 46 57 59 61 75 76 78 79
34 46 53 57 59 61 77
34 46 53 57 59 61 75 76
34 46 50 57 59 61 78 79
34 46 50 53 57 59 61
34 42 57 59 61 73 77 78 79
34 42 57 59 61 73 75 76 78 79
34 42 57 59 61 71 72 77 78 79
34 42 57 59 61 71 72 75 76 78 79
34 42 53 57 59 61 73 77
34 42 53 57 59 61 73 75 76
34 42 53 57 59 61 71 72 77
34 42 53 57 59 61 71 72 75 76
34 42 50 57 59 61 73 78 79
34 42 50 57 59 61 71 72 78 79
34 42 50 53 57 59 61 73
34 42 50 53 57 59 61 71 72
34 42 46 57 59 61 77 78 79
34 42 46 57 59 61 75 76 78 79
34 42 46 53 57 59 61 77
34 42 46 53 57 59 61 75 76
34 42 46 50 57 59 61 78 79
34 42 46 50 53 57 59 61
34 40 41 57 59 61 73 77 78 79
34 40 41 57 59 61 73 75 76 78 79
34 40 41 57 59 61 71 72 77 78 79
34 40 41 57 59 61 71 72 75 76 78 79
34 40 41 53 57 59 61 73 77
34 40 41 53 57 59 61 73 75 76
34 40 41 53 57 59 61 71 72 77
34 40 41 53 57 59 61 71 72 75 76
34 40 41 50 57 59 61 73 78 79
34 40 41 50 57 59 61 71 72 78 79
34 40 41 50 53 57 59 61 73
34 40 41 50 53 57 59 61 71 72
34 40 41 46 57 59 61 77 78 79
34 40 41 46 57 59 61 75 76 78 79
34 40 41 46 53 57 59 61 77
34 40 41 46 53 57 59 61 75 76
34 40 41 46 50 57 59 61 78 79
34 40 41 46 50 53 57 59 61
17 59 61 73 77
17 59 61 73 75 76
17 59 61 71 72 77
17 59 61 71 72 75 76
17 50 59 61 73
17 50 59 61 71 72
17 46 59 61 77
17 46 59 61 75 76
17 46 50 59 61
15 57 59 61 73 77 78 79
15 57 59 61 73 75 76 78 79
15 57 59 61 71 72 77 78 79
15 57 59 61 71 72 75 76 78 79
15 57 59 60 61 73 77 78 79
15 57 59 60 61 73 75 76 78 79
15 57 59 60 61 71 72 77 78 79
15 57 59 60 61 71 72 75 76 78 79
15 53 57 59 61 73 77
15 53 57 59 61 73 75 76
15 53 57 59 61 71 72 77
15 53 57 59 61 71 72 75 76
15 53 57 59 60 61 73 77
15 53 57 59 60 61 73 75 76
15 53 57 59 60 61 71 72 77
15 53 57 59 60 61 71 72 75 76
15 50 57 59 61 73 78 79
15 50 57 59 61 71 72 78 79
15 50 57 59 60 61 73 78 79
15 50 57 59 60 61 71 72 78 79
15 50 53 57 59 61 73
15 50 53 57 59 61 71 72
15 50 53 57 59 60 61 73
15 50 53 57 59 60 61 71 72
15 46 57 59 61 77 78 79
15 46 57 59 61 75 76 78 79
15 46 57 59 60 61 77 78 79
15 46 57 59 60 61 75 76 78 79
15 46 53 57 59 61 77
15 46 53 57 59 61 75 76
15 46 53 57 59 60 61 77
15 46 53 57 59 60 61 75 76
15 46 50 57 59 61 78 79
15 46 50 57 59 60 61 78 79
15 46 50 53 57 59 61
15 46 50 53 57 59 60 61
15 34 57 59 61 73 77 78 79
15 34 57 59 61 73 75 76 78 79
15 34 57 59 61 71 72 77 78 79
15 34 57 59 61 71 72 75 76 78 79
15 34 53 57 59 61 73 77
15 34 53 57 59 61 73 75 76
15 34 53 57 59 61 71 72 77
15 34 53 57 59 61 71 72 75 76
15 34 50 57 59 61 73 78 79
15 34 50 57 59 61 71 72 78 79
15 34 50 53 57 59 61 73
15 34 50 53 57 59 61 71 72
15 34 46 57 59 61 77 78 79
15 34 46 57 59 61 75 76 78 79
15 34 46 53 57 59 61 77
15 34 46 53 57 59 61 75 76
15 34 46 50 57 59 61 78 79
15 34 46 50 53 57 59 61
44 57 59 61 73
44 57 59 61 71 72
44 57 59 60 61 73
44 57 59 60 61 71 72
44 46 57 59 61
44 46 57 59 60 61
42 43 57 59 61 73
42 43 57 59 61 71 72
42 43 57 59 60 61 73
42 43 57 59 60 61 71 72
42 43 46 57 59 61
42 43 46 57 59 60 61
34 44 57 59 61 73
34 44 57 59 61 71 72
34 44 46 57 59 61
34 42 43 57 59 61 73
34 42 43 57 59 61 71 72
34 42 43 46 57 59 61
17 57 59 61 73
17 57 59 61 71 72
17 57 59 60 61 73
17 57 59 60 61 71 72
17 46 57 59 61
17 46 57 59 60 61
17 34 57 59 61 73
17 34 57 59 61 71 72
17 34 46 57 59 61
42 59 61 73 75
42 59 61 71 72 75
42 59 61 71 72 73 74
42 59 60 61 73 75
42 59 60 61 71 72 75
42 59 60 61 71 72 73 74
42 48 59 61 73
42 48 59 61 71 72
42 48 59 60 61 73
42 48 59 60 61 71 72
42 46 59 61 75
42 46 59 61 73 74
42 46 59 60 61 75
42 46 59 60 61 73 74
42 46 48 59 61
42 46 48 59 60 61
40 41 59 61 73 75
40 41 59 61 71 72 75
40 41 59 61 71 72 73 74
40 41 59 60 61 73 75
40 41 59 60 61 71 72 75
40 41 59 60 61 71 72 73 74
40 41 48 59 61 73
40 41 48 59 61 71 72
40 41 48 59 60 61 73
40 41 48 59 60 61 71 72
40 41 46 59 61 75
40 41 46 59 61 73 74
40 41 46 59 60 61 75
40 41 46 59 60 61 73 74
40 41 46 48 59 61
40 41 46 48 59 60 61
34 42 59 61 73 75
34 42 59 61 71 72 75
34 42 59 61 71 72 73 74
34 42 48 59 61 73
34 42 48 59 61 71 72
34 42 46 59 61 75
34 42 46 59 61 73 74
34 42 46 48 59 61
34 40 41 59 61 73 75
34 40 41 59 61 71 72 75
34 40 41 59 61 71 72 73 74
34 40 41 48 59 61 73
34 40 41 48 59 61 71 72
34 40 41 46 59 61 75
34 40 41 46 59 61 73 74
34 40 41 46 48 59 61
15 59 61 73 75
15 59 61 71 72 75
15 59 61 71 72 73 74
15 59 60 61 73 75
15 59 60 61 71 72 75
15 59 60 61 71 72 73 74
15 48 59 61 73
15 48 59 61 71 72
15 48 59 60 61 73
15 48 59 60 61 71 72
15 46 59 61 75
15 46 59 61 73 74
15 46 59 60 61 75
15 46 59 60 61 73 74
15 46 48 59 61
15 46 48 59 60 61
15 34 59 61 73 75
15 34 59 61 71 72 75
15 34 59 61 71 72 73 74
15 34 48 59 61 73
15 34 48 59 61 71 72
15 34 46 59 61 75
15 34 46 59 61 73 74
15 34 46 48 59 61
67 68
65 66 68
55 69 78 79
55 67 78 79
55 67 68 78 79
55 65 66 78 79
54
53 55 69
53 55 67
53 55 67 68
53 55 65 66
49 69
49 67 68
47 48 69
47 48 67 68
42 55 78 79
42 53 55
42 49
42 47 48
40 68
40 55 78 79
40 53 55
36 69
36 67 68
36 49 69
36 49 67 68
36 47 48 69
36 47 48 67 68
36 42
36 42 49
36 42 47 48
35 67 68
35 65 66 68
35 40 68
24
22 69
22 67 68
22 42
20 69
20 68 69
20 61 67 68
20 61 65 66 68
20 55
20 55 67
20 55 65 66
20 42
20 42 68
20 40 61 68
20 40 55
20 36 69
20 36 67 68
20 36 42
10
1
42 57 59 73 78
42 57 59 73 76 77
42 57 59 73 75 78
42 57 59 73 75 76 77
42 57 59 73 74 78
42 57 59 73 74 76 77
42 57 59 71 72 78
42 57 59 71 72 76 77
42 57 59 71 72 75 78
42 57 59 71 72 75 76 77
42 57 59 71 72 73 74 78
42 57 59 71 72 73 74 76 77
42 51 57 59 73
42 51 57 59 73 75
42 51 57 59 73 74
42 51 57 59 71 72
42 51 57 59 71 72 75
42 51 57 59 71 72 73 74
42 48 57 59 73 78
42 48 57 59 73 76 77
42 48 57 59 71 72 78
42 48 57 59 71 72 76 77
42 48 51 57 59 73
42 48 51 57 59 71 72
42 46 57 59 78
42 46 57 59 76 77
42 46 57 59 75 78
42 46 57 59 75 76 77
42 46 57 59 73 74 78
42 46 57 59 73 74 76 77
42 46 51 57 59
42 46 51 57 59 75
42 46 51 57 59 73 74
42 46 48 57 59 78
42 46 48 57 59 76 77
42 46 48 51 57 59
40 41 57 59 73 78
40 41 57 59 73 76 77
40 41 57 59 73 75 78
40 41 57 59 73 75 76 77
40 41 57 59 73 74 78
40 41 57 59 73 74 76 77
40 41 57 59 71 72 78
40 41 57 59 71 72 76 77
40 41 57 59 71 72 75 78
40 41 57 59 71 72 75 76 77
40 41 57 59 71 72 73 74 78
40 41 57 59 71 72 73 74 76 77
40 41 51 57 59 73
40 41 51 57 59 73 75
40 41 51 57 59 73 74
40 41 51 57 59 71 72
40 41 51 57 59 71 72 75
40 41 51 57 59 71 72 73 74
40 41 48 57 59 73 78
40 41 48 57 59 73 76 77
40 41 48 57 59 71 72 78
40 41 48 57 59 71 72 76 77
40 41 48 51 57 59 73
40 41 48 51 57 59 71 72
40 41 46 57 59 78
40 41 46 57 59 76 77
40 41 46 57 59 75 78
40 41 46 57 59 75 76 77
40 41 46 57 59 73 74 78
40 41 46 57 59 73 74 76 77
40 41 46 51 57 59
40 41 46 51 57 59 75
40 41 46 51 57 59 73 74
40 41 46 48 57 59 78
40 41 46 48 57 59 76 77
40 41 46 48 51 57 59
15 57 59 73 78
15 57 59 73 76 77
15 57 59 73 75 78
15 57 59 73 75 76 77
15 57 59 73 74 78
15 57 59 73 74 76 77
15 57 59 71 72 78
15 57 59 71 72 76 77
15 57 59 71 72 75 78
15 57 59 71 72 75 76 77
15 57 59 71 72 73 74 78
15 57 59 71 72 73 74 76 77
15 51 57 59 73
15 51 57 59 73 75
15 51 57 59 73 74
15 51 57 59 71 72
15 51 57 59 71 72 75
15 51 57 59 71 72 73 74
15 48 57 59 73 78
15 48 57 59 73 76 77
15 48 57 59 71 72 78
15 48 57 59 71 72 76 77
15 48 51 57 59 73
15 48 51 57 59 71 72
15 46 57 59 78
15 46 57 59 76 77
15 46 57 59 75 78
15 46 57 59 75 76 77
15 46 57 59 73 74 78
15 46 57 59 73 74 76 77
15 46 51 57 59
15 46 51 57 59 75
15 46 51 57 59 73 74
15 46 48 57 59 78
15 46 48 57 59 76 77
15 46 48 51 57 59
59 61 63 73
59 61 63 71 72
59 61 62 73
59 61 62 71 72
46 59 61 63
46 59 61 62
42 59 61 77
42 59 61 63 75
42 59 61 63 73 74
42 59 61 62 75
42 59 61 62 73 74
42 50 59 61
42 48 59 61 63
42 48 59 61 62
40 41 59 61 77
40 41 59 61 63 75
40 41 59 61 63 73 74
40 41 59 61 62 75
40 41 59 61 62 73 74
40 41 50 59 61
40 41 48 59 61 63
40 41 48 59 61 62
36 59 61 73
36 59 61 71 72
36 46 59 61
36 42 59 61 75
36 42 59 61 73 74
36 42 48 59 61
36 40 41 59 61 75
36 40 41 59 61 73 74
36 40 41 48 59 61
15 59 61 77
15 59 61 63 75
15 59 61 63 73 74
15 59 61 62 75
15 59 61 62 73 74
15 50 59 61
15 48 59 61 63
15 48 59 61 62
15 36 59 61 75
15 36 59 61 73 74
15 36 48 59 61
69 78 79
61 68
59 78 79
55 61 69 78 79
55 61 68
55 61 67 68 78 79
53 69
53 59
53 55 61 69
53 55 61 67 68
42 78 79
42 55 61 78 79
42 53
42 53 55 61
36 61
36 59 69
36 59 67 68
36 42 59
35
35 55 61
22 61
22 61 69
22 61 67 68
22 59 69
22 59 67 68
22 42 61
22 42 59
20
20 35
20 34 67 68
1 61 69
1 61 68
1 61 67 68
1 53 54 69
1 53 54 67 68
1 46 69
1 46 67 68
1 44 45 69
1 44 45 67 68
1 42 61
1 42 53 54
1 42 46
1 42 44 45
1 37 69
1 37 67 68
1 37 42
1 35 69
1 35 67 68
1 35 42
1 35 36 69
1 35 36 67 68
1 35 36 42
1 28 69
1 28 67 68
1 28 42
1 20 61 69
1 20 61 67 68
1 20 59 69
1 20 59 67 68
1 20 42 61
1 20 42 59
1 19 69
1 19 67 68
1 19 42
59 61 77
59 61 75 76
59 60 61 75
57 59 61 77 78 79
57 59 61 75 78 79
57 59 61 75 76 78 79
57 59 61 73 74 78 79
57 59 60 61 75 78 79
57 59 60 61 73 74 78 79
53 57 59 61 77
53 57 59 61 75
53 57 59 61 75 76
53 57 59 61 73 74
53 57 59 60 61 75
53 57 59 60 61 73 74
50 59 61
50 57 59 61 78 79
50 53 57 59 61
48 59 60 61
48 57 59 61 78 79
48 57 59 60 61 78 79
48 53 57 59 61
48 53 57 59 60 61
42 59 61
42 59 61 75
42 59 61 73 74 77
42 59 61 73 74 75 76
42 59 60 61 75
42 50 59 61 73 74
42 48 59 61
42 48 59 60 61
40 41 59 61
40 41 59 61 75
40 41 59 61 73 74 77
40 41 59 61 73 74 75 76
40 41 59 60 61 75
40 41 50 59 61 73 74
40 41 48 59 61
40 41 48 59 60 61
34 59 61 75
34 57 59 61 75 78 79
34 57 59 61 73 74 78 79
34 53 57 59 61 75
34 53 57 59 61 73 74
34 48 59 61
34 48 57 59 61 78 79
34 48 53 57 59 61
34 42 59 61 75
34 42 48 59 61
34 40 41 59 61 75
34 40 41 48 59 61
33 59 61 75
33 59 61 73 74
33 48 59 61
33 42 59 61 75
33 42 59 61 73 74
33 42 48 59 61
33 40 41 59 61 75
33 40 41 59 61 73 74
33 40 41 48 59 61
31 32 59 61 75
31 32 59 61 73 74
31 32 48 59 61
31 32 42 59 61 75
31 32 42 59 61 73 74
31 32 42 48 59 61
31 32 40 41 59 61 75
31 32 40 41 59 61 73 74
31 32 40 41 48 59 61
15 59 61
15 59 61 75
15 59 61 73 74 77
15 59 61 73 74 75 76
15 59 60 61 75
15 50 59 61 73 74
15 48 59 61
15 48 59 60 61
15 34 59 61 75
15 34 48 59 61
15 33 59 61 75
15 33 59 61 73 74
15 33 48 59 61
15 31 32 59 61 75
15 31 32 59 61 73 74
15 31 32 48 59 61
14 59 61 77
14 59 61 75
14 59 61 75 76
14 59 61 73 74
14 59 60 61 75
14 59 60 61 73 74
14 50 59 61
14 48 59 61
14 48 59 60 61
14 34 59 61 75
14 34 59 61 73 74
14 34 48 59 61
6 59 61 75
6 59 61 73 74
6 48 59 61
6 42 59 61 75
6 42 59 61 73 74
6 42 48 59 61
6 40 41 59 61 75
6 40 41 59 61 73 74
6 40 41 48 59 61
6 15 59 61 75
6 15 59 61 73 74
6 15 48 59 61
42 59 61 77 78 79
42 59 61 75 78 79
42 59 61 75 76 78 79
42 59 61 73 74 78 79
42 59 60 61 75 78 79
42 59 60 61 73 74 78 79
42 53 59 61 77
42 53 59 61 75
42 53 59 61 75 76
42 53 59 61 73 74
42 53 59 60 61 75
42 53 59 60 61 73 74
42 50 59 61 78 79
42 50 53 59 61
42 48 59 61 78 79
42 48 59 60 61 78 79
42 48 53 59 61
42 48 53 59 60 61
40 41 59 61 77 78 79
40 41 59 61 75 78 79
40 41 59 61 75 76 78 79
40 41 59 61 73 74 78 79
40 41 59 60 61 75 78 79
40 41 59 60 61 73 74 78 79
40 41 53 59 61 77
40 41 53 59 61 75
40 41 53 59 61 75 76
40 41 53 59 61 73 74
40 41 53 59 60 61 75
40 41 53 59 60 61 73 74
40 41 50 59 61 78 79
40 41 50 53 59 61
40 41 48 59 61 78 79
40 41 48 59 60 61 78 79
40 41 48 53 59 61
40 41 48 53 59 60 61
34 42 59 61 75 78 79
34 42 59 61 73 74 78 79
34 42 53 59 61 75
34 42 53 59 61 73 74
34 42 48 59 61 78 79
34 42 48 53 59 61
34 40 41 59 61 75 78 79
34 40 41 59 61 73 74 78 79
34 40 41 53 59 61 75
34 40 41 53 59 61 73 74
34 40 41 48 59 61 78 79
34 40 41 48 53 59 61
15 59 61 77 78 79
15 59 61 75 78 79
15 59 61 75 76 78 79
15 59 61 73 74 78 79
15 59 60 61 75 78 79
15 59 60 61 73 74 78 79
15 53 59 61 77
15 53 59 61 75
15 53 59 61 75 76
15 53 59 61 73 74
15 53 59 60 61 75
15 53 59 60 61 73 74
15 50 59 61 78 79
15 50 53 59 61
15 48 59 61 78 79
15 48 59 60 61 78 79
15 48 53 59 61
15 48 53 59 60 61
15 34 59 61 75 78 79
15 34 59 61 73 74 78 79
15 34 53 59 61 75
15 34 53 59 61 73 74
15 34 48 59 61 78 79
15 34 48 53 59 61
42 57 59 61 63 73
42 57 59 61 63 71 72
42 57 59 61 62 73
42 57 59 61 62 71 72
42 46 57 59 61 63
42 46 57 59 61 62
40 41 57 59 61 63 73
40 41 57 59 61 63 71 72
40 41 57 59 61 62 73
40 41 57 59 61 62 71 72
40 41 46 57 59 61 63
40 41 46 57 59 61 62
36 42 57 59 61 73
36 42 57 59 61 71 72
36 42 46 57 59 61
36 40 41 57 59 61 73
36 40 41 57 59 61 71 72
36 40 41 46 57 59 61
15 57 59 61 63 73
15 57 59 61 63 71 72
15 57 59 61 62 73
15 57 59 61 62 71 72
15 46 57 59 61 63
15 46 57 59 61 62
15 36 57 59 61 73
15 36 57 59 61 71 72
15 36 46 57 59 61
57 59 61 63 73
57 59 61 63 73 75
57 59 61 63 73 74
57 59 61 63 71 72
57 59 61 63 71 72 75
57 59 61 63 71 72 73 74
57 59 61 62 73 75
57 59 61 62 73 74
57 59 61 62 71 72 75
57 59 61 62 71 72 73 74
48 57 59 61 73
48 57 59 61 71 72
48 57 59 61 63 73
48 57 59 61 63 71 72
48 57 59 61 62 73
48 57 59 61 62 71 72
48 57 59 60 61 73
48 57 59 60 61 71 72
46 57 59 61 63
46 57 59 61 63 75
46 57 59 61 63 73 74
46 57 59 61 62 75
46 57 59 61 62 73 74
46 48 57 59 61
46 48 57 59 61 63
46 48 57 59 61 62
46 48 57 59 60 61
46 47 57 59 61
46 47 57 59 61 73
46 47 57 59 61 71 72
46 47 57 59 60 61
46 47 57 59 60 61 73
46 47 57 59 60 61 71 72
36 57 59 61 73
36 57 59 61 73 75
36 57 59 61 73 74
36 57 59 61 71 72
36 57 59 61 71 72 75
36 57 59 61 71 72 73 74
36 48 57 59 61 73
36 48 57 59 61 71 72
36 46 57 59 61
36 46 57 59 61 75
36 46 57 59 61 73 74
36 46 48 57 59 61
34 48 57 59 61 73
34 48 57 59 61 71 72
34 46 48 57 59 61
34 46 47 57 59 61
34 46 47 57 59 61 73
34 46 47 57 59 61 71 72
21 57 59 61 73
21 57 59 61 71 72
21 57 59 60 61 73
21 57 59 60 61 71 72
21 46 57 59 61
21 46 57 59 60 61
21 34 57 59 61 73
21 34 57 59 61 71 72
21 34 46 57 59 61
59 75
59 73 74
48 59 75
48 59 73 74
46 47 59 75
46 47 59 73 74
46 47 48 59
21 59 75
21 59 73 74
21 48 59
44 59 73 77
44 59 73 75 76
44 59 71 72 77
44 59 71 72 75 76
44 50 59 73
44 50 59 71 72
44 46 59 77
44 46 59 75 76
44 46 50 59
42 43 59 73 77
42 43 59 73 75 76
42 43 59 71 72 77
42 43 59 71 72 75 76
42 43 50 59 73
42 43 50 59 71 72
42 43 46 59 77
42 43 46 59 75 76
42 43 46 50 59
17 59 73 77
17 59 73 75 76
17 59 71 72 77
17 59 71 72 75 76
17 50 59 73
17 50 59 71 72
17 46 59 77
17 46 59 75 76
17 46 50 59
34 69
34 67 68
34 42
42 57 59 60 61 73
42 57 59 60 61 71 72
42 57 58 59 61 73
42 57 58 59 61 71 72
42 46 57 59 60 61
42 46 57 58 59 61
40 41 57 59 60 61 73
40 41 57 59 60 61 71 72
40 41 57 58 59 61 73
40 41 57 58 59 61 71 72
40 41 46 57 59 60 61
40 41 46 57 58 59 61
33 42 57 59 61 73
33 42 57 59 61 71 72
33 42 46 57 59 61
33 40 41 57 59 61 73
33 40 41 57 59 61 71 72
33 40 41 46 57 59 61
15 57 59 60 61 73
15 57 59 60 61 71 72
15 57 58 59 61 73
15 57 58 59 61 71 72
15 46 57 59 60 61
15 46 57 58 59 61
15 33 57 59 61 73
15 33 57 59 61 71 72
15 33 46 57 59 61
