78 79
69
69 73
69 71 72
68 78 79
68 71
68 69 73
68 69 71 72
68 69 70
67
67 68
66
65 78 79
65 66
64 65
63 78 79
61
61 78 79
61 69 73
61 69 71 72
61 68
61 68 69
61 67
61 67 68
61 67 68 73
61 67 68 71 72
61 65 66
61 62 78 79
59
59 68
55 68
55 68 69
55 67 68
54
54 78 79
53
53 68
53 65
53 63
53 61
53 61 62
53 54
52 53
52 53 78 79
51 69
51 67 68
49 50 69
49 50 67 68
46 69
46 68 69
46 61 69
46 61 67 68
45
44 68
42
42 73
42 71 72
42 68 73
42 68 71 72
42 61 73
42 61 71 72
42 61 68
42 55 68
42 51
42 49 50
42 46
42 46 68
42 46 61
40
40 61
39
38
38 69
38 69 78 79
38 67 68
38 67 68 78 79
38 53 69
38 53 67 68
38 42
38 42 78 79
38 42 53
36 78 79
36 69
36 69 78 79
36 69 73
36 69 71 72
36 68 78 79
36 68 69 78 79
36 67 68
36 67 68 73
36 67 68 71 72
36 61 69 73
36 61 69 71 72
36 61 67
36 61 67 68 73
36 61 67 68 71 72
36 61 65 66
36 53
36 53 69
36 53 68
36 53 68 69
36 46 69
36 46 67 68
36 46 61 69
36 46 61 67 68
36 42
36 42 78 79
36 42 73
36 42 71 72
36 42 68 78 79
36 42 61 73
36 42 61 71 72
36 42 53
36 42 53 68
36 42 46
36 42 46 61
36 40 61
34
34 69
34 68
34 68 78 79
34 68 69
34 61
34 61 68 78 79
34 61 63
34 61 62
34 54 61
34 53 68
34 53 61 68
34 52 53 61
34 42
34 42 68
27 78 79
27 53
27 34 61
25 78 79
25 53
24 69
24 67 68
24 42
22 67
22 65 66
22 61 69
22 61 67 68
22 59 69
22 59 67 68
22 42 61
22 42 59
22 40
22 36 69
22 36 67 68
22 36 42
20
20 69
20 69 78 79
20 68
20 68 69
20 67
20 67 68 78 79
20 65 66
20 61
20 61 69
20 61 67 68
20 59 69
20 59 68
20 59 67 68
20 55 59 69
20 55 59 67 68
20 53 69
20 53 67 68
20 42
20 42 78 79
20 42 68
20 42 61
20 42 59
20 42 55 59
20 42 53
20 40
20 36
20 36 69
20 36 69 78 79
20 36 67 68
20 36 67 68 78 79
20 36 61 69
20 36 61 67 68
20 36 59 69
20 36 59 67 68
20 36 55 59 69
20 36 55 59 67 68
20 36 53 69
20 36 53 67 68
20 36 42
20 36 42 78 79
20 36 42 61
20 36 42 59
20 36 42 55 59
20 36 42 53
20 34
20 34 69
20 34 67 68
20 34 42
9
1 78 79
1 69
1 68 69
1 67 78 79
1 65 78 79
1 65 66 78 79
1 61
1 53
1 53 67
1 53 65
1 53 65 66
1 42
1 42 68
1 40 78 79
1 40 53
1 36 69 78 79
1 36 67 68 78 79
1 36 59 78 79
1 36 59 67 78 79
1 36 59 65 66 78 79
1 36 53 69
1 36 53 67 68
1 36 53 59
1 36 53 59 67
1 36 53 59 65 66
1 36 42 78 79
1 36 42 53
1 36 40 59 78 79
1 36 40 53 59
1 34 78 79
1 34 67 78 79
1 34 65 66 78 79
1 34 53
1 34 53 67
1 34 53 65 66
1 34 40 78 79
1 34 40 53
1 20 69
1 20 67 68
1 20 42

