77 78 79
71
71 78 79
70
69 79
69 78 79
69 77 78
69 73 78 79
69 71 72 78 79
69 70 78 79
68
68 78 79
68 73
68 71
68 71 72
68 69
68 69 79
68 69 77 78
68 69 73
68 69 73 78 79
68 69 71
68 69 71 73
68 69 71 72 78 79
68 69 70 73
68 69 70 71 72
67
67 78 79
67 68
67 68 78 79
67 68 71 73
67 68 71 72
67 68 70
67 68 69
67 68 69 70 73
67 68 69 70 71 72
65 68 69
65 67 68
65 66 78 79
65 66 68 73
65 66 68 71
65 66 68 71 72
65 66 68 69 70
64 65
63 68 69
63 67
63 67 68
63 65 66
63 64 69
63 64 67 68
61
61 78 79
61 69
61 69 78 79
61 69 73
61 69 71
61 69 71 72
61 69 70
61 68 73
61 68 71 72
61 68 69
61 67
61 67 68 78 79
61 67 68 73
61 67 68 71
61 67 68 71 72
61 67 68 69 70
61 65 66
61 63 69
61 63 67 68
61 62 68 69
61 62 67 68
59 78 79
59 73 78
59 73 76 77
59 71 72 78
59 71 72 76 77
59 61 69 78 79
59 61 67 68 78 79
59 60 73 78
59 60 73 76 77
59 60 71 72 78
59 60 71 72 76 77
59 60 61 73 78
59 60 61 73 76 77
59 60 61 71 72 78
59 60 61 71 72 76 77
58 59 73 78
58 59 73 76 77
58 59 71 72 78
58 59 71 72 76 77
58 59 61 73 78
58 59 61 73 76 77
58 59 61 71 72 78
58 59 61 71 72 76 77
57
57 73 78
57 73 76 77
57 71 72 78
57 71 72 76 77
57 61 73 78 79
57 61 71 72 78 79
57 61 65 73 75 78
57 61 65 73 75 76 77
57 61 65 73 74 78
57 61 65 73 74 76 77
57 61 65 71 72 75 78
57 61 65 71 72 75 76 77
57 61 65 71 72 73 74 78
57 61 65 71 72 73 74 76 77
57 61 63 64 73 75 78
57 61 63 64 73 75 76 77
57 61 63 64 73 74 78
57 61 63 64 73 74 76 77
57 61 63 64 71 72 75 78
57 61 63 64 71 72 75 76 77
57 61 63 64 71 72 73 74 78
57 61 63 64 71 72 73 74 76 77
57 59 73 78 79
57 59 71 72 78 79
57 59 65 73 75 78
57 59 65 73 75 76 77
57 59 65 73 74 78
57 59 65 73 74 76 77
57 59 65 71 72 75 78
57 59 65 71 72 75 76 77
57 59 65 71 72 73 74 78
57 59 65 71 72 73 74 76 77
57 59 63 64 73 75 78
57 59 63 64 73 75 76 77
57 59 63 64 73 74 78
57 59 63 64 73 74 76 77
57 59 63 64 71 72 75 78
57 59 63 64 71 72 75 76 77
57 59 63 64 71 72 73 74 78
57 59 63 64 71 72 73 74 76 77
55 71
55 69 73
55 69 71
55 69 71 72
55 68
55 68 69
55 67
55 67 77 78 79
55 67 68
55 67 68 73
55 67 68 71
55 67 68 71 72
55 67 68 69 70
55 66 67
55 65 66 77 78 79
55 64 65 67
55 64 65 66
55 63
55 63 67
55 63 65 66
55 61
55 61 70
55 61 69
55 61 69 78 79
55 61 68
55 61 68 69
55 61 67 68
55 61 67 68 78 79
55 61 66 67 69
55 61 66 67 68
55 61 65 66 68
55 59 69
55 59 67 68
55 57
55 56
54
54 69
54 68 69
54 67
54 67 69
54 67 68
54 65 66
54 61 69
54 61 67 68
54 55 69
54 55 67
54 55 67 68
54 55 65 66
54 55 61 68 69
54 55 61 67 68
53
53 79
53 77 78
53 71
53 69 73
53 69 71 72
53 69 70
53 68
53 68 69 73
53 68 69 71 72
53 67
53 65 66
53 61
53 61 69
53 61 67 68
53 59
53 59 61 69
53 59 61 67 68
53 57 61 73
53 57 61 71 72
53 57 59 73
53 57 59 71 72
53 55 67
53 55 67 79
53 55 67 77 78
53 55 65 66
53 55 65 66 79
53 55 65 66 77 78
53 55 61 69
53 55 61 67 68
53 54
53 54 68 69
53 54 67
53 54 67 68
53 54 65 66
53 54 55 61
52 78 79
52 68 69
52 67 68
52 55 67 78 79
52 55 65 66 78 79
52 55 61 69
52 55 61 67 68
52 53 68 69
52 53 67 68
52 53 61 69
52 53 61 67 68
52 53 55 67
52 53 55 65 66
51 59 73
51 59 71 72
51 59 60 73
51 59 60 71 72
51 59 60 61 73
51 59 60 61 71 72
51 58 59 73
51 58 59 71 72
51 58 59 61 73
51 58 59 61 71 72
51 57 73
51 57 71 72
51 57 61 65 73 75
51 57 61 65 73 74
51 57 61 65 71 72 75
51 57 61 65 71 72 73 74
51 57 61 63 64 73 75
51 57 61 63 64 73 74
51 57 61 63 64 71 72 75
51 57 61 63 64 71 72 73 74
51 57 59 65 73 75
51 57 59 65 73 74
51 57 59 65 71 72 75
51 57 59 65 71 72 73 74
51 57 59 63 64 73 75
51 57 59 63 64 73 74
51 57 59 63 64 71 72 75
51 57 59 63 64 71 72 73 74
50 68 69
50 67 68
48
48 57 61 65 73 78
48 57 61 65 73 76 77
48 57 61 65 71 72 78
48 57 61 65 71 72 76 77
48 57 61 63 64 73 78
48 57 61 63 64 73 76 77
48 57 61 63 64 71 72 78
48 57 61 63 64 71 72 76 77
48 57 59 65 73 78
48 57 59 65 73 76 77
48 57 59 65 71 72 78
48 57 59 65 71 72 76 77
48 57 59 63 64 73 78
48 57 59 63 64 73 76 77
48 57 59 63 64 71 72 78
48 57 59 63 64 71 72 76 77
48 51 57 61 65 73
48 51 57 61 65 71 72
48 51 57 61 63 64 73
48 51 57 61 63 64 71 72
48 51 57 59 65 73
48 51 57 59 65 71 72
48 51 57 59 63 64 73
48 51 57 59 63 64 71 72
48 49 68 69
48 49 67 68
47 69
47 67 68
46 69 78 79
46 68
46 68 69 78 79
46 68 69 71
46 68 69 70
46 67
46 67 68
46 67 68 71
46 67 68 69 70
46 65 66
46 65 66 68
46 61 69
46 61 68
46 61 67 68
46 59 78
46 59 76 77
46 59 60 78
46 59 60 76 77
46 59 60 61 78
46 59 60 61 76 77
46 58 59 78
46 58 59 76 77
46 58 59 61 78
46 58 59 61 76 77
46 57 78
46 57 76 77
46 57 61 78 79
46 57 61 65 75 78
46 57 61 65 75 76 77
46 57 61 65 73 74 78
46 57 61 65 73 74 76 77
46 57 61 63 64 75 78
46 57 61 63 64 75 76 77
46 57 61 63 64 73 74 78
46 57 61 63 64 73 74 76 77
46 57 59 78 79
46 57 59 65 75 78
46 57 59 65 75 76 77
46 57 59 65 73 74 78
46 57 59 65 73 74 76 77
46 57 59 63 64 75 78
46 57 59 63 64 75 76 77
46 57 59 63 64 73 74 78
46 57 59 63 64 73 74 76 77
46 55 69
46 55 67 68
46 53 69
46 53 68 69
46 53 57 61
46 53 57 59
46 51 59
46 51 59 60
46 51 59 60 61
46 51 58 59
46 51 58 59 61
46 51 57
46 51 57 61 65 75
46 51 57 61 65 73 74
46 51 57 61 63 64 75
46 51 57 61 63 64 73 74
46 51 57 59 65 75
46 51 57 59 65 73 74
46 51 57 59 63 64 75
46 51 57 59 63 64 73 74
46 48 57 61 65 78
46 48 57 61 65 76 77
46 48 57 61 63 64 78
46 48 57 61 63 64 76 77
46 48 57 59 65 78
46 48 57 59 65 76 77
46 48 57 59 63 64 78
46 48 57 59 63 64 76 77
46 48 51 57 61 65
46 48 51 57 61 63 64
46 48 51 57 59 65
46 48 51 57 59 63 64
45 67
45 65 66
45 55
44
44 78 79
44 69
44 68
44 68 69
44 68 69 73
44 68 69 71 72
44 67 68
44 67 68 73
44 67 68 71 72
44 65 66 68
44 61 69
44 61 67 68
44 59 61 73 77 78
44 59 61 73 76 77
44 59 61 73 75 78
44 59 61 73 75 76 77
44 59 61 73 74 78
44 59 61 73 74 76 78
44 59 61 71 72 77 78
44 59 61 71 72 76 77
44 59 61 71 72 75 78
44 59 61 71 72 75 76 77
44 59 61 71 72 74 75 78
44 59 61 71 72 74 75 76 77
44 59 61 71 72 73 74 78
44 59 61 71 72 73 74 76 78
44 59 61 71 72 73 74 75 78
44 59 61 71 72 73 74 75 76 77
44 59 61 65 73 78
44 59 61 65 73 76 77
44 59 61 65 71 72 78
44 59 61 65 71 72 76 77
44 59 61 62 73 78
44 59 61 62 73 76 77
44 59 61 62 71 72 78
44 59 61 62 71 72 76 77
44 59 60 61 73 78
44 59 60 61 73 76 77
44 59 60 61 73 75 78
44 59 60 61 73 75 76 77
44 59 60 61 73 74 78
44 59 60 61 73 74 76 77
44 59 60 61 71 72 78
44 59 60 61 71 72 76 77
44 59 60 61 71 72 75 78
44 59 60 61 71 72 75 76 77
44 59 60 61 71 72 73 74 78
44 59 60 61 71 72 73 74 76 77
44 57 73
44 57 71 72
44 57 60 73
44 57 60 71 72
44 57 59 73
44 57 59 71 72
44 57 59 63 73
44 57 59 63 71 72
44 57 59 61 62 73
44 57 59 61 62 71 72
44 57 59 60 73
44 57 59 60 71 72
44 55
44 55 69
44 55 67 68
44 53
44 51 59 61 73 77
44 51 59 61 73 75
44 51 59 61 73 74
44 51 59 61 73 74 76
44 51 59 61 71 72 77
44 51 59 61 71 72 75
44 51 59 61 71 72 74 75
44 51 59 61 71 72 73 74
44 51 59 61 71 72 73 74 76
44 51 59 61 71 72 73 74 75
44 51 59 61 65 73
44 51 59 61 65 71 72
44 51 59 61 62 73
44 51 59 61 62 71 72
44 51 59 60 61 73
44 51 59 60 61 73 75
44 51 59 60 61 73 74
44 51 59 60 61 71 72
44 51 59 60 61 71 72 75
44 51 59 60 61 71 72 73 74
44 50 59 61 73 78
44 50 59 61 73 76 77
44 50 59 61 71 72 78
44 50 59 61 71 72 76 77
44 50 51 59 61 73
44 50 51 59 61 71 72
44 49 59 61 73 75 78
44 49 59 61 73 75 76 77
44 49 59 61 73 74 78
44 49 59 61 73 74 76 77
44 49 59 61 71 72 75 78
44 49 59 61 71 72 75 76 77
44 49 59 61 71 72 73 74 78
44 49 59 61 71 72 73 74 76 77
44 49 51 59 61 73 75
44 49 51 59 61 73 74
44 49 51 59 61 71 72 75
44 49 51 59 61 71 72 73 74
44 48 59 61 73 78
44 48 59 61 73 76 78
44 48 59 61 73 74 75 78
44 48 59 61 73 74 75 76 77
44 48 59 61 71 72 78
44 48 59 61 71 72 76 78
44 48 59 61 71 72 74 75 78
44 48 59 61 71 72 74 75 76 77
44 48 59 60 61 73 78
44 48 59 60 61 73 76 77
44 48 59 60 61 71 72 78
44 48 59 60 61 71 72 76 77
44 48 51 59 61 73
44 48 51 59 61 73 76
44 48 51 59 61 73 74 75
44 48 51 59 61 71 72
44 48 51 59 61 71 72 76
44 48 51 59 61 71 72 74 75
44 48 51 59 60 61 73
44 48 51 59 60 61 71 72
44 48 49 59 61 73 78
44 48 49 59 61 73 76 77
44 48 49 59 61 71 72 78
44 48 49 59 61 71 72 76 77
44 48 49 51 59 61 73
44 48 49 51 59 61 71 72
44 46 68 69
44 46 67 68
44 46 59 61 77 78
44 46 59 61 76 77
44 46 59 61 75 78
44 46 59 61 75 76 77
44 46 59 61 74 75 78
44 46 59 61 74 75 76 77
44 46 59 61 73 74 78
44 46 59 61 73 74 76 78
44 46 59 61 73 74 75 78
44 46 59 61 73 74 75 76 77
44 46 59 61 65 78
44 46 59 61 65 76 77
44 46 59 61 62 78
44 46 59 61 62 76 77
44 46 59 60 61 78
44 46 59 60 61 76 77
44 46 59 60 61 75 78
44 46 59 60 61 75 76 77
44 46 59 60 61 73 74 78
44 46 59 60 61 73 74 76 77
44 46 57
44 46 57 60
44 46 57 59
44 46 57 59 63
44 46 57 59 61 62
44 46 57 59 60
44 46 51 59 61 77
44 46 51 59 61 75
44 46 51 59 61 74 75
44 46 51 59 61 73 74
44 46 51 59 61 73 74 76
44 46 51 59 61 73 74 75
44 46 51 59 61 65
44 46 51 59 61 62
44 46 51 59 60 61
44 46 51 59 60 61 75
44 46 51 59 60 61 73 74
44 46 50 59 61 78
44 46 50 59 61 76 77
44 46 50 51 59 61
44 46 49 59 61 75 78
44 46 49 59 61 75 76 77
44 46 49 59 61 73 74 78
44 46 49 59 61 73 74 76 77
44 46 49 51 59 61 75
44 46 49 51 59 61 73 74
44 46 48 59 61 78
44 46 48 59 61 76 78
44 46 48 59 61 74 75 78
44 46 48 59 61 74 75 76 77
44 46 48 59 60 61 78
44 46 48 59 60 61 76 77
44 46 48 51 59 61
44 46 48 51 59 61 76
44 46 48 51 59 61 74 75
44 46 48 51 59 60 61
44 46 48 49 59 61 78
44 46 48 49 59 61 76 77
44 46 48 49 51 59 61
44 45 68 69
44 45 67
44 45 67 68
44 45 65 66
43
43 55 61
43 55 61 69
43 55 61 67 68
43 44
43 44 69
43 44 67 68
42 79
42 78 79
42 77 78
42 73 78 79
42 71 72 78 79
42 70
42 68
42 68 79
42 68 77 78
42 68 73
42 68 73 78 79
42 68 71
42 68 71 73
42 68 71 72 78 79
42 68 69
42 68 69 70
42 68 69 70 73
42 68 69 70 71 72
42 65 68
42 63 68
42 63 64
42 61
42 61 78 79
42 61 73
42 61 71
42 61 71 72
42 61 69 70
42 61 68
42 61 63
42 61 62 68
42 59 73 78
42 59 73 76 77
42 59 71 73
42 59 71 73 77
42 59 71 73 75 76
42 59 71 72
42 59 71 72 78
42 59 71 72 77
42 59 71 72 76 77
42 59 71 72 75 76
42 59 69 70 73
42 59 69 70 73 77
42 59 69 70 73 75 76
42 59 69 70 71 72
42 59 69 70 71 72 77
42 59 69 70 71 72 75 76
42 59 61 78 79
42 59 61 75
42 59 61 73
42 59 61 73 78
42 59 61 73 76 77
42 59 61 73 74
42 59 61 71 72
42 59 61 71 72 78
42 59 61 71 72 76 77
42 59 60 61 73
42 59 60 61 71 72
42 57 61 73
42 57 61 71 72
42 57 59 73
42 57 59 71 72
42 57 59 61 73
42 57 59 61 71 72
42 57 59 60 63 73
42 57 59 60 63 71 72
42 57 59 60 61 73
42 57 59 60 61 71 72
42 57 58 59 73
42 57 58 59 71 72
42 57 58 59 63 73
42 57 58 59 63 71 72
42 57 58 59 61 73
42 57 58 59 61 71 72
42 57 58 59 60 73
42 57 58 59 60 71 72
42 55 73
42 55 71
42 55 71 72
42 55 69 70
42 55 68
42 55 61
42 55 61 78 79
42 55 61 66 67
42 55 59
42 54
42 54 68
42 54 67
42 54 61
42 54 55
42 54 55 61 68
42 53 73
42 53 71 72
42 53 68 73
42 53 68 71 72
42 53 61
42 53 59 61
42 53 55 61
42 53 54 68
42 52 68
42 52 55 61
42 52 53 68
42 52 53 61
42 51 59 73
42 51 59 71 72
42 51 59 61 73
42 51 59 61 71 72
42 50 68
42 50 59 71 73
42 50 59 71 72
42 50 59 69 70 73
42 50 59 69 70 71 72
42 50 57 59 73
42 50 57 59 71 72
42 48 59 61
42 48 49 68
42 48 49 57 59 73
42 48 49 57 59 71 72
42 47
42 46 78 79
42 46 68 78 79
42 46 68 71
42 46 68 69 70
42 46 61
42 46 59 78
42 46 59 76 77
42 46 59 71
42 46 59 71 77
42 46 59 71 75 76
42 46 59 69 70
42 46 59 69 70 77
42 46 59 69 70 75 76
42 46 59 61
42 46 59 61 78
42 46 59 61 76 77
42 46 59 60 61
42 46 57 61
42 46 57 59
42 46 57 59 61
42 46 57 59 60 63
42 46 57 59 60 61
42 46 57 58 59
42 46 57 58 59 63
42 46 57 58 59 61
42 46 57 58 59 60
42 46 55
42 46 53
42 46 53 68
42 46 51 59
42 46 51 59 61
42 46 50 59 71
42 46 50 59 69 70
42 46 50 57 59
42 46 48 49 57 59
42 45 57 59 60 73
42 45 57 59 60 71 72
42 45 57 58 59 73
42 45 57 58 59 71 72
42 45 46 57 59 60
42 45 46 57 58 59
42 44
42 44 68
42 44 68 73
42 44 68 71 72
42 44 61
42 44 59 73
42 44 59 73 77
42 44 59 73 75 76
42 44 59 71 72
42 44 59 71 72 77
42 44 59 71 72 75 76
42 44 57 59 60 73
42 44 57 59 60 71 72
42 44 57 58 59 73
42 44 57 58 59 71 72
42 44 55
42 44 50 59 73
42 44 50 59 71 72
42 44 46 68
42 44 46 59
42 44 46 59 77
42 44 46 59 75 76
42 44 46 57 59 60
42 44 46 57 58 59
42 44 46 50 59
42 44 45 68
42 43 59 61 73 77 78
42 43 59 61 73 76 77
42 43 59 61 73 75 78
42 43 59 61 73 75 76 77
42 43 59 61 73 74 78
42 43 59 61 73 74 76 78
42 43 59 61 71 72 77 78
42 43 59 61 71 72 76 77
42 43 59 61 71 72 75 78
42 43 59 61 71 72 75 76 77
42 43 59 61 71 72 74 75 78
42 43 59 61 71 72 74 75 76 77
42 43 59 61 71 72 73 74 78
42 43 59 61 71 72 73 74 76 78
42 43 59 61 71 72 73 74 75 78
42 43 59 61 71 72 73 74 75 76 77
42 43 59 61 65 73 78
42 43 59 61 65 73 76 77
42 43 59 61 65 71 72 78
42 43 59 61 65 71 72 76 77
42 43 59 61 62 73 78
42 43 59 61 62 73 76 77
42 43 59 61 62 71 72 78
42 43 59 61 62 71 72 76 77
42 43 59 60 61 73 78
42 43 59 60 61 73 76 77
42 43 59 60 61 73 75 78
42 43 59 60 61 73 75 76 77
42 43 59 60 61 73 74 78
42 43 59 60 61 73 74 76 77
42 43 59 60 61 71 72 78
42 43 59 60 61 71 72 76 77
42 43 59 60 61 71 72 75 78
42 43 59 60 61 71 72 75 76 77
42 43 59 60 61 71 72 73 74 78
42 43 59 60 61 71 72 73 74 76 77
42 43 57 73
42 43 57 71 72
42 43 57 60 73
42 43 57 60 71 72
42 43 57 59 73
42 43 57 59 71 72
42 43 57 59 63 73
42 43 57 59 63 71 72
42 43 57 59 61 62 73
42 43 57 59 61 62 71 72
42 43 57 58 59 73
42 43 57 58 59 71 72
42 43 55 61
42 43 51 59 61 73 77
42 43 51 59 61 73 75
42 43 51 59 61 73 74
42 43 51 59 61 73 74 76
42 43 51 59 61 71 72 77
42 43 51 59 61 71 72 75
42 43 51 59 61 71 72 74 75
42 43 51 59 61 71 72 73 74
42 43 51 59 61 71 72 73 74 76
42 43 51 59 61 71 72 73 74 75
42 43 51 59 61 65 73
42 43 51 59 61 65 71 72
42 43 51 59 61 62 73
42 43 51 59 61 62 71 72
42 43 51 59 60 61 73
42 43 51 59 60 61 73 75
42 43 51 59 60 61 73 74
42 43 51 59 60 61 71 72
42 43 51 59 60 61 71 72 75
42 43 51 59 60 61 71 72 73 74
42 43 50 59 61 73 78
42 43 50 59 61 73 76 77
42 43 50 59 61 71 72 78
42 43 50 59 61 71 72 76 77
42 43 50 51 59 61 73
42 43 50 51 59 61 71 72
42 43 49 59 61 73 75 78
42 43 49 59 61 73 75 76 77
42 43 49 59 61 73 74 78
42 43 49 59 61 73 74 76 77
42 43 49 59 61 71 72 75 78
42 43 49 59 61 71 72 75 76 77
42 43 49 59 61 71 72 73 74 78
42 43 49 59 61 71 72 73 74 76 77
42 43 49 51 59 61 73 75
42 43 49 51 59 61 73 74
42 43 49 51 59 61 71 72 75
42 43 49 51 59 61 71 72 73 74
42 43 48 59 61 73 78
42 43 48 59 61 73 76 78
42 43 48 59 61 73 74 75 78
42 43 48 59 61 73 74 75 76 77
42 43 48 59 61 71 72 78
42 43 48 59 61 71 72 76 78
42 43 48 59 61 71 72 74 75 78
42 43 48 59 61 71 72 74 75 76 77
42 43 48 59 60 61 73 78
42 43 48 59 60 61 73 76 77
42 43 48 59 60 61 71 72 78
42 43 48 59 60 61 71 72 76 77
42 43 48 51 59 61 73
42 43 48 51 59 61 73 76
42 43 48 51 59 61 73 74 75
42 43 48 51 59 61 71 72
42 43 48 51 59 61 71 72 76
42 43 48 51 59 61 71 72 74 75
42 43 48 51 59 60 61 73
42 43 48 51 59 60 61 71 72
42 43 48 49 59 61 73 78
42 43 48 49 59 61 73 76 77
42 43 48 49 59 61 71 72 78
42 43 48 49 59 61 71 72 76 77
42 43 48 49 51 59 61 73
42 43 48 49 51 59 61 71 72
42 43 46 59 61 77 78
42 43 46 59 61 76 77
42 43 46 59 61 75 78
42 43 46 59 61 75 76 77
42 43 46 59 61 74 75 78
42 43 46 59 61 74 75 76 77
42 43 46 59 61 73 74 78
42 43 46 59 61 73 74 76 78
42 43 46 59 61 73 74 75 78
42 43 46 59 61 73 74 75 76 77
42 43 46 59 61 65 78
42 43 46 59 61 65 76 77
42 43 46 59 61 62 78
42 43 46 59 61 62 76 77
42 43 46 59 60 61 78
42 43 46 59 60 61 76 77
42 43 46 59 60 61 75 78
42 43 46 59 60 61 75 76 77
42 43 46 59 60 61 73 74 78
42 43 46 59 60 61 73 74 76 77
42 43 46 57
42 43 46 57 60
42 43 46 57 59
42 43 46 57 59 63
42 43 46 57 59 61 62
42 43 46 57 58 59
42 43 46 51 59 61 77
42 43 46 51 59 61 75
42 43 46 51 59 61 74 75
42 43 46 51 59 61 73 74
42 43 46 51 59 61 73 74 76
42 43 46 51 59 61 73 74 75
42 43 46 51 59 61 65
42 43 46 51 59 61 62
42 43 46 51 59 60 61
42 43 46 51 59 60 61 75
42 43 46 51 59 60 61 73 74
42 43 46 50 59 61 78
42 43 46 50 59 61 76 77
42 43 46 50 51 59 61
42 43 46 49 59 61 75 78
42 43 46 49 59 61 75 76 77
42 43 46 49 59 61 73 74 78
42 43 46 49 59 61 73 74 76 77
42 43 46 49 51 59 61 75
42 43 46 49 51 59 61 73 74
42 43 46 48 59 61 78
42 43 46 48 59 61 76 78
42 43 46 48 59 61 74 75 78
42 43 46 48 59 61 74 75 76 77
42 43 46 48 59 60 61 78
42 43 46 48 59 60 61 76 77
42 43 46 48 51 59 61
42 43 46 48 51 59 61 76
42 43 46 48 51 59 61 74 75
42 43 46 48 51 59 60 61
42 43 46 48 49 59 61 78
42 43 46 48 49 59 61 76 77
42 43 46 48 49 51 59 61
42 43 44
42 43 44 57 59 60 73
42 43 44 57 59 60 71 72
42 43 44 57 58 59 73
42 43 44 57 58 59 71 72
42 43 44 46 57 59 60
42 43 44 46 57 58 59
41
41 55 61 69
41 55 61 67 68
41 42 55 61
40 78 79
40 68 73
40 68 71
40 68 71 72
40 68 69 70
40 63
40 61
40 55
40 55 77 78 79
40 55 66
40 55 64 65
40 55 63
40 55 61 68
40 54
40 54 55
40 53
40 53 55
40 53 55 79
40 53 55 77 78
40 53 54
40 52 55 78 79
40 52 53 55
40 46
40 46 68
40 45
40 44 68
40 44 45
40 41 59 73 78
40 41 59 73 76 77
40 41 59 71 73
40 41 59 71 73 77
40 41 59 71 73 75 76
40 41 59 71 72
40 41 59 71 72 78
40 41 59 71 72 77
40 41 59 71 72 76 77
40 41 59 71 72 75 76
40 41 59 69 70 73
40 41 59 69 70 73 77
40 41 59 69 70 73 75 76
40 41 59 69 70 71 72
40 41 59 69 70 71 72 77
40 41 59 69 70 71 72 75 76
40 41 59 61 75
40 41 59 61 73
40 41 59 61 73 78
40 41 59 61 73 76 77
40 41 59 61 73 74
40 41 59 61 71 72
40 41 59 61 71 72 78
40 41 59 61 71 72 76 77
40 41 59 60 61 73
40 41 59 60 61 71 72
40 41 57 61 73
40 41 57 61 71 72
40 41 57 59 73
40 41 57 59 71 72
40 41 57 59 61 73
40 41 57 59 61 71 72
40 41 57 59 60 63 73
40 41 57 59 60 63 71 72
40 41 57 59 60 61 73
40 41 57 59 60 61 71 72
40 41 57 58 59 73
40 41 57 58 59 71 72
40 41 57 58 59 63 73
40 41 57 58 59 63 71 72
40 41 57 58 59 61 73
40 41 57 58 59 61 71 72
40 41 57 58 59 60 73
40 41 57 58 59 60 71 72
40 41 51 59 73
40 41 51 59 71 72
40 41 51 59 61 73
40 41 51 59 61 71 72
40 41 50 59 71 73
40 41 50 59 71 72
40 41 50 59 69 70 73
40 41 50 59 69 70 71 72
40 41 50 57 59 73
40 41 50 57 59 71 72
40 41 48 59 61
40 41 48 49 57 59 73
40 41 48 49 57 59 71 72
40 41 46 59 78
40 41 46 59 76 77
40 41 46 59 71
40 41 46 59 71 77
40 41 46 59 71 75 76
40 41 46 59 69 70
40 41 46 59 69 70 77
40 41 46 59 69 70 75 76
40 41 46 59 61
40 41 46 59 61 78
40 41 46 59 61 76 77
40 41 46 59 60 61
40 41 46 57 61
40 41 46 57 59
40 41 46 57 59 61
40 41 46 57 59 60 63
40 41 46 57 59 60 61
40 41 46 57 58 59
40 41 46 57 58 59 63
40 41 46 57 58 59 61
40 41 46 57 58 59 60
40 41 46 51 59
40 41 46 51 59 61
40 41 46 50 59 71
40 41 46 50 59 69 70
40 41 46 50 57 59
40 41 46 48 49 57 59
40 41 45 57 59 60 73
40 41 45 57 59 60 71 72
40 41 45 57 58 59 73
40 41 45 57 58 59 71 72
40 41 45 46 57 59 60
40 41 45 46 57 58 59
40 41 44 59 73
40 41 44 59 73 77
40 41 44 59 73 75 76
40 41 44 59 71 72
40 41 44 59 71 72 77
40 41 44 59 71 72 75 76
40 41 44 57 59 60 73
40 41 44 57 59 60 71 72
40 41 44 57 58 59 73
40 41 44 57 58 59 71 72
40 41 44 50 59 73
40 41 44 50 59 71 72
40 41 44 46 59
40 41 44 46 59 77
40 41 44 46 59 75 76
40 41 44 46 57 59 60
40 41 44 46 57 58 59
40 41 44 46 50 59
40 41 43 44 57 59 60 73
40 41 43 44 57 59 60 71 72
40 41 43 44 57 58 59 73
40 41 43 44 57 58 59 71 72
40 41 43 44 46 57 59 60
40 41 43 44 46 57 58 59
40 41 42 43 57 59 60 73
40 41 42 43 57 59 60 71 72
40 41 42 43 57 58 59 73
40 41 42 43 57 58 59 71 72
40 41 42 43 46 57 59 60
40 41 42 43 46 57 58 59
39
39 55 67
39 55 65 66
39 40
39 40 55
38 69
38 69 78 79
38 68 69
38 67 68 78 79
38 61 69
38 61 67 68
38 57 61 73 75 78
38 57 61 73 75 76 77
38 57 61 73 74 78
38 57 61 73 74 76 77
38 57 61 71 72 75 78
38 57 61 71 72 75 76 77
38 57 61 71 72 73 74 78
38 57 61 71 72 73 74 76 77
38 57 59 73 75 78
38 57 59 73 75 76 77
38 57 59 73 74 78
38 57 59 73 74 76 77
38 57 59 71 72 75 78
38 57 59 71 72 75 76 77
38 57 59 71 72 73 74 78
38 57 59 71 72 73 74 76 77
38 55
38 53 69
38 53 67 68
38 51 57 61 73 75
38 51 57 61 73 74
38 51 57 61 71 72 75
38 51 57 61 71 72 73 74
38 51 57 59 73 75
38 51 57 59 73 74
38 51 57 59 71 72 75
38 51 57 59 71 72 73 74
38 48 57 61 73 78
38 48 57 61 73 76 77
38 48 57 61 71 72 78
38 48 57 61 71 72 76 77
38 48 57 59 73 78
38 48 57 59 73 76 77
38 48 57 59 71 72 78
38 48 57 59 71 72 76 77
38 48 51 57 61 73
38 48 51 57 61 71 72
38 48 51 57 59 73
38 48 51 57 59 71 72
38 46 57 61 75 78
38 46 57 61 75 76 77
38 46 57 61 73 74 78
38 46 57 61 73 74 76 77
38 46 57 59 75 78
38 46 57 59 75 76 77
38 46 57 59 73 74 78
38 46 57 59 73 74 76 77
38 46 51 57 61 75
38 46 51 57 61 73 74
38 46 51 57 59 75
38 46 51 57 59 73 74
38 46 48 57 61 78
38 46 48 57 61 76 77
38 46 48 57 59 78
38 46 48 57 59 76 77
38 46 48 51 57 61
38 46 48 51 57 59
38 42
38 42 78 79
38 42 68
38 42 61
38 42 53
37
37 68 69
37 67
37 67 68
37 65 66
37 55 61 69
37 55 61 67 68
37 42 68
37 42 55 61
37 40
36 78 79
36 73
36 71
36 71 72
36 69
36 69 78 79
36 69 73 78 79
36 69 71 72 78 79
36 69 70
36 68 69
36 68 69 73 78 79
36 68 69 71 72 78 79
36 67
36 67 73
36 67 71 72
36 67 70
36 67 68 78 79
36 67 68 69
36 65 69
36 65 67 68
36 65 66
36 65 66 73
36 65 66 71 72
36 65 66 70
36 65 66 68 69
36 63 69
36 63 68 69
36 63 64 69
36 63 64 67 68
36 61
36 61 69
36 61 69 71
36 61 69 70
36 61 67
36 61 67 68
36 61 67 68 71
36 61 67 68 69 70
36 61 65 66
36 61 62 69
36 61 62 68 69
36 59
36 59 69
36 59 68 69
36 56 69
36 56 67 68
36 55 69 78 79
36 55 67 68 78 79
36 55 59 69
36 55 59 67 68
36 54
36 54 69
36 54 68 69
36 54 67 68
36 54 65 66 68
36 54 55 69
36 54 55 67 68
36 53
36 53 69
36 53 69 73
36 53 69 71 72
36 53 68 69 73
36 53 68 69 71 72
36 53 67 68
36 53 55 69
36 53 55 67 68
36 53 54 67
36 53 54 65 66
36 52 67
36 52 65 66
36 52 53
36 52 53 69
36 52 53 68 69
36 46
36 46 69
36 46 69 78 79
36 46 68 69 78 79
36 46 67
36 46 67 68
36 46 65 66
36 46 53 69
36 46 53 68 69
36 45
36 45 69
36 45 67 68
36 44
36 44 61 69
36 44 61 67 68
36 44 57 59 73
36 44 57 59 71 72
36 44 46 57 59
36 43 44
36 43 44 69
36 43 44 67 68
36 42
36 42 78 79
36 42 73 78 79
36 42 71 72 78 79
36 42 68
36 42 68 73 78 79
36 42 68 71 72 78 79
36 42 65
36 42 63
36 42 63 68
36 42 63 64
36 42 61
36 42 61 71
36 42 61 69 70
36 42 61 62
36 42 61 62 68
36 42 59
36 42 59 68
36 42 56
36 42 55 78 79
36 42 55 59
36 42 54
36 42 54 68
36 42 54 55
36 42 53
36 42 53 73
36 42 53 71 72
36 42 53 68 73
36 42 53 68 71 72
36 42 53 55
36 42 52 53
36 42 52 53 68
36 42 46
36 42 46 78 79
36 42 46 68 78 79
36 42 46 53
36 42 46 53 68
36 42 45
36 42 44 61
36 42 43 57 59 73
36 42 43 57 59 71 72
36 42 43 46 57 59
36 42 43 44
36 40
36 40 73
36 40 71 72
36 40 70
36 40 68 69
36 40 61
36 40 54 68
36 40 53 54
36 40 52
36 40 46
35 68
35 67
35 65 66
35 61 68
35 44 59 61 73 78
35 44 59 61 73 76 77
35 44 59 61 71 72 78
35 44 59 61 71 72 76 77
35 44 51 59 61 73
35 44 51 59 61 71 72
35 44 46 59 61 78
35 44 46 59 61 76 77
35 44 46 51 59 61
35 42 43 59 61 73 78
35 42 43 59 61 73 76 77
35 42 43 59 61 71 72 78
35 42 43 59 61 71 72 76 77
35 42 43 51 59 61 73
35 42 43 51 59 61 71 72
35 42 43 46 59 61 78
35 42 43 46 59 61 76 77
35 42 43 46 51 59 61
35 40
35 36 68 69
35 36 67
35 36 67 68
35 36 65 66
35 36 42 68
35 36 40
34 78 79
34 69
34 69 73
34 69 73 78 79
34 69 71 72
34 69 71 72 78 79
34 69 70
34 68
34 68 69
34 68 69 73
34 68 69 71 72
34 67
34 67 68
34 67 68 73 78 79
34 67 68 71 72 78 79
34 67 68 70
34 67 68 69
34 66 67 69
34 66 67 68
34 65 66
34 61
34 56 69
34 56 67 68
34 55
34 55 71
34 55 69 78 79
34 55 69 70
34 55 68 69 73
34 55 68 69 71 72
34 55 67 68 78 79
34 55 67 68 73
34 55 67 68 71 72
34 55 61
34 55 59
34 55 59 68
34 54 69
34 54 68 69
34 54 55 69
34 54 55 67 68
34 53
34 53 69
34 53 69 73
34 53 69 71 72
34 53 67 68
34 53 67 68 73
34 53 67 68 71 72
34 53 55 69
34 53 55 67 68
34 53 54
34 53 54 69
34 53 54 67 68
34 52 69
34 52 67 68
34 47 69
34 47 67 68
34 46
34 46 69 78 79
34 46 68 69
34 46 67 68
34 46 67 68 78 79
34 46 55 68 69
34 46 55 67 68
34 46 53 69
34 46 53 67 68
34 44 69
34 44 67 68
34 44 59 61 73 75 78
34 44 59 61 73 75 76 77
34 44 59 61 73 74 78
34 44 59 61 73 74 76 77
34 44 59 61 71 72 75 78
34 44 59 61 71 72 75 76 77
34 44 59 61 71 72 73 74 78
34 44 59 61 71 72 73 74 76 77
34 44 55
34 44 51 59 61 73 75
34 44 51 59 61 73 74
34 44 51 59 61 71 72 75
34 44 51 59 61 71 72 73 74
34 44 48 59 61 73 78
34 44 48 59 61 73 76 77
34 44 48 59 61 71 72 78
34 44 48 59 61 71 72 76 77
34 44 48 51 59 61 73
34 44 48 51 59 61 71 72
34 44 46 59 61 75 78
34 44 46 59 61 75 76 77
34 44 46 59 61 73 74 78
34 44 46 59 61 73 74 76 77
34 44 46 51 59 61 75
34 44 46 51 59 61 73 74
34 44 46 48 59 61 78
34 44 46 48 59 61 76 77
34 44 46 48 51 59 61
34 44 45
34 44 45 69
34 44 45 67 68
34 42
34 42 73
34 42 73 78 79
34 42 71 72
34 42 71 72 78 79
34 42 70
34 42 68 73
34 42 68 71 72
34 42 68 69
34 42 66 67
34 42 59 61 73
34 42 59 61 71 72
34 42 56
34 42 55 78 79
34 42 55 68 73
34 42 55 68 71 72
34 42 54
34 42 54 68
34 42 54 55
34 42 53
34 42 53 73
34 42 53 71 72
34 42 53 55
34 42 53 54
34 42 52
34 42 47
34 42 46 78 79
34 42 46 68
34 42 46 59 61
34 42 46 55 68
34 42 46 53
34 42 44
34 42 44 45
34 42 43 59 61 73 75 78
34 42 43 59 61 73 75 76 77
34 42 43 59 61 73 74 78
34 42 43 59 61 73 74 76 77
34 42 43 59 61 71 72 75 78
34 42 43 59 61 71 72 75 76 77
34 42 43 59 61 71 72 73 74 78
34 42 43 59 61 71 72 73 74 76 77
34 42 43 51 59 61 73 75
34 42 43 51 59 61 73 74
34 42 43 51 59 61 71 72 75
34 42 43 51 59 61 71 72 73 74
34 42 43 48 59 61 73 78
34 42 43 48 59 61 73 76 77
34 42 43 48 59 61 71 72 78
34 42 43 48 59 61 71 72 76 77
34 42 43 48 51 59 61 73
34 42 43 48 51 59 61 71 72
34 42 43 46 59 61 75 78
34 42 43 46 59 61 75 76 77
34 42 43 46 59 61 73 74 78
34 42 43 46 59 61 73 74 76 77
34 42 43 46 51 59 61 75
34 42 43 46 51 59 61 73 74
34 42 43 46 48 59 61 78
34 42 43 46 48 59 61 76 77
34 42 43 46 48 51 59 61
34 41 69
34 41 67 68
34 41 42
34 40
34 40 41 59 61 73
34 40 41 59 61 71 72
34 40 41 46 59 61
34 37
34 37 69
34 37 67 68
34 37 42
34 36
34 36 69
34 36 67 68
34 36 42
33 59 73 78
33 59 73 76 77
33 59 71 72 78
33 59 71 72 76 77
33 59 61 73 78
33 59 61 73 76 77
33 59 61 71 72 78
33 59 61 71 72 76 77
33 51 59 73
33 51 59 71 72
33 51 59 61 73
33 51 59 61 71 72
33 46 59 78
33 46 59 76 77
33 46 59 61 78
33 46 59 61 76 77
33 46 51 59
33 46 51 59 61
33 44 57 73
33 44 57 71 72
33 44 57 59 73
33 44 57 59 71 72
33 44 46 57
33 44 46 57 59
33 42 57 59 73
33 42 57 59 71 72
33 42 57 59 63 73
33 42 57 59 63 71 72
33 42 57 59 61 73
33 42 57 59 61 71 72
33 42 57 59 60 73
33 42 57 59 60 71 72
33 42 46 57 59
33 42 46 57 59 63
33 42 46 57 59 61
33 42 46 57 59 60
33 42 45 57 59 73
33 42 45 57 59 71 72
33 42 45 46 57 59
33 42 44 57 59 73
33 42 44 57 59 71 72
33 42 44 46 57 59
33 42 43 57 73
33 42 43 57 71 72
33 42 43 46 57
33 42 43 44 57 59 73
33 42 43 44 57 59 71 72
33 42 43 44 46 57 59
33 40 41 57 59 73
33 40 41 57 59 71 72
33 40 41 57 59 63 73
33 40 41 57 59 63 71 72
33 40 41 57 59 61 73
33 40 41 57 59 61 71 72
33 40 41 57 59 60 73
33 40 41 57 59 60 71 72
33 40 41 46 57 59
33 40 41 46 57 59 63
33 40 41 46 57 59 61
33 40 41 46 57 59 60
33 40 41 45 57 59 73
33 40 41 45 57 59 71 72
33 40 41 45 46 57 59
33 40 41 44 57 59 73
33 40 41 44 57 59 71 72
33 40 41 44 46 57 59
33 40 41 43 44 57 59 73
33 40 41 43 44 57 59 71 72
33 40 41 43 44 46 57 59
33 40 41 42 43 57 59 73
33 40 41 42 43 57 59 71 72
33 40 41 42 43 46 57 59
32
30 42 57 59 60 73
30 42 57 59 60 71 72
30 42 57 58 59 73
30 42 57 58 59 71 72
30 42 46 57 59 60
30 42 46 57 58 59
30 40 41 57 59 60 73
30 40 41 57 59 60 71 72
30 40 41 57 58 59 73
30 40 41 57 58 59 71 72
30 40 41 46 57 59 60
30 40 41 46 57 58 59
30 33 42 57 59 73
30 33 42 57 59 71 72
30 33 42 46 57 59
30 33 40 41 57 59 73
30 33 40 41 57 59 71 72
30 33 40 41 46 57 59
30 31
29 44 57 59 60 73
29 44 57 59 60 71 72
29 44 57 58 59 73
29 44 57 58 59 71 72
29 44 46 57 59 60
29 44 46 57 58 59
29 42 43 57 59 60 73
29 42 43 57 59 60 71 72
29 42 43 57 58 59 73
29 42 43 57 58 59 71 72
29 42 43 46 57 59 60
29 42 43 46 57 58 59
29 36 69
29 36 67 68
29 36 42
29 34 69
29 34 67 68
29 34 42
29 33 44 57 59 73
29 33 44 57 59 71 72
29 33 44 46 57 59
29 33 42 43 57 59 73
29 33 42 43 57 59 71 72
29 33 42 43 46 57 59
28
28 68 69
28 67
28 67 68
28 65 66
28 55 61
28 42 68
28 40
28 36 67
28 36 65 66
28 36 40
28 34
28 34 69
28 34 67 68
28 34 42
28 29 42 57 59 60 73
28 29 42 57 59 60 71 72
28 29 42 57 58 59 73
28 29 42 57 58 59 71 72
28 29 42 46 57 59 60
28 29 42 46 57 58 59
28 29 40 41 57 59 60 73
28 29 40 41 57 59 60 71 72
28 29 40 41 57 58 59 73
28 29 40 41 57 58 59 71 72
28 29 40 41 46 57 59 60
28 29 40 41 46 57 58 59
28 29 33 42 57 59 73
28 29 33 42 57 59 71 72
28 29 33 42 46 57 59
28 29 33 40 41 57 59 73
28 29 33 40 41 57 59 71 72
28 29 33 40 41 46 57 59
27
27 69
27 68 69
27 67
27 65 66
27 61 69
27 61 67 68
27 42
27 42 68
27 42 61
27 40
27 36
27 36 69
27 36 68 69
27 36 42
27 36 42 68
27 28 44 57 59 60 73
27 28 44 57 59 60 71 72
27 28 44 57 58 59 73
27 28 44 57 58 59 71 72
27 28 44 46 57 59 60
27 28 44 46 57 58 59
27 28 42 43 57 59 60 73
27 28 42 43 57 59 60 71 72
27 28 42 43 57 58 59 73
27 28 42 43 57 58 59 71 72
27 28 42 43 46 57 59 60
27 28 42 43 46 57 58 59
27 28 33 44 57 59 73
27 28 33 44 57 59 71 72
27 28 33 44 46 57 59
27 28 33 42 43 57 59 73
27 28 33 42 43 57 59 71 72
27 28 33 42 43 46 57 59
26 69
26 67 68
26 55
26 42
25
25 55 61 69
25 55 61 68
25 55 61 67 68
25 54 69
25 54 67 68
25 42 57 59 73
25 42 57 59 71 72
25 42 55 61
25 42 54
25 42 46 57 59
25 40 41 57 59 73
25 40 41 57 59 71 72
25 40 41 46 57 59
23 68 69
23 67 68
23 42 68
23 42 57 59 73
23 42 57 59 71 72
23 42 46 57 59
23 40 41 57 59 73
23 40 41 57 59 71 72
23 40 41 46 57 59
23 24
23 24 55 61 68
23 24 54 69
23 24 54 67 68
23 24 42 54
22
22 69
22 69 78 79
22 67 68 78 79
22 65 66 68
22 61
22 61 68 69
22 61 67 68
22 55
22 55 61 69
22 55 61 68 69
22 53 69
22 53 67 68
22 42
22 42 78 79
22 42 61 68
22 42 55 61
22 42 55 61 68
22 42 53
22 40 68
22 36 55 61 69
22 36 55 61 67 68
22 36 42 55 61
22 34 55 61 69
22 34 55 61 67 68
22 34 42 55 61
22 23
21
21 78 79
21 69
21 67 68
21 55
21 55 69
21 55 67 78 79
21 55 67 68
21 55 65 66 78 79
21 53
21 53 55 67
21 53 55 65 66
21 42
21 42 55
21 40 55 78 79
21 40 53 55
21 36 69
21 36 67 68
21 36 42
20
20 69
20 67
20 67 68
20 65 66
20 61 69
20 61 69 71
20 61 69 70
20 61 68 69
20 61 67 68 71
20 61 67 68 69 70
20 59 69
20 59 68 69
20 55 78 79
20 55 69 78 79
20 55 67 69
20 55 67 68
20 55 67 68 78 79
20 55 65 66 69
20 55 65 66 67 68
20 55 61 69
20 55 61 68 69
20 53 55
20 53 55 69
20 53 55 67 68
20 46 55
20 46 55 69
20 46 55 67 68
20 44 61 69
20 44 61 67 68
20 42
20 42 61
20 42 61 71
20 42 61 69 70
20 42 61 68
20 42 59
20 42 59 68
20 42 55 78 79
20 42 55 67
20 42 55 65 66
20 42 55 61
20 42 55 61 68
20 42 53 55
20 42 46 55
20 42 44 61
20 40
20 40 55 69
20 40 55 67 68
20 40 42 55
20 38 67
20 38 65 66
20 38 40
20 36 69
20 36 67 68
20 36 61
20 36 61 69
20 36 61 69 71
20 36 61 69 70
20 36 61 67 68
20 36 61 67 68 71
20 36 61 67 68 69 70
20 36 55 69
20 36 55 67 68
20 36 44 61 69
20 36 44 61 67 68
20 36 42
20 36 42 61
20 36 42 61 71
20 36 42 61 69 70
20 36 42 55
20 36 42 44 61
20 34 69
20 34 69 71
20 34 69 70
20 34 67 68
20 34 67 68 71
20 34 67 68 69 70
20 34 61 69
20 34 61 67 68
20 34 59 68
20 34 55
20 34 55 61
20 34 55 61 69
20 34 55 61 67 68
20 34 44 69
20 34 44 67 68
20 34 42
20 34 42 71
20 34 42 69 70
20 34 42 61
20 34 42 55 61
20 34 42 44
20 22 55
20 22 55 69
20 22 55 67 68
20 22 42 55
19 68 69
19 67
19 67 68
19 65 66
19 42 68
19 40
19 34
19 34 69
19 34 67 68
19 34 42
18
18 69
18 67 68
18 42
18 42 57 59 60 73
18 42 57 59 60 71 72
18 42 57 58 59 73
18 42 57 58 59 71 72
18 42 46 57 59 60
18 42 46 57 58 59
18 40 41 57 59 60 73
18 40 41 57 59 60 71 72
18 40 41 57 58 59 73
18 40 41 57 58 59 71 72
18 40 41 46 57 59 60
18 40 41 46 57 58 59
18 36
18 36 69
18 36 67 68
18 36 42
18 33 42 57 59 73
18 33 42 57 59 71 72
18 33 42 46 57 59
18 33 40 41 57 59 73
18 33 40 41 57 59 71 72
18 33 40 41 46 57 59
17 59 61 73 77 78
17 59 61 73 76 77
17 59 61 73 75 78
17 59 61 73 75 76 77
17 59 61 73 74 78
17 59 61 73 74 76 78
17 59 61 71 72 77 78
17 59 61 71 72 76 77
17 59 61 71 72 75 78
17 59 61 71 72 75 76 77
17 59 61 71 72 74 75 78
17 59 61 71 72 74 75 76 77
17 59 61 71 72 73 74 78
17 59 61 71 72 73 74 76 78
17 59 61 71 72 73 74 75 78
17 59 61 71 72 73 74 75 76 77
17 59 61 65 73 78
17 59 61 65 73 76 77
17 59 61 65 71 72 78
17 59 61 65 71 72 76 77
17 59 61 62 73 78
17 59 61 62 73 76 77
17 59 61 62 71 72 78
17 59 61 62 71 72 76 77
17 59 60 61 73 78
17 59 60 61 73 76 77
17 59 60 61 73 75 78
17 59 60 61 73 75 76 77
17 59 60 61 73 74 78
17 59 60 61 73 74 76 77
17 59 60 61 71 72 78
17 59 60 61 71 72 76 77
17 59 60 61 71 72 75 78
17 59 60 61 71 72 75 76 77
17 59 60 61 71 72 73 74 78
17 59 60 61 71 72 73 74 76 77
17 57 73
17 57 71 72
17 57 60 73
17 57 60 71 72
17 57 59 73
17 57 59 71 72
17 57 59 63 73
17 57 59 63 71 72
17 57 59 61 62 73
17 57 59 61 62 71 72
17 57 59 60 73
17 57 59 60 71 72
17 51 59 61 73 77
17 51 59 61 73 75
17 51 59 61 73 74
17 51 59 61 73 74 76
17 51 59 61 71 72 77
17 51 59 61 71 72 75
17 51 59 61 71 72 74 75
17 51 59 61 71 72 73 74
17 51 59 61 71 72 73 74 76
17 51 59 61 71 72 73 74 75
17 51 59 61 65 73
17 51 59 61 65 71 72
17 51 59 61 62 73
17 51 59 61 62 71 72
17 51 59 60 61 73
17 51 59 60 61 73 75
17 51 59 60 61 73 74
17 51 59 60 61 71 72
17 51 59 60 61 71 72 75
17 51 59 60 61 71 72 73 74
17 50 59 61 73 78
17 50 59 61 73 76 77
17 50 59 61 71 72 78
17 50 59 61 71 72 76 77
17 50 51 59 61 73
17 50 51 59 61 71 72
17 49 59 61 73 75 78
17 49 59 61 73 75 76 77
17 49 59 61 73 74 78
17 49 59 61 73 74 76 77
17 49 59 61 71 72 75 78
17 49 59 61 71 72 75 76 77
17 49 59 61 71 72 73 74 78
17 49 59 61 71 72 73 74 76 77
17 49 51 59 61 73 75
17 49 51 59 61 73 74
17 49 51 59 61 71 72 75
17 49 51 59 61 71 72 73 74
17 48 59 61 73 78
17 48 59 61 73 76 78
17 48 59 61 73 74 75 78
17 48 59 61 73 74 75 76 77
17 48 59 61 71 72 78
17 48 59 61 71 72 76 78
17 48 59 61 71 72 74 75 78
17 48 59 61 71 72 74 75 76 77
17 48 59 60 61 73 78
17 48 59 60 61 73 76 77
17 48 59 60 61 71 72 78
17 48 59 60 61 71 72 76 77
17 48 51 59 61 73
17 48 51 59 61 73 76
17 48 51 59 61 73 74 75
17 48 51 59 61 71 72
17 48 51 59 61 71 72 76
17 48 51 59 61 71 72 74 75
17 48 51 59 60 61 73
17 48 51 59 60 61 71 72
17 48 49 59 61 73 78
17 48 49 59 61 73 76 77
17 48 49 59 61 71 72 78
17 48 49 59 61 71 72 76 77
17 48 49 51 59 61 73
17 48 49 51 59 61 71 72
17 46 59 61 77 78
17 46 59 61 76 77
17 46 59 61 75 78
17 46 59 61 75 76 77
17 46 59 61 74 75 78
17 46 59 61 74 75 76 77
17 46 59 61 73 74 78
17 46 59 61 73 74 76 78
17 46 59 61 73 74 75 78
17 46 59 61 73 74 75 76 77
17 46 59 61 65 78
17 46 59 61 65 76 77
17 46 59 61 62 78
17 46 59 61 62 76 77
17 46 59 60 61 78
17 46 59 60 61 76 77
17 46 59 60 61 75 78
17 46 59 60 61 75 76 77
17 46 59 60 61 73 74 78
17 46 59 60 61 73 74 76 77
17 46 57
17 46 57 60
17 46 57 59
17 46 57 59 63
17 46 57 59 61 62
17 46 57 59 60
17 46 51 59 61 77
17 46 51 59 61 75
17 46 51 59 61 74 75
17 46 51 59 61 73 74
17 46 51 59 61 73 74 76
17 46 51 59 61 73 74 75
17 46 51 59 61 65
17 46 51 59 61 62
17 46 51 59 60 61
17 46 51 59 60 61 75
17 46 51 59 60 61 73 74
17 46 50 59 61 78
17 46 50 59 61 76 77
17 46 50 51 59 61
17 46 49 59 61 75 78
17 46 49 59 61 75 76 77
17 46 49 59 61 73 74 78
17 46 49 59 61 73 74 76 77
17 46 49 51 59 61 75
17 46 49 51 59 61 73 74
17 46 48 59 61 78
17 46 48 59 61 76 78
17 46 48 59 61 74 75 78
17 46 48 59 61 74 75 76 77
17 46 48 59 60 61 78
17 46 48 59 60 61 76 77
17 46 48 51 59 61
17 46 48 51 59 61 76
17 46 48 51 59 61 74 75
17 46 48 51 59 60 61
17 46 48 49 59 61 78
17 46 48 49 59 61 76 77
17 46 48 49 51 59 61
17 42 57 59 60 73
17 42 57 59 60 71 72
17 42 57 58 59 73
17 42 57 58 59 71 72
17 42 46 57 59 60
17 42 46 57 58 59
17 40 41 57 59 60 73
17 40 41 57 59 60 71 72
17 40 41 57 58 59 73
17 40 41 57 58 59 71 72
17 40 41 46 57 59 60
17 40 41 46 57 58 59
17 36 57 59 73
17 36 57 59 71 72
17 36 46 57 59
17 35 59 61 73 78
17 35 59 61 73 76 77
17 35 59 61 71 72 78
17 35 59 61 71 72 76 77
17 35 51 59 61 73
17 35 51 59 61 71 72
17 35 46 59 61 78
17 35 46 59 61 76 77
17 35 46 51 59 61
17 34 59 61 73 75 78
17 34 59 61 73 75 76 77
17 34 59 61 73 74 78
17 34 59 61 73 74 76 77
17 34 59 61 71 72 75 78
17 34 59 61 71 72 75 76 77
17 34 59 61 71 72 73 74 78
17 34 59 61 71 72 73 74 76 77
17 34 51 59 61 73 75
17 34 51 59 61 73 74
17 34 51 59 61 71 72 75
17 34 51 59 61 71 72 73 74
17 34 48 59 61 73 78
17 34 48 59 61 73 76 77
17 34 48 59 61 71 72 78
17 34 48 59 61 71 72 76 77
17 34 48 51 59 61 73
17 34 48 51 59 61 71 72
17 34 46 59 61 75 78
17 34 46 59 61 75 76 77
17 34 46 59 61 73 74 78
17 34 46 59 61 73 74 76 77
17 34 46 51 59 61 75
17 34 46 51 59 61 73 74
17 34 46 48 59 61 78
17 34 46 48 59 61 76 77
17 34 46 48 51 59 61
17 33 57 73
17 33 57 71 72
17 33 57 59 73
17 33 57 59 71 72
17 33 46 57
17 33 46 57 59
17 33 42 57 59 73
17 33 42 57 59 71 72
17 33 42 46 57 59
17 33 40 41 57 59 73
17 33 40 41 57 59 71 72
17 33 40 41 46 57 59
17 29 57 59 60 73
17 29 57 59 60 71 72
17 29 57 58 59 73
17 29 57 58 59 71 72
17 29 46 57 59 60
17 29 46 57 58 59
17 29 33 57 59 73
17 29 33 57 59 71 72
17 29 33 46 57 59
17 27 28 57 59 60 73
17 27 28 57 59 60 71 72
17 27 28 57 58 59 73
17 27 28 57 58 59 71 72
17 27 28 46 57 59 60
17 27 28 46 57 58 59
17 27 28 33 57 59 73
17 27 28 33 57 59 71 72
17 27 28 33 46 57 59
16 17 42 57 59 60 73
16 17 42 57 59 60 71 72
16 17 42 57 58 59 73
16 17 42 57 58 59 71 72
16 17 42 46 57 59 60
16 17 42 46 57 58 59
16 17 40 41 57 59 60 73
16 17 40 41 57 59 60 71 72
16 17 40 41 57 58 59 73
16 17 40 41 57 58 59 71 72
16 17 40 41 46 57 59 60
16 17 40 41 46 57 58 59
16 17 33 42 57 59 73
16 17 33 42 57 59 71 72
16 17 33 42 46 57 59
16 17 33 40 41 57 59 73
16 17 33 40 41 57 59 71 72
16 17 33 40 41 46 57 59
15 59 73 78
15 59 73 76 77
15 59 71 73
15 59 71 73 77
15 59 71 73 75 76
15 59 71 72
15 59 71 72 78
15 59 71 72 77
15 59 71 72 76 77
15 59 71 72 75 76
15 59 69 70 73
15 59 69 70 73 77
15 59 69 70 73 75 76
15 59 69 70 71 72
15 59 69 70 71 72 77
15 59 69 70 71 72 75 76
15 59 61 75
15 59 61 73
15 59 61 73 78
15 59 61 73 76 77
15 59 61 73 74
15 59 61 71 72
15 59 61 71 72 78
15 59 61 71 72 76 77
15 59 60 61 73
15 59 60 61 71 72
15 57 61 73
15 57 61 71 72
15 57 59 73
15 57 59 71 72
15 57 59 61 73
15 57 59 61 71 72
15 57 59 60 63 73
15 57 59 60 63 71 72
15 57 59 60 61 73
15 57 59 60 61 71 72
15 57 58 59 73
15 57 58 59 71 72
15 57 58 59 63 73
15 57 58 59 63 71 72
15 57 58 59 61 73
15 57 58 59 61 71 72
15 57 58 59 60 73
15 57 58 59 60 71 72
15 51 59 73
15 51 59 71 72
15 51 59 61 73
15 51 59 61 71 72
15 50 59 71 73
15 50 59 71 72
15 50 59 69 70 73
15 50 59 69 70 71 72
15 50 57 59 73
15 50 57 59 71 72
15 48 59 61
15 48 49 57 59 73
15 48 49 57 59 71 72
15 46 59 78
15 46 59 76 77
15 46 59 71
15 46 59 71 77
15 46 59 71 75 76
15 46 59 69 70
15 46 59 69 70 77
15 46 59 69 70 75 76
15 46 59 61
15 46 59 61 78
15 46 59 61 76 77
15 46 59 60 61
15 46 57 61
15 46 57 59
15 46 57 59 61
15 46 57 59 60 63
15 46 57 59 60 61
15 46 57 58 59
15 46 57 58 59 63
15 46 57 58 59 61
15 46 57 58 59 60
15 46 51 59
15 46 51 59 61
15 46 50 59 71
15 46 50 59 69 70
15 46 50 57 59
15 46 48 49 57 59
15 45 57 59 60 73
15 45 57 59 60 71 72
15 45 57 58 59 73
15 45 57 58 59 71 72
15 45 46 57 59 60
15 45 46 57 58 59
15 44 59 73
15 44 59 73 77
15 44 59 73 75 76
15 44 59 71 72
15 44 59 71 72 77
15 44 59 71 72 75 76
15 44 57 59 60 73
15 44 57 59 60 71 72
15 44 57 58 59 73
15 44 57 58 59 71 72
15 44 50 59 73
15 44 50 59 71 72
15 44 46 59
15 44 46 59 77
15 44 46 59 75 76
15 44 46 57 59 60
15 44 46 57 58 59
15 44 46 50 59
15 43 44 57 59 60 73
15 43 44 57 59 60 71 72
15 43 44 57 58 59 73
15 43 44 57 58 59 71 72
15 43 44 46 57 59 60
15 43 44 46 57 58 59
15 42 43 57 59 60 73
15 42 43 57 59 60 71 72
15 42 43 57 58 59 73
15 42 43 57 58 59 71 72
15 42 43 46 57 59 60
15 42 43 46 57 58 59
15 34 59 61 73
15 34 59 61 71 72
15 34 46 59 61
15 33 57 59 73
15 33 57 59 71 72
15 33 57 59 63 73
15 33 57 59 63 71 72
15 33 57 59 61 73
15 33 57 59 61 71 72
15 33 57 59 60 73
15 33 57 59 60 71 72
15 33 46 57 59
15 33 46 57 59 63
15 33 46 57 59 61
15 33 46 57 59 60
15 33 45 57 59 73
15 33 45 57 59 71 72
15 33 45 46 57 59
15 33 44 57 59 73
15 33 44 57 59 71 72
15 33 44 46 57 59
15 33 43 44 57 59 73
15 33 43 44 57 59 71 72
15 33 43 44 46 57 59
15 33 42 43 57 59 73
15 33 42 43 57 59 71 72
15 33 42 43 46 57 59
15 30 57 59 60 73
15 30 57 59 60 71 72
15 30 57 58 59 73
15 30 57 58 59 71 72
15 30 46 57 59 60
15 30 46 57 58 59
15 30 33 57 59 73
15 30 33 57 59 71 72
15 30 33 46 57 59
15 28 29 57 59 60 73
15 28 29 57 59 60 71 72
15 28 29 57 58 59 73
15 28 29 57 58 59 71 72
15 28 29 46 57 59 60
15 28 29 46 57 58 59
15 28 29 33 57 59 73
15 28 29 33 57 59 71 72
15 28 29 33 46 57 59
15 25 57 59 73
15 25 57 59 71 72
15 25 46 57 59
15 23 57 59 73
15 23 57 59 71 72
15 23 46 57 59
15 18 57 59 60 73
15 18 57 59 60 71 72
15 18 57 58 59 73
15 18 57 58 59 71 72
15 18 46 57 59 60
15 18 46 57 58 59
15 18 33 57 59 73
15 18 33 57 59 71 72
15 18 33 46 57 59
15 17 57 59 60 73
15 17 57 59 60 71 72
15 17 57 58 59 73
15 17 57 58 59 71 72
15 17 46 57 59 60
15 17 46 57 58 59
15 17 33 57 59 73
15 17 33 57 59 71 72
15 17 33 46 57 59
15 16 17 57 59 60 73
15 16 17 57 59 60 71 72
15 16 17 57 58 59 73
15 16 17 57 58 59 71 72
15 16 17 46 57 59 60
15 16 17 46 57 58 59
15 16 17 33 57 59 73
15 16 17 33 57 59 71 72
15 16 17 33 46 57 59
14
12 69
12 67
12 67 68
12 65 66
12 55
12 55 67
12 55 65 66
12 42
12 40
12 40 55
11 69
11 67 68
11 42
10 69 73
10 69 71 72
10 68 69
10 68 69 73
10 68 69 71 72
10 65 66 68
10 55
10 55 67
10 55 65 66
10 55 61 69
10 55 61 67 68
10 46 69
10 46 68 69
10 42 73
10 42 71 72
10 42 68
10 42 68 73
10 42 68 71 72
10 42 55 61
10 42 46
10 42 46 68
10 40 68
10 40 55
10 36 67
10 36 65 66
10 36 55
10 36 40
10 34 69
10 34 67 68
10 34 42
10 11 69
10 11 67
10 11 67 68
10 11 65 66
10 11 55
10 11 55 67
10 11 55 65 66
10 11 42
10 11 40
10 11 40 55
9
9 68 69
9 67 69
9 55
9 55 69
9 55 67 68
9 42 68
9 42 67
9 42 55
9 34 69
9 34 67 68
9 34 42
9 25 69
9 25 67 68
9 25 42
9 23 24 69
9 23 24 67 68
9 23 24 42
9 10 69
9 10 67 68
9 10 42
9 10 34 69
9 10 34 67 68
9 10 34 42
8 69
8 69 73
8 69 71 72
8 67 68
8 67 68 73
8 67 68 71 72
8 46 69
8 46 67 68
8 42
8 42 73
8 42 71 72
8 42 46
8 36 73
8 36 71 72
8 36 69 73
8 36 69 71 72
8 36 67 68 73
8 36 67 68 71 72
8 36 46
8 36 46 69
8 36 46 67 68
8 36 42 73
8 36 42 71 72
8 36 42 46
8 9 69
8 9 67 68
8 9 55 61 69
8 9 55 61 67 68
8 9 42
8 9 42 55 61
8 9 36 67
8 9 36 65 66
8 9 36 40
8 9 34 69
8 9 34 67 68
8 9 34 42
7 68 69
7 67 68
7 55 61
7 42 68
7 36 67
7 36 65 66
7 36 40
5
3 69
3 67
3 67 68
3 65 66
3 55
3 55 67
3 55 65 66
3 42
3 42 57 59 60 73
3 42 57 59 60 71 72
3 42 57 58 59 73
3 42 57 58 59 71 72
3 42 46 57 59 60
3 42 46 57 58 59
3 40
3 40 55
3 40 41 57 59 60 73
3 40 41 57 59 60 71 72
3 40 41 57 58 59 73
3 40 41 57 58 59 71 72
3 40 41 46 57 59 60
3 40 41 46 57 58 59
3 33 42 57 59 73
3 33 42 57 59 71 72
3 33 42 46 57 59
3 33 40 41 57 59 73
3 33 40 41 57 59 71 72
3 33 40 41 46 57 59
3 15 57 59 60 73
3 15 57 59 60 71 72
3 15 57 58 59 73
3 15 57 58 59 71 72
3 15 46 57 59 60
3 15 46 57 58 59
3 15 33 57 59 73
3 15 33 57 59 71 72
3 15 33 46 57 59
2 69
2 67 68
2 44 57 59 60 73
2 44 57 59 60 71 72
2 44 57 58 59 73
2 44 57 58 59 71 72
2 44 46 57 59 60
2 44 46 57 58 59
2 42
2 42 43 57 59 60 73
2 42 43 57 59 60 71 72
2 42 43 57 58 59 73
2 42 43 57 58 59 71 72
2 42 43 46 57 59 60
2 42 43 46 57 58 59
2 34 69
2 34 67 68
2 34 42
2 33 44 57 59 73
2 33 44 57 59 71 72
2 33 44 46 57 59
2 33 42 43 57 59 73
2 33 42 43 57 59 71 72
2 33 42 43 46 57 59
2 17 57 59 60 73
2 17 57 59 60 71 72
2 17 57 58 59 73
2 17 57 58 59 71 72
2 17 46 57 59 60
2 17 46 57 58 59
2 17 33 57 59 73
2 17 33 57 59 71 72
2 17 33 46 57 59
1 78 79
1 71
1 69 78 79
1 69 71
1 68 69 73
1 68 69 71 72
1 67
1 67 78 79
1 67 68
1 67 68 78 79
1 67 68 73
1 67 68 71
1 67 68 71 72
1 67 68 69 70
1 65 66 78 79
1 65 66 69
1 65 66 68
1 65 66 67 68
1 61 69
1 61 69 73
1 61 69 71 72
1 61 67
1 61 67 68
1 61 67 68 73
1 61 67 68 71 72
1 61 65 66
1 59 69
1 59 67
1 59 67 68
1 59 65 66
1 57 67
1 57 65 66
1 56 69
1 56 67 68
1 55 78 79
1 55 69
1 55 67
1 55 67 68
1 55 65 66
1 55 61 69
1 55 61 67 68
1 55 56
1 55 56 67
1 55 56 65 66
1 54 69
1 54 67 68
1 53
1 53 69
1 53 67
1 53 67 68
1 53 65 66
1 53 55
1 52
1 52 69
1 52 67 68
1 52 53
1 51 68
1 51 68 69
1 51 67
1 51 67 68
1 51 65 66
1 51 55 67
1 51 55 65 66
1 49 50 68
1 49 50 68 69
1 49 50 67
1 49 50 67 68
1 49 50 65 66
1 49 50 55 67
1 49 50 55 65 66
1 48
1 48 67
1 48 65 66
1 46 68 69
1 46 67 68
1 46 61 69
1 46 61 67 68
1 45
1 44
1 44 69
1 44 67 68
1 43
1 43 69
1 43 67 68
1 43 44
1 42 78 79
1 42 71
1 42 69 70
1 42 68 73
1 42 68 71 72
1 42 65 66
1 42 61
1 42 61 73
1 42 61 71 72
1 42 59
1 42 56
1 42 55
1 42 55 61
1 42 54
1 42 53
1 42 52
1 42 51 68
1 42 49 50 68
1 42 46 68
1 42 46 61
1 42 44
1 42 43
1 40 78 79
1 40 69
1 40 68
1 40 67 68
1 40 61
1 40 59
1 40 57
1 40 55
1 40 55 56
1 40 53
1 40 51
1 40 51 55
1 40 49 50
1 40 49 50 55
1 40 48
1 40 42
1 38 67
1 38 65 66
1 38 40
1 36 69
1 36 69 71
1 36 69 70
1 36 68 69
1 36 67 69
1 36 67 68
1 36 67 68 71
1 36 67 68 69 70
1 36 52 69
1 36 52 67 68
1 36 51 68 69
1 36 51 67 68
1 36 49 50 68 69
1 36 49 50 67 68
1 36 44 69
1 36 44 67 68
1 36 43 69
1 36 43 67 68
1 36 42
1 36 42 71
1 36 42 69 70
1 36 42 68
1 36 42 67
1 36 42 52
1 36 42 51 68
1 36 42 49 50 68
1 36 42 44
1 36 42 43
1 35
1 34
1 34 69
1 34 69 73
1 34 69 71 72
1 34 67 68
1 34 67 68 73
1 34 67 68 71 72
1 34 54 69
1 34 54 67 68
1 34 46 69
1 34 46 67 68
1 34 42
1 34 42 73
1 34 42 71 72
1 34 42 54
1 34 42 46
1 34 36 69
1 34 36 67 68
1 34 36 42
1 34 35
1 27
1 26 67
1 26 65 66
1 26 40
1 25
1 25 69
1 25 67 68
1 25 42
1 25 36 69
1 25 36 67 68
1 25 36 42
1 24
1 24 68
1 24 68 69
1 24 67 68
1 24 55 67
1 24 55 65 66
1 24 42 68
1 24 40 55
1 24 36 68 69
1 24 36 67 68
1 24 36 42 68
1 23 24
1 23 24 69
1 23 24 67 68
1 23 24 42
1 23 24 36 69
1 23 24 36 67 68
1 23 24 36 42
1 22
1 22 67
1 22 65 66
1 22 61 69
1 22 61 67 68
1 22 55 61 69
1 22 55 61 67 68
1 22 42 61
1 22 42 55 61
1 22 40
1 21 69
1 21 67 68
1 21 42
1 18
1 10
1 10 67
1 10 65 66
1 10 40
1 10 36 69
1 10 36 67 68
1 10 36 42
1 9 68
1 9 68 69
1 9 67
1 9 67 68
1 9 65 66
1 9 42 68
1 9 40
1 9 36 68 69
1 9 36 67 68
1 9 36 42 68
1 8
1 8 36 69
1 8 36 67 68
1 8 36 42
1 8 9
1 8 9 69
1 8 9 67 68
1 8 9 42
1 8 9 36 69
1 8 9 36 67 68
1 8 9 36 42
1 7 69
1 7 67 68
1 7 42
1 2 69
1 2 67
1 2 67 68
1 2 65 66
1 2 55
1 2 55 67
1 2 55 65 66
1 2 42
1 2 40
1 2 40 55
0 68 69
0 67 68
0 55 61 68 69
0 55 61 67 68
0 42 68
0 42 55 61 68
0 36 67 68
0 36 65 66 68
0 36 40 68
0 34 68 69
0 34 67 68
0 34 42 68
0 1 69
0 1 68
0 1 68 69
0 1 42
0 1 42 68
0 1 36 68 69
0 1 36 67 68
0 1 36 42 68
0 1 34 69
0 1 34 67 68
0 1 34 42

