73
71 72
68 71
68 69
68 69 70
67 68
61 69 73
61 69 71 72
61 68 69
61 67 68
61 67 68 73
61 67 68 71 72
59 73
59 71 72
59 61 77
59 61 75 76
59 61 73
59 61 71
59 61 71 72
59 61 69 70
57 59 61 75
57 59 61 73 74
57 59 60 75
57 59 60 73 74
55
55 68
55 61 75 78
55 61 75 76 77
55 61 73 78
55 61 73 76 77
55 61 72 73 78
55 61 72 73 76 77
55 61 71 72 78
55 61 71 72 76 77
55 61 71 72 74 78
55 61 71 72 74 76 77
55 61 71 72 73 78
55 61 71 72 73 76 77
55 60 61 78
55 60 61 76 77
55 59 61 75 78
55 59 61 75 76 77
55 59 61 72 73 78
55 59 61 72 73 76 77
55 59 61 71 72 74 78
55 59 61 71 72 74 76 77
55 59 61 71 72 73 78
55 59 61 71 72 73 76 77
55 59 60 61 78
55 59 60 61 76 77
51 55 61 75
51 55 61 73
51 55 61 72 73
51 55 61 71 72
51 55 61 71 72 74
51 55 61 71 72 73
51 55 60 61
51 55 59 61 75
51 55 59 61 72 73
51 55 59 61 71 72 74
51 55 59 61 71 72 73
51 55 59 60 61
50 59 61
48 57 59 61
48 57 59 60
48 55 61 78
48 55 61 76 77
48 55 59 61 78
48 55 59 61 76 77
48 51 55 61
48 51 55 59 61
47 55 61 73 78
47 55 61 73 76 77
47 55 61 71 72 78
47 55 61 71 72 76 77
47 55 59 61 73 78
47 55 59 61 73 76 77
47 55 59 61 71 72 78
47 55 59 61 71 72 76 77
47 51 55 61 73
47 51 55 61 71 72
47 51 55 59 61 73
47 51 55 59 61 71 72
46
46 61 69
46 61 67 68
46 59
46 59 62
46 59 62 73
46 59 62 71 72
46 59 61
46 59 60
46 59 60 73
46 59 60 71 72
46 58 59 61
46 58 59 61 73
46 58 59 61 71 72
46 58 59 60
46 58 59 60 73
46 58 59 60 71 72
46 55 61 78
46 55 61 76 77
46 55 61 74 78
46 55 61 74 76 77
46 55 61 72 73 78
46 55 61 72 73 76 77
46 55 59 61 74 78
46 55 59 61 74 76 77
46 55 59 61 72 73 78
46 55 59 61 72 73 76 77
46 51 55 61
46 51 55 61 74
46 51 55 61 72 73
46 51 55 59 61 74
46 51 55 59 61 72 73
46 47 59
46 47 59 73
46 47 59 71 72
46 47 55 61 78
46 47 55 61 76 77
46 47 55 59 61 78
46 47 55 59 61 76 77
46 47 51 55 61
46 47 51 55 59 61
45 46 59
45 46 59 73
45 46 59 71 72
44 68
44 61 73 78 79
44 61 71 72 78 79
44 59 73 78
44 59 73 76 77
44 59 71 72 78
44 59 71 72 76 77
44 59 63 73
44 59 63 71 72
44 59 62 73
44 59 62 71 72
44 59 61
44 59 61 73
44 59 61 73 78 79
44 59 61 73 77
44 59 61 73 75 76
44 59 61 71 72
44 59 61 71 72 78 79
44 59 61 71 72 77
44 59 61 71 72 75 76
44 59 61 65 73
44 59 61 65 71 72
44 59 61 63 73
44 59 61 63 71 72
44 59 60 73
44 59 60 71 72
44 58 59 61 73
44 58 59 61 71 72
44 58 59 60 73
44 58 59 60 71 72
44 57 58 59 61 73
44 57 58 59 61 71 72
44 57 58 59 60 61 73
44 57 58 59 60 61 71 72
44 53 61 73
44 53 61 71 72
44 53 59 61 73
44 53 59 61 71 72
44 51 59 73
44 51 59 71 72
44 50 59 61 73
44 50 59 61 71 72
44 48 59 61 73 77
44 48 59 61 73 75 76
44 48 59 61 71 72 77
44 48 59 61 71 72 75 76
44 48 50 59 61 73
44 48 50 59 61 71 72
44 47 59 73
44 47 59 71 72
44 46 61 78 79
44 46 59 78
44 46 59 76 77
44 46 59 63
44 46 59 62
44 46 59 61
44 46 59 61 78 79
44 46 59 61 77
44 46 59 61 75 76
44 46 59 61 65
44 46 59 61 63
44 46 59 60
44 46 58 59 61
44 46 58 59 60
44 46 57 58 59 61
44 46 57 58 59 60 61
44 46 53 61
44 46 53 59 61
44 46 51 59
44 46 50 59 61
44 46 48 59 61 77
44 46 48 59 61 75 76
44 46 48 50 59 61
44 46 47 59
44 46 47 59 61 77
44 46 47 59 61 75 76
44 46 47 59 61 73 77
44 46 47 59 61 73 75 76
44 46 47 59 61 71 72 77
44 46 47 59 61 71 72 75 76
44 46 47 50 59 61
44 46 47 50 59 61 73
44 46 47 50 59 61 71 72
44 45 59 62 73
44 45 59 62 71 72
44 45 59 60 73
44 45 59 60 71 72
44 45 58 59 61 73
44 45 58 59 61 71 72
44 45 58 59 60 73
44 45 58 59 60 71 72
44 45 47 59 73
44 45 47 59 71 72
44 45 46 59 62
44 45 46 59 60
44 45 46 58 59 61
44 45 46 58 59 60
44 45 46 47 59
43 44 59 61 73
43 44 59 61 71 72
43 44 46 59 61
42 68
42 61 73
42 61 73 78 79
42 61 71 72
42 61 71 72 78 79
42 61 68
42 59 71 73
42 59 71 72
42 59 69 70 73
42 59 69 70 71 72
42 59 63 73
42 59 63 71 72
42 59 61 73 78 79
42 59 61 71 78
42 59 61 71 76 77
42 59 61 71 72 78 79
42 59 61 69 70 78
42 59 61 69 70 76 77
42 59 61 63 73 78
42 59 61 63 73 77
42 59 61 63 73 76 77
42 59 61 63 73 75 78
42 59 61 63 73 75 76
42 59 61 63 73 75 76 77
42 59 61 63 73 74 78
42 59 61 63 73 74 76 77
42 59 61 63 71 72 78
42 59 61 63 71 72 77
42 59 61 63 71 72 76 77
42 59 61 63 71 72 75 78
42 59 61 63 71 72 75 76
42 59 61 63 71 72 75 76 77
42 59 61 63 71 72 73 74 78
42 59 61 63 71 72 73 74 76 77
42 59 61 62 73 75 78
42 59 61 62 73 75 76 77
42 59 61 62 73 74 78
42 59 61 62 73 74 76 77
42 59 61 62 71 72 75 78
42 59 61 62 71 72 75 76 77
42 59 61 62 71 72 73 74 78
42 59 61 62 71 72 73 74 76 77
42 59 60 61 73
42 59 60 61 73 75 78
42 59 60 61 73 75 76 77
42 59 60 61 73 74 78
42 59 60 61 73 74 76 77
42 59 60 61 71 73
42 59 60 61 71 72 75 78
42 59 60 61 71 72 75 76 77
42 59 60 61 71 72 73 74 78
42 59 60 61 71 72 73 74 76 77
42 59 60 61 69 70 73
42 59 60 61 69 70 71 72
42 59 60 61 62 73
42 59 60 61 62 73 77
42 59 60 61 62 73 75 76
42 59 60 61 62 71 72
42 59 60 61 62 71 72 77
42 59 60 61 62 71 72 75 76
42 58 59 61 73
42 58 59 61 73 77
42 58 59 61 73 75 76
42 58 59 61 71 73
42 58 59 61 71 72 77
42 58 59 61 71 72 75 76
42 58 59 61 69 70 73
42 58 59 61 69 70 71 72
42 58 59 61 62 73
42 58 59 61 62 71 72
42 58 59 60 61 73
42 58 59 60 61 73 77
42 58 59 60 61 73 75 76
42 58 59 60 61 71 72
42 58 59 60 61 71 72 77
42 58 59 60 61 71 72 75 76
42 57 59 61 73
42 57 59 61 73 77
42 57 59 61 73 75 76
42 57 59 61 71 73
42 57 59 61 71 72 77
42 57 59 61 71 72 75 76
42 57 59 61 69 70 73
42 57 59 61 69 70 71 72
42 57 59 60 73 77
42 57 59 60 73 75 76
42 57 59 60 71 73
42 57 59 60 71 72
42 57 59 60 71 72 77
42 57 59 60 71 72 75 76
42 57 59 60 69 70 73
42 57 59 60 69 70 71 72
42 53 61 73
42 53 61 71 72
42 53 59 61 73
42 53 59 61 71 72
42 51 59 61 71
42 51 59 61 69 70
42 51 59 61 63 73
42 51 59 61 63 73 75
42 51 59 61 63 73 74
42 51 59 61 63 71 72
42 51 59 61 63 71 72 75
42 51 59 61 63 71 72 73 74
42 51 59 61 62 73 75
42 51 59 61 62 73 74
42 51 59 61 62 71 72 75
42 51 59 61 62 71 72 73 74
42 51 59 60 61 73 75
42 51 59 60 61 73 74
42 51 59 60 61 71 72 75
42 51 59 60 61 71 72 73 74
42 50 59 61 63 73
42 50 59 61 63 71 72
42 50 59 60 61 62 73
42 50 59 60 61 62 71 72
42 50 58 59 61 73
42 50 58 59 61 71 72
42 50 58 59 60 61 73
42 50 58 59 60 61 71 72
42 50 57 59 61 73
42 50 57 59 61 71 72
42 50 57 59 60 73
42 50 57 59 60 71 72
42 48 59 61 63 73 78
42 48 59 61 63 73 76 77
42 48 59 61 63 71 72 78
42 48 59 61 63 71 72 76 77
42 48 59 61 62 73 78
42 48 59 61 62 73 76 77
42 48 59 61 62 71 72 78
42 48 59 61 62 71 72 76 77
42 48 59 60 61 73 78
42 48 59 60 61 73 76 77
42 48 59 60 61 71 72 78
42 48 59 60 61 71 72 76 77
42 48 57 59 73 78
42 48 57 59 73 76 77
42 48 57 59 71 72 78
42 48 57 59 71 72 76 77
42 48 51 59 61 63 73
42 48 51 59 61 63 71 72
42 48 51 59 61 62 73
42 48 51 59 61 62 71 72
42 48 51 59 60 61 73
42 48 51 59 60 61 71 72
42 48 51 57 59 73
42 48 51 57 59 71 72
42 47 59 61 73
42 47 59 61 73 77
42 47 59 61 73 75 76
42 47 59 61 71 72
42 47 59 61 71 72 77
42 47 59 61 71 72 75 76
42 47 59 60 61 73
42 47 59 60 61 73 77
42 47 59 60 61 73 75 76
42 47 59 60 61 71 72
42 47 59 60 61 71 72 77
42 47 59 60 61 71 72 75 76
42 47 58 59 61 73
42 47 58 59 61 71 72
42 47 50 59 61 73
42 47 50 59 61 71 72
42 47 50 59 60 61 73
42 47 50 59 60 61 71 72
42 46 61
42 46 61 78 79
42 46 59 71
42 46 59 69 70
42 46 59 63
42 46 59 61 78 79
42 46 59 61 63 78
42 46 59 61 63 77
42 46 59 61 63 76 77
42 46 59 61 63 75 78
42 46 59 61 63 75 76
42 46 59 61 63 75 76 77
42 46 59 61 63 73 74 78
42 46 59 61 63 73 74 76 77
42 46 59 61 62 75 78
42 46 59 61 62 75 76 77
42 46 59 61 62 73 74 78
42 46 59 61 62 73 74 76 77
42 46 59 60 61
42 46 59 60 61 75 78
42 46 59 60 61 75 76 77
42 46 59 60 61 73 74 78
42 46 59 60 61 73 74 76 77
42 46 59 60 61 71
42 46 59 60 61 69 70
42 46 59 60 61 62
42 46 59 60 61 62 77
42 46 59 60 61 62 75 76
42 46 58 59 61
42 46 58 59 61 77
42 46 58 59 61 75 76
42 46 58 59 61 71
42 46 58 59 61 69 70
42 46 58 59 61 62
42 46 58 59 60 61
42 46 58 59 60 61 77
42 46 58 59 60 61 75 76
42 46 57 59 61
42 46 57 59 61 77
42 46 57 59 61 75 76
42 46 57 59 61 71
42 46 57 59 61 69 70
42 46 57 59 60 77
42 46 57 59 60 75 76
42 46 57 59 60 71
42 46 57 59 60 69 70
42 46 53 61
42 46 53 59 61
42 46 51 59 61 63
42 46 51 59 61 63 75
42 46 51 59 61 63 73 74
42 46 51 59 61 62 75
42 46 51 59 61 62 73 74
42 46 51 59 60 61 75
42 46 51 59 60 61 73 74
42 46 50 59 61 63
42 46 50 59 60 61 62
42 46 50 58 59 61
42 46 50 58 59 60 61
42 46 50 57 59 61
42 46 50 57 59 60
42 46 48 59 61 63 78
42 46 48 59 61 63 76 77
42 46 48 59 61 62 78
42 46 48 59 61 62 76 77
42 46 48 59 60 61 78
42 46 48 59 60 61 76 77
42 46 48 57 59 78
42 46 48 57 59 76 77
42 46 48 51 59 61 63
42 46 48 51 59 61 62
42 46 48 51 59 60 61
42 46 48 51 57 59
42 46 47 59 61
42 46 47 59 61 77
42 46 47 59 61 75 76
42 46 47 59 60 61
42 46 47 59 60 61 77
42 46 47 59 60 61 75 76
42 46 47 58 59 61
42 46 47 57 59 78
42 46 47 57 59 76 77
42 46 47 57 59 73 78
42 46 47 57 59 73 76 77
42 46 47 57 59 71 72 78
42 46 47 57 59 71 72 76 77
42 46 47 51 57 59
42 46 47 51 57 59 73
42 46 47 51 57 59 71 72
42 46 47 50 59 61
42 46 47 50 59 60 61
42 45 46 59 61
42 45 46 59 61 77
42 45 46 59 61 75 76
42 45 46 59 61 73
42 45 46 59 61 73 77
42 45 46 59 61 73 75 76
42 45 46 59 61 71 72
42 45 46 59 61 71 72 77
42 45 46 59 61 71 72 75 76
42 45 46 59 60 61
42 45 46 59 60 61 77
42 45 46 59 60 61 75 76
42 45 46 59 60 61 73
42 45 46 59 60 61 73 77
42 45 46 59 60 61 73 75 76
42 45 46 59 60 61 71 72
42 45 46 59 60 61 71 72 77
42 45 46 59 60 61 71 72 75 76
42 45 46 58 59 61
42 45 46 58 59 61 73
42 45 46 58 59 61 71 72
42 45 46 50 59 61
42 45 46 50 59 61 73
42 45 46 50 59 61 71 72
42 45 46 50 59 60 61
42 45 46 50 59 60 61 73
42 45 46 50 59 60 61 71 72
42 44 59 73
42 44 59 71 72
42 44 59 63
42 44 59 61 78
42 44 59 61 76 77
42 44 59 61 62
42 44 59 60 61 73
42 44 59 60 61 71 72
42 44 58 59 61 73
42 44 58 59 61 71 72
42 44 57 59 61 73
42 44 57 59 61 71 72
42 44 57 59 60 73
42 44 57 59 60 71 72
42 44 51 59 61
42 44 46 59
42 44 46 59 60 61
42 44 46 58 59 61
42 44 46 57 59 61
42 44 46 57 59 60
42 43 61 73 78 79
42 43 61 71 72 78 79
42 43 59 73 78
42 43 59 73 76 77
42 43 59 71 72 78
42 43 59 71 72 76 77
42 43 59 63
42 43 59 63 73
42 43 59 63 71 72
42 43 59 62 73
42 43 59 62 71 72
42 43 59 61 73 78 79
42 43 59 61 73 77
42 43 59 61 73 75 76
42 43 59 61 71 72 78 79
42 43 59 61 71 72 77
42 43 59 61 71 72 75 76
42 43 59 61 65 73
42 43 59 61 65 71 72
42 43 59 61 63 73
42 43 59 61 63 71 72
42 43 59 61 62
42 43 59 60 73
42 43 59 60 71 72
42 43 58 59 61 73
42 43 58 59 61 71 72
42 43 58 59 60 73
42 43 58 59 60 71 72
42 43 57 58 59 61 73
42 43 57 58 59 61 71 72
42 43 57 58 59 60 61 73
42 43 57 58 59 60 61 71 72
42 43 53 61 73
42 43 53 61 71 72
42 43 53 59 61 73
42 43 53 59 61 71 72
42 43 51 59 73
42 43 51 59 71 72
42 43 50 59 61 73
42 43 50 59 61 71 72
42 43 48 59 61 73 77
42 43 48 59 61 73 75 76
42 43 48 59 61 71 72 77
42 43 48 59 61 71 72 75 76
42 43 48 50 59 61 73
42 43 48 50 59 61 71 72
42 43 47 59 73
42 43 47 59 71 72
42 43 46 61 78 79
42 43 46 59 78
42 43 46 59 76 77
42 43 46 59 63
42 43 46 59 62
42 43 46 59 61 78 79
42 43 46 59 61 77
42 43 46 59 61 75 76
42 43 46 59 61 65
42 43 46 59 61 63
42 43 46 59 60
42 43 46 58 59 61
42 43 46 58 59 60
42 43 46 57 58 59 61
42 43 46 57 58 59 60 61
42 43 46 53 61
42 43 46 53 59 61
42 43 46 51 59
42 43 46 50 59 61
42 43 46 48 59 61 77
42 43 46 48 59 61 75 76
42 43 46 48 50 59 61
42 43 46 47 59
42 43 46 47 59 61 77
42 43 46 47 59 61 75 76
42 43 46 47 59 61 73 77
42 43 46 47 59 61 73 75 76
42 43 46 47 59 61 71 72 77
42 43 46 47 59 61 71 72 75 76
42 43 46 47 50 59 61
42 43 46 47 50 59 61 73
42 43 46 47 50 59 61 71 72
42 43 45 46 59
42 43 45 46 59 73
42 43 45 46 59 71 72
41 42 44 59 61 73
41 42 44 59 61 71 72
41 42 44 46 59 61
41 42 43 59 61 73
41 42 43 59 61 71 72
41 42 43 46 59 61
40 41 61 73 78 79
40 41 61 71 72 78 79
40 41 59 71 73
40 41 59 71 72
40 41 59 69 70 73
40 41 59 69 70 71 72
40 41 59 63 73
40 41 59 63 71 72
40 41 59 61 73 78 79
40 41 59 61 71 78
40 41 59 61 71 76 77
40 41 59 61 71 72 78 79
40 41 59 61 69 70 78
40 41 59 61 69 70 76 77
40 41 59 61 63 73 78
40 41 59 61 63 73 77
40 41 59 61 63 73 76 77
40 41 59 61 63 73 75 78
40 41 59 61 63 73 75 76
40 41 59 61 63 73 75 76 77
40 41 59 61 63 73 74 78
40 41 59 61 63 73 74 76 77
40 41 59 61 63 71 72 78
40 41 59 61 63 71 72 77
40 41 59 61 63 71 72 76 77
40 41 59 61 63 71 72 75 78
40 41 59 61 63 71 72 75 76
40 41 59 61 63 71 72 75 76 77
40 41 59 61 63 71 72 73 74 78
40 41 59 61 63 71 72 73 74 76 77
40 41 59 61 62 73 75 78
40 41 59 61 62 73 75 76 77
40 41 59 61 62 73 74 78
40 41 59 61 62 73 74 76 77
40 41 59 61 62 71 72 75 78
40 41 59 61 62 71 72 75 76 77
40 41 59 61 62 71 72 73 74 78
40 41 59 61 62 71 72 73 74 76 77
40 41 59 60 61 73
40 41 59 60 61 73 75 78
40 41 59 60 61 73 75 76 77
40 41 59 60 61 73 74 78
40 41 59 60 61 73 74 76 77
40 41 59 60 61 71 73
40 41 59 60 61 71 72 75 78
40 41 59 60 61 71 72 75 76 77
40 41 59 60 61 71 72 73 74 78
40 41 59 60 61 71 72 73 74 76 77
40 41 59 60 61 69 70 73
40 41 59 60 61 69 70 71 72
40 41 59 60 61 62 73
40 41 59 60 61 62 73 77
40 41 59 60 61 62 73 75 76
40 41 59 60 61 62 71 72
40 41 59 60 61 62 71 72 77
40 41 59 60 61 62 71 72 75 76
40 41 58 59 61 73
40 41 58 59 61 73 77
40 41 58 59 61 73 75 76
40 41 58 59 61 71 73
40 41 58 59 61 71 72 77
40 41 58 59 61 71 72 75 76
40 41 58 59 61 69 70 73
40 41 58 59 61 69 70 71 72
40 41 58 59 61 62 73
40 41 58 59 61 62 71 72
40 41 58 59 60 61 73
40 41 58 59 60 61 73 77
40 41 58 59 60 61 73 75 76
40 41 58 59 60 61 71 72
40 41 58 59 60 61 71 72 77
40 41 58 59 60 61 71 72 75 76
40 41 57 59 61 73
40 41 57 59 61 73 77
40 41 57 59 61 73 75 76
40 41 57 59 61 71 73
40 41 57 59 61 71 72 77
40 41 57 59 61 71 72 75 76
40 41 57 59 61 69 70 73
40 41 57 59 61 69 70 71 72
40 41 57 59 60 73 77
40 41 57 59 60 73 75 76
40 41 57 59 60 71 73
40 41 57 59 60 71 72
40 41 57 59 60 71 72 77
40 41 57 59 60 71 72 75 76
40 41 57 59 60 69 70 73
40 41 57 59 60 69 70 71 72
40 41 53 61 73
40 41 53 61 71 72
40 41 53 59 61 73
40 41 53 59 61 71 72
40 41 51 59 61 71
40 41 51 59 61 69 70
40 41 51 59 61 63 73
40 41 51 59 61 63 73 75
40 41 51 59 61 63 73 74
40 41 51 59 61 63 71 72
40 41 51 59 61 63 71 72 75
40 41 51 59 61 63 71 72 73 74
40 41 51 59 61 62 73 75
40 41 51 59 61 62 73 74
40 41 51 59 61 62 71 72 75
40 41 51 59 61 62 71 72 73 74
40 41 51 59 60 61 73 75
40 41 51 59 60 61 73 74
40 41 51 59 60 61 71 72 75
40 41 51 59 60 61 71 72 73 74
40 41 50 59 61 63 73
40 41 50 59 61 63 71 72
40 41 50 59 60 61 62 73
40 41 50 59 60 61 62 71 72
40 41 50 58 59 61 73
40 41 50 58 59 61 71 72
40 41 50 58 59 60 61 73
40 41 50 58 59 60 61 71 72
40 41 50 57 59 61 73
40 41 50 57 59 61 71 72
40 41 50 57 59 60 73
40 41 50 57 59 60 71 72
40 41 48 59 61 63 73 78
40 41 48 59 61 63 73 76 77
40 41 48 59 61 63 71 72 78
40 41 48 59 61 63 71 72 76 77
40 41 48 59 61 62 73 78
40 41 48 59 61 62 73 76 77
40 41 48 59 61 62 71 72 78
40 41 48 59 61 62 71 72 76 77
40 41 48 59 60 61 73 78
40 41 48 59 60 61 73 76 77
40 41 48 59 60 61 71 72 78
40 41 48 59 60 61 71 72 76 77
40 41 48 57 59 73 78
40 41 48 57 59 73 76 77
40 41 48 57 59 71 72 78
40 41 48 57 59 71 72 76 77
40 41 48 51 59 61 63 73
40 41 48 51 59 61 63 71 72
40 41 48 51 59 61 62 73
40 41 48 51 59 61 62 71 72
40 41 48 51 59 60 61 73
40 41 48 51 59 60 61 71 72
40 41 48 51 57 59 73
40 41 48 51 57 59 71 72
40 41 47 59 61 73
40 41 47 59 61 73 77
40 41 47 59 61 73 75 76
40 41 47 59 61 71 72
40 41 47 59 61 71 72 77
40 41 47 59 61 71 72 75 76
40 41 47 59 60 61 73
40 41 47 59 60 61 73 77
40 41 47 59 60 61 73 75 76
40 41 47 59 60 61 71 72
40 41 47 59 60 61 71 72 77
40 41 47 59 60 61 71 72 75 76
40 41 47 58 59 61 73
40 41 47 58 59 61 71 72
40 41 47 50 59 61 73
40 41 47 50 59 61 71 72
40 41 47 50 59 60 61 73
40 41 47 50 59 60 61 71 72
40 41 46 61 78 79
40 41 46 59 71
40 41 46 59 69 70
40 41 46 59 63
40 41 46 59 61 78 79
40 41 46 59 61 63 78
40 41 46 59 61 63 77
40 41 46 59 61 63 76 77
40 41 46 59 61 63 75 78
40 41 46 59 61 63 75 76
40 41 46 59 61 63 75 76 77
40 41 46 59 61 63 73 74 78
40 41 46 59 61 63 73 74 76 77
40 41 46 59 61 62 75 78
40 41 46 59 61 62 75 76 77
40 41 46 59 61 62 73 74 78
40 41 46 59 61 62 73 74 76 77
40 41 46 59 60 61
40 41 46 59 60 61 75 78
40 41 46 59 60 61 75 76 77
40 41 46 59 60 61 73 74 78
40 41 46 59 60 61 73 74 76 77
40 41 46 59 60 61 71
40 41 46 59 60 61 69 70
40 41 46 59 60 61 62
40 41 46 59 60 61 62 77
40 41 46 59 60 61 62 75 76
40 41 46 58 59 61
40 41 46 58 59 61 77
40 41 46 58 59 61 75 76
40 41 46 58 59 61 71
40 41 46 58 59 61 69 70
40 41 46 58 59 61 62
40 41 46 58 59 60 61
40 41 46 58 59 60 61 77
40 41 46 58 59 60 61 75 76
40 41 46 57 59 61
40 41 46 57 59 61 77
40 41 46 57 59 61 75 76
40 41 46 57 59 61 71
40 41 46 57 59 61 69 70
40 41 46 57 59 60 77
40 41 46 57 59 60 75 76
40 41 46 57 59 60 71
40 41 46 57 59 60 69 70
40 41 46 53 61
40 41 46 53 59 61
40 41 46 51 59 61 63
40 41 46 51 59 61 63 75
40 41 46 51 59 61 63 73 74
40 41 46 51 59 61 62 75
40 41 46 51 59 61 62 73 74
40 41 46 51 59 60 61 75
40 41 46 51 59 60 61 73 74
40 41 46 50 59 61 63
40 41 46 50 59 60 61 62
40 41 46 50 58 59 61
40 41 46 50 58 59 60 61
40 41 46 50 57 59 61
40 41 46 50 57 59 60
40 41 46 48 59 61 63 78
40 41 46 48 59 61 63 76 77
40 41 46 48 59 61 62 78
40 41 46 48 59 61 62 76 77
40 41 46 48 59 60 61 78
40 41 46 48 59 60 61 76 77
40 41 46 48 57 59 78
40 41 46 48 57 59 76 77
40 41 46 48 51 59 61 63
40 41 46 48 51 59 61 62
40 41 46 48 51 59 60 61
40 41 46 48 51 57 59
40 41 46 47 59 61
40 41 46 47 59 61 77
40 41 46 47 59 61 75 76
40 41 46 47 59 60 61
40 41 46 47 59 60 61 77
40 41 46 47 59 60 61 75 76
40 41 46 47 58 59 61
40 41 46 47 57 59 78
40 41 46 47 57 59 76 77
40 41 46 47 57 59 73 78
40 41 46 47 57 59 73 76 77
40 41 46 47 57 59 71 72 78
40 41 46 47 57 59 71 72 76 77
40 41 46 47 51 57 59
40 41 46 47 51 57 59 73
40 41 46 47 51 57 59 71 72
40 41 46 47 50 59 61
40 41 46 47 50 59 60 61
40 41 45 46 59 61
40 41 45 46 59 61 77
40 41 45 46 59 61 75 76
40 41 45 46 59 61 73
40 41 45 46 59 61 73 77
40 41 45 46 59 61 73 75 76
40 41 45 46 59 61 71 72
40 41 45 46 59 61 71 72 77
40 41 45 46 59 61 71 72 75 76
40 41 45 46 59 60 61
40 41 45 46 59 60 61 77
40 41 45 46 59 60 61 75 76
40 41 45 46 59 60 61 73
40 41 45 46 59 60 61 73 77
40 41 45 46 59 60 61 73 75 76
40 41 45 46 59 60 61 71 72
40 41 45 46 59 60 61 71 72 77
40 41 45 46 59 60 61 71 72 75 76
40 41 45 46 58 59 61
40 41 45 46 58 59 61 73
40 41 45 46 58 59 61 71 72
40 41 45 46 50 59 61
40 41 45 46 50 59 61 73
40 41 45 46 50 59 61 71 72
40 41 45 46 50 59 60 61
40 41 45 46 50 59 60 61 73
40 41 45 46 50 59 60 61 71 72
40 41 44 59 73
40 41 44 59 71 72
40 41 44 59 63
40 41 44 59 61 78
40 41 44 59 61 76 77
40 41 44 59 61 62
40 41 44 59 60 61 73
40 41 44 59 60 61 71 72
40 41 44 58 59 61 73
40 41 44 58 59 61 71 72
40 41 44 57 59 61 73
40 41 44 57 59 61 71 72
40 41 44 57 59 60 73
40 41 44 57 59 60 71 72
40 41 44 51 59 61
40 41 44 46 59
40 41 44 46 59 60 61
40 41 44 46 58 59 61
40 41 44 46 57 59 61
40 41 44 46 57 59 60
40 41 42 43 59 63
40 41 42 43 59 61 62
36 42 59 61 73
36 42 59 61 73 77
36 42 59 61 73 75 78
36 42 59 61 73 75 76
36 42 59 61 73 75 76 77
36 42 59 61 73 74 78
36 42 59 61 73 74 76 77
36 42 59 61 71 72
36 42 59 61 71 72 77
36 42 59 61 71 72 75 78
36 42 59 61 71 72 75 76
36 42 59 61 71 72 75 76 77
36 42 59 61 71 72 73 74 78
36 42 59 61 71 72 73 74 76 77
36 42 51 59 61 73 75
36 42 51 59 61 73 74
36 42 51 59 61 71 72 75
36 42 51 59 61 71 72 73 74
36 42 50 59 61 73
36 42 50 59 61 71 72
36 42 48 59 61 73 78
36 42 48 59 61 73 76 77
36 42 48 59 61 71 72 78
36 42 48 59 61 71 72 76 77
36 42 48 51 59 61 73
36 42 48 51 59 61 71 72
36 42 46 59 61
36 42 46 59 61 77
36 42 46 59 61 75 78
36 42 46 59 61 75 76
36 42 46 59 61 75 76 77
36 42 46 59 61 73 74 78
36 42 46 59 61 73 74 76 77
36 42 46 51 59 61 75
36 42 46 51 59 61 73 74
36 42 46 50 59 61
36 42 46 48 59 61 78
36 42 46 48 59 61 76 77
36 42 46 48 51 59 61
36 42 44 59
36 42 43 59
36 40 41 59 61 73
36 40 41 59 61 73 77
36 40 41 59 61 73 75 78
36 40 41 59 61 73 75 76
36 40 41 59 61 73 75 76 77
36 40 41 59 61 73 74 78
36 40 41 59 61 73 74 76 77
36 40 41 59 61 71 72
36 40 41 59 61 71 72 77
36 40 41 59 61 71 72 75 78
36 40 41 59 61 71 72 75 76
36 40 41 59 61 71 72 75 76 77
36 40 41 59 61 71 72 73 74 78
36 40 41 59 61 71 72 73 74 76 77
36 40 41 51 59 61 73 75
36 40 41 51 59 61 73 74
36 40 41 51 59 61 71 72 75
36 40 41 51 59 61 71 72 73 74
36 40 41 50 59 61 73
36 40 41 50 59 61 71 72
36 40 41 48 59 61 73 78
36 40 41 48 59 61 73 76 77
36 40 41 48 59 61 71 72 78
36 40 41 48 59 61 71 72 76 77
36 40 41 48 51 59 61 73
36 40 41 48 51 59 61 71 72
36 40 41 46 59 61
36 40 41 46 59 61 77
36 40 41 46 59 61 75 78
36 40 41 46 59 61 75 76
36 40 41 46 59 61 75 76 77
36 40 41 46 59 61 73 74 78
36 40 41 46 59 61 73 74 76 77
36 40 41 46 51 59 61 75
36 40 41 46 51 59 61 73 74
36 40 41 46 50 59 61
36 40 41 46 48 59 61 78
36 40 41 46 48 59 61 76 77
36 40 41 46 48 51 59 61
36 40 41 44 59
36 40 41 42 43 59
35 46 59
35 46 59 73
35 46 59 71 72
35 44 59 73
35 44 59 71 72
35 44 46 59
35 44 45 59 73
35 44 45 59 71 72
35 44 45 46 59
35 42 59 61 73
35 42 59 61 73 77
35 42 59 61 73 75 76
35 42 59 61 71 72
35 42 59 61 71 72 77
35 42 59 61 71 72 75 76
35 42 59 60 61 73
35 42 59 60 61 73 77
35 42 59 60 61 73 75 76
35 42 59 60 61 71 72
35 42 59 60 61 71 72 77
35 42 59 60 61 71 72 75 76
35 42 58 59 61 73
35 42 58 59 61 71 72
35 42 50 59 61 73
35 42 50 59 61 71 72
35 42 50 59 60 61 73
35 42 50 59 60 61 71 72
35 42 46 59 61
35 42 46 59 61 77
35 42 46 59 61 75 76
35 42 46 59 60 61
35 42 46 59 60 61 77
35 42 46 59 60 61 75 76
35 42 46 58 59 61
35 42 46 50 59 61
35 42 46 50 59 60 61
35 42 43 59 73
35 42 43 59 71 72
35 42 43 46 59
35 40 41 59 61 73
35 40 41 59 61 73 77
35 40 41 59 61 73 75 76
35 40 41 59 61 71 72
35 40 41 59 61 71 72 77
35 40 41 59 61 71 72 75 76
35 40 41 59 60 61 73
35 40 41 59 60 61 73 77
35 40 41 59 60 61 73 75 76
35 40 41 59 60 61 71 72
35 40 41 59 60 61 71 72 77
35 40 41 59 60 61 71 72 75 76
35 40 41 58 59 61 73
35 40 41 58 59 61 71 72
35 40 41 50 59 61 73
35 40 41 50 59 61 71 72
35 40 41 50 59 60 61 73
35 40 41 50 59 60 61 71 72
35 40 41 46 59 61
35 40 41 46 59 61 77
35 40 41 46 59 61 75 76
35 40 41 46 59 60 61
35 40 41 46 59 60 61 77
35 40 41 46 59 60 61 75 76
35 40 41 46 58 59 61
35 40 41 46 50 59 61
35 40 41 46 50 59 60 61
34 57 59 75
34 57 59 73 74
34 48 57 59
34 46 59 60
34 46 59 60 73
34 46 59 60 71 72
34 46 58 59
34 46 58 59 73
34 46 58 59 71 72
34 44 59 60 73
34 44 59 60 71 72
34 44 58 59 73
34 44 58 59 71 72
34 44 57 59 60 61 73
34 44 57 59 60 61 71 72
34 44 57 58 59 61 73
34 44 57 58 59 61 71 72
34 44 46 59 60
34 44 46 58 59
34 44 46 57 59 60 61
34 44 46 57 58 59 61
34 44 45 59 60 73
34 44 45 59 60 71 72
34 44 45 58 59 73
34 44 45 58 59 71 72
34 44 45 46 59 60
34 44 45 46 58 59
34 42 61 73 75 78
34 42 61 73 75 76 77
34 42 61 73 74 78
34 42 61 73 74 76 77
34 42 61 71 72 75 78
34 42 61 71 72 75 76 77
34 42 61 71 72 73 74 78
34 42 61 71 72 73 74 76 77
34 42 59 61 62 73 77
34 42 59 61 62 73 75 76
34 42 59 61 62 71 72 77
34 42 59 61 62 71 72 75 76
34 42 58 59 61 73 77
34 42 58 59 61 73 75 76
34 42 58 59 61 71 72 77
34 42 58 59 61 71 72 75 76
34 42 57 59 73 77
34 42 57 59 73 75 76
34 42 57 59 71 73
34 42 57 59 71 72
34 42 57 59 71 72 77
34 42 57 59 71 72 75 76
34 42 57 59 69 70 73
34 42 57 59 69 70 71 72
34 42 51 61 73 75
34 42 51 61 73 74
34 42 51 61 71 72 75
34 42 51 61 71 72 73 74
34 42 50 59 61 62 73
34 42 50 59 61 62 71 72
34 42 50 58 59 61 73
34 42 50 58 59 61 71 72
34 42 50 57 59 73
34 42 50 57 59 71 72
34 42 48 61 73 78
34 42 48 61 73 76 77
34 42 48 61 71 72 78
34 42 48 61 71 72 76 77
34 42 48 51 61 73
34 42 48 51 61 71 72
34 42 47 59 61 73 77
34 42 47 59 61 73 75 76
34 42 47 59 61 71 72 77
34 42 47 59 61 71 72 75 76
34 42 47 50 59 61 73
34 42 47 50 59 61 71 72
34 42 46 61 75 78
34 42 46 61 75 76 77
34 42 46 61 73 74 78
34 42 46 61 73 74 76 77
34 42 46 59 61 62 77
34 42 46 59 61 62 75 76
34 42 46 58 59 61 77
34 42 46 58 59 61 75 76
34 42 46 57 59 77
34 42 46 57 59 75 76
34 42 46 57 59 71
34 42 46 57 59 69 70
34 42 46 51 61 75
34 42 46 51 61 73 74
34 42 46 50 59 61 62
34 42 46 50 58 59 61
34 42 46 50 57 59
34 42 46 48 61 78
34 42 46 48 61 76 77
34 42 46 48 51 61
34 42 46 47 59 61 77
34 42 46 47 59 61 75 76
34 42 46 47 50 59 61
34 42 45 46 59 61 77
34 42 45 46 59 61 75 76
34 42 45 46 59 61 73 77
34 42 45 46 59 61 73 75 76
34 42 45 46 59 61 71 72 77
34 42 45 46 59 61 71 72 75 76
34 42 45 46 50 59 61
34 42 45 46 50 59 61 73
34 42 45 46 50 59 61 71 72
34 42 44 57 59 73
34 42 44 57 59 71 72
34 42 44 46 57 59
34 42 43 59 60 73
34 42 43 59 60 71 72
34 42 43 58 59 73
34 42 43 58 59 71 72
34 42 43 57 59 60 61 73
34 42 43 57 59 60 61 71 72
34 42 43 57 58 59 61 73
34 42 43 57 58 59 61 71 72
34 42 43 46 59 60
34 42 43 46 58 59
34 42 43 46 57 59 60 61
34 42 43 46 57 58 59 61
34 40 41 61 73 75 78
34 40 41 61 73 75 76 77
34 40 41 61 73 74 78
34 40 41 61 73 74 76 77
34 40 41 61 71 72 75 78
34 40 41 61 71 72 75 76 77
34 40 41 61 71 72 73 74 78
34 40 41 61 71 72 73 74 76 77
34 40 41 59 61 62 73 77
34 40 41 59 61 62 73 75 76
34 40 41 59 61 62 71 72 77
34 40 41 59 61 62 71 72 75 76
34 40 41 58 59 61 73 77
34 40 41 58 59 61 73 75 76
34 40 41 58 59 61 71 72 77
34 40 41 58 59 61 71 72 75 76
34 40 41 57 59 73 77
34 40 41 57 59 73 75 76
34 40 41 57 59 71 73
34 40 41 57 59 71 72
34 40 41 57 59 71 72 77
34 40 41 57 59 71 72 75 76
34 40 41 57 59 69 70 73
34 40 41 57 59 69 70 71 72
34 40 41 51 61 73 75
34 40 41 51 61 73 74
34 40 41 51 61 71 72 75
34 40 41 51 61 71 72 73 74
34 40 41 50 59 61 62 73
34 40 41 50 59 61 62 71 72
34 40 41 50 58 59 61 73
34 40 41 50 58 59 61 71 72
34 40 41 50 57 59 73
34 40 41 50 57 59 71 72
34 40 41 48 61 73 78
34 40 41 48 61 73 76 77
34 40 41 48 61 71 72 78
34 40 41 48 61 71 72 76 77
34 40 41 48 51 61 73
34 40 41 48 51 61 71 72
34 40 41 47 59 61 73 77
34 40 41 47 59 61 73 75 76
34 40 41 47 59 61 71 72 77
34 40 41 47 59 61 71 72 75 76
34 40 41 47 50 59 61 73
34 40 41 47 50 59 61 71 72
34 40 41 46 61 75 78
34 40 41 46 61 75 76 77
34 40 41 46 61 73 74 78
34 40 41 46 61 73 74 76 77
34 40 41 46 59 61 62 77
34 40 41 46 59 61 62 75 76
34 40 41 46 58 59 61 77
34 40 41 46 58 59 61 75 76
34 40 41 46 57 59 77
34 40 41 46 57 59 75 76
34 40 41 46 57 59 71
34 40 41 46 57 59 69 70
34 40 41 46 51 61 75
34 40 41 46 51 61 73 74
34 40 41 46 50 59 61 62
34 40 41 46 50 58 59 61
34 40 41 46 50 57 59
34 40 41 46 48 61 78
34 40 41 46 48 61 76 77
34 40 41 46 48 51 61
34 40 41 46 47 59 61 77
34 40 41 46 47 59 61 75 76
34 40 41 46 47 50 59 61
34 40 41 45 46 59 61 77
34 40 41 45 46 59 61 75 76
34 40 41 45 46 59 61 73 77
34 40 41 45 46 59 61 73 75 76
34 40 41 45 46 59 61 71 72 77
34 40 41 45 46 59 61 71 72 75 76
34 40 41 45 46 50 59 61
34 40 41 45 46 50 59 61 73
34 40 41 45 46 50 59 61 71 72
34 40 41 44 57 59 73
34 40 41 44 57 59 71 72
34 40 41 44 46 57 59
34 35 42 59 61 73 77
34 35 42 59 61 73 75 76
34 35 42 59 61 71 72 77
34 35 42 59 61 71 72 75 76
34 35 42 50 59 61 73
34 35 42 50 59 61 71 72
34 35 42 46 59 61 77
34 35 42 46 59 61 75 76
34 35 42 46 50 59 61
34 35 40 41 59 61 73 77
34 35 40 41 59 61 73 75 76
34 35 40 41 59 61 71 72 77
34 35 40 41 59 61 71 72 75 76
34 35 40 41 50 59 61 73
34 35 40 41 50 59 61 71 72
34 35 40 41 46 59 61 77
34 35 40 41 46 59 61 75 76
34 35 40 41 46 50 59 61
33 55 61 78
33 55 61 76 77
33 55 59 61 78
33 55 59 61 76 77
33 51 55 61
33 51 55 59 61
33 46 59 61
33 46 59 61 73
33 46 59 61 71 72
33 46 59 60
33 46 59 60 73
33 46 59 60 71 72
33 44 59 61 73
33 44 59 61 71 72
33 44 59 60 73
33 44 59 60 71 72
33 44 57 59 61 73
33 44 57 59 61 71 72
33 44 57 59 60 61 73
33 44 57 59 60 61 71 72
33 44 46 59 61
33 44 46 59 60
33 44 46 57 59 61
33 44 46 57 59 60 61
33 44 45 59 61 73
33 44 45 59 61 71 72
33 44 45 59 60 73
33 44 45 59 60 71 72
33 44 45 46 59 61
33 44 45 46 59 60
33 42 59 61 73
33 42 59 61 73 77
33 42 59 61 73 75 76
33 42 59 61 71 73
33 42 59 61 71 72 77
33 42 59 61 71 72 75 76
33 42 59 61 69 70 73
33 42 59 61 69 70 71 72
33 42 59 61 62 73
33 42 59 61 62 71 72
33 42 59 60 61 73
33 42 59 60 61 73 77
33 42 59 60 61 73 75 76
33 42 59 60 61 71 72
33 42 59 60 61 71 72 77
33 42 59 60 61 71 72 75 76
33 42 50 59 61 73
33 42 50 59 61 71 72
33 42 50 59 60 61 73
33 42 50 59 60 61 71 72
33 42 47 59 61 73
33 42 47 59 61 71 72
33 42 46 59 61
33 42 46 59 61 77
33 42 46 59 61 75 76
33 42 46 59 61 71
33 42 46 59 61 69 70
33 42 46 59 61 62
33 42 46 59 60 61
33 42 46 59 60 61 77
33 42 46 59 60 61 75 76
33 42 46 50 59 61
33 42 46 50 59 60 61
33 42 46 47 59 61
33 42 45 46 59 61
33 42 45 46 59 61 73
33 42 45 46 59 61 71 72
33 42 44 59 61 73
33 42 44 59 61 71 72
33 42 44 46 59 61
33 42 43 59 61 73
33 42 43 59 61 71 72
33 42 43 59 60 73
33 42 43 59 60 71 72
33 42 43 57 59 61 73
33 42 43 57 59 61 71 72
33 42 43 57 59 60 61 73
33 42 43 57 59 60 61 71 72
33 42 43 46 59 61
33 42 43 46 59 60
33 42 43 46 57 59 61
33 42 43 46 57 59 60 61
33 40 41 59 61 73
33 40 41 59 61 73 77
33 40 41 59 61 73 75 76
33 40 41 59 61 71 73
33 40 41 59 61 71 72 77
33 40 41 59 61 71 72 75 76
33 40 41 59 61 69 70 73
33 40 41 59 61 69 70 71 72
33 40 41 59 61 62 73
33 40 41 59 61 62 71 72
33 40 41 59 60 61 73
33 40 41 59 60 61 73 77
33 40 41 59 60 61 73 75 76
33 40 41 59 60 61 71 72
33 40 41 59 60 61 71 72 77
33 40 41 59 60 61 71 72 75 76
33 40 41 50 59 61 73
33 40 41 50 59 61 71 72
33 40 41 50 59 60 61 73
33 40 41 50 59 60 61 71 72
33 40 41 47 59 61 73
33 40 41 47 59 61 71 72
33 40 41 46 59 61
33 40 41 46 59 61 77
33 40 41 46 59 61 75 76
33 40 41 46 59 61 71
33 40 41 46 59 61 69 70
33 40 41 46 59 61 62
33 40 41 46 59 60 61
33 40 41 46 59 60 61 77
33 40 41 46 59 60 61 75 76
33 40 41 46 50 59 61
33 40 41 46 50 59 60 61
33 40 41 46 47 59 61
33 40 41 45 46 59 61
33 40 41 45 46 59 61 73
33 40 41 45 46 59 61 71 72
33 40 41 44 59 61 73
33 40 41 44 59 61 71 72
33 40 41 44 46 59 61
33 35 42 59 61 73
33 35 42 59 61 71 72
33 35 42 46 59 61
33 35 40 41 59 61 73
33 35 40 41 59 61 71 72
33 35 40 41 46 59 61
33 34 46 59
33 34 46 59 73
33 34 46 59 71 72
33 34 44 59 73
33 34 44 59 71 72
33 34 44 57 59 61 73
33 34 44 57 59 61 71 72
33 34 44 46 59
33 34 44 46 57 59 61
33 34 44 45 59 73
33 34 44 45 59 71 72
33 34 44 45 46 59
33 34 42 59 61 73 77
33 34 42 59 61 73 75 76
33 34 42 59 61 71 72 77
33 34 42 59 61 71 72 75 76
33 34 42 50 59 61 73
33 34 42 50 59 61 71 72
33 34 42 46 59 61 77
33 34 42 46 59 61 75 76
33 34 42 46 50 59 61
33 34 42 43 59 73
33 34 42 43 59 71 72
33 34 42 43 57 59 61 73
33 34 42 43 57 59 61 71 72
33 34 42 43 46 59
33 34 42 43 46 57 59 61
33 34 40 41 59 61 73 77
33 34 40 41 59 61 73 75 76
33 34 40 41 59 61 71 72 77
33 34 40 41 59 61 71 72 75 76
33 34 40 41 50 59 61 73
33 34 40 41 50 59 61 71 72
33 34 40 41 46 59 61 77
33 34 40 41 46 59 61 75 76
33 34 40 41 46 50 59 61
32 55 69
32 55 67 68
32 44 59 61 73
32 44 59 61 71 72
32 44 46 59 61
32 42 55
32 42 43 59 61 73
32 42 43 59 61 71 72
32 42 43 46 59 61
31 59 61 73
31 59 61 71 72
31 46 59 61
31 44 59 61 73
31 44 59 61 71 72
31 44 46 59 61
31 42 43 59 61 73
31 42 43 59 61 71 72
31 42 43 46 59 61
30 42 59 63 73 78
30 42 59 63 73 76 77
30 42 59 63 71 72 78
30 42 59 63 71 72 76 77
30 42 59 61 73 78
30 42 59 61 73 76 77
30 42 59 61 71 72 78
30 42 59 61 71 72 76 77
30 42 51 59 63 73
30 42 51 59 63 71 72
30 42 51 59 61 73
30 42 51 59 61 71 72
30 42 46 59 63 78
30 42 46 59 63 76 77
30 42 46 59 61 78
30 42 46 59 61 76 77
30 42 46 51 59 63
30 42 46 51 59 61
30 40 41 59 63 73 78
30 40 41 59 63 73 76 77
30 40 41 59 63 71 72 78
30 40 41 59 63 71 72 76 77
30 40 41 59 61 73 78
30 40 41 59 61 73 76 77
30 40 41 59 61 71 72 78
30 40 41 59 61 71 72 76 77
30 40 41 51 59 63 73
30 40 41 51 59 63 71 72
30 40 41 51 59 61 73
30 40 41 51 59 61 71 72
30 40 41 46 59 63 78
30 40 41 46 59 63 76 77
30 40 41 46 59 61 78
30 40 41 46 59 61 76 77
30 40 41 46 51 59 63
30 40 41 46 51 59 61
29 30 59 61 73
29 30 59 61 71 72
29 30 46 59 61
28 29 42 59 63 73 78
28 29 42 59 63 73 76 77
28 29 42 59 63 71 72 78
28 29 42 59 63 71 72 76 77
28 29 42 59 61 73 78
28 29 42 59 61 73 76 77
28 29 42 59 61 71 72 78
28 29 42 59 61 71 72 76 77
28 29 42 51 59 63 73
28 29 42 51 59 63 71 72
28 29 42 51 59 61 73
28 29 42 51 59 61 71 72
28 29 42 46 59 63 78
28 29 42 46 59 63 76 77
28 29 42 46 59 61 78
28 29 42 46 59 61 76 77
28 29 42 46 51 59 63
28 29 42 46 51 59 61
28 29 40 41 59 63 73 78
28 29 40 41 59 63 73 76 77
28 29 40 41 59 63 71 72 78
28 29 40 41 59 63 71 72 76 77
28 29 40 41 59 61 73 78
28 29 40 41 59 61 73 76 77
28 29 40 41 59 61 71 72 78
28 29 40 41 59 61 71 72 76 77
28 29 40 41 51 59 63 73
28 29 40 41 51 59 63 71 72
28 29 40 41 51 59 61 73
28 29 40 41 51 59 61 71 72
28 29 40 41 46 59 63 78
28 29 40 41 46 59 63 76 77
28 29 40 41 46 59 61 78
28 29 40 41 46 59 61 76 77
28 29 40 41 46 51 59 63
28 29 40 41 46 51 59 61
28 29 31 44 59 61 73
28 29 31 44 59 61 71 72
28 29 31 44 46 59 61
28 29 31 42 43 59 61 73
28 29 31 42 43 59 61 71 72
28 29 31 42 43 46 59 61
28 29 30 44 59 61 73
28 29 30 44 59 61 71 72
28 29 30 44 46 59 61
28 29 30 42 43 59 61 73
28 29 30 42 43 59 61 71 72
28 29 30 42 43 46 59 61
21 44 59 61 73 77
21 44 59 61 73 75 76
21 44 59 61 71 72 77
21 44 59 61 71 72 75 76
21 44 50 59 61 73
21 44 50 59 61 71 72
21 44 46 59 61 77
21 44 46 59 61 75 76
21 44 46 50 59 61
21 42 57 59 73 78
21 42 57 59 73 76 77
21 42 57 59 71 72 78
21 42 57 59 71 72 76 77
21 42 51 57 59 73
21 42 51 57 59 71 72
21 42 46 57 59 78
21 42 46 57 59 76 77
21 42 46 51 57 59
21 42 43 59 61 73 77
21 42 43 59 61 73 75 76
21 42 43 59 61 71 72 77
21 42 43 59 61 71 72 75 76
21 42 43 50 59 61 73
21 42 43 50 59 61 71 72
21 42 43 46 59 61 77
21 42 43 46 59 61 75 76
21 42 43 46 50 59 61
21 40 41 57 59 73 78
21 40 41 57 59 73 76 77
21 40 41 57 59 71 72 78
21 40 41 57 59 71 72 76 77
21 40 41 51 57 59 73
21 40 41 51 57 59 71 72
21 40 41 46 57 59 78
21 40 41 46 57 59 76 77
21 40 41 46 51 57 59
20 46 59
20 46 59 73
20 46 59 71 72
20 44 59 73
20 44 59 71 72
20 44 46 59
20 44 45 59 73
20 44 45 59 71 72
20 44 45 46 59
20 42 59 61 73
20 42 59 61 73 77
20 42 59 61 73 75 76
20 42 59 61 71 72
20 42 59 61 71 72 77
20 42 59 61 71 72 75 76
20 42 59 60 61 73
20 42 59 60 61 73 77
20 42 59 60 61 73 75 76
20 42 59 60 61 71 72
20 42 59 60 61 71 72 77
20 42 59 60 61 71 72 75 76
20 42 58 59 61 73
20 42 58 59 61 71 72
20 42 50 59 61 73
20 42 50 59 61 71 72
20 42 50 59 60 61 73
20 42 50 59 60 61 71 72
20 42 46 59 61
20 42 46 59 61 77
20 42 46 59 61 75 76
20 42 46 59 60 61
20 42 46 59 60 61 77
20 42 46 59 60 61 75 76
20 42 46 58 59 61
20 42 46 50 59 61
20 42 46 50 59 60 61
20 42 43 59 73
20 42 43 59 71 72
20 42 43 46 59
20 40 41 59 61 73
20 40 41 59 61 73 77
20 40 41 59 61 73 75 76
20 40 41 59 61 71 72
20 40 41 59 61 71 72 77
20 40 41 59 61 71 72 75 76
20 40 41 59 60 61 73
20 40 41 59 60 61 73 77
20 40 41 59 60 61 73 75 76
20 40 41 59 60 61 71 72
20 40 41 59 60 61 71 72 77
20 40 41 59 60 61 71 72 75 76
20 40 41 58 59 61 73
20 40 41 58 59 61 71 72
20 40 41 50 59 61 73
20 40 41 50 59 61 71 72
20 40 41 50 59 60 61 73
20 40 41 50 59 60 61 71 72
20 40 41 46 59 61
20 40 41 46 59 61 77
20 40 41 46 59 61 75 76
20 40 41 46 59 60 61
20 40 41 46 59 60 61 77
20 40 41 46 59 60 61 75 76
20 40 41 46 58 59 61
20 40 41 46 50 59 61
20 40 41 46 50 59 60 61
20 34 42 59 61 73 77
20 34 42 59 61 73 75 76
20 34 42 59 61 71 72 77
20 34 42 59 61 71 72 75 76
20 34 42 50 59 61 73
20 34 42 50 59 61 71 72
20 34 42 46 59 61 77
20 34 42 46 59 61 75 76
20 34 42 46 50 59 61
20 34 40 41 59 61 73 77
20 34 40 41 59 61 73 75 76
20 34 40 41 59 61 71 72 77
20 34 40 41 59 61 71 72 75 76
20 34 40 41 50 59 61 73
20 34 40 41 50 59 61 71 72
20 34 40 41 46 59 61 77
20 34 40 41 46 59 61 75 76
20 34 40 41 46 50 59 61
20 33 42 59 61 73
20 33 42 59 61 71 72
20 33 42 46 59 61
20 33 40 41 59 61 73
20 33 40 41 59 61 71 72
20 33 40 41 46 59 61
19 59 62 73
19 59 62 71 72
19 59 60 73
19 59 60 71 72
19 58 59 61 73
19 58 59 61 71 72
19 58 59 60 73
19 58 59 60 71 72
19 47 59 73
19 47 59 71 72
19 46 59 62
19 46 59 60
19 46 58 59 61
19 46 58 59 60
19 46 47 59
19 45 46 59
19 45 46 59 73
19 45 46 59 71 72
19 35 59 73
19 35 59 71 72
19 35 46 59
19 34 59 60 73
19 34 59 60 71 72
19 34 58 59 73
19 34 58 59 71 72
19 34 46 59 60
19 34 46 58 59
19 33 59 61 73
19 33 59 61 71 72
19 33 59 60 73
19 33 59 60 71 72
19 33 46 59 61
19 33 46 59 60
19 33 34 59 73
19 33 34 59 71 72
19 33 34 46 59
19 20 59 73
19 20 59 71 72
19 20 46 59
17 61 73 78 79
17 61 71 72 78 79
17 59 73 78
17 59 73 76 77
17 59 71 72 78
17 59 71 72 76 77
17 59 63 73
17 59 63 71 72
17 59 62 73
17 59 62 71 72
17 59 61 73 78 79
17 59 61 73 77
17 59 61 73 75 76
17 59 61 71 72 78 79
17 59 61 71 72 77
17 59 61 71 72 75 76
17 59 61 65 73
17 59 61 65 71 72
17 59 61 63 73
17 59 61 63 71 72
17 59 60 73
17 59 60 71 72
17 58 59 61 73
17 58 59 61 71 72
17 58 59 60 73
17 58 59 60 71 72
17 57 58 59 61 73
17 57 58 59 61 71 72
17 57 58 59 60 61 73
17 57 58 59 60 61 71 72
17 53 61 73
17 53 61 71 72
17 53 59 61 73
17 53 59 61 71 72
17 51 59 73
17 51 59 71 72
17 50 59 61 73
17 50 59 61 71 72
17 48 59 61 73 77
17 48 59 61 73 75 76
17 48 59 61 71 72 77
17 48 59 61 71 72 75 76
17 48 50 59 61 73
17 48 50 59 61 71 72
17 47 59 73
17 47 59 71 72
17 46 61 78 79
17 46 59 78
17 46 59 76 77
17 46 59 63
17 46 59 62
17 46 59 61 78 79
17 46 59 61 77
17 46 59 61 75 76
17 46 59 61 65
17 46 59 61 63
17 46 59 60
17 46 58 59 61
17 46 58 59 60
17 46 57 58 59 61
17 46 57 58 59 60 61
17 46 53 61
17 46 53 59 61
17 46 51 59
17 46 50 59 61
17 46 48 59 61 77
17 46 48 59 61 75 76
17 46 48 50 59 61
17 46 47 59
17 46 47 59 61 77
17 46 47 59 61 75 76
17 46 47 59 61 73 77
17 46 47 59 61 73 75 76
17 46 47 59 61 71 72 77
17 46 47 59 61 71 72 75 76
17 46 47 50 59 61
17 46 47 50 59 61 73
17 46 47 50 59 61 71 72
17 45 46 59
17 45 46 59 73
17 45 46 59 71 72
17 44 59 61 73
17 44 59 61 71 72
17 44 46 59 61
17 43 59 61 73
17 43 59 61 71 72
17 43 46 59 61
17 42 59 63
17 42 59 61 62
17 42 43 59 61 73
17 42 43 59 61 71 72
17 42 43 46 59 61
17 41 42 59 61 73
17 41 42 59 61 71 72
17 41 42 46 59 61
17 40 41 59 63
17 40 41 59 61 62
17 36 42 59
17 36 40 41 59
17 35 59 73
17 35 59 71 72
17 35 46 59
17 34 59 60 73
17 34 59 60 71 72
17 34 58 59 73
17 34 58 59 71 72
17 34 57 59 60 61 73
17 34 57 59 60 61 71 72
17 34 57 58 59 61 73
17 34 57 58 59 61 71 72
17 34 46 59 60
17 34 46 58 59
17 34 46 57 59 60 61
17 34 46 57 58 59 61
17 33 59 61 73
17 33 59 61 71 72
17 33 59 60 73
17 33 59 60 71 72
17 33 57 59 61 73
17 33 57 59 61 71 72
17 33 57 59 60 61 73
17 33 57 59 60 61 71 72
17 33 46 59 61
17 33 46 59 60
17 33 46 57 59 61
17 33 46 57 59 60 61
17 33 34 59 73
17 33 34 59 71 72
17 33 34 57 59 61 73
17 33 34 57 59 61 71 72
17 33 34 46 59
17 33 34 46 57 59 61
17 32 59 61 73
17 32 59 61 71 72
17 32 46 59 61
17 31 59 61 73
17 31 59 61 71 72
17 31 46 59 61
17 28 29 31 59 61 73
17 28 29 31 59 61 71 72
17 28 29 31 46 59 61
17 28 29 30 59 61 73
17 28 29 30 59 61 71 72
17 28 29 30 46 59 61
17 21 59 61 73 77
17 21 59 61 73 75 76
17 21 59 61 71 72 77
17 21 59 61 71 72 75 76
17 21 50 59 61 73
17 21 50 59 61 71 72
17 21 46 59 61 77
17 21 46 59 61 75 76
17 21 46 50 59 61
17 20 59 73
17 20 59 71 72
17 20 46 59
16 44 59 61 73
16 44 59 61 71 72
16 44 46 59 61
16 42 43 59 61 73
16 42 43 59 61 71 72
16 42 43 46 59 61
16 17 59 61 73
16 17 59 61 71 72
16 17 46 59 61
15 61 73 78 79
15 61 71 72 78 79
15 59 71 73
15 59 71 72
15 59 69 70 73
15 59 69 70 71 72
15 59 63 73
15 59 63 71 72
15 59 61 73 78 79
15 59 61 71 78
15 59 61 71 76 77
15 59 61 71 72 78 79
15 59 61 69 70 78
15 59 61 69 70 76 77
15 59 61 63 73 78
15 59 61 63 73 77
15 59 61 63 73 76 77
15 59 61 63 73 75 78
15 59 61 63 73 75 76
15 59 61 63 73 75 76 77
15 59 61 63 73 74 78
15 59 61 63 73 74 76 77
15 59 61 63 71 72 78
15 59 61 63 71 72 77
15 59 61 63 71 72 76 77
15 59 61 63 71 72 75 78
15 59 61 63 71 72 75 76
15 59 61 63 71 72 75 76 77
15 59 61 63 71 72 73 74 78
15 59 61 63 71 72 73 74 76 77
15 59 61 62 73 75 78
15 59 61 62 73 75 76 77
15 59 61 62 73 74 78
15 59 61 62 73 74 76 77
15 59 61 62 71 72 75 78
15 59 61 62 71 72 75 76 77
15 59 61 62 71 72 73 74 78
15 59 61 62 71 72 73 74 76 77
15 59 60 61 73
15 59 60 61 73 75 78
15 59 60 61 73 75 76 77
15 59 60 61 73 74 78
15 59 60 61 73 74 76 77
15 59 60 61 71 73
15 59 60 61 71 72 75 78
15 59 60 61 71 72 75 76 77
15 59 60 61 71 72 73 74 78
15 59 60 61 71 72 73 74 76 77
15 59 60 61 69 70 73
15 59 60 61 69 70 71 72
15 59 60 61 62 73
15 59 60 61 62 73 77
15 59 60 61 62 73 75 76
15 59 60 61 62 71 72
15 59 60 61 62 71 72 77
15 59 60 61 62 71 72 75 76
15 58 59 61 73
15 58 59 61 73 77
15 58 59 61 73 75 76
15 58 59 61 71 73
15 58 59 61 71 72 77
15 58 59 61 71 72 75 76
15 58 59 61 69 70 73
15 58 59 61 69 70 71 72
15 58 59 61 62 73
15 58 59 61 62 71 72
15 58 59 60 61 73
15 58 59 60 61 73 77
15 58 59 60 61 73 75 76
15 58 59 60 61 71 72
15 58 59 60 61 71 72 77
15 58 59 60 61 71 72 75 76
15 57 59 61 73
15 57 59 61 73 77
15 57 59 61 73 75 76
15 57 59 61 71 73
15 57 59 61 71 72 77
15 57 59 61 71 72 75 76
15 57 59 61 69 70 73
15 57 59 61 69 70 71 72
15 57 59 60 73 77
15 57 59 60 73 75 76
15 57 59 60 71 73
15 57 59 60 71 72
15 57 59 60 71 72 77
15 57 59 60 71 72 75 76
15 57 59 60 69 70 73
15 57 59 60 69 70 71 72
15 53 61 73
15 53 61 71 72
15 53 59 61 73
15 53 59 61 71 72
15 51 59 61 71
15 51 59 61 69 70
15 51 59 61 63 73
15 51 59 61 63 73 75
15 51 59 61 63 73 74
15 51 59 61 63 71 72
15 51 59 61 63 71 72 75
15 51 59 61 63 71 72 73 74
15 51 59 61 62 73 75
15 51 59 61 62 73 74
15 51 59 61 62 71 72 75
15 51 59 61 62 71 72 73 74
15 51 59 60 61 73 75
15 51 59 60 61 73 74
15 51 59 60 61 71 72 75
15 51 59 60 61 71 72 73 74
15 50 59 61 63 73
15 50 59 61 63 71 72
15 50 59 60 61 62 73
15 50 59 60 61 62 71 72
15 50 58 59 61 73
15 50 58 59 61 71 72
15 50 58 59 60 61 73
15 50 58 59 60 61 71 72
15 50 57 59 61 73
15 50 57 59 61 71 72
15 50 57 59 60 73
15 50 57 59 60 71 72
15 48 59 61 63 73 78
15 48 59 61 63 73 76 77
15 48 59 61 63 71 72 78
15 48 59 61 63 71 72 76 77
15 48 59 61 62 73 78
15 48 59 61 62 73 76 77
15 48 59 61 62 71 72 78
15 48 59 61 62 71 72 76 77
15 48 59 60 61 73 78
15 48 59 60 61 73 76 77
15 48 59 60 61 71 72 78
15 48 59 60 61 71 72 76 77
15 48 57 59 73 78
15 48 57 59 73 76 77
15 48 57 59 71 72 78
15 48 57 59 71 72 76 77
15 48 51 59 61 63 73
15 48 51 59 61 63 71 72
15 48 51 59 61 62 73
15 48 51 59 61 62 71 72
15 48 51 59 60 61 73
15 48 51 59 60 61 71 72
15 48 51 57 59 73
15 48 51 57 59 71 72
15 47 59 61 73
15 47 59 61 73 77
15 47 59 61 73 75 76
15 47 59 61 71 72
15 47 59 61 71 72 77
15 47 59 61 71 72 75 76
15 47 59 60 61 73
15 47 59 60 61 73 77
15 47 59 60 61 73 75 76
15 47 59 60 61 71 72
15 47 59 60 61 71 72 77
15 47 59 60 61 71 72 75 76
15 47 58 59 61 73
15 47 58 59 61 71 72
15 47 50 59 61 73
15 47 50 59 61 71 72
15 47 50 59 60 61 73
15 47 50 59 60 61 71 72
15 46 61 78 79
15 46 59 71
15 46 59 69 70
15 46 59 63
15 46 59 61 78 79
15 46 59 61 63 78
15 46 59 61 63 77
15 46 59 61 63 76 77
15 46 59 61 63 75 78
15 46 59 61 63 75 76
15 46 59 61 63 75 76 77
15 46 59 61 63 73 74 78
15 46 59 61 63 73 74 76 77
15 46 59 61 62 75 78
15 46 59 61 62 75 76 77
15 46 59 61 62 73 74 78
15 46 59 61 62 73 74 76 77
15 46 59 60 61
15 46 59 60 61 75 78
15 46 59 60 61 75 76 77
15 46 59 60 61 73 74 78
15 46 59 60 61 73 74 76 77
15 46 59 60 61 71
15 46 59 60 61 69 70
15 46 59 60 61 62
15 46 59 60 61 62 77
15 46 59 60 61 62 75 76
15 46 58 59 61
15 46 58 59 61 77
15 46 58 59 61 75 76
15 46 58 59 61 71
15 46 58 59 61 69 70
15 46 58 59 61 62
15 46 58 59 60 61
15 46 58 59 60 61 77
15 46 58 59 60 61 75 76
15 46 57 59 61
15 46 57 59 61 77
15 46 57 59 61 75 76
15 46 57 59 61 71
15 46 57 59 61 69 70
15 46 57 59 60 77
15 46 57 59 60 75 76
15 46 57 59 60 71
15 46 57 59 60 69 70
15 46 53 61
15 46 53 59 61
15 46 51 59 61 63
15 46 51 59 61 63 75
15 46 51 59 61 63 73 74
15 46 51 59 61 62 75
15 46 51 59 61 62 73 74
15 46 51 59 60 61 75
15 46 51 59 60 61 73 74
15 46 50 59 61 63
15 46 50 59 60 61 62
15 46 50 58 59 61
15 46 50 58 59 60 61
15 46 50 57 59 61
15 46 50 57 59 60
15 46 48 59 61 63 78
15 46 48 59 61 63 76 77
15 46 48 59 61 62 78
15 46 48 59 61 62 76 77
15 46 48 59 60 61 78
15 46 48 59 60 61 76 77
15 46 48 57 59 78
15 46 48 57 59 76 77
15 46 48 51 59 61 63
15 46 48 51 59 61 62
15 46 48 51 59 60 61
15 46 48 51 57 59
15 46 47 59 61
15 46 47 59 61 77
15 46 47 59 61 75 76
15 46 47 59 60 61
15 46 47 59 60 61 77
15 46 47 59 60 61 75 76
15 46 47 58 59 61
15 46 47 57 59 78
15 46 47 57 59 76 77
15 46 47 57 59 73 78
15 46 47 57 59 73 76 77
15 46 47 57 59 71 72 78
15 46 47 57 59 71 72 76 77
15 46 47 51 57 59
15 46 47 51 57 59 73
15 46 47 51 57 59 71 72
15 46 47 50 59 61
15 46 47 50 59 60 61
15 45 46 59 61
15 45 46 59 61 77
15 45 46 59 61 75 76
15 45 46 59 61 73
15 45 46 59 61 73 77
15 45 46 59 61 73 75 76
15 45 46 59 61 71 72
15 45 46 59 61 71 72 77
15 45 46 59 61 71 72 75 76
15 45 46 59 60 61
15 45 46 59 60 61 77
15 45 46 59 60 61 75 76
15 45 46 59 60 61 73
15 45 46 59 60 61 73 77
15 45 46 59 60 61 73 75 76
15 45 46 59 60 61 71 72
15 45 46 59 60 61 71 72 77
15 45 46 59 60 61 71 72 75 76
15 45 46 58 59 61
15 45 46 58 59 61 73
15 45 46 58 59 61 71 72
15 45 46 50 59 61
15 45 46 50 59 61 73
15 45 46 50 59 61 71 72
15 45 46 50 59 60 61
15 45 46 50 59 60 61 73
15 45 46 50 59 60 61 71 72
15 44 59 73
15 44 59 71 72
15 44 59 63
15 44 59 61 78
15 44 59 61 76 77
15 44 59 61 62
15 44 59 60 61 73
15 44 59 60 61 71 72
15 44 58 59 61 73
15 44 58 59 61 71 72
15 44 57 59 61 73
15 44 57 59 61 71 72
15 44 57 59 60 73
15 44 57 59 60 71 72
15 44 51 59 61
15 44 46 59
15 44 46 59 60 61
15 44 46 58 59 61
15 44 46 57 59 61
15 44 46 57 59 60
15 42 43 59 63
15 42 43 59 61 62
15 36 59 61 73
15 36 59 61 73 77
15 36 59 61 73 75 78
15 36 59 61 73 75 76
15 36 59 61 73 75 76 77
15 36 59 61 73 74 78
15 36 59 61 73 74 76 77
15 36 59 61 71 72
15 36 59 61 71 72 77
15 36 59 61 71 72 75 78
15 36 59 61 71 72 75 76
15 36 59 61 71 72 75 76 77
15 36 59 61 71 72 73 74 78
15 36 59 61 71 72 73 74 76 77
15 36 51 59 61 73 75
15 36 51 59 61 73 74
15 36 51 59 61 71 72 75
15 36 51 59 61 71 72 73 74
15 36 50 59 61 73
15 36 50 59 61 71 72
15 36 48 59 61 73 78
15 36 48 59 61 73 76 77
15 36 48 59 61 71 72 78
15 36 48 59 61 71 72 76 77
15 36 48 51 59 61 73
15 36 48 51 59 61 71 72
15 36 46 59 61
15 36 46 59 61 77
15 36 46 59 61 75 78
15 36 46 59 61 75 76
15 36 46 59 61 75 76 77
15 36 46 59 61 73 74 78
15 36 46 59 61 73 74 76 77
15 36 46 51 59 61 75
15 36 46 51 59 61 73 74
15 36 46 50 59 61
15 36 46 48 59 61 78
15 36 46 48 59 61 76 77
15 36 46 48 51 59 61
15 36 44 59
15 36 42 43 59
15 35 59 61 73
15 35 59 61 73 77
15 35 59 61 73 75 76
15 35 59 61 71 72
15 35 59 61 71 72 77
15 35 59 61 71 72 75 76
15 35 59 60 61 73
15 35 59 60 61 73 77
15 35 59 60 61 73 75 76
15 35 59 60 61 71 72
15 35 59 60 61 71 72 77
15 35 59 60 61 71 72 75 76
15 35 58 59 61 73
15 35 58 59 61 71 72
15 35 50 59 61 73
15 35 50 59 61 71 72
15 35 50 59 60 61 73
15 35 50 59 60 61 71 72
15 35 46 59 61
15 35 46 59 61 77
15 35 46 59 61 75 76
15 35 46 59 60 61
15 35 46 59 60 61 77
15 35 46 59 60 61 75 76
15 35 46 58 59 61
15 35 46 50 59 61
15 35 46 50 59 60 61
15 34 61 73 75 78
15 34 61 73 75 76 77
15 34 61 73 74 78
15 34 61 73 74 76 77
15 34 61 71 72 75 78
15 34 61 71 72 75 76 77
15 34 61 71 72 73 74 78
15 34 61 71 72 73 74 76 77
15 34 59 61 62 73 77
15 34 59 61 62 73 75 76
15 34 59 61 62 71 72 77
15 34 59 61 62 71 72 75 76
15 34 58 59 61 73 77
15 34 58 59 61 73 75 76
15 34 58 59 61 71 72 77
15 34 58 59 61 71 72 75 76
15 34 57 59 73 77
15 34 57 59 73 75 76
15 34 57 59 71 73
15 34 57 59 71 72
15 34 57 59 71 72 77
15 34 57 59 71 72 75 76
15 34 57 59 69 70 73
15 34 57 59 69 70 71 72
15 34 51 61 73 75
15 34 51 61 73 74
15 34 51 61 71 72 75
15 34 51 61 71 72 73 74
15 34 50 59 61 62 73
15 34 50 59 61 62 71 72
15 34 50 58 59 61 73
15 34 50 58 59 61 71 72
15 34 50 57 59 73
15 34 50 57 59 71 72
15 34 48 61 73 78
15 34 48 61 73 76 77
15 34 48 61 71 72 78
15 34 48 61 71 72 76 77
15 34 48 51 61 73
15 34 48 51 61 71 72
15 34 47 59 61 73 77
15 34 47 59 61 73 75 76
15 34 47 59 61 71 72 77
15 34 47 59 61 71 72 75 76
15 34 47 50 59 61 73
15 34 47 50 59 61 71 72
15 34 46 61 75 78
15 34 46 61 75 76 77
15 34 46 61 73 74 78
15 34 46 61 73 74 76 77
15 34 46 59 61 62 77
15 34 46 59 61 62 75 76
15 34 46 58 59 61 77
15 34 46 58 59 61 75 76
15 34 46 57 59 77
15 34 46 57 59 75 76
15 34 46 57 59 71
15 34 46 57 59 69 70
15 34 46 51 61 75
15 34 46 51 61 73 74
15 34 46 50 59 61 62
15 34 46 50 58 59 61
15 34 46 50 57 59
15 34 46 48 61 78
15 34 46 48 61 76 77
15 34 46 48 51 61
15 34 46 47 59 61 77
15 34 46 47 59 61 75 76
15 34 46 47 50 59 61
15 34 45 46 59 61 77
15 34 45 46 59 61 75 76
15 34 45 46 59 61 73 77
15 34 45 46 59 61 73 75 76
15 34 45 46 59 61 71 72 77
15 34 45 46 59 61 71 72 75 76
15 34 45 46 50 59 61
15 34 45 46 50 59 61 73
15 34 45 46 50 59 61 71 72
15 34 44 57 59 73
15 34 44 57 59 71 72
15 34 44 46 57 59
15 34 35 59 61 73 77
15 34 35 59 61 73 75 76
15 34 35 59 61 71 72 77
15 34 35 59 61 71 72 75 76
15 34 35 50 59 61 73
15 34 35 50 59 61 71 72
15 34 35 46 59 61 77
15 34 35 46 59 61 75 76
15 34 35 46 50 59 61
15 33 59 61 73
15 33 59 61 73 77
15 33 59 61 73 75 76
15 33 59 61 71 73
15 33 59 61 71 72 77
15 33 59 61 71 72 75 76
15 33 59 61 69 70 73
15 33 59 61 69 70 71 72
15 33 59 61 62 73
15 33 59 61 62 71 72
15 33 59 60 61 73
15 33 59 60 61 73 77
15 33 59 60 61 73 75 76
15 33 59 60 61 71 72
15 33 59 60 61 71 72 77
15 33 59 60 61 71 72 75 76
15 33 50 59 61 73
15 33 50 59 61 71 72
15 33 50 59 60 61 73
15 33 50 59 60 61 71 72
15 33 47 59 61 73
15 33 47 59 61 71 72
15 33 46 59 61
15 33 46 59 61 77
15 33 46 59 61 75 76
15 33 46 59 61 71
15 33 46 59 61 69 70
15 33 46 59 61 62
15 33 46 59 60 61
15 33 46 59 60 61 77
15 33 46 59 60 61 75 76
15 33 46 50 59 61
15 33 46 50 59 60 61
15 33 46 47 59 61
15 33 45 46 59 61
15 33 45 46 59 61 73
15 33 45 46 59 61 71 72
15 33 44 59 61 73
15 33 44 59 61 71 72
15 33 44 46 59 61
15 33 35 59 61 73
15 33 35 59 61 71 72
15 33 35 46 59 61
15 33 34 59 61 73 77
15 33 34 59 61 73 75 76
15 33 34 59 61 71 72 77
15 33 34 59 61 71 72 75 76
15 33 34 50 59 61 73
15 33 34 50 59 61 71 72
15 33 34 46 59 61 77
15 33 34 46 59 61 75 76
15 33 34 46 50 59 61
15 30 59 63 73 78
15 30 59 63 73 76 77
15 30 59 63 71 72 78
15 30 59 63 71 72 76 77
15 30 59 61 73 78
15 30 59 61 73 76 77
15 30 59 61 71 72 78
15 30 59 61 71 72 76 77
15 30 51 59 63 73
15 30 51 59 63 71 72
15 30 51 59 61 73
15 30 51 59 61 71 72
15 30 46 59 63 78
15 30 46 59 63 76 77
15 30 46 59 61 78
15 30 46 59 61 76 77
15 30 46 51 59 63
15 30 46 51 59 61
15 28 29 59 63 73 78
15 28 29 59 63 73 76 77
15 28 29 59 63 71 72 78
15 28 29 59 63 71 72 76 77
15 28 29 59 61 73 78
15 28 29 59 61 73 76 77
15 28 29 59 61 71 72 78
15 28 29 59 61 71 72 76 77
15 28 29 51 59 63 73
15 28 29 51 59 63 71 72
15 28 29 51 59 61 73
15 28 29 51 59 61 71 72
15 28 29 46 59 63 78
15 28 29 46 59 63 76 77
15 28 29 46 59 61 78
15 28 29 46 59 61 76 77
15 28 29 46 51 59 63
15 28 29 46 51 59 61
15 21 57 59 73 78
15 21 57 59 73 76 77
15 21 57 59 71 72 78
15 21 57 59 71 72 76 77
15 21 51 57 59 73
15 21 51 57 59 71 72
15 21 46 57 59 78
15 21 46 57 59 76 77
15 21 46 51 57 59
15 20 59 61 73
15 20 59 61 73 77
15 20 59 61 73 75 76
15 20 59 61 71 72
15 20 59 61 71 72 77
15 20 59 61 71 72 75 76
15 20 59 60 61 73
15 20 59 60 61 73 77
15 20 59 60 61 73 75 76
15 20 59 60 61 71 72
15 20 59 60 61 71 72 77
15 20 59 60 61 71 72 75 76
15 20 58 59 61 73
15 20 58 59 61 71 72
15 20 50 59 61 73
15 20 50 59 61 71 72
15 20 50 59 60 61 73
15 20 50 59 60 61 71 72
15 20 46 59 61
15 20 46 59 61 77
15 20 46 59 61 75 76
15 20 46 59 60 61
15 20 46 59 60 61 77
15 20 46 59 60 61 75 76
15 20 46 58 59 61
15 20 46 50 59 61
15 20 46 50 59 60 61
15 20 34 59 61 73 77
15 20 34 59 61 73 75 76
15 20 34 59 61 71 72 77
15 20 34 59 61 71 72 75 76
15 20 34 50 59 61 73
15 20 34 50 59 61 71 72
15 20 34 46 59 61 77
15 20 34 46 59 61 75 76
15 20 34 46 50 59 61
15 20 33 59 61 73
15 20 33 59 61 71 72
15 20 33 46 59 61
15 17 59 63
15 17 59 61 62
15 17 36 59
15 16 44 59 61 73
15 16 44 59 61 71 72
15 16 44 46 59 61
15 16 42 43 59 61 73
15 16 42 43 59 61 71 72
15 16 42 43 46 59 61
15 16 17 59 61 73
15 16 17 59 61 71 72
15 16 17 46 59 61
14 44 59 61 73
14 44 59 61 71 72
14 44 46 59 61
14 42 43 59 61 73
14 42 43 59 61 71 72
14 42 43 46 59 61
14 17 59 61 73
14 17 59 61 71 72
14 17 46 59 61
10
5 44 59 61 73
5 44 59 61 71 72
5 44 46 59 61
5 42 43 59 61 73
5 42 43 59 61 71 72
5 42 43 46 59 61
5 17 59 61 73
5 17 59 61 71 72
5 17 46 59 61
4 59 61 73
4 59 61 71 72
4 46 59 61
4 44 59 61 73
4 44 59 61 71 72
4 44 46 59 61
4 42 43 59 61 73
4 42 43 59 61 71 72
4 42 43 46 59 61
4 30 44 59 61 73
4 30 44 59 61 71 72
4 30 44 46 59 61
4 30 42 43 59 61 73
4 30 42 43 59 61 71 72
4 30 42 43 46 59 61
4 28 29 44 59 61 73
4 28 29 44 59 61 71 72
4 28 29 44 46 59 61
4 28 29 42 43 59 61 73
4 28 29 42 43 59 61 71 72
4 28 29 42 43 46 59 61
4 17 59 61 73
4 17 59 61 71 72
4 17 46 59 61
4 17 30 59 61 73
4 17 30 59 61 71 72
4 17 30 46 59 61
4 17 28 29 59 61 73
4 17 28 29 59 61 71 72
4 17 28 29 46 59 61
3 42 59 63 73 78
3 42 59 63 73 76 77
3 42 59 63 71 72 78
3 42 59 63 71 72 76 77
3 42 59 61 73 78
3 42 59 61 73 76 77
3 42 59 61 71 72 78
3 42 59 61 71 72 76 77
3 42 51 59 63 73
3 42 51 59 63 71 72
3 42 51 59 61 73
3 42 51 59 61 71 72
3 42 46 59 63 78
3 42 46 59 63 76 77
3 42 46 59 61 78
3 42 46 59 61 76 77
3 42 46 51 59 63
3 42 46 51 59 61
3 40 41 59 63 73 78
3 40 41 59 63 73 76 77
3 40 41 59 63 71 72 78
3 40 41 59 63 71 72 76 77
3 40 41 59 61 73 78
3 40 41 59 61 73 76 77
3 40 41 59 61 71 72 78
3 40 41 59 61 71 72 76 77
3 40 41 51 59 63 73
3 40 41 51 59 63 71 72
3 40 41 51 59 61 73
3 40 41 51 59 61 71 72
3 40 41 46 59 63 78
3 40 41 46 59 63 76 77
3 40 41 46 59 61 78
3 40 41 46 59 61 76 77
3 40 41 46 51 59 63
3 40 41 46 51 59 61
3 31 44 59 61 73
3 31 44 59 61 71 72
3 31 44 46 59 61
3 31 42 43 59 61 73
3 31 42 43 59 61 71 72
3 31 42 43 46 59 61
3 29 30 44 59 61 73
3 29 30 44 59 61 71 72
3 29 30 44 46 59 61
3 29 30 42 43 59 61 73
3 29 30 42 43 59 61 71 72
3 29 30 42 43 46 59 61
3 17 31 59 61 73
3 17 31 59 61 71 72
3 17 31 46 59 61
3 17 29 30 59 61 73
3 17 29 30 59 61 71 72
3 17 29 30 46 59 61
3 15 59 63 73 78
3 15 59 63 73 76 77
3 15 59 63 71 72 78
3 15 59 63 71 72 76 77
3 15 59 61 73 78
3 15 59 61 73 76 77
3 15 59 61 71 72 78
3 15 59 61 71 72 76 77
3 15 51 59 63 73
3 15 51 59 63 71 72
3 15 51 59 61 73
3 15 51 59 61 71 72
3 15 46 59 63 78
3 15 46 59 63 76 77
3 15 46 59 61 78
3 15 46 59 61 76 77
3 15 46 51 59 63
3 15 46 51 59 61
3 4 44 59 61 73
3 4 44 59 61 71 72
3 4 44 46 59 61
3 4 42 43 59 61 73
3 4 42 43 59 61 71 72
3 4 42 43 46 59 61
3 4 17 59 61 73
3 4 17 59 61 71 72
3 4 17 46 59 61
1 69
1 67 68
1 42

