73
71 72
69
68
68 69 78 79
67
67 68
67 68 78 79
65 67
65 67 68 78 79
65 66 68 78 79
63 67
63 67 68 78 79
63 65 66
63 65 66 68 78 79
63 64 67
63 64 67 68 78 79
63 64 65 66
63 64 65 66 68 78 79
61
61 78 79
61 62 67
61 62 67 68 78 79
61 62 65 66
61 62 65 66 68 78 79
56 67
56 67 68 78 79
56 65 66
56 65 66 68 78 79
55 71
55 69 70
54 67
54 67 68 78 79
54 65 66
54 65 66 68 78 79
54 55 67
54 55 67 68 78 79
54 55 65 66
54 55 65 66 68 78 79
53 68 69
53 67 68
53 65 67 68
53 65 66 68
53 63 67 68
53 63 65 66 68
53 63 64 67 68
53 63 64 65 66 68
53 61
53 61 62 67 68
53 61 62 65 66 68
53 56 67 68
53 56 65 66 68
53 54 67 68
53 54 65 66 68
53 54 55 67 68
53 54 55 65 66 68
52 53 67
52 53 67 68
52 53 67 68 78 79
52 53 65 66
52 53 65 66 68
52 53 65 66 68 78 79
46
44 59 61 73
44 59 61 71 72
44 59 60 61 73
44 59 60 61 71 72
44 55
44 46 59 61
44 46 59 60 61
42
42 68 78 79
42 59 73 78
42 59 73 76 77
42 59 71 72 78
42 59 71 72 76 77
42 59 61 73 78
42 59 61 73 76 77
42 59 61 71 72 78
42 59 61 71 72 76 77
42 53 68
42 51 59 73
42 51 59 71 72
42 51 59 61 73
42 51 59 61 71 72
42 49 59 73 78
42 49 59 73 76 77
42 49 59 71 72 78
42 49 59 71 72 76 77
42 49 51 59 73
42 49 51 59 71 72
42 47 48 59 73 78
42 47 48 59 73 76 77
42 47 48 59 71 72 78
42 47 48 59 71 72 76 77
42 47 48 51 59 73
42 47 48 51 59 71 72
42 46 59 78
42 46 59 76 77
42 46 59 61 78
42 46 59 61 76 77
42 46 51 59
42 46 51 59 61
42 46 49 59 78
42 46 49 59 76 77
42 46 49 51 59
42 46 47 48 59 78
42 46 47 48 59 76 77
42 46 47 48 51 59
42 43 59 61 73
42 43 59 61 71 72
42 43 59 60 61 73
42 43 59 60 61 71 72
42 43 46 59 61
42 43 46 59 60 61
40
40 65
40 65 68 78 79
40 63
40 63 68 78 79
40 63 64
40 63 64 68 78 79
40 61 62
40 61 62 68 78 79
40 56
40 56 68 78 79
40 54
40 54 68 78 79
40 54 55
40 54 55 68 78 79
40 53 65 68
40 53 63 68
40 53 63 64 68
40 53 61 62 68
40 53 56 68
40 53 54 68
40 53 54 55 68
40 52 53
40 52 53 68
40 52 53 68 78 79
40 41 59 73 78
40 41 59 73 76 77
40 41 59 71 72 78
40 41 59 71 72 76 77
40 41 59 61 73 78
40 41 59 61 73 76 77
40 41 59 61 71 72 78
40 41 59 61 71 72 76 77
40 41 51 59 73
40 41 51 59 71 72
40 41 51 59 61 73
40 41 51 59 61 71 72
40 41 49 59 73 78
40 41 49 59 73 76 77
40 41 49 59 71 72 78
40 41 49 59 71 72 76 77
40 41 49 51 59 73
40 41 49 51 59 71 72
40 41 47 48 59 73 78
40 41 47 48 59 73 76 77
40 41 47 48 59 71 72 78
40 41 47 48 59 71 72 76 77
40 41 47 48 51 59 73
40 41 47 48 51 59 71 72
40 41 46 59 78
40 41 46 59 76 77
40 41 46 59 61 78
40 41 46 59 61 76 77
40 41 46 51 59
40 41 46 51 59 61
40 41 46 49 59 78
40 41 46 49 59 76 77
40 41 46 49 51 59
40 41 46 47 48 59 78
40 41 46 47 48 59 76 77
40 41 46 47 48 51 59
36 78 79
36 73
36 71 72
36 69 78 79
36 69 73 78 79
36 69 71 72 78 79
36 68 73 78 79
36 68 71 72 78 79
36 68 69 78 79
36 67 73 78 79
36 67 71 72 78 79
36 67 68 73 78 79
36 67 68 71 72 78 79
36 65 67
36 65 67 68 78 79
36 65 66
36 65 66 73 78 79
36 65 66 71 72 78 79
36 65 66 68 78 79
36 63 67
36 63 67 68 78 79
36 63 65 66
36 63 65 66 68 78 79
36 63 64 67
36 63 64 67 68 78 79
36 63 64 65 66
36 63 64 65 66 68 78 79
36 61 78 79
36 61 62 67
36 61 62 67 68 78 79
36 61 62 65 66
36 61 62 65 66 68 78 79
36 56 67
36 56 67 68 78 79
36 56 65 66
36 56 65 66 68 78 79
36 54 67
36 54 67 68 78 79
36 54 65 66
36 54 65 66 68 78 79
36 54 55 67
36 54 55 67 68 78 79
36 54 55 65 66
36 54 55 65 66 68 78 79
36 53
36 53 69
36 53 69 73
36 53 69 71 72
36 53 68 73
36 53 68 71 72
36 53 68 69
36 53 67 73
36 53 67 71 72
36 53 67 68 73
36 53 67 68 71 72
36 53 65 67 68
36 53 65 66 73
36 53 65 66 71 72
36 53 65 66 68
36 53 63 67 68
36 53 63 65 66 68
36 53 63 64 67 68
36 53 63 64 65 66 68
36 53 61
36 53 61 62 67 68
36 53 61 62 65 66 68
36 53 56 67 68
36 53 56 65 66 68
36 53 54 67 68
36 53 54 65 66 68
36 53 54 55 67 68
36 53 54 55 65 66 68
36 52 53 67
36 52 53 67 68
36 52 53 67 68 78 79
36 52 53 65 66
36 52 53 65 66 68
36 52 53 65 66 68 78 79
36 46
36 46 69 78 79
36 46 68 78 79
36 46 67 78 79
36 46 67 68 78 79
36 46 65 66 78 79
36 46 53 69
36 46 53 68
36 46 53 67
36 46 53 67 68
36 46 53 65 66
36 42 78 79
36 42 73 78 79
36 42 71 72 78 79
36 42 68 78 79
36 42 53
36 42 53 73
36 42 53 71 72
36 42 53 68
36 42 46 78 79
36 42 46 53
36 40 73 78 79
36 40 71 72 78 79
36 40 65
36 40 65 68 78 79
36 40 63
36 40 63 68 78 79
36 40 63 64
36 40 63 64 68 78 79
36 40 61 62
36 40 61 62 68 78 79
36 40 56
36 40 56 68 78 79
36 40 54
36 40 54 68 78 79
36 40 54 55
36 40 54 55 68 78 79
36 40 53 73
36 40 53 71 72
36 40 53 65 68
36 40 53 63 68
36 40 53 63 64 68
36 40 53 61 62 68
36 40 53 56 68
36 40 53 54 68
36 40 53 54 55 68
36 40 52 53
36 40 52 53 68
36 40 52 53 68 78 79
36 40 46 78 79
36 40 46 53
34 68 69
34 68 69 78 79
34 68 69 73 78 79
34 68 69 71 72 78 79
34 67
34 67 68
34 67 68 78 79
34 67 68 73 78 79
34 67 68 71 72 78 79
34 65 66
34 53 68 69
34 53 68 69 73
34 53 68 69 71 72
34 53 67 68
34 53 67 68 73
34 53 67 68 71 72
34 46 68 69 78 79
34 46 67 68 78 79
34 46 53 68 69
34 46 53 67 68
34 44 59 61 73
34 44 59 61 71 72
34 44 46 59 61
34 42 68
34 42 68 78 79
34 42 68 73 78 79
34 42 68 71 72 78 79
34 42 53 68
34 42 53 68 73
34 42 53 68 71 72
34 42 46 68 78 79
34 42 46 53 68
34 42 43 59 61 73
34 42 43 59 61 71 72
34 42 43 46 59 61
34 40
29 67
29 67 68 78 79
29 65 66
29 65 66 68 78 79
29 53 67 68
29 53 65 66 68
29 40
29 40 68 78 79
29 40 53 68
29 36 67
29 36 67 68 78 79
29 36 65 66
29 36 65 66 68 78 79
29 36 53 67 68
29 36 53 65 66 68
29 36 40
29 36 40 68 78 79
29 36 40 53 68
27 67
27 67 68 78 79
27 65 66
27 65 66 68 78 79
27 53 67 68
27 53 65 66 68
27 40
27 40 68 78 79
27 40 53 68
27 36 67
27 36 67 68 78 79
27 36 65 66
27 36 65 66 68 78 79
27 36 53 67 68
27 36 53 65 66 68
27 36 40
27 36 40 68 78 79
27 36 40 53 68
27 34 78 79
27 34 53
26 68
26 68 69
26 68 69 73
26 68 69 71 72
26 67 68
26 67 68 73
26 67 68 71 72
26 46 68 69
26 46 67 68
26 42 68
26 42 68 73
26 42 68 71 72
26 42 46 68
24 25 68
24 25 68 69
24 25 68 69 73
24 25 68 69 71 72
24 25 67 68
24 25 67 68 73
24 25 67 68 71 72
24 25 46 68 69
24 25 46 67 68
24 25 42 68
24 25 42 68 73
24 25 42 68 71 72
24 25 42 46 68
22 42 59 73 78
22 42 59 73 76 77
22 42 59 71 72 78
22 42 59 71 72 76 77
22 42 51 59 73
22 42 51 59 71 72
22 42 46 59 78
22 42 46 59 76 77
22 42 46 51 59
22 40 41 59 73 78
22 40 41 59 73 76 77
22 40 41 59 71 72 78
22 40 41 59 71 72 76 77
22 40 41 51 59 73
22 40 41 51 59 71 72
22 40 41 46 59 78
22 40 41 46 59 76 77
22 40 41 46 51 59
21 61
20 61
18 42 61 73 78
18 42 61 73 76 77
18 42 61 71 72 78
18 42 61 71 72 76 77
18 42 51 61 73
18 42 51 61 71 72
18 42 46 61 78
18 42 46 61 76 77
18 42 46 51 61
18 40 41 61 73 78
18 40 41 61 73 76 77
18 40 41 61 71 72 78
18 40 41 61 71 72 76 77
18 40 41 51 61 73
18 40 41 51 61 71 72
18 40 41 46 61 78
18 40 41 46 61 76 77
18 40 41 46 51 61
17 59 61 73
17 59 61 71 72
17 59 60 61 73
17 59 60 61 71 72
17 46 59 61
17 46 59 60 61
17 34 59 61 73
17 34 59 61 71 72
17 34 46 59 61
15 59 73 78
15 59 73 76 77
15 59 71 72 78
15 59 71 72 76 77
15 59 61 73 78
15 59 61 73 76 77
15 59 61 71 72 78
15 59 61 71 72 76 77
15 51 59 73
15 51 59 71 72
15 51 59 61 73
15 51 59 61 71 72
15 49 59 73 78
15 49 59 73 76 77
15 49 59 71 72 78
15 49 59 71 72 76 77
15 49 51 59 73
15 49 51 59 71 72
15 47 48 59 73 78
15 47 48 59 73 76 77
15 47 48 59 71 72 78
15 47 48 59 71 72 76 77
15 47 48 51 59 73
15 47 48 51 59 71 72
15 46 59 78
15 46 59 76 77
15 46 59 61 78
15 46 59 61 76 77
15 46 51 59
15 46 51 59 61
15 46 49 59 78
15 46 49 59 76 77
15 46 49 51 59
15 46 47 48 59 78
15 46 47 48 59 76 77
15 46 47 48 51 59
15 22 59 73 78
15 22 59 73 76 77
15 22 59 71 72 78
15 22 59 71 72 76 77
15 22 51 59 73
15 22 51 59 71 72
15 22 46 59 78
15 22 46 59 76 77
15 22 46 51 59
15 18 61 73 78
15 18 61 73 76 77
15 18 61 71 72 78
15 18 61 71 72 76 77
15 18 51 61 73
15 18 51 61 71 72
15 18 46 61 78
15 18 46 61 76 77
15 18 46 51 61
10
7 61
1
1 69
1 69 78 79
1 69 73
1 69 71 72
1 67 78 79
1 67 73 78 79
1 67 71 72 78 79
1 67 68
1 67 68 78 79
1 67 68 73
1 67 68 71 72
1 65 66 78 79
1 65 66 73 78 79
1 65 66 71 72 78 79
1 53 69
1 53 67
1 53 67 73
1 53 67 71 72
1 53 67 68
1 53 65 66
1 53 65 66 73
1 53 65 66 71 72
1 46 69
1 46 67 78 79
1 46 67 68
1 46 65 66 78 79
1 46 53 67
1 46 53 65 66
1 42
1 42 78 79
1 42 73
1 42 71 72
1 42 53
1 42 46
1 40 78 79
1 40 73 78 79
1 40 71 72 78 79
1 40 53
1 40 53 73
1 40 53 71 72
1 40 46 78 79
1 40 46 53
1 36 78 79
1 36 73 78 79
1 36 71 72 78 79
1 36 67
1 36 67 78 79
1 36 65 66
1 36 65 66 78 79
1 36 53
1 36 53 73
1 36 53 71 72
1 36 53 67
1 36 53 65 66
1 36 46 78 79
1 36 46 53
1 36 40
1 36 40 78 79
1 36 40 53
1 34 67 73
1 34 67 71 72
1 34 65 66 73
1 34 65 66 71 72
1 34 46 67
1 34 46 65 66
1 34 40 73
1 34 40 71 72
1 34 40 46

