68
61
59 61 73
59 61 71 72
59 61 63 73
59 61 63 71 72
59 61 62 73
59 61 62 71 72
59 60 61 73
59 60 61 71 72
57 73
57 71 72
57 61 63 73
57 61 63 71 72
57 61 62 73
57 61 62 71 72
57 59 61 73
57 59 61 71 72
57 59 60 73
57 59 60 71 72
48 57 59 73
48 57 59 71 72
46 59 61
46 59 61 63
46 59 61 62
46 59 60 61
46 57
46 57 61 63
46 57 61 62
46 57 59 61
46 57 59 60
46 48 57 59
46 47 57 59
46 47 57 59 73
46 47 57 59 71 72
44 59 61 77 78
44 59 61 76 77
44 59 61 75 78
44 59 61 75 76 78
44 59 61 73
44 59 61 73 78
44 59 61 73 76 77
44 59 61 73 74 78
44 59 61 73 74 76 77
44 59 61 71 72
44 59 61 71 72 78
44 59 61 71 72 76 77
44 59 61 65 73
44 59 61 65 71 72
44 59 61 63 77 78
44 59 61 63 76 77
44 59 61 63 75 78
44 59 61 63 75 76 78
44 59 61 63 73 74 78
44 59 61 63 73 74 76 77
44 59 61 63 64 73
44 59 61 63 64 71 72
44 59 60 61 75 78
44 59 60 61 75 76 77
44 59 60 61 73
44 59 60 61 73 78
44 59 60 61 73 76 77
44 59 60 61 73 74 78
44 59 60 61 73 74 76 77
44 59 60 61 71 72
44 59 60 61 71 72 78
44 59 60 61 71 72 76 77
44 59 60 61 63 75 78
44 59 60 61 63 75 76 77
44 59 60 61 63 73 74 78
44 59 60 61 63 73 74 76 77
44 57 61 63 73
44 57 61 63 71 72
44 57 61 62 73
44 57 61 62 71 72
44 57 59 61 73
44 57 59 61 73 78
44 57 59 61 73 77
44 57 59 61 73 76 77
44 57 59 61 73 75 76
44 57 59 61 71 72
44 57 59 61 71 72 78
44 57 59 61 71 72 77
44 57 59 61 71 72 76 77
44 57 59 61 71 72 75 76
44 57 59 61 63 73
44 57 59 61 63 71 72
44 57 59 61 62 73
44 57 59 61 62 71 72
44 57 59 60 73
44 57 59 60 73 77
44 57 59 60 73 75 76
44 57 59 60 71 72
44 57 59 60 71 72 77
44 57 59 60 71 72 75 76
44 57 59 60 61 73 78
44 57 59 60 61 73 76 77
44 57 59 60 61 71 72 78
44 57 59 60 61 71 72 76 77
44 51 59 61 77
44 51 59 61 75
44 51 59 61 75 76
44 51 59 61 73
44 51 59 61 73 74
44 51 59 61 71 72
44 51 59 61 63 77
44 51 59 61 63 75
44 51 59 61 63 75 76
44 51 59 61 63 73 74
44 51 59 60 61 75
44 51 59 60 61 73
44 51 59 60 61 73 74
44 51 59 60 61 71 72
44 51 59 60 61 63 75
44 51 59 60 61 63 73 74
44 51 57 59 61 73
44 51 57 59 61 71 72
44 51 57 59 60 61 73
44 51 57 59 60 61 71 72
44 50 59 61 78
44 50 59 61 76 77
44 50 59 61 63 78
44 50 59 61 63 76 77
44 50 57 59 61 73
44 50 57 59 61 71 72
44 50 57 59 60 73
44 50 57 59 60 71 72
44 50 51 59 61
44 50 51 59 61 63
44 48 59 61 78
44 48 59 61 76 77
44 48 59 61 63 78
44 48 59 61 63 76 77
44 48 59 60 61 78
44 48 59 60 61 76 77
44 48 59 60 61 63 78
44 48 59 60 61 63 76 77
44 48 57 59 61 73 77
44 48 57 59 61 73 75 76
44 48 57 59 61 71 72 77
44 48 57 59 61 71 72 75 76
44 48 57 59 60 73 77
44 48 57 59 60 73 75 76
44 48 57 59 60 71 72 77
44 48 57 59 60 71 72 75 76
44 48 51 59 61
44 48 51 59 61 63
44 48 51 59 60 61
44 48 51 59 60 61 63
44 48 50 57 59 61 73
44 48 50 57 59 61 71 72
44 48 50 57 59 60 73
44 48 50 57 59 60 71 72
44 46 59 61
44 46 59 61 78
44 46 59 61 76 77
44 46 59 61 65
44 46 59 61 63 64
44 46 59 60 61
44 46 59 60 61 78
44 46 59 60 61 76 77
44 46 57 61 63
44 46 57 61 62
44 46 57 59 61
44 46 57 59 61 78
44 46 57 59 61 77
44 46 57 59 61 76 77
44 46 57 59 61 75 76
44 46 57 59 61 63
44 46 57 59 61 62
44 46 57 59 60
44 46 57 59 60 77
44 46 57 59 60 75 76
44 46 57 59 60 61 78
44 46 57 59 60 61 76 77
44 46 51 59 61
44 46 51 59 60 61
44 46 51 57 59 61
44 46 51 57 59 60 61
44 46 50 57 59 61
44 46 50 57 59 60
44 46 48 57 59 61 77
44 46 48 57 59 61 75 76
44 46 48 57 59 60 77
44 46 48 57 59 60 75 76
44 46 48 50 57 59 61
44 46 48 50 57 59 60
44 46 47 57 59 61 77
44 46 47 57 59 61 75 76
44 46 47 57 59 61 73 77
44 46 47 57 59 61 73 75 76
44 46 47 57 59 61 71 72 77
44 46 47 57 59 61 71 72 75 76
44 46 47 57 59 60 77
44 46 47 57 59 60 75 76
44 46 47 57 59 60 73 77
44 46 47 57 59 60 73 75 76
44 46 47 57 59 60 71 72 77
44 46 47 57 59 60 71 72 75 76
44 46 47 50 57 59 61
44 46 47 50 57 59 61 73
44 46 47 50 57 59 61 71 72
44 46 47 50 57 59 60
44 46 47 50 57 59 60 73
44 46 47 50 57 59 60 71 72
42 59 61 77
42 59 61 75 76
42 57 61 73
42 57 61 71 72
42 57 59 63 73 78
42 57 59 63 73 76 77
42 57 59 63 71 72 78
42 57 59 63 71 72 76 77
42 57 59 61 62 73 78
42 57 59 61 62 73 76 77
42 57 59 61 62 71 72 78
42 57 59 61 62 71 72 76 77
42 57 59 60 61 73
42 57 59 60 61 71 72
42 51 57 59 63 73
42 51 57 59 63 71 72
42 51 57 59 61 62 73
42 51 57 59 61 62 71 72
42 50 59 61
42 48 59 61 77
42 48 59 61 75 76
42 48 50 59 61
42 46 57 61
42 46 57 59 63 78
42 46 57 59 63 76 77
42 46 57 59 61 62 78
42 46 57 59 61 62 76 77
42 46 57 59 60 61
42 46 51 57 59 63
42 46 51 57 59 61 62
42 46 47 59 61 77
42 46 47 59 61 75 76
42 46 47 50 59 61
42 43 59 61 77 78
42 43 59 61 76 77
42 43 59 61 75 78
42 43 59 61 75 76 78
42 43 59 61 73
42 43 59 61 73 78
42 43 59 61 73 76 77
42 43 59 61 73 74 78
42 43 59 61 73 74 76 77
42 43 59 61 71 72
42 43 59 61 71 72 78
42 43 59 61 71 72 76 77
42 43 59 61 65 73
42 43 59 61 65 71 72
42 43 59 61 63 77 78
42 43 59 61 63 76 77
42 43 59 61 63 75 78
42 43 59 61 63 75 76 78
42 43 59 61 63 73 74 78
42 43 59 61 63 73 74 76 77
42 43 59 61 63 64 73
42 43 59 61 63 64 71 72
42 43 59 60 61 75 78
42 43 59 60 61 75 76 77
42 43 59 60 61 73
42 43 59 60 61 73 78
42 43 59 60 61 73 76 77
42 43 59 60 61 73 74 78
42 43 59 60 61 73 74 76 77
42 43 59 60 61 71 72
42 43 59 60 61 71 72 78
42 43 59 60 61 71 72 76 77
42 43 59 60 61 63 75 78
42 43 59 60 61 63 75 76 77
42 43 59 60 61 63 73 74 78
42 43 59 60 61 63 73 74 76 77
42 43 57 61 63 73
42 43 57 61 63 71 72
42 43 57 61 62 73
42 43 57 61 62 71 72
42 43 57 59 61 73
42 43 57 59 61 73 78
42 43 57 59 61 73 77
42 43 57 59 61 73 76 77
42 43 57 59 61 73 75 76
42 43 57 59 61 71 72
42 43 57 59 61 71 72 78
42 43 57 59 61 71 72 77
42 43 57 59 61 71 72 76 77
42 43 57 59 61 71 72 75 76
42 43 57 59 61 63 73
42 43 57 59 61 63 71 72
42 43 57 59 61 62 73
42 43 57 59 61 62 71 72
42 43 57 59 60 73
42 43 57 59 60 73 77
42 43 57 59 60 73 75 76
42 43 57 59 60 71 72
42 43 57 59 60 71 72 77
42 43 57 59 60 71 72 75 76
42 43 57 59 60 61 73 78
42 43 57 59 60 61 73 76 77
42 43 57 59 60 61 71 72 78
42 43 57 59 60 61 71 72 76 77
42 43 51 59 61 77
42 43 51 59 61 75
42 43 51 59 61 75 76
42 43 51 59 61 73
42 43 51 59 61 73 74
42 43 51 59 61 71 72
42 43 51 59 61 63 77
42 43 51 59 61 63 75
42 43 51 59 61 63 75 76
42 43 51 59 61 63 73 74
42 43 51 59 60 61 75
42 43 51 59 60 61 73
42 43 51 59 60 61 73 74
42 43 51 59 60 61 71 72
42 43 51 59 60 61 63 75
42 43 51 59 60 61 63 73 74
42 43 51 57 59 61 73
42 43 51 57 59 61 71 72
42 43 51 57 59 60 61 73
42 43 51 57 59 60 61 71 72
42 43 50 59 61 78
42 43 50 59 61 76 77
42 43 50 59 61 63 78
42 43 50 59 61 63 76 77
42 43 50 57 59 61 73
42 43 50 57 59 61 71 72
42 43 50 57 59 60 73
42 43 50 57 59 60 71 72
42 43 50 51 59 61
42 43 50 51 59 61 63
42 43 48 59 61 78
42 43 48 59 61 76 77
42 43 48 59 61 63 78
42 43 48 59 61 63 76 77
42 43 48 59 60 61 78
42 43 48 59 60 61 76 77
42 43 48 59 60 61 63 78
42 43 48 59 60 61 63 76 77
42 43 48 57 59 61 73 77
42 43 48 57 59 61 73 75 76
42 43 48 57 59 61 71 72 77
42 43 48 57 59 61 71 72 75 76
42 43 48 57 59 60 73 77
42 43 48 57 59 60 73 75 76
42 43 48 57 59 60 71 72 77
42 43 48 57 59 60 71 72 75 76
42 43 48 51 59 61
42 43 48 51 59 61 63
42 43 48 51 59 60 61
42 43 48 51 59 60 61 63
42 43 48 50 57 59 61 73
42 43 48 50 57 59 61 71 72
42 43 48 50 57 59 60 73
42 43 48 50 57 59 60 71 72
42 43 46 59 61
42 43 46 59 61 78
42 43 46 59 61 76 77
42 43 46 59 61 65
42 43 46 59 61 63 64
42 43 46 59 60 61
42 43 46 59 60 61 78
42 43 46 59 60 61 76 77
42 43 46 57 61 63
42 43 46 57 61 62
42 43 46 57 59 61
42 43 46 57 59 61 78
42 43 46 57 59 61 77
42 43 46 57 59 61 76 77
42 43 46 57 59 61 75 76
42 43 46 57 59 61 63
42 43 46 57 59 61 62
42 43 46 57 59 60
42 43 46 57 59 60 77
42 43 46 57 59 60 75 76
42 43 46 57 59 60 61 78
42 43 46 57 59 60 61 76 77
42 43 46 51 59 61
42 43 46 51 59 60 61
42 43 46 51 57 59 61
42 43 46 51 57 59 60 61
42 43 46 50 57 59 61
42 43 46 50 57 59 60
42 43 46 48 57 59 61 77
42 43 46 48 57 59 61 75 76
42 43 46 48 57 59 60 77
42 43 46 48 57 59 60 75 76
42 43 46 48 50 57 59 61
42 43 46 48 50 57 59 60
42 43 46 47 57 59 61 77
42 43 46 47 57 59 61 75 76
42 43 46 47 57 59 61 73 77
42 43 46 47 57 59 61 73 75 76
42 43 46 47 57 59 61 71 72 77
42 43 46 47 57 59 61 71 72 75 76
42 43 46 47 57 59 60 77
42 43 46 47 57 59 60 75 76
42 43 46 47 57 59 60 73 77
42 43 46 47 57 59 60 73 75 76
42 43 46 47 57 59 60 71 72 77
42 43 46 47 57 59 60 71 72 75 76
42 43 46 47 50 57 59 61
42 43 46 47 50 57 59 61 73
42 43 46 47 50 57 59 61 71 72
42 43 46 47 50 57 59 60
42 43 46 47 50 57 59 60 73
42 43 46 47 50 57 59 60 71 72
40 41 59 61 77
40 41 59 61 75 76
40 41 57 61 73
40 41 57 61 71 72
40 41 57 59 63 73 78
40 41 57 59 63 73 76 77
40 41 57 59 63 71 72 78
40 41 57 59 63 71 72 76 77
40 41 57 59 61 62 73 78
40 41 57 59 61 62 73 76 77
40 41 57 59 61 62 71 72 78
40 41 57 59 61 62 71 72 76 77
40 41 57 59 60 61 73
40 41 57 59 60 61 71 72
40 41 51 57 59 63 73
40 41 51 57 59 63 71 72
40 41 51 57 59 61 62 73
40 41 51 57 59 61 62 71 72
40 41 50 59 61
40 41 48 59 61 77
40 41 48 59 61 75 76
40 41 48 50 59 61
40 41 46 57 61
40 41 46 57 59 63 78
40 41 46 57 59 63 76 77
40 41 46 57 59 61 62 78
40 41 46 57 59 61 62 76 77
40 41 46 57 59 60 61
40 41 46 51 57 59 63
40 41 46 51 57 59 61 62
40 41 46 47 59 61 77
40 41 46 47 59 61 75 76
40 41 46 47 50 59 61
38 44 59 61 73
38 44 59 61 71 72
38 44 46 59 61
38 42 43 59 61 73
38 42 43 59 61 71 72
38 42 43 46 59 61
36 59 61 73
36 59 61 71 72
36 57 61 73
36 57 61 71 72
36 46 59 61
36 46 57 61
36 44 57 61 73
36 44 57 61 71 72
36 44 57 59 61 73
36 44 57 59 61 71 72
36 44 46 57 61
36 44 46 57 59 61
36 42 57 59 73 78
36 42 57 59 73 76 77
36 42 57 59 71 72 78
36 42 57 59 71 72 76 77
36 42 51 57 59 73
36 42 51 57 59 71 72
36 42 46 57 59 78
36 42 46 57 59 76 77
36 42 46 51 57 59
36 42 43 57 61 73
36 42 43 57 61 71 72
36 42 43 57 59 61 73
36 42 43 57 59 61 71 72
36 42 43 46 57 61
36 42 43 46 57 59 61
36 40 41 57 59 73 78
36 40 41 57 59 73 76 77
36 40 41 57 59 71 72 78
36 40 41 57 59 71 72 76 77
36 40 41 51 57 59 73
36 40 41 51 57 59 71 72
36 40 41 46 57 59 78
36 40 41 46 57 59 76 77
36 40 41 46 51 57 59
34 59 61 73
34 59 61 71 72
34 57 59 73
34 57 59 71 72
34 46 59 61
34 46 57 59
34 44 59 61 75 78
34 44 59 61 75 76 77
34 44 59 61 73
34 44 59 61 73 78
34 44 59 61 73 76 77
34 44 59 61 73 74 78
34 44 59 61 73 74 76 77
34 44 59 61 71 72
34 44 59 61 71 72 78
34 44 59 61 71 72 76 77
34 44 59 61 63 75 78
34 44 59 61 63 75 76 77
34 44 59 61 63 73 74 78
34 44 59 61 63 73 74 76 77
34 44 57 59 73
34 44 57 59 73 77
34 44 57 59 73 75 76
34 44 57 59 71 72
34 44 57 59 71 72 77
34 44 57 59 71 72 75 76
34 44 57 59 61 73 78
34 44 57 59 61 73 76 77
34 44 57 59 61 71 72 78
34 44 57 59 61 71 72 76 77
34 44 51 59 61 75
34 44 51 59 61 73
34 44 51 59 61 73 74
34 44 51 59 61 71 72
34 44 51 59 61 63 75
34 44 51 59 61 63 73 74
34 44 51 57 59 61 73
34 44 51 57 59 61 71 72
34 44 50 57 59 73
34 44 50 57 59 71 72
34 44 48 59 61 78
34 44 48 59 61 76 77
34 44 48 59 61 63 78
34 44 48 59 61 63 76 77
34 44 48 57 59 73 77
34 44 48 57 59 73 75 76
34 44 48 57 59 71 72 77
34 44 48 57 59 71 72 75 76
34 44 48 51 59 61
34 44 48 51 59 61 63
34 44 48 50 57 59 73
34 44 48 50 57 59 71 72
34 44 46 59 61
34 44 46 59 61 78
34 44 46 59 61 76 77
34 44 46 57 59
34 44 46 57 59 77
34 44 46 57 59 75 76
34 44 46 57 59 61 78
34 44 46 57 59 61 76 77
34 44 46 51 59 61
34 44 46 51 57 59 61
34 44 46 50 57 59
34 44 46 48 57 59 77
34 44 46 48 57 59 75 76
34 44 46 48 50 57 59
34 44 46 47 57 59 77
34 44 46 47 57 59 75 76
34 44 46 47 57 59 73 77
34 44 46 47 57 59 73 75 76
34 44 46 47 57 59 71 72 77
34 44 46 47 57 59 71 72 75 76
34 44 46 47 50 57 59
34 44 46 47 50 57 59 73
34 44 46 47 50 57 59 71 72
34 42 57 61 73
34 42 57 61 71 72
34 42 46 57 61
34 42 43 59 61 75 78
34 42 43 59 61 75 76 77
34 42 43 59 61 73
34 42 43 59 61 73 78
34 42 43 59 61 73 76 77
34 42 43 59 61 73 74 78
34 42 43 59 61 73 74 76 77
34 42 43 59 61 71 72
34 42 43 59 61 71 72 78
34 42 43 59 61 71 72 76 77
34 42 43 59 61 63 75 78
34 42 43 59 61 63 75 76 77
34 42 43 59 61 63 73 74 78
34 42 43 59 61 63 73 74 76 77
34 42 43 57 59 73
34 42 43 57 59 73 77
34 42 43 57 59 73 75 76
34 42 43 57 59 71 72
34 42 43 57 59 71 72 77
34 42 43 57 59 71 72 75 76
34 42 43 57 59 61 73 78
34 42 43 57 59 61 73 76 77
34 42 43 57 59 61 71 72 78
34 42 43 57 59 61 71 72 76 77
34 42 43 51 59 61 75
34 42 43 51 59 61 73
34 42 43 51 59 61 73 74
34 42 43 51 59 61 71 72
34 42 43 51 59 61 63 75
34 42 43 51 59 61 63 73 74
34 42 43 51 57 59 61 73
34 42 43 51 57 59 61 71 72
34 42 43 50 57 59 73
34 42 43 50 57 59 71 72
34 42 43 48 59 61 78
34 42 43 48 59 61 76 77
34 42 43 48 59 61 63 78
34 42 43 48 59 61 63 76 77
34 42 43 48 57 59 73 77
34 42 43 48 57 59 73 75 76
34 42 43 48 57 59 71 72 77
34 42 43 48 57 59 71 72 75 76
34 42 43 48 51 59 61
34 42 43 48 51 59 61 63
34 42 43 48 50 57 59 73
34 42 43 48 50 57 59 71 72
34 42 43 46 59 61
34 42 43 46 59 61 78
34 42 43 46 59 61 76 77
34 42 43 46 57 59
34 42 43 46 57 59 77
34 42 43 46 57 59 75 76
34 42 43 46 57 59 61 78
34 42 43 46 57 59 61 76 77
34 42 43 46 51 59 61
34 42 43 46 51 57 59 61
34 42 43 46 50 57 59
34 42 43 46 48 57 59 77
34 42 43 46 48 57 59 75 76
34 42 43 46 48 50 57 59
34 42 43 46 47 57 59 77
34 42 43 46 47 57 59 75 76
34 42 43 46 47 57 59 73 77
34 42 43 46 47 57 59 73 75 76
34 42 43 46 47 57 59 71 72 77
34 42 43 46 47 57 59 71 72 75 76
34 42 43 46 47 50 57 59
34 42 43 46 47 50 57 59 73
34 42 43 46 47 50 57 59 71 72
34 40 41 57 61 73
34 40 41 57 61 71 72
34 40 41 46 57 61
30 44 59 61 65 73
30 44 59 61 65 71 72
30 44 59 61 63 64 73
30 44 59 61 63 64 71 72
30 44 46 59 61 65
30 44 46 59 61 63 64
30 42 43 59 61 65 73
30 42 43 59 61 65 71 72
30 42 43 59 61 63 64 73
30 42 43 59 61 63 64 71 72
30 42 43 46 59 61 65
30 42 43 46 59 61 63 64
30 38 44 59 61 73
30 38 44 59 61 71 72
30 38 44 46 59 61
30 38 42 43 59 61 73
30 38 42 43 59 61 71 72
30 38 42 43 46 59 61
28 29 44 59 61 65 73
28 29 44 59 61 65 71 72
28 29 44 59 61 63 64 73
28 29 44 59 61 63 64 71 72
28 29 44 46 59 61 65
28 29 44 46 59 61 63 64
28 29 42 43 59 61 65 73
28 29 42 43 59 61 65 71 72
28 29 42 43 59 61 63 64 73
28 29 42 43 59 61 63 64 71 72
28 29 42 43 46 59 61 65
28 29 42 43 46 59 61 63 64
28 29 38 44 59 61 73
28 29 38 44 59 61 71 72
28 29 38 44 46 59 61
28 29 38 42 43 59 61 73
28 29 38 42 43 59 61 71 72
28 29 38 42 43 46 59 61
21 57 59 73
21 57 59 71 72
21 46 57 59
21 44 57 59 61 73 77
21 44 57 59 61 73 75 76
21 44 57 59 61 71 72 77
21 44 57 59 61 71 72 75 76
21 44 57 59 60 73 77
21 44 57 59 60 73 75 76
21 44 57 59 60 71 72 77
21 44 57 59 60 71 72 75 76
21 44 50 57 59 61 73
21 44 50 57 59 61 71 72
21 44 50 57 59 60 73
21 44 50 57 59 60 71 72
21 44 46 57 59 61 77
21 44 46 57 59 61 75 76
21 44 46 57 59 60 77
21 44 46 57 59 60 75 76
21 44 46 50 57 59 61
21 44 46 50 57 59 60
21 42 59 61 77
21 42 59 61 75 76
21 42 50 59 61
21 42 43 57 59 61 73 77
21 42 43 57 59 61 73 75 76
21 42 43 57 59 61 71 72 77
21 42 43 57 59 61 71 72 75 76
21 42 43 57 59 60 73 77
21 42 43 57 59 60 73 75 76
21 42 43 57 59 60 71 72 77
21 42 43 57 59 60 71 72 75 76
21 42 43 50 57 59 61 73
21 42 43 50 57 59 61 71 72
21 42 43 50 57 59 60 73
21 42 43 50 57 59 60 71 72
21 42 43 46 57 59 61 77
21 42 43 46 57 59 61 75 76
21 42 43 46 57 59 60 77
21 42 43 46 57 59 60 75 76
21 42 43 46 50 57 59 61
21 42 43 46 50 57 59 60
21 40 41 59 61 77
21 40 41 59 61 75 76
21 40 41 50 59 61
21 34 44 57 59 73 77
21 34 44 57 59 73 75 76
21 34 44 57 59 71 72 77
21 34 44 57 59 71 72 75 76
21 34 44 50 57 59 73
21 34 44 50 57 59 71 72
21 34 44 46 57 59 77
21 34 44 46 57 59 75 76
21 34 44 46 50 57 59
21 34 42 43 57 59 73 77
21 34 42 43 57 59 73 75 76
21 34 42 43 57 59 71 72 77
21 34 42 43 57 59 71 72 75 76
21 34 42 43 50 57 59 73
21 34 42 43 50 57 59 71 72
21 34 42 43 46 57 59 77
21 34 42 43 46 57 59 75 76
21 34 42 43 46 50 57 59
17 59 61 77 78
17 59 61 76 77
17 59 61 75 78
17 59 61 75 76 78
17 59 61 73
17 59 61 73 78
17 59 61 73 76 77
17 59 61 73 74 78
17 59 61 73 74 76 77
17 59 61 71 72
17 59 61 71 72 78
17 59 61 71 72 76 77
17 59 61 65 73
17 59 61 65 71 72
17 59 61 63 77 78
17 59 61 63 76 77
17 59 61 63 75 78
17 59 61 63 75 76 78
17 59 61 63 73 74 78
17 59 61 63 73 74 76 77
17 59 61 63 64 73
17 59 61 63 64 71 72
17 59 60 61 75 78
17 59 60 61 75 76 77
17 59 60 61 73
17 59 60 61 73 78
17 59 60 61 73 76 77
17 59 60 61 73 74 78
17 59 60 61 73 74 76 77
17 59 60 61 71 72
17 59 60 61 71 72 78
17 59 60 61 71 72 76 77
17 59 60 61 63 75 78
17 59 60 61 63 75 76 77
17 59 60 61 63 73 74 78
17 59 60 61 63 73 74 76 77
17 57 61 63 73
17 57 61 63 71 72
17 57 61 62 73
17 57 61 62 71 72
17 57 59 61 73
17 57 59 61 73 78
17 57 59 61 73 77
17 57 59 61 73 76 77
17 57 59 61 73 75 76
17 57 59 61 71 72
17 57 59 61 71 72 78
17 57 59 61 71 72 77
17 57 59 61 71 72 76 77
17 57 59 61 71 72 75 76
17 57 59 61 63 73
17 57 59 61 63 71 72
17 57 59 61 62 73
17 57 59 61 62 71 72
17 57 59 60 73
17 57 59 60 73 77
17 57 59 60 73 75 76
17 57 59 60 71 72
17 57 59 60 71 72 77
17 57 59 60 71 72 75 76
17 57 59 60 61 73 78
17 57 59 60 61 73 76 77
17 57 59 60 61 71 72 78
17 57 59 60 61 71 72 76 77
17 51 59 61 77
17 51 59 61 75
17 51 59 61 75 76
17 51 59 61 73
17 51 59 61 73 74
17 51 59 61 71 72
17 51 59 61 63 77
17 51 59 61 63 75
17 51 59 61 63 75 76
17 51 59 61 63 73 74
17 51 59 60 61 75
17 51 59 60 61 73
17 51 59 60 61 73 74
17 51 59 60 61 71 72
17 51 59 60 61 63 75
17 51 59 60 61 63 73 74
17 51 57 59 61 73
17 51 57 59 61 71 72
17 51 57 59 60 61 73
17 51 57 59 60 61 71 72
17 50 59 61 78
17 50 59 61 76 77
17 50 59 61 63 78
17 50 59 61 63 76 77
17 50 57 59 61 73
17 50 57 59 61 71 72
17 50 57 59 60 73
17 50 57 59 60 71 72
17 50 51 59 61
17 50 51 59 61 63
17 48 59 61 78
17 48 59 61 76 77
17 48 59 61 63 78
17 48 59 61 63 76 77
17 48 59 60 61 78
17 48 59 60 61 76 77
17 48 59 60 61 63 78
17 48 59 60 61 63 76 77
17 48 57 59 61 73 77
17 48 57 59 61 73 75 76
17 48 57 59 61 71 72 77
17 48 57 59 61 71 72 75 76
17 48 57 59 60 73 77
17 48 57 59 60 73 75 76
17 48 57 59 60 71 72 77
17 48 57 59 60 71 72 75 76
17 48 51 59 61
17 48 51 59 61 63
17 48 51 59 60 61
17 48 51 59 60 61 63
17 48 50 57 59 61 73
17 48 50 57 59 61 71 72
17 48 50 57 59 60 73
17 48 50 57 59 60 71 72
17 46 59 61
17 46 59 61 78
17 46 59 61 76 77
17 46 59 61 65
17 46 59 61 63 64
17 46 59 60 61
17 46 59 60 61 78
17 46 59 60 61 76 77
17 46 57 61 63
17 46 57 61 62
17 46 57 59 61
17 46 57 59 61 78
17 46 57 59 61 77
17 46 57 59 61 76 77
17 46 57 59 61 75 76
17 46 57 59 61 63
17 46 57 59 61 62
17 46 57 59 60
17 46 57 59 60 77
17 46 57 59 60 75 76
17 46 57 59 60 61 78
17 46 57 59 60 61 76 77
17 46 51 59 61
17 46 51 59 60 61
17 46 51 57 59 61
17 46 51 57 59 60 61
17 46 50 57 59 61
17 46 50 57 59 60
17 46 48 57 59 61 77
17 46 48 57 59 61 75 76
17 46 48 57 59 60 77
17 46 48 57 59 60 75 76
17 46 48 50 57 59 61
17 46 48 50 57 59 60
17 46 47 57 59 61 77
17 46 47 57 59 61 75 76
17 46 47 57 59 61 73 77
17 46 47 57 59 61 73 75 76
17 46 47 57 59 61 71 72 77
17 46 47 57 59 61 71 72 75 76
17 46 47 57 59 60 77
17 46 47 57 59 60 75 76
17 46 47 57 59 60 73 77
17 46 47 57 59 60 73 75 76
17 46 47 57 59 60 71 72 77
17 46 47 57 59 60 71 72 75 76
17 46 47 50 57 59 61
17 46 47 50 57 59 61 73
17 46 47 50 57 59 61 71 72
17 46 47 50 57 59 60
17 46 47 50 57 59 60 73
17 46 47 50 57 59 60 71 72
17 38 59 61 73
17 38 59 61 71 72
17 38 46 59 61
17 36 57 61 73
17 36 57 61 71 72
17 36 57 59 61 73
17 36 57 59 61 71 72
17 36 46 57 61
17 36 46 57 59 61
17 34 59 61 75 78
17 34 59 61 75 76 77
17 34 59 61 73
17 34 59 61 73 78
17 34 59 61 73 76 77
17 34 59 61 73 74 78
17 34 59 61 73 74 76 77
17 34 59 61 71 72
17 34 59 61 71 72 78
17 34 59 61 71 72 76 77
17 34 59 61 63 75 78
17 34 59 61 63 75 76 77
17 34 59 61 63 73 74 78
17 34 59 61 63 73 74 76 77
17 34 57 59 73
17 34 57 59 73 77
17 34 57 59 73 75 76
17 34 57 59 71 72
17 34 57 59 71 72 77
17 34 57 59 71 72 75 76
17 34 57 59 61 73 78
17 34 57 59 61 73 76 77
17 34 57 59 61 71 72 78
17 34 57 59 61 71 72 76 77
17 34 51 59 61 75
17 34 51 59 61 73
17 34 51 59 61 73 74
17 34 51 59 61 71 72
17 34 51 59 61 63 75
17 34 51 59 61 63 73 74
17 34 51 57 59 61 73
17 34 51 57 59 61 71 72
17 34 50 57 59 73
17 34 50 57 59 71 72
17 34 48 59 61 78
17 34 48 59 61 76 77
17 34 48 59 61 63 78
17 34 48 59 61 63 76 77
17 34 48 57 59 73 77
17 34 48 57 59 73 75 76
17 34 48 57 59 71 72 77
17 34 48 57 59 71 72 75 76
17 34 48 51 59 61
17 34 48 51 59 61 63
17 34 48 50 57 59 73
17 34 48 50 57 59 71 72
17 34 46 59 61
17 34 46 59 61 78
17 34 46 59 61 76 77
17 34 46 57 59
17 34 46 57 59 77
17 34 46 57 59 75 76
17 34 46 57 59 61 78
17 34 46 57 59 61 76 77
17 34 46 51 59 61
17 34 46 51 57 59 61
17 34 46 50 57 59
17 34 46 48 57 59 77
17 34 46 48 57 59 75 76
17 34 46 48 50 57 59
17 34 46 47 57 59 77
17 34 46 47 57 59 75 76
17 34 46 47 57 59 73 77
17 34 46 47 57 59 73 75 76
17 34 46 47 57 59 71 72 77
17 34 46 47 57 59 71 72 75 76
17 34 46 47 50 57 59
17 34 46 47 50 57 59 73
17 34 46 47 50 57 59 71 72
17 30 59 61 65 73
17 30 59 61 65 71 72
17 30 59 61 63 64 73
17 30 59 61 63 64 71 72
17 30 46 59 61 65
17 30 46 59 61 63 64
17 30 38 59 61 73
17 30 38 59 61 71 72
17 30 38 46 59 61
17 28 29 59 61 65 73
17 28 29 59 61 65 71 72
17 28 29 59 61 63 64 73
17 28 29 59 61 63 64 71 72
17 28 29 46 59 61 65
17 28 29 46 59 61 63 64
17 28 29 38 59 61 73
17 28 29 38 59 61 71 72
17 28 29 38 46 59 61
17 21 57 59 61 73 77
17 21 57 59 61 73 75 76
17 21 57 59 61 71 72 77
17 21 57 59 61 71 72 75 76
17 21 57 59 60 73 77
17 21 57 59 60 73 75 76
17 21 57 59 60 71 72 77
17 21 57 59 60 71 72 75 76
17 21 50 57 59 61 73
17 21 50 57 59 61 71 72
17 21 50 57 59 60 73
17 21 50 57 59 60 71 72
17 21 46 57 59 61 77
17 21 46 57 59 61 75 76
17 21 46 57 59 60 77
17 21 46 57 59 60 75 76
17 21 46 50 57 59 61
17 21 46 50 57 59 60
17 21 34 57 59 73 77
17 21 34 57 59 73 75 76
17 21 34 57 59 71 72 77
17 21 34 57 59 71 72 75 76
17 21 34 50 57 59 73
17 21 34 50 57 59 71 72
17 21 34 46 57 59 77
17 21 34 46 57 59 75 76
17 21 34 46 50 57 59
15 59 61 77
15 59 61 75 76
15 57 61 73
15 57 61 71 72
15 57 59 63 73 78
15 57 59 63 73 76 77
15 57 59 63 71 72 78
15 57 59 63 71 72 76 77
15 57 59 61 62 73 78
15 57 59 61 62 73 76 77
15 57 59 61 62 71 72 78
15 57 59 61 62 71 72 76 77
15 57 59 60 61 73
15 57 59 60 61 71 72
15 51 57 59 63 73
15 51 57 59 63 71 72
15 51 57 59 61 62 73
15 51 57 59 61 62 71 72
15 50 59 61
15 48 59 61 77
15 48 59 61 75 76
15 48 50 59 61
15 46 57 61
15 46 57 59 63 78
15 46 57 59 63 76 77
15 46 57 59 61 62 78
15 46 57 59 61 62 76 77
15 46 57 59 60 61
15 46 51 57 59 63
15 46 51 57 59 61 62
15 46 47 59 61 77
15 46 47 59 61 75 76
15 46 47 50 59 61
15 36 57 59 73 78
15 36 57 59 73 76 77
15 36 57 59 71 72 78
15 36 57 59 71 72 76 77
15 36 51 57 59 73
15 36 51 57 59 71 72
15 36 46 57 59 78
15 36 46 57 59 76 77
15 36 46 51 57 59
15 34 57 61 73
15 34 57 61 71 72
15 34 46 57 61
15 21 59 61 77
15 21 59 61 75 76
15 21 50 59 61
14 42 57 61 73
14 42 57 61 71 72
14 42 57 59 61 73
14 42 57 59 61 71 72
14 42 46 57 61
14 42 46 57 59 61
14 40 41 57 61 73
14 40 41 57 61 71 72
14 40 41 57 59 61 73
14 40 41 57 59 61 71 72
14 40 41 46 57 61
14 40 41 46 57 59 61
14 34 42 57 61 73
14 34 42 57 61 71 72
14 34 42 57 59 61 73
14 34 42 57 59 61 71 72
14 34 42 46 57 61
14 34 42 46 57 59 61
14 34 40 41 57 61 73
14 34 40 41 57 61 71 72
14 34 40 41 57 59 61 73
14 34 40 41 57 59 61 71 72
14 34 40 41 46 57 61
14 34 40 41 46 57 59 61
14 15 57 61 73
14 15 57 61 71 72
14 15 57 59 61 73
14 15 57 59 61 71 72
14 15 46 57 61
14 15 46 57 59 61
14 15 34 57 61 73
14 15 34 57 61 71 72
14 15 34 57 59 61 73
14 15 34 57 59 61 71 72
14 15 34 46 57 61
14 15 34 46 57 59 61
3 44 59 61 65 73
3 44 59 61 65 71 72
3 44 59 61 63 64 73
3 44 59 61 63 64 71 72
3 44 46 59 61 65
3 44 46 59 61 63 64
3 42 43 59 61 65 73
3 42 43 59 61 65 71 72
3 42 43 59 61 63 64 73
3 42 43 59 61 63 64 71 72
3 42 43 46 59 61 65
3 42 43 46 59 61 63 64
3 38 44 59 61 73
3 38 44 59 61 71 72
3 38 44 46 59 61
3 38 42 43 59 61 73
3 38 42 43 59 61 71 72
3 38 42 43 46 59 61
3 17 59 61 65 73
3 17 59 61 65 71 72
3 17 59 61 63 64 73
3 17 59 61 63 64 71 72
3 17 46 59 61 65
3 17 46 59 61 63 64
3 17 38 59 61 73
3 17 38 59 61 71 72
3 17 38 46 59 61
