40 41 57 59 60 73 78
40 41 57 59 60 73 76 77
40 41 57 59 60 71 72 78
40 41 57 59 60 71 72 76 77
40 41 51 57 59 60 73
40 41 51 57 59 60 71 72
40 41 46 57 59 60 78
40 41 46 57 59 60 76 77
40 41 46 51 57 59 60
17 59 61 73
17 59 61 71 72
17 59 60 61 73
17 59 60 61 71 72
17 46 59 61
17 46 59 60 61
42 57 59 60 73 78
42 57 59 60 73 76 77
42 57 59 60 71 72 78
42 57 59 60 71 72 76 77
42 51 57 59 60 73
42 51 57 59 60 71 72
42 46 57 59 60 78
42 46 57 59 60 76 77
42 46 51 57 59 60
15 57 59 60 73 78
15 57 59 60 73 76 77
15 57 59 60 71 72 78
15 57 59 60 71 72 76 77
15 51 57 59 60 73
15 51 57 59 60 71 72
15 46 57 59 60 78
15 46 57 59 60 76 77
15 46 51 57 59 60
59 61 63 73 78
59 61 63 73 76 77
59 61 63 71 72 78
59 61 63 71 72 76 77
59 61 62 73 78
59 61 62 73 76 77
59 61 62 71 72 78
59 61 62 71 72 76 77
51 59 61 63 73
51 59 61 63 71 72
51 59 61 62 73
51 59 61 62 71 72
46 59 61 63 78
46 59 61 63 76 77
46 59 61 62 78
46 59 61 62 76 77
46 51 59 61 63
46 51 59 61 62
36 59 61 73 78
36 59 61 73 76 77
36 59 61 71 72 78
36 59 61 71 72 76 77
36 51 59 61 73
36 51 59 61 71 72
36 46 59 61 78
36 46 59 61 76 77
36 46 51 59 61
61 75
61 73 75
61 73 74
61 72 73
61 71 72 75
61 71 72 74
61 71 72 73
61 71 72 73 74
61 63 73
61 63 71 72
61 62 73
61 62 71 72
60 61
48 61
48 61 73
48 61 71 72
47 61 73
47 61 71 72
46 61 75
46 61 74
46 61 73 74
46 61 72 73
46 61 63
46 61 62
46 48 61
46 47 61
44 61 73
44 61 71 72
44 46 61
42 43 61 73
42 43 61 71 72
42 43 46 61
33 61

34
32
59 61 63 73 78 79
59 61 63 71 72 78 79
59 61 62 73 78 79
59 61 62 71 72 78 79
53 59 61 63 73
53 59 61 63 71 72
53 59 61 62 73
53 59 61 62 71 72
46 59 61 63 78 79
46 59 61 62 78 79
46 53 59 61 63
46 53 59 61 62
36 59 61 73 78 79
36 59 61 71 72 78 79
36 53 59 61 73
36 53 59 61 71 72
36 46 59 61 78 79
36 46 53 59 61
59 73 75
59 73 74
59 71 72 75
59 71 72 73 74
59 61 75
59 61 72 73
59 61 71 72 74
59 61 71 72 73
59 61 62 73
59 61 62 71 72
59 60 73 75
59 60 73 74
59 60 71 72 75
59 60 71 72 73 74
59 60 61 75
59 60 61 72 73
59 60 61 71 72 74
59 60 61 71 72 73
58 59 61 73
58 59 61 71 72
58 59 60 61
48 59 73
48 59 71 72
48 59 61
48 59 60 73
48 59 60 71 72
48 59 60 61
47 59 61 73
47 59 61 71 72
47 59 60 61 73
47 59 60 61 71 72
46 59 75
46 59 73 74
46 59 61 74
46 59 61 72 73
46 59 61 62
46 59 60 75
46 59 60 73 74
46 59 60 61 74
46 59 60 61 72 73
46 58 59 61
46 48 59
46 48 59 60
46 47 59 61
46 47 59 60 61
34 57 59 60 61 73 78 79
34 57 59 60 61 71 72 78 79
34 53 57 59 60 61 73
34 53 57 59 60 61 71 72
34 46 57 59 60 61 78 79
34 46 53 57 59 60 61
33 59 61
33 59 60 61
29 59 61 73
29 59 61 71 72
29 59 60 61 73
29 59 60 61 71 72
29 46 59 61
29 46 59 60 61
27 28 59 61 73
27 28 59 61 71 72
27 28 59 60 61 73
27 28 59 60 61 71 72
27 28 46 59 61
27 28 46 59 60 61
18 59 73 75
18 59 73 74
18 59 71 72 75
18 59 71 72 73 74
18 59 61 75
18 59 61 72 73
18 59 61 71 72 74
18 59 61 71 72 73
18 59 60 61
18 58 59 61
18 57 59 61 73 78 79
18 57 59 61 71 72 78 79
18 57 59 60 61 73 78 79
18 57 59 60 61 71 72 78 79
18 53 57 59 61 73
18 53 57 59 61 71 72
18 53 57 59 60 61 73
18 53 57 59 60 61 71 72
18 48 59 73
18 48 59 71 72
18 48 59 61
18 47 59 61 73
18 47 59 61 71 72
18 46 59 75
18 46 59 73 74
18 46 59 61 74
18 46 59 61 72 73
18 46 57 59 61 78 79
18 46 57 59 60 61 78 79
18 46 53 57 59 61
18 46 53 57 59 60 61
18 46 48 59
18 46 47 59 61
18 34 57 59 61 73 78 79
18 34 57 59 61 71 72 78 79
18 34 53 57 59 61 73
18 34 53 57 59 61 71 72
18 34 46 57 59 61 78 79
18 34 46 53 57 59 61
18 33 59 61
18 29 59 61 73
18 29 59 61 71 72
18 29 46 59 61
18 27 28 59 61 73
18 27 28 59 61 71 72
18 27 28 46 59 61
17 18 59 61 73
17 18 59 61 71 72
17 18 46 59 61
16 59 61 73
16 59 61 71 72
16 46 59 61
16 17 59 73 75
16 17 59 73 74
16 17 59 71 72 75
16 17 59 71 72 73 74
16 17 59 61 75
16 17 59 61 73
16 17 59 61 72 73
16 17 59 61 71 72
16 17 59 61 71 72 74
16 17 59 61 71 72 73
16 17 59 60 61
16 17 58 59 61
16 17 57 59 61 73 78 79
16 17 57 59 61 71 72 78 79
16 17 57 59 60 61 73 78 79
16 17 57 59 60 61 71 72 78 79
16 17 53 57 59 61 73
16 17 53 57 59 61 71 72
16 17 53 57 59 60 61 73
16 17 53 57 59 60 61 71 72
16 17 48 59 73
16 17 48 59 71 72
16 17 48 59 61
16 17 47 59 61 73
16 17 47 59 61 71 72
16 17 46 59 75
16 17 46 59 73 74
16 17 46 59 61
16 17 46 59 61 74
16 17 46 59 61 72 73
16 17 46 57 59 61 78 79
16 17 46 57 59 60 61 78 79
16 17 46 53 57 59 61
16 17 46 53 57 59 60 61
16 17 46 48 59
16 17 46 47 59 61
16 17 34 57 59 61 73 78 79
16 17 34 57 59 61 71 72 78 79
16 17 34 53 57 59 61 73
16 17 34 53 57 59 61 71 72
16 17 34 46 57 59 61 78 79
16 17 34 46 53 57 59 61
16 17 33 59 61
16 17 29 59 61 73
16 17 29 59 61 71 72
16 17 29 46 59 61
16 17 27 28 59 61 73
16 17 27 28 59 61 71 72
16 17 27 28 46 59 61
14 15 59 61 73
14 15 59 61 71 72
14 15 46 59 61
2 59 61 73
2 59 61 71 72
2 59 60 61 73
2 59 60 61 71 72
2 46 59 61
2 46 59 60 61
2 18 59 61 73
2 18 59 61 71 72
2 18 46 59 61
2 16 17 59 61 73
2 16 17 59 61 71 72
2 16 17 46 59 61
42 57 59 60 61 73
42 57 59 60 61 71 72
42 48 57 59 61 73
42 48 57 59 61 71 72
42 48 57 59 60 61 73
42 48 57 59 60 61 71 72
42 46 57 59 60 61
42 46 48 57 59 61
42 46 48 57 59 60 61
42 46 47 57 59 61
42 46 47 57 59 61 73
42 46 47 57 59 61 71 72
42 46 47 57 59 60 61
42 46 47 57 59 60 61 73
42 46 47 57 59 60 61 71 72
40 41 57 59 60 61 73
40 41 57 59 60 61 71 72
40 41 48 57 59 61 73
40 41 48 57 59 61 71 72
40 41 48 57 59 60 61 73
40 41 48 57 59 60 61 71 72
40 41 46 57 59 60 61
40 41 46 48 57 59 61
40 41 46 48 57 59 60 61
40 41 46 47 57 59 61
40 41 46 47 57 59 61 73
40 41 46 47 57 59 61 71 72
40 41 46 47 57 59 60 61
40 41 46 47 57 59 60 61 73
40 41 46 47 57 59 60 61 71 72
34 42 57 59 61 73
34 42 57 59 61 71 72
34 42 48 57 59 61 73
34 42 48 57 59 61 71 72
34 42 46 57 59 61
34 42 46 48 57 59 61
34 42 46 47 57 59 61
34 42 46 47 57 59 61 73
34 42 46 47 57 59 61 71 72
34 40 41 57 59 61 73
34 40 41 57 59 61 71 72
34 40 41 48 57 59 61 73
34 40 41 48 57 59 61 71 72
34 40 41 46 57 59 61
34 40 41 46 48 57 59 61
34 40 41 46 47 57 59 61
34 40 41 46 47 57 59 61 73
34 40 41 46 47 57 59 61 71 72
21 42 57 59 61 73
21 42 57 59 61 71 72
21 42 57 59 60 61 73
21 42 57 59 60 61 71 72
21 42 46 57 59 61
21 42 46 57 59 60 61
21 40 41 57 59 61 73
21 40 41 57 59 61 71 72
21 40 41 57 59 60 61 73
21 40 41 57 59 60 61 71 72
21 40 41 46 57 59 61
21 40 41 46 57 59 60 61
21 34 42 57 59 61 73
21 34 42 57 59 61 71 72
21 34 42 46 57 59 61
21 34 40 41 57 59 61 73
21 34 40 41 57 59 61 71 72
21 34 40 41 46 57 59 61
15 57 59 60 61 73
15 57 59 60 61 71 72
15 48 57 59 61 73
15 48 57 59 61 71 72
15 48 57 59 60 61 73
15 48 57 59 60 61 71 72
15 46 57 59 60 61
15 46 48 57 59 61
15 46 48 57 59 60 61
15 46 47 57 59 61
15 46 47 57 59 61 73
15 46 47 57 59 61 71 72
15 46 47 57 59 60 61
15 46 47 57 59 60 61 73
15 46 47 57 59 60 61 71 72
15 34 57 59 61 73
15 34 57 59 61 71 72
15 34 48 57 59 61 73
15 34 48 57 59 61 71 72
15 34 46 57 59 61
15 34 46 48 57 59 61
15 34 46 47 57 59 61
15 34 46 47 57 59 61 73
15 34 46 47 57 59 61 71 72
15 21 57 59 61 73
15 21 57 59 61 71 72
15 21 57 59 60 61 73
15 21 57 59 60 61 71 72
15 21 46 57 59 61
15 21 46 57 59 60 61
15 21 34 57 59 61 73
15 21 34 57 59 61 71 72
15 21 34 46 57 59 61
14 42 57 59 61 73 78
14 42 57 59 61 73 76 77
14 42 57 59 61 71 72 78
14 42 57 59 61 71 72 76 77
14 42 57 59 60 73 78
14 42 57 59 60 73 76 77
14 42 57 59 60 71 72 78
14 42 57 59 60 71 72 76 77
14 42 51 57 59 61 73
14 42 51 57 59 61 71 72
14 42 51 57 59 60 73
14 42 51 57 59 60 71 72
14 42 46 57 59 61 78
14 42 46 57 59 61 76 77
14 42 46 57 59 60 78
14 42 46 57 59 60 76 77
14 42 46 51 57 59 61
14 42 46 51 57 59 60
14 40 41 57 59 61 73 78
14 40 41 57 59 61 73 76 77
14 40 41 57 59 61 71 72 78
14 40 41 57 59 61 71 72 76 77
14 40 41 57 59 60 73 78
14 40 41 57 59 60 73 76 77
14 40 41 57 59 60 71 72 78
14 40 41 57 59 60 71 72 76 77
14 40 41 51 57 59 61 73
14 40 41 51 57 59 61 71 72
14 40 41 51 57 59 60 73
14 40 41 51 57 59 60 71 72
14 40 41 46 57 59 61 78
14 40 41 46 57 59 61 76 77
14 40 41 46 57 59 60 78
14 40 41 46 57 59 60 76 77
14 40 41 46 51 57 59 61
14 40 41 46 51 57 59 60
14 34 42 57 59 73 78
14 34 42 57 59 73 76 77
14 34 42 57 59 71 72 78
14 34 42 57 59 71 72 76 77
14 34 42 51 57 59 73
14 34 42 51 57 59 71 72
14 34 42 46 57 59 78
14 34 42 46 57 59 76 77
14 34 42 46 51 57 59
14 34 40 41 57 59 73 78
14 34 40 41 57 59 73 76 77
14 34 40 41 57 59 71 72 78
14 34 40 41 57 59 71 72 76 77
14 34 40 41 51 57 59 73
14 34 40 41 51 57 59 71 72
14 34 40 41 46 57 59 78
14 34 40 41 46 57 59 76 77
14 34 40 41 46 51 57 59
14 15 57 59 61 73 78
14 15 57 59 61 73 76 77
14 15 57 59 61 71 72 78
14 15 57 59 61 71 72 76 77
14 15 57 59 60 73 78
14 15 57 59 60 73 76 77
14 15 57 59 60 71 72 78
14 15 57 59 60 71 72 76 77
14 15 51 57 59 61 73
14 15 51 57 59 61 71 72
14 15 51 57 59 60 73
14 15 51 57 59 60 71 72
14 15 46 57 59 61 78
14 15 46 57 59 61 76 77
14 15 46 57 59 60 78
14 15 46 57 59 60 76 77
14 15 46 51 57 59 61
14 15 46 51 57 59 60
14 15 34 57 59 73 78
14 15 34 57 59 73 76 77
14 15 34 57 59 71 72 78
14 15 34 57 59 71 72 76 77
14 15 34 51 57 59 73
14 15 34 51 57 59 71 72
14 15 34 46 57 59 78
14 15 34 46 57 59 76 77
14 15 34 46 51 57 59
42 57 59 60 73
42 57 59 60 71 72
42 46 57 59 60
40 41 57 59 60 73
40 41 57 59 60 71 72
40 41 46 57 59 60
34 42 57 59 73
34 42 57 59 71 72
34 42 46 57 59
34 40 41 57 59 73
34 40 41 57 59 71 72
34 40 41 46 57 59
15 57 59 60 73
15 57 59 60 71 72
15 46 57 59 60
15 34 57 59 73
15 34 57 59 71 72
15 34 46 57 59
48 59 61 62 73
48 59 61 62 71 72
46 48 59 61 62
46 47 59 61 62
46 47 59 61 62 73
46 47 59 61 62 71 72
36 59 60 73
36 59 60 71 72
36 46 59 60
21 59 61 62 73
21 59 61 62 71 72
21 46 59 61 62
18 36 59 73
18 36 59 71 72
18 36 46 59
16 17 36 59 73
16 17 36 59 71 72
16 17 36 46 59
57 61 73 78 79
57 61 71 72 78 79
57 59 60 73 78 79
57 59 60 71 72 78 79
53 57 61 73
53 57 61 71 72
53 57 59 60 73
53 57 59 60 71 72
46 57 61 78 79
46 57 59 60 78 79
46 53 57 61
46 53 57 59 60
44 57 59 73
44 57 59 71 72
44 46 57 59
42 43 57 59 73
42 43 57 59 71 72
42 43 46 57 59
34 57 73 78 79
34 57 71 72 78 79
34 53 57 73
34 53 57 71 72
34 46 57 78 79
34 46 53 57
17 57 59 73
17 57 59 71 72
17 46 57 59
59 60 61 73
59 60 61 71 72
46 59 60 61
34 59 61 73
34 59 61 71 72
34 46 59 61
68
68 71
68 69 70
67
67 78 79
65 66
65 66 78 79
61
61 68
61 67
61 65 66
53 67
53 65 66
44 68
40
40 78 79
40 61
40 53
36 67
36 65 66
36 61 67
36 61 65 66
36 40
36 40 61
34 68 69
34 65 66 68
34 61 67 68
34 61 65 66 68
34 42 68
34 40 68
34 40 61 68
22 34 69
22 34 67 68
22 34 42
20 61
1 36
58 59 61 73 78 79
58 59 61 71 72 78 79
58 59 60 61 73 78 79
58 59 60 61 71 72 78 79
53 58 59 61 73
53 58 59 61 71 72
53 58 59 60 61 73
53 58 59 60 61 71 72
46 58 59 61 78 79
46 58 59 60 61 78 79
46 53 58 59 61
46 53 58 59 60 61
34 58 59 61 73 78 79
34 58 59 61 71 72 78 79
34 53 58 59 61 73
34 53 58 59 61 71 72
34 46 58 59 61 78 79
34 46 53 58 59 61
16 59 61 73 78 79
16 59 61 71 72 78 79
16 59 60 61 73 78 79
16 59 60 61 71 72 78 79
16 53 59 61 73
16 53 59 61 71 72
16 53 59 60 61 73
16 53 59 60 61 71 72
16 46 59 61 78 79
16 46 59 60 61 78 79
16 46 53 59 61
16 46 53 59 60 61
16 34 59 61 73 78 79
16 34 59 61 71 72 78 79
16 34 53 59 61 73
16 34 53 59 61 71 72
16 34 46 59 61 78 79
16 34 46 53 59 61
14 15 59 61 73 78 79
14 15 59 61 71 72 78 79
14 15 59 60 61 73 78 79
14 15 59 60 61 71 72 78 79
14 15 53 59 61 73
14 15 53 59 61 71 72
14 15 53 59 60 61 73
14 15 53 59 60 61 71 72
14 15 46 59 61 78 79
14 15 46 59 60 61 78 79
14 15 46 53 59 61
14 15 46 53 59 60 61
14 15 34 59 61 73 78 79
14 15 34 59 61 71 72 78 79
14 15 34 53 59 61 73
14 15 34 53 59 61 71 72
14 15 34 46 59 61 78 79
14 15 34 46 53 59 61
42 59 60 61 63 73
42 59 60 61 63 71 72
42 59 60 61 62 73
42 59 60 61 62 71 72
42 46 59 60 61 63
42 46 59 60 61 62
40 41 59 60 61 63 73
40 41 59 60 61 63 71 72
40 41 59 60 61 62 73
40 41 59 60 61 62 71 72
40 41 46 59 60 61 63
40 41 46 59 60 61 62
36 42 59 60 61 73
36 42 59 60 61 71 72
36 42 46 59 60 61
36 40 41 59 60 61 73
36 40 41 59 60 61 71 72
36 40 41 46 59 60 61
18 42 59 61 63 73
18 42 59 61 63 71 72
18 42 59 61 62 73
18 42 59 61 62 71 72
18 42 46 59 61 63
18 42 46 59 61 62
18 40 41 59 61 63 73
18 40 41 59 61 63 71 72
18 40 41 59 61 62 73
18 40 41 59 61 62 71 72
18 40 41 46 59 61 63
18 40 41 46 59 61 62
18 36 42 59 61 73
18 36 42 59 61 71 72
18 36 42 46 59 61
18 36 40 41 59 61 73
18 36 40 41 59 61 71 72
18 36 40 41 46 59 61
16 17 42 59 61 63 73
16 17 42 59 61 63 71 72
16 17 42 59 61 62 73
16 17 42 59 61 62 71 72
16 17 42 46 59 61 63
16 17 42 46 59 61 62
16 17 40 41 59 61 63 73
16 17 40 41 59 61 63 71 72
16 17 40 41 59 61 62 73
16 17 40 41 59 61 62 71 72
16 17 40 41 46 59 61 63
16 17 40 41 46 59 61 62
16 17 36 42 59 61 73
16 17 36 42 59 61 71 72
16 17 36 42 46 59 61
16 17 36 40 41 59 61 73
16 17 36 40 41 59 61 71 72
16 17 36 40 41 46 59 61
15 59 60 61 63 73
15 59 60 61 63 71 72
15 59 60 61 62 73
15 59 60 61 62 71 72
15 46 59 60 61 63
15 46 59 60 61 62
15 36 59 60 61 73
15 36 59 60 61 71 72
15 36 46 59 60 61
15 18 59 61 63 73
15 18 59 61 63 71 72
15 18 59 61 62 73
15 18 59 61 62 71 72
15 18 46 59 61 63
15 18 46 59 61 62
15 18 36 59 61 73
15 18 36 59 61 71 72
15 18 36 46 59 61
15 16 17 59 61 63 73
15 16 17 59 61 63 71 72
15 16 17 59 61 62 73
15 16 17 59 61 62 71 72
15 16 17 46 59 61 63
15 16 17 46 59 61 62
15 16 17 36 59 61 73
15 16 17 36 59 61 71 72
15 16 17 36 46 59 61
59 63 65 73
59 63 65 71 72
59 63 64 73
59 63 64 71 72
59 62 63 73
59 62 63 71 72
59 61 62 65 73
59 61 62 65 71 72
59 61 62 63 64 73
59 61 62 63 64 71 72
48 59 62 63 73
48 59 62 63 71 72
46 59 63 65
46 59 63 64
46 59 62 63
46 59 61 62 65
46 59 61 62 63 64
46 48 59 62 63
46 47 59 62 63
46 47 59 62 63 73
46 47 59 62 63 71 72
38 59 63 73
38 59 63 71 72
38 59 61 62 73
38 59 61 62 71 72
38 46 59 63
38 46 59 61 62
36 59 73
36 59 71 72
36 59 65 73
36 59 65 71 72
36 59 63 64 73
36 59 63 64 71 72
36 59 62 73
36 59 62 71 72
36 48 59 62 73
36 48 59 62 71 72
36 46 59
36 46 59 65
36 46 59 63 64
36 46 59 62
36 46 48 59 62
36 46 47 59 62
36 46 47 59 62 73
36 46 47 59 62 71 72
36 38 59 73
36 38 59 71 72
36 38 46 59
21 59 62 63 73
21 59 62 63 71 72
21 46 59 62 63
21 36 59 62 73
21 36 59 62 71 72
21 36 46 59 62
20 59 63 73
20 59 63 71 72
20 59 61 62 73
20 59 61 62 71 72
20 48 59 63 73
20 48 59 63 71 72
20 48 59 61 62 73
20 48 59 61 62 71 72
20 46 59 63
20 46 59 61 62
20 46 48 59 63
20 46 48 59 61 62
20 46 47 59 63
20 46 47 59 63 73
20 46 47 59 63 71 72
20 46 47 59 61 62
20 46 47 59 61 62 73
20 46 47 59 61 62 71 72
20 36 59 73
20 36 59 71 72
20 36 48 59 73
20 36 48 59 71 72
20 36 46 59
20 36 46 48 59
20 36 46 47 59
20 36 46 47 59 73
20 36 46 47 59 71 72
20 21 59 63 73
20 21 59 63 71 72
20 21 59 61 62 73
20 21 59 61 62 71 72
20 21 46 59 63
20 21 46 59 61 62
20 21 36 59 73
20 21 36 59 71 72
20 21 36 46 59
18 19 59 63 73
18 19 59 63 71 72
18 19 59 61 62 73
18 19 59 61 62 71 72
18 19 48 59 63 73
18 19 48 59 63 71 72
18 19 48 59 61 62 73
18 19 48 59 61 62 71 72
18 19 46 59 63
18 19 46 59 61 62
18 19 46 48 59 63
18 19 46 48 59 61 62
18 19 46 47 59 63
18 19 46 47 59 63 73
18 19 46 47 59 63 71 72
18 19 46 47 59 61 62
18 19 46 47 59 61 62 73
18 19 46 47 59 61 62 71 72
18 19 36 59 73
18 19 36 59 71 72
18 19 36 48 59 73
18 19 36 48 59 71 72
18 19 36 46 59
18 19 36 46 48 59
18 19 36 46 47 59
18 19 36 46 47 59 73
18 19 36 46 47 59 71 72
18 19 21 59 63 73
18 19 21 59 63 71 72
18 19 21 59 61 62 73
18 19 21 59 61 62 71 72
18 19 21 46 59 63
18 19 21 46 59 61 62
18 19 21 36 59 73
18 19 21 36 59 71 72
18 19 21 36 46 59
44 57 59 61 73 78 79
44 57 59 61 71 72 78 79
44 57 59 60 73 78 79
44 57 59 60 71 72 78 79
44 53 57 59 61 73
44 53 57 59 61 71 72
44 53 57 59 60 73
44 53 57 59 60 71 72
44 46 57 59 61 78 79
44 46 57 59 60 78 79
44 46 53 57 59 61
44 46 53 57 59 60
42 43 57 59 61 73 78 79
42 43 57 59 61 71 72 78 79
42 43 57 59 60 73 78 79
42 43 57 59 60 71 72 78 79
42 43 53 57 59 61 73
42 43 53 57 59 61 71 72
42 43 53 57 59 60 73
42 43 53 57 59 60 71 72
42 43 46 57 59 61 78 79
42 43 46 57 59 60 78 79
42 43 46 53 57 59 61
42 43 46 53 57 59 60
34 44 57 59 73 78 79
34 44 57 59 71 72 78 79
34 44 53 57 59 73
34 44 53 57 59 71 72
34 44 46 57 59 78 79
34 44 46 53 57 59
34 42 43 57 59 73 78 79
34 42 43 57 59 71 72 78 79
34 42 43 53 57 59 73
34 42 43 53 57 59 71 72
34 42 43 46 57 59 78 79
34 42 43 46 53 57 59
17 57 59 61 73 78 79
17 57 59 61 71 72 78 79
17 57 59 60 73 78 79
17 57 59 60 71 72 78 79
17 53 57 59 61 73
17 53 57 59 61 71 72
17 53 57 59 60 73
17 53 57 59 60 71 72
17 46 57 59 61 78 79
17 46 57 59 60 78 79
17 46 53 57 59 61
17 46 53 57 59 60
17 34 57 59 73 78 79
17 34 57 59 71 72 78 79
17 34 53 57 59 73
17 34 53 57 59 71 72
17 34 46 57 59 78 79
17 34 46 53 57 59
42 59 61 73 78
42 59 61 73 76 77
42 59 61 71 72 78
42 59 61 71 72 76 77
42 59 60 61 73 78
42 59 60 61 73 76 77
42 59 60 61 71 72 78
42 59 60 61 71 72 76 77
42 51 59 61 73
42 51 59 61 71 72
42 51 59 60 61 73
42 51 59 60 61 71 72
42 46 59 61 78
42 46 59 61 76 77
42 46 59 60 61 78
42 46 59 60 61 76 77
42 46 51 59 61
42 46 51 59 60 61
40 41 59 61 73 78
40 41 59 61 73 76 77
40 41 59 61 71 72 78
40 41 59 61 71 72 76 77
40 41 59 60 61 73 78
40 41 59 60 61 73 76 77
40 41 59 60 61 71 72 78
40 41 59 60 61 71 72 76 77
40 41 51 59 61 73
40 41 51 59 61 71 72
40 41 51 59 60 61 73
40 41 51 59 60 61 71 72
40 41 46 59 61 78
40 41 46 59 61 76 77
40 41 46 59 60 61 78
40 41 46 59 60 61 76 77
40 41 46 51 59 61
40 41 46 51 59 60 61
34 42 59 61 73 78
34 42 59 61 73 76 77
34 42 59 61 71 72 78
34 42 59 61 71 72 76 77
34 42 51 59 61 73
34 42 51 59 61 71 72
34 42 46 59 61 78
34 42 46 59 61 76 77
34 42 46 51 59 61
34 40 41 59 61 73 78
34 40 41 59 61 73 76 77
34 40 41 59 61 71 72 78
34 40 41 59 61 71 72 76 77
34 40 41 51 59 61 73
34 40 41 51 59 61 71 72
34 40 41 46 59 61 78
34 40 41 46 59 61 76 77
34 40 41 46 51 59 61
15 59 61 73 78
15 59 61 73 76 77
15 59 61 71 72 78
15 59 61 71 72 76 77
15 59 60 61 73 78
15 59 60 61 73 76 77
15 59 60 61 71 72 78
15 59 60 61 71 72 76 77
15 51 59 61 73
15 51 59 61 71 72
15 51 59 60 61 73
15 51 59 60 61 71 72
15 46 59 61 78
15 46 59 61 76 77
15 46 59 60 61 78
15 46 59 60 61 76 77
15 46 51 59 61
15 46 51 59 60 61
15 34 59 61 73 78
15 34 59 61 73 76 77
15 34 59 61 71 72 78
15 34 59 61 71 72 76 77
15 34 51 59 61 73
15 34 51 59 61 71 72
15 34 46 59 61 78
15 34 46 59 61 76 77
15 34 46 51 59 61
18 42 57 59 73 78
18 42 57 59 73 76 77
18 42 57 59 71 72 78
18 42 57 59 71 72 76 77
18 42 51 57 59 73
18 42 51 57 59 71 72
18 42 46 57 59 78
18 42 46 57 59 76 77
18 42 46 51 57 59
18 40 41 57 59 73 78
18 40 41 57 59 73 76 77
18 40 41 57 59 71 72 78
18 40 41 57 59 71 72 76 77
18 40 41 51 57 59 73
18 40 41 51 57 59 71 72
18 40 41 46 57 59 78
18 40 41 46 57 59 76 77
18 40 41 46 51 57 59
16 17 42 57 59 73 78
16 17 42 57 59 73 76 77
16 17 42 57 59 71 72 78
16 17 42 57 59 71 72 76 77
16 17 42 51 57 59 73
16 17 42 51 57 59 71 72
16 17 42 46 57 59 78
16 17 42 46 57 59 76 77
16 17 42 46 51 57 59
16 17 40 41 57 59 73 78
16 17 40 41 57 59 73 76 77
16 17 40 41 57 59 71 72 78
16 17 40 41 57 59 71 72 76 77
16 17 40 41 51 57 59 73
16 17 40 41 51 57 59 71 72
16 17 40 41 46 57 59 78
16 17 40 41 46 57 59 76 77
16 17 40 41 46 51 57 59
15 18 57 59 73 78
15 18 57 59 73 76 77
15 18 57 59 71 72 78
15 18 57 59 71 72 76 77
15 18 51 57 59 73
15 18 51 57 59 71 72
15 18 46 57 59 78
15 18 46 57 59 76 77
15 18 46 51 57 59
15 16 17 57 59 73 78
15 16 17 57 59 73 76 77
15 16 17 57 59 71 72 78
15 16 17 57 59 71 72 76 77
15 16 17 51 57 59 73
15 16 17 51 57 59 71 72
15 16 17 46 57 59 78
15 16 17 46 57 59 76 77
15 16 17 46 51 57 59
59 61 63 65
59 61 63 64
59 61 62 65
59 61 62 63 64
38 59 61 63
38 59 61 62
36 59 61 65
36 59 61 63 64
36 38 59 61
