./all_polys/poly_v23_v68.txt
{26}
{1, 8, 9, 10, 15, 20, 21, 22, 27, 33, 34, 36, 38, 40, 41, 42, 46, 47, 48, 49, 50, 51, 52, 53, 54, 55, 57, 58, 59, 60, 61, 62, 63, 64, 65, 66, 67, 68, 69, 71, 72, 73, 75, 76, 77, 78, 79}
47
./all_polys/poly_v23_v78.txt
{25}
{1, 2, 3, 4, 7, 14, 15, 16, 17, 18, 19, 20, 21, 27, 28, 29, 30, 31, 33, 34, 36, 38, 40, 41, 42, 43, 44, 45, 46, 47, 48, 50, 51, 52, 53, 54, 55, 57, 58, 59, 60, 61, 62, 63, 64, 65, 66, 67, 68, 69, 70, 71, 72, 73, 74, 75, 76, 77, 78, 79}
60
./all_polys/poly_v47_v74.txt
blank line
{5}
{0, 1, 2, 3, 4, 7, 8, 9, 10, 11, 13, 14, 15, 16, 17, 18, 19, 20, 21, 22, 23, 24, 25, 26, 27, 28, 29, 30, 31, 32, 33, 34, 35, 36, 37, 38, 39, 40, 41, 42, 43, 44, 45, 46, 47, 48, 49, 50, 51, 52, 53, 54, 55, 56, 57, 58, 59, 60, 61, 62, 63, 64, 65, 66, 67, 68, 69, 70, 71, 72, 73, 74, 75, 76, 77, 78, 79}
77
./all_polys/poly_v16_v19.txt
blank line
{52}
{0, 1, 8, 9, 10, 18, 20, 22, 34, 35, 36, 37, 38, 40, 42, 43, 44, 45, 46, 53, 54, 55, 59, 61, 62, 63, 64, 65, 66, 67, 68, 69, 70, 71, 72, 73, 78, 79}
38
./all_polys/poly_v24_v49.txt
blank line
{12}
{0, 1, 2, 3, 4, 5, 7, 8, 9, 10, 11, 14, 15, 16, 17, 18, 19, 20, 21, 22, 23, 24, 25, 26, 27, 28, 29, 30, 31, 32, 33, 34, 35, 36, 37, 39, 40, 41, 42, 43, 44, 45, 46, 47, 48, 49, 50, 51, 52, 53, 54, 55, 56, 57, 58, 59, 60, 61, 62, 63, 64, 65, 66, 67, 68, 69, 70, 71, 72, 73, 74, 75, 76, 77, 78, 79}
76
./all_polys/poly_v22_v41.txt
blank line
{26}
{0, 1, 2, 3, 4, 5, 6, 8, 9, 10, 13, 14, 15, 16, 17, 18, 21, 24, 25, 27, 28, 29, 30, 33, 34, 36, 38, 39, 40, 41, 42, 43, 44, 46, 47, 48, 49, 50, 51, 52, 53, 54, 55, 56, 57, 58, 59, 60, 61, 62, 63, 64, 65, 66, 67, 68, 69, 70, 71, 72, 73, 74, 75, 76, 77, 78, 79}
67
./all_polys/poly_v23_v47.txt
{25, 20}
{1, 2, 3, 8, 15, 17, 21, 27, 28, 29, 30, 33, 36, 40, 41, 42, 43, 44, 45, 46, 47, 48, 51, 53, 57, 58, 59, 60, 61, 65, 66, 67, 68, 69, 70, 71, 72, 73, 74, 75, 76, 77, 78, 79}
44
./all_polys/poly_v11_v61.txt
blank line
{24}
{0, 1, 2, 3, 4, 5, 7, 8, 9, 10, 11, 12, 14, 15, 16, 17, 18, 19, 20, 21, 22, 23, 25, 26, 27, 28, 29, 30, 31, 32, 33, 34, 35, 36, 37, 38, 39, 40, 41, 42, 43, 44, 45, 46, 47, 48, 49, 50, 51, 52, 53, 54, 55, 56, 57, 58, 59, 60, 61, 62, 63, 64, 65, 66, 67, 68, 69, 70, 71, 72, 73, 74, 75, 76, 77, 78, 79}
77
./all_polys/poly_v37_v74.txt
blank line
{22}
{0, 1, 8, 9, 10, 14, 15, 17, 20, 21, 24, 25, 26, 28, 32, 33, 34, 36, 38, 40, 41, 42, 43, 44, 46, 47, 48, 50, 51, 52, 53, 54, 55, 57, 58, 59, 60, 61, 62, 63, 65, 66, 67, 68, 69, 70, 71, 72, 73, 74, 75, 76, 77, 78, 79}
55
./all_polys/poly_v16_v51.txt
{55, 7, 28}
{0, 1, 8, 9, 10, 15, 16, 17, 18, 20, 21, 22, 24, 25, 32, 34, 35, 36, 38, 40, 41, 42, 43, 44, 46, 49, 50, 51, 52, 53, 54, 57, 59, 60, 61, 63, 64, 65, 66, 67, 68, 69, 70, 71, 72, 73, 75, 76, 77, 78, 79}
51
./all_polys/poly_v15_v77.txt
blank line
{34}
{1, 65, 67, 68, 69, 66, 40, 42, 55, 61}
10
./all_polys/poly_v23_v16_v25.txt
{30}
{1, 7, 10, 15, 17, 19, 20, 26, 28, 33, 34, 35, 36, 37, 40, 41, 42, 43, 44, 45, 46, 51, 52, 53, 54, 55, 56, 57, 58, 59, 60, 61, 65, 66, 67, 68, 69, 70, 71, 72, 73, 76, 77, 78, 79}
45
./all_polys/poly_v22_v59.txt
blank line
{18, 27}
{0, 1, 4, 6, 7, 8, 9, 10, 13, 15, 17, 19, 20, 21, 22, 23, 24, 25, 26, 28, 29, 30, 31, 32, 33, 34, 35, 36, 37, 38, 39, 40, 41, 42, 43, 44, 45, 46, 47, 48, 49, 50, 51, 52, 53, 54, 55, 57, 58, 59, 60, 61, 62, 63, 64, 65, 66, 67, 68, 69, 70, 71, 72, 73, 74, 75, 76, 77, 78, 79}
70
./all_polys/poly_v53_v57.txt
blank line
{11}
{0, 1, 2, 3, 4, 5, 7, 8, 9, 10, 13, 14, 15, 16, 17, 18, 19, 20, 21, 22, 23, 24, 25, 26, 27, 28, 29, 30, 31, 32, 33, 34, 35, 36, 37, 38, 39, 40, 41, 42, 43, 44, 45, 46, 47, 48, 49, 50, 51, 52, 53, 54, 55, 56, 57, 58, 59, 60, 61, 62, 63, 64, 65, 66, 67, 68, 69, 70, 71, 72, 73, 74, 75, 76, 77, 78, 79}
77
./all_polys/poly_v33_v70.txt
{27}
{1, 9, 10, 15, 17, 18, 20, 21, 22, 23, 34, 35, 36, 37, 38, 40, 41, 42, 43, 44, 45, 46, 47, 48, 49, 50, 51, 54, 55, 59, 60, 61, 62, 63, 64, 65, 66, 67, 68, 69, 71, 72, 73, 76, 77, 78}
46
./all_polys/poly_v19_v43.txt
{27}
{0, 1, 9, 15, 16, 17, 18, 20, 21, 22, 29, 33, 34, 35, 36, 38, 40, 41, 42, 43, 44, 45, 46, 47, 48, 51, 53, 54, 55, 56, 57, 58, 59, 60, 61, 62, 63, 64, 65, 66, 67, 68, 69, 71, 72, 73, 76, 77, 78, 79}
50
./all_polys/poly_v14_v20.txt
blank line
{4, 13, 31}
{0, 1, 2, 3, 7, 8, 9, 10, 11, 12, 15, 17, 18, 19, 20, 21, 22, 23, 24, 25, 26, 27, 28, 29, 30, 33, 34, 35, 36, 37, 38, 39, 40, 41, 42, 43, 44, 45, 46, 47, 48, 49, 50, 51, 52, 53, 54, 55, 56, 57, 58, 59, 60, 61, 62, 63, 64, 65, 66, 67, 68, 69, 70, 71, 72, 73, 74, 76, 77, 78, 79}
71
./all_polys/poly_v9_v77.txt
blank line
{34}
{1, 4, 6, 15, 17, 18, 19, 29, 30, 31, 32, 33, 38, 40, 41, 42, 43, 44, 45, 46, 50, 51, 53, 55, 57, 59, 61, 63, 64, 65, 69, 70, 71, 72, 73, 75, 76, 77, 78, 79}
40
./all_polys/poly_v12_v18.txt
blank line
{37, 19}
{0, 1, 2, 3, 4, 5, 7, 8, 9, 10, 11, 12, 13, 14, 15, 16, 17, 18, 20, 21, 22, 23, 24, 25, 27, 28, 29, 30, 31, 32, 34, 35, 36, 38, 39, 40, 41, 42, 43, 44, 45, 46, 47, 48, 51, 52, 53, 54, 55, 56, 57, 59, 60, 61, 63, 64, 65, 66, 67, 68, 69, 70, 71, 72, 73, 74, 75, 76, 77, 78, 79}
71
./all_polys/poly_v24_v51.txt
{32, 5, 14, 21}
{0, 1, 2, 3, 7, 8, 9, 10, 11, 12, 15, 16, 17, 18, 19, 20, 23, 24, 25, 26, 27, 28, 29, 30, 31, 33, 34, 35, 36, 37, 38, 39, 40, 41, 42, 43, 44, 45, 46, 48, 49, 50, 51, 52, 53, 54, 55, 57, 58, 59, 60, 61, 62, 63, 64, 65, 66, 67, 68, 69, 70, 71, 72, 73, 74, 75, 76, 77, 78, 79}
70
./all_polys/poly_v11_v24.txt
blank line
{12}
{0, 1, 2, 3, 4, 5, 7, 8, 9, 10, 11, 13, 14, 15, 17, 18, 19, 20, 21, 22, 23, 24, 25, 26, 27, 28, 29, 30, 31, 32, 33, 34, 35, 36, 37, 38, 39, 40, 41, 42, 43, 44, 45, 46, 47, 48, 49, 50, 51, 52, 53, 54, 55, 56, 57, 58, 59, 60, 61, 62, 63, 64, 65, 66, 67, 68, 69, 70, 71, 72, 73, 74, 75, 76, 77, 78, 79}
77
./all_polys/poly_v34_v37.txt
blank line
{10, 52}
{0, 1, 2, 3, 4, 5, 6, 8, 9, 14, 15, 17, 27, 28, 29, 30, 33, 34, 36, 38, 40, 41, 42, 43, 44, 46, 48, 50, 51, 53, 54, 55, 56, 57, 58, 59, 60, 61, 62, 63, 64, 65, 66, 67, 68, 69, 70, 71, 72, 73, 74, 75, 76, 77, 78, 79}
56
./all_polys/poly_v26_v47.txt
blank line
{12}
{0, 1, 2, 3, 4, 5, 6, 7, 8, 9, 10, 11, 14, 15, 16, 17, 18, 19, 20, 21, 22, 23, 24, 25, 26, 27, 28, 29, 30, 31, 32, 33, 34, 35, 36, 37, 38, 39, 40, 41, 42, 43, 44, 45, 46, 47, 48, 49, 50, 51, 52, 53, 54, 55, 56, 57, 58, 59, 60, 61, 62, 63, 64, 65, 66, 67, 68, 69, 70, 71, 72, 73, 74, 75, 76, 77, 78, 79}
78
./all_polys/poly_v14_v18.txt
{50, 23}
{1, 8, 10, 15, 17, 20, 21, 22, 25, 26, 33, 34, 35, 36, 38, 39, 40, 41, 42, 43, 44, 45, 46, 47, 48, 49, 51, 52, 53, 54, 55, 59, 60, 61, 62, 63, 64, 65, 66, 67, 68, 69, 70, 71, 72, 73, 77, 78, 79}
49
./all_polys/poly_v51_v57.txt
{26, 11}
{0, 1, 3, 7, 8, 9, 10, 15, 17, 19, 20, 21, 22, 24, 27, 28, 29, 30, 32, 34, 35, 36, 37, 38, 40, 41, 42, 43, 44, 45, 46, 47, 48, 49, 50, 51, 52, 53, 54, 55, 59, 60, 61, 62, 63, 65, 66, 67, 68, 69, 70, 71, 72, 73, 74, 75, 76, 77, 78, 79}
60
./all_polys/poly_v23_v53.txt
{37, 10, 19, 26}
{1, 8, 9, 15, 16, 17, 20, 21, 22, 27, 28, 33, 34, 35, 36, 38, 40, 41, 42, 43, 44, 45, 46, 47, 48, 49, 50, 51, 52, 53, 54, 55, 57, 58, 59, 60, 61, 62, 63, 64, 65, 67, 68, 69, 71, 72, 73, 74, 75, 76, 77, 78, 79}
53
./all_polys/poly_v49_v53.txt
blank line
{11}
{0, 1, 2, 3, 4, 5, 7, 8, 9, 10, 13, 14, 15, 16, 17, 18, 19, 20, 21, 22, 23, 24, 25, 26, 27, 28, 29, 30, 31, 32, 33, 34, 35, 36, 37, 38, 39, 40, 41, 42, 43, 44, 45, 46, 47, 48, 49, 50, 51, 52, 53, 54, 55, 56, 57, 58, 59, 60, 61, 62, 63, 64, 65, 66, 67, 68, 69, 70, 71, 72, 73, 74, 75, 76, 77, 78, 79}
77
./all_polys/poly_v2_v15.txt
{24, 10}
{1, 6, 8, 14, 15, 17, 19, 20, 21, 22, 27, 28, 31, 32, 33, 34, 35, 36, 37, 40, 41, 42, 43, 44, 45, 46, 47, 48, 49, 50, 51, 52, 53, 54, 55, 57, 58, 59, 60, 61, 62, 63, 65, 66, 67, 68, 69, 71, 72, 73, 74, 75, 76, 77, 78, 79}
56
./all_polys/poly_v14_v51.txt
blank line
{18, 7, 13}
{0, 1, 8, 9, 10, 11, 14, 15, 17, 19, 20, 21, 22, 23, 24, 25, 26, 27, 28, 30, 32, 33, 34, 35, 36, 37, 38, 39, 40, 41, 42, 43, 44, 45, 46, 48, 49, 50, 51, 52, 53, 54, 55, 56, 57, 58, 59, 60, 61, 62, 63, 64, 65, 66, 67, 68, 69, 70, 71, 72, 73, 74, 75, 76, 77, 78, 79}
67
./all_polys/poly_v22_v39.txt
blank line
{19, 37}
{0, 1, 3, 4, 5, 8, 9, 10, 14, 15, 16, 17, 18, 20, 21, 22, 24, 25, 26, 28, 29, 30, 31, 32, 33, 34, 35, 36, 38, 39, 40, 41, 42, 43, 44, 45, 46, 47, 48, 50, 51, 52, 53, 54, 55, 57, 58, 59, 60, 61, 62, 63, 64, 65, 66, 67, 68, 69, 70, 71, 72, 73, 74, 75, 76, 77, 78, 79}
68
./all_polys/poly_v19_v61.txt
blank line
{32}
{1, 2, 14, 15, 16, 17, 18, 19, 20, 21, 22, 27, 28, 29, 33, 34, 36, 38, 40, 41, 42, 43, 44, 46, 47, 48, 51, 53, 57, 58, 59, 60, 61, 62, 63, 64, 65, 66, 67, 68, 69, 70, 71, 72, 73, 74, 75, 76, 77, 78, 79}
51
./all_polys/poly_v4_v39.txt
blank line
{11}
{0, 1, 2, 3, 4, 7, 8, 10, 14, 15, 16, 17, 18, 19, 20, 21, 22, 23, 24, 25, 26, 27, 28, 29, 30, 31, 32, 33, 34, 35, 36, 37, 38, 40, 41, 42, 43, 44, 45, 46, 47, 48, 49, 50, 51, 53, 54, 55, 56, 57, 58, 59, 60, 61, 62, 63, 64, 65, 66, 67, 68, 69, 70, 71, 72, 73, 74, 75, 76, 77, 78, 79}
72
./all_polys/poly_v37_v49.txt
{10, 52}
{0, 1, 2, 3, 4, 5, 6, 8, 9, 14, 15, 17, 21, 24, 25, 26, 27, 28, 29, 30, 33, 34, 36, 38, 40, 41, 42, 43, 44, 46, 47, 48, 50, 51, 53, 54, 55, 56, 57, 58, 59, 60, 61, 62, 63, 64, 65, 66, 67, 68, 69, 70, 71, 72, 73, 74, 75, 76, 77, 78, 79}
61
./all_polys/poly_v24_v25.txt
blank line
{52, 38, 10}
{0, 1, 8, 9, 11, 15, 28, 29, 34, 36, 40, 41, 42, 43, 44, 46, 53, 54, 55, 57, 59, 61, 65, 66, 67, 68, 69, 70, 71, 72, 73, 78, 79}
33
./all_polys/poly_v34_v57.txt
{22}
{0, 1, 2, 3, 4, 8, 9, 10, 14, 15, 16, 17, 18, 20, 21, 24, 28, 29, 30, 33, 34, 35, 36, 38, 40, 41, 42, 43, 44, 45, 46, 47, 48, 49, 50, 51, 52, 53, 54, 55, 56, 57, 58, 59, 60, 61, 62, 63, 64, 65, 66, 67, 68, 69, 70, 71, 72, 73, 74, 75, 76, 77, 78, 79}
64
./all_polys/poly_v25_v70.txt
blank line
{25}
{0, 1, 2, 3, 5, 7, 8, 9, 10, 13, 15, 16, 17, 18, 19, 20, 21, 22, 26, 27, 28, 29, 30, 31, 32, 33, 34, 35, 36, 37, 38, 39, 40, 41, 42, 43, 44, 45, 46, 47, 48, 49, 50, 51, 52, 53, 54, 55, 57, 58, 59, 60, 61, 62, 63, 64, 65, 66, 67, 68, 69, 70, 71, 72, 73, 74, 75, 76, 77, 78, 79}
71
./all_polys/poly_v3_v37.txt
{69}
{34, 67, 68, 71, 72, 73, 42, 40, 41, 78, 79, 46, 15, 53, 57, 59, 60, 61}
18
./all_polys/poly_v23_v64.txt
blank line
{54, 25}
{1, 2, 3, 4, 8, 10, 13, 14, 15, 16, 17, 18, 19, 20, 21, 22, 23, 26, 27, 28, 29, 30, 32, 33, 34, 35, 36, 37, 38, 39, 40, 41, 42, 43, 44, 45, 46, 47, 48, 49, 50, 52, 53, 55, 56, 57, 58, 59, 60, 61, 62, 63, 64, 65, 66, 67, 68, 69, 70, 71, 72, 73, 74, 75, 76, 77, 78, 79}
68
./all_polys/poly_v23_v34.txt
{1}
{15, 17, 33, 34, 36, 40, 41, 42, 43, 44, 46, 51, 53, 55, 57, 58, 59, 60, 61, 67, 68, 69, 71, 72, 73, 76, 77, 78, 79}
29
./all_polys/poly_v39_v79.txt
{36, 53}
{3, 15, 17, 28, 29, 30, 34, 38, 40, 41, 42, 43, 44, 46, 59, 60, 61, 63, 64, 65, 67, 68, 69, 71, 72, 73, 78, 79}
28
./all_polys/poly_v17_v49.txt
blank line
{25}
{0, 1, 3, 4, 5, 8, 9, 10, 11, 13, 14, 15, 16, 17, 18, 19, 20, 21, 22, 23, 24, 26, 27, 28, 29, 30, 31, 32, 33, 34, 35, 36, 37, 38, 39, 40, 41, 42, 43, 44, 45, 46, 47, 48, 49, 50, 51, 52, 53, 54, 55, 56, 57, 58, 59, 60, 61, 62, 63, 64, 65, 66, 67, 68, 69, 70, 71, 72, 73, 74, 75, 76, 77, 78, 79}
75
./all_polys/poly_v14_v25.txt
blank line
{32, 18, 24}
{1, 8, 9, 10, 14, 15, 17, 19, 20, 21, 22, 23, 25, 26, 27, 28, 29, 30, 33, 34, 35, 36, 37, 38, 39, 40, 41, 42, 43, 44, 45, 46, 47, 48, 49, 50, 51, 52, 53, 54, 55, 56, 57, 58, 59, 60, 61, 62, 63, 64, 65, 66, 67, 68, 69, 70, 71, 72, 73, 75, 76, 77, 78, 79}
64
./all_polys/poly_v15_v47.txt
blank line
{4, 13, 31}
{0, 1, 7, 8, 9, 10, 11, 14, 15, 16, 17, 18, 19, 20, 21, 22, 23, 24, 25, 26, 27, 28, 29, 30, 32, 33, 34, 35, 36, 37, 38, 39, 40, 41, 42, 43, 44, 45, 46, 47, 48, 49, 50, 51, 52, 53, 54, 55, 56, 57, 58, 59, 61, 62, 63, 64, 65, 66, 67, 68, 69, 70, 71, 72, 73, 74, 75, 76, 77, 78, 79}
71
./all_polys/poly_v4_v51.txt
blank line
{37, 19}
{0, 1, 2, 3, 8, 9, 10, 14, 15, 17, 20, 21, 22, 23, 24, 25, 26, 27, 28, 29, 30, 32, 33, 34, 35, 36, 38, 40, 41, 42, 43, 44, 45, 46, 47, 48, 49, 50, 51, 52, 53, 54, 55, 57, 58, 59, 60, 61, 62, 63, 64, 65, 66, 67, 68, 69, 70, 71, 72, 73, 74, 75, 76, 77, 78, 79}
66
./all_polys/poly_v6_v23.txt
blank line
{8, 44}
{15, 36, 40, 41, 42, 46, 53, 59, 61, 65, 66, 67, 68, 69, 70, 71, 72, 73, 78, 79}
20
./all_polys/poly_v61_v74.txt
blank line
{50, 5}
{0, 1, 2, 3, 4, 7, 8, 9, 10, 11, 13, 14, 15, 16, 17, 18, 19, 20, 21, 22, 23, 24, 25, 26, 27, 28, 29, 30, 31, 32, 33, 34, 35, 36, 37, 38, 39, 40, 41, 42, 43, 44, 45, 46, 47, 48, 49, 51, 52, 53, 54, 55, 56, 57, 58, 59, 60, 61, 62, 63, 64, 65, 66, 67, 68, 69, 70, 71, 72, 73, 74, 75, 76, 77, 78, 79}
76
./all_polys/poly_v23_v76.txt
blank line
{54}
{0, 1, 2, 3, 4, 8, 9, 10, 13, 14, 15, 16, 17, 18, 19, 20, 21, 22, 23, 25, 27, 28, 29, 30, 32, 33, 34, 35, 36, 37, 38, 39, 40, 41, 42, 43, 44, 45, 46, 47, 48, 49, 50, 51, 52, 53, 56, 57, 58, 59, 60, 61, 62, 63, 64, 65, 66, 67, 68, 69, 70, 71, 72, 73, 74, 75, 76, 77, 78, 79}
70
./all_polys/poly_v19_v57.txt
{25}
{0, 1, 2, 4, 7, 8, 9, 10, 14, 15, 16, 17, 18, 19, 20, 21, 22, 23, 24, 27, 28, 29, 30, 31, 32, 33, 34, 35, 36, 37, 38, 40, 41, 42, 43, 44, 45, 46, 47, 48, 49, 50, 51, 52, 53, 54, 55, 57, 58, 59, 60, 61, 62, 63, 65, 66, 67, 68, 69, 70, 71, 72, 73, 74, 75, 76, 77, 78, 79}
69
./all_polys/poly_v28_v51.txt
blank line
{31}
{0, 1, 2, 3, 4, 5, 6, 7, 8, 9, 10, 11, 13, 14, 15, 16, 17, 18, 19, 20, 21, 22, 23, 24, 25, 26, 27, 28, 29, 30, 32, 33, 34, 35, 36, 37, 38, 39, 40, 41, 42, 43, 44, 45, 46, 47, 48, 49, 50, 51, 52, 53, 54, 55, 56, 57, 58, 59, 60, 61, 62, 63, 64, 65, 66, 67, 68, 69, 70, 71, 72, 73, 74, 75, 76, 77, 78, 79}
78
./all_polys/poly_v14_v61.txt
blank line
{5}
{0, 1, 2, 3, 4, 7, 8, 9, 10, 11, 12, 13, 14, 15, 16, 17, 18, 19, 20, 21, 22, 23, 24, 25, 26, 27, 28, 29, 30, 31, 32, 33, 34, 35, 36, 37, 38, 39, 40, 41, 42, 43, 44, 45, 46, 47, 48, 49, 50, 51, 52, 53, 54, 55, 56, 57, 58, 59, 60, 61, 62, 63, 64, 65, 66, 67, 68, 69, 70, 71, 72, 73, 74, 75, 76, 77, 78, 79}
78
./all_polys/poly_v18_v53.txt
blank line
{20}
{1, 2, 4, 8, 13, 14, 15, 16, 17, 18, 19, 21, 22, 24, 25, 26, 27, 28, 29, 30, 31, 32, 33, 34, 35, 36, 37, 38, 40, 41, 42, 43, 44, 45, 46, 47, 48, 49, 50, 51, 53, 55, 57, 58, 59, 60, 61, 62, 63, 64, 65, 67, 68, 69, 71, 72, 73, 74, 75, 76, 77, 78, 79}
63
./all_polys/poly_v18_v64.txt
blank line
{10}
{1, 3, 4, 5, 6, 8, 14, 15, 16, 17, 18, 19, 20, 21, 22, 23, 26, 27, 28, 29, 30, 31, 32, 33, 34, 35, 36, 38, 40, 41, 42, 43, 44, 45, 46, 47, 48, 49, 50, 53, 55, 56, 57, 58, 59, 60, 61, 62, 63, 64, 65, 66, 67, 68, 69, 70, 71, 72, 73, 74, 75, 76, 77, 78, 79}
65
./all_polys/poly_v23_v59.txt
blank line
{17, 56}
{0, 1, 8, 9, 10, 15, 20, 21, 22, 25, 27, 28, 34, 36, 38, 40, 41, 42, 43, 44, 46, 47, 48, 51, 52, 53, 54, 55, 57, 59, 61, 62, 63, 65, 66, 67, 68, 69, 70, 71, 72, 73, 78, 79}
44
./all_polys/poly_v30_v77.txt
{34}
{1, 15, 17, 36, 40, 41, 42, 43, 44, 46, 48, 53, 55, 57, 59, 61, 62, 63, 67, 68, 69, 71, 72, 73, 74, 75, 78, 79}
28
./all_polys/poly_v39_v47.txt
blank line
{19, 37}
{1, 2, 4, 8, 10, 11, 14, 15, 16, 17, 18, 20, 21, 22, 23, 24, 25, 26, 27, 28, 29, 30, 31, 33, 34, 35, 36, 38, 39, 40, 41, 42, 43, 44, 45, 46, 47, 48, 49, 50, 51, 52, 53, 54, 55, 56, 57, 58, 59, 60, 61, 62, 63, 64, 65, 66, 67, 68, 69, 70, 71, 72, 73, 74, 75, 76, 77, 78, 79}
69
./all_polys/poly_v11_v79.txt
blank line
{10}
{1, 4, 36, 40, 42, 46, 53, 59, 61, 63, 65, 66, 67, 68, 69, 71, 72, 73, 78, 79}
20
./all_polys/poly_v35_v61.txt
blank line
{1}
{2, 3, 4, 11, 15, 16, 17, 18, 20, 21, 22, 23, 27, 28, 29, 30, 31, 33, 34, 35, 36, 37, 38, 40, 41, 42, 43, 44, 45, 46, 47, 48, 49, 50, 51, 53, 55, 57, 58, 59, 60, 61, 62, 63, 64, 65, 67, 68, 69, 71, 72, 73, 74, 75, 76, 77, 78, 79}
58
./all_polys/poly_v16_v66.txt
blank line
{10}
{1, 2, 4, 7, 8, 13, 14, 15, 16, 17, 18, 19, 20, 21, 22, 23, 24, 26, 27, 28, 29, 30, 31, 32, 33, 34, 35, 36, 37, 38, 39, 40, 41, 42, 43, 44, 45, 46, 47, 48, 49, 50, 51, 52, 53, 54, 55, 57, 58, 59, 60, 61, 62, 63, 64, 65, 66, 67, 68, 69, 70, 71, 72, 73, 74, 75, 76, 77, 78, 79}
70
./all_polys/poly_v26_v79.txt
{52}
{0, 1, 4, 8, 9, 11, 15, 28, 29, 34, 36, 40, 41, 42, 43, 44, 46, 48, 53, 54, 55, 57, 59, 60, 61, 62, 63, 65, 66, 67, 68, 69, 70, 71, 72, 73, 74, 75, 78, 79}
40
./all_polys/poly_v15_v20.txt
blank line
{19, 4, 37, 13, 31}
{0, 1, 7, 8, 9, 10, 15, 17, 20, 21, 22, 23, 24, 25, 26, 27, 29, 30, 32, 34, 35, 36, 38, 39, 40, 41, 42, 43, 44, 45, 46, 48, 49, 50, 51, 52, 53, 54, 55, 56, 57, 59, 61, 62, 63, 64, 65, 66, 67, 68, 69, 70, 71, 72, 73, 76, 77, 78, 79}
59
./all_polys/poly_v16_v79.txt
{61}
{1, 67, 68, 69, 71, 72, 73, 42, 78, 79, 46, 20, 53}
13
./all_polys/poly_v35_v51.txt
{68}
{3, 14, 15, 17, 21, 28, 29, 30, 34, 36, 38, 40, 41, 42, 43, 44, 46, 47, 48, 50, 51, 57, 59, 60, 61, 62, 63, 64, 65, 71, 72, 73, 74, 75, 76, 77, 78}
37
./all_polys/poly_v24_v47.txt
blank line
{12}
{0, 1, 2, 4, 8, 9, 10, 11, 14, 15, 17, 19, 20, 21, 22, 23, 24, 25, 26, 27, 28, 29, 30, 31, 32, 33, 34, 35, 36, 37, 38, 39, 40, 41, 42, 43, 44, 45, 46, 47, 48, 50, 51, 52, 53, 54, 55, 56, 57, 58, 59, 60, 61, 62, 63, 64, 65, 66, 67, 68, 69, 70, 71, 72, 73, 74, 75, 76, 77, 78, 79}
71
./all_polys/poly_v9_v33.txt
blank line
{54, 55, 27}
{1, 3, 5, 15, 16, 17, 18, 19, 21, 22, 23, 28, 29, 30, 32, 33, 34, 35, 36, 38, 40, 41, 42, 43, 44, 45, 46, 47, 48, 49, 50, 51, 52, 53, 57, 58, 59, 60, 61, 62, 63, 64, 65, 66, 67, 68, 69, 70, 71, 72, 73, 74, 75, 76, 77, 78, 79}
57
./all_polys/poly_v21_v37.txt
blank line
{55}
{1, 3, 4, 11, 15, 16, 17, 18, 19, 21, 28, 29, 30, 31, 32, 33, 34, 36, 37, 38, 40, 41, 42, 43, 44, 45, 46, 47, 48, 49, 50, 51, 53, 57, 58, 59, 60, 61, 62, 63, 65, 66, 67, 68, 69, 70, 71, 72, 73, 74, 75, 76, 77, 78, 79}
55
./all_polys/poly_v47_v53.txt
blank line
{32, 11}
{0, 1, 2, 3, 4, 5, 6, 8, 9, 10, 13, 14, 15, 16, 17, 18, 19, 20, 21, 22, 23, 24, 25, 26, 27, 28, 29, 30, 31, 33, 34, 35, 36, 37, 38, 39, 40, 41, 42, 43, 44, 45, 46, 47, 48, 49, 50, 51, 52, 53, 54, 55, 56, 57, 58, 59, 60, 61, 62, 63, 64, 65, 66, 67, 68, 69, 70, 71, 72, 73, 74, 75, 76, 77, 78, 79}
76
./all_polys/poly_v51_v66.txt
blank line
{10, 11, 26}
{1, 2, 3, 4, 5, 7, 14, 15, 16, 17, 18, 19, 20, 21, 22, 27, 28, 29, 30, 31, 32, 33, 34, 35, 36, 37, 38, 40, 41, 42, 43, 44, 45, 46, 47, 48, 49, 50, 51, 53, 55, 57, 58, 59, 60, 61, 62, 63, 64, 65, 66, 67, 68, 69, 70, 71, 72, 73, 74, 75, 76, 77, 78, 79}
64
./all_polys/poly_v26_v77.txt
blank line
{20, 53}
{1, 15, 16, 17, 18, 33, 36, 40, 41, 42, 43, 44, 46, 48, 51, 57, 58, 59, 60, 61, 62, 63, 67, 68, 69, 70, 71, 72, 73, 74, 75, 76, 77, 78, 79}
35
./all_polys/poly_v15_v22.txt
{5, 15}
{0, 1, 2, 3, 4, 7, 8, 9, 10, 11, 12, 13, 14, 16, 17, 18, 19, 20, 21, 22, 23, 24, 25, 26, 27, 28, 29, 30, 31, 32, 34, 35, 36, 37, 38, 39, 40, 41, 42, 43, 44, 45, 46, 47, 48, 49, 50, 51, 52, 53, 54, 55, 56, 57, 59, 60, 61, 62, 63, 64, 65, 66, 67, 68, 69, 70, 71, 72, 73, 74, 75, 76, 77, 78, 79}
75
./all_polys/poly_v24_v79.txt
blank line
{43, 52, 25, 61}
{0, 65, 66, 67, 68, 36, 69, 40, 9, 42, 8, 78, 79, 53}
14
./all_polys/poly_v11_v14.txt
{29}
{1, 7, 8, 9, 10, 15, 17, 18, 19, 20, 21, 22, 23, 24, 25, 26, 27, 28, 30, 32, 34, 35, 36, 37, 38, 39, 40, 41, 42, 43, 44, 45, 46, 49, 50, 51, 52, 53, 54, 55, 56, 57, 58, 59, 60, 61, 62, 63, 64, 65, 66, 67, 68, 69, 70, 71, 72, 73, 76, 77, 78, 79}
62
./all_polys/poly_v24_v44.txt
{25}
{1, 2, 3, 4, 8, 17, 27, 29, 34, 38, 40, 42, 43, 44, 46, 48, 51, 52, 53, 54, 55, 56, 57, 59, 60, 61, 62, 63, 64, 65, 66, 67, 68, 69, 70, 71, 72, 73, 74, 75, 76, 77, 78, 79}
44
./all_polys/poly_v23_v28.txt
blank line
{5, 7, 16}
{0, 1, 3, 8, 9, 10, 11, 13, 14, 17, 18, 19, 20, 21, 22, 23, 24, 25, 26, 27, 28, 29, 30, 31, 32, 33, 34, 35, 36, 37, 38, 39, 40, 41, 42, 43, 44, 45, 46, 47, 48, 49, 50, 51, 52, 53, 54, 55, 56, 57, 58, 59, 60, 61, 62, 63, 64, 65, 66, 67, 68, 69, 70, 71, 72, 73, 74, 75, 76, 77, 78, 79}
72
./all_polys/poly_v18_v49.txt
blank line
{10}
{1, 3, 4, 5, 14, 15, 16, 17, 19, 20, 21, 28, 29, 30, 31, 32, 33, 34, 35, 36, 40, 41, 42, 43, 44, 45, 46, 47, 48, 50, 51, 53, 55, 57, 58, 59, 60, 61, 62, 63, 65, 67, 68, 69, 70, 71, 72, 73, 74, 75, 76, 77, 78, 79}
54
./all_polys/poly_v23_v32.txt
blank line
{1, 20}
{2, 3, 8, 13, 14, 15, 16, 17, 21, 22, 26, 27, 28, 29, 30, 33, 34, 36, 38, 39, 40, 41, 42, 43, 44, 45, 46, 47, 48, 49, 51, 53, 56, 57, 58, 59, 60, 61, 62, 63, 64, 65, 66, 67, 68, 69, 70, 71, 72, 73, 76, 77, 78, 79}
54
./all_polys/poly_v37_v76.txt
{1}
{0, 2, 3, 8, 9, 14, 15, 16, 17, 18, 19, 20, 21, 22, 23, 27, 28, 29, 30, 31, 33, 34, 35, 36, 38, 40, 41, 42, 43, 44, 45, 46, 47, 48, 49, 50, 51, 53, 54, 55, 56, 57, 58, 59, 60, 61, 62, 63, 64, 65, 66, 67, 68, 69, 70, 71, 72, 73, 74, 75, 76, 77, 78, 79}
64
./all_polys/poly_v3_v15.txt
blank line
{10}
{1, 15, 20, 27, 34, 35, 36, 40, 41, 42, 46, 47, 48, 49, 52, 53, 54, 55, 59, 61, 62, 63, 65, 66, 67, 68, 69, 71, 72, 73, 78, 79}
32
./all_polys/poly_v7_v8.txt
blank line
{10}
{1, 2, 3, 4, 7, 8, 9, 14, 15, 16, 17, 18, 19, 20, 21, 22, 24, 25, 26, 27, 28, 29, 30, 32, 33, 34, 35, 36, 37, 38, 40, 41, 42, 43, 44, 45, 46, 47, 48, 49, 50, 51, 53, 55, 57, 58, 59, 60, 61, 62, 63, 64, 65, 66, 67, 68, 69, 70, 71, 72, 73, 74, 75, 76, 77, 78, 79}
67
./all_polys/poly_v19_v70.txt
{10, 7}
{1, 2, 3, 4, 9, 13, 14, 15, 16, 17, 18, 19, 20, 21, 22, 26, 27, 28, 29, 30, 32, 33, 34, 35, 36, 38, 39, 40, 41, 42, 43, 44, 45, 46, 47, 48, 49, 50, 51, 53, 54, 55, 58, 59, 60, 61, 62, 63, 64, 65, 66, 67, 68, 69, 70, 71, 72, 73, 74, 75, 76, 77, 78, 79}
64
./all_polys/poly_v5_v7.txt
blank line
{34}
{1, 15, 17, 20, 32, 40, 41, 42, 43, 44, 46, 50, 55, 59, 61, 65, 66, 67, 68, 69, 71, 72, 73, 75, 76, 77}
26
./all_polys/poly_v14_v77.txt
blank line
{55}
set()
0
./all_polys/poly_v7_v22.txt
blank line
{8, 10}
{0, 1, 2, 3, 4, 7, 14, 15, 16, 17, 18, 20, 21, 24, 25, 26, 27, 28, 29, 30, 31, 34, 36, 38, 40, 41, 42, 43, 44, 46, 47, 48, 50, 51, 53, 55, 57, 59, 60, 61, 62, 63, 64, 65, 66, 67, 68, 69, 70, 71, 72, 73, 74, 75, 76, 77, 78, 79}
58
./all_polys/poly_v13_v23.txt
{10}
{0, 1, 3, 4, 8, 9, 13, 14, 15, 17, 18, 19, 20, 21, 22, 24, 25, 27, 28, 29, 30, 31, 32, 33, 34, 36, 38, 39, 40, 41, 42, 43, 44, 45, 46, 47, 48, 49, 50, 51, 52, 53, 54, 55, 57, 58, 59, 60, 61, 62, 63, 64, 65, 66, 67, 68, 69, 70, 71, 72, 73, 74, 75, 76, 77, 78, 79}
67
./all_polys/poly_v24_v72.txt
blank line
{75}
{0, 1, 2, 3, 4, 5, 7, 8, 9, 10, 11, 12, 13, 14, 15, 16, 17, 18, 19, 20, 21, 22, 23, 24, 25, 26, 27, 28, 29, 30, 31, 32, 33, 34, 35, 36, 37, 38, 39, 40, 41, 42, 43, 44, 45, 46, 47, 48, 49, 50, 51, 52, 53, 54, 55, 56, 57, 58, 59, 60, 61, 62, 63, 64, 65, 66, 67, 68, 69, 70, 71, 72, 73, 74, 76, 77, 78, 79}
78
./all_polys/poly_v14_v47.txt
blank line
{7}
{0, 1, 2, 3, 8, 9, 10, 11, 15, 16, 17, 18, 19, 20, 21, 22, 23, 24, 25, 26, 27, 28, 29, 30, 32, 33, 34, 35, 36, 37, 38, 39, 40, 41, 42, 43, 44, 45, 46, 47, 48, 49, 50, 51, 52, 53, 54, 55, 56, 57, 58, 59, 60, 61, 62, 63, 64, 65, 66, 67, 68, 69, 70, 71, 72, 73, 74, 75, 76, 77, 78, 79}
72
./all_polys/poly_v33_v41.txt
blank line
{36}
{15, 17, 21, 34, 40, 41, 42, 43, 44, 46, 47, 48, 50, 51, 53, 57, 59, 65, 66, 67, 68, 69, 71, 72, 73, 74, 75, 76, 77, 78, 79}
31
./all_polys/poly_v10_v43.txt
{12}
{0, 1, 2, 3, 4, 5, 7, 8, 9, 10, 11, 13, 14, 15, 16, 17, 18, 19, 20, 21, 22, 23, 24, 25, 26, 27, 28, 29, 30, 31, 32, 33, 34, 35, 36, 37, 38, 39, 40, 41, 42, 43, 44, 45, 46, 47, 48, 49, 50, 51, 52, 53, 54, 55, 56, 57, 58, 59, 60, 61, 62, 63, 64, 65, 66, 67, 68, 69, 70, 71, 72, 73, 74, 75, 76, 77, 78, 79}
78
./all_polys/poly_v28_v35.txt
blank line
{8}
{1, 3, 7, 9, 10, 11, 14, 16, 17, 18, 19, 20, 21, 22, 23, 24, 25, 26, 28, 29, 30, 32, 33, 34, 35, 36, 37, 38, 39, 40, 41, 42, 43, 44, 45, 46, 47, 48, 49, 50, 51, 52, 53, 54, 55, 56, 57, 58, 59, 60, 61, 62, 63, 64, 65, 66, 67, 68, 69, 70, 71, 72, 73, 74, 75, 76, 77, 78, 79}
69
./all_polys/poly_v15_v19.txt
blank line
{50, 23}
{1, 4, 7, 9, 10, 13, 15, 16, 17, 18, 20, 21, 22, 26, 27, 28, 29, 30, 31, 34, 35, 36, 38, 39, 40, 41, 42, 43, 44, 45, 46, 48, 49, 51, 53, 54, 55, 57, 59, 60, 61, 62, 63, 64, 65, 66, 67, 68, 69, 70, 71, 72, 73, 74, 75, 76, 77, 78, 79}
59
./all_polys/poly_v5_v47.txt
blank line
{7}
{0, 1, 2, 3, 4, 8, 9, 10, 11, 14, 15, 16, 17, 18, 19, 20, 21, 22, 23, 25, 26, 27, 28, 29, 30, 31, 32, 33, 34, 35, 36, 38, 39, 40, 41, 42, 43, 44, 45, 46, 47, 48, 49, 50, 51, 52, 53, 54, 55, 56, 57, 58, 59, 60, 61, 62, 63, 64, 65, 66, 67, 68, 69, 70, 71, 72, 73, 74, 75, 76, 77, 78, 79}
73
./all_polys/poly_v10_v23.txt
{1}
{0, 8, 9, 15, 17, 19, 20, 21, 22, 23, 27, 28, 30, 33, 34, 35, 36, 37, 38, 40, 41, 42, 43, 44, 45, 46, 47, 48, 49, 50, 52, 53, 54, 55, 56, 57, 59, 61, 62, 63, 64, 65, 66, 67, 68, 69, 70, 71, 72, 73, 78, 79}
52
./all_polys/poly_v18_v61.txt
blank line
{10}
{14, 15, 16, 17, 21, 22, 33, 34, 36, 37, 38, 40, 41, 42, 43, 44, 46, 47, 48, 49, 51, 53, 55, 57, 58, 59, 60, 61, 62, 63, 64, 65, 67, 68, 69, 70, 71, 72, 73, 74, 75, 76, 77, 78, 79}
45
./all_polys/poly_v14_v76.txt
blank line
{5}
{0, 1, 2, 3, 4, 7, 8, 9, 10, 11, 12, 13, 14, 15, 16, 17, 18, 19, 20, 21, 22, 23, 24, 25, 26, 27, 28, 29, 30, 31, 32, 33, 34, 35, 36, 37, 38, 39, 40, 41, 42, 43, 44, 45, 46, 47, 48, 49, 50, 51, 52, 53, 54, 55, 56, 57, 58, 59, 60, 61, 62, 63, 64, 65, 66, 67, 68, 69, 70, 71, 72, 73, 74, 75, 76, 77, 78, 79}
78
./all_polys/poly_v23_v16_v59.txt
{6}
{0, 1, 2, 3, 4, 5, 7, 8, 9, 10, 11, 12, 13, 14, 15, 16, 17, 18, 19, 20, 21, 22, 23, 24, 25, 26, 27, 28, 29, 30, 31, 32, 33, 34, 35, 36, 37, 38, 39, 40, 41, 42, 43, 44, 45, 46, 47, 48, 49, 50, 51, 52, 53, 54, 55, 56, 57, 58, 59, 60, 61, 62, 63, 64, 65, 66, 67, 68, 69, 70, 71, 72, 73, 74, 75, 76, 77, 78, 79}
79
./all_polys/poly_v5_v43.txt
blank line
{32, 5, 14}
{0, 1, 2, 3, 7, 8, 9, 10, 11, 12, 15, 16, 17, 18, 19, 20, 21, 22, 23, 24, 25, 26, 27, 28, 29, 30, 31, 33, 34, 35, 36, 37, 38, 39, 40, 41, 42, 43, 44, 45, 46, 47, 48, 49, 50, 51, 52, 53, 54, 55, 56, 57, 58, 59, 60, 61, 62, 63, 64, 65, 66, 67, 68, 69, 70, 71, 72, 73, 74, 75, 76, 77, 78, 79}
74
./all_polys/poly_v3_v11.txt
blank line
{22}
{0, 1, 3, 4, 14, 15, 16, 17, 18, 28, 29, 30, 34, 38, 40, 41, 42, 46, 48, 53, 55, 57, 58, 59, 60, 61, 63, 64, 65, 66, 67, 68, 69, 71, 72, 73, 74, 75, 78, 79}
40
./all_polys/poly_v10_v37.txt
blank line
{18}
{0, 1, 8, 9, 10, 15, 19, 21, 22, 25, 26, 27, 28, 29, 30, 32, 34, 35, 36, 37, 40, 41, 42, 43, 44, 45, 46, 47, 48, 49, 51, 52, 53, 54, 55, 56, 57, 58, 59, 60, 61, 62, 63, 64, 65, 66, 67, 68, 69, 70, 71, 72, 73, 74, 75, 76, 77, 78, 79}
59
./all_polys/poly_v7_v35.txt
blank line
{1}
{3, 4, 5, 6, 10, 14, 15, 16, 17, 21, 23, 24, 28, 29, 30, 31, 32, 34, 35, 36, 37, 38, 40, 41, 42, 43, 44, 46, 47, 48, 49, 50, 51, 53, 55, 57, 59, 60, 61, 62, 63, 64, 65, 66, 67, 68, 69, 71, 72, 73, 74, 75, 76, 77, 78, 79}
56
./all_polys/poly_v3_v12.txt
{22}
{1, 10, 15, 16, 17, 18, 20, 24, 34, 36, 40, 41, 42, 43, 44, 46, 48, 49, 50, 51, 53, 55, 57, 59, 60, 61, 65, 66, 67, 68, 69, 70, 71, 72, 73, 74, 75, 76, 77, 78, 79}
41
./all_polys/poly_v23_v74.txt
blank line
{11}
{0, 1, 2, 3, 4, 8, 9, 10, 14, 15, 16, 17, 18, 19, 20, 21, 22, 24, 25, 26, 27, 28, 29, 30, 31, 32, 33, 34, 35, 36, 37, 38, 40, 41, 42, 43, 44, 45, 46, 47, 48, 49, 50, 51, 52, 53, 54, 55, 57, 58, 59, 60, 61, 62, 63, 64, 65, 66, 67, 68, 69, 70, 71, 72, 73, 74, 75, 76, 77, 78, 79}
71
./all_polys/poly_v30_v57.txt
blank line
{5}
{0, 1, 2, 3, 4, 7, 8, 9, 10, 11, 12, 13, 14, 15, 16, 17, 18, 19, 20, 21, 22, 23, 24, 25, 26, 27, 28, 29, 30, 31, 32, 33, 34, 35, 36, 37, 38, 39, 40, 41, 42, 43, 44, 45, 46, 47, 48, 49, 50, 51, 52, 53, 54, 55, 56, 57, 58, 59, 60, 61, 62, 63, 64, 65, 66, 67, 68, 69, 70, 71, 72, 73, 74, 75, 76, 77, 78, 79}
78
./all_polys/poly_v6_v8.txt
blank line
{10}
{1, 7, 15, 17, 18, 20, 21, 22, 24, 25, 26, 27, 29, 34, 36, 40, 41, 42, 43, 44, 46, 47, 48, 49, 51, 52, 53, 54, 55, 56, 59, 60, 61, 62, 63, 64, 65, 66, 67, 68, 69, 70, 71, 72, 73, 76, 77, 78, 79}
49
./all_polys/poly_v4_v24.txt
blank line
{11}
{0, 1, 2, 4, 7, 8, 9, 10, 13, 14, 15, 16, 17, 19, 20, 21, 22, 23, 24, 25, 26, 27, 28, 29, 30, 31, 33, 34, 35, 36, 37, 38, 39, 40, 41, 42, 43, 44, 45, 46, 47, 48, 49, 50, 51, 52, 53, 54, 55, 56, 57, 58, 59, 60, 61, 62, 63, 64, 65, 66, 67, 68, 69, 70, 71, 72, 73, 74, 75, 76, 77, 78, 79}
73
./all_polys/poly_v16_v72.txt
blank line
{5}
{0, 1, 3, 4, 7, 8, 9, 10, 12, 13, 14, 15, 16, 17, 18, 19, 20, 21, 22, 23, 24, 25, 26, 27, 28, 29, 30, 31, 32, 33, 34, 35, 36, 37, 38, 39, 40, 41, 42, 43, 44, 45, 46, 47, 48, 49, 50, 51, 52, 53, 54, 55, 56, 57, 58, 59, 60, 61, 62, 63, 64, 65, 66, 67, 68, 69, 70, 71, 72, 73, 74, 75, 76, 77, 78, 79}
76
./all_polys/poly_v18_v76.txt
blank line
{10}
{2, 3, 4, 5, 6, 8, 11, 12, 14, 15, 16, 17, 18, 20, 21, 22, 23, 24, 27, 28, 29, 30, 31, 32, 33, 34, 35, 36, 37, 38, 39, 40, 41, 42, 43, 44, 45, 46, 47, 48, 49, 50, 51, 53, 55, 57, 58, 59, 60, 61, 62, 63, 64, 65, 66, 67, 68, 69, 70, 71, 72, 73, 74, 75, 76, 77, 78, 79}
68
./all_polys/poly_v51_v68.txt
blank line
{19}
{0, 1, 3, 8, 9, 10, 15, 16, 17, 18, 20, 21, 22, 23, 24, 25, 26, 27, 28, 29, 30, 32, 33, 34, 35, 36, 37, 38, 40, 41, 42, 43, 44, 45, 46, 47, 48, 49, 50, 51, 52, 53, 54, 55, 56, 57, 58, 59, 60, 61, 62, 63, 64, 65, 66, 67, 68, 69, 70, 71, 72, 73, 74, 75, 76, 77, 78, 79}
68
./all_polys/poly_v23_v61.txt
blank line
{25}
{1, 3, 15, 17, 20, 21, 22, 27, 28, 29, 30, 34, 36, 37, 38, 40, 41, 42, 43, 44, 46, 47, 48, 49, 51, 52, 53, 54, 55, 57, 59, 60, 61, 62, 63, 64, 65, 66, 67, 68, 69, 70, 71, 72, 73, 76, 77, 78, 79}
49
./all_polys/poly_v23_v41.txt
blank line
{64, 17, 29}
{0, 1, 8, 9, 10, 14, 15, 19, 20, 21, 22, 27, 28, 32, 34, 35, 36, 37, 38, 40, 41, 42, 43, 44, 45, 46, 47, 48, 50, 51, 52, 53, 54, 55, 57, 59, 60, 61, 62, 63, 65, 66, 67, 68, 69, 70, 71, 72, 73, 74, 75, 76, 77, 78, 79}
55
./all_polys/poly_v18_v51.txt
{1}
{3, 4, 5, 14, 15, 17, 28, 29, 30, 31, 32, 34, 36, 38, 40, 41, 42, 43, 44, 46, 48, 50, 51, 53, 55, 57, 59, 60, 61, 62, 63, 64, 65, 67, 68, 69, 71, 72, 73, 74, 75, 76, 77, 78, 79}
45
./all_polys/poly_v51_v53.txt
blank line
{32}
{0, 1, 2, 3, 4, 8, 10, 15, 16, 17, 18, 20, 21, 22, 24, 25, 26, 27, 28, 29, 30, 31, 33, 34, 35, 36, 37, 38, 40, 41, 42, 43, 44, 45, 46, 47, 48, 49, 50, 51, 53, 54, 55, 56, 57, 58, 59, 60, 61, 62, 63, 64, 65, 67, 68, 69, 70, 71, 72, 73, 74, 75, 76, 77, 78, 79}
66
./all_polys/poly_v4_v61.txt
blank line
{1}
{2, 3, 4, 5, 6, 8, 10, 14, 15, 17, 18, 19, 20, 21, 22, 23, 27, 28, 29, 30, 31, 32, 33, 34, 35, 36, 37, 38, 40, 41, 42, 43, 44, 45, 46, 47, 48, 49, 50, 51, 52, 53, 55, 57, 58, 59, 60, 61, 62, 63, 64, 65, 66, 67, 68, 69, 70, 71, 72, 73, 74, 75, 76, 77, 78, 79}
66
./all_polys/poly_v3_v26.txt
blank line
{22}
{1, 2, 3, 4, 10, 14, 15, 16, 17, 18, 20, 27, 28, 29, 30, 31, 34, 36, 38, 40, 41, 42, 43, 44, 46, 48, 50, 51, 53, 55, 57, 58, 59, 60, 61, 62, 63, 64, 65, 66, 67, 68, 69, 70, 71, 72, 73, 74, 75, 76, 77, 78, 79}
53
./all_polys/poly_v47_v70.txt
blank line
{7}
{0, 1, 3, 4, 5, 8, 9, 10, 11, 13, 14, 15, 16, 17, 18, 19, 20, 21, 22, 23, 24, 25, 27, 28, 29, 30, 31, 33, 34, 35, 36, 37, 38, 39, 40, 41, 42, 43, 44, 45, 46, 47, 48, 49, 50, 51, 52, 53, 54, 55, 56, 57, 58, 59, 60, 61, 62, 63, 64, 65, 66, 67, 68, 69, 70, 71, 72, 73, 74, 75, 76, 77, 78, 79}
74
./all_polys/poly_v7_v72.txt
blank line
{2}
{0, 1, 3, 4, 5, 7, 8, 9, 10, 11, 12, 14, 15, 16, 17, 18, 19, 20, 23, 24, 25, 26, 27, 28, 29, 30, 31, 32, 33, 34, 35, 36, 37, 38, 39, 40, 41, 42, 43, 44, 45, 46, 47, 48, 49, 50, 51, 52, 53, 54, 55, 56, 57, 59, 60, 61, 62, 63, 64, 65, 66, 67, 68, 69, 70, 71, 72, 73, 74, 75, 76, 77, 78, 79}
74
./all_polys/poly_v14_v16.txt
blank line
{58}
{0, 1, 2, 4, 6, 7, 8, 9, 10, 11, 12, 13, 15, 16, 17, 18, 19, 20, 21, 22, 23, 24, 25, 26, 27, 28, 29, 30, 31, 32, 33, 34, 35, 36, 37, 38, 39, 40, 41, 42, 43, 44, 45, 46, 47, 48, 49, 50, 51, 52, 53, 54, 55, 56, 57, 59, 60, 61, 62, 63, 64, 65, 66, 67, 68, 69, 70, 71, 72, 73, 74, 75, 77, 78, 79}
75
./all_polys/poly_v22_v53.txt
{32, 27}
{0, 1, 3, 4, 8, 9, 10, 14, 15, 16, 17, 18, 19, 20, 21, 22, 23, 24, 25, 26, 28, 29, 30, 31, 33, 34, 35, 36, 37, 38, 39, 40, 41, 42, 43, 44, 45, 46, 47, 48, 49, 50, 51, 52, 53, 54, 55, 56, 57, 58, 59, 60, 61, 62, 63, 64, 65, 66, 67, 68, 69, 70, 71, 72, 73, 74, 75, 76, 77, 78, 79}
71
./all_polys/poly_v8_v18.txt
blank line
{22}
{0, 1, 2, 3, 4, 5, 7, 8, 9, 10, 14, 15, 16, 17, 18, 19, 20, 21, 26, 27, 28, 29, 30, 31, 32, 33, 34, 35, 36, 38, 39, 40, 41, 42, 43, 44, 45, 46, 47, 48, 49, 50, 51, 52, 53, 54, 55, 56, 57, 58, 59, 60, 61, 62, 63, 64, 65, 66, 67, 68, 69, 70, 71, 72, 73, 74, 75, 76, 77, 78, 79}
71
./all_polys/poly_v9_v23.txt
blank line
{13}
{0, 1, 2, 3, 4, 6, 7, 8, 9, 10, 14, 15, 16, 17, 18, 19, 20, 21, 22, 23, 24, 25, 26, 27, 28, 29, 30, 31, 32, 33, 34, 35, 36, 37, 38, 39, 40, 41, 42, 43, 44, 45, 46, 47, 48, 49, 50, 51, 52, 53, 54, 55, 57, 58, 59, 60, 61, 62, 63, 64, 65, 66, 67, 68, 69, 70, 71, 72, 73, 74, 75, 76, 77, 78, 79}
75
./all_polys/poly_v24_v32.txt
blank line
{54}
{0, 1, 2, 3, 4, 8, 9, 14, 15, 16, 17, 18, 20, 21, 22, 23, 24, 25, 27, 28, 29, 30, 31, 32, 33, 34, 35, 36, 38, 40, 41, 42, 43, 44, 45, 46, 47, 48, 49, 50, 51, 52, 53, 57, 58, 59, 60, 61, 62, 63, 65, 66, 67, 68, 69, 70, 71, 72, 73, 74, 75, 76, 77, 78, 79}
65
./all_polys/poly_v23_v57.txt
blank line
{39, 9, 45}
{1, 20, 22, 24, 25, 27, 34, 36, 38, 40, 42, 44, 46, 49, 50, 51, 52, 53, 54, 55, 59, 61, 62, 63, 64, 65, 66, 67, 68, 69, 70, 71, 72, 73, 78, 79}
36
./all_polys/poly_v7_v16.txt
blank line
{1}
{14, 15, 16, 17, 20, 34, 36, 38, 40, 41, 42, 43, 44, 46, 48, 50, 51, 53, 55, 57, 58, 59, 60, 61, 63, 64, 65, 66, 67, 68, 69, 71, 72, 73, 74, 75, 76, 77, 78, 79}
40
./all_polys/poly_v23_v55.txt
blank line
{52}
{0, 1, 2, 3, 4, 8, 9, 10, 14, 15, 17, 20, 21, 22, 34, 35, 36, 40, 41, 42, 43, 44, 46, 47, 48, 50, 51, 53, 55, 57, 59, 60, 61, 62, 63, 65, 66, 67, 68, 69, 71, 72, 73, 75, 76, 77, 78, 79}
48
./all_polys/poly_v34_v61.txt
blank line
{10}
{1, 3, 14, 15, 17, 20, 21, 22, 28, 29, 30, 33, 34, 35, 36, 38, 40, 41, 42, 43, 44, 45, 46, 47, 48, 49, 50, 51, 53, 57, 58, 59, 60, 61, 62, 63, 64, 65, 67, 68, 69, 70, 71, 72, 73, 74, 75, 76, 77, 78, 79}
51
./all_polys/poly_v23_v51.txt
blank line
{36, 55}
{1, 14, 15, 17, 21, 33, 34, 40, 41, 42, 43, 44, 46, 47, 48, 50, 51, 57, 58, 59, 60, 61, 65, 67, 68, 69, 70, 71, 72, 73, 74, 75, 76, 77, 78}
35
./all_polys/poly_v20_v39.txt
{1}
{2, 3, 4, 5, 14, 15, 16, 17, 18, 19, 21, 22, 24, 27, 28, 29, 30, 31, 32, 33, 34, 35, 36, 37, 38, 39, 40, 41, 42, 43, 44, 45, 46, 47, 48, 49, 50, 51, 53, 55, 57, 58, 59, 60, 61, 62, 63, 64, 65, 66, 67, 68, 69, 70, 71, 72, 73, 74, 75, 76, 77, 78, 79}
63
./all_polys/poly_v35_v53.txt
blank line
{20}
{0, 1, 3, 13, 15, 16, 17, 18, 21, 28, 29, 30, 33, 34, 36, 38, 39, 40, 41, 42, 43, 44, 46, 47, 48, 50, 51, 53, 55, 57, 58, 59, 60, 61, 62, 63, 64, 65, 67, 68, 71, 72, 73, 74, 75, 76, 77, 78, 79}
49
./all_polys/poly_v3_v28.txt
blank line
{32}
{0, 1, 3, 8, 9, 10, 15, 16, 17, 18, 19, 20, 21, 23, 24, 25, 27, 28, 29, 30, 34, 35, 36, 38, 40, 41, 42, 43, 44, 45, 46, 47, 48, 49, 50, 51, 52, 53, 54, 55, 56, 57, 58, 59, 60, 61, 62, 63, 64, 65, 66, 67, 68, 69, 70, 71, 72, 73, 74, 75, 76, 77, 78, 79}
64
./all_polys/poly_v20_v23.txt
blank line
{8}
{15, 17, 34, 36, 40, 41, 42, 43, 44, 46, 48, 50, 53, 57, 59, 60, 61, 62, 63, 65, 66, 67, 68, 69, 70, 71, 72, 73, 74, 75, 76, 77, 78, 79}
34
./all_polys/poly_v23_v66.txt
blank line
{9}
{1, 2, 4, 15, 16, 17, 18, 19, 20, 21, 22, 27, 28, 29, 30, 31, 33, 34, 36, 38, 40, 41, 42, 43, 44, 46, 47, 48, 49, 50, 51, 53, 57, 58, 59, 60, 61, 62, 63, 64, 65, 67, 68, 69, 71, 72, 73, 74, 75, 76, 77, 78, 79}
53
./all_polys/poly_v9_v20.txt
blank line
{1}
{0, 3, 4, 9, 13, 14, 15, 16, 17, 18, 19, 20, 21, 26, 28, 29, 30, 31, 33, 34, 36, 38, 40, 41, 42, 43, 44, 45, 46, 47, 48, 49, 50, 51, 52, 53, 55, 57, 58, 59, 60, 61, 62, 63, 64, 65, 66, 67, 68, 69, 70, 71, 72, 73, 74, 75, 76, 77, 78, 79}
60
./all_polys/poly_v23_v49.txt
blank line
{25, 10, 27, 28}
{0, 1, 4, 8, 9, 13, 14, 15, 16, 17, 19, 20, 21, 22, 23, 26, 29, 30, 31, 32, 33, 34, 35, 36, 38, 39, 40, 41, 42, 43, 44, 45, 46, 47, 48, 49, 50, 51, 52, 53, 54, 55, 56, 57, 58, 59, 60, 61, 62, 63, 65, 66, 67, 68, 69, 70, 71, 72, 73, 74, 75, 76, 77, 78, 79}
65
./all_polys/poly_v18_v43.txt
blank line
{18, 9}
{1, 2, 3, 8, 10, 11, 12, 15, 17, 19, 20, 21, 22, 23, 24, 25, 26, 28, 34, 35, 36, 37, 38, 39, 40, 41, 42, 43, 44, 45, 46, 48, 49, 50, 52, 53, 54, 55, 56, 57, 59, 60, 61, 62, 63, 64, 65, 66, 67, 68, 69, 70, 71, 72, 73, 74, 75, 76, 77, 78, 79}
61
./all_polys/poly_v21_v24.txt
blank line
{19}
{0, 1, 2, 3, 4, 8, 9, 10, 14, 15, 16, 17, 18, 20, 21, 22, 24, 25, 26, 27, 28, 29, 30, 31, 33, 34, 35, 36, 37, 38, 40, 41, 42, 43, 44, 45, 46, 47, 48, 49, 50, 51, 52, 53, 54, 55, 57, 58, 59, 60, 61, 62, 63, 64, 65, 66, 67, 68, 69, 70, 71, 72, 73, 74, 75, 76, 77, 78, 79}
69
./all_polys/poly_v37_v51.txt
blank line
{52}
{0, 1, 3, 4, 8, 9, 10, 11, 15, 16, 17, 18, 21, 22, 28, 29, 30, 31, 33, 34, 36, 37, 38, 40, 41, 42, 43, 44, 45, 46, 47, 48, 49, 50, 51, 53, 54, 55, 56, 57, 58, 59, 60, 61, 62, 63, 64, 65, 66, 67, 68, 69, 70, 71, 72, 73, 74, 75, 76, 77, 78, 79}
62
./all_polys/poly_v13_v44.txt
blank line
{55}
{0, 1, 2, 3, 5, 13, 14, 15, 17, 19, 20, 21, 22, 28, 29, 30, 31, 32, 33, 34, 36, 38, 39, 40, 41, 42, 43, 44, 45, 46, 47, 48, 49, 51, 53, 57, 58, 59, 60, 61, 62, 63, 64, 65, 67, 68, 69, 70, 71, 72, 73, 74, 75, 76, 77, 78, 79}
57
./all_polys/poly_v24_v35.txt
blank line
{28}
{0, 1, 7, 8, 9, 10, 15, 17, 18, 19, 20, 21, 22, 26, 33, 34, 36, 40, 41, 42, 43, 44, 45, 46, 47, 48, 50, 51, 52, 53, 54, 55, 57, 58, 59, 60, 61, 62, 63, 65, 66, 67, 68, 69, 71, 72, 73, 75, 76, 77, 78, 79}
52
./all_polys/poly_v57_v66.txt
{26}
{1, 2, 3, 4, 6, 7, 8, 9, 10, 11, 13, 14, 15, 16, 17, 18, 19, 20, 21, 22, 23, 25, 27, 28, 29, 30, 31, 32, 33, 34, 35, 36, 37, 38, 39, 40, 41, 42, 43, 44, 45, 46, 47, 48, 49, 50, 51, 52, 53, 54, 55, 56, 57, 58, 59, 60, 61, 62, 63, 64, 65, 66, 67, 68, 69, 70, 71, 72, 73, 74, 75, 76, 77, 78, 79}
75
./all_polys/poly_v7_v19.txt
{69}
{3, 4, 15, 17, 21, 28, 29, 30, 33, 34, 36, 40, 41, 42, 43, 44, 46, 47, 48, 50, 51, 53, 57, 58, 59, 60, 61, 62, 63, 67, 68, 71, 72, 73, 74, 75, 76, 77, 78, 79}
40
./all_polys/poly_v23_v24.txt
{21, 12}
{0, 1, 2, 3, 8, 9, 10, 11, 15, 17, 18, 19, 20, 22, 23, 24, 25, 26, 27, 28, 29, 30, 34, 36, 37, 38, 39, 40, 41, 42, 43, 44, 45, 46, 47, 48, 49, 51, 52, 53, 54, 55, 56, 57, 59, 60, 61, 62, 63, 64, 65, 66, 67, 68, 69, 70, 71, 72, 73, 74, 78, 79}
62
./all_polys/poly_v37_v43.txt
blank line
{52}
{0, 1, 7, 8, 9, 10, 17, 20, 21, 22, 23, 24, 25, 26, 30, 33, 34, 35, 36, 40, 42, 43, 44, 46, 53, 54, 55, 56, 57, 58, 59, 60, 61, 65, 66, 67, 68, 69, 70, 71, 72, 73, 78, 79}
44
./all_polys/poly_v11_v16.txt
blank line
{4, 13, 31}
{0, 1, 2, 3, 5, 6, 7, 8, 9, 10, 11, 12, 15, 16, 17, 18, 19, 20, 21, 22, 23, 24, 25, 26, 27, 28, 29, 30, 32, 33, 34, 35, 36, 37, 38, 39, 40, 41, 42, 43, 44, 45, 46, 47, 48, 49, 50, 51, 52, 53, 54, 55, 56, 57, 58, 59, 60, 61, 62, 63, 64, 65, 66, 67, 68, 69, 70, 71, 72, 73, 74, 75, 76, 77, 78, 79}
76
./all_polys/poly_v23_v70.txt
blank line
{58}
{0, 1, 3, 7, 8, 9, 10, 15, 17, 18, 19, 20, 21, 22, 23, 24, 25, 26, 28, 29, 30, 34, 35, 36, 37, 38, 40, 41, 42, 43, 44, 45, 46, 47, 48, 49, 50, 51, 52, 53, 54, 55, 59, 60, 61, 62, 63, 65, 66, 67, 68, 69, 70, 71, 72, 73, 75, 76, 77, 78, 79}
61
./all_polys/poly_v37_v61.txt
blank line
{1}
{3, 15, 17, 21, 22, 28, 29, 30, 34, 36, 37, 38, 40, 41, 42, 43, 44, 46, 47, 48, 49, 51, 53, 54, 55, 57, 59, 60, 61, 62, 63, 64, 65, 66, 67, 68, 69, 70, 71, 72, 73, 76, 77, 78, 79}
45
./all_polys/poly_v16_v25.txt
blank line
{35}
{1, 2, 3, 8, 10, 15, 16, 17, 18, 20, 21, 26, 27, 28, 29, 30, 34, 36, 38, 40, 41, 42, 43, 44, 45, 46, 47, 48, 50, 51, 52, 53, 57, 59, 60, 61, 62, 63, 65, 66, 67, 68, 69, 70, 71, 72, 73, 75, 76, 77, 78, 79}
52
./all_polys/poly_v28_v79.txt
blank line
{8}
{1, 3, 17, 20, 22, 23, 26, 27, 28, 29, 30, 31, 32, 33, 34, 35, 36, 38, 40, 42, 43, 44, 46, 47, 48, 49, 50, 51, 52, 53, 54, 55, 56, 57, 58, 59, 60, 61, 62, 63, 64, 65, 66, 67, 68, 69, 70, 71, 72, 73, 74, 75, 76, 77, 78, 79}
56
./all_polys/poly_v35_v74.txt
blank line
{35}
{0, 1, 2, 3, 4, 14, 15, 16, 17, 18, 19, 20, 21, 25, 26, 27, 28, 29, 30, 31, 32, 33, 34, 36, 38, 40, 41, 42, 43, 44, 45, 46, 47, 48, 49, 50, 51, 53, 54, 55, 57, 58, 59, 60, 61, 62, 63, 64, 65, 66, 67, 68, 69, 70, 71, 72, 73, 74, 75, 76, 77, 78, 79}
63
./all_polys/poly_v51_v61.txt
blank line
{32}
{1, 2, 10, 15, 16, 17, 18, 20, 21, 22, 25, 26, 27, 28, 29, 33, 34, 35, 36, 37, 38, 40, 41, 42, 43, 44, 45, 46, 47, 48, 49, 51, 52, 53, 54, 55, 56, 57, 58, 59, 60, 61, 62, 63, 64, 65, 66, 67, 68, 69, 70, 71, 72, 73, 76, 77, 78, 79}
58
./all_polys/poly_v9_v35.txt
blank line
{23}
{0, 1, 2, 3, 4, 8, 9, 10, 14, 15, 16, 17, 18, 19, 20, 21, 24, 26, 27, 28, 29, 30, 31, 32, 33, 34, 36, 38, 39, 40, 41, 42, 43, 44, 45, 46, 47, 48, 49, 50, 51, 52, 53, 54, 55, 56, 57, 58, 59, 60, 61, 62, 63, 64, 65, 66, 67, 68, 69, 70, 71, 72, 73, 74, 75, 76, 77, 78, 79}
69
./all_polys/poly_v15_v44.txt
blank line
{27}
{1, 9, 17, 18, 20, 22, 34, 35, 36, 38, 40, 42, 43, 44, 45, 46, 48, 53, 54, 55, 57, 59, 60, 61, 62, 63, 65, 66, 67, 68, 69, 71, 72, 73, 74, 75, 78, 79}
38
./all_polys/poly_v7_v39.txt
blank line
{26}
{0, 1, 2, 3, 4, 5, 8, 9, 10, 11, 14, 15, 16, 17, 18, 19, 20, 21, 23, 24, 25, 27, 28, 29, 30, 31, 32, 34, 36, 37, 38, 40, 41, 42, 43, 44, 45, 46, 47, 48, 49, 50, 51, 52, 53, 54, 55, 56, 57, 59, 60, 61, 62, 63, 64, 65, 66, 67, 68, 69, 70, 71, 72, 73, 74, 75, 76, 77, 78, 79}
70
./all_polys/poly_v51_v76.txt
blank line
{32}
{1, 2, 3, 4, 8, 9, 10, 13, 14, 15, 16, 17, 18, 19, 20, 21, 22, 23, 25, 27, 28, 29, 30, 33, 34, 35, 36, 38, 39, 40, 41, 42, 43, 44, 45, 46, 47, 48, 49, 50, 51, 53, 54, 55, 57, 58, 59, 60, 61, 62, 63, 64, 65, 66, 67, 68, 69, 70, 71, 72, 73, 74, 75, 76, 77, 78, 79}
67
./all_polys/poly_v24_v34.txt
blank line
{27}
{0, 1, 3, 4, 5, 8, 9, 10, 14, 15, 16, 17, 18, 19, 20, 21, 22, 24, 25, 26, 28, 29, 30, 31, 32, 33, 34, 35, 36, 38, 40, 41, 42, 43, 44, 46, 47, 48, 49, 50, 51, 52, 53, 54, 55, 56, 57, 58, 59, 60, 61, 62, 63, 64, 65, 66, 67, 68, 69, 70, 71, 72, 73, 74, 75, 76, 77, 78, 79}
69
./all_polys/poly_v2_v72.txt
blank line
{8}
{1, 3, 7, 10, 14, 15, 16, 17, 20, 21, 22, 25, 28, 29, 30, 32, 33, 34, 35, 36, 37, 40, 41, 42, 43, 44, 45, 46, 47, 48, 50, 51, 53, 55, 57, 58, 59, 60, 61, 62, 63, 65, 66, 67, 68, 69, 70, 71, 72, 73, 74, 75, 76, 77, 78, 79}
56
./all_polys/poly_v11_v47.txt
blank line
{7}
{1, 2, 3, 4, 5, 6, 8, 10, 11, 12, 14, 15, 16, 17, 18, 19, 20, 21, 22, 23, 24, 25, 26, 27, 28, 29, 30, 31, 32, 33, 34, 35, 36, 37, 38, 39, 40, 41, 42, 43, 44, 45, 46, 47, 48, 49, 50, 51, 52, 53, 54, 55, 56, 57, 58, 59, 60, 61, 62, 63, 64, 65, 66, 67, 68, 69, 70, 71, 72, 73, 74, 75, 76, 77, 78, 79}
76
./all_polys/poly_v8_v20.txt
blank line
{10}
{0, 1, 3, 4, 5, 6, 7, 14, 15, 16, 17, 20, 21, 22, 24, 25, 26, 27, 28, 29, 30, 31, 32, 33, 34, 36, 37, 38, 39, 40, 41, 42, 43, 44, 46, 47, 48, 49, 50, 51, 53, 55, 57, 58, 59, 60, 61, 62, 63, 64, 65, 66, 67, 68, 69, 70, 71, 72, 73, 74, 75, 76, 77, 78, 79}
65
./all_polys/poly_v22_v23.txt
blank line
{25, 10}
{0, 1, 8, 9, 15, 16, 17, 18, 21, 24, 26, 34, 36, 40, 41, 42, 43, 44, 46, 47, 48, 49, 50, 51, 52, 53, 57, 59, 60, 61, 62, 63, 65, 66, 67, 68, 69, 70, 71, 72, 73, 74, 75, 76, 77, 78, 79}
47
./all_polys/poly_v11_v19.txt
blank line
{32}
{0, 1, 7, 8, 9, 10, 15, 17, 18, 19, 20, 21, 22, 23, 27, 28, 29, 34, 35, 36, 37, 38, 40, 41, 42, 43, 44, 45, 46, 47, 48, 49, 50, 51, 52, 53, 54, 55, 56, 57, 59, 60, 61, 62, 63, 64, 65, 66, 67, 68, 69, 70, 71, 72, 73, 74, 75, 76, 77, 78, 79}
61
./all_polys/poly_v6_v37.txt
{1, 55}
{34, 67, 68, 69, 71, 72, 73, 42, 40, 76, 77, 78, 46, 41, 15, 51, 59, 61}
18
./all_polys/poly_v11_v23.txt
blank line
{64, 52, 25}
{1, 7, 8, 10, 15, 17, 19, 20, 21, 22, 28, 32, 33, 34, 35, 36, 37, 38, 40, 41, 42, 43, 44, 45, 46, 47, 48, 51, 53, 54, 55, 57, 58, 59, 60, 61, 65, 66, 67, 68, 69, 70, 71, 72, 73, 74, 76, 77, 78, 79}
50
./all_polys/poly_v34_v72.txt
blank line
{64}
{0, 1, 2, 3, 4, 5, 9, 10, 14, 15, 16, 17, 18, 19, 20, 21, 22, 23, 24, 25, 27, 28, 29, 30, 31, 32, 33, 34, 35, 36, 37, 40, 41, 42, 43, 44, 45, 46, 47, 48, 49, 50, 51, 52, 53, 54, 55, 56, 57, 58, 59, 60, 61, 62, 63, 65, 66, 67, 68, 69, 70, 71, 72, 73, 74, 75, 76, 77, 78, 79}
70
./all_polys/poly_v15_v23.txt
{3, 12}
{0, 1, 2, 7, 8, 9, 10, 11, 16, 17, 18, 19, 20, 21, 22, 23, 24, 25, 26, 27, 28, 30, 33, 34, 35, 36, 37, 38, 40, 41, 42, 43, 44, 45, 46, 47, 49, 50, 51, 52, 53, 54, 55, 56, 57, 59, 60, 61, 62, 63, 65, 66, 67, 68, 69, 70, 71, 72, 73, 77, 78, 79}
62
./all_polys/poly_v41_v61.txt
blank line
{5, 23, 14}
{0, 1, 3, 4, 7, 8, 9, 10, 15, 16, 17, 18, 19, 20, 21, 22, 25, 26, 27, 28, 29, 30, 31, 32, 33, 34, 35, 36, 37, 38, 39, 40, 41, 42, 43, 44, 45, 46, 47, 48, 49, 50, 51, 52, 53, 54, 55, 56, 57, 58, 59, 60, 61, 62, 63, 64, 65, 66, 67, 68, 69, 70, 71, 72, 73, 74, 75, 76, 77, 78, 79}
71
./all_polys/poly_v18_v78.txt
{10}
{0, 1, 2, 3, 4, 5, 6, 8, 14, 15, 16, 17, 18, 19, 20, 21, 22, 23, 24, 26, 27, 28, 29, 30, 31, 32, 33, 34, 35, 36, 37, 38, 39, 40, 41, 42, 43, 44, 45, 46, 47, 48, 49, 50, 51, 53, 55, 56, 57, 58, 59, 60, 61, 62, 63, 64, 65, 66, 67, 68, 69, 70, 71, 72, 73, 74, 75, 76, 77, 78, 79}
71
1
./all_polys/poly_v23_v34.txt 29
./all_polys/poly_v35_v61.txt 58
./all_polys/poly_v23_v32.txt 55
./all_polys/poly_v37_v76.txt 64
./all_polys/poly_v10_v23.txt 52
./all_polys/poly_v7_v35.txt 56
./all_polys/poly_v18_v51.txt 45
./all_polys/poly_v4_v61.txt 66
./all_polys/poly_v7_v16.txt 40
./all_polys/poly_v20_v39.txt 63
./all_polys/poly_v9_v20.txt 60
./all_polys/poly_v37_v61.txt 45
./all_polys/poly_v6_v37.txt 19
2
./all_polys/poly_v7_v72.txt 74
3
./all_polys/poly_v15_v23.txt 63
4
./all_polys/poly_v14_v20.txt 73
./all_polys/poly_v15_v47.txt 73
./all_polys/poly_v15_v20.txt 63
./all_polys/poly_v11_v16.txt 78
5
./all_polys/poly_v47_v74.txt 77
./all_polys/poly_v24_v51.txt 73
./all_polys/poly_v61_v74.txt 77
./all_polys/poly_v14_v61.txt 78
./all_polys/poly_v15_v22.txt 76
./all_polys/poly_v23_v28.txt 74
./all_polys/poly_v14_v76.txt 78
./all_polys/poly_v5_v43.txt 76
./all_polys/poly_v30_v57.txt 78
./all_polys/poly_v16_v72.txt 76
./all_polys/poly_v41_v61.txt 73
6
./all_polys/poly_v23_v16_v59.txt 79
7
./all_polys/poly_v16_v51.txt 53
./all_polys/poly_v14_v51.txt 69
./all_polys/poly_v23_v28.txt 74
./all_polys/poly_v19_v70.txt 65
./all_polys/poly_v14_v47.txt 72
./all_polys/poly_v5_v47.txt 73
./all_polys/poly_v47_v70.txt 74
./all_polys/poly_v11_v47.txt 76
8
./all_polys/poly_v6_v23.txt 21
./all_polys/poly_v7_v22.txt 59
./all_polys/poly_v28_v35.txt 69
./all_polys/poly_v20_v23.txt 34
./all_polys/poly_v28_v79.txt 56
./all_polys/poly_v2_v72.txt 56
9
./all_polys/poly_v23_v57.txt 38
./all_polys/poly_v23_v66.txt 53
./all_polys/poly_v18_v43.txt 62
10
./all_polys/poly_v34_v37.txt 57
./all_polys/poly_v23_v53.txt 56
./all_polys/poly_v2_v15.txt 57
./all_polys/poly_v37_v49.txt 62
./all_polys/poly_v24_v25.txt 35
./all_polys/poly_v18_v64.txt 65
./all_polys/poly_v11_v79.txt 20
./all_polys/poly_v16_v66.txt 70
./all_polys/poly_v51_v66.txt 66
./all_polys/poly_v18_v49.txt 54
./all_polys/poly_v3_v15.txt 32
./all_polys/poly_v7_v8.txt 67
./all_polys/poly_v19_v70.txt 65
./all_polys/poly_v7_v22.txt 59
./all_polys/poly_v13_v23.txt 67
./all_polys/poly_v18_v61.txt 45
./all_polys/poly_v6_v8.txt 49
./all_polys/poly_v18_v76.txt 68
./all_polys/poly_v34_v61.txt 51
./all_polys/poly_v23_v49.txt 68
./all_polys/poly_v8_v20.txt 65
./all_polys/poly_v22_v23.txt 48
./all_polys/poly_v18_v78.txt 71
11
./all_polys/poly_v53_v57.txt 77
./all_polys/poly_v51_v57.txt 61
./all_polys/poly_v49_v53.txt 77
./all_polys/poly_v4_v39.txt 72
./all_polys/poly_v47_v53.txt 77
./all_polys/poly_v51_v66.txt 66
./all_polys/poly_v23_v74.txt 71
./all_polys/poly_v4_v24.txt 73
12
./all_polys/poly_v24_v49.txt 76
./all_polys/poly_v11_v24.txt 77
./all_polys/poly_v26_v47.txt 78
./all_polys/poly_v24_v47.txt 71
./all_polys/poly_v10_v43.txt 78
./all_polys/poly_v23_v24.txt 63
./all_polys/poly_v15_v23.txt 63
13
./all_polys/poly_v14_v20.txt 73
./all_polys/poly_v14_v51.txt 69
./all_polys/poly_v15_v47.txt 73
./all_polys/poly_v15_v20.txt 63
./all_polys/poly_v9_v23.txt 75
./all_polys/poly_v11_v16.txt 78
14
./all_polys/poly_v24_v51.txt 73
./all_polys/poly_v5_v43.txt 76
./all_polys/poly_v41_v61.txt 73
15
./all_polys/poly_v15_v22.txt 76
16
./all_polys/poly_v23_v28.txt 74
17
./all_polys/poly_v23_v59.txt 45
./all_polys/poly_v23_v41.txt 57
18
./all_polys/poly_v22_v59.txt 71
./all_polys/poly_v14_v51.txt 69
./all_polys/poly_v14_v25.txt 66
./all_polys/poly_v10_v37.txt 59
./all_polys/poly_v18_v43.txt 62
19
./all_polys/poly_v12_v18.txt 72
./all_polys/poly_v23_v53.txt 56
./all_polys/poly_v22_v39.txt 69
./all_polys/poly_v4_v51.txt 67
./all_polys/poly_v39_v47.txt 70
./all_polys/poly_v15_v20.txt 63
./all_polys/poly_v51_v68.txt 68
./all_polys/poly_v21_v24.txt 69
20
./all_polys/poly_v23_v47.txt 45
./all_polys/poly_v18_v53.txt 63
./all_polys/poly_v26_v77.txt 36
./all_polys/poly_v23_v32.txt 55
./all_polys/poly_v35_v53.txt 49
21
./all_polys/poly_v24_v51.txt 73
./all_polys/poly_v23_v24.txt 63
22
./all_polys/poly_v37_v74.txt 55
./all_polys/poly_v34_v57.txt 64
./all_polys/poly_v3_v11.txt 40
./all_polys/poly_v3_v12.txt 41
./all_polys/poly_v3_v26.txt 53
./all_polys/poly_v8_v18.txt 71
23
./all_polys/poly_v14_v18.txt 50
./all_polys/poly_v15_v19.txt 60
./all_polys/poly_v9_v35.txt 69
./all_polys/poly_v41_v61.txt 73
24
./all_polys/poly_v11_v61.txt 77
./all_polys/poly_v2_v15.txt 57
./all_polys/poly_v14_v25.txt 66
25
./all_polys/poly_v23_v78.txt 60
./all_polys/poly_v23_v47.txt 45
./all_polys/poly_v25_v70.txt 71
./all_polys/poly_v23_v64.txt 69
./all_polys/poly_v17_v49.txt 75
./all_polys/poly_v19_v57.txt 69
./all_polys/poly_v24_v79.txt 17
./all_polys/poly_v24_v44.txt 44
./all_polys/poly_v23_v61.txt 49
./all_polys/poly_v23_v49.txt 68
./all_polys/poly_v22_v23.txt 48
./all_polys/poly_v11_v23.txt 52
26
./all_polys/poly_v23_v68.txt 47
./all_polys/poly_v22_v41.txt 67
./all_polys/poly_v51_v57.txt 61
./all_polys/poly_v23_v53.txt 56
./all_polys/poly_v51_v66.txt 66
./all_polys/poly_v57_v66.txt 75
./all_polys/poly_v7_v39.txt 70
27
./all_polys/poly_v22_v59.txt 71
./all_polys/poly_v33_v70.txt 46
./all_polys/poly_v19_v43.txt 50
./all_polys/poly_v9_v33.txt 59
./all_polys/poly_v22_v53.txt 72
./all_polys/poly_v23_v49.txt 68
./all_polys/poly_v15_v44.txt 38
./all_polys/poly_v24_v34.txt 69
28
./all_polys/poly_v16_v51.txt 53
./all_polys/poly_v23_v49.txt 68
./all_polys/poly_v24_v35.txt 52
29
./all_polys/poly_v11_v14.txt 62
./all_polys/poly_v23_v41.txt 57
30
./all_polys/poly_v23_v16_v25.txt 45
31
./all_polys/poly_v14_v20.txt 73
./all_polys/poly_v15_v47.txt 73
./all_polys/poly_v28_v51.txt 78
./all_polys/poly_v15_v20.txt 63
./all_polys/poly_v11_v16.txt 78
32
./all_polys/poly_v24_v51.txt 73
./all_polys/poly_v19_v61.txt 51
./all_polys/poly_v14_v25.txt 66
./all_polys/poly_v47_v53.txt 77
./all_polys/poly_v5_v43.txt 76
./all_polys/poly_v51_v53.txt 66
./all_polys/poly_v22_v53.txt 72
./all_polys/poly_v3_v28.txt 64
./all_polys/poly_v51_v61.txt 58
./all_polys/poly_v51_v76.txt 67
./all_polys/poly_v11_v19.txt 61
34
./all_polys/poly_v15_v77.txt 10
./all_polys/poly_v9_v77.txt 40
./all_polys/poly_v30_v77.txt 28
./all_polys/poly_v5_v7.txt 26
35
./all_polys/poly_v16_v25.txt 52
./all_polys/poly_v35_v74.txt 63
36
./all_polys/poly_v39_v79.txt 29
./all_polys/poly_v33_v41.txt 31
./all_polys/poly_v23_v51.txt 36
37
./all_polys/poly_v12_v18.txt 72
./all_polys/poly_v23_v53.txt 56
./all_polys/poly_v22_v39.txt 69
./all_polys/poly_v4_v51.txt 67
./all_polys/poly_v39_v47.txt 70
./all_polys/poly_v15_v20.txt 63
38
./all_polys/poly_v24_v25.txt 35
39
./all_polys/poly_v23_v57.txt 38
43
./all_polys/poly_v24_v79.txt 17
44
./all_polys/poly_v6_v23.txt 21
45
./all_polys/poly_v23_v57.txt 38
50
./all_polys/poly_v14_v18.txt 50
./all_polys/poly_v61_v74.txt 77
./all_polys/poly_v15_v19.txt 60
52
./all_polys/poly_v16_v19.txt 38
./all_polys/poly_v34_v37.txt 57
./all_polys/poly_v37_v49.txt 62
./all_polys/poly_v24_v25.txt 35
./all_polys/poly_v26_v79.txt 40
./all_polys/poly_v24_v79.txt 17
./all_polys/poly_v23_v55.txt 48
./all_polys/poly_v37_v51.txt 62
./all_polys/poly_v37_v43.txt 44
./all_polys/poly_v11_v23.txt 52
53
./all_polys/poly_v39_v79.txt 29
./all_polys/poly_v26_v77.txt 36
54
./all_polys/poly_v23_v64.txt 69
./all_polys/poly_v23_v76.txt 70
./all_polys/poly_v9_v33.txt 59
./all_polys/poly_v24_v32.txt 65
55
./all_polys/poly_v16_v51.txt 53
./all_polys/poly_v9_v33.txt 59
./all_polys/poly_v21_v37.txt 55
./all_polys/poly_v23_v51.txt 36
./all_polys/poly_v13_v44.txt 57
./all_polys/poly_v6_v37.txt 19
56
./all_polys/poly_v23_v59.txt 45
58
./all_polys/poly_v14_v16.txt 75
./all_polys/poly_v23_v70.txt 61
61
./all_polys/poly_v16_v79.txt 13
./all_polys/poly_v24_v79.txt 17
64
./all_polys/poly_v23_v41.txt 57
./all_polys/poly_v11_v23.txt 52
./all_polys/poly_v34_v72.txt 70
68
./all_polys/poly_v35_v51.txt 37
69
./all_polys/poly_v3_v37.txt 18
./all_polys/poly_v7_v19.txt 40
75
./all_polys/poly_v24_v72.txt 78
