67 
65 66 
57 58 59 69 71 75 
57 58 59 69 71 73 74 
57 58 59 69 70 75 
57 58 59 69 70 73 74 
57 58 59 67 68 71 75 
57 58 59 67 68 71 73 74 
57 58 59 67 68 69 70 75 
57 58 59 67 68 69 70 73 74 
57 58 59 63 69 71 
57 58 59 63 69 70 
57 58 59 63 67 68 71 
57 58 59 63 67 68 69 70 
56 57 59 69 71 75 
56 57 59 69 71 73 74 
56 57 59 69 70 75 
56 57 59 69 70 73 74 
56 57 59 67 68 71 75 
56 57 59 67 68 71 73 74 
56 57 59 67 68 69 70 75 
56 57 59 67 68 69 70 73 74 
56 57 59 63 69 71 
56 57 59 63 69 70 
56 57 59 63 67 68 71 
56 57 59 63 67 68 69 70 
55 58 59 69 71 73 
55 58 59 69 71 72 
55 58 59 69 70 73 
55 58 59 69 70 71 72 
55 58 59 67 68 71 73 
55 58 59 67 68 71 72 
55 58 59 67 68 69 70 73 
55 58 59 67 68 69 70 71 72 
55 56 57 59 69 71 73 
55 56 57 59 69 71 72 
55 56 57 59 69 70 73 
55 56 57 59 69 70 71 72 
55 56 57 59 67 68 71 73 
55 56 57 59 67 68 71 72 
55 56 57 59 67 68 69 70 73 
55 56 57 59 67 68 69 70 71 72 
48 57 58 59 69 71 
48 57 58 59 69 70 
48 57 58 59 67 68 71 
48 57 58 59 67 68 69 70 
48 56 57 59 69 71 
48 56 57 59 69 70 
48 56 57 59 67 68 71 
48 56 57 59 67 68 69 70 
46 55 58 59 69 71 
46 55 58 59 69 70 
46 55 58 59 67 68 71 
46 55 58 59 67 68 69 70 
46 55 56 57 59 69 71 
46 55 56 57 59 69 70 
46 55 56 57 59 67 68 71 
46 55 56 57 59 67 68 69 70 
44 57 58 59 69 75 
44 57 58 59 69 73 74 
44 57 58 59 67 68 75 
44 57 58 59 67 68 73 74 
44 57 58 59 63 69 
44 57 58 59 63 67 68 
44 56 57 59 69 75 
44 56 57 59 69 73 74 
44 56 57 59 67 68 75 
44 56 57 59 67 68 73 74 
44 56 57 59 63 69 
44 56 57 59 63 67 68 
44 55 58 59 69 73 
44 55 58 59 69 71 72 
44 55 58 59 67 68 73 
44 55 58 59 67 68 71 72 
44 55 56 57 59 69 73 
44 55 56 57 59 69 71 72 
44 55 56 57 59 67 68 73 
44 55 56 57 59 67 68 71 72 
44 48 57 58 59 69 
44 48 57 58 59 67 68 
44 48 56 57 59 69 
44 48 56 57 59 67 68 
44 46 55 58 59 69 
44 46 55 58 59 67 68 
44 46 55 56 57 59 69 
44 46 55 56 57 59 67 68 
42 57 58 59 71 75 
42 57 58 59 71 73 74 
42 57 58 59 69 70 75 
42 57 58 59 69 70 73 74 
42 57 58 59 63 71 
42 57 58 59 63 69 70 
42 56 57 59 71 75 
42 56 57 59 71 73 74 
42 56 57 59 69 70 75 
42 56 57 59 69 70 73 74 
42 56 57 59 63 71 
42 56 57 59 63 69 70 
42 55 58 59 71 73 
42 55 58 59 71 72 
42 55 58 59 69 70 73 
42 55 58 59 69 70 71 72 
42 55 56 57 59 71 73 
42 55 56 57 59 71 72 
42 55 56 57 59 69 70 73 
42 55 56 57 59 69 70 71 72 
42 48 57 58 59 71 
42 48 57 58 59 69 70 
42 48 56 57 59 71 
42 48 56 57 59 69 70 
42 46 55 58 59 71 
42 46 55 58 59 69 70 
42 46 55 56 57 59 71 
42 46 55 56 57 59 69 70 
42 44 57 58 59 75 
42 44 57 58 59 73 74 
42 44 57 58 59 63 
42 44 56 57 59 75 
42 44 56 57 59 73 74 
42 44 56 57 59 63 
42 44 55 58 59 73 
42 44 55 58 59 71 72 
42 44 55 56 57 59 73 
42 44 55 56 57 59 71 72 
42 44 48 57 58 59 
42 44 48 56 57 59 
42 44 46 55 58 59 
42 44 46 55 56 57 59 
40 
31 57 59 69 71 75 
31 57 59 69 71 73 74 
31 57 59 69 70 75 
31 57 59 69 70 73 74 
31 57 59 67 68 71 75 
31 57 59 67 68 71 73 74 
31 57 59 67 68 69 70 75 
31 57 59 67 68 69 70 73 74 
31 57 59 63 69 71 
31 57 59 63 69 70 
31 57 59 63 67 68 71 
31 57 59 63 67 68 69 70 
31 55 59 69 71 73 
31 55 59 69 71 72 
31 55 59 69 70 73 
31 55 59 69 70 71 72 
31 55 59 67 68 71 73 
31 55 59 67 68 71 72 
31 55 59 67 68 69 70 73 
31 55 59 67 68 69 70 71 72 
31 48 57 59 69 71 
31 48 57 59 69 70 
31 48 57 59 67 68 71 
31 48 57 59 67 68 69 70 
31 46 55 59 69 71 
31 46 55 59 69 70 
31 46 55 59 67 68 71 
31 46 55 59 67 68 69 70 
31 44 57 59 69 75 
31 44 57 59 69 73 74 
31 44 57 59 67 68 75 
31 44 57 59 67 68 73 74 
31 44 57 59 63 69 
31 44 57 59 63 67 68 
31 44 55 59 69 73 
31 44 55 59 69 71 72 
31 44 55 59 67 68 73 
31 44 55 59 67 68 71 72 
31 44 48 57 59 69 
31 44 48 57 59 67 68 
31 44 46 55 59 69 
31 44 46 55 59 67 68 
31 42 57 59 71 75 
31 42 57 59 71 73 74 
31 42 57 59 69 70 75 
31 42 57 59 69 70 73 74 
31 42 57 59 63 71 
31 42 57 59 63 69 70 
31 42 55 59 71 73 
31 42 55 59 71 72 
31 42 55 59 69 70 73 
31 42 55 59 69 70 71 72 
31 42 48 57 59 71 
31 42 48 57 59 69 70 
31 42 46 55 59 71 
31 42 46 55 59 69 70 
31 42 44 57 59 75 
31 42 44 57 59 73 74 
31 42 44 57 59 63 
31 42 44 55 59 73 
31 42 44 55 59 71 72 
31 42 44 48 57 59 
31 42 44 46 55 59 
