
78 79 
77 78 79 
71 79 
71 77 78 
69 70 79 
69 70 77 78 
67 
67 71 79 
67 71 78 79 
67 71 77 78 
67 69 70 79 
67 69 70 78 79 
67 69 70 77 78 
67 68 
65 78 79 
65 67 69 78 79 
65 67 68 78 79 
65 66 
65 66 71 79 
65 66 71 78 79 
65 66 71 77 78 
65 66 69 78 79 
65 66 69 70 79 
65 66 69 70 78 79 
65 66 69 70 77 78 
65 66 68 
65 66 67 68 78 79 
63 67 68 
63 67 68 79 
63 67 68 77 78 
63 65 66 68 
63 65 66 68 79 
63 65 66 68 77 78 
62 
62 78 79 
60 65 66 78 79 
60 65 66 67 78 79 
60 61 
60 61 78 79 
59 
59 79 
59 77 78 
59 67 79 
59 67 77 78 
59 67 69 79 
59 67 69 77 78 
59 67 68 79 
59 67 68 77 78 
59 65 78 79 
59 65 67 79 
59 65 67 77 78 
59 65 66 77 
59 65 66 75 76 
59 65 66 69 79 
59 65 66 69 77 78 
59 65 66 67 77 
59 65 66 67 75 76 
59 65 66 67 68 79 
59 65 66 67 68 77 78 
59 63 65 66 77 
59 63 65 66 75 76 
59 63 65 66 67 77 
59 63 65 66 67 75 76 
59 63 64 78 79 
58 59 65 66 78 79 
58 59 65 66 67 78 79 
57 
57 79 
57 77 78 
57 69 
57 67 
57 67 71 78 79 
57 67 69 78 79 
57 67 69 70 78 79 
57 67 68 
57 67 68 78 79 
57 65 
57 65 78 79 
57 65 71 78 79 
57 65 69 77 
57 65 69 75 76 
57 65 69 70 78 79 
57 65 67 68 77 
57 65 67 68 75 76 
57 65 66 
57 65 66 71 78 79 
57 65 66 69 78 79 
57 65 66 69 70 78 79 
57 65 66 67 68 78 79 
57 63 67 78 79 
57 63 65 66 78 79 
57 63 64 78 79 
57 63 64 71 78 79 
57 63 64 69 77 
57 63 64 69 75 76 
57 63 64 69 70 78 79 
57 63 64 67 68 77 
57 63 64 67 68 75 76 
57 62 67 78 79 
57 62 65 66 78 79 
57 62 63 67 78 79 
57 62 63 65 66 78 79 
57 60 78 79 
57 60 63 78 79 
57 60 61 67 78 79 
57 60 61 65 66 78 79 
57 60 61 63 67 78 79 
57 60 61 63 65 66 78 79 
57 59 67 78 79 
57 59 65 66 78 79 
57 58 59 78 79 
57 58 59 63 78 79 
55 
54 59 79 
54 59 77 78 
54 59 69 77 
54 59 69 75 76 
54 59 67 69 77 
54 59 67 69 75 76 
54 59 65 66 77 
54 59 65 66 75 76 
54 59 65 66 67 77 
54 59 65 66 67 75 76 
54 59 63 69 77 
54 59 63 69 75 76 
54 59 63 67 69 77 
54 59 63 67 69 75 76 
54 59 63 65 66 77 
54 59 63 65 66 75 76 
54 59 63 65 66 67 77 
54 59 63 65 66 67 75 76 
53 79 
53 78 79 
53 77 78 
53 67 71 
53 67 69 70 
53 65 
53 65 67 69 
53 65 67 68 
53 65 66 71 
53 65 66 69 
53 65 66 69 70 
53 65 66 67 68 
53 62 
53 60 65 66 
53 60 65 66 67 
53 60 61 
53 59 65 
53 59 63 64 
53 58 59 65 66 
53 58 59 65 66 67 
53 57 67 
53 57 67 78 79 
53 57 67 71 
53 57 67 69 
53 57 67 69 70 
53 57 67 68 
53 57 65 
53 57 65 71 
53 57 65 69 70 
53 57 65 66 
53 57 65 66 78 79 
53 57 65 66 71 
53 57 65 66 69 
53 57 65 66 69 70 
53 57 65 66 67 68 
53 57 63 67 78 79 
53 57 63 65 66 78 79 
53 57 63 64 
53 57 63 64 71 
53 57 63 64 69 70 
53 57 62 67 
53 57 62 65 66 
53 57 62 63 67 
53 57 62 63 65 66 
53 57 60 
53 57 60 63 
53 57 60 61 67 
53 57 60 61 65 66 
53 57 60 61 63 67 
53 57 60 61 63 65 66 
53 57 59 67 
53 57 59 65 66 
53 57 58 59 
53 57 58 59 63 
52 78 79 
52 71 
52 69 70 
52 67 71 
52 67 69 70 
52 65 66 71 
52 65 66 69 70 
52 63 67 68 
52 63 65 66 68 
52 59 
52 59 67 
52 59 67 69 
52 59 67 68 
52 59 65 67 
52 59 65 66 69 
52 59 65 66 67 68 
52 57 
52 54 59 
52 53 
52 53 59 
52 53 59 79 
52 53 59 77 78 
52 53 59 69 77 
52 53 59 69 75 76 
52 53 59 67 69 77 
52 53 59 67 69 75 76 
52 53 59 65 66 77 
52 53 59 65 66 75 76 
52 53 59 65 66 67 77 
52 53 59 65 66 67 75 76 
52 53 59 63 69 77 
52 53 59 63 69 75 76 
52 53 59 63 67 69 77 
52 53 59 63 67 69 75 76 
52 53 59 63 65 66 77 
52 53 59 63 65 66 75 76 
52 53 59 63 65 66 67 77 
52 53 59 63 65 66 67 75 76 
51 65 66 78 79 
51 65 66 67 78 79 
51 57 78 79 
51 57 63 78 79 
51 53 65 66 
51 53 65 66 67 
51 53 57 
51 53 57 63 
51 52 
51 52 78 79 
51 52 57 67 78 79 
51 52 57 65 66 78 79 
51 52 57 63 67 78 79 
51 52 57 63 65 66 78 79 
51 52 53 
51 52 53 57 67 
51 52 53 57 65 66 
51 52 53 57 63 67 
51 52 53 57 63 65 66 
50 59 65 66 
50 59 65 66 67 
50 59 63 65 66 
50 59 63 65 66 67 
50 57 65 69 
50 57 65 67 68 
50 57 63 64 69 
50 57 63 64 67 68 
50 54 59 69 
50 54 59 67 69 
50 54 59 65 66 
50 54 59 65 66 67 
50 54 59 63 69 
50 54 59 63 67 69 
50 54 59 63 65 66 
50 54 59 63 65 66 67 
50 52 53 59 69 
50 52 53 59 67 69 
50 52 53 59 65 66 
50 52 53 59 65 66 67 
50 52 53 59 63 69 
50 52 53 59 63 67 69 
50 52 53 59 63 65 66 
50 52 53 59 63 65 66 67 
49 50 65 66 78 79 
49 50 65 66 67 78 79 
49 50 57 78 79 
49 50 57 63 78 79 
49 50 53 65 66 
49 50 53 65 66 67 
49 50 53 57 
49 50 53 57 63 
44 79 
44 77 78 
44 67 79 
44 67 78 79 
44 67 77 78 
44 65 66 79 
44 65 66 78 79 
44 65 66 77 78 
44 57 67 78 79 
44 57 65 78 79 
44 57 65 66 78 79 
44 57 63 64 78 79 
44 53 67 
44 53 65 66 
44 53 57 67 
44 53 57 65 
44 53 57 65 66 
44 53 57 63 64 
44 52 
44 52 67 
44 52 65 66 
42 65 67 78 79 
42 65 66 78 79 
42 59 67 79 
42 59 67 77 78 
42 59 65 66 79 
42 59 65 66 77 78 
42 57 
42 57 67 78 79 
42 57 65 77 
42 57 65 75 76 
42 57 65 66 78 79 
42 57 63 64 77 
42 57 63 64 75 76 
42 54 59 77 
42 54 59 75 76 
42 54 59 67 77 
42 54 59 67 75 76 
42 54 59 63 77 
42 54 59 63 75 76 
42 54 59 63 67 77 
42 54 59 63 67 75 76 
42 53 65 67 
42 53 65 66 
42 53 57 67 
42 53 57 65 66 
42 52 59 67 
42 52 59 65 66 
42 52 53 59 77 
42 52 53 59 75 76 
42 52 53 59 67 77 
42 52 53 59 67 75 76 
42 52 53 59 63 77 
42 52 53 59 63 75 76 
42 52 53 59 63 67 77 
42 52 53 59 63 67 75 76 
42 50 57 65 
42 50 57 63 64 
42 50 54 59 
42 50 54 59 67 
42 50 54 59 63 
42 50 54 59 63 67 
42 50 52 53 59 
42 50 52 53 59 67 
42 50 52 53 59 63 
42 50 52 53 59 63 67 
40 
40 71 79 
40 71 78 79 
40 71 77 78 
40 69 70 79 
40 69 70 78 79 
40 69 70 77 78 
40 68 
40 65 69 78 79 
40 65 67 68 78 79 
40 63 68 
40 63 68 79 
40 63 68 77 78 
40 60 78 79 
40 60 67 78 79 
40 59 79 
40 59 77 
40 59 77 78 
40 59 75 76 
40 59 69 79 
40 59 69 77 78 
40 59 67 77 
40 59 67 75 76 
40 59 67 68 79 
40 59 67 68 77 78 
40 59 65 79 
40 59 65 77 78 
40 59 63 77 
40 59 63 75 76 
40 59 63 67 77 
40 59 63 67 75 76 
40 58 59 78 79 
40 58 59 67 78 79 
40 57 
40 57 71 78 79 
40 57 69 78 79 
40 57 69 70 78 79 
40 57 67 68 78 79 
40 57 63 78 79 
40 57 62 78 79 
40 57 62 63 78 79 
40 57 60 61 78 79 
40 57 60 61 63 78 79 
40 57 59 78 79 
40 54 59 77 
40 54 59 75 76 
40 54 59 67 77 
40 54 59 67 75 76 
40 54 59 63 77 
40 54 59 63 75 76 
40 54 59 63 67 77 
40 54 59 63 67 75 76 
40 53 71 
40 53 69 70 
40 53 65 69 
40 53 65 67 68 
40 53 60 
40 53 60 67 
40 53 58 59 
40 53 58 59 67 
40 53 57 
40 53 57 78 79 
40 53 57 71 
40 53 57 69 
40 53 57 69 70 
40 53 57 67 68 
40 53 57 63 78 79 
40 53 57 62 
40 53 57 62 63 
40 53 57 60 61 
40 53 57 60 61 63 
40 53 57 59 
40 52 71 
40 52 69 70 
40 52 63 68 
40 52 59 
40 52 59 69 
40 52 59 67 68 
40 52 59 65 
40 52 53 59 77 
40 52 53 59 75 76 
40 52 53 59 67 77 
40 52 53 59 67 75 76 
40 52 53 59 63 77 
40 52 53 59 63 75 76 
40 52 53 59 63 67 77 
40 52 53 59 63 67 75 76 
40 51 78 79 
40 51 67 78 79 
40 51 53 
40 51 53 67 
40 51 52 57 78 79 
40 51 52 57 63 78 79 
40 51 52 53 57 
40 51 52 53 57 63 
40 50 59 
40 50 59 67 
40 50 59 63 
40 50 59 63 67 
40 50 54 59 
40 50 54 59 67 
40 50 54 59 63 
40 50 54 59 63 67 
40 50 52 53 59 
40 50 52 53 59 67 
40 50 52 53 59 63 
40 50 52 53 59 63 67 
40 49 50 78 79 
40 49 50 67 78 79 
40 49 50 53 
40 49 50 53 67 
40 44 79 
40 44 78 79 
40 44 77 78 
40 44 57 78 79 
40 44 53 
40 44 53 57 
40 44 52 
40 42 65 78 79 
40 42 59 79 
40 42 59 77 78 
40 42 57 78 79 
40 42 53 65 
40 42 53 57 
40 42 52 59 
38 59 78 79 
38 57 78 79 
38 57 71 78 79 
38 57 69 77 
38 57 69 75 76 
38 57 69 70 78 79 
38 57 67 68 77 
38 57 67 68 75 76 
38 53 59 
38 53 57 
38 53 57 71 
38 53 57 69 70 
38 50 57 69 
38 50 57 67 68 
38 44 57 78 79 
38 44 53 57 
38 42 57 77 
38 42 57 75 76 
38 42 50 57 
33 77 78 79 
33 65 78 79 
33 65 66 78 79 
33 65 66 67 78 79 
33 57 78 79 
33 57 63 78 79 
33 54 59 69 77 
33 54 59 69 75 76 
33 54 59 67 69 77 
33 54 59 67 69 75 76 
33 54 59 63 69 77 
33 54 59 63 69 75 76 
33 54 59 63 67 69 77 
33 54 59 63 67 69 75 76 
33 53 
33 53 79 
33 53 77 78 
33 53 65 
33 53 65 66 
33 53 65 66 67 
33 53 57 
33 53 57 63 
33 52 78 79 
33 52 53 
33 52 53 59 69 77 
33 52 53 59 69 75 76 
33 52 53 59 67 69 77 
33 52 53 59 67 69 75 76 
33 52 53 59 63 69 77 
33 52 53 59 63 69 75 76 
33 52 53 59 63 67 69 77 
33 52 53 59 63 67 69 75 76 
33 50 54 59 69 
33 50 54 59 67 69 
33 50 54 59 63 69 
33 50 54 59 63 67 69 
33 50 52 53 59 69 
33 50 52 53 59 67 69 
33 50 52 53 59 63 69 
33 50 52 53 59 63 67 69 
33 42 54 59 77 
33 42 54 59 75 76 
33 42 54 59 67 77 
33 42 54 59 67 75 76 
33 42 54 59 63 77 
33 42 54 59 63 75 76 
33 42 54 59 63 67 77 
33 42 54 59 63 67 75 76 
33 42 52 53 59 77 
33 42 52 53 59 75 76 
33 42 52 53 59 67 77 
33 42 52 53 59 67 75 76 
33 42 52 53 59 63 77 
33 42 52 53 59 63 75 76 
33 42 52 53 59 63 67 77 
33 42 52 53 59 63 67 75 76 
33 42 50 54 59 
33 42 50 54 59 67 
33 42 50 54 59 63 
33 42 50 54 59 63 67 
33 42 50 52 53 59 
33 42 50 52 53 59 67 
33 42 50 52 53 59 63 
33 42 50 52 53 59 63 67 
33 40 78 79 
33 40 67 78 79 
33 40 53 
33 40 53 67 
27 59 79 
27 59 77 78 
27 59 69 77 
27 59 69 75 76 
27 59 67 69 77 
27 59 67 69 75 76 
27 59 65 66 77 
27 59 65 66 75 76 
27 59 65 66 67 77 
27 59 65 66 67 75 76 
27 59 63 69 77 
27 59 63 69 75 76 
27 59 63 67 69 77 
27 59 63 67 69 75 76 
27 59 63 65 66 77 
27 59 63 65 66 75 76 
27 59 63 65 66 67 77 
27 59 63 65 66 67 75 76 
27 52 59 
27 50 59 69 
27 50 59 67 69 
27 50 59 65 66 
27 50 59 65 66 67 
27 50 59 63 69 
27 50 59 63 67 69 
27 50 59 63 65 66 
27 50 59 63 65 66 67 
27 42 59 77 
27 42 59 75 76 
27 42 59 67 77 
27 42 59 67 75 76 
27 42 59 63 77 
27 42 59 63 75 76 
27 42 59 63 67 77 
27 42 59 63 67 75 76 
27 42 50 59 
27 42 50 59 67 
27 42 50 59 63 
27 42 50 59 63 67 
27 40 59 77 
27 40 59 75 76 
27 40 59 67 77 
27 40 59 67 75 76 
27 40 59 63 77 
27 40 59 63 75 76 
27 40 59 63 67 77 
27 40 59 63 67 75 76 
27 40 50 59 
27 40 50 59 67 
27 40 50 59 63 
27 40 50 59 63 67 
27 33 59 69 77 
27 33 59 69 75 76 
27 33 59 67 69 77 
27 33 59 67 69 75 76 
27 33 59 63 69 77 
27 33 59 63 69 75 76 
27 33 59 63 67 69 77 
27 33 59 63 67 69 75 76 
27 33 50 59 69 
27 33 50 59 67 69 
27 33 50 59 63 69 
27 33 50 59 63 67 69 
27 33 42 59 77 
27 33 42 59 75 76 
27 33 42 59 67 77 
27 33 42 59 67 75 76 
27 33 42 59 63 77 
27 33 42 59 63 75 76 
27 33 42 59 63 67 77 
27 33 42 59 63 67 75 76 
27 33 42 50 59 
27 33 42 50 59 67 
27 33 42 50 59 63 
27 33 42 50 59 63 67 
26 
26 78 79 
26 57 67 78 79 
26 57 65 66 78 79 
26 57 63 67 78 79 
26 57 63 65 66 78 79 
26 53 
26 53 57 67 
26 53 57 65 66 
26 53 57 63 67 
26 53 57 63 65 66 
26 40 57 78 79 
26 40 57 63 78 79 
26 40 53 57 
26 40 53 57 63 
24 65 66 78 79 
24 65 66 67 78 79 
24 57 78 79 
24 57 63 78 79 
24 53 65 66 
24 53 65 66 67 
24 53 57 
24 53 57 63 
24 40 78 79 
24 40 67 78 79 
24 40 53 
24 40 53 67 
18 79 
18 77 78 
18 67 
18 67 79 
18 67 77 78 
18 65 66 
18 65 66 79 
18 65 66 77 78 
18 59 
18 52 
18 52 67 
18 52 65 66 
18 40 
18 40 79 
18 40 77 78 
18 40 52 
16 59 79 
16 59 77 78 
16 59 65 
16 59 65 69 
16 59 65 67 68 
16 59 63 64 69 
16 59 63 64 67 68 
16 52 59 
16 42 59 65 
16 42 59 63 64 
16 38 59 69 
16 38 59 67 68 
16 38 42 59 
16 33 59 
16 33 59 79 
16 33 59 77 78 
16 33 59 65 
16 33 52 59 
5 67 68 
5 65 66 68 
5 57 67 69 78 79 
5 57 67 68 78 79 
5 57 65 66 69 78 79 
5 57 65 66 67 68 78 79 
5 53 57 67 69 
5 53 57 67 68 
5 53 57 65 66 69 
5 53 57 65 66 67 68 
5 42 57 67 78 79 
5 42 57 65 66 78 79 
5 42 53 57 67 
5 42 53 57 65 66 
5 40 68 
5 40 57 69 78 79 
5 40 57 67 68 78 79 
5 40 53 57 69 
5 40 53 57 67 68 
5 40 42 57 78 79 
5 40 42 53 57 
