78 79 
57 65 79 
57 65 77 78 
57 59 60 71 73 77 
57 59 60 71 73 75 76 
57 59 60 71 72 77 
57 59 60 71 72 75 76 
57 59 60 69 70 73 77 
57 59 60 69 70 73 75 76 
57 59 60 69 70 71 72 77 
57 59 60 69 70 71 72 75 76 
57 59 60 62 71 73 
57 59 60 62 71 72 
57 59 60 62 69 70 73 
57 59 60 62 69 70 71 72 
57 59 60 61 71 73 
57 59 60 61 71 72 
57 59 60 61 69 70 73 
57 59 60 61 69 70 71 72 
57 58 59 71 73 77 
57 58 59 71 73 75 76 
57 58 59 71 72 77 
57 58 59 71 72 75 76 
57 58 59 69 70 73 77 
57 58 59 69 70 73 75 76 
57 58 59 69 70 71 72 77 
57 58 59 69 70 71 72 75 76 
57 58 59 62 71 73 
57 58 59 62 71 72 
57 58 59 62 69 70 73 
57 58 59 62 69 70 71 72 
57 58 59 60 61 71 73 
57 58 59 60 61 71 72 
57 58 59 60 61 69 70 73 
57 58 59 60 61 69 70 71 72 
53 
52 57 65 
50 57 59 60 71 73 
50 57 59 60 71 72 
50 57 59 60 69 70 73 
50 57 59 60 69 70 71 72 
50 57 58 59 71 73 
50 57 58 59 71 72 
50 57 58 59 69 70 73 
50 57 58 59 69 70 71 72 
46 57 59 60 71 77 
46 57 59 60 71 75 76 
46 57 59 60 69 70 77 
46 57 59 60 69 70 75 76 
46 57 59 60 62 71 
46 57 59 60 62 69 70 
46 57 59 60 61 71 
46 57 59 60 61 69 70 
46 57 58 59 71 77 
46 57 58 59 71 75 76 
46 57 58 59 69 70 77 
46 57 58 59 69 70 75 76 
46 57 58 59 62 71 
46 57 58 59 62 69 70 
46 57 58 59 60 61 71 
46 57 58 59 60 61 69 70 
46 50 57 59 60 71 
46 50 57 59 60 69 70 
46 50 57 58 59 71 
46 50 57 58 59 69 70 
44 57 59 60 73 77 
44 57 59 60 73 75 76 
44 57 59 60 71 72 77 
44 57 59 60 71 72 75 76 
44 57 59 60 62 73 
44 57 59 60 62 71 72 
44 57 59 60 61 73 
44 57 59 60 61 71 72 
44 57 58 59 73 77 
44 57 58 59 73 75 76 
44 57 58 59 71 72 77 
44 57 58 59 71 72 75 76 
44 57 58 59 62 73 
44 57 58 59 62 71 72 
44 57 58 59 60 61 73 
44 57 58 59 60 61 71 72 
44 50 57 59 60 73 
44 50 57 59 60 71 72 
44 50 57 58 59 73 
44 50 57 58 59 71 72 
44 46 57 59 60 77 
44 46 57 59 60 75 76 
44 46 57 59 60 62 
44 46 57 59 60 61 
44 46 57 58 59 77 
44 46 57 58 59 75 76 
44 46 57 58 59 62 
44 46 57 58 59 60 61 
44 46 50 57 59 60 
44 46 50 57 58 59 
41 55 57 62 71 75 
41 55 57 62 71 73 74 
41 55 57 62 69 70 75 
41 55 57 62 69 70 73 74 
41 55 57 60 61 71 75 
41 55 57 60 61 71 73 74 
41 55 57 60 61 69 70 75 
41 55 57 60 61 69 70 73 74 
41 48 55 57 62 71 
41 48 55 57 62 69 70 
41 48 55 57 60 61 71 
41 48 55 57 60 61 69 70 
41 44 55 57 62 75 
41 44 55 57 62 73 74 
41 44 55 57 60 61 75 
41 44 55 57 60 61 73 74 
41 44 48 55 57 62 
41 44 48 55 57 60 61 
39 40 55 57 62 71 75 
39 40 55 57 62 71 73 74 
39 40 55 57 62 69 70 75 
39 40 55 57 62 69 70 73 74 
39 40 55 57 60 61 71 75 
39 40 55 57 60 61 71 73 74 
39 40 55 57 60 61 69 70 75 
39 40 55 57 60 61 69 70 73 74 
39 40 48 55 57 62 71 
39 40 48 55 57 62 69 70 
39 40 48 55 57 60 61 71 
39 40 48 55 57 60 61 69 70 
39 40 44 55 57 62 75 
39 40 44 55 57 62 73 74 
39 40 44 55 57 60 61 75 
39 40 44 55 57 60 61 73 74 
39 40 44 48 55 57 62 
39 40 44 48 55 57 60 61 
35 57 59 60 71 73 
35 57 59 60 71 72 
35 57 59 60 69 70 73 
35 57 59 60 69 70 71 72 
35 57 58 59 71 73 
35 57 58 59 71 72 
35 57 58 59 69 70 73 
35 57 58 59 69 70 71 72 
35 46 57 59 60 71 
35 46 57 59 60 69 70 
35 46 57 58 59 71 
35 46 57 58 59 69 70 
35 44 57 59 60 73 
35 44 57 59 60 71 72 
35 44 57 58 59 73 
35 44 57 58 59 71 72 
35 44 46 57 59 60 
35 44 46 57 58 59 
35 41 55 57 71 75 
35 41 55 57 71 73 74 
35 41 55 57 69 70 75 
35 41 55 57 69 70 73 74 
35 41 48 55 57 71 
35 41 48 55 57 69 70 
35 41 44 55 57 75 
35 41 44 55 57 73 74 
35 41 44 48 55 57 
35 39 40 55 57 71 75 
35 39 40 55 57 71 73 74 
35 39 40 55 57 69 70 75 
35 39 40 55 57 69 70 73 74 
35 39 40 48 55 57 71 
35 39 40 48 55 57 69 70 
35 39 40 44 55 57 75 
35 39 40 44 55 57 73 74 
35 39 40 44 48 55 57 
33 57 59 71 73 77 
33 57 59 71 73 75 76 
33 57 59 71 72 77 
33 57 59 71 72 75 76 
33 57 59 69 70 73 77 
33 57 59 69 70 73 75 76 
33 57 59 69 70 71 72 77 
33 57 59 69 70 71 72 75 76 
33 57 59 62 71 73 
33 57 59 62 71 72 
33 57 59 62 69 70 73 
33 57 59 62 69 70 71 72 
33 57 59 60 61 71 73 
33 57 59 60 61 71 72 
33 57 59 60 61 69 70 73 
33 57 59 60 61 69 70 71 72 
33 50 57 59 71 73 
33 50 57 59 71 72 
33 50 57 59 69 70 73 
33 50 57 59 69 70 71 72 
33 46 57 59 71 77 
33 46 57 59 71 75 76 
33 46 57 59 69 70 77 
33 46 57 59 69 70 75 76 
33 46 57 59 62 71 
33 46 57 59 62 69 70 
33 46 57 59 60 61 71 
33 46 57 59 60 61 69 70 
33 46 50 57 59 71 
33 46 50 57 59 69 70 
33 44 57 59 73 77 
33 44 57 59 73 75 76 
33 44 57 59 71 72 77 
33 44 57 59 71 72 75 76 
33 44 57 59 62 73 
33 44 57 59 62 71 72 
33 44 57 59 60 61 73 
33 44 57 59 60 61 71 72 
33 44 50 57 59 73 
33 44 50 57 59 71 72 
33 44 46 57 59 77 
33 44 46 57 59 75 76 
33 44 46 57 59 62 
33 44 46 57 59 60 61 
33 44 46 50 57 59 
33 35 57 59 71 73 
33 35 57 59 71 72 
33 35 57 59 69 70 73 
33 35 57 59 69 70 71 72 
33 35 46 57 59 71 
33 35 46 57 59 69 70 
33 35 44 57 59 73 
33 35 44 57 59 71 72 
33 35 44 46 57 59 
14 55 57 62 71 75 
14 55 57 62 71 73 74 
14 55 57 62 69 70 75 
14 55 57 62 69 70 73 74 
14 55 57 60 61 71 75 
14 55 57 60 61 71 73 74 
14 55 57 60 61 69 70 75 
14 55 57 60 61 69 70 73 74 
14 48 55 57 62 71 
14 48 55 57 62 69 70 
14 48 55 57 60 61 71 
14 48 55 57 60 61 69 70 
14 44 55 57 62 75 
14 44 55 57 62 73 74 
14 44 55 57 60 61 75 
14 44 55 57 60 61 73 74 
14 44 48 55 57 62 
14 44 48 55 57 60 61 
14 35 55 57 71 75 
14 35 55 57 71 73 74 
14 35 55 57 69 70 75 
14 35 55 57 69 70 73 74 
14 35 48 55 57 71 
14 35 48 55 57 69 70 
14 35 44 55 57 75 
14 35 44 55 57 73 74 
14 35 44 48 55 57 
