77 78 79 
65 78 79 
63 
62 78 79 
60 61 78 79 
59 67 78 79 
59 65 67 79 
59 65 67 77 78 
59 65 66 79 
59 65 66 78 79 
59 65 66 77 78 
57 67 
57 67 78 79 
57 67 69 78 79 
57 67 68 78 79 
57 65 79 
57 65 77 78 
57 65 66 
57 65 66 78 79 
57 65 66 69 78 79 
57 65 66 67 68 78 79 
57 59 67 78 79 
57 59 65 66 78 79 
55 
54 59 67 79 
54 59 67 77 78 
54 59 65 66 79 
54 59 65 66 77 78 
53 79 
53 78 79 
53 77 78 
53 65 
53 62 
53 60 61 
53 59 67 
53 59 65 66 
53 57 67 
53 57 67 69 
53 57 67 68 
53 57 65 66 
53 57 65 66 69 
53 57 65 66 67 68 
53 57 59 67 
53 57 59 65 66 
52 78 79 
52 59 65 67 
52 59 65 66 
52 57 65 
52 54 59 67 
52 54 59 65 66 
52 53 
52 53 59 67 
52 53 59 67 79 
52 53 59 67 77 78 
52 53 59 65 66 
52 53 59 65 66 79 
52 53 59 65 66 77 78 
51 52 78 79 
51 52 53 
42 57 67 78 79 
42 57 65 66 78 79 
42 53 57 67 
42 53 57 65 66 
40 59 78 79 
40 59 65 79 
40 59 65 77 78 
40 57 
40 57 78 79 
40 57 69 78 79 
40 57 67 68 78 79 
40 57 59 78 79 
40 54 59 79 
40 54 59 77 78 
40 53 59 
40 53 57 
40 53 57 69 
40 53 57 67 68 
40 53 57 59 
40 52 59 65 
40 52 54 59 
40 52 53 59 
40 52 53 59 79 
40 52 53 59 77 78 
40 42 57 78 79 
40 42 53 57 
33 77 78 79 
33 65 78 79 
33 53 
33 53 79 
33 53 77 78 
33 53 65 
33 52 78 79 
33 52 53 
27 59 67 79 
27 59 67 77 78 
27 59 65 66 79 
27 59 65 66 77 78 
27 52 59 67 
27 52 59 65 66 
27 40 59 79 
27 40 59 77 78 
27 40 52 59 
26 78 79 
26 53 
