77
75 76
67 79
67 77
67 77 79
67 75 76
67 75 76 79
67 75 76 77 78
65
65 79
65 77 78
65 67
65 67 79
65 67 77
65 67 77 78
65 67 75 76
65 66 79
65 66 77 79
65 66 75 76 79
65 66 75 76 77 78
64
63 65 66
63 65 66 67
63 64
63 64 79
63 64 77 78
63 64 67 79
63 64 67 77 78
63 64 65
63 64 65 67
62 67
62 65 66
60 67
60 65 66
60 61 67
60 61 65 66
59
59 71 75
59 71 73 74
59 69 70 75
59 69 70 73 74
59 67
59 65 66
59 65 66 67
59 60 71 73
59 60 71 72
59 60 69 70 73
59 60 69 70 71 72
58 59 71 73
58 59 71 72
58 59 69 70 73
58 59 69 70 71 72
58 59 67
58 59 65 66
57 59 69 71
57 59 69 71 75
57 59 69 71 73
57 59 69 71 73 74
57 59 69 71 72
57 59 69 70
57 59 69 70 75
57 59 69 70 73
57 59 69 70 73 74
57 59 69 70 71 72
57 59 67 68 71
57 59 67 68 71 75
57 59 67 68 71 73
57 59 67 68 71 73 74
57 59 67 68 71 72
57 59 67 68 69 70
57 59 67 68 69 70 75
57 59 67 68 69 70 73
57 59 67 68 69 70 73 74
57 59 67 68 69 70 71 72
57 58 59 69 71
57 58 59 69 71 75
57 58 59 69 71 73
57 58 59 69 71 73 74
57 58 59 69 71 72
57 58 59 69 70
57 58 59 69 70 75
57 58 59 69 70 73
57 58 59 69 70 73 74
57 58 59 69 70 71 72
57 58 59 67 68 71
57 58 59 67 68 71 75
57 58 59 67 68 71 73
57 58 59 67 68 71 73 74
57 58 59 67 68 71 72
57 58 59 67 68 69 70
57 58 59 67 68 69 70 75
57 58 59 67 68 69 70 73
57 58 59 67 68 69 70 73 74
57 58 59 67 68 69 70 71 72
56
56 57 59 69 71
56 57 59 69 71 75
56 57 59 69 71 73
56 57 59 69 71 73 74
56 57 59 69 71 72
56 57 59 69 70
56 57 59 69 70 75
56 57 59 69 70 73
56 57 59 69 70 73 74
56 57 59 69 70 71 72
56 57 59 67 68 71
56 57 59 67 68 71 75
56 57 59 67 68 71 73
56 57 59 67 68 71 73 74
56 57 59 67 68 71 72
56 57 59 67 68 69 70
56 57 59 67 68 69 70 75
56 57 59 67 68 69 70 73
56 57 59 67 68 69 70 73 74
56 57 59 67 68 69 70 71 72
54 55
53 67
53 65 66
52 67
52 67 77
52 67 75 76
52 65
52 65 67
52 65 66
52 65 66 77
52 65 66 75 76
52 63 64
52 63 64 67
51 67
51 65 66
51 52 67
51 52 65 66
50 67 79
50 67 77 78
50 65 67
50 65 66
50 65 66 79
50 65 66 77 78
50 62 68
50 62 67
50 62 65 66
50 60 68
50 60 61 68
50 60 61 67
50 60 61 65 66
50 58 59 68
50 53 68
50 53 67
50 53 65 66
50 52 67
50 52 65 66
50 51 68
50 51 52 68
50 51 52 67
50 51 52 65 66
49 50 68
49 50 67
49 50 65 66
48 79
48 77
48 77 78
48 75 76
48 68
48 67
48 67 77
48 67 77 79
48 67 77 78
48 67 75 76
48 67 75 76 79
48 67 75 76 77 78
48 65 67 77
48 65 67 75 76
48 65 66
48 65 66 77 79
48 65 66 77 78
48 65 66 75 76 79
48 65 66 75 76 77 78
48 59 71
48 59 69 70
48 57 59 69 71
48 57 59 69 70
48 57 59 67 68 71
48 57 59 67 68 69 70
48 57 58 59 69 71
48 57 58 59 69 70
48 57 58 59 67 68 71
48 57 58 59 67 68 69 70
48 56 57 59 69 71
48 56 57 59 69 70
48 56 57 59 67 68 71
48 56 57 59 67 68 69 70
48 52
48 52 67 77
48 52 67 75 76
48 52 65 66 77
48 52 65 66 75 76
48 50
48 50 67
48 50 67 79
48 50 67 77 78
48 50 65 67
48 50 65 66 79
48 50 65 66 77 78
48 50 52 67
48 50 52 65 66
48 49
48 49 67
48 49 65 66
48 49 62 68
48 49 62 67
48 49 62 65 66
48 49 60 68
48 49 60 61 68
48 49 60 61 67
48 49 60 61 65 66
48 49 58 59 68
48 49 53 68
48 49 53 67
48 49 53 65 66
48 49 51 68
48 49 51 52 68
48 49 51 52 67
48 49 51 52 65 66
48 49 50 68
46 59 60 71
46 59 60 69 70
46 58 59 71
46 58 59 69 70
46 57 59 69 71
46 57 59 69 70
46 57 59 67 68 71
46 57 59 67 68 69 70
46 57 58 59 69 71
46 57 58 59 69 70
46 57 58 59 67 68 71
46 57 58 59 67 68 69 70
46 56 57 59 69 71
46 56 57 59 69 70
46 56 57 59 67 68 71
46 56 57 59 67 68 69 70
46 47 79
46 47 77
46 47 77 78
46 47 75 76
46 47 68
46 47 67
46 47 67 77
46 47 67 77 79
46 47 67 77 78
46 47 67 75 76
46 47 67 75 76 79
46 47 67 75 76 77 78
46 47 65 67 77
46 47 65 67 75 76
46 47 65 66
46 47 65 66 77 79
46 47 65 66 77 78
46 47 65 66 75 76 79
46 47 65 66 75 76 77 78
46 47 52
46 47 52 67 77
46 47 52 67 75 76
46 47 52 65 66 77
46 47 52 65 66 75 76
46 47 50
46 47 50 67
46 47 50 67 79
46 47 50 67 77 78
46 47 50 65 67
46 47 50 65 66 79
46 47 50 65 66 77 78
46 47 50 52 67
46 47 50 52 65 66
44 59 75
44 59 73 74
44 59 60 73
44 59 60 71 72
44 58 59 73
44 58 59 71 72
44 57 59 69
44 57 59 69 75
44 57 59 69 73
44 57 59 69 73 74
44 57 59 69 71 72
44 57 59 67 68
44 57 59 67 68 75
44 57 59 67 68 73
44 57 59 67 68 73 74
44 57 59 67 68 71 72
44 57 58 59 69
44 57 58 59 69 75
44 57 58 59 69 73
44 57 58 59 69 73 74
44 57 58 59 69 71 72
44 57 58 59 67 68
44 57 58 59 67 68 75
44 57 58 59 67 68 73
44 57 58 59 67 68 73 74
44 57 58 59 67 68 71 72
44 56 57 59 69
44 56 57 59 69 75
44 56 57 59 69 73
44 56 57 59 69 73 74
44 56 57 59 69 71 72
44 56 57 59 67 68
44 56 57 59 67 68 75
44 56 57 59 67 68 73
44 56 57 59 67 68 73 74
44 56 57 59 67 68 71 72
44 48 59
44 48 57 59 69
44 48 57 59 67 68
44 48 57 58 59 69
44 48 57 58 59 67 68
44 48 56 57 59 69
44 48 56 57 59 67 68
44 46 59 60
44 46 58 59
44 46 57 59 69
44 46 57 59 67 68
44 46 57 58 59 69
44 46 57 58 59 67 68
44 46 56 57 59 69
44 46 56 57 59 67 68
42 57 59 71
42 57 59 71 75
42 57 59 71 73
42 57 59 71 73 74
42 57 59 71 72
42 57 59 69 70
42 57 59 69 70 75
42 57 59 69 70 73
42 57 59 69 70 73 74
42 57 59 69 70 71 72
42 57 58 59 71
42 57 58 59 71 75
42 57 58 59 71 73
42 57 58 59 71 73 74
42 57 58 59 71 72
42 57 58 59 69 70
42 57 58 59 69 70 75
42 57 58 59 69 70 73
42 57 58 59 69 70 73 74
42 57 58 59 69 70 71 72
42 56 57 59 71
42 56 57 59 71 75
42 56 57 59 71 73
42 56 57 59 71 73 74
42 56 57 59 71 72
42 56 57 59 69 70
42 56 57 59 69 70 75
42 56 57 59 69 70 73
42 56 57 59 69 70 73 74
42 56 57 59 69 70 71 72
42 48 57 59 71
42 48 57 59 69 70
42 48 57 58 59 71
42 48 57 58 59 69 70
42 48 56 57 59 71
42 48 56 57 59 69 70
42 46 57 59 71
42 46 57 59 69 70
42 46 57 58 59 71
42 46 57 58 59 69 70
42 46 56 57 59 71
42 46 56 57 59 69 70
42 44 57 59
42 44 57 59 75
42 44 57 59 73
42 44 57 59 73 74
42 44 57 59 71 72
42 44 57 58 59
42 44 57 58 59 75
42 44 57 58 59 73
42 44 57 58 59 73 74
42 44 57 58 59 71 72
42 44 56 57 59
42 44 56 57 59 75
42 44 56 57 59 73
42 44 56 57 59 73 74
42 44 56 57 59 71 72
42 44 48 57 59
42 44 48 57 58 59
42 44 48 56 57 59
42 44 46 57 59
42 44 46 57 58 59
42 44 46 56 57 59
41 57 59 69 71
41 57 59 69 71 73
41 57 59 69 71 72
41 57 59 69 70
41 57 59 69 70 73
41 57 59 69 70 71 72
41 57 59 67 68 71
41 57 59 67 68 71 73
41 57 59 67 68 71 72
41 57 59 67 68 69 70
41 57 59 67 68 69 70 73
41 57 59 67 68 69 70 71 72
41 57 58 59 69 71
41 57 58 59 69 70
41 57 58 59 67 68 71
41 57 58 59 67 68 69 70
41 56 57 59 69 71
41 56 57 59 69 70
41 56 57 59 67 68 71
41 56 57 59 67 68 69 70
41 46 57 59 69 71
41 46 57 59 69 70
41 46 57 59 67 68 71
41 46 57 59 67 68 69 70
41 44 57 59 69
41 44 57 59 69 73
41 44 57 59 69 71 72
41 44 57 59 67 68
41 44 57 59 67 68 73
41 44 57 59 67 68 71 72
41 44 57 58 59 69
41 44 57 58 59 67 68
41 44 56 57 59 69
41 44 56 57 59 67 68
41 44 46 57 59 69
41 44 46 57 59 67 68
41 42 57 59 71
41 42 57 59 71 73
41 42 57 59 71 72
41 42 57 59 69 70
41 42 57 59 69 70 73
41 42 57 59 69 70 71 72
41 42 57 58 59 71
41 42 57 58 59 69 70
41 42 56 57 59 71
41 42 56 57 59 69 70
41 42 46 57 59 71
41 42 46 57 59 69 70
41 42 44 57 59
41 42 44 57 59 73
41 42 44 57 59 71 72
41 42 44 57 58 59
41 42 44 56 57 59
41 42 44 46 57 59
40 79
40 77
40 77 79
40 75 76
40 75 76 79
40 75 76 77 78
40 65 77
40 65 75 76
40 63
40 63 67
40 62
40 60
40 60 61
40 59
40 59 67
40 58 59
40 53
40 52
40 52 77
40 52 75 76
40 51
40 51 52
40 50 79
40 50 77 78
40 50 65
40 50 62
40 50 60 61
40 50 53
40 50 52
40 50 51 52
40 49 50
40 48
40 48 77
40 48 77 79
40 48 77 78
40 48 75 76
40 48 75 76 79
40 48 75 76 77 78
40 48 65 77
40 48 65 75 76
40 48 52 77
40 48 52 75 76
40 48 50
40 48 50 79
40 48 50 77 78
40 48 50 65
40 48 50 52
40 48 49
40 48 49 62
40 48 49 60 61
40 48 49 53
40 48 49 51 52
40 46 47
40 46 47 77
40 46 47 77 79
40 46 47 77 78
40 46 47 75 76
40 46 47 75 76 79
40 46 47 75 76 77 78
40 46 47 65 77
40 46 47 65 75 76
40 46 47 52 77
40 46 47 52 75 76
40 46 47 50
40 46 47 50 79
40 46 47 50 77 78
40 46 47 50 65
40 46 47 50 52
39 67
39 65 66
39 57 59 69 71 75
39 57 59 69 71 73 74
39 57 59 69 70 75
39 57 59 69 70 73 74
39 57 59 67 68 71 75
39 57 59 67 68 71 73 74
39 57 59 67 68 69 70 75
39 57 59 67 68 69 70 73 74
39 57 58 59 69 71 75
39 57 58 59 69 71 73
39 57 58 59 69 71 73 74
39 57 58 59 69 71 72
39 57 58 59 69 70 75
39 57 58 59 69 70 73
39 57 58 59 69 70 73 74
39 57 58 59 69 70 71 72
39 57 58 59 67 68 71 75
39 57 58 59 67 68 71 73
39 57 58 59 67 68 71 73 74
39 57 58 59 67 68 71 72
39 57 58 59 67 68 69 70 75
39 57 58 59 67 68 69 70 73
39 57 58 59 67 68 69 70 73 74
39 57 58 59 67 68 69 70 71 72
39 56 57 59 69 71 75
39 56 57 59 69 71 73
39 56 57 59 69 71 73 74
39 56 57 59 69 71 72
39 56 57 59 69 70 75
39 56 57 59 69 70 73
39 56 57 59 69 70 73 74
39 56 57 59 69 70 71 72
39 56 57 59 67 68 71 75
39 56 57 59 67 68 71 73
39 56 57 59 67 68 71 73 74
39 56 57 59 67 68 71 72
39 56 57 59 67 68 69 70 75
39 56 57 59 67 68 69 70 73
39 56 57 59 67 68 69 70 73 74
39 56 57 59 67 68 69 70 71 72
39 48 57 59 69 71
39 48 57 59 69 70
39 48 57 59 67 68 71
39 48 57 59 67 68 69 70
39 48 57 58 59 69 71
39 48 57 58 59 69 70
39 48 57 58 59 67 68 71
39 48 57 58 59 67 68 69 70
39 48 56 57 59 69 71
39 48 56 57 59 69 70
39 48 56 57 59 67 68 71
39 48 56 57 59 67 68 69 70
39 46 57 58 59 69 71
39 46 57 58 59 69 70
39 46 57 58 59 67 68 71
39 46 57 58 59 67 68 69 70
39 46 56 57 59 69 71
39 46 56 57 59 69 70
39 46 56 57 59 67 68 71
39 46 56 57 59 67 68 69 70
39 44 57 59 69 75
39 44 57 59 69 73 74
39 44 57 59 67 68 75
39 44 57 59 67 68 73 74
39 44 57 58 59 69 75
39 44 57 58 59 69 73
39 44 57 58 59 69 73 74
39 44 57 58 59 69 71 72
39 44 57 58 59 67 68 75
39 44 57 58 59 67 68 73
39 44 57 58 59 67 68 73 74
39 44 57 58 59 67 68 71 72
39 44 56 57 59 69 75
39 44 56 57 59 69 73
39 44 56 57 59 69 73 74
39 44 56 57 59 69 71 72
39 44 56 57 59 67 68 75
39 44 56 57 59 67 68 73
39 44 56 57 59 67 68 73 74
39 44 56 57 59 67 68 71 72
39 44 48 57 59 69
39 44 48 57 59 67 68
39 44 48 57 58 59 69
39 44 48 57 58 59 67 68
39 44 48 56 57 59 69
39 44 48 56 57 59 67 68
39 44 46 57 58 59 69
39 44 46 57 58 59 67 68
39 44 46 56 57 59 69
39 44 46 56 57 59 67 68
39 42 57 59 71 75
39 42 57 59 71 73 74
39 42 57 59 69 70 75
39 42 57 59 69 70 73 74
39 42 57 58 59 71 75
39 42 57 58 59 71 73
39 42 57 58 59 71 73 74
39 42 57 58 59 71 72
39 42 57 58 59 69 70 75
39 42 57 58 59 69 70 73
39 42 57 58 59 69 70 73 74
39 42 57 58 59 69 70 71 72
39 42 56 57 59 71 75
39 42 56 57 59 71 73
39 42 56 57 59 71 73 74
39 42 56 57 59 71 72
39 42 56 57 59 69 70 75
39 42 56 57 59 69 70 73
39 42 56 57 59 69 70 73 74
39 42 56 57 59 69 70 71 72
39 42 48 57 59 71
39 42 48 57 59 69 70
39 42 48 57 58 59 71
39 42 48 57 58 59 69 70
39 42 48 56 57 59 71
39 42 48 56 57 59 69 70
39 42 46 57 58 59 71
39 42 46 57 58 59 69 70
39 42 46 56 57 59 71
39 42 46 56 57 59 69 70
39 42 44 57 59 75
39 42 44 57 59 73 74
39 42 44 57 58 59 75
39 42 44 57 58 59 73
39 42 44 57 58 59 73 74
39 42 44 57 58 59 71 72
39 42 44 56 57 59 75
39 42 44 56 57 59 73
39 42 44 56 57 59 73 74
39 42 44 56 57 59 71 72
39 42 44 48 57 59
39 42 44 48 57 58 59
39 42 44 48 56 57 59
39 42 44 46 57 58 59
39 42 44 46 56 57 59
39 40
39 40 57 59 69 71
39 40 57 59 69 71 73
39 40 57 59 69 71 72
39 40 57 59 69 70
39 40 57 59 69 70 73
39 40 57 59 69 70 71 72
39 40 57 59 67 68 71
39 40 57 59 67 68 71 73
39 40 57 59 67 68 71 72
39 40 57 59 67 68 69 70
39 40 57 59 67 68 69 70 73
39 40 57 59 67 68 69 70 71 72
39 40 57 58 59 69 71
39 40 57 58 59 69 70
39 40 57 58 59 67 68 71
39 40 57 58 59 67 68 69 70
39 40 56 57 59 69 71
39 40 56 57 59 69 70
39 40 56 57 59 67 68 71
39 40 56 57 59 67 68 69 70
39 40 46 57 59 69 71
39 40 46 57 59 69 70
39 40 46 57 59 67 68 71
39 40 46 57 59 67 68 69 70
39 40 44 57 59 69
39 40 44 57 59 69 73
39 40 44 57 59 69 71 72
39 40 44 57 59 67 68
39 40 44 57 59 67 68 73
39 40 44 57 59 67 68 71 72
39 40 44 57 58 59 69
39 40 44 57 58 59 67 68
39 40 44 56 57 59 69
39 40 44 56 57 59 67 68
39 40 44 46 57 59 69
39 40 44 46 57 59 67 68
39 40 42 57 59 71
39 40 42 57 59 71 73
39 40 42 57 59 71 72
39 40 42 57 59 69 70
39 40 42 57 59 69 70 73
39 40 42 57 59 69 70 71 72
39 40 42 57 58 59 71
39 40 42 57 58 59 69 70
39 40 42 56 57 59 71
39 40 42 56 57 59 69 70
39 40 42 46 57 59 71
39 40 42 46 57 59 69 70
39 40 42 44 57 59
39 40 42 44 57 59 73
39 40 42 44 57 59 71 72
39 40 42 44 57 58 59
39 40 42 44 56 57 59
39 40 42 44 46 57 59
38 79
38 77 78
38 67 79
38 67 77 78
38 65
38 65 67
38 52
38 52 67
37 38 67
37 38 65 66
37 38 57 59 69 71 75
37 38 57 59 69 71 73 74
37 38 57 59 69 70 75
37 38 57 59 69 70 73 74
37 38 57 59 67 68 71 75
37 38 57 59 67 68 71 73 74
37 38 57 59 67 68 69 70 75
37 38 57 59 67 68 69 70 73 74
37 38 57 58 59 69 71 75
37 38 57 58 59 69 71 73
37 38 57 58 59 69 71 73 74
37 38 57 58 59 69 71 72
37 38 57 58 59 69 70 75
37 38 57 58 59 69 70 73
37 38 57 58 59 69 70 73 74
37 38 57 58 59 69 70 71 72
37 38 57 58 59 67 68 71 75
37 38 57 58 59 67 68 71 73
37 38 57 58 59 67 68 71 73 74
37 38 57 58 59 67 68 71 72
37 38 57 58 59 67 68 69 70 75
37 38 57 58 59 67 68 69 70 73
37 38 57 58 59 67 68 69 70 73 74
37 38 57 58 59 67 68 69 70 71 72
37 38 56 57 59 69 71 75
37 38 56 57 59 69 71 73
37 38 56 57 59 69 71 73 74
37 38 56 57 59 69 71 72
37 38 56 57 59 69 70 75
37 38 56 57 59 69 70 73
37 38 56 57 59 69 70 73 74
37 38 56 57 59 69 70 71 72
37 38 56 57 59 67 68 71 75
37 38 56 57 59 67 68 71 73
37 38 56 57 59 67 68 71 73 74
37 38 56 57 59 67 68 71 72
37 38 56 57 59 67 68 69 70 75
37 38 56 57 59 67 68 69 70 73
37 38 56 57 59 67 68 69 70 73 74
37 38 56 57 59 67 68 69 70 71 72
37 38 48 57 59 69 71
37 38 48 57 59 69 70
37 38 48 57 59 67 68 71
37 38 48 57 59 67 68 69 70
37 38 48 57 58 59 69 71
37 38 48 57 58 59 69 70
37 38 48 57 58 59 67 68 71
37 38 48 57 58 59 67 68 69 70
37 38 48 56 57 59 69 71
37 38 48 56 57 59 69 70
37 38 48 56 57 59 67 68 71
37 38 48 56 57 59 67 68 69 70
37 38 46 57 58 59 69 71
37 38 46 57 58 59 69 70
37 38 46 57 58 59 67 68 71
37 38 46 57 58 59 67 68 69 70
37 38 46 56 57 59 69 71
37 38 46 56 57 59 69 70
37 38 46 56 57 59 67 68 71
37 38 46 56 57 59 67 68 69 70
37 38 44 57 59 69 75
37 38 44 57 59 69 73 74
37 38 44 57 59 67 68 75
37 38 44 57 59 67 68 73 74
37 38 44 57 58 59 69 75
37 38 44 57 58 59 69 73
37 38 44 57 58 59 69 73 74
37 38 44 57 58 59 69 71 72
37 38 44 57 58 59 67 68 75
37 38 44 57 58 59 67 68 73
37 38 44 57 58 59 67 68 73 74
37 38 44 57 58 59 67 68 71 72
37 38 44 56 57 59 69 75
37 38 44 56 57 59 69 73
37 38 44 56 57 59 69 73 74
37 38 44 56 57 59 69 71 72
37 38 44 56 57 59 67 68 75
37 38 44 56 57 59 67 68 73
37 38 44 56 57 59 67 68 73 74
37 38 44 56 57 59 67 68 71 72
37 38 44 48 57 59 69
37 38 44 48 57 59 67 68
37 38 44 48 57 58 59 69
37 38 44 48 57 58 59 67 68
37 38 44 48 56 57 59 69
37 38 44 48 56 57 59 67 68
37 38 44 46 57 58 59 69
37 38 44 46 57 58 59 67 68
37 38 44 46 56 57 59 69
37 38 44 46 56 57 59 67 68
37 38 42 57 59 71 75
37 38 42 57 59 71 73 74
37 38 42 57 59 69 70 75
37 38 42 57 59 69 70 73 74
37 38 42 57 58 59 71 75
37 38 42 57 58 59 71 73
37 38 42 57 58 59 71 73 74
37 38 42 57 58 59 71 72
37 38 42 57 58 59 69 70 75
37 38 42 57 58 59 69 70 73
37 38 42 57 58 59 69 70 73 74
37 38 42 57 58 59 69 70 71 72
37 38 42 56 57 59 71 75
37 38 42 56 57 59 71 73
37 38 42 56 57 59 71 73 74
37 38 42 56 57 59 71 72
37 38 42 56 57 59 69 70 75
37 38 42 56 57 59 69 70 73
37 38 42 56 57 59 69 70 73 74
37 38 42 56 57 59 69 70 71 72
37 38 42 48 57 59 71
37 38 42 48 57 59 69 70
37 38 42 48 57 58 59 71
37 38 42 48 57 58 59 69 70
37 38 42 48 56 57 59 71
37 38 42 48 56 57 59 69 70
37 38 42 46 57 58 59 71
37 38 42 46 57 58 59 69 70
37 38 42 46 56 57 59 71
37 38 42 46 56 57 59 69 70
37 38 42 44 57 59 75
37 38 42 44 57 59 73 74
37 38 42 44 57 58 59 75
37 38 42 44 57 58 59 73
37 38 42 44 57 58 59 73 74
37 38 42 44 57 58 59 71 72
37 38 42 44 56 57 59 75
37 38 42 44 56 57 59 73
37 38 42 44 56 57 59 73 74
37 38 42 44 56 57 59 71 72
37 38 42 44 48 57 59
37 38 42 44 48 57 58 59
37 38 42 44 48 56 57 59
37 38 42 44 46 57 58 59
37 38 42 44 46 56 57 59
37 38 40
35
33 67
33 65 66
33 59 71 73
33 59 71 72
33 59 69 70 73
33 59 69 70 71 72
33 50
33 50 68
33 48 49
33 48 49 68
33 46 59 71
33 46 59 69 70
33 44 59 73
33 44 59 71 72
33 44 46 59
33 40
31 57 59 69 71
31 57 59 69 71 75
31 57 59 69 71 73
31 57 59 69 71 73 74
31 57 59 69 71 72
31 57 59 69 70
31 57 59 69 70 75
31 57 59 69 70 73
31 57 59 69 70 73 74
31 57 59 69 70 71 72
31 57 59 67 68 71
31 57 59 67 68 71 75
31 57 59 67 68 71 73
31 57 59 67 68 71 73 74
31 57 59 67 68 71 72
31 57 59 67 68 69 70
31 57 59 67 68 69 70 75
31 57 59 67 68 69 70 73
31 57 59 67 68 69 70 73 74
31 57 59 67 68 69 70 71 72
31 48 57 59 69 71
31 48 57 59 69 70
31 48 57 59 67 68 71
31 48 57 59 67 68 69 70
31 46 57 59 69 71
31 46 57 59 69 70
31 46 57 59 67 68 71
31 46 57 59 67 68 69 70
31 44 57 59 69
31 44 57 59 69 75
31 44 57 59 69 73
31 44 57 59 69 73 74
31 44 57 59 69 71 72
31 44 57 59 67 68
31 44 57 59 67 68 75
31 44 57 59 67 68 73
31 44 57 59 67 68 73 74
31 44 57 59 67 68 71 72
31 44 48 57 59 69
31 44 48 57 59 67 68
31 44 46 57 59 69
31 44 46 57 59 67 68
31 42 57 59 71
31 42 57 59 71 75
31 42 57 59 71 73
31 42 57 59 71 73 74
31 42 57 59 71 72
31 42 57 59 69 70
31 42 57 59 69 70 75
31 42 57 59 69 70 73
31 42 57 59 69 70 73 74
31 42 57 59 69 70 71 72
31 42 48 57 59 71
31 42 48 57 59 69 70
31 42 46 57 59 71
31 42 46 57 59 69 70
31 42 44 57 59
31 42 44 57 59 75
31 42 44 57 59 73
31 42 44 57 59 73 74
31 42 44 57 59 71 72
31 42 44 48 57 59
31 42 44 46 57 59
31 41 57 59 69 71
31 41 57 59 69 70
31 41 57 59 67 68 71
31 41 57 59 67 68 69 70
31 41 44 57 59 69
31 41 44 57 59 67 68
31 41 42 57 59 71
31 41 42 57 59 69 70
31 41 42 44 57 59
31 39 57 59 69 71 75
31 39 57 59 69 71 73
31 39 57 59 69 71 73 74
31 39 57 59 69 71 72
31 39 57 59 69 70 75
31 39 57 59 69 70 73
31 39 57 59 69 70 73 74
31 39 57 59 69 70 71 72
31 39 57 59 67 68 71 75
31 39 57 59 67 68 71 73
31 39 57 59 67 68 71 73 74
31 39 57 59 67 68 71 72
31 39 57 59 67 68 69 70 75
31 39 57 59 67 68 69 70 73
31 39 57 59 67 68 69 70 73 74
31 39 57 59 67 68 69 70 71 72
31 39 48 57 59 69 71
31 39 48 57 59 69 70
31 39 48 57 59 67 68 71
31 39 48 57 59 67 68 69 70
31 39 46 57 59 69 71
31 39 46 57 59 69 70
31 39 46 57 59 67 68 71
31 39 46 57 59 67 68 69 70
31 39 44 57 59 69 75
31 39 44 57 59 69 73
31 39 44 57 59 69 73 74
31 39 44 57 59 69 71 72
31 39 44 57 59 67 68 75
31 39 44 57 59 67 68 73
31 39 44 57 59 67 68 73 74
31 39 44 57 59 67 68 71 72
31 39 44 48 57 59 69
31 39 44 48 57 59 67 68
31 39 44 46 57 59 69
31 39 44 46 57 59 67 68
31 39 42 57 59 71 75
31 39 42 57 59 71 73
31 39 42 57 59 71 73 74
31 39 42 57 59 71 72
31 39 42 57 59 69 70 75
31 39 42 57 59 69 70 73
31 39 42 57 59 69 70 73 74
31 39 42 57 59 69 70 71 72
31 39 42 48 57 59 71
31 39 42 48 57 59 69 70
31 39 42 46 57 59 71
31 39 42 46 57 59 69 70
31 39 42 44 57 59 75
31 39 42 44 57 59 73
31 39 42 44 57 59 73 74
31 39 42 44 57 59 71 72
31 39 42 44 48 57 59
31 39 42 44 46 57 59
31 39 40 57 59 69 71
31 39 40 57 59 69 70
31 39 40 57 59 67 68 71
31 39 40 57 59 67 68 69 70
31 39 40 44 57 59 69
31 39 40 44 57 59 67 68
31 39 40 42 57 59 71
31 39 40 42 57 59 69 70
31 39 40 42 44 57 59
31 37 38 57 59 69 71 75
31 37 38 57 59 69 71 73
31 37 38 57 59 69 71 73 74
31 37 38 57 59 69 71 72
31 37 38 57 59 69 70 75
31 37 38 57 59 69 70 73
31 37 38 57 59 69 70 73 74
31 37 38 57 59 69 70 71 72
31 37 38 57 59 67 68 71 75
31 37 38 57 59 67 68 71 73
31 37 38 57 59 67 68 71 73 74
31 37 38 57 59 67 68 71 72
31 37 38 57 59 67 68 69 70 75
31 37 38 57 59 67 68 69 70 73
31 37 38 57 59 67 68 69 70 73 74
31 37 38 57 59 67 68 69 70 71 72
31 37 38 48 57 59 69 71
31 37 38 48 57 59 69 70
31 37 38 48 57 59 67 68 71
31 37 38 48 57 59 67 68 69 70
31 37 38 46 57 59 69 71
31 37 38 46 57 59 69 70
31 37 38 46 57 59 67 68 71
31 37 38 46 57 59 67 68 69 70
31 37 38 44 57 59 69 75
31 37 38 44 57 59 69 73
31 37 38 44 57 59 69 73 74
31 37 38 44 57 59 69 71 72
31 37 38 44 57 59 67 68 75
31 37 38 44 57 59 67 68 73
31 37 38 44 57 59 67 68 73 74
31 37 38 44 57 59 67 68 71 72
31 37 38 44 48 57 59 69
31 37 38 44 48 57 59 67 68
31 37 38 44 46 57 59 69
31 37 38 44 46 57 59 67 68
31 37 38 42 57 59 71 75
31 37 38 42 57 59 71 73
31 37 38 42 57 59 71 73 74
31 37 38 42 57 59 71 72
31 37 38 42 57 59 69 70 75
31 37 38 42 57 59 69 70 73
31 37 38 42 57 59 69 70 73 74
31 37 38 42 57 59 69 70 71 72
31 37 38 42 48 57 59 71
31 37 38 42 48 57 59 69 70
31 37 38 42 46 57 59 71
31 37 38 42 46 57 59 69 70
31 37 38 42 44 57 59 75
31 37 38 42 44 57 59 73
31 37 38 42 44 57 59 73 74
31 37 38 42 44 57 59 71 72
31 37 38 42 44 48 57 59
31 37 38 42 44 46 57 59
29
26 67
26 65 66
26 50 68
26 50 67
26 50 65 66
26 48 49 68
26 48 49 67
26 48 49 65 66
26 40
26 40 50
26 40 48 49
24 67
24 65 66
24 50 68
24 48 49 68
24 40
23
23 79
23 77
23 77 78
23 75 76
23 67
23 65
23 65 66
23 65 66 67
23 63
23 63 67
23 63 65 66
23 63 65 66 67
23 62 68
23 62 67
23 62 65 66
23 60 61 68
23 60 61 67
23 60 61 65 66
23 53 68
23 53 67
23 53 65 66
23 52
23 51 52 68
23 51 52 67
23 51 52 65 66
23 50
23 50 67
23 50 65 66
23 50 60 68
23 50 58 59 68
23 50 51 68
23 49 50 68
23 48 77
23 48 75 76
23 48 67
23 48 65
23 48 65 66
23 48 64
23 48 63
23 48 63 64
23 48 60 68
23 48 58 59 68
23 48 51 68
23 48 50
23 48 49 67
23 48 49 65 66
23 48 49 60 68
23 48 49 58 59 68
23 48 49 51 68
23 46 47 77
23 46 47 75 76
23 46 47 67
23 46 47 65
23 46 47 65 66
23 46 47 64
23 46 47 63
23 46 47 63 64
23 46 47 60 68
23 46 47 58 59 68
23 46 47 51 68
23 46 47 50
23 46 47 49 50 68
23 40
23 40 67
23 40 63
23 40 63 67
23 40 62
23 40 60 61
23 40 53
23 40 51 52
23 40 50
23 40 48
23 40 48 49
23 40 46 47
23 33
23 33 50 68
23 33 48 68
23 33 48 49 68
23 33 46 47 68
23 26 68
23 26 67
23 26 65 66
23 26 40
23 24 50 68
23 24 48 68
23 24 48 49 68
23 24 46 47 68
21 79
21 77
21 77 78
21 75 76
21 68
21 67
21 67 77
21 67 77 79
21 67 77 78
21 67 75 76
21 67 75 76 79
21 67 75 76 77 78
21 65 67 77
21 65 67 75 76
21 65 66
21 65 66 77 79
21 65 66 77 78
21 65 66 75 76 79
21 65 66 75 76 77 78
21 52
21 52 67 77
21 52 67 75 76
21 52 65 66 77
21 52 65 66 75 76
21 50
21 50 67
21 50 67 79
21 50 67 77 78
21 50 65 67
21 50 65 66 79
21 50 65 66 77 78
21 50 52 67
21 50 52 65 66
21 40
21 40 77
21 40 77 79
21 40 77 78
21 40 75 76
21 40 75 76 79
21 40 75 76 77 78
21 40 65 77
21 40 65 75 76
21 40 52 77
21 40 52 75 76
21 40 50
21 40 50 79
21 40 50 77 78
21 40 50 65
21 40 50 52
21 23 77
21 23 75 76
21 23 67
21 23 65
21 23 65 66
21 23 64
21 23 63
21 23 63 64
21 23 60 68
21 23 58 59 68
21 23 51 68
21 23 50
21 23 49 50 68
21 23 40
21 23 33 68
21 23 24 68
14 57 59 69 71
14 57 59 69 71 73
14 57 59 69 71 72
14 57 59 69 70
14 57 59 69 70 73
14 57 59 69 70 71 72
14 57 59 67 68 71
14 57 59 67 68 71 73
14 57 59 67 68 71 72
14 57 59 67 68 69 70
14 57 59 67 68 69 70 73
14 57 59 67 68 69 70 71 72
14 57 58 59 69 71
14 57 58 59 69 70
14 57 58 59 67 68 71
14 57 58 59 67 68 69 70
14 56 57 59 69 71
14 56 57 59 69 70
14 56 57 59 67 68 71
14 56 57 59 67 68 69 70
14 46 57 59 69 71
14 46 57 59 69 70
14 46 57 59 67 68 71
14 46 57 59 67 68 69 70
14 44 57 59 69
14 44 57 59 69 73
14 44 57 59 69 71 72
14 44 57 59 67 68
14 44 57 59 67 68 73
14 44 57 59 67 68 71 72
14 44 57 58 59 69
14 44 57 58 59 67 68
14 44 56 57 59 69
14 44 56 57 59 67 68
14 44 46 57 59 69
14 44 46 57 59 67 68
14 42 57 59 71
14 42 57 59 71 73
14 42 57 59 71 72
14 42 57 59 69 70
14 42 57 59 69 70 73
14 42 57 59 69 70 71 72
14 42 57 58 59 71
14 42 57 58 59 69 70
14 42 56 57 59 71
14 42 56 57 59 69 70
14 42 46 57 59 71
14 42 46 57 59 69 70
14 42 44 57 59
14 42 44 57 59 73
14 42 44 57 59 71 72
14 42 44 57 58 59
14 42 44 56 57 59
14 42 44 46 57 59
14 31 57 59 69 71
14 31 57 59 69 70
14 31 57 59 67 68 71
14 31 57 59 67 68 69 70
14 31 44 57 59 69
14 31 44 57 59 67 68
14 31 42 57 59 71
14 31 42 57 59 69 70
14 31 42 44 57 59
12 67
12 65 66
12 57 59 69 71 75
12 57 59 69 71 73 74
12 57 59 69 70 75
12 57 59 69 70 73 74
12 57 59 67 68 71 75
12 57 59 67 68 71 73 74
12 57 59 67 68 69 70 75
12 57 59 67 68 69 70 73 74
12 57 58 59 69 71 75
12 57 58 59 69 71 73
12 57 58 59 69 71 73 74
12 57 58 59 69 71 72
12 57 58 59 69 70 75
12 57 58 59 69 70 73
12 57 58 59 69 70 73 74
12 57 58 59 69 70 71 72
12 57 58 59 67 68 71 75
12 57 58 59 67 68 71 73
12 57 58 59 67 68 71 73 74
12 57 58 59 67 68 71 72
12 57 58 59 67 68 69 70 75
12 57 58 59 67 68 69 70 73
12 57 58 59 67 68 69 70 73 74
12 57 58 59 67 68 69 70 71 72
12 56 57 59 69 71 75
12 56 57 59 69 71 73
12 56 57 59 69 71 73 74
12 56 57 59 69 71 72
12 56 57 59 69 70 75
12 56 57 59 69 70 73
12 56 57 59 69 70 73 74
12 56 57 59 69 70 71 72
12 56 57 59 67 68 71 75
12 56 57 59 67 68 71 73
12 56 57 59 67 68 71 73 74
12 56 57 59 67 68 71 72
12 56 57 59 67 68 69 70 75
12 56 57 59 67 68 69 70 73
12 56 57 59 67 68 69 70 73 74
12 56 57 59 67 68 69 70 71 72
12 48 57 59 69 71
12 48 57 59 69 70
12 48 57 59 67 68 71
12 48 57 59 67 68 69 70
12 48 57 58 59 69 71
12 48 57 58 59 69 70
12 48 57 58 59 67 68 71
12 48 57 58 59 67 68 69 70
12 48 56 57 59 69 71
12 48 56 57 59 69 70
12 48 56 57 59 67 68 71
12 48 56 57 59 67 68 69 70
12 46 57 58 59 69 71
12 46 57 58 59 69 70
12 46 57 58 59 67 68 71
12 46 57 58 59 67 68 69 70
12 46 56 57 59 69 71
12 46 56 57 59 69 70
12 46 56 57 59 67 68 71
12 46 56 57 59 67 68 69 70
12 44 57 59 69 75
12 44 57 59 69 73 74
12 44 57 59 67 68 75
12 44 57 59 67 68 73 74
12 44 57 58 59 69 75
12 44 57 58 59 69 73
12 44 57 58 59 69 73 74
12 44 57 58 59 69 71 72
12 44 57 58 59 67 68 75
12 44 57 58 59 67 68 73
12 44 57 58 59 67 68 73 74
12 44 57 58 59 67 68 71 72
12 44 56 57 59 69 75
12 44 56 57 59 69 73
12 44 56 57 59 69 73 74
12 44 56 57 59 69 71 72
12 44 56 57 59 67 68 75
12 44 56 57 59 67 68 73
12 44 56 57 59 67 68 73 74
12 44 56 57 59 67 68 71 72
12 44 48 57 59 69
12 44 48 57 59 67 68
12 44 48 57 58 59 69
12 44 48 57 58 59 67 68
12 44 48 56 57 59 69
12 44 48 56 57 59 67 68
12 44 46 57 58 59 69
12 44 46 57 58 59 67 68
12 44 46 56 57 59 69
12 44 46 56 57 59 67 68
12 42 57 59 71 75
12 42 57 59 71 73 74
12 42 57 59 69 70 75
12 42 57 59 69 70 73 74
12 42 57 58 59 71 75
12 42 57 58 59 71 73
12 42 57 58 59 71 73 74
12 42 57 58 59 71 72
12 42 57 58 59 69 70 75
12 42 57 58 59 69 70 73
12 42 57 58 59 69 70 73 74
12 42 57 58 59 69 70 71 72
12 42 56 57 59 71 75
12 42 56 57 59 71 73
12 42 56 57 59 71 73 74
12 42 56 57 59 71 72
12 42 56 57 59 69 70 75
12 42 56 57 59 69 70 73
12 42 56 57 59 69 70 73 74
12 42 56 57 59 69 70 71 72
12 42 48 57 59 71
12 42 48 57 59 69 70
12 42 48 57 58 59 71
12 42 48 57 58 59 69 70
12 42 48 56 57 59 71
12 42 48 56 57 59 69 70
12 42 46 57 58 59 71
12 42 46 57 58 59 69 70
12 42 46 56 57 59 71
12 42 46 56 57 59 69 70
12 42 44 57 59 75
12 42 44 57 59 73 74
12 42 44 57 58 59 75
12 42 44 57 58 59 73
12 42 44 57 58 59 73 74
12 42 44 57 58 59 71 72
12 42 44 56 57 59 75
12 42 44 56 57 59 73
12 42 44 56 57 59 73 74
12 42 44 56 57 59 71 72
12 42 44 48 57 59
12 42 44 48 57 58 59
12 42 44 48 56 57 59
12 42 44 46 57 58 59
12 42 44 46 56 57 59
12 40
12 31 57 59 69 71 75
12 31 57 59 69 71 73
12 31 57 59 69 71 73 74
12 31 57 59 69 71 72
12 31 57 59 69 70 75
12 31 57 59 69 70 73
12 31 57 59 69 70 73 74
12 31 57 59 69 70 71 72
12 31 57 59 67 68 71 75
12 31 57 59 67 68 71 73
12 31 57 59 67 68 71 73 74
12 31 57 59 67 68 71 72
12 31 57 59 67 68 69 70 75
12 31 57 59 67 68 69 70 73
12 31 57 59 67 68 69 70 73 74
12 31 57 59 67 68 69 70 71 72
12 31 48 57 59 69 71
12 31 48 57 59 69 70
12 31 48 57 59 67 68 71
12 31 48 57 59 67 68 69 70
12 31 46 57 59 69 71
12 31 46 57 59 69 70
12 31 46 57 59 67 68 71
12 31 46 57 59 67 68 69 70
12 31 44 57 59 69 75
12 31 44 57 59 69 73
12 31 44 57 59 69 73 74
12 31 44 57 59 69 71 72
12 31 44 57 59 67 68 75
12 31 44 57 59 67 68 73
12 31 44 57 59 67 68 73 74
12 31 44 57 59 67 68 71 72
12 31 44 48 57 59 69
12 31 44 48 57 59 67 68
12 31 44 46 57 59 69
12 31 44 46 57 59 67 68
12 31 42 57 59 71 75
12 31 42 57 59 71 73
12 31 42 57 59 71 73 74
12 31 42 57 59 71 72
12 31 42 57 59 69 70 75
12 31 42 57 59 69 70 73
12 31 42 57 59 69 70 73 74
12 31 42 57 59 69 70 71 72
12 31 42 48 57 59 71
12 31 42 48 57 59 69 70
12 31 42 46 57 59 71
12 31 42 46 57 59 69 70
12 31 42 44 57 59 75
12 31 42 44 57 59 73
12 31 42 44 57 59 73 74
12 31 42 44 57 59 71 72
12 31 42 44 48 57 59
12 31 42 44 46 57 59
5
