77
75 76
67 79
67 77
67 77 79
67 75 76
67 75 76 79
67 75 76 77 78
65
65 67
65 67 77
65 67 75 76
65 66 79
65 66 77 79
65 66 75 76 79
65 66 75 76 77 78
64
63
63 65 66
63 65 66 67
63 64 67
62 67
62 65 66
60 67
60 65 66
60 61 67
60 61 65 66
59 77
59 75 76
59 71 75
59 71 73 74
59 69 70 75
59 69 70 73 74
59 67 77
59 67 77 79
59 67 77 78
59 67 75 76
59 67 75 76 79
59 67 75 76 77 78
59 65 67 77
59 65 67 75 76
59 65 66
59 65 66 77 79
59 65 66 77 78
59 65 66 75 76 79
59 65 66 75 76 77 78
59 60 71 73
59 60 71 72
59 60 69 70 73
59 60 69 70 71 72
58 59 71 73
58 59 71 72
58 59 69 70 73
58 59 69 70 71 72
58 59 67
58 59 65 66
57 71 75
57 71 73 75
57 71 72 75
57 71 72 73 74
57 69 71 73
57 69 71 72
57 69 70 75
57 69 70 73
57 69 70 73 75
57 69 70 71 72
57 69 70 71 72 75
57 69 70 71 72 73 74
57 67 68 71 73
57 67 68 71 72
57 67 68 69 70 73
57 67 68 69 70 71 72
57 65 69
57 65 67 68
57 59 71
57 59 71 75
57 59 71 73 75
57 59 71 72 75
57 59 71 72 73 74
57 59 69 71
57 59 69 70 75
57 59 69 70 73 75
57 59 69 70 71 72 75
57 59 69 70 71 72 73 74
57 59 67 68 71
57 59 67 68 69 70
57 59 60 71 75
57 59 60 71 73 75
57 59 60 71 72 75
57 59 60 71 72 73 74
57 59 60 69 70 75
57 59 60 69 70 73 75
57 59 60 69 70 71 72 75
57 59 60 69 70 71 72 73 74
57 58 59 71 75
57 58 59 71 73 75
57 58 59 71 72 75
57 58 59 71 72 73 74
57 58 59 69 70 75
57 58 59 69 70 73 75
57 58 59 69 70 71 72 75
57 58 59 69 70 71 72 73 74
56
55 59 71 75
55 59 71 73 74
55 59 69 71
55 59 69 70
55 59 69 70 75
55 59 69 70 73 74
55 59 67 68 71
55 59 67 68 69 70
55 57 71 75
55 57 71 73 75
55 57 71 72 75
55 57 71 72 73 74
55 57 69 70 75
55 57 69 70 73 75
55 57 69 70 71 72 75
55 57 69 70 71 72 73 74
54 55
53 67
53 65 66
52 67
52 67 77
52 67 75 76
52 65 66
52 65 66 77
52 65 66 75 76
52 59 67 77
52 59 67 75 76
52 59 65 66 77
52 59 65 66 75 76
51 67
51 65 66
51 52 67
51 52 65 66
50 67
50 67 79
50 67 77 78
50 65 67
50 65 66 79
50 65 66 77 78
50 62 68
50 62 67
50 62 65 66
50 60 68
50 60 61 68
50 60 61 67
50 60 61 65 66
50 59
50 59 67 79
50 59 67 77
50 59 67 77 78
50 59 67 75 76
50 59 65 67
50 59 65 66
50 59 65 66 79
50 59 65 66 77
50 59 65 66 77 78
50 59 65 66 75 76
50 58 59 68
50 57 69
50 57 67
50 57 67 77
50 57 67 75 76
50 57 67 68
50 57 65 67
50 57 65 66 77
50 57 65 66 75 76
50 57 63 64 67
50 57 63 64 65 66
50 53 68
50 53 67
50 53 65 66
50 52 67
50 52 65 66
50 52 59 67
50 52 59 65 66
50 51 68
50 51 52 68
50 51 52 67
50 51 52 65 66
49 50 68
49 50 67
49 50 65 66
48
48 79
48 77
48 77 78
48 75 76
48 68
48 67 77
48 67 77 79
48 67 77 78
48 67 75 76
48 67 75 76 79
48 67 75 76 77 78
48 65 67 77
48 65 67 75 76
48 65 66 77 79
48 65 66 77 78
48 65 66 75 76 79
48 65 66 75 76 77 78
48 59 71
48 59 69 70
48 57 71
48 57 71 73
48 57 71 72
48 57 69 70
48 57 69 70 73
48 57 69 70 71 72
48 57 59 71
48 57 59 71 73
48 57 59 71 72
48 57 59 69 70
48 57 59 69 70 73
48 57 59 69 70 71 72
48 57 59 60 71
48 57 59 60 71 73
48 57 59 60 71 72
48 57 59 60 69 70
48 57 59 60 69 70 73
48 57 59 60 69 70 71 72
48 57 58 59 71
48 57 58 59 71 73
48 57 58 59 71 72
48 57 58 59 69 70
48 57 58 59 69 70 73
48 57 58 59 69 70 71 72
48 55 59 71
48 55 59 69 70
48 55 57 71
48 55 57 71 73
48 55 57 71 72
48 55 57 69 70
48 55 57 69 70 73
48 55 57 69 70 71 72
48 52
48 52 67 77
48 52 67 75 76
48 52 65 66 77
48 52 65 66 75 76
48 50
48 50 67
48 50 67 79
48 50 67 77 78
48 50 65 67
48 50 65 66 79
48 50 65 66 77 78
48 50 52 67
48 50 52 65 66
48 49
48 49 62 68
48 49 62 67
48 49 62 65 66
48 49 60 68
48 49 60 61 68
48 49 60 61 67
48 49 60 61 65 66
48 49 59 67 77
48 49 59 67 75 76
48 49 59 65 66 77
48 49 59 65 66 75 76
48 49 58 59 68
48 49 57 69
48 49 57 67 77
48 49 57 67 75 76
48 49 57 67 68
48 49 57 65 67
48 49 57 65 66
48 49 57 65 66 77
48 49 57 65 66 75 76
48 49 57 63 64 67
48 49 57 63 64 65 66
48 49 53 68
48 49 53 67
48 49 53 65 66
48 49 51 68
48 49 51 52 68
48 49 51 52 67
48 49 51 52 65 66
48 49 50 68
48 49 50 59 67
48 49 50 59 65 66
48 49 50 57 67
48 49 50 57 65 66
47 57 59 71 75
47 57 59 71 73 74
47 57 59 69 70 75
47 57 59 69 70 73 74
47 48 57 59 71
47 48 57 59 69 70
46 59 60 71
46 59 60 69 70
46 58 59 71
46 58 59 69 70
46 57 71 75
46 57 71 73 74
46 57 69 71
46 57 69 70
46 57 69 70 75
46 57 69 70 73 74
46 57 67 68 71
46 57 67 68 69 70
46 57 59 71 75
46 57 59 71 73 74
46 57 59 69 70 75
46 57 59 69 70 73 74
46 55 57 71 75
46 55 57 71 73 74
46 55 57 69 70 75
46 55 57 69 70 73 74
46 48 57 71
46 48 57 69 70
46 48 57 59 71
46 48 57 59 69 70
46 48 55 57 71
46 48 55 57 69 70
46 47
46 47 79
46 47 77
46 47 77 78
46 47 75 76
46 47 68
46 47 67 77
46 47 67 77 79
46 47 67 77 78
46 47 67 75 76
46 47 67 75 76 79
46 47 67 75 76 77 78
46 47 65 67 77
46 47 65 67 75 76
46 47 65 66 77 79
46 47 65 66 77 78
46 47 65 66 75 76 79
46 47 65 66 75 76 77 78
46 47 52
46 47 52 67 77
46 47 52 67 75 76
46 47 52 65 66 77
46 47 52 65 66 75 76
46 47 50
46 47 50 67
46 47 50 67 79
46 47 50 67 77 78
46 47 50 65 67
46 47 50 65 66 79
46 47 50 65 66 77 78
46 47 50 52 67
46 47 50 52 65 66
45 55 59 71 73 75
45 55 59 71 73 74
45 55 59 71 72 75
45 55 59 71 72 73 74
45 55 59 69 70 73 75
45 55 59 69 70 73 74
45 55 59 69 70 71 72 75
45 55 59 69 70 71 72 73 74
45 48 55 59 71 73
45 48 55 59 71 72
45 48 55 59 69 70 73
45 48 55 59 69 70 71 72
45 46 57 59 71 75
45 46 57 59 71 73 74
45 46 57 59 69 70 75
45 46 57 59 69 70 73 74
45 46 55 59 71 75
45 46 55 59 71 73 74
45 46 55 59 69 70 75
45 46 55 59 69 70 73 74
45 46 48 57 59 71
45 46 48 57 59 69 70
45 46 48 55 59 71
45 46 48 55 59 69 70
44 59 75
44 59 73 74
44 59 60 73
44 59 60 71 72
44 58 59 73
44 58 59 71 72
44 57 75
44 57 73 75
44 57 71 72 75
44 57 71 72 73 74
44 57 69 73
44 57 69 71 72
44 57 67 68 73
44 57 67 68 71 72
44 57 59
44 57 59 75
44 57 59 73 75
44 57 59 71 72 75
44 57 59 71 72 73 74
44 57 59 69
44 57 59 67 68
44 57 59 60 75
44 57 59 60 73 75
44 57 59 60 71 72 75
44 57 59 60 71 72 73 74
44 57 58 59 75
44 57 58 59 73 75
44 57 58 59 71 72 75
44 57 58 59 71 72 73 74
44 55 59 75
44 55 59 73 74
44 55 59 69
44 55 59 67 68
44 55 57 75
44 55 57 73 75
44 55 57 71 72 75
44 55 57 71 72 73 74
44 48 59
44 48 57
44 48 57 73
44 48 57 71 72
44 48 57 59
44 48 57 59 73
44 48 57 59 71 72
44 48 57 59 60
44 48 57 59 60 73
44 48 57 59 60 71 72
44 48 57 58 59
44 48 57 58 59 73
44 48 57 58 59 71 72
44 48 55 59
44 48 55 57
44 48 55 57 73
44 48 55 57 71 72
44 47 57 59 75
44 47 57 59 73 74
44 47 48 57 59
44 46 59 60
44 46 58 59
44 46 57 75
44 46 57 73 74
44 46 57 69
44 46 57 67 68
44 46 57 59 75
44 46 57 59 73 74
44 46 55 57 75
44 46 55 57 73 74
44 46 48 57
44 46 48 57 59
44 46 48 55 57
44 45 57 59 60 75
44 45 57 59 60 73 74
44 45 57 59 60 71 75
44 45 57 59 60 71 73 74
44 45 57 59 60 69 70 75
44 45 57 59 60 69 70 73 74
44 45 57 58 59 75
44 45 57 58 59 73 74
44 45 57 58 59 71 75
44 45 57 58 59 71 73 74
44 45 57 58 59 69 70 75
44 45 57 58 59 69 70 73 74
44 45 55 59 73 75
44 45 55 59 73 74
44 45 55 59 71 72 75
44 45 55 59 71 72 73 74
44 45 48 57 59 60
44 45 48 57 59 60 71
44 45 48 57 59 60 69 70
44 45 48 57 58 59
44 45 48 57 58 59 71
44 45 48 57 58 59 69 70
44 45 48 55 59 73
44 45 48 55 59 71 72
44 45 46 57 59 75
44 45 46 57 59 73 74
44 45 46 55 59 75
44 45 46 55 59 73 74
44 45 46 48 57 59
44 45 46 48 55 59
43 44 55 59 73 75
43 44 55 59 73 74
43 44 55 59 71 73 75
43 44 55 59 71 73 74
43 44 55 59 69 70 73 75
43 44 55 59 69 70 73 74
43 44 55 59 69 70 71 72 75
43 44 55 59 69 70 71 72 73 74
43 44 48 55 59 73
43 44 48 55 59 71 73
43 44 48 55 59 69 70 73
43 44 48 55 59 69 70 71 72
43 44 46 55 59 75
43 44 46 55 59 73 74
43 44 46 55 59 71 75
43 44 46 55 59 71 73 74
43 44 46 55 59 69 70 75
43 44 46 55 59 69 70 73 74
43 44 46 48 55 59
43 44 46 48 55 59 71
43 44 46 48 55 59 69 70
42 57 71 73
42 57 71 72
42 57 69 70 73
42 57 69 70 71 72
42 57 65
42 57 59 71
42 57 59 69 70
42 55 59 71
42 55 59 69 70
42 50 57
42 48 49 57
42 46 57 71
42 46 57 69 70
42 44 57 73
42 44 57 71 72
42 44 57 59
42 44 55 59
42 44 46 57
40 79
40 77
40 77 79
40 75 76
40 75 76 79
40 75 76 77 78
40 65 77
40 65 75 76
40 63
40 63 67
40 62
40 60
40 60 61
40 59
40 59 77
40 59 77 79
40 59 77 78
40 59 75 76
40 59 75 76 79
40 59 75 76 77 78
40 59 65 77
40 59 65 75 76
40 58 59
40 53
40 52
40 52 77
40 52 75 76
40 52 59 77
40 52 59 75 76
40 51
40 51 52
40 50
40 50 79
40 50 77 78
40 50 65
40 50 62
40 50 60 61
40 50 59 79
40 50 59 77
40 50 59 77 78
40 50 59 75 76
40 50 59 65
40 50 57
40 50 57 77
40 50 57 75 76
40 50 57 65
40 50 57 63 64
40 50 53
40 50 52
40 50 52 59
40 50 51 52
40 49 50
40 48 77
40 48 77 79
40 48 77 78
40 48 75 76
40 48 75 76 79
40 48 75 76 77 78
40 48 65 77
40 48 65 75 76
40 48 52 77
40 48 52 75 76
40 48 50
40 48 50 79
40 48 50 77 78
40 48 50 65
40 48 50 52
40 48 49 62
40 48 49 60 61
40 48 49 59 77
40 48 49 59 75 76
40 48 49 57 77
40 48 49 57 75 76
40 48 49 57 65
40 48 49 57 63 64
40 48 49 53
40 48 49 51 52
40 48 49 50 59
40 48 49 50 57
40 46 47 77
40 46 47 77 79
40 46 47 77 78
40 46 47 75 76
40 46 47 75 76 79
40 46 47 75 76 77 78
40 46 47 65 77
40 46 47 65 75 76
40 46 47 52 77
40 46 47 52 75 76
40 46 47 50
40 46 47 50 79
40 46 47 50 77 78
40 46 47 50 65
40 46 47 50 52
39 59 69 71 73
39 59 69 71 72
39 59 69 70 73
39 59 69 70 71 72
39 59 67 68 71 73
39 59 67 68 71 72
39 59 67 68 69 70 73
39 59 67 68 69 70 71 72
39 57 69 71 73
39 57 69 71 72
39 57 69 70 73
39 57 69 70 71 72
39 57 67 68 71 73
39 57 67 68 71 72
39 57 67 68 69 70 73
39 57 67 68 69 70 71 72
39 46 59 69 71
39 46 59 69 70
39 46 59 67 68 71
39 46 59 67 68 69 70
39 46 57 69 71
39 46 57 69 70
39 46 57 67 68 71
39 46 57 67 68 69 70
39 44 59 69 73
39 44 59 69 71 72
39 44 59 67 68 73
39 44 59 67 68 71 72
39 44 57 69 73
39 44 57 69 71 72
39 44 57 67 68 73
39 44 57 67 68 71 72
39 44 46 59 69
39 44 46 59 67 68
39 44 46 57 69
39 44 46 57 67 68
39 42 59 71 73
39 42 59 71 72
39 42 59 69 70 73
39 42 59 69 70 71 72
39 42 57 71 73
39 42 57 71 72
39 42 57 69 70 73
39 42 57 69 70 71 72
39 42 46 59 71
39 42 46 59 69 70
39 42 46 57 71
39 42 46 57 69 70
39 42 44 59 73
39 42 44 59 71 72
39 42 44 57 73
39 42 44 57 71 72
39 42 44 46 59
39 42 44 46 57
38
38 67
38 50 57 67
38 50 57 65 66
38 48 49 57 67
38 48 49 57 65 66
38 40 50 57
38 40 48 49 57
37 38 59 69 71 73
37 38 59 69 71 72
37 38 59 69 70 73
37 38 59 69 70 71 72
37 38 59 67 68 71 73
37 38 59 67 68 71 72
37 38 59 67 68 69 70 73
37 38 59 67 68 69 70 71 72
37 38 57 69 71 73
37 38 57 69 71 72
37 38 57 69 70 73
37 38 57 69 70 71 72
37 38 57 67 68 71 73
37 38 57 67 68 71 72
37 38 57 67 68 69 70 73
37 38 57 67 68 69 70 71 72
37 38 46 59 69 71
37 38 46 59 69 70
37 38 46 59 67 68 71
37 38 46 59 67 68 69 70
37 38 46 57 69 71
37 38 46 57 69 70
37 38 46 57 67 68 71
37 38 46 57 67 68 69 70
37 38 44 59 69 73
37 38 44 59 69 71 72
37 38 44 59 67 68 73
37 38 44 59 67 68 71 72
37 38 44 57 69 73
37 38 44 57 69 71 72
37 38 44 57 67 68 73
37 38 44 57 67 68 71 72
37 38 44 46 59 69
37 38 44 46 59 67 68
37 38 44 46 57 69
37 38 44 46 57 67 68
37 38 42 59 71 73
37 38 42 59 71 72
37 38 42 59 69 70 73
37 38 42 59 69 70 71 72
37 38 42 57 71 73
37 38 42 57 71 72
37 38 42 57 69 70 73
37 38 42 57 69 70 71 72
37 38 42 46 59 71
37 38 42 46 59 69 70
37 38 42 46 57 71
37 38 42 46 57 69 70
37 38 42 44 59 73
37 38 42 44 59 71 72
37 38 42 44 57 73
37 38 42 44 57 71 72
37 38 42 44 46 59
37 38 42 44 46 57
35 57 69
35 57 67 68
35 42 57
33 59 71 73
33 59 71 72
33 59 69 70 73
33 59 69 70 71 72
33 59 67
33 59 65 66
33 57 59 71 75
33 57 59 71 73 75
33 57 59 71 72 75
33 57 59 71 72 73 74
33 57 59 69 70 75
33 57 59 69 70 73 75
33 57 59 69 70 71 72 75
33 57 59 69 70 71 72 73 74
33 50
33 50 68
33 50 59 67
33 50 59 65 66
33 48 57 59 71
33 48 57 59 71 73
33 48 57 59 71 72
33 48 57 59 69 70
33 48 57 59 69 70 73
33 48 57 59 69 70 71 72
33 48 49
33 48 49 68
33 48 49 59 67
33 48 49 59 65 66
33 46 59 71
33 46 59 69 70
33 44 59 73
33 44 59 71 72
33 44 57 59 75
33 44 57 59 73 75
33 44 57 59 71 72 75
33 44 57 59 71 72 73 74
33 44 48 57 59
33 44 48 57 59 73
33 44 48 57 59 71 72
33 44 46 59
33 44 45 57 59 75
33 44 45 57 59 73 74
33 44 45 57 59 71 75
33 44 45 57 59 71 73 74
33 44 45 57 59 69 70 75
33 44 45 57 59 69 70 73 74
33 44 45 48 57 59
33 44 45 48 57 59 71
33 44 45 48 57 59 69 70
33 40 59
33 40 50 59
33 40 48 49 59
29
26 67
26 65 66
26 50 68
26 50 67
26 50 65 66
26 48 49 68
26 48 49 67
26 48 49 65 66
26 40
26 40 50
26 40 48 49
24 67
24 65 66
24 50 68
24 48 49 68
24 40
23 79
23 77 78
23 67
23 65
23 65 66
23 65 66 67
23 63
23 63 67
23 63 65 66
23 63 65 66 67
23 62 68
23 62 67
23 62 65 66
23 60 61 68
23 60 61 67
23 60 61 65 66
23 59 67 77
23 59 67 75 76
23 59 65 66 77
23 59 65 66 75 76
23 57 71 73 75
23 57 71 73 74
23 57 71 72 75
23 57 71 72 73 74
23 57 69
23 57 69 70 73 75
23 57 69 70 73 74
23 57 69 70 71 72 75
23 57 69 70 71 72 73 74
23 57 67 77
23 57 67 75 76
23 57 67 68
23 57 65 67
23 57 65 66
23 57 65 66 77
23 57 65 66 75 76
23 57 63 64 67
23 57 63 64 65 66
23 57 59 71 75
23 57 59 71 73 75
23 57 59 71 72 75
23 57 59 71 72 73 74
23 57 59 69 70 75
23 57 59 69 70 73 75
23 57 59 69 70 71 72 75
23 57 59 69 70 71 72 73 74
23 57 59 60 71 75
23 57 59 60 71 73 74
23 57 59 60 69 70 75
23 57 59 60 69 70 73 74
23 57 58 59 71 75
23 57 58 59 71 73 74
23 57 58 59 69 70 75
23 57 58 59 69 70 73 74
23 55 59 71 75
23 55 59 71 73 75
23 55 59 71 72 75
23 55 59 71 72 73 74
23 55 59 69 71
23 55 59 69 70
23 55 59 69 70 75
23 55 59 69 70 73 75
23 55 59 69 70 71 72 75
23 55 59 69 70 71 72 73 74
23 55 59 67 68 71
23 55 59 67 68 69 70
23 55 57 71 75
23 55 57 71 73 75
23 55 57 71 72 75
23 55 57 71 72 73 74
23 55 57 69 70 75
23 55 57 69 70 73 75
23 55 57 69 70 71 72 75
23 55 57 69 70 71 72 73 74
23 53 68
23 53 67
23 53 65 66
23 52
23 51 52 68
23 51 52 67
23 51 52 65 66
23 50 60 68
23 50 59 67
23 50 59 65 66
23 50 58 59 68
23 50 57 67
23 50 57 65 66
23 50 51 68
23 49 50 68
23 48 77
23 48 75 76
23 48 65
23 48 64
23 48 63
23 48 63 64
23 48 60 68
23 48 58 59 68
23 48 57 71 73
23 48 57 71 72
23 48 57 69 70 73
23 48 57 69 70 71 72
23 48 57 59 71
23 48 57 59 71 73
23 48 57 59 71 72
23 48 57 59 69 70
23 48 57 59 69 70 73
23 48 57 59 69 70 71 72
23 48 57 59 60 71
23 48 57 59 60 69 70
23 48 57 58 59 71
23 48 57 58 59 69 70
23 48 55 59 71
23 48 55 59 71 73
23 48 55 59 71 72
23 48 55 59 69 70
23 48 55 59 69 70 73
23 48 55 59 69 70 71 72
23 48 55 57 71
23 48 55 57 71 73
23 48 55 57 71 72
23 48 55 57 69 70
23 48 55 57 69 70 73
23 48 55 57 69 70 71 72
23 48 51 68
23 48 50
23 48 49 60 68
23 48 49 58 59 68
23 48 49 51 68
23 47 57 59 71 75
23 47 57 59 71 73 74
23 47 57 59 69 70 75
23 47 57 59 69 70 73 74
23 47 48 57 59 71
23 47 48 57 59 69 70
23 46 57 71 75
23 46 57 71 73 74
23 46 57 69 70 75
23 46 57 69 70 73 74
23 46 57 59 71 75
23 46 57 59 71 73 74
23 46 57 59 69 70 75
23 46 57 59 69 70 73 74
23 46 57 59 60 71 75
23 46 57 59 60 71 73 74
23 46 57 59 60 69 70 75
23 46 57 59 60 69 70 73 74
23 46 57 58 59 71 75
23 46 57 58 59 71 73 74
23 46 57 58 59 69 70 75
23 46 57 58 59 69 70 73 74
23 46 55 59 71 75
23 46 55 59 71 73 74
23 46 55 59 69 70 75
23 46 55 59 69 70 73 74
23 46 55 57 71 75
23 46 55 57 71 73 74
23 46 55 57 69 70 75
23 46 55 57 69 70 73 74
23 46 48 57 71
23 46 48 57 69 70
23 46 48 57 59 71
23 46 48 57 59 69 70
23 46 48 57 59 60 71
23 46 48 57 59 60 69 70
23 46 48 57 58 59 71
23 46 48 57 58 59 69 70
23 46 48 55 59 71
23 46 48 55 59 69 70
23 46 48 55 57 71
23 46 48 55 57 69 70
23 46 47 77
23 46 47 75 76
23 46 47 65
23 46 47 64
23 46 47 63
23 46 47 63 64
23 46 47 60 68
23 46 47 58 59 68
23 46 47 51 68
23 46 47 50
23 46 47 49 50 68
23 45 46 57 59 71 75
23 45 46 57 59 71 73 74
23 45 46 57 59 69 70 75
23 45 46 57 59 69 70 73 74
23 45 46 48 57 59 71
23 45 46 48 57 59 69 70
23 44 57 73 75
23 44 57 73 74
23 44 57 71 72 75
23 44 57 71 72 73 74
23 44 57 59 75
23 44 57 59 73 75
23 44 57 59 71 72 75
23 44 57 59 71 72 73 74
23 44 57 59 60 75
23 44 57 59 60 73 74
23 44 57 58 59 75
23 44 57 58 59 73 74
23 44 55 59 75
23 44 55 59 73 75
23 44 55 59 71 72 75
23 44 55 59 71 72 73 74
23 44 55 59 69
23 44 55 59 67 68
23 44 55 57 75
23 44 55 57 73 75
23 44 55 57 71 72 75
23 44 55 57 71 72 73 74
23 44 48 57 73
23 44 48 57 71 72
23 44 48 57 59
23 44 48 57 59 73
23 44 48 57 59 71 72
23 44 48 57 59 60
23 44 48 57 58 59
23 44 48 55 59
23 44 48 55 59 73
23 44 48 55 59 71 72
23 44 48 55 57
23 44 48 55 57 73
23 44 48 55 57 71 72
23 44 47 57 59 75
23 44 47 57 59 73 74
23 44 47 48 57 59
23 44 46 57 75
23 44 46 57 73 74
23 44 46 57 59 75
23 44 46 57 59 73 74
23 44 46 57 59 60 75
23 44 46 57 59 60 73 74
23 44 46 57 58 59 75
23 44 46 57 58 59 73 74
23 44 46 55 59 75
23 44 46 55 59 73 74
23 44 46 55 57 75
23 44 46 55 57 73 74
23 44 46 48 57
23 44 46 48 57 59
23 44 46 48 57 59 60
23 44 46 48 57 58 59
23 44 46 48 55 59
23 44 46 48 55 57
23 44 45 57 59 60 75
23 44 45 57 59 60 73 74
23 44 45 57 59 60 71 75
23 44 45 57 59 60 71 73 74
23 44 45 57 59 60 69 70 75
23 44 45 57 59 60 69 70 73 74
23 44 45 57 58 59 75
23 44 45 57 58 59 73 74
23 44 45 57 58 59 71 75
23 44 45 57 58 59 71 73 74
23 44 45 57 58 59 69 70 75
23 44 45 57 58 59 69 70 73 74
23 44 45 48 57 59 60
23 44 45 48 57 59 60 71
23 44 45 48 57 59 60 69 70
23 44 45 48 57 58 59
23 44 45 48 57 58 59 71
23 44 45 48 57 58 59 69 70
23 44 45 46 57 59 75
23 44 45 46 57 59 73 74
23 44 45 46 48 57 59
23 42 57
23 42 55 59 71
23 42 55 59 69 70
23 42 44 55 59
23 40
23 40 67
23 40 63
23 40 63 67
23 40 62
23 40 60 61
23 40 59 77
23 40 59 75 76
23 40 57 77
23 40 57 75 76
23 40 57 65
23 40 57 63 64
23 40 53
23 40 51 52
23 40 50 59
23 40 50 57
23 38 57 67
23 38 57 65 66
23 38 40 57
23 33
23 33 59 67
23 33 59 65 66
23 33 57 59 71 75
23 33 57 59 71 73 74
23 33 57 59 69 70 75
23 33 57 59 69 70 73 74
23 33 50 68
23 33 48 68
23 33 48 57 59 71
23 33 48 57 59 69 70
23 33 48 49 68
23 33 46 57 59 71 75
23 33 46 57 59 71 73 74
23 33 46 57 59 69 70 75
23 33 46 57 59 69 70 73 74
23 33 46 48 57 59 71
23 33 46 48 57 59 69 70
23 33 46 47 68
23 33 44 57 59 75
23 33 44 57 59 73 74
23 33 44 48 57 59
23 33 44 46 57 59 75
23 33 44 46 57 59 73 74
23 33 44 46 48 57 59
23 33 44 45 57 59 75
23 33 44 45 57 59 73 74
23 33 44 45 57 59 71 75
23 33 44 45 57 59 71 73 74
23 33 44 45 57 59 69 70 75
23 33 44 45 57 59 69 70 73 74
23 33 44 45 48 57 59
23 33 44 45 48 57 59 71
23 33 44 45 48 57 59 69 70
23 33 40 59
23 26 68
23 26 67
23 26 65 66
23 26 40
23 24 50 68
23 24 48 68
23 24 48 49 68
23 24 46 47 68
21
21 79
21 77
21 77 78
21 75 76
21 68
21 67 77
21 67 77 79
21 67 77 78
21 67 75 76
21 67 75 76 79
21 67 75 76 77 78
21 65 67 77
21 65 67 75 76
21 65 66 77 79
21 65 66 77 78
21 65 66 75 76 79
21 65 66 75 76 77 78
21 52
21 52 67 77
21 52 67 75 76
21 52 65 66 77
21 52 65 66 75 76
21 50
21 50 67
21 50 67 79
21 50 67 77 78
21 50 65 67
21 50 65 66 79
21 50 65 66 77 78
21 50 52 67
21 50 52 65 66
21 40 77
21 40 77 79
21 40 77 78
21 40 75 76
21 40 75 76 79
21 40 75 76 77 78
21 40 65 77
21 40 65 75 76
21 40 52 77
21 40 52 75 76
21 40 50
21 40 50 79
21 40 50 77 78
21 40 50 65
21 40 50 52
21 23 77
21 23 75 76
21 23 65
21 23 64
21 23 63
21 23 63 64
21 23 60 68
21 23 58 59 68
21 23 51 68
21 23 50
21 23 49 50 68
21 23 33 68
21 23 24 68
20 57 59 71 75
20 57 59 71 73 74
20 57 59 69 70 75
20 57 59 69 70 73 74
20 48 57 59 71
20 48 57 59 69 70
20 44 57 59 75
20 44 57 59 73 74
20 44 48 57 59
20 23 57 59 71 75
20 23 57 59 71 73 74
20 23 57 59 69 70 75
20 23 57 59 69 70 73 74
20 23 48 57 59 71
20 23 48 57 59 69 70
20 23 44 57 59 75
20 23 44 57 59 73 74
20 23 44 48 57 59
19 57 59 60 71 75
19 57 59 60 71 73 74
19 57 59 60 69 70 75
19 57 59 60 69 70 73 74
19 57 58 59 71 75
19 57 58 59 71 73 74
19 57 58 59 69 70 75
19 57 58 59 69 70 73 74
19 48 57 59 60 71
19 48 57 59 60 69 70
19 48 57 58 59 71
19 48 57 58 59 69 70
19 44 57 59 60 75
19 44 57 59 60 73 74
19 44 57 58 59 75
19 44 57 58 59 73 74
19 44 48 57 59 60
19 44 48 57 58 59
19 33 57 59 71 75
19 33 57 59 71 73 74
19 33 57 59 69 70 75
19 33 57 59 69 70 73 74
19 33 48 57 59 71
19 33 48 57 59 69 70
19 33 44 57 59 75
19 33 44 57 59 73 74
19 33 44 48 57 59
19 23 57 59 60 71 75
19 23 57 59 60 71 73 74
19 23 57 59 60 69 70 75
19 23 57 59 60 69 70 73 74
19 23 57 58 59 71 75
19 23 57 58 59 71 73 74
19 23 57 58 59 69 70 75
19 23 57 58 59 69 70 73 74
19 23 48 57 59 60 71
19 23 48 57 59 60 69 70
19 23 48 57 58 59 71
19 23 48 57 58 59 69 70
19 23 44 57 59 60 75
19 23 44 57 59 60 73 74
19 23 44 57 58 59 75
19 23 44 57 58 59 73 74
19 23 44 48 57 59 60
19 23 44 48 57 58 59
19 23 33 57 59 71 75
19 23 33 57 59 71 73 74
19 23 33 57 59 69 70 75
19 23 33 57 59 69 70 73 74
19 23 33 48 57 59 71
19 23 33 48 57 59 69 70
19 23 33 44 57 59 75
19 23 33 44 57 59 73 74
19 23 33 44 48 57 59
18 55 59 71 73 75
18 55 59 71 73 74
18 55 59 71 72 75
18 55 59 71 72 73 74
18 55 59 69 70 73 75
18 55 59 69 70 73 74
18 55 59 69 70 71 72 75
18 55 59 69 70 71 72 73 74
18 50 57 69
18 50 57 67
18 50 57 67 77
18 50 57 67 75 76
18 50 57 67 68
18 50 57 65 66
18 50 57 65 66 77
18 50 57 65 66 75 76
18 48 55 59 71 73
18 48 55 59 71 72
18 48 55 59 69 70 73
18 48 55 59 69 70 71 72
18 48 49 57 69
18 48 49 57 67 77
18 48 49 57 67 75 76
18 48 49 57 67 68
18 48 49 57 65 66 77
18 48 49 57 65 66 75 76
18 48 49 50 57 67
18 48 49 50 57 65 66
18 46 55 59 71 75
18 46 55 59 71 73 74
18 46 55 59 69 70 75
18 46 55 59 69 70 73 74
18 46 48 55 59 71
18 46 48 55 59 69 70
18 44 55 59 73 75
18 44 55 59 73 74
18 44 55 59 71 72 75
18 44 55 59 71 72 73 74
18 44 48 55 59 73
18 44 48 55 59 71 72
18 44 46 55 59 75
18 44 46 55 59 73 74
18 44 46 48 55 59
18 42 50 57
18 42 48 49 57
18 40 50 57
18 40 50 57 77
18 40 50 57 75 76
18 40 48 49 57 77
18 40 48 49 57 75 76
18 40 48 49 50 57
18 23 57 69
18 23 57 67 77
18 23 57 67 75 76
18 23 57 67 68
18 23 57 65 66 77
18 23 57 65 66 75 76
18 23 50 57 67
18 23 50 57 65 66
18 23 42 57
18 23 40 57 77
18 23 40 57 75 76
18 23 40 50 57
12 59 69 71 73
12 59 69 71 72
12 59 69 70 73
12 59 69 70 71 72
12 59 67 68 71 73
12 59 67 68 71 72
12 59 67 68 69 70 73
12 59 67 68 69 70 71 72
12 57 69 71 73
12 57 69 71 72
12 57 69 70 73
12 57 69 70 71 72
12 57 67 68 71 73
12 57 67 68 71 72
12 57 67 68 69 70 73
12 57 67 68 69 70 71 72
12 46 59 69 71
12 46 59 69 70
12 46 59 67 68 71
12 46 59 67 68 69 70
12 46 57 69 71
12 46 57 69 70
12 46 57 67 68 71
12 46 57 67 68 69 70
12 44 59 69 73
12 44 59 69 71 72
12 44 59 67 68 73
12 44 59 67 68 71 72
12 44 57 69 73
12 44 57 69 71 72
12 44 57 67 68 73
12 44 57 67 68 71 72
12 44 46 59 69
12 44 46 59 67 68
12 44 46 57 69
12 44 46 57 67 68
12 42 59 71 73
12 42 59 71 72
12 42 59 69 70 73
12 42 59 69 70 71 72
12 42 57 71 73
12 42 57 71 72
12 42 57 69 70 73
12 42 57 69 70 71 72
12 42 46 59 71
12 42 46 59 69 70
12 42 46 57 71
12 42 46 57 69 70
12 42 44 59 73
12 42 44 59 71 72
12 42 44 57 73
12 42 44 57 71 72
12 42 44 46 59
12 42 44 46 57
5
