
67 79 
67 78 79 
67 77 78 
65 67 79 
65 67 77 78 
65 66 
65 66 78 79 
64 65 67 
64 65 67 79 
64 65 67 77 78 
64 65 66 
64 65 66 79 
64 65 66 77 78 
63 
63 67 
63 64 67 
63 64 65 66 
59 69 
59 67 79 
59 67 77 78 
59 67 68 
59 65 67 
59 65 66 
59 65 66 79 
59 65 66 77 78 
57 67 79 
57 67 78 79 
57 67 77 78 
57 65 67 
57 65 67 79 
57 65 67 77 78 
57 65 66 
57 65 66 78 79 
57 64 65 67 79 
57 64 65 67 77 78 
57 64 65 66 79 
57 64 65 66 77 78 
57 63 64 67 
57 63 64 65 66 
54 67 
54 65 66 
53 
53 67 
53 65 66 
53 57 67 
53 57 65 66 
52 67 79 
52 67 77 78 
52 65 67 
52 65 66 
52 65 66 79 
52 65 66 77 78 
52 64 65 67 
52 64 65 66 
52 59 67 
52 59 65 66 
52 57 67 79 
52 57 67 77 78 
52 57 65 67 
52 57 65 66 
52 57 65 66 79 
52 57 65 66 77 78 
52 57 64 65 67 
52 57 64 65 66 
51 52 
50 
50 51 67 79 
50 51 67 77 78 
50 51 65 66 79 
50 51 65 66 77 78 
50 51 57 67 79 
50 51 57 67 77 78 
50 51 57 65 66 79 
50 51 57 65 66 77 78 
50 51 52 67 
50 51 52 65 66 
50 51 52 57 67 
50 51 52 57 65 66 
49 67 
49 65 66 
47 48 67 
47 48 65 66 
44 67 
44 65 66 
44 57 67 
44 57 65 66 
43 67 79 
43 67 77 78 
43 65 66 79 
43 65 66 77 78 
43 57 67 79 
43 57 67 77 78 
43 57 65 66 79 
43 57 65 66 77 78 
43 52 67 
43 52 65 66 
43 52 57 67 
43 52 57 65 66 
42 59 
41 57 67 79 
41 57 67 77 78 
41 57 65 66 79 
41 57 65 66 77 78 
41 52 57 67 
41 52 57 65 66 
41 42 67 79 
41 42 67 77 78 
41 42 65 66 79 
41 42 65 66 77 78 
41 42 57 67 79 
41 42 57 67 77 78 
41 42 57 65 66 79 
41 42 57 65 66 77 78 
41 42 52 67 
41 42 52 65 66 
41 42 52 57 67 
41 42 52 57 65 66 
40 79 
40 78 79 
40 77 78 
40 66 
40 65 79 
40 65 77 78 
40 64 65 
40 64 65 79 
40 64 65 77 78 
40 63 64 
40 59 79 
40 59 77 78 
40 59 65 
40 57 79 
40 57 78 79 
40 57 77 78 
40 57 65 
40 57 65 79 
40 57 65 77 78 
40 57 64 65 79 
40 57 64 65 77 78 
40 57 63 64 
40 54 
40 53 
40 53 57 
40 52 79 
40 52 77 78 
40 52 65 
40 52 64 65 
40 52 59 
40 52 57 79 
40 52 57 77 78 
40 52 57 65 
40 52 57 64 65 
40 50 51 79 
40 50 51 77 78 
40 50 51 57 79 
40 50 51 57 77 78 
40 50 51 52 
40 50 51 52 57 
40 49 
40 47 48 
40 44 
40 44 57 
40 43 79 
40 43 77 78 
40 43 57 79 
40 43 57 77 78 
40 43 52 
40 43 52 57 
40 41 57 79 
40 41 57 77 78 
40 41 52 57 
40 41 42 79 
40 41 42 77 78 
40 41 42 57 79 
40 41 42 57 77 78 
40 41 42 52 
40 41 42 52 57 
39 67 
39 65 66 
39 55 59 73 75 
39 55 59 73 74 
39 55 59 71 72 75 
39 55 59 71 72 73 74 
39 48 55 59 73 
39 48 55 59 71 72 
39 46 55 59 75 
39 46 55 59 73 74 
39 46 48 55 59 
39 40 
39 40 57 79 
39 40 57 77 78 
39 40 57 67 79 
39 40 57 67 77 78 
39 40 57 65 66 79 
39 40 57 65 66 77 78 
39 40 52 57 
39 40 52 57 67 
39 40 52 57 65 66 
38 67 
38 65 66 
38 57 67 
38 57 65 66 
38 40 
38 40 57 
37 38 55 59 73 75 
37 38 55 59 73 74 
37 38 55 59 71 72 75 
37 38 55 59 71 72 73 74 
37 38 48 55 59 73 
37 38 48 55 59 71 72 
37 38 46 55 59 75 
37 38 46 55 59 73 74 
37 38 46 48 55 59 
34 67 79 
34 67 77 78 
34 65 66 79 
34 65 66 77 78 
34 57 67 79 
34 57 67 77 78 
34 57 65 66 79 
34 57 65 66 77 78 
34 52 67 
34 52 65 66 
34 52 57 67 
34 52 57 65 66 
34 40 79 
34 40 77 78 
34 40 57 79 
34 40 57 77 78 
34 40 52 
34 40 52 57 
33 67 
33 67 79 
33 67 78 79 
33 67 77 78 
33 65 67 
33 65 67 79 
33 65 67 77 78 
33 65 66 
33 65 66 78 79 
33 64 65 67 79 
33 64 65 67 77 78 
33 64 65 66 79 
33 64 65 66 77 78 
33 63 64 67 
33 63 64 65 66 
33 59 65 67 
33 59 65 66 
33 57 67 
33 57 67 79 
33 57 67 78 79 
33 57 67 77 78 
33 57 65 67 
33 57 65 67 79 
33 57 65 67 77 78 
33 57 65 66 78 79 
33 57 64 65 67 79 
33 57 64 65 67 77 78 
33 57 64 65 66 79 
33 57 64 65 66 77 78 
33 57 63 64 67 
33 57 63 64 65 66 
33 53 67 
33 53 65 66 
33 53 57 67 
33 53 57 65 66 
33 52 67 
33 52 65 67 
33 52 64 65 67 
33 52 64 65 66 
33 52 57 67 
33 52 57 65 67 
33 52 57 64 65 67 
33 52 57 64 65 66 
33 44 67 
33 44 65 66 
33 44 57 67 
33 44 57 65 66 
33 41 57 67 79 
33 41 57 67 77 78 
33 41 57 65 66 79 
33 41 57 65 66 77 78 
33 41 52 57 67 
33 41 52 57 65 66 
33 40 79 
33 40 78 79 
33 40 77 78 
33 40 65 
33 40 65 79 
33 40 65 77 78 
33 40 64 65 79 
33 40 64 65 77 78 
33 40 63 64 
33 40 59 65 
33 40 57 
33 40 57 79 
33 40 57 78 79 
33 40 57 77 78 
33 40 57 65 
33 40 57 65 79 
33 40 57 65 77 78 
33 40 57 64 65 79 
33 40 57 64 65 77 78 
33 40 57 63 64 
33 40 53 
33 40 53 57 
33 40 52 
33 40 52 65 
33 40 52 64 65 
33 40 52 57 
33 40 52 57 65 
33 40 52 57 64 65 
33 40 44 
33 40 44 57 
33 40 41 57 79 
33 40 41 57 77 78 
33 40 41 52 57 
33 39 40 57 79 
33 39 40 57 77 78 
33 39 40 57 67 79 
33 39 40 57 67 77 78 
33 39 40 57 65 66 79 
33 39 40 57 65 66 77 78 
33 39 40 52 57 
33 39 40 52 57 67 
33 39 40 52 57 65 66 
33 38 67 
33 38 65 66 
33 38 57 67 
33 38 57 65 66 
33 38 40 
33 38 40 57 
32 67 79 
32 67 77 78 
32 65 66 79 
32 65 66 77 78 
32 52 67 
32 52 65 66 
32 40 79 
32 40 77 78 
32 40 52 
32 33 67 79 
32 33 67 77 78 
32 33 65 66 79 
32 33 65 66 77 78 
32 33 52 67 
32 33 52 65 66 
32 33 40 79 
32 33 40 77 78 
32 33 40 52 
31 
31 67 79 
31 67 77 78 
31 65 67 
31 65 66 79 
31 65 66 77 78 
31 59 
31 59 69 
31 59 67 
31 59 67 68 
31 59 65 66 
31 52 67 
31 52 65 66 
31 42 59 
31 40 
31 40 79 
31 40 77 78 
31 40 65 
31 40 59 
31 40 52 
31 33 67 
30 31 57 67 79 
30 31 57 67 77 78 
30 31 57 65 66 79 
30 31 57 65 66 77 78 
30 31 52 57 67 
30 31 52 57 65 66 
30 31 40 57 79 
30 31 40 57 77 78 
30 31 40 52 57 
30 31 33 57 67 79 
30 31 33 57 67 77 78 
30 31 33 57 65 66 79 
30 31 33 57 65 66 77 78 
30 31 33 52 57 67 
30 31 33 52 57 65 66 
30 31 33 40 57 79 
30 31 33 40 57 77 78 
30 31 33 40 52 57 
26 
25 67 79 
25 67 77 78 
25 65 66 79 
25 65 66 77 78 
25 57 67 79 
25 57 67 77 78 
25 57 65 66 79 
25 57 65 66 77 78 
25 52 67 
25 52 65 66 
25 52 57 67 
25 52 57 65 66 
25 40 79 
25 40 77 78 
25 40 57 79 
25 40 57 77 78 
25 40 52 
25 40 52 57 
23 67 
23 65 66 
23 40 
22 67 
22 65 66 
22 40 
20 67 
20 65 66 
20 57 67 
20 57 65 66 
20 40 
20 40 57 
20 33 67 
20 33 65 66 
20 33 57 67 
20 33 57 65 66 
20 33 40 
20 33 40 57 
19 67 
19 65 66 
19 57 67 
19 57 65 66 
19 40 
19 40 57 
19 33 67 
19 33 65 66 
19 33 57 67 
19 33 57 65 66 
19 33 40 
19 33 40 57 
18 67 
18 67 79 
18 67 77 78 
18 65 66 
18 65 66 79 
18 65 66 77 78 
18 65 66 67 
18 59 67 
18 59 65 66 
18 52 67 
18 52 65 66 
18 40 
18 40 79 
18 40 77 78 
18 40 67 
18 40 59 
18 40 52 
18 33 67 
18 33 65 66 67 
18 33 40 67 
18 31 
18 31 67 
18 31 67 79 
18 31 67 77 78 
18 31 65 66 
18 31 65 66 79 
18 31 65 66 77 78 
18 31 59 67 
18 31 59 65 66 
18 31 52 67 
18 31 52 65 66 
18 31 40 
18 31 40 79 
18 31 40 77 78 
18 31 40 59 
18 31 40 52 
16 67 79 
16 67 77 78 
16 65 66 79 
16 65 66 77 78 
16 57 67 79 
16 57 67 77 78 
16 57 65 66 79 
16 57 65 66 77 78 
16 52 67 
16 52 65 66 
16 52 57 67 
16 52 57 65 66 
16 40 79 
16 40 77 78 
16 40 57 79 
16 40 57 77 78 
16 40 52 
16 40 52 57 
14 57 67 79 
14 57 67 77 78 
14 57 65 66 79 
14 57 65 66 77 78 
14 52 57 67 
14 52 57 65 66 
14 40 57 79 
14 40 57 77 78 
14 40 52 57 
14 33 57 67 79 
14 33 57 67 77 78 
14 33 57 65 66 79 
14 33 57 65 66 77 78 
14 33 52 57 67 
14 33 52 57 65 66 
14 33 40 57 79 
14 33 40 57 77 78 
14 33 40 52 57 
12 55 59 73 75 
12 55 59 73 74 
12 55 59 71 72 75 
12 55 59 71 72 73 74 
12 48 55 59 73 
12 48 55 59 71 72 
12 46 55 59 75 
12 46 55 59 73 74 
12 46 48 55 59 
9 67 
9 65 66 
9 40 
8 
7 
7 59 67 
7 59 65 66 
7 40 59 
7 31 
7 31 67 
7 31 65 66 
7 31 59 67 
7 31 59 65 66 
7 31 40 
7 31 40 59 
7 31 33 67 
7 31 33 65 66 
7 31 33 40 
6 7 
5 57 67 79 
5 57 67 77 78 
5 57 65 66 79 
5 57 65 66 77 78 
5 52 57 67 
5 52 57 65 66 
5 40 57 79 
5 40 57 77 78 
5 40 52 57 
5 33 57 67 79 
5 33 57 67 77 78 
5 33 57 65 66 79 
5 33 57 65 66 77 78 
5 33 52 57 67 
5 33 52 57 65 66 
5 33 40 57 79 
5 33 40 57 77 78 
5 33 40 52 57 
