79
77 78
67 69
67 68
65 66 69
65 66 67 68
57 67
57 65 66
55 64 71
55 64 71 73
55 64 71 72
55 64 69 70
55 64 69 70 73
55 64 69 70 71 72
55 62 63 71
55 62 63 71 73
55 62 63 71 72
55 62 63 69 70
55 62 63 69 70 73
55 62 63 69 70 71 72
55 59 60 64 71 73
55 59 60 64 71 72
55 59 60 64 69 70 73
55 59 60 64 69 70 71 72
55 59 60 64 66 71 73
55 59 60 64 66 71 72
55 59 60 64 66 69 70 73
55 59 60 64 66 69 70 71 72
55 59 60 64 65 71 73
55 59 60 64 65 71 72
55 59 60 64 65 69 70 73
55 59 60 64 65 69 70 71 72
55 59 60 62 63 71 73
55 59 60 62 63 71 72
55 59 60 62 63 69 70 73
55 59 60 62 63 69 70 71 72
55 59 60 62 63 66 71 73
55 59 60 62 63 66 71 72
55 59 60 62 63 66 69 70 73
55 59 60 62 63 66 69 70 71 72
55 59 60 62 63 64 65 71 73
55 59 60 62 63 64 65 71 72
55 59 60 62 63 64 65 69 70 73
55 59 60 62 63 64 65 69 70 71 72
55 58 64 71
55 58 64 69 70
55 58 62 63 71
55 58 62 63 69 70
55 58 59 64 71 73
55 58 59 64 71 72
55 58 59 64 69 70 73
55 58 59 64 69 70 71 72
55 58 59 64 66 71 73
55 58 59 64 66 71 72
55 58 59 64 66 69 70 73
55 58 59 64 66 69 70 71 72
55 58 59 64 65 71 73
55 58 59 64 65 71 72
55 58 59 64 65 69 70 73
55 58 59 64 65 69 70 71 72
55 58 59 62 63 71 73
55 58 59 62 63 71 72
55 58 59 62 63 69 70 73
55 58 59 62 63 69 70 71 72
55 58 59 62 63 66 71 73
55 58 59 62 63 66 71 72
55 58 59 62 63 66 69 70 73
55 58 59 62 63 66 69 70 71 72
55 58 59 62 63 64 65 71 73
55 58 59 62 63 64 65 71 72
55 58 59 62 63 64 65 69 70 73
55 58 59 62 63 64 65 69 70 71 72
55 57 60 64 71 73
55 57 60 64 71 72
55 57 60 64 69 70 73
55 57 60 64 69 70 71 72
55 57 60 64 66 71 73
55 57 60 64 66 71 72
55 57 60 64 66 69 70 73
55 57 60 64 66 69 70 71 72
55 57 60 64 65 71 73
55 57 60 64 65 71 72
55 57 60 64 65 69 70 73
55 57 60 64 65 69 70 71 72
55 57 60 62 63 71 73
55 57 60 62 63 71 72
55 57 60 62 63 69 70 73
55 57 60 62 63 69 70 71 72
55 57 60 62 63 66 71 73
55 57 60 62 63 66 71 72
55 57 60 62 63 66 69 70 73
55 57 60 62 63 66 69 70 71 72
55 57 60 62 63 64 65 71 73
55 57 60 62 63 64 65 71 72
55 57 60 62 63 64 65 69 70 73
55 57 60 62 63 64 65 69 70 71 72
55 57 58 59 64 71 73
55 57 58 59 64 71 72
55 57 58 59 64 69 70 73
55 57 58 59 64 69 70 71 72
55 57 58 59 64 66 71 73
55 57 58 59 64 66 71 72
55 57 58 59 64 66 69 70 73
55 57 58 59 64 66 69 70 71 72
55 57 58 59 64 65 71 73
55 57 58 59 64 65 71 72
55 57 58 59 64 65 69 70 73
55 57 58 59 64 65 69 70 71 72
55 57 58 59 62 63 71 73
55 57 58 59 62 63 71 72
55 57 58 59 62 63 69 70 73
55 57 58 59 62 63 69 70 71 72
55 57 58 59 62 63 66 71 73
55 57 58 59 62 63 66 71 72
55 57 58 59 62 63 66 69 70 73
55 57 58 59 62 63 66 69 70 71 72
55 57 58 59 62 63 64 65 71 73
55 57 58 59 62 63 64 65 71 72
55 57 58 59 62 63 64 65 69 70 73
55 57 58 59 62 63 64 65 69 70 71 72
55 56 57 64 71
55 56 57 64 69 70
55 56 57 62 63 71
55 56 57 62 63 69 70
52
49 67
49 65 66
47 48 67
47 48 65 66
46 55 64 71
46 55 64 69 70
46 55 62 63 71
46 55 62 63 69 70
46 55 59 60 64 71
46 55 59 60 64 69 70
46 55 59 60 64 66 71
46 55 59 60 64 66 69 70
46 55 59 60 64 65 71
46 55 59 60 64 65 69 70
46 55 59 60 62 63 71
46 55 59 60 62 63 69 70
46 55 59 60 62 63 66 71
46 55 59 60 62 63 66 69 70
46 55 59 60 62 63 64 65 71
46 55 59 60 62 63 64 65 69 70
46 55 58 59 64 71
46 55 58 59 64 69 70
46 55 58 59 64 66 71
46 55 58 59 64 66 69 70
46 55 58 59 64 65 71
46 55 58 59 64 65 69 70
46 55 58 59 62 63 71
46 55 58 59 62 63 69 70
46 55 58 59 62 63 66 71
46 55 58 59 62 63 66 69 70
46 55 58 59 62 63 64 65 71
46 55 58 59 62 63 64 65 69 70
46 55 57 60 64 71
46 55 57 60 64 69 70
46 55 57 60 64 66 71
46 55 57 60 64 66 69 70
46 55 57 60 64 65 71
46 55 57 60 64 65 69 70
46 55 57 60 62 63 71
46 55 57 60 62 63 69 70
46 55 57 60 62 63 66 71
46 55 57 60 62 63 66 69 70
46 55 57 60 62 63 64 65 71
46 55 57 60 62 63 64 65 69 70
46 55 57 58 59 64 71
46 55 57 58 59 64 69 70
46 55 57 58 59 64 66 71
46 55 57 58 59 64 66 69 70
46 55 57 58 59 64 65 71
46 55 57 58 59 64 65 69 70
46 55 57 58 59 62 63 71
46 55 57 58 59 62 63 69 70
46 55 57 58 59 62 63 66 71
46 55 57 58 59 62 63 66 69 70
46 55 57 58 59 62 63 64 65 71
46 55 57 58 59 62 63 64 65 69 70
44 55 64
44 55 64 73
44 55 64 71 72
44 55 62 63
44 55 62 63 73
44 55 62 63 71 72
44 55 59 60 64 73
44 55 59 60 64 71 72
44 55 59 60 64 66 73
44 55 59 60 64 66 71 72
44 55 59 60 64 65 73
44 55 59 60 64 65 71 72
44 55 59 60 62 63 73
44 55 59 60 62 63 71 72
44 55 59 60 62 63 66 73
44 55 59 60 62 63 66 71 72
44 55 59 60 62 63 64 65 73
44 55 59 60 62 63 64 65 71 72
44 55 58 64
44 55 58 62 63
44 55 58 59 64 73
44 55 58 59 64 71 72
44 55 58 59 64 66 73
44 55 58 59 64 66 71 72
44 55 58 59 64 65 73
44 55 58 59 64 65 71 72
44 55 58 59 62 63 73
44 55 58 59 62 63 71 72
44 55 58 59 62 63 66 73
44 55 58 59 62 63 66 71 72
44 55 58 59 62 63 64 65 73
44 55 58 59 62 63 64 65 71 72
44 55 57 60 64 73
44 55 57 60 64 71 72
44 55 57 60 64 66 73
44 55 57 60 64 66 71 72
44 55 57 60 64 65 73
44 55 57 60 64 65 71 72
44 55 57 60 62 63 73
44 55 57 60 62 63 71 72
44 55 57 60 62 63 66 73
44 55 57 60 62 63 66 71 72
44 55 57 60 62 63 64 65 73
44 55 57 60 62 63 64 65 71 72
44 55 57 58 59 64 73
44 55 57 58 59 64 71 72
44 55 57 58 59 64 66 73
44 55 57 58 59 64 66 71 72
44 55 57 58 59 64 65 73
44 55 57 58 59 64 65 71 72
44 55 57 58 59 62 63 73
44 55 57 58 59 62 63 71 72
44 55 57 58 59 62 63 66 73
44 55 57 58 59 62 63 66 71 72
44 55 57 58 59 62 63 64 65 73
44 55 57 58 59 62 63 64 65 71 72
44 55 56 57 64
44 55 56 57 62 63
44 46 55 64
44 46 55 62 63
44 46 55 59 60 64
44 46 55 59 60 64 66
44 46 55 59 60 64 65
44 46 55 59 60 62 63
44 46 55 59 60 62 63 66
44 46 55 59 60 62 63 64 65
44 46 55 58 59 64
44 46 55 58 59 64 66
44 46 55 58 59 64 65
44 46 55 58 59 62 63
44 46 55 58 59 62 63 66
44 46 55 58 59 62 63 64 65
44 46 55 57 60 64
44 46 55 57 60 64 66
44 46 55 57 60 64 65
44 46 55 57 60 62 63
44 46 55 57 60 62 63 66
44 46 55 57 60 62 63 64 65
44 46 55 57 58 59 64
44 46 55 57 58 59 64 66
44 46 55 57 58 59 64 65
44 46 55 57 58 59 62 63
44 46 55 57 58 59 62 63 66
44 46 55 57 58 59 62 63 64 65
42 67
42 65 66
42 55 59 73 75
42 55 59 73 74
42 55 59 71 72 75
42 55 59 71 72 73 74
42 55 57 73 75
42 55 57 73 74
42 55 57 71 72 75
42 55 57 71 72 73 74
42 48 55 59 73
42 48 55 59 71 72
42 48 55 57 73
42 48 55 57 71 72
42 46 55 59 75
42 46 55 59 73 74
42 46 55 57 75
42 46 55 57 73 74
42 46 48 55 59
42 46 48 55 57
40 69
40 67 68
40 57
40 49
40 47 48
40 42
40 41 55 59 73 75
40 41 55 59 73 74
40 41 55 59 71 72 75
40 41 55 59 71 72 73 74
40 41 55 57 73 75
40 41 55 57 73 74
40 41 55 57 71 72 75
40 41 55 57 71 72 73 74
40 41 48 55 59 73
40 41 48 55 59 71 72
40 41 48 55 57 73
40 41 48 55 57 71 72
40 41 46 55 59 75
40 41 46 55 59 73 74
40 41 46 55 57 75
40 41 46 55 57 73 74
40 41 46 48 55 59
40 41 46 48 55 57
39 55 59 60 64 71 73
39 55 59 60 64 71 72
39 55 59 60 64 69 70 73
39 55 59 60 64 69 70 71 72
39 55 59 60 62 63 71 73
39 55 59 60 62 63 71 72
39 55 59 60 62 63 69 70 73
39 55 59 60 62 63 69 70 71 72
39 55 58 59 64 71 73
39 55 58 59 64 71 72
39 55 58 59 64 69 70 73
39 55 58 59 64 69 70 71 72
39 55 58 59 62 63 71 73
39 55 58 59 62 63 71 72
39 55 58 59 62 63 69 70 73
39 55 58 59 62 63 69 70 71 72
39 55 57 60 64 71 73
39 55 57 60 64 71 72
39 55 57 60 64 69 70 73
39 55 57 60 64 69 70 71 72
39 55 57 60 62 63 71 73
39 55 57 60 62 63 71 72
39 55 57 60 62 63 69 70 73
39 55 57 60 62 63 69 70 71 72
39 55 57 58 59 64 71 73
39 55 57 58 59 64 71 72
39 55 57 58 59 64 69 70 73
39 55 57 58 59 64 69 70 71 72
39 55 57 58 59 62 63 71 73
39 55 57 58 59 62 63 71 72
39 55 57 58 59 62 63 69 70 73
39 55 57 58 59 62 63 69 70 71 72
39 46 55 59 60 64 71
39 46 55 59 60 64 69 70
39 46 55 59 60 62 63 71
39 46 55 59 60 62 63 69 70
39 46 55 58 59 64 71
39 46 55 58 59 64 69 70
39 46 55 58 59 62 63 71
39 46 55 58 59 62 63 69 70
39 46 55 57 60 64 71
39 46 55 57 60 64 69 70
39 46 55 57 60 62 63 71
39 46 55 57 60 62 63 69 70
39 46 55 57 58 59 64 71
39 46 55 57 58 59 64 69 70
39 46 55 57 58 59 62 63 71
39 46 55 57 58 59 62 63 69 70
39 44 55 59 60 64 73
39 44 55 59 60 64 71 72
39 44 55 59 60 62 63 73
39 44 55 59 60 62 63 71 72
39 44 55 58 59 64 73
39 44 55 58 59 64 71 72
39 44 55 58 59 62 63 73
39 44 55 58 59 62 63 71 72
39 44 55 57 60 64 73
39 44 55 57 60 64 71 72
39 44 55 57 60 62 63 73
39 44 55 57 60 62 63 71 72
39 44 55 57 58 59 64 73
39 44 55 57 58 59 64 71 72
39 44 55 57 58 59 62 63 73
39 44 55 57 58 59 62 63 71 72
39 44 46 55 59 60 64
39 44 46 55 59 60 62 63
39 44 46 55 58 59 64
39 44 46 55 58 59 62 63
39 44 46 55 57 60 64
39 44 46 55 57 60 62 63
39 44 46 55 57 58 59 64
39 44 46 55 57 58 59 62 63
37 55 71
37 55 71 73
37 55 71 72
37 55 69 70
37 55 69 70 73
37 55 69 70 71 72
37 55 59 60 71 73
37 55 59 60 71 72
37 55 59 60 69 70 73
37 55 59 60 69 70 71 72
37 55 59 60 66 71 73
37 55 59 60 66 71 72
37 55 59 60 66 69 70 73
37 55 59 60 66 69 70 71 72
37 55 59 60 64 65 71 73
37 55 59 60 64 65 71 72
37 55 59 60 64 65 69 70 73
37 55 59 60 64 65 69 70 71 72
37 55 58 71
37 55 58 69 70
37 55 58 59 71 73
37 55 58 59 71 72
37 55 58 59 69 70 73
37 55 58 59 69 70 71 72
37 55 58 59 66 71 73
37 55 58 59 66 71 72
37 55 58 59 66 69 70 73
37 55 58 59 66 69 70 71 72
37 55 58 59 64 65 71 73
37 55 58 59 64 65 71 72
37 55 58 59 64 65 69 70 73
37 55 58 59 64 65 69 70 71 72
37 55 57 60 71 73
37 55 57 60 71 72
37 55 57 60 69 70 73
37 55 57 60 69 70 71 72
37 55 57 60 66 71 73
37 55 57 60 66 71 72
37 55 57 60 66 69 70 73
37 55 57 60 66 69 70 71 72
37 55 57 60 64 65 71 73
37 55 57 60 64 65 71 72
37 55 57 60 64 65 69 70 73
37 55 57 60 64 65 69 70 71 72
37 55 57 58 59 71 73
37 55 57 58 59 71 72
37 55 57 58 59 69 70 73
37 55 57 58 59 69 70 71 72
37 55 57 58 59 66 71 73
37 55 57 58 59 66 71 72
37 55 57 58 59 66 69 70 73
37 55 57 58 59 66 69 70 71 72
37 55 57 58 59 64 65 71 73
37 55 57 58 59 64 65 71 72
37 55 57 58 59 64 65 69 70 73
37 55 57 58 59 64 65 69 70 71 72
37 55 56 57 71
37 55 56 57 69 70
37 46 55 71
37 46 55 69 70
37 46 55 59 60 71
37 46 55 59 60 69 70
37 46 55 59 60 66 71
37 46 55 59 60 66 69 70
37 46 55 59 60 64 65 71
37 46 55 59 60 64 65 69 70
37 46 55 58 59 71
37 46 55 58 59 69 70
37 46 55 58 59 66 71
37 46 55 58 59 66 69 70
37 46 55 58 59 64 65 71
37 46 55 58 59 64 65 69 70
37 46 55 57 60 71
37 46 55 57 60 69 70
37 46 55 57 60 66 71
37 46 55 57 60 66 69 70
37 46 55 57 60 64 65 71
37 46 55 57 60 64 65 69 70
37 46 55 57 58 59 71
37 46 55 57 58 59 69 70
37 46 55 57 58 59 66 71
37 46 55 57 58 59 66 69 70
37 46 55 57 58 59 64 65 71
37 46 55 57 58 59 64 65 69 70
37 44 55
37 44 55 73
37 44 55 71 72
37 44 55 59 60 73
37 44 55 59 60 71 72
37 44 55 59 60 66 73
37 44 55 59 60 66 71 72
37 44 55 59 60 64 65 73
37 44 55 59 60 64 65 71 72
37 44 55 58
37 44 55 58 59 73
37 44 55 58 59 71 72
37 44 55 58 59 66 73
37 44 55 58 59 66 71 72
37 44 55 58 59 64 65 73
37 44 55 58 59 64 65 71 72
37 44 55 57 60 73
37 44 55 57 60 71 72
37 44 55 57 60 66 73
37 44 55 57 60 66 71 72
37 44 55 57 60 64 65 73
37 44 55 57 60 64 65 71 72
37 44 55 57 58 59 73
37 44 55 57 58 59 71 72
37 44 55 57 58 59 66 73
37 44 55 57 58 59 66 71 72
37 44 55 57 58 59 64 65 73
37 44 55 57 58 59 64 65 71 72
37 44 55 56 57
37 44 46 55
37 44 46 55 59 60
37 44 46 55 59 60 66
37 44 46 55 59 60 64 65
37 44 46 55 58 59
37 44 46 55 58 59 66
37 44 46 55 58 59 64 65
37 44 46 55 57 60
37 44 46 55 57 60 66
37 44 46 55 57 60 64 65
37 44 46 55 57 58 59
37 44 46 55 57 58 59 66
37 44 46 55 57 58 59 64 65
37 39 55 59 60 71 73
37 39 55 59 60 71 72
37 39 55 59 60 69 70 73
37 39 55 59 60 69 70 71 72
37 39 55 58 59 71 73
37 39 55 58 59 71 72
37 39 55 58 59 69 70 73
37 39 55 58 59 69 70 71 72
37 39 55 57 60 71 73
37 39 55 57 60 71 72
37 39 55 57 60 69 70 73
37 39 55 57 60 69 70 71 72
37 39 55 57 58 59 71 73
37 39 55 57 58 59 71 72
37 39 55 57 58 59 69 70 73
37 39 55 57 58 59 69 70 71 72
37 39 46 55 59 60 71
37 39 46 55 59 60 69 70
37 39 46 55 58 59 71
37 39 46 55 58 59 69 70
37 39 46 55 57 60 71
37 39 46 55 57 60 69 70
37 39 46 55 57 58 59 71
37 39 46 55 57 58 59 69 70
37 39 44 55 59 60 73
37 39 44 55 59 60 71 72
37 39 44 55 58 59 73
37 39 44 55 58 59 71 72
37 39 44 55 57 60 73
37 39 44 55 57 60 71 72
37 39 44 55 57 58 59 73
37 39 44 55 57 58 59 71 72
37 39 44 46 55 59 60
37 39 44 46 55 58 59
37 39 44 46 55 57 60
37 39 44 46 55 57 58 59
33 55 59 64 71 73
33 55 59 64 71 72
33 55 59 64 69 70 73
33 55 59 64 69 70 71 72
33 55 59 64 66 71 73
33 55 59 64 66 71 72
33 55 59 64 66 69 70 73
33 55 59 64 66 69 70 71 72
33 55 59 64 65 71 73
33 55 59 64 65 71 72
33 55 59 64 65 69 70 73
33 55 59 64 65 69 70 71 72
33 55 59 62 63 71 73
33 55 59 62 63 71 72
33 55 59 62 63 69 70 73
33 55 59 62 63 69 70 71 72
33 55 59 62 63 66 71 73
33 55 59 62 63 66 71 72
33 55 59 62 63 66 69 70 73
33 55 59 62 63 66 69 70 71 72
33 55 59 62 63 64 65 71 73
33 55 59 62 63 64 65 71 72
33 55 59 62 63 64 65 69 70 73
33 55 59 62 63 64 65 69 70 71 72
33 55 57 64 71 73
33 55 57 64 71 72
33 55 57 64 69 70 73
33 55 57 64 69 70 71 72
33 55 57 64 66 71 73
33 55 57 64 66 71 72
33 55 57 64 66 69 70 73
33 55 57 64 66 69 70 71 72
33 55 57 64 65 71 73
33 55 57 64 65 71 72
33 55 57 64 65 69 70 73
33 55 57 64 65 69 70 71 72
33 55 57 62 63 71 73
33 55 57 62 63 71 72
33 55 57 62 63 69 70 73
33 55 57 62 63 69 70 71 72
33 55 57 62 63 66 71 73
33 55 57 62 63 66 71 72
33 55 57 62 63 66 69 70 73
33 55 57 62 63 66 69 70 71 72
33 55 57 62 63 64 65 71 73
33 55 57 62 63 64 65 71 72
33 55 57 62 63 64 65 69 70 73
33 55 57 62 63 64 65 69 70 71 72
33 46 55 59 64 71
33 46 55 59 64 69 70
33 46 55 59 64 66 71
33 46 55 59 64 66 69 70
33 46 55 59 64 65 71
33 46 55 59 64 65 69 70
33 46 55 59 62 63 71
33 46 55 59 62 63 69 70
33 46 55 59 62 63 66 71
33 46 55 59 62 63 66 69 70
33 46 55 59 62 63 64 65 71
33 46 55 59 62 63 64 65 69 70
33 46 55 57 64 71
33 46 55 57 64 69 70
33 46 55 57 64 66 71
33 46 55 57 64 66 69 70
33 46 55 57 64 65 71
33 46 55 57 64 65 69 70
33 46 55 57 62 63 71
33 46 55 57 62 63 69 70
33 46 55 57 62 63 66 71
33 46 55 57 62 63 66 69 70
33 46 55 57 62 63 64 65 71
33 46 55 57 62 63 64 65 69 70
33 44 55 59 64 73
33 44 55 59 64 71 72
33 44 55 59 64 66 73
33 44 55 59 64 66 71 72
33 44 55 59 64 65 73
33 44 55 59 64 65 71 72
33 44 55 59 62 63 73
33 44 55 59 62 63 71 72
33 44 55 59 62 63 66 73
33 44 55 59 62 63 66 71 72
33 44 55 59 62 63 64 65 73
33 44 55 59 62 63 64 65 71 72
33 44 55 57 64 73
33 44 55 57 64 71 72
33 44 55 57 64 66 73
33 44 55 57 64 66 71 72
33 44 55 57 64 65 73
33 44 55 57 64 65 71 72
33 44 55 57 62 63 73
33 44 55 57 62 63 71 72
33 44 55 57 62 63 66 73
33 44 55 57 62 63 66 71 72
33 44 55 57 62 63 64 65 73
33 44 55 57 62 63 64 65 71 72
33 44 46 55 59 64
33 44 46 55 59 64 66
33 44 46 55 59 64 65
33 44 46 55 59 62 63
33 44 46 55 59 62 63 66
33 44 46 55 59 62 63 64 65
33 44 46 55 57 64
33 44 46 55 57 64 66
33 44 46 55 57 64 65
33 44 46 55 57 62 63
33 44 46 55 57 62 63 66
33 44 46 55 57 62 63 64 65
33 39 55 59 64 71 73
33 39 55 59 64 71 72
33 39 55 59 64 69 70 73
33 39 55 59 64 69 70 71 72
33 39 55 59 62 63 71 73
33 39 55 59 62 63 71 72
33 39 55 59 62 63 69 70 73
33 39 55 59 62 63 69 70 71 72
33 39 55 57 64 71 73
33 39 55 57 64 71 72
33 39 55 57 64 69 70 73
33 39 55 57 64 69 70 71 72
33 39 55 57 62 63 71 73
33 39 55 57 62 63 71 72
33 39 55 57 62 63 69 70 73
33 39 55 57 62 63 69 70 71 72
33 39 46 55 59 64 71
33 39 46 55 59 64 69 70
33 39 46 55 59 62 63 71
33 39 46 55 59 62 63 69 70
33 39 46 55 57 64 71
33 39 46 55 57 64 69 70
33 39 46 55 57 62 63 71
33 39 46 55 57 62 63 69 70
33 39 44 55 59 64 73
33 39 44 55 59 64 71 72
33 39 44 55 59 62 63 73
33 39 44 55 59 62 63 71 72
33 39 44 55 57 64 73
33 39 44 55 57 64 71 72
33 39 44 55 57 62 63 73
33 39 44 55 57 62 63 71 72
33 39 44 46 55 59 64
33 39 44 46 55 59 62 63
33 39 44 46 55 57 64
33 39 44 46 55 57 62 63
33 37 55 59 71 73
33 37 55 59 71 72
33 37 55 59 69 70 73
33 37 55 59 69 70 71 72
33 37 55 59 66 71 73
33 37 55 59 66 71 72
33 37 55 59 66 69 70 73
33 37 55 59 66 69 70 71 72
33 37 55 59 64 65 71 73
33 37 55 59 64 65 71 72
33 37 55 59 64 65 69 70 73
33 37 55 59 64 65 69 70 71 72
33 37 55 57 71 73
33 37 55 57 71 72
33 37 55 57 69 70 73
33 37 55 57 69 70 71 72
33 37 55 57 66 71 73
33 37 55 57 66 71 72
33 37 55 57 66 69 70 73
33 37 55 57 66 69 70 71 72
33 37 55 57 64 65 71 73
33 37 55 57 64 65 71 72
33 37 55 57 64 65 69 70 73
33 37 55 57 64 65 69 70 71 72
33 37 46 55 59 71
33 37 46 55 59 69 70
33 37 46 55 59 66 71
33 37 46 55 59 66 69 70
33 37 46 55 59 64 65 71
33 37 46 55 59 64 65 69 70
33 37 46 55 57 71
33 37 46 55 57 69 70
33 37 46 55 57 66 71
33 37 46 55 57 66 69 70
33 37 46 55 57 64 65 71
33 37 46 55 57 64 65 69 70
33 37 44 55 59 73
33 37 44 55 59 71 72
33 37 44 55 59 66 73
33 37 44 55 59 66 71 72
33 37 44 55 59 64 65 73
33 37 44 55 59 64 65 71 72
33 37 44 55 57 73
33 37 44 55 57 71 72
33 37 44 55 57 66 73
33 37 44 55 57 66 71 72
33 37 44 55 57 64 65 73
33 37 44 55 57 64 65 71 72
33 37 44 46 55 59
33 37 44 46 55 59 66
33 37 44 46 55 59 64 65
33 37 44 46 55 57
33 37 44 46 55 57 66
33 37 44 46 55 57 64 65
33 37 39 55 59 71 73
33 37 39 55 59 71 72
33 37 39 55 59 69 70 73
33 37 39 55 59 69 70 71 72
33 37 39 55 57 71 73
33 37 39 55 57 71 72
33 37 39 55 57 69 70 73
33 37 39 55 57 69 70 71 72
33 37 39 46 55 59 71
33 37 39 46 55 59 69 70
33 37 39 46 55 57 71
33 37 39 46 55 57 69 70
33 37 39 44 55 59 73
33 37 39 44 55 59 71 72
33 37 39 44 55 57 73
33 37 39 44 55 57 71 72
33 37 39 44 46 55 59
33 37 39 44 46 55 57
31 59 67
31 59 65 66
31 55 64 71
31 55 64 69 70
31 55 62 63 71
31 55 62 63 69 70
31 44 55 64
31 44 55 62 63
31 40 59
31 37 55 71
31 37 55 69 70
31 37 44 55
30 55 59 60 64 71 73 75
30 55 59 60 64 71 73 74
30 55 59 60 64 71 72 75
30 55 59 60 64 71 72 73 74
30 55 59 60 64 69 70 73 75
30 55 59 60 64 69 70 73 74
30 55 59 60 64 69 70 71 72 75
30 55 59 60 64 69 70 71 72 73 74
30 55 59 60 62 63 71 73 75
30 55 59 60 62 63 71 73 74
30 55 59 60 62 63 71 72 75
30 55 59 60 62 63 71 72 73 74
30 55 59 60 62 63 69 70 73 75
30 55 59 60 62 63 69 70 73 74
30 55 59 60 62 63 69 70 71 72 75
30 55 59 60 62 63 69 70 71 72 73 74
30 55 58 59 64 71 73 75
30 55 58 59 64 71 73 74
30 55 58 59 64 71 72 75
30 55 58 59 64 71 72 73 74
30 55 58 59 64 69 70 73 75
30 55 58 59 64 69 70 73 74
30 55 58 59 64 69 70 71 72 75
30 55 58 59 64 69 70 71 72 73 74
30 55 58 59 62 63 71 73 75
30 55 58 59 62 63 71 73 74
30 55 58 59 62 63 71 72 75
30 55 58 59 62 63 71 72 73 74
30 55 58 59 62 63 69 70 73 75
30 55 58 59 62 63 69 70 73 74
30 55 58 59 62 63 69 70 71 72 75
30 55 58 59 62 63 69 70 71 72 73 74
30 55 57 60 64 71 73 75
30 55 57 60 64 71 73 74
30 55 57 60 64 71 72 75
30 55 57 60 64 71 72 73 74
30 55 57 60 64 69 70 73 75
30 55 57 60 64 69 70 73 74
30 55 57 60 64 69 70 71 72 75
30 55 57 60 64 69 70 71 72 73 74
30 55 57 60 62 63 71 73 75
30 55 57 60 62 63 71 73 74
30 55 57 60 62 63 71 72 75
30 55 57 60 62 63 71 72 73 74
30 55 57 60 62 63 69 70 73 75
30 55 57 60 62 63 69 70 73 74
30 55 57 60 62 63 69 70 71 72 75
30 55 57 60 62 63 69 70 71 72 73 74
30 55 57 58 59 64 71 73 75
30 55 57 58 59 64 71 73 74
30 55 57 58 59 64 71 72 75
30 55 57 58 59 64 71 72 73 74
30 55 57 58 59 64 69 70 73 75
30 55 57 58 59 64 69 70 73 74
30 55 57 58 59 64 69 70 71 72 75
30 55 57 58 59 64 69 70 71 72 73 74
30 55 57 58 59 62 63 71 73 75
30 55 57 58 59 62 63 71 73 74
30 55 57 58 59 62 63 71 72 75
30 55 57 58 59 62 63 71 72 73 74
30 55 57 58 59 62 63 69 70 73 75
30 55 57 58 59 62 63 69 70 73 74
30 55 57 58 59 62 63 69 70 71 72 75
30 55 57 58 59 62 63 69 70 71 72 73 74
30 48 55 59 60 64 71 73
30 48 55 59 60 64 71 72
30 48 55 59 60 64 69 70 73
30 48 55 59 60 64 69 70 71 72
30 48 55 59 60 62 63 71 73
30 48 55 59 60 62 63 71 72
30 48 55 59 60 62 63 69 70 73
30 48 55 59 60 62 63 69 70 71 72
30 48 55 58 59 64 71 73
30 48 55 58 59 64 71 72
30 48 55 58 59 64 69 70 73
30 48 55 58 59 64 69 70 71 72
30 48 55 58 59 62 63 71 73
30 48 55 58 59 62 63 71 72
30 48 55 58 59 62 63 69 70 73
30 48 55 58 59 62 63 69 70 71 72
30 48 55 57 60 64 71 73
30 48 55 57 60 64 71 72
30 48 55 57 60 64 69 70 73
30 48 55 57 60 64 69 70 71 72
30 48 55 57 60 62 63 71 73
30 48 55 57 60 62 63 71 72
30 48 55 57 60 62 63 69 70 73
30 48 55 57 60 62 63 69 70 71 72
30 48 55 57 58 59 64 71 73
30 48 55 57 58 59 64 71 72
30 48 55 57 58 59 64 69 70 73
30 48 55 57 58 59 64 69 70 71 72
30 48 55 57 58 59 62 63 71 73
30 48 55 57 58 59 62 63 71 72
30 48 55 57 58 59 62 63 69 70 73
30 48 55 57 58 59 62 63 69 70 71 72
30 46 55 59 60 64 71 75
30 46 55 59 60 64 71 73 74
30 46 55 59 60 64 69 70 75
30 46 55 59 60 64 69 70 73 74
30 46 55 59 60 62 63 71 75
30 46 55 59 60 62 63 71 73 74
30 46 55 59 60 62 63 69 70 75
30 46 55 59 60 62 63 69 70 73 74
30 46 55 58 59 64 71 75
30 46 55 58 59 64 71 73 74
30 46 55 58 59 64 69 70 75
30 46 55 58 59 64 69 70 73 74
30 46 55 58 59 62 63 71 75
30 46 55 58 59 62 63 71 73 74
30 46 55 58 59 62 63 69 70 75
30 46 55 58 59 62 63 69 70 73 74
30 46 55 57 60 64 71 75
30 46 55 57 60 64 71 73 74
30 46 55 57 60 64 69 70 75
30 46 55 57 60 64 69 70 73 74
30 46 55 57 60 62 63 71 75
30 46 55 57 60 62 63 71 73 74
30 46 55 57 60 62 63 69 70 75
30 46 55 57 60 62 63 69 70 73 74
30 46 55 57 58 59 64 71 75
30 46 55 57 58 59 64 71 73 74
30 46 55 57 58 59 64 69 70 75
30 46 55 57 58 59 64 69 70 73 74
30 46 55 57 58 59 62 63 71 75
30 46 55 57 58 59 62 63 71 73 74
30 46 55 57 58 59 62 63 69 70 75
30 46 55 57 58 59 62 63 69 70 73 74
30 46 48 55 59 60 64 71
30 46 48 55 59 60 64 69 70
30 46 48 55 59 60 62 63 71
30 46 48 55 59 60 62 63 69 70
30 46 48 55 58 59 64 71
30 46 48 55 58 59 64 69 70
30 46 48 55 58 59 62 63 71
30 46 48 55 58 59 62 63 69 70
30 46 48 55 57 60 64 71
30 46 48 55 57 60 64 69 70
30 46 48 55 57 60 62 63 71
30 46 48 55 57 60 62 63 69 70
30 46 48 55 57 58 59 64 71
30 46 48 55 57 58 59 64 69 70
30 46 48 55 57 58 59 62 63 71
30 46 48 55 57 58 59 62 63 69 70
30 44 55 59 60 64 73 75
30 44 55 59 60 64 73 74
30 44 55 59 60 64 71 72 75
30 44 55 59 60 64 71 72 73 74
30 44 55 59 60 62 63 73 75
30 44 55 59 60 62 63 73 74
30 44 55 59 60 62 63 71 72 75
30 44 55 59 60 62 63 71 72 73 74
30 44 55 58 59 64 73 75
30 44 55 58 59 64 73 74
30 44 55 58 59 64 71 72 75
30 44 55 58 59 64 71 72 73 74
30 44 55 58 59 62 63 73 75
30 44 55 58 59 62 63 73 74
30 44 55 58 59 62 63 71 72 75
30 44 55 58 59 62 63 71 72 73 74
30 44 55 57 60 64 73 75
30 44 55 57 60 64 73 74
30 44 55 57 60 64 71 72 75
30 44 55 57 60 64 71 72 73 74
30 44 55 57 60 62 63 73 75
30 44 55 57 60 62 63 73 74
30 44 55 57 60 62 63 71 72 75
30 44 55 57 60 62 63 71 72 73 74
30 44 55 57 58 59 64 73 75
30 44 55 57 58 59 64 73 74
30 44 55 57 58 59 64 71 72 75
30 44 55 57 58 59 64 71 72 73 74
30 44 55 57 58 59 62 63 73 75
30 44 55 57 58 59 62 63 73 74
30 44 55 57 58 59 62 63 71 72 75
30 44 55 57 58 59 62 63 71 72 73 74
30 44 48 55 59 60 64 73
30 44 48 55 59 60 64 71 72
30 44 48 55 59 60 62 63 73
30 44 48 55 59 60 62 63 71 72
30 44 48 55 58 59 64 73
30 44 48 55 58 59 64 71 72
30 44 48 55 58 59 62 63 73
30 44 48 55 58 59 62 63 71 72
30 44 48 55 57 60 64 73
30 44 48 55 57 60 64 71 72
30 44 48 55 57 60 62 63 73
30 44 48 55 57 60 62 63 71 72
30 44 48 55 57 58 59 64 73
30 44 48 55 57 58 59 64 71 72
30 44 48 55 57 58 59 62 63 73
30 44 48 55 57 58 59 62 63 71 72
30 44 46 55 59 60 64 75
30 44 46 55 59 60 64 73 74
30 44 46 55 59 60 62 63 75
30 44 46 55 59 60 62 63 73 74
30 44 46 55 58 59 64 75
30 44 46 55 58 59 64 73 74
30 44 46 55 58 59 62 63 75
30 44 46 55 58 59 62 63 73 74
30 44 46 55 57 60 64 75
30 44 46 55 57 60 64 73 74
30 44 46 55 57 60 62 63 75
30 44 46 55 57 60 62 63 73 74
30 44 46 55 57 58 59 64 75
30 44 46 55 57 58 59 64 73 74
30 44 46 55 57 58 59 62 63 75
30 44 46 55 57 58 59 62 63 73 74
30 44 46 48 55 59 60 64
30 44 46 48 55 59 60 62 63
30 44 46 48 55 58 59 64
30 44 46 48 55 58 59 62 63
30 44 46 48 55 57 60 64
30 44 46 48 55 57 60 62 63
30 44 46 48 55 57 58 59 64
30 44 46 48 55 57 58 59 62 63
30 37 55 59 60 71 73 75
30 37 55 59 60 71 73 74
30 37 55 59 60 71 72 75
30 37 55 59 60 71 72 73 74
30 37 55 59 60 69 70 73 75
30 37 55 59 60 69 70 73 74
30 37 55 59 60 69 70 71 72 75
30 37 55 59 60 69 70 71 72 73 74
30 37 55 58 59 71 73 75
30 37 55 58 59 71 73 74
30 37 55 58 59 71 72 75
30 37 55 58 59 71 72 73 74
30 37 55 58 59 69 70 73 75
30 37 55 58 59 69 70 73 74
30 37 55 58 59 69 70 71 72 75
30 37 55 58 59 69 70 71 72 73 74
30 37 55 57 60 71 73 75
30 37 55 57 60 71 73 74
30 37 55 57 60 71 72 75
30 37 55 57 60 71 72 73 74
30 37 55 57 60 69 70 73 75
30 37 55 57 60 69 70 73 74
30 37 55 57 60 69 70 71 72 75
30 37 55 57 60 69 70 71 72 73 74
30 37 55 57 58 59 71 73 75
30 37 55 57 58 59 71 73 74
30 37 55 57 58 59 71 72 75
30 37 55 57 58 59 71 72 73 74
30 37 55 57 58 59 69 70 73 75
30 37 55 57 58 59 69 70 73 74
30 37 55 57 58 59 69 70 71 72 75
30 37 55 57 58 59 69 70 71 72 73 74
30 37 48 55 59 60 71 73
30 37 48 55 59 60 71 72
30 37 48 55 59 60 69 70 73
30 37 48 55 59 60 69 70 71 72
30 37 48 55 58 59 71 73
30 37 48 55 58 59 71 72
30 37 48 55 58 59 69 70 73
30 37 48 55 58 59 69 70 71 72
30 37 48 55 57 60 71 73
30 37 48 55 57 60 71 72
30 37 48 55 57 60 69 70 73
30 37 48 55 57 60 69 70 71 72
30 37 48 55 57 58 59 71 73
30 37 48 55 57 58 59 71 72
30 37 48 55 57 58 59 69 70 73
30 37 48 55 57 58 59 69 70 71 72
30 37 46 55 59 60 71 75
30 37 46 55 59 60 71 73 74
30 37 46 55 59 60 69 70 75
30 37 46 55 59 60 69 70 73 74
30 37 46 55 58 59 71 75
30 37 46 55 58 59 71 73 74
30 37 46 55 58 59 69 70 75
30 37 46 55 58 59 69 70 73 74
30 37 46 55 57 60 71 75
30 37 46 55 57 60 71 73 74
30 37 46 55 57 60 69 70 75
30 37 46 55 57 60 69 70 73 74
30 37 46 55 57 58 59 71 75
30 37 46 55 57 58 59 71 73 74
30 37 46 55 57 58 59 69 70 75
30 37 46 55 57 58 59 69 70 73 74
30 37 46 48 55 59 60 71
30 37 46 48 55 59 60 69 70
30 37 46 48 55 58 59 71
30 37 46 48 55 58 59 69 70
30 37 46 48 55 57 60 71
30 37 46 48 55 57 60 69 70
30 37 46 48 55 57 58 59 71
30 37 46 48 55 57 58 59 69 70
30 37 44 55 59 60 73 75
30 37 44 55 59 60 73 74
30 37 44 55 59 60 71 72 75
30 37 44 55 59 60 71 72 73 74
30 37 44 55 58 59 73 75
30 37 44 55 58 59 73 74
30 37 44 55 58 59 71 72 75
30 37 44 55 58 59 71 72 73 74
30 37 44 55 57 60 73 75
30 37 44 55 57 60 73 74
30 37 44 55 57 60 71 72 75
30 37 44 55 57 60 71 72 73 74
30 37 44 55 57 58 59 73 75
30 37 44 55 57 58 59 73 74
30 37 44 55 57 58 59 71 72 75
30 37 44 55 57 58 59 71 72 73 74
30 37 44 48 55 59 60 73
30 37 44 48 55 59 60 71 72
30 37 44 48 55 58 59 73
30 37 44 48 55 58 59 71 72
30 37 44 48 55 57 60 73
30 37 44 48 55 57 60 71 72
30 37 44 48 55 57 58 59 73
30 37 44 48 55 57 58 59 71 72
30 37 44 46 55 59 60 75
30 37 44 46 55 59 60 73 74
30 37 44 46 55 58 59 75
30 37 44 46 55 58 59 73 74
30 37 44 46 55 57 60 75
30 37 44 46 55 57 60 73 74
30 37 44 46 55 57 58 59 75
30 37 44 46 55 57 58 59 73 74
30 37 44 46 48 55 59 60
30 37 44 46 48 55 58 59
30 37 44 46 48 55 57 60
30 37 44 46 48 55 57 58 59
30 33 55 59 64 71 73 75
30 33 55 59 64 71 73 74
30 33 55 59 64 71 72 75
30 33 55 59 64 71 72 73 74
30 33 55 59 64 69 70 73 75
30 33 55 59 64 69 70 73 74
30 33 55 59 64 69 70 71 72 75
30 33 55 59 64 69 70 71 72 73 74
30 33 55 59 62 63 71 73 75
30 33 55 59 62 63 71 73 74
30 33 55 59 62 63 71 72 75
30 33 55 59 62 63 71 72 73 74
30 33 55 59 62 63 69 70 73 75
30 33 55 59 62 63 69 70 73 74
30 33 55 59 62 63 69 70 71 72 75
30 33 55 59 62 63 69 70 71 72 73 74
30 33 55 57 64 71 73 75
30 33 55 57 64 71 73 74
30 33 55 57 64 71 72 75
30 33 55 57 64 71 72 73 74
30 33 55 57 64 69 70 73 75
30 33 55 57 64 69 70 73 74
30 33 55 57 64 69 70 71 72 75
30 33 55 57 64 69 70 71 72 73 74
30 33 55 57 62 63 71 73 75
30 33 55 57 62 63 71 73 74
30 33 55 57 62 63 71 72 75
30 33 55 57 62 63 71 72 73 74
30 33 55 57 62 63 69 70 73 75
30 33 55 57 62 63 69 70 73 74
30 33 55 57 62 63 69 70 71 72 75
30 33 55 57 62 63 69 70 71 72 73 74
30 33 48 55 59 64 71 73
30 33 48 55 59 64 71 72
30 33 48 55 59 64 69 70 73
30 33 48 55 59 64 69 70 71 72
30 33 48 55 59 62 63 71 73
30 33 48 55 59 62 63 71 72
30 33 48 55 59 62 63 69 70 73
30 33 48 55 59 62 63 69 70 71 72
30 33 48 55 57 64 71 73
30 33 48 55 57 64 71 72
30 33 48 55 57 64 69 70 73
30 33 48 55 57 64 69 70 71 72
30 33 48 55 57 62 63 71 73
30 33 48 55 57 62 63 71 72
30 33 48 55 57 62 63 69 70 73
30 33 48 55 57 62 63 69 70 71 72
30 33 46 55 59 64 71 75
30 33 46 55 59 64 71 73 74
30 33 46 55 59 64 69 70 75
30 33 46 55 59 64 69 70 73 74
30 33 46 55 59 62 63 71 75
30 33 46 55 59 62 63 71 73 74
30 33 46 55 59 62 63 69 70 75
30 33 46 55 59 62 63 69 70 73 74
30 33 46 55 57 64 71 75
30 33 46 55 57 64 71 73 74
30 33 46 55 57 64 69 70 75
30 33 46 55 57 64 69 70 73 74
30 33 46 55 57 62 63 71 75
30 33 46 55 57 62 63 71 73 74
30 33 46 55 57 62 63 69 70 75
30 33 46 55 57 62 63 69 70 73 74
30 33 46 48 55 59 64 71
30 33 46 48 55 59 64 69 70
30 33 46 48 55 59 62 63 71
30 33 46 48 55 59 62 63 69 70
30 33 46 48 55 57 64 71
30 33 46 48 55 57 64 69 70
30 33 46 48 55 57 62 63 71
30 33 46 48 55 57 62 63 69 70
30 33 44 55 59 64 73 75
30 33 44 55 59 64 73 74
30 33 44 55 59 64 71 72 75
30 33 44 55 59 64 71 72 73 74
30 33 44 55 59 62 63 73 75
30 33 44 55 59 62 63 73 74
30 33 44 55 59 62 63 71 72 75
30 33 44 55 59 62 63 71 72 73 74
30 33 44 55 57 64 73 75
30 33 44 55 57 64 73 74
30 33 44 55 57 64 71 72 75
30 33 44 55 57 64 71 72 73 74
30 33 44 55 57 62 63 73 75
30 33 44 55 57 62 63 73 74
30 33 44 55 57 62 63 71 72 75
30 33 44 55 57 62 63 71 72 73 74
30 33 44 48 55 59 64 73
30 33 44 48 55 59 64 71 72
30 33 44 48 55 59 62 63 73
30 33 44 48 55 59 62 63 71 72
30 33 44 48 55 57 64 73
30 33 44 48 55 57 64 71 72
30 33 44 48 55 57 62 63 73
30 33 44 48 55 57 62 63 71 72
30 33 44 46 55 59 64 75
30 33 44 46 55 59 64 73 74
30 33 44 46 55 59 62 63 75
30 33 44 46 55 59 62 63 73 74
30 33 44 46 55 57 64 75
30 33 44 46 55 57 64 73 74
30 33 44 46 55 57 62 63 75
30 33 44 46 55 57 62 63 73 74
30 33 44 46 48 55 59 64
30 33 44 46 48 55 59 62 63
30 33 44 46 48 55 57 64
30 33 44 46 48 55 57 62 63
30 33 37 55 59 71 73 75
30 33 37 55 59 71 73 74
30 33 37 55 59 71 72 75
30 33 37 55 59 71 72 73 74
30 33 37 55 59 69 70 73 75
30 33 37 55 59 69 70 73 74
30 33 37 55 59 69 70 71 72 75
30 33 37 55 59 69 70 71 72 73 74
30 33 37 55 57 71 73 75
30 33 37 55 57 71 73 74
30 33 37 55 57 71 72 75
30 33 37 55 57 71 72 73 74
30 33 37 55 57 69 70 73 75
30 33 37 55 57 69 70 73 74
30 33 37 55 57 69 70 71 72 75
30 33 37 55 57 69 70 71 72 73 74
30 33 37 48 55 59 71 73
30 33 37 48 55 59 71 72
30 33 37 48 55 59 69 70 73
30 33 37 48 55 59 69 70 71 72
30 33 37 48 55 57 71 73
30 33 37 48 55 57 71 72
30 33 37 48 55 57 69 70 73
30 33 37 48 55 57 69 70 71 72
30 33 37 46 55 59 71 75
30 33 37 46 55 59 71 73 74
30 33 37 46 55 59 69 70 75
30 33 37 46 55 59 69 70 73 74
30 33 37 46 55 57 71 75
30 33 37 46 55 57 71 73 74
30 33 37 46 55 57 69 70 75
30 33 37 46 55 57 69 70 73 74
30 33 37 46 48 55 59 71
30 33 37 46 48 55 59 69 70
30 33 37 46 48 55 57 71
30 33 37 46 48 55 57 69 70
30 33 37 44 55 59 73 75
30 33 37 44 55 59 73 74
30 33 37 44 55 59 71 72 75
30 33 37 44 55 59 71 72 73 74
30 33 37 44 55 57 73 75
30 33 37 44 55 57 73 74
30 33 37 44 55 57 71 72 75
30 33 37 44 55 57 71 72 73 74
30 33 37 44 48 55 59 73
30 33 37 44 48 55 59 71 72
30 33 37 44 48 55 57 73
30 33 37 44 48 55 57 71 72
30 33 37 44 46 55 59 75
30 33 37 44 46 55 59 73 74
30 33 37 44 46 55 57 75
30 33 37 44 46 55 57 73 74
30 33 37 44 46 48 55 59
30 33 37 44 46 48 55 57
28 29 55 59 60 64 71 73 75
28 29 55 59 60 64 71 73 74
28 29 55 59 60 64 71 72 75
28 29 55 59 60 64 71 72 73 74
28 29 55 59 60 64 69 70 73 75
28 29 55 59 60 64 69 70 73 74
28 29 55 59 60 64 69 70 71 72 75
28 29 55 59 60 64 69 70 71 72 73 74
28 29 55 59 60 62 63 71 73 75
28 29 55 59 60 62 63 71 73 74
28 29 55 59 60 62 63 71 72 75
28 29 55 59 60 62 63 71 72 73 74
28 29 55 59 60 62 63 69 70 73 75
28 29 55 59 60 62 63 69 70 73 74
28 29 55 59 60 62 63 69 70 71 72 75
28 29 55 59 60 62 63 69 70 71 72 73 74
28 29 55 58 59 64 71 73 75
28 29 55 58 59 64 71 73 74
28 29 55 58 59 64 71 72 75
28 29 55 58 59 64 71 72 73 74
28 29 55 58 59 64 69 70 73 75
28 29 55 58 59 64 69 70 73 74
28 29 55 58 59 64 69 70 71 72 75
28 29 55 58 59 64 69 70 71 72 73 74
28 29 55 58 59 62 63 71 73 75
28 29 55 58 59 62 63 71 73 74
28 29 55 58 59 62 63 71 72 75
28 29 55 58 59 62 63 71 72 73 74
28 29 55 58 59 62 63 69 70 73 75
28 29 55 58 59 62 63 69 70 73 74
28 29 55 58 59 62 63 69 70 71 72 75
28 29 55 58 59 62 63 69 70 71 72 73 74
28 29 55 57 60 64 71 73 75
28 29 55 57 60 64 71 73 74
28 29 55 57 60 64 71 72 75
28 29 55 57 60 64 71 72 73 74
28 29 55 57 60 64 69 70 73 75
28 29 55 57 60 64 69 70 73 74
28 29 55 57 60 64 69 70 71 72 75
28 29 55 57 60 64 69 70 71 72 73 74
28 29 55 57 60 62 63 71 73 75
28 29 55 57 60 62 63 71 73 74
28 29 55 57 60 62 63 71 72 75
28 29 55 57 60 62 63 71 72 73 74
28 29 55 57 60 62 63 69 70 73 75
28 29 55 57 60 62 63 69 70 73 74
28 29 55 57 60 62 63 69 70 71 72 75
28 29 55 57 60 62 63 69 70 71 72 73 74
28 29 55 57 58 59 64 71 73 75
28 29 55 57 58 59 64 71 73 74
28 29 55 57 58 59 64 71 72 75
28 29 55 57 58 59 64 71 72 73 74
28 29 55 57 58 59 64 69 70 73 75
28 29 55 57 58 59 64 69 70 73 74
28 29 55 57 58 59 64 69 70 71 72 75
28 29 55 57 58 59 64 69 70 71 72 73 74
28 29 55 57 58 59 62 63 71 73 75
28 29 55 57 58 59 62 63 71 73 74
28 29 55 57 58 59 62 63 71 72 75
28 29 55 57 58 59 62 63 71 72 73 74
28 29 55 57 58 59 62 63 69 70 73 75
28 29 55 57 58 59 62 63 69 70 73 74
28 29 55 57 58 59 62 63 69 70 71 72 75
28 29 55 57 58 59 62 63 69 70 71 72 73 74
28 29 48 55 59 60 64 71 73
28 29 48 55 59 60 64 71 72
28 29 48 55 59 60 64 69 70 73
28 29 48 55 59 60 64 69 70 71 72
28 29 48 55 59 60 62 63 71 73
28 29 48 55 59 60 62 63 71 72
28 29 48 55 59 60 62 63 69 70 73
28 29 48 55 59 60 62 63 69 70 71 72
28 29 48 55 58 59 64 71 73
28 29 48 55 58 59 64 71 72
28 29 48 55 58 59 64 69 70 73
28 29 48 55 58 59 64 69 70 71 72
28 29 48 55 58 59 62 63 71 73
28 29 48 55 58 59 62 63 71 72
28 29 48 55 58 59 62 63 69 70 73
28 29 48 55 58 59 62 63 69 70 71 72
28 29 48 55 57 60 64 71 73
28 29 48 55 57 60 64 71 72
28 29 48 55 57 60 64 69 70 73
28 29 48 55 57 60 64 69 70 71 72
28 29 48 55 57 60 62 63 71 73
28 29 48 55 57 60 62 63 71 72
28 29 48 55 57 60 62 63 69 70 73
28 29 48 55 57 60 62 63 69 70 71 72
28 29 48 55 57 58 59 64 71 73
28 29 48 55 57 58 59 64 71 72
28 29 48 55 57 58 59 64 69 70 73
28 29 48 55 57 58 59 64 69 70 71 72
28 29 48 55 57 58 59 62 63 71 73
28 29 48 55 57 58 59 62 63 71 72
28 29 48 55 57 58 59 62 63 69 70 73
28 29 48 55 57 58 59 62 63 69 70 71 72
28 29 46 55 59 60 64 71 75
28 29 46 55 59 60 64 71 73 74
28 29 46 55 59 60 64 69 70 75
28 29 46 55 59 60 64 69 70 73 74
28 29 46 55 59 60 62 63 71 75
28 29 46 55 59 60 62 63 71 73 74
28 29 46 55 59 60 62 63 69 70 75
28 29 46 55 59 60 62 63 69 70 73 74
28 29 46 55 58 59 64 71 75
28 29 46 55 58 59 64 71 73 74
28 29 46 55 58 59 64 69 70 75
28 29 46 55 58 59 64 69 70 73 74
28 29 46 55 58 59 62 63 71 75
28 29 46 55 58 59 62 63 71 73 74
28 29 46 55 58 59 62 63 69 70 75
28 29 46 55 58 59 62 63 69 70 73 74
28 29 46 55 57 60 64 71 75
28 29 46 55 57 60 64 71 73 74
28 29 46 55 57 60 64 69 70 75
28 29 46 55 57 60 64 69 70 73 74
28 29 46 55 57 60 62 63 71 75
28 29 46 55 57 60 62 63 71 73 74
28 29 46 55 57 60 62 63 69 70 75
28 29 46 55 57 60 62 63 69 70 73 74
28 29 46 55 57 58 59 64 71 75
28 29 46 55 57 58 59 64 71 73 74
28 29 46 55 57 58 59 64 69 70 75
28 29 46 55 57 58 59 64 69 70 73 74
28 29 46 55 57 58 59 62 63 71 75
28 29 46 55 57 58 59 62 63 71 73 74
28 29 46 55 57 58 59 62 63 69 70 75
28 29 46 55 57 58 59 62 63 69 70 73 74
28 29 46 48 55 59 60 64 71
28 29 46 48 55 59 60 64 69 70
28 29 46 48 55 59 60 62 63 71
28 29 46 48 55 59 60 62 63 69 70
28 29 46 48 55 58 59 64 71
28 29 46 48 55 58 59 64 69 70
28 29 46 48 55 58 59 62 63 71
28 29 46 48 55 58 59 62 63 69 70
28 29 46 48 55 57 60 64 71
28 29 46 48 55 57 60 64 69 70
28 29 46 48 55 57 60 62 63 71
28 29 46 48 55 57 60 62 63 69 70
28 29 46 48 55 57 58 59 64 71
28 29 46 48 55 57 58 59 64 69 70
28 29 46 48 55 57 58 59 62 63 71
28 29 46 48 55 57 58 59 62 63 69 70
28 29 44 55 59 60 64 73 75
28 29 44 55 59 60 64 73 74
28 29 44 55 59 60 64 71 72 75
28 29 44 55 59 60 64 71 72 73 74
28 29 44 55 59 60 62 63 73 75
28 29 44 55 59 60 62 63 73 74
28 29 44 55 59 60 62 63 71 72 75
28 29 44 55 59 60 62 63 71 72 73 74
28 29 44 55 58 59 64 73 75
28 29 44 55 58 59 64 73 74
28 29 44 55 58 59 64 71 72 75
28 29 44 55 58 59 64 71 72 73 74
28 29 44 55 58 59 62 63 73 75
28 29 44 55 58 59 62 63 73 74
28 29 44 55 58 59 62 63 71 72 75
28 29 44 55 58 59 62 63 71 72 73 74
28 29 44 55 57 60 64 73 75
28 29 44 55 57 60 64 73 74
28 29 44 55 57 60 64 71 72 75
28 29 44 55 57 60 64 71 72 73 74
28 29 44 55 57 60 62 63 73 75
28 29 44 55 57 60 62 63 73 74
28 29 44 55 57 60 62 63 71 72 75
28 29 44 55 57 60 62 63 71 72 73 74
28 29 44 55 57 58 59 64 73 75
28 29 44 55 57 58 59 64 73 74
28 29 44 55 57 58 59 64 71 72 75
28 29 44 55 57 58 59 64 71 72 73 74
28 29 44 55 57 58 59 62 63 73 75
28 29 44 55 57 58 59 62 63 73 74
28 29 44 55 57 58 59 62 63 71 72 75
28 29 44 55 57 58 59 62 63 71 72 73 74
28 29 44 48 55 59 60 64 73
28 29 44 48 55 59 60 64 71 72
28 29 44 48 55 59 60 62 63 73
28 29 44 48 55 59 60 62 63 71 72
28 29 44 48 55 58 59 64 73
28 29 44 48 55 58 59 64 71 72
28 29 44 48 55 58 59 62 63 73
28 29 44 48 55 58 59 62 63 71 72
28 29 44 48 55 57 60 64 73
28 29 44 48 55 57 60 64 71 72
28 29 44 48 55 57 60 62 63 73
28 29 44 48 55 57 60 62 63 71 72
28 29 44 48 55 57 58 59 64 73
28 29 44 48 55 57 58 59 64 71 72
28 29 44 48 55 57 58 59 62 63 73
28 29 44 48 55 57 58 59 62 63 71 72
28 29 44 46 55 59 60 64 75
28 29 44 46 55 59 60 64 73 74
28 29 44 46 55 59 60 62 63 75
28 29 44 46 55 59 60 62 63 73 74
28 29 44 46 55 58 59 64 75
28 29 44 46 55 58 59 64 73 74
28 29 44 46 55 58 59 62 63 75
28 29 44 46 55 58 59 62 63 73 74
28 29 44 46 55 57 60 64 75
28 29 44 46 55 57 60 64 73 74
28 29 44 46 55 57 60 62 63 75
28 29 44 46 55 57 60 62 63 73 74
28 29 44 46 55 57 58 59 64 75
28 29 44 46 55 57 58 59 64 73 74
28 29 44 46 55 57 58 59 62 63 75
28 29 44 46 55 57 58 59 62 63 73 74
28 29 44 46 48 55 59 60 64
28 29 44 46 48 55 59 60 62 63
28 29 44 46 48 55 58 59 64
28 29 44 46 48 55 58 59 62 63
28 29 44 46 48 55 57 60 64
28 29 44 46 48 55 57 60 62 63
28 29 44 46 48 55 57 58 59 64
28 29 44 46 48 55 57 58 59 62 63
28 29 37 55 59 60 71 73 75
28 29 37 55 59 60 71 73 74
28 29 37 55 59 60 71 72 75
28 29 37 55 59 60 71 72 73 74
28 29 37 55 59 60 69 70 73 75
28 29 37 55 59 60 69 70 73 74
28 29 37 55 59 60 69 70 71 72 75
28 29 37 55 59 60 69 70 71 72 73 74
28 29 37 55 58 59 71 73 75
28 29 37 55 58 59 71 73 74
28 29 37 55 58 59 71 72 75
28 29 37 55 58 59 71 72 73 74
28 29 37 55 58 59 69 70 73 75
28 29 37 55 58 59 69 70 73 74
28 29 37 55 58 59 69 70 71 72 75
28 29 37 55 58 59 69 70 71 72 73 74
28 29 37 55 57 60 71 73 75
28 29 37 55 57 60 71 73 74
28 29 37 55 57 60 71 72 75
28 29 37 55 57 60 71 72 73 74
28 29 37 55 57 60 69 70 73 75
28 29 37 55 57 60 69 70 73 74
28 29 37 55 57 60 69 70 71 72 75
28 29 37 55 57 60 69 70 71 72 73 74
28 29 37 55 57 58 59 71 73 75
28 29 37 55 57 58 59 71 73 74
28 29 37 55 57 58 59 71 72 75
28 29 37 55 57 58 59 71 72 73 74
28 29 37 55 57 58 59 69 70 73 75
28 29 37 55 57 58 59 69 70 73 74
28 29 37 55 57 58 59 69 70 71 72 75
28 29 37 55 57 58 59 69 70 71 72 73 74
28 29 37 48 55 59 60 71 73
28 29 37 48 55 59 60 71 72
28 29 37 48 55 59 60 69 70 73
28 29 37 48 55 59 60 69 70 71 72
28 29 37 48 55 58 59 71 73
28 29 37 48 55 58 59 71 72
28 29 37 48 55 58 59 69 70 73
28 29 37 48 55 58 59 69 70 71 72
28 29 37 48 55 57 60 71 73
28 29 37 48 55 57 60 71 72
28 29 37 48 55 57 60 69 70 73
28 29 37 48 55 57 60 69 70 71 72
28 29 37 48 55 57 58 59 71 73
28 29 37 48 55 57 58 59 71 72
28 29 37 48 55 57 58 59 69 70 73
28 29 37 48 55 57 58 59 69 70 71 72
28 29 37 46 55 59 60 71 75
28 29 37 46 55 59 60 71 73 74
28 29 37 46 55 59 60 69 70 75
28 29 37 46 55 59 60 69 70 73 74
28 29 37 46 55 58 59 71 75
28 29 37 46 55 58 59 71 73 74
28 29 37 46 55 58 59 69 70 75
28 29 37 46 55 58 59 69 70 73 74
28 29 37 46 55 57 60 71 75
28 29 37 46 55 57 60 71 73 74
28 29 37 46 55 57 60 69 70 75
28 29 37 46 55 57 60 69 70 73 74
28 29 37 46 55 57 58 59 71 75
28 29 37 46 55 57 58 59 71 73 74
28 29 37 46 55 57 58 59 69 70 75
28 29 37 46 55 57 58 59 69 70 73 74
28 29 37 46 48 55 59 60 71
28 29 37 46 48 55 59 60 69 70
28 29 37 46 48 55 58 59 71
28 29 37 46 48 55 58 59 69 70
28 29 37 46 48 55 57 60 71
28 29 37 46 48 55 57 60 69 70
28 29 37 46 48 55 57 58 59 71
28 29 37 46 48 55 57 58 59 69 70
28 29 37 44 55 59 60 73 75
28 29 37 44 55 59 60 73 74
28 29 37 44 55 59 60 71 72 75
28 29 37 44 55 59 60 71 72 73 74
28 29 37 44 55 58 59 73 75
28 29 37 44 55 58 59 73 74
28 29 37 44 55 58 59 71 72 75
28 29 37 44 55 58 59 71 72 73 74
28 29 37 44 55 57 60 73 75
28 29 37 44 55 57 60 73 74
28 29 37 44 55 57 60 71 72 75
28 29 37 44 55 57 60 71 72 73 74
28 29 37 44 55 57 58 59 73 75
28 29 37 44 55 57 58 59 73 74
28 29 37 44 55 57 58 59 71 72 75
28 29 37 44 55 57 58 59 71 72 73 74
28 29 37 44 48 55 59 60 73
28 29 37 44 48 55 59 60 71 72
28 29 37 44 48 55 58 59 73
28 29 37 44 48 55 58 59 71 72
28 29 37 44 48 55 57 60 73
28 29 37 44 48 55 57 60 71 72
28 29 37 44 48 55 57 58 59 73
28 29 37 44 48 55 57 58 59 71 72
28 29 37 44 46 55 59 60 75
28 29 37 44 46 55 59 60 73 74
28 29 37 44 46 55 58 59 75
28 29 37 44 46 55 58 59 73 74
28 29 37 44 46 55 57 60 75
28 29 37 44 46 55 57 60 73 74
28 29 37 44 46 55 57 58 59 75
28 29 37 44 46 55 57 58 59 73 74
28 29 37 44 46 48 55 59 60
28 29 37 44 46 48 55 58 59
28 29 37 44 46 48 55 57 60
28 29 37 44 46 48 55 57 58 59
28 29 33 55 59 64 71 73 75
28 29 33 55 59 64 71 73 74
28 29 33 55 59 64 71 72 75
28 29 33 55 59 64 71 72 73 74
28 29 33 55 59 64 69 70 73 75
28 29 33 55 59 64 69 70 73 74
28 29 33 55 59 64 69 70 71 72 75
28 29 33 55 59 64 69 70 71 72 73 74
28 29 33 55 59 62 63 71 73 75
28 29 33 55 59 62 63 71 73 74
28 29 33 55 59 62 63 71 72 75
28 29 33 55 59 62 63 71 72 73 74
28 29 33 55 59 62 63 69 70 73 75
28 29 33 55 59 62 63 69 70 73 74
28 29 33 55 59 62 63 69 70 71 72 75
28 29 33 55 59 62 63 69 70 71 72 73 74
28 29 33 55 57 64 71 73 75
28 29 33 55 57 64 71 73 74
28 29 33 55 57 64 71 72 75
28 29 33 55 57 64 71 72 73 74
28 29 33 55 57 64 69 70 73 75
28 29 33 55 57 64 69 70 73 74
28 29 33 55 57 64 69 70 71 72 75
28 29 33 55 57 64 69 70 71 72 73 74
28 29 33 55 57 62 63 71 73 75
28 29 33 55 57 62 63 71 73 74
28 29 33 55 57 62 63 71 72 75
28 29 33 55 57 62 63 71 72 73 74
28 29 33 55 57 62 63 69 70 73 75
28 29 33 55 57 62 63 69 70 73 74
28 29 33 55 57 62 63 69 70 71 72 75
28 29 33 55 57 62 63 69 70 71 72 73 74
28 29 33 48 55 59 64 71 73
28 29 33 48 55 59 64 71 72
28 29 33 48 55 59 64 69 70 73
28 29 33 48 55 59 64 69 70 71 72
28 29 33 48 55 59 62 63 71 73
28 29 33 48 55 59 62 63 71 72
28 29 33 48 55 59 62 63 69 70 73
28 29 33 48 55 59 62 63 69 70 71 72
28 29 33 48 55 57 64 71 73
28 29 33 48 55 57 64 71 72
28 29 33 48 55 57 64 69 70 73
28 29 33 48 55 57 64 69 70 71 72
28 29 33 48 55 57 62 63 71 73
28 29 33 48 55 57 62 63 71 72
28 29 33 48 55 57 62 63 69 70 73
28 29 33 48 55 57 62 63 69 70 71 72
28 29 33 46 55 59 64 71 75
28 29 33 46 55 59 64 71 73 74
28 29 33 46 55 59 64 69 70 75
28 29 33 46 55 59 64 69 70 73 74
28 29 33 46 55 59 62 63 71 75
28 29 33 46 55 59 62 63 71 73 74
28 29 33 46 55 59 62 63 69 70 75
28 29 33 46 55 59 62 63 69 70 73 74
28 29 33 46 55 57 64 71 75
28 29 33 46 55 57 64 71 73 74
28 29 33 46 55 57 64 69 70 75
28 29 33 46 55 57 64 69 70 73 74
28 29 33 46 55 57 62 63 71 75
28 29 33 46 55 57 62 63 71 73 74
28 29 33 46 55 57 62 63 69 70 75
28 29 33 46 55 57 62 63 69 70 73 74
28 29 33 46 48 55 59 64 71
28 29 33 46 48 55 59 64 69 70
28 29 33 46 48 55 59 62 63 71
28 29 33 46 48 55 59 62 63 69 70
28 29 33 46 48 55 57 64 71
28 29 33 46 48 55 57 64 69 70
28 29 33 46 48 55 57 62 63 71
28 29 33 46 48 55 57 62 63 69 70
28 29 33 44 55 59 64 73 75
28 29 33 44 55 59 64 73 74
28 29 33 44 55 59 64 71 72 75
28 29 33 44 55 59 64 71 72 73 74
28 29 33 44 55 59 62 63 73 75
28 29 33 44 55 59 62 63 73 74
28 29 33 44 55 59 62 63 71 72 75
28 29 33 44 55 59 62 63 71 72 73 74
28 29 33 44 55 57 64 73 75
28 29 33 44 55 57 64 73 74
28 29 33 44 55 57 64 71 72 75
28 29 33 44 55 57 64 71 72 73 74
28 29 33 44 55 57 62 63 73 75
28 29 33 44 55 57 62 63 73 74
28 29 33 44 55 57 62 63 71 72 75
28 29 33 44 55 57 62 63 71 72 73 74
28 29 33 44 48 55 59 64 73
28 29 33 44 48 55 59 64 71 72
28 29 33 44 48 55 59 62 63 73
28 29 33 44 48 55 59 62 63 71 72
28 29 33 44 48 55 57 64 73
28 29 33 44 48 55 57 64 71 72
28 29 33 44 48 55 57 62 63 73
28 29 33 44 48 55 57 62 63 71 72
28 29 33 44 46 55 59 64 75
28 29 33 44 46 55 59 64 73 74
28 29 33 44 46 55 59 62 63 75
28 29 33 44 46 55 59 62 63 73 74
28 29 33 44 46 55 57 64 75
28 29 33 44 46 55 57 64 73 74
28 29 33 44 46 55 57 62 63 75
28 29 33 44 46 55 57 62 63 73 74
28 29 33 44 46 48 55 59 64
28 29 33 44 46 48 55 59 62 63
28 29 33 44 46 48 55 57 64
28 29 33 44 46 48 55 57 62 63
28 29 33 37 55 59 71 73 75
28 29 33 37 55 59 71 73 74
28 29 33 37 55 59 71 72 75
28 29 33 37 55 59 71 72 73 74
28 29 33 37 55 59 69 70 73 75
28 29 33 37 55 59 69 70 73 74
28 29 33 37 55 59 69 70 71 72 75
28 29 33 37 55 59 69 70 71 72 73 74
28 29 33 37 55 57 71 73 75
28 29 33 37 55 57 71 73 74
28 29 33 37 55 57 71 72 75
28 29 33 37 55 57 71 72 73 74
28 29 33 37 55 57 69 70 73 75
28 29 33 37 55 57 69 70 73 74
28 29 33 37 55 57 69 70 71 72 75
28 29 33 37 55 57 69 70 71 72 73 74
28 29 33 37 48 55 59 71 73
28 29 33 37 48 55 59 71 72
28 29 33 37 48 55 59 69 70 73
28 29 33 37 48 55 59 69 70 71 72
28 29 33 37 48 55 57 71 73
28 29 33 37 48 55 57 71 72
28 29 33 37 48 55 57 69 70 73
28 29 33 37 48 55 57 69 70 71 72
28 29 33 37 46 55 59 71 75
28 29 33 37 46 55 59 71 73 74
28 29 33 37 46 55 59 69 70 75
28 29 33 37 46 55 59 69 70 73 74
28 29 33 37 46 55 57 71 75
28 29 33 37 46 55 57 71 73 74
28 29 33 37 46 55 57 69 70 75
28 29 33 37 46 55 57 69 70 73 74
28 29 33 37 46 48 55 59 71
28 29 33 37 46 48 55 59 69 70
28 29 33 37 46 48 55 57 71
28 29 33 37 46 48 55 57 69 70
28 29 33 37 44 55 59 73 75
28 29 33 37 44 55 59 73 74
28 29 33 37 44 55 59 71 72 75
28 29 33 37 44 55 59 71 72 73 74
28 29 33 37 44 55 57 73 75
28 29 33 37 44 55 57 73 74
28 29 33 37 44 55 57 71 72 75
28 29 33 37 44 55 57 71 72 73 74
28 29 33 37 44 48 55 59 73
28 29 33 37 44 48 55 59 71 72
28 29 33 37 44 48 55 57 73
28 29 33 37 44 48 55 57 71 72
28 29 33 37 44 46 55 59 75
28 29 33 37 44 46 55 59 73 74
28 29 33 37 44 46 55 57 75
28 29 33 37 44 46 55 57 73 74
28 29 33 37 44 46 48 55 59
28 29 33 37 44 46 48 55 57
22 67
22 65 66
22 40
18 57 67
18 57 65 66
18 40 57
16 55 64 71
16 55 64 71 73
16 55 64 71 72
16 55 64 69 70
16 55 64 69 70 73
16 55 64 69 70 71 72
16 55 62 63 71
16 55 62 63 71 73
16 55 62 63 71 72
16 55 62 63 69 70
16 55 62 63 69 70 73
16 55 62 63 69 70 71 72
16 55 58 64 71
16 55 58 64 69 70
16 55 58 62 63 71
16 55 58 62 63 69 70
16 55 56 57 64 71
16 55 56 57 64 69 70
16 55 56 57 62 63 71
16 55 56 57 62 63 69 70
16 46 55 64 71
16 46 55 64 69 70
16 46 55 62 63 71
16 46 55 62 63 69 70
16 44 55 64
16 44 55 64 73
16 44 55 64 71 72
16 44 55 62 63
16 44 55 62 63 73
16 44 55 62 63 71 72
16 44 55 58 64
16 44 55 58 62 63
16 44 55 56 57 64
16 44 55 56 57 62 63
16 44 46 55 64
16 44 46 55 62 63
16 37 55 71
16 37 55 71 73
16 37 55 71 72
16 37 55 69 70
16 37 55 69 70 73
16 37 55 69 70 71 72
16 37 55 58 71
16 37 55 58 69 70
16 37 55 56 57 71
16 37 55 56 57 69 70
16 37 46 55 71
16 37 46 55 69 70
16 37 44 55
16 37 44 55 73
16 37 44 55 71 72
16 37 44 55 58
16 37 44 55 56 57
16 37 44 46 55
16 31 55 64 71
16 31 55 64 69 70
16 31 55 62 63 71
16 31 55 62 63 69 70
16 31 44 55 64
16 31 44 55 62 63
16 31 37 55 71
16 31 37 55 69 70
16 31 37 44 55
15 55 59 73 75
15 55 59 73 74
15 55 59 71 72 75
15 55 59 71 72 73 74
15 55 57 73 75
15 55 57 73 74
15 55 57 71 72 75
15 55 57 71 72 73 74
15 48 55 59 73
15 48 55 59 71 72
15 48 55 57 73
15 48 55 57 71 72
15 46 55 59 75
15 46 55 59 73 74
15 46 55 57 75
15 46 55 57 73 74
15 46 48 55 59
15 46 48 55 57
3 55 59 60 64 71 73 75
3 55 59 60 64 71 73 74
3 55 59 60 64 71 72 75
3 55 59 60 64 71 72 73 74
3 55 59 60 64 69 70 73 75
3 55 59 60 64 69 70 73 74
3 55 59 60 64 69 70 71 72 75
3 55 59 60 64 69 70 71 72 73 74
3 55 59 60 62 63 71 73 75
3 55 59 60 62 63 71 73 74
3 55 59 60 62 63 71 72 75
3 55 59 60 62 63 71 72 73 74
3 55 59 60 62 63 69 70 73 75
3 55 59 60 62 63 69 70 73 74
3 55 59 60 62 63 69 70 71 72 75
3 55 59 60 62 63 69 70 71 72 73 74
3 55 58 59 64 71 73 75
3 55 58 59 64 71 73 74
3 55 58 59 64 71 72 75
3 55 58 59 64 71 72 73 74
3 55 58 59 64 69 70 73 75
3 55 58 59 64 69 70 73 74
3 55 58 59 64 69 70 71 72 75
3 55 58 59 64 69 70 71 72 73 74
3 55 58 59 62 63 71 73 75
3 55 58 59 62 63 71 73 74
3 55 58 59 62 63 71 72 75
3 55 58 59 62 63 71 72 73 74
3 55 58 59 62 63 69 70 73 75
3 55 58 59 62 63 69 70 73 74
3 55 58 59 62 63 69 70 71 72 75
3 55 58 59 62 63 69 70 71 72 73 74
3 55 57 60 64 71 73 75
3 55 57 60 64 71 73 74
3 55 57 60 64 71 72 75
3 55 57 60 64 71 72 73 74
3 55 57 60 64 69 70 73 75
3 55 57 60 64 69 70 73 74
3 55 57 60 64 69 70 71 72 75
3 55 57 60 64 69 70 71 72 73 74
3 55 57 60 62 63 71 73 75
3 55 57 60 62 63 71 73 74
3 55 57 60 62 63 71 72 75
3 55 57 60 62 63 71 72 73 74
3 55 57 60 62 63 69 70 73 75
3 55 57 60 62 63 69 70 73 74
3 55 57 60 62 63 69 70 71 72 75
3 55 57 60 62 63 69 70 71 72 73 74
3 55 57 58 59 64 71 73 75
3 55 57 58 59 64 71 73 74
3 55 57 58 59 64 71 72 75
3 55 57 58 59 64 71 72 73 74
3 55 57 58 59 64 69 70 73 75
3 55 57 58 59 64 69 70 73 74
3 55 57 58 59 64 69 70 71 72 75
3 55 57 58 59 64 69 70 71 72 73 74
3 55 57 58 59 62 63 71 73 75
3 55 57 58 59 62 63 71 73 74
3 55 57 58 59 62 63 71 72 75
3 55 57 58 59 62 63 71 72 73 74
3 55 57 58 59 62 63 69 70 73 75
3 55 57 58 59 62 63 69 70 73 74
3 55 57 58 59 62 63 69 70 71 72 75
3 55 57 58 59 62 63 69 70 71 72 73 74
3 48 55 59 60 64 71 73
3 48 55 59 60 64 71 72
3 48 55 59 60 64 69 70 73
3 48 55 59 60 64 69 70 71 72
3 48 55 59 60 62 63 71 73
3 48 55 59 60 62 63 71 72
3 48 55 59 60 62 63 69 70 73
3 48 55 59 60 62 63 69 70 71 72
3 48 55 58 59 64 71 73
3 48 55 58 59 64 71 72
3 48 55 58 59 64 69 70 73
3 48 55 58 59 64 69 70 71 72
3 48 55 58 59 62 63 71 73
3 48 55 58 59 62 63 71 72
3 48 55 58 59 62 63 69 70 73
3 48 55 58 59 62 63 69 70 71 72
3 48 55 57 60 64 71 73
3 48 55 57 60 64 71 72
3 48 55 57 60 64 69 70 73
3 48 55 57 60 64 69 70 71 72
3 48 55 57 60 62 63 71 73
3 48 55 57 60 62 63 71 72
3 48 55 57 60 62 63 69 70 73
3 48 55 57 60 62 63 69 70 71 72
3 48 55 57 58 59 64 71 73
3 48 55 57 58 59 64 71 72
3 48 55 57 58 59 64 69 70 73
3 48 55 57 58 59 64 69 70 71 72
3 48 55 57 58 59 62 63 71 73
3 48 55 57 58 59 62 63 71 72
3 48 55 57 58 59 62 63 69 70 73
3 48 55 57 58 59 62 63 69 70 71 72
3 46 55 59 60 64 71 75
3 46 55 59 60 64 71 73 74
3 46 55 59 60 64 69 70 75
3 46 55 59 60 64 69 70 73 74
3 46 55 59 60 62 63 71 75
3 46 55 59 60 62 63 71 73 74
3 46 55 59 60 62 63 69 70 75
3 46 55 59 60 62 63 69 70 73 74
3 46 55 58 59 64 71 75
3 46 55 58 59 64 71 73 74
3 46 55 58 59 64 69 70 75
3 46 55 58 59 64 69 70 73 74
3 46 55 58 59 62 63 71 75
3 46 55 58 59 62 63 71 73 74
3 46 55 58 59 62 63 69 70 75
3 46 55 58 59 62 63 69 70 73 74
3 46 55 57 60 64 71 75
3 46 55 57 60 64 71 73 74
3 46 55 57 60 64 69 70 75
3 46 55 57 60 64 69 70 73 74
3 46 55 57 60 62 63 71 75
3 46 55 57 60 62 63 71 73 74
3 46 55 57 60 62 63 69 70 75
3 46 55 57 60 62 63 69 70 73 74
3 46 55 57 58 59 64 71 75
3 46 55 57 58 59 64 71 73 74
3 46 55 57 58 59 64 69 70 75
3 46 55 57 58 59 64 69 70 73 74
3 46 55 57 58 59 62 63 71 75
3 46 55 57 58 59 62 63 71 73 74
3 46 55 57 58 59 62 63 69 70 75
3 46 55 57 58 59 62 63 69 70 73 74
3 46 48 55 59 60 64 71
3 46 48 55 59 60 64 69 70
3 46 48 55 59 60 62 63 71
3 46 48 55 59 60 62 63 69 70
3 46 48 55 58 59 64 71
3 46 48 55 58 59 64 69 70
3 46 48 55 58 59 62 63 71
3 46 48 55 58 59 62 63 69 70
3 46 48 55 57 60 64 71
3 46 48 55 57 60 64 69 70
3 46 48 55 57 60 62 63 71
3 46 48 55 57 60 62 63 69 70
3 46 48 55 57 58 59 64 71
3 46 48 55 57 58 59 64 69 70
3 46 48 55 57 58 59 62 63 71
3 46 48 55 57 58 59 62 63 69 70
3 44 55 59 60 64 73 75
3 44 55 59 60 64 73 74
3 44 55 59 60 64 71 72 75
3 44 55 59 60 64 71 72 73 74
3 44 55 59 60 62 63 73 75
3 44 55 59 60 62 63 73 74
3 44 55 59 60 62 63 71 72 75
3 44 55 59 60 62 63 71 72 73 74
3 44 55 58 59 64 73 75
3 44 55 58 59 64 73 74
3 44 55 58 59 64 71 72 75
3 44 55 58 59 64 71 72 73 74
3 44 55 58 59 62 63 73 75
3 44 55 58 59 62 63 73 74
3 44 55 58 59 62 63 71 72 75
3 44 55 58 59 62 63 71 72 73 74
3 44 55 57 60 64 73 75
3 44 55 57 60 64 73 74
3 44 55 57 60 64 71 72 75
3 44 55 57 60 64 71 72 73 74
3 44 55 57 60 62 63 73 75
3 44 55 57 60 62 63 73 74
3 44 55 57 60 62 63 71 72 75
3 44 55 57 60 62 63 71 72 73 74
3 44 55 57 58 59 64 73 75
3 44 55 57 58 59 64 73 74
3 44 55 57 58 59 64 71 72 75
3 44 55 57 58 59 64 71 72 73 74
3 44 55 57 58 59 62 63 73 75
3 44 55 57 58 59 62 63 73 74
3 44 55 57 58 59 62 63 71 72 75
3 44 55 57 58 59 62 63 71 72 73 74
3 44 48 55 59 60 64 73
3 44 48 55 59 60 64 71 72
3 44 48 55 59 60 62 63 73
3 44 48 55 59 60 62 63 71 72
3 44 48 55 58 59 64 73
3 44 48 55 58 59 64 71 72
3 44 48 55 58 59 62 63 73
3 44 48 55 58 59 62 63 71 72
3 44 48 55 57 60 64 73
3 44 48 55 57 60 64 71 72
3 44 48 55 57 60 62 63 73
3 44 48 55 57 60 62 63 71 72
3 44 48 55 57 58 59 64 73
3 44 48 55 57 58 59 64 71 72
3 44 48 55 57 58 59 62 63 73
3 44 48 55 57 58 59 62 63 71 72
3 44 46 55 59 60 64 75
3 44 46 55 59 60 64 73 74
3 44 46 55 59 60 62 63 75
3 44 46 55 59 60 62 63 73 74
3 44 46 55 58 59 64 75
3 44 46 55 58 59 64 73 74
3 44 46 55 58 59 62 63 75
3 44 46 55 58 59 62 63 73 74
3 44 46 55 57 60 64 75
3 44 46 55 57 60 64 73 74
3 44 46 55 57 60 62 63 75
3 44 46 55 57 60 62 63 73 74
3 44 46 55 57 58 59 64 75
3 44 46 55 57 58 59 64 73 74
3 44 46 55 57 58 59 62 63 75
3 44 46 55 57 58 59 62 63 73 74
3 44 46 48 55 59 60 64
3 44 46 48 55 59 60 62 63
3 44 46 48 55 58 59 64
3 44 46 48 55 58 59 62 63
3 44 46 48 55 57 60 64
3 44 46 48 55 57 60 62 63
3 44 46 48 55 57 58 59 64
3 44 46 48 55 57 58 59 62 63
3 37 55 59 60 71 73 75
3 37 55 59 60 71 73 74
3 37 55 59 60 71 72 75
3 37 55 59 60 71 72 73 74
3 37 55 59 60 69 70 73 75
3 37 55 59 60 69 70 73 74
3 37 55 59 60 69 70 71 72 75
3 37 55 59 60 69 70 71 72 73 74
3 37 55 58 59 71 73 75
3 37 55 58 59 71 73 74
3 37 55 58 59 71 72 75
3 37 55 58 59 71 72 73 74
3 37 55 58 59 69 70 73 75
3 37 55 58 59 69 70 73 74
3 37 55 58 59 69 70 71 72 75
3 37 55 58 59 69 70 71 72 73 74
3 37 55 57 60 71 73 75
3 37 55 57 60 71 73 74
3 37 55 57 60 71 72 75
3 37 55 57 60 71 72 73 74
3 37 55 57 60 69 70 73 75
3 37 55 57 60 69 70 73 74
3 37 55 57 60 69 70 71 72 75
3 37 55 57 60 69 70 71 72 73 74
3 37 55 57 58 59 71 73 75
3 37 55 57 58 59 71 73 74
3 37 55 57 58 59 71 72 75
3 37 55 57 58 59 71 72 73 74
3 37 55 57 58 59 69 70 73 75
3 37 55 57 58 59 69 70 73 74
3 37 55 57 58 59 69 70 71 72 75
3 37 55 57 58 59 69 70 71 72 73 74
3 37 48 55 59 60 71 73
3 37 48 55 59 60 71 72
3 37 48 55 59 60 69 70 73
3 37 48 55 59 60 69 70 71 72
3 37 48 55 58 59 71 73
3 37 48 55 58 59 71 72
3 37 48 55 58 59 69 70 73
3 37 48 55 58 59 69 70 71 72
3 37 48 55 57 60 71 73
3 37 48 55 57 60 71 72
3 37 48 55 57 60 69 70 73
3 37 48 55 57 60 69 70 71 72
3 37 48 55 57 58 59 71 73
3 37 48 55 57 58 59 71 72
3 37 48 55 57 58 59 69 70 73
3 37 48 55 57 58 59 69 70 71 72
3 37 46 55 59 60 71 75
3 37 46 55 59 60 71 73 74
3 37 46 55 59 60 69 70 75
3 37 46 55 59 60 69 70 73 74
3 37 46 55 58 59 71 75
3 37 46 55 58 59 71 73 74
3 37 46 55 58 59 69 70 75
3 37 46 55 58 59 69 70 73 74
3 37 46 55 57 60 71 75
3 37 46 55 57 60 71 73 74
3 37 46 55 57 60 69 70 75
3 37 46 55 57 60 69 70 73 74
3 37 46 55 57 58 59 71 75
3 37 46 55 57 58 59 71 73 74
3 37 46 55 57 58 59 69 70 75
3 37 46 55 57 58 59 69 70 73 74
3 37 46 48 55 59 60 71
3 37 46 48 55 59 60 69 70
3 37 46 48 55 58 59 71
3 37 46 48 55 58 59 69 70
3 37 46 48 55 57 60 71
3 37 46 48 55 57 60 69 70
3 37 46 48 55 57 58 59 71
3 37 46 48 55 57 58 59 69 70
3 37 44 55 59 60 73 75
3 37 44 55 59 60 73 74
3 37 44 55 59 60 71 72 75
3 37 44 55 59 60 71 72 73 74
3 37 44 55 58 59 73 75
3 37 44 55 58 59 73 74
3 37 44 55 58 59 71 72 75
3 37 44 55 58 59 71 72 73 74
3 37 44 55 57 60 73 75
3 37 44 55 57 60 73 74
3 37 44 55 57 60 71 72 75
3 37 44 55 57 60 71 72 73 74
3 37 44 55 57 58 59 73 75
3 37 44 55 57 58 59 73 74
3 37 44 55 57 58 59 71 72 75
3 37 44 55 57 58 59 71 72 73 74
3 37 44 48 55 59 60 73
3 37 44 48 55 59 60 71 72
3 37 44 48 55 58 59 73
3 37 44 48 55 58 59 71 72
3 37 44 48 55 57 60 73
3 37 44 48 55 57 60 71 72
3 37 44 48 55 57 58 59 73
3 37 44 48 55 57 58 59 71 72
3 37 44 46 55 59 60 75
3 37 44 46 55 59 60 73 74
3 37 44 46 55 58 59 75
3 37 44 46 55 58 59 73 74
3 37 44 46 55 57 60 75
3 37 44 46 55 57 60 73 74
3 37 44 46 55 57 58 59 75
3 37 44 46 55 57 58 59 73 74
3 37 44 46 48 55 59 60
3 37 44 46 48 55 58 59
3 37 44 46 48 55 57 60
3 37 44 46 48 55 57 58 59
3 33 55 59 64 71 73 75
3 33 55 59 64 71 73 74
3 33 55 59 64 71 72 75
3 33 55 59 64 71 72 73 74
3 33 55 59 64 69 70 73 75
3 33 55 59 64 69 70 73 74
3 33 55 59 64 69 70 71 72 75
3 33 55 59 64 69 70 71 72 73 74
3 33 55 59 62 63 71 73 75
3 33 55 59 62 63 71 73 74
3 33 55 59 62 63 71 72 75
3 33 55 59 62 63 71 72 73 74
3 33 55 59 62 63 69 70 73 75
3 33 55 59 62 63 69 70 73 74
3 33 55 59 62 63 69 70 71 72 75
3 33 55 59 62 63 69 70 71 72 73 74
3 33 55 57 64 71 73 75
3 33 55 57 64 71 73 74
3 33 55 57 64 71 72 75
3 33 55 57 64 71 72 73 74
3 33 55 57 64 69 70 73 75
3 33 55 57 64 69 70 73 74
3 33 55 57 64 69 70 71 72 75
3 33 55 57 64 69 70 71 72 73 74
3 33 55 57 62 63 71 73 75
3 33 55 57 62 63 71 73 74
3 33 55 57 62 63 71 72 75
3 33 55 57 62 63 71 72 73 74
3 33 55 57 62 63 69 70 73 75
3 33 55 57 62 63 69 70 73 74
3 33 55 57 62 63 69 70 71 72 75
3 33 55 57 62 63 69 70 71 72 73 74
3 33 48 55 59 64 71 73
3 33 48 55 59 64 71 72
3 33 48 55 59 64 69 70 73
3 33 48 55 59 64 69 70 71 72
3 33 48 55 59 62 63 71 73
3 33 48 55 59 62 63 71 72
3 33 48 55 59 62 63 69 70 73
3 33 48 55 59 62 63 69 70 71 72
3 33 48 55 57 64 71 73
3 33 48 55 57 64 71 72
3 33 48 55 57 64 69 70 73
3 33 48 55 57 64 69 70 71 72
3 33 48 55 57 62 63 71 73
3 33 48 55 57 62 63 71 72
3 33 48 55 57 62 63 69 70 73
3 33 48 55 57 62 63 69 70 71 72
3 33 46 55 59 64 71 75
3 33 46 55 59 64 71 73 74
3 33 46 55 59 64 69 70 75
3 33 46 55 59 64 69 70 73 74
3 33 46 55 59 62 63 71 75
3 33 46 55 59 62 63 71 73 74
3 33 46 55 59 62 63 69 70 75
3 33 46 55 59 62 63 69 70 73 74
3 33 46 55 57 64 71 75
3 33 46 55 57 64 71 73 74
3 33 46 55 57 64 69 70 75
3 33 46 55 57 64 69 70 73 74
3 33 46 55 57 62 63 71 75
3 33 46 55 57 62 63 71 73 74
3 33 46 55 57 62 63 69 70 75
3 33 46 55 57 62 63 69 70 73 74
3 33 46 48 55 59 64 71
3 33 46 48 55 59 64 69 70
3 33 46 48 55 59 62 63 71
3 33 46 48 55 59 62 63 69 70
3 33 46 48 55 57 64 71
3 33 46 48 55 57 64 69 70
3 33 46 48 55 57 62 63 71
3 33 46 48 55 57 62 63 69 70
3 33 44 55 59 64 73 75
3 33 44 55 59 64 73 74
3 33 44 55 59 64 71 72 75
3 33 44 55 59 64 71 72 73 74
3 33 44 55 59 62 63 73 75
3 33 44 55 59 62 63 73 74
3 33 44 55 59 62 63 71 72 75
3 33 44 55 59 62 63 71 72 73 74
3 33 44 55 57 64 73 75
3 33 44 55 57 64 73 74
3 33 44 55 57 64 71 72 75
3 33 44 55 57 64 71 72 73 74
3 33 44 55 57 62 63 73 75
3 33 44 55 57 62 63 73 74
3 33 44 55 57 62 63 71 72 75
3 33 44 55 57 62 63 71 72 73 74
3 33 44 48 55 59 64 73
3 33 44 48 55 59 64 71 72
3 33 44 48 55 59 62 63 73
3 33 44 48 55 59 62 63 71 72
3 33 44 48 55 57 64 73
3 33 44 48 55 57 64 71 72
3 33 44 48 55 57 62 63 73
3 33 44 48 55 57 62 63 71 72
3 33 44 46 55 59 64 75
3 33 44 46 55 59 64 73 74
3 33 44 46 55 59 62 63 75
3 33 44 46 55 59 62 63 73 74
3 33 44 46 55 57 64 75
3 33 44 46 55 57 64 73 74
3 33 44 46 55 57 62 63 75
3 33 44 46 55 57 62 63 73 74
3 33 44 46 48 55 59 64
3 33 44 46 48 55 59 62 63
3 33 44 46 48 55 57 64
3 33 44 46 48 55 57 62 63
3 33 37 55 59 71 73 75
3 33 37 55 59 71 73 74
3 33 37 55 59 71 72 75
3 33 37 55 59 71 72 73 74
3 33 37 55 59 69 70 73 75
3 33 37 55 59 69 70 73 74
3 33 37 55 59 69 70 71 72 75
3 33 37 55 59 69 70 71 72 73 74
3 33 37 55 57 71 73 75
3 33 37 55 57 71 73 74
3 33 37 55 57 71 72 75
3 33 37 55 57 71 72 73 74
3 33 37 55 57 69 70 73 75
3 33 37 55 57 69 70 73 74
3 33 37 55 57 69 70 71 72 75
3 33 37 55 57 69 70 71 72 73 74
3 33 37 48 55 59 71 73
3 33 37 48 55 59 71 72
3 33 37 48 55 59 69 70 73
3 33 37 48 55 59 69 70 71 72
3 33 37 48 55 57 71 73
3 33 37 48 55 57 71 72
3 33 37 48 55 57 69 70 73
3 33 37 48 55 57 69 70 71 72
3 33 37 46 55 59 71 75
3 33 37 46 55 59 71 73 74
3 33 37 46 55 59 69 70 75
3 33 37 46 55 59 69 70 73 74
3 33 37 46 55 57 71 75
3 33 37 46 55 57 71 73 74
3 33 37 46 55 57 69 70 75
3 33 37 46 55 57 69 70 73 74
3 33 37 46 48 55 59 71
3 33 37 46 48 55 59 69 70
3 33 37 46 48 55 57 71
3 33 37 46 48 55 57 69 70
3 33 37 44 55 59 73 75
3 33 37 44 55 59 73 74
3 33 37 44 55 59 71 72 75
3 33 37 44 55 59 71 72 73 74
3 33 37 44 55 57 73 75
3 33 37 44 55 57 73 74
3 33 37 44 55 57 71 72 75
3 33 37 44 55 57 71 72 73 74
3 33 37 44 48 55 59 73
3 33 37 44 48 55 59 71 72
3 33 37 44 48 55 57 73
3 33 37 44 48 55 57 71 72
3 33 37 44 46 55 59 75
3 33 37 44 46 55 59 73 74
3 33 37 44 46 55 57 75
3 33 37 44 46 55 57 73 74
3 33 37 44 46 48 55 59
3 33 37 44 46 48 55 57
