
68 71 
68 69 
68 69 70 
67 
67 71 
67 69 70 
67 68 
65 
65 66 
65 66 71 
65 66 69 70 
64 
63 
63 64 
57 69 73 75 
57 69 73 74 
57 69 71 75 
57 69 71 73 75 
57 69 70 75 
57 69 70 73 75 
57 69 70 71 72 75 
57 69 70 71 72 73 74 
57 67 68 73 75 
57 67 68 73 74 
57 67 68 71 75 
57 67 68 71 73 75 
57 67 68 69 70 75 
57 67 68 69 70 73 75 
57 67 68 69 70 71 72 75 
57 67 68 69 70 71 72 73 74 
56 57 71 73 75 
56 57 71 73 74 
56 57 71 72 75 
56 57 71 72 73 74 
56 57 69 70 73 75 
56 57 69 70 73 74 
56 57 69 70 71 72 75 
56 57 69 70 71 72 73 74 
56 57 59 69 73 
56 57 59 69 71 72 
56 57 59 67 68 73 
56 57 59 67 68 71 72 
55 59 71 
55 59 69 75 
55 59 69 73 74 
55 59 69 70 
55 59 67 73 
55 59 67 71 72 
55 59 67 68 75 
55 59 67 68 73 74 
55 59 65 66 73 
55 59 65 66 71 72 
55 58 59 67 73 
55 58 59 67 71 72 
55 58 59 65 66 73 
55 58 59 65 66 71 72 
55 57 71 
55 57 69 70 
55 56 57 59 67 73 
55 56 57 59 67 71 72 
55 56 57 59 65 66 73 
55 56 57 59 65 66 71 72 
54 55 57 71 73 75 
54 55 57 71 73 74 
54 55 57 71 72 75 
54 55 57 71 72 73 74 
54 55 57 69 70 73 75 
54 55 57 69 70 73 74 
54 55 57 69 70 71 72 75 
54 55 57 69 70 71 72 73 74 
54 55 57 59 69 73 
54 55 57 59 69 71 72 
54 55 57 59 67 68 73 
54 55 57 59 67 68 71 72 
48 57 69 73 
48 57 69 71 
48 57 69 71 73 
48 57 69 70 
48 57 69 70 73 
48 57 69 70 71 72 
48 57 67 68 73 
48 57 67 68 71 
48 57 67 68 71 73 
48 57 67 68 69 70 
48 57 67 68 69 70 73 
48 57 67 68 69 70 71 72 
48 56 57 71 73 
48 56 57 71 72 
48 56 57 69 70 73 
48 56 57 69 70 71 72 
48 55 59 69 
48 55 59 67 68 
48 54 55 57 71 73 
48 54 55 57 71 72 
48 54 55 57 69 70 73 
48 54 55 57 69 70 71 72 
46 57 69 75 
46 57 69 73 74 
46 57 69 71 75 
46 57 69 71 73 74 
46 57 69 70 75 
46 57 69 70 73 74 
46 57 67 68 75 
46 57 67 68 73 74 
46 57 67 68 71 75 
46 57 67 68 71 73 74 
46 57 67 68 69 70 75 
46 57 67 68 69 70 73 74 
46 56 57 71 75 
46 56 57 71 73 74 
46 56 57 69 70 75 
46 56 57 69 70 73 74 
46 56 57 59 69 
46 56 57 59 67 68 
46 55 59 67 
46 55 59 65 66 
46 55 58 59 67 
46 55 58 59 65 66 
46 55 56 57 59 67 
46 55 56 57 59 65 66 
46 54 55 57 71 75 
46 54 55 57 71 73 74 
46 54 55 57 69 70 75 
46 54 55 57 69 70 73 74 
46 54 55 57 59 69 
46 54 55 57 59 67 68 
46 48 57 69 
46 48 57 69 71 
46 48 57 69 70 
46 48 57 67 68 
46 48 57 67 68 71 
46 48 57 67 68 69 70 
46 48 56 57 71 
46 48 56 57 69 70 
46 48 54 55 57 71 
46 48 54 55 57 69 70 
44 68 
44 67 
44 65 66 
44 57 69 75 
44 57 69 73 75 
44 57 69 71 72 75 
44 57 69 71 72 73 74 
44 57 67 68 75 
44 57 67 68 73 75 
44 57 67 68 71 72 75 
44 57 67 68 71 72 73 74 
44 56 57 73 75 
44 56 57 73 74 
44 56 57 71 72 75 
44 56 57 71 72 73 74 
44 55 59 
44 55 57 
44 54 55 57 73 75 
44 54 55 57 73 74 
44 54 55 57 71 72 75 
44 54 55 57 71 72 73 74 
44 48 57 69 
44 48 57 69 73 
44 48 57 69 71 72 
44 48 57 67 68 
44 48 57 67 68 73 
44 48 57 67 68 71 72 
44 48 56 57 73 
44 48 56 57 71 72 
44 48 54 55 57 73 
44 48 54 55 57 71 72 
44 46 57 69 75 
44 46 57 69 73 74 
44 46 57 67 68 75 
44 46 57 67 68 73 74 
44 46 56 57 75 
44 46 56 57 73 74 
44 46 54 55 57 75 
44 46 54 55 57 73 74 
44 46 48 57 69 
44 46 48 57 67 68 
44 46 48 56 57 
44 46 48 54 55 57 
42 68 
42 57 73 75 
42 57 73 74 
42 57 71 75 
42 57 71 73 75 
42 57 69 70 75 
42 57 69 70 73 75 
42 57 69 70 71 72 75 
42 57 69 70 71 72 73 74 
42 56 57 59 73 
42 56 57 59 71 72 
42 55 59 75 
42 55 59 73 74 
42 54 55 57 59 73 
42 54 55 57 59 71 72 
42 48 57 73 
42 48 57 71 
42 48 57 71 73 
42 48 57 69 70 
42 48 57 69 70 73 
42 48 57 69 70 71 72 
42 48 55 59 
42 46 57 75 
42 46 57 73 74 
42 46 57 71 75 
42 46 57 71 73 74 
42 46 57 69 70 75 
42 46 57 69 70 73 74 
42 46 56 57 59 
42 46 54 55 57 59 
42 46 48 57 
42 46 48 57 71 
42 46 48 57 69 70 
42 44 57 75 
42 44 57 73 75 
42 44 57 71 72 75 
42 44 57 71 72 73 74 
42 44 48 57 
42 44 48 57 73 
42 44 48 57 71 72 
42 44 46 57 75 
42 44 46 57 73 74 
42 44 46 48 57 
40 
40 71 
40 69 70 
40 55 59 73 
40 55 59 71 72 
40 55 58 59 73 
40 55 58 59 71 72 
40 55 56 57 59 73 
40 55 56 57 59 71 72 
40 46 55 59 
40 46 55 58 59 
40 46 55 56 57 59 
40 44 
33 
31 55 59 67 73 
31 55 59 67 71 72 
31 55 59 65 66 73 
31 55 59 65 66 71 72 
31 46 55 59 67 
31 46 55 59 65 66 
31 40 55 59 73 
31 40 55 59 71 72 
31 40 46 55 59 
29 57 71 73 75 
29 57 71 73 74 
29 57 71 72 75 
29 57 71 72 73 74 
29 57 69 70 73 75 
29 57 69 70 73 74 
29 57 69 70 71 72 75 
29 57 69 70 71 72 73 74 
29 57 59 69 73 
29 57 59 69 71 72 
29 57 59 67 68 73 
29 57 59 67 68 71 72 
29 48 57 71 73 
29 48 57 71 72 
29 48 57 69 70 73 
29 48 57 69 70 71 72 
29 46 57 71 75 
29 46 57 71 73 74 
29 46 57 69 70 75 
29 46 57 69 70 73 74 
29 46 57 59 69 
29 46 57 59 67 68 
29 46 48 57 71 
29 46 48 57 69 70 
29 44 57 73 75 
29 44 57 73 74 
29 44 57 71 72 75 
29 44 57 71 72 73 74 
29 44 48 57 73 
29 44 48 57 71 72 
29 44 46 57 75 
29 44 46 57 73 74 
29 44 46 48 57 
29 42 57 59 73 
29 42 57 59 71 72 
29 42 46 57 59 
