
69 
68 
67 
67 79 
67 77 
67 77 78 
67 75 76 
67 68 
65 
65 66 
65 66 79 
65 66 77 
65 66 77 78 
65 66 75 76 
62 
56 
52 67 
52 65 66 
50 67 
50 65 66 
42 
41 45 55 59 60 71 73 75 
41 45 55 59 60 71 73 74 
41 45 55 59 60 71 72 75 
41 45 55 59 60 71 72 73 74 
41 45 55 59 60 69 70 73 75 
41 45 55 59 60 69 70 73 74 
41 45 55 59 60 69 70 71 72 75 
41 45 55 59 60 69 70 71 72 73 74 
41 45 55 58 59 60 71 73 75 
41 45 55 58 59 60 71 73 74 
41 45 55 58 59 60 71 72 75 
41 45 55 58 59 60 71 72 73 74 
41 45 55 58 59 60 69 70 73 75 
41 45 55 58 59 60 69 70 73 74 
41 45 55 58 59 60 69 70 71 72 75 
41 45 55 58 59 60 69 70 71 72 73 74 
41 45 48 55 59 60 71 73 
41 45 48 55 59 60 71 72 
41 45 48 55 59 60 69 70 73 
41 45 48 55 59 60 69 70 71 72 
41 45 48 55 58 59 60 71 73 
41 45 48 55 58 59 60 71 72 
41 45 48 55 58 59 60 69 70 73 
41 45 48 55 58 59 60 69 70 71 72 
41 45 46 55 59 60 71 75 
41 45 46 55 59 60 71 73 74 
41 45 46 55 59 60 69 70 75 
41 45 46 55 59 60 69 70 73 74 
41 45 46 55 58 59 60 71 75 
41 45 46 55 58 59 60 71 73 74 
41 45 46 55 58 59 60 69 70 75 
41 45 46 55 58 59 60 69 70 73 74 
41 45 46 48 55 59 60 71 
41 45 46 48 55 59 60 69 70 
41 45 46 48 55 58 59 60 71 
41 45 46 48 55 58 59 60 69 70 
41 44 45 55 59 60 73 75 
41 44 45 55 59 60 73 74 
41 44 45 55 59 60 71 72 75 
41 44 45 55 59 60 71 72 73 74 
41 44 45 55 58 59 60 73 75 
41 44 45 55 58 59 60 73 74 
41 44 45 55 58 59 60 71 72 75 
41 44 45 55 58 59 60 71 72 73 74 
41 44 45 48 55 59 60 73 
41 44 45 48 55 59 60 71 72 
41 44 45 48 55 58 59 60 73 
41 44 45 48 55 58 59 60 71 72 
41 44 45 46 55 59 60 75 
41 44 45 46 55 59 60 73 74 
41 44 45 46 55 58 59 60 75 
41 44 45 46 55 58 59 60 73 74 
41 44 45 46 48 55 59 60 
41 44 45 46 48 55 58 59 60 
41 43 44 55 59 60 73 75 
41 43 44 55 59 60 73 74 
41 43 44 55 59 60 71 73 75 
41 43 44 55 59 60 71 73 74 
41 43 44 55 59 60 69 70 73 75 
41 43 44 55 59 60 69 70 73 74 
41 43 44 55 59 60 69 70 71 72 75 
41 43 44 55 59 60 69 70 71 72 73 74 
41 43 44 55 58 59 60 73 75 
41 43 44 55 58 59 60 73 74 
41 43 44 55 58 59 60 71 73 75 
41 43 44 55 58 59 60 71 73 74 
41 43 44 55 58 59 60 69 70 73 75 
41 43 44 55 58 59 60 69 70 73 74 
41 43 44 55 58 59 60 69 70 71 72 75 
41 43 44 55 58 59 60 69 70 71 72 73 74 
41 43 44 48 55 59 60 73 
41 43 44 48 55 59 60 71 73 
41 43 44 48 55 59 60 69 70 73 
41 43 44 48 55 59 60 69 70 71 72 
41 43 44 48 55 58 59 60 73 
41 43 44 48 55 58 59 60 71 73 
41 43 44 48 55 58 59 60 69 70 73 
41 43 44 48 55 58 59 60 69 70 71 72 
41 43 44 46 55 59 60 75 
41 43 44 46 55 59 60 73 74 
41 43 44 46 55 59 60 71 75 
41 43 44 46 55 59 60 71 73 74 
41 43 44 46 55 59 60 69 70 75 
41 43 44 46 55 59 60 69 70 73 74 
41 43 44 46 55 58 59 60 75 
41 43 44 46 55 58 59 60 73 74 
41 43 44 46 55 58 59 60 71 75 
41 43 44 46 55 58 59 60 71 73 74 
41 43 44 46 55 58 59 60 69 70 75 
41 43 44 46 55 58 59 60 69 70 73 74 
41 43 44 46 48 55 59 60 
41 43 44 46 48 55 59 60 71 
41 43 44 46 48 55 59 60 69 70 
41 43 44 46 48 55 58 59 60 
41 43 44 46 48 55 58 59 60 71 
41 43 44 46 48 55 58 59 60 69 70 
40 
40 79 
40 77 
40 77 78 
40 75 76 
40 52 
40 50 
39 40 45 55 59 60 71 73 75 
39 40 45 55 59 60 71 73 74 
39 40 45 55 59 60 71 72 75 
39 40 45 55 59 60 71 72 73 74 
39 40 45 55 59 60 69 70 73 75 
39 40 45 55 59 60 69 70 73 74 
39 40 45 55 59 60 69 70 71 72 75 
39 40 45 55 59 60 69 70 71 72 73 74 
39 40 45 55 58 59 60 71 73 75 
39 40 45 55 58 59 60 71 73 74 
39 40 45 55 58 59 60 71 72 75 
39 40 45 55 58 59 60 71 72 73 74 
39 40 45 55 58 59 60 69 70 73 75 
39 40 45 55 58 59 60 69 70 73 74 
39 40 45 55 58 59 60 69 70 71 72 75 
39 40 45 55 58 59 60 69 70 71 72 73 74 
39 40 45 48 55 59 60 71 73 
39 40 45 48 55 59 60 71 72 
39 40 45 48 55 59 60 69 70 73 
39 40 45 48 55 59 60 69 70 71 72 
39 40 45 48 55 58 59 60 71 73 
39 40 45 48 55 58 59 60 71 72 
39 40 45 48 55 58 59 60 69 70 73 
39 40 45 48 55 58 59 60 69 70 71 72 
39 40 45 46 55 59 60 71 75 
39 40 45 46 55 59 60 71 73 74 
39 40 45 46 55 59 60 69 70 75 
39 40 45 46 55 59 60 69 70 73 74 
39 40 45 46 55 58 59 60 71 75 
39 40 45 46 55 58 59 60 71 73 74 
39 40 45 46 55 58 59 60 69 70 75 
39 40 45 46 55 58 59 60 69 70 73 74 
39 40 45 46 48 55 59 60 71 
39 40 45 46 48 55 59 60 69 70 
39 40 45 46 48 55 58 59 60 71 
39 40 45 46 48 55 58 59 60 69 70 
39 40 44 45 55 59 60 73 75 
39 40 44 45 55 59 60 73 74 
39 40 44 45 55 59 60 71 72 75 
39 40 44 45 55 59 60 71 72 73 74 
39 40 44 45 55 58 59 60 73 75 
39 40 44 45 55 58 59 60 73 74 
39 40 44 45 55 58 59 60 71 72 75 
39 40 44 45 55 58 59 60 71 72 73 74 
39 40 44 45 48 55 59 60 73 
39 40 44 45 48 55 59 60 71 72 
39 40 44 45 48 55 58 59 60 73 
39 40 44 45 48 55 58 59 60 71 72 
39 40 44 45 46 55 59 60 75 
39 40 44 45 46 55 59 60 73 74 
39 40 44 45 46 55 58 59 60 75 
39 40 44 45 46 55 58 59 60 73 74 
39 40 44 45 46 48 55 59 60 
39 40 44 45 46 48 55 58 59 60 
39 40 43 44 55 59 60 73 75 
39 40 43 44 55 59 60 73 74 
39 40 43 44 55 59 60 71 73 75 
39 40 43 44 55 59 60 71 73 74 
39 40 43 44 55 59 60 69 70 73 75 
39 40 43 44 55 59 60 69 70 73 74 
39 40 43 44 55 59 60 69 70 71 72 75 
39 40 43 44 55 59 60 69 70 71 72 73 74 
39 40 43 44 55 58 59 60 73 75 
39 40 43 44 55 58 59 60 73 74 
39 40 43 44 55 58 59 60 71 73 75 
39 40 43 44 55 58 59 60 71 73 74 
39 40 43 44 55 58 59 60 69 70 73 75 
39 40 43 44 55 58 59 60 69 70 73 74 
39 40 43 44 55 58 59 60 69 70 71 72 75 
39 40 43 44 55 58 59 60 69 70 71 72 73 74 
39 40 43 44 48 55 59 60 73 
39 40 43 44 48 55 59 60 71 73 
39 40 43 44 48 55 59 60 69 70 73 
39 40 43 44 48 55 59 60 69 70 71 72 
39 40 43 44 48 55 58 59 60 73 
39 40 43 44 48 55 58 59 60 71 73 
39 40 43 44 48 55 58 59 60 69 70 73 
39 40 43 44 48 55 58 59 60 69 70 71 72 
39 40 43 44 46 55 59 60 75 
39 40 43 44 46 55 59 60 73 74 
39 40 43 44 46 55 59 60 71 75 
39 40 43 44 46 55 59 60 71 73 74 
39 40 43 44 46 55 59 60 69 70 75 
39 40 43 44 46 55 59 60 69 70 73 74 
39 40 43 44 46 55 58 59 60 75 
39 40 43 44 46 55 58 59 60 73 74 
39 40 43 44 46 55 58 59 60 71 75 
39 40 43 44 46 55 58 59 60 71 73 74 
39 40 43 44 46 55 58 59 60 69 70 75 
39 40 43 44 46 55 58 59 60 69 70 73 74 
39 40 43 44 46 48 55 59 60 
39 40 43 44 46 48 55 59 60 71 
39 40 43 44 46 48 55 59 60 69 70 
39 40 43 44 46 48 55 58 59 60 
39 40 43 44 46 48 55 58 59 60 71 
39 40 43 44 46 48 55 58 59 60 69 70 
38 
36 37 
33 
33 65 
33 62 
33 56 
33 41 45 55 59 71 73 75 
33 41 45 55 59 71 73 74 
33 41 45 55 59 71 72 75 
33 41 45 55 59 71 72 73 74 
33 41 45 55 59 69 70 73 75 
33 41 45 55 59 69 70 73 74 
33 41 45 55 59 69 70 71 72 75 
33 41 45 55 59 69 70 71 72 73 74 
33 41 45 55 58 59 71 73 75 
33 41 45 55 58 59 71 73 74 
33 41 45 55 58 59 71 72 75 
33 41 45 55 58 59 71 72 73 74 
33 41 45 55 58 59 69 70 73 75 
33 41 45 55 58 59 69 70 73 74 
33 41 45 55 58 59 69 70 71 72 75 
33 41 45 55 58 59 69 70 71 72 73 74 
33 41 45 48 55 59 71 73 
33 41 45 48 55 59 71 72 
33 41 45 48 55 59 69 70 73 
33 41 45 48 55 59 69 70 71 72 
33 41 45 48 55 58 59 71 73 
33 41 45 48 55 58 59 71 72 
33 41 45 48 55 58 59 69 70 73 
33 41 45 48 55 58 59 69 70 71 72 
33 41 45 46 55 59 71 75 
33 41 45 46 55 59 71 73 74 
33 41 45 46 55 59 69 70 75 
33 41 45 46 55 59 69 70 73 74 
33 41 45 46 55 58 59 71 75 
33 41 45 46 55 58 59 71 73 74 
33 41 45 46 55 58 59 69 70 75 
33 41 45 46 55 58 59 69 70 73 74 
33 41 45 46 48 55 59 71 
33 41 45 46 48 55 59 69 70 
33 41 45 46 48 55 58 59 71 
33 41 45 46 48 55 58 59 69 70 
33 41 44 45 55 59 73 75 
33 41 44 45 55 59 73 74 
33 41 44 45 55 59 71 72 75 
33 41 44 45 55 59 71 72 73 74 
33 41 44 45 55 58 59 73 75 
33 41 44 45 55 58 59 73 74 
33 41 44 45 55 58 59 71 72 75 
33 41 44 45 55 58 59 71 72 73 74 
33 41 44 45 48 55 59 73 
33 41 44 45 48 55 59 71 72 
33 41 44 45 48 55 58 59 73 
33 41 44 45 48 55 58 59 71 72 
33 41 44 45 46 55 59 75 
33 41 44 45 46 55 59 73 74 
33 41 44 45 46 55 58 59 75 
33 41 44 45 46 55 58 59 73 74 
33 41 44 45 46 48 55 59 
33 41 44 45 46 48 55 58 59 
33 41 43 44 55 59 73 75 
33 41 43 44 55 59 73 74 
33 41 43 44 55 59 71 73 75 
33 41 43 44 55 59 71 73 74 
33 41 43 44 55 59 69 70 73 75 
33 41 43 44 55 59 69 70 73 74 
33 41 43 44 55 59 69 70 71 72 75 
33 41 43 44 55 59 69 70 71 72 73 74 
33 41 43 44 55 58 59 73 75 
33 41 43 44 55 58 59 73 74 
33 41 43 44 55 58 59 71 73 75 
33 41 43 44 55 58 59 71 73 74 
33 41 43 44 55 58 59 69 70 73 75 
33 41 43 44 55 58 59 69 70 73 74 
33 41 43 44 55 58 59 69 70 71 72 75 
33 41 43 44 55 58 59 69 70 71 72 73 74 
33 41 43 44 48 55 59 73 
33 41 43 44 48 55 59 71 73 
33 41 43 44 48 55 59 69 70 73 
33 41 43 44 48 55 59 69 70 71 72 
33 41 43 44 48 55 58 59 73 
33 41 43 44 48 55 58 59 71 73 
33 41 43 44 48 55 58 59 69 70 73 
33 41 43 44 48 55 58 59 69 70 71 72 
33 41 43 44 46 55 59 75 
33 41 43 44 46 55 59 73 74 
33 41 43 44 46 55 59 71 75 
33 41 43 44 46 55 59 71 73 74 
33 41 43 44 46 55 59 69 70 75 
33 41 43 44 46 55 59 69 70 73 74 
33 41 43 44 46 55 58 59 75 
33 41 43 44 46 55 58 59 73 74 
33 41 43 44 46 55 58 59 71 75 
33 41 43 44 46 55 58 59 71 73 74 
33 41 43 44 46 55 58 59 69 70 75 
33 41 43 44 46 55 58 59 69 70 73 74 
33 41 43 44 46 48 55 59 
33 41 43 44 46 48 55 59 71 
33 41 43 44 46 48 55 59 69 70 
33 41 43 44 46 48 55 58 59 
33 41 43 44 46 48 55 58 59 71 
33 41 43 44 46 48 55 58 59 69 70 
33 39 40 45 55 59 71 73 75 
33 39 40 45 55 59 71 73 74 
33 39 40 45 55 59 71 72 75 
33 39 40 45 55 59 71 72 73 74 
33 39 40 45 55 59 69 70 73 75 
33 39 40 45 55 59 69 70 73 74 
33 39 40 45 55 59 69 70 71 72 75 
33 39 40 45 55 59 69 70 71 72 73 74 
33 39 40 45 55 58 59 71 73 75 
33 39 40 45 55 58 59 71 73 74 
33 39 40 45 55 58 59 71 72 75 
33 39 40 45 55 58 59 71 72 73 74 
33 39 40 45 55 58 59 69 70 73 75 
33 39 40 45 55 58 59 69 70 73 74 
33 39 40 45 55 58 59 69 70 71 72 75 
33 39 40 45 55 58 59 69 70 71 72 73 74 
33 39 40 45 48 55 59 71 73 
33 39 40 45 48 55 59 71 72 
33 39 40 45 48 55 59 69 70 73 
33 39 40 45 48 55 59 69 70 71 72 
33 39 40 45 48 55 58 59 71 73 
33 39 40 45 48 55 58 59 71 72 
33 39 40 45 48 55 58 59 69 70 73 
33 39 40 45 48 55 58 59 69 70 71 72 
33 39 40 45 46 55 59 71 75 
33 39 40 45 46 55 59 71 73 74 
33 39 40 45 46 55 59 69 70 75 
33 39 40 45 46 55 59 69 70 73 74 
33 39 40 45 46 55 58 59 71 75 
33 39 40 45 46 55 58 59 71 73 74 
33 39 40 45 46 55 58 59 69 70 75 
33 39 40 45 46 55 58 59 69 70 73 74 
33 39 40 45 46 48 55 59 71 
33 39 40 45 46 48 55 59 69 70 
33 39 40 45 46 48 55 58 59 71 
33 39 40 45 46 48 55 58 59 69 70 
33 39 40 44 45 55 59 73 75 
33 39 40 44 45 55 59 73 74 
33 39 40 44 45 55 59 71 72 75 
33 39 40 44 45 55 59 71 72 73 74 
33 39 40 44 45 55 58 59 73 75 
33 39 40 44 45 55 58 59 73 74 
33 39 40 44 45 55 58 59 71 72 75 
33 39 40 44 45 55 58 59 71 72 73 74 
33 39 40 44 45 48 55 59 73 
33 39 40 44 45 48 55 59 71 72 
33 39 40 44 45 48 55 58 59 73 
33 39 40 44 45 48 55 58 59 71 72 
33 39 40 44 45 46 55 59 75 
33 39 40 44 45 46 55 59 73 74 
33 39 40 44 45 46 55 58 59 75 
33 39 40 44 45 46 55 58 59 73 74 
33 39 40 44 45 46 48 55 59 
33 39 40 44 45 46 48 55 58 59 
33 39 40 43 44 55 59 73 75 
33 39 40 43 44 55 59 73 74 
33 39 40 43 44 55 59 71 73 75 
33 39 40 43 44 55 59 71 73 74 
33 39 40 43 44 55 59 69 70 73 75 
33 39 40 43 44 55 59 69 70 73 74 
33 39 40 43 44 55 59 69 70 71 72 75 
33 39 40 43 44 55 59 69 70 71 72 73 74 
33 39 40 43 44 55 58 59 73 75 
33 39 40 43 44 55 58 59 73 74 
33 39 40 43 44 55 58 59 71 73 75 
33 39 40 43 44 55 58 59 71 73 74 
33 39 40 43 44 55 58 59 69 70 73 75 
33 39 40 43 44 55 58 59 69 70 73 74 
33 39 40 43 44 55 58 59 69 70 71 72 75 
33 39 40 43 44 55 58 59 69 70 71 72 73 74 
33 39 40 43 44 48 55 59 73 
33 39 40 43 44 48 55 59 71 73 
33 39 40 43 44 48 55 59 69 70 73 
33 39 40 43 44 48 55 59 69 70 71 72 
33 39 40 43 44 48 55 58 59 73 
33 39 40 43 44 48 55 58 59 71 73 
33 39 40 43 44 48 55 58 59 69 70 73 
33 39 40 43 44 48 55 58 59 69 70 71 72 
33 39 40 43 44 46 55 59 75 
33 39 40 43 44 46 55 59 73 74 
33 39 40 43 44 46 55 59 71 75 
33 39 40 43 44 46 55 59 71 73 74 
33 39 40 43 44 46 55 59 69 70 75 
33 39 40 43 44 46 55 59 69 70 73 74 
33 39 40 43 44 46 55 58 59 75 
33 39 40 43 44 46 55 58 59 73 74 
33 39 40 43 44 46 55 58 59 71 75 
33 39 40 43 44 46 55 58 59 71 73 74 
33 39 40 43 44 46 55 58 59 69 70 75 
33 39 40 43 44 46 55 58 59 69 70 73 74 
33 39 40 43 44 46 48 55 59 
33 39 40 43 44 46 48 55 59 71 
33 39 40 43 44 46 48 55 59 69 70 
33 39 40 43 44 46 48 55 58 59 
33 39 40 43 44 46 48 55 58 59 71 
33 39 40 43 44 46 48 55 58 59 69 70 
33 38 
33 36 37 
31 
29 
29 33 
27 28 
27 28 33 
20 
20 33 
19 
19 33 
18 65 
18 62 67 
18 62 65 66 
18 60 61 67 
18 60 61 65 66 
18 53 67 
18 53 65 66 
18 51 52 67 
18 51 52 65 66 
18 41 55 59 60 71 73 75 
18 41 55 59 60 71 73 74 
18 41 55 59 60 71 72 75 
18 41 55 59 60 71 72 73 74 
18 41 55 59 60 69 70 73 75 
18 41 55 59 60 69 70 73 74 
18 41 55 59 60 69 70 71 72 75 
18 41 55 59 60 69 70 71 72 73 74 
18 41 55 58 59 60 71 73 75 
18 41 55 58 59 60 71 73 74 
18 41 55 58 59 60 71 72 75 
18 41 55 58 59 60 71 72 73 74 
18 41 55 58 59 60 69 70 73 75 
18 41 55 58 59 60 69 70 73 74 
18 41 55 58 59 60 69 70 71 72 75 
18 41 55 58 59 60 69 70 71 72 73 74 
18 41 48 55 59 60 71 73 
18 41 48 55 59 60 71 72 
18 41 48 55 59 60 69 70 73 
18 41 48 55 59 60 69 70 71 72 
18 41 48 55 58 59 60 71 73 
18 41 48 55 58 59 60 71 72 
18 41 48 55 58 59 60 69 70 73 
18 41 48 55 58 59 60 69 70 71 72 
18 41 46 55 59 60 71 75 
18 41 46 55 59 60 71 73 74 
18 41 46 55 59 60 69 70 75 
18 41 46 55 59 60 69 70 73 74 
18 41 46 55 58 59 60 71 75 
18 41 46 55 58 59 60 71 73 74 
18 41 46 55 58 59 60 69 70 75 
18 41 46 55 58 59 60 69 70 73 74 
18 41 46 48 55 59 60 71 
18 41 46 48 55 59 60 69 70 
18 41 46 48 55 58 59 60 71 
18 41 46 48 55 58 59 60 69 70 
18 41 44 55 59 60 73 75 
18 41 44 55 59 60 73 74 
18 41 44 55 59 60 71 72 75 
18 41 44 55 59 60 71 72 73 74 
18 41 44 55 58 59 60 73 75 
18 41 44 55 58 59 60 73 74 
18 41 44 55 58 59 60 71 72 75 
18 41 44 55 58 59 60 71 72 73 74 
18 41 44 48 55 59 60 73 
18 41 44 48 55 59 60 71 72 
18 41 44 48 55 58 59 60 73 
18 41 44 48 55 58 59 60 71 72 
18 41 44 46 55 59 60 75 
18 41 44 46 55 59 60 73 74 
18 41 44 46 55 58 59 60 75 
18 41 44 46 55 58 59 60 73 74 
18 41 44 46 48 55 59 60 
18 41 44 46 48 55 58 59 60 
18 40 62 
18 40 60 61 
18 40 53 
18 40 51 52 
18 39 40 55 59 60 71 73 75 
18 39 40 55 59 60 71 73 74 
18 39 40 55 59 60 71 72 75 
18 39 40 55 59 60 71 72 73 74 
18 39 40 55 59 60 69 70 73 75 
18 39 40 55 59 60 69 70 73 74 
18 39 40 55 59 60 69 70 71 72 75 
18 39 40 55 59 60 69 70 71 72 73 74 
18 39 40 55 58 59 60 71 73 75 
18 39 40 55 58 59 60 71 73 74 
18 39 40 55 58 59 60 71 72 75 
18 39 40 55 58 59 60 71 72 73 74 
18 39 40 55 58 59 60 69 70 73 75 
18 39 40 55 58 59 60 69 70 73 74 
18 39 40 55 58 59 60 69 70 71 72 75 
18 39 40 55 58 59 60 69 70 71 72 73 74 
18 39 40 48 55 59 60 71 73 
18 39 40 48 55 59 60 71 72 
18 39 40 48 55 59 60 69 70 73 
18 39 40 48 55 59 60 69 70 71 72 
18 39 40 48 55 58 59 60 71 73 
18 39 40 48 55 58 59 60 71 72 
18 39 40 48 55 58 59 60 69 70 73 
18 39 40 48 55 58 59 60 69 70 71 72 
18 39 40 46 55 59 60 71 75 
18 39 40 46 55 59 60 71 73 74 
18 39 40 46 55 59 60 69 70 75 
18 39 40 46 55 59 60 69 70 73 74 
18 39 40 46 55 58 59 60 71 75 
18 39 40 46 55 58 59 60 71 73 74 
18 39 40 46 55 58 59 60 69 70 75 
18 39 40 46 55 58 59 60 69 70 73 74 
18 39 40 46 48 55 59 60 71 
18 39 40 46 48 55 59 60 69 70 
18 39 40 46 48 55 58 59 60 71 
18 39 40 46 48 55 58 59 60 69 70 
18 39 40 44 55 59 60 73 75 
18 39 40 44 55 59 60 73 74 
18 39 40 44 55 59 60 71 72 75 
18 39 40 44 55 59 60 71 72 73 74 
18 39 40 44 55 58 59 60 73 75 
18 39 40 44 55 58 59 60 73 74 
18 39 40 44 55 58 59 60 71 72 75 
18 39 40 44 55 58 59 60 71 72 73 74 
18 39 40 44 48 55 59 60 73 
18 39 40 44 48 55 59 60 71 72 
18 39 40 44 48 55 58 59 60 73 
18 39 40 44 48 55 58 59 60 71 72 
18 39 40 44 46 55 59 60 75 
18 39 40 44 46 55 59 60 73 74 
18 39 40 44 46 55 58 59 60 75 
18 39 40 44 46 55 58 59 60 73 74 
18 39 40 44 46 48 55 59 60 
18 39 40 44 46 48 55 58 59 60 
18 33 65 
18 33 41 55 59 71 73 75 
18 33 41 55 59 71 73 74 
18 33 41 55 59 71 72 75 
18 33 41 55 59 71 72 73 74 
18 33 41 55 59 69 70 73 75 
18 33 41 55 59 69 70 73 74 
18 33 41 55 59 69 70 71 72 75 
18 33 41 55 59 69 70 71 72 73 74 
18 33 41 55 58 59 71 73 75 
18 33 41 55 58 59 71 73 74 
18 33 41 55 58 59 71 72 75 
18 33 41 55 58 59 71 72 73 74 
18 33 41 55 58 59 69 70 73 75 
18 33 41 55 58 59 69 70 73 74 
18 33 41 55 58 59 69 70 71 72 75 
18 33 41 55 58 59 69 70 71 72 73 74 
18 33 41 48 55 59 71 73 
18 33 41 48 55 59 71 72 
18 33 41 48 55 59 69 70 73 
18 33 41 48 55 59 69 70 71 72 
18 33 41 48 55 58 59 71 73 
18 33 41 48 55 58 59 71 72 
18 33 41 48 55 58 59 69 70 73 
18 33 41 48 55 58 59 69 70 71 72 
18 33 41 46 55 59 71 75 
18 33 41 46 55 59 71 73 74 
18 33 41 46 55 59 69 70 75 
18 33 41 46 55 59 69 70 73 74 
18 33 41 46 55 58 59 71 75 
18 33 41 46 55 58 59 71 73 74 
18 33 41 46 55 58 59 69 70 75 
18 33 41 46 55 58 59 69 70 73 74 
18 33 41 46 48 55 59 71 
18 33 41 46 48 55 59 69 70 
18 33 41 46 48 55 58 59 71 
18 33 41 46 48 55 58 59 69 70 
18 33 41 44 55 59 73 75 
18 33 41 44 55 59 73 74 
18 33 41 44 55 59 71 72 75 
18 33 41 44 55 59 71 72 73 74 
18 33 41 44 55 58 59 73 75 
18 33 41 44 55 58 59 73 74 
18 33 41 44 55 58 59 71 72 75 
18 33 41 44 55 58 59 71 72 73 74 
18 33 41 44 48 55 59 73 
18 33 41 44 48 55 59 71 72 
18 33 41 44 48 55 58 59 73 
18 33 41 44 48 55 58 59 71 72 
18 33 41 44 46 55 59 75 
18 33 41 44 46 55 59 73 74 
18 33 41 44 46 55 58 59 75 
18 33 41 44 46 55 58 59 73 74 
18 33 41 44 46 48 55 59 
18 33 41 44 46 48 55 58 59 
18 33 39 40 55 59 71 73 75 
18 33 39 40 55 59 71 73 74 
18 33 39 40 55 59 71 72 75 
18 33 39 40 55 59 71 72 73 74 
18 33 39 40 55 59 69 70 73 75 
18 33 39 40 55 59 69 70 73 74 
18 33 39 40 55 59 69 70 71 72 75 
18 33 39 40 55 59 69 70 71 72 73 74 
18 33 39 40 55 58 59 71 73 75 
18 33 39 40 55 58 59 71 73 74 
18 33 39 40 55 58 59 71 72 75 
18 33 39 40 55 58 59 71 72 73 74 
18 33 39 40 55 58 59 69 70 73 75 
18 33 39 40 55 58 59 69 70 73 74 
18 33 39 40 55 58 59 69 70 71 72 75 
18 33 39 40 55 58 59 69 70 71 72 73 74 
18 33 39 40 48 55 59 71 73 
18 33 39 40 48 55 59 71 72 
18 33 39 40 48 55 59 69 70 73 
18 33 39 40 48 55 59 69 70 71 72 
18 33 39 40 48 55 58 59 71 73 
18 33 39 40 48 55 58 59 71 72 
18 33 39 40 48 55 58 59 69 70 73 
18 33 39 40 48 55 58 59 69 70 71 72 
18 33 39 40 46 55 59 71 75 
18 33 39 40 46 55 59 71 73 74 
18 33 39 40 46 55 59 69 70 75 
18 33 39 40 46 55 59 69 70 73 74 
18 33 39 40 46 55 58 59 71 75 
18 33 39 40 46 55 58 59 71 73 74 
18 33 39 40 46 55 58 59 69 70 75 
18 33 39 40 46 55 58 59 69 70 73 74 
18 33 39 40 46 48 55 59 71 
18 33 39 40 46 48 55 59 69 70 
18 33 39 40 46 48 55 58 59 71 
18 33 39 40 46 48 55 58 59 69 70 
18 33 39 40 44 55 59 73 75 
18 33 39 40 44 55 59 73 74 
18 33 39 40 44 55 59 71 72 75 
18 33 39 40 44 55 59 71 72 73 74 
18 33 39 40 44 55 58 59 73 75 
18 33 39 40 44 55 58 59 73 74 
18 33 39 40 44 55 58 59 71 72 75 
18 33 39 40 44 55 58 59 71 72 73 74 
18 33 39 40 44 48 55 59 73 
18 33 39 40 44 48 55 59 71 72 
18 33 39 40 44 48 55 58 59 73 
18 33 39 40 44 48 55 58 59 71 72 
18 33 39 40 44 46 55 59 75 
18 33 39 40 44 46 55 59 73 74 
18 33 39 40 44 46 55 58 59 75 
18 33 39 40 44 46 55 58 59 73 74 
18 33 39 40 44 46 48 55 59 
18 33 39 40 44 46 48 55 58 59 
18 26 67 
18 26 65 66 
18 26 40 
14 45 55 59 60 71 73 75 
14 45 55 59 60 71 73 74 
14 45 55 59 60 71 72 75 
14 45 55 59 60 71 72 73 74 
14 45 55 59 60 69 70 73 75 
14 45 55 59 60 69 70 73 74 
14 45 55 59 60 69 70 71 72 75 
14 45 55 59 60 69 70 71 72 73 74 
14 45 55 58 59 60 71 73 75 
14 45 55 58 59 60 71 73 74 
14 45 55 58 59 60 71 72 75 
14 45 55 58 59 60 71 72 73 74 
14 45 55 58 59 60 69 70 73 75 
14 45 55 58 59 60 69 70 73 74 
14 45 55 58 59 60 69 70 71 72 75 
14 45 55 58 59 60 69 70 71 72 73 74 
14 45 48 55 59 60 71 73 
14 45 48 55 59 60 71 72 
14 45 48 55 59 60 69 70 73 
14 45 48 55 59 60 69 70 71 72 
14 45 48 55 58 59 60 71 73 
14 45 48 55 58 59 60 71 72 
14 45 48 55 58 59 60 69 70 73 
14 45 48 55 58 59 60 69 70 71 72 
14 45 46 55 59 60 71 75 
14 45 46 55 59 60 71 73 74 
14 45 46 55 59 60 69 70 75 
14 45 46 55 59 60 69 70 73 74 
14 45 46 55 58 59 60 71 75 
14 45 46 55 58 59 60 71 73 74 
14 45 46 55 58 59 60 69 70 75 
14 45 46 55 58 59 60 69 70 73 74 
14 45 46 48 55 59 60 71 
14 45 46 48 55 59 60 69 70 
14 45 46 48 55 58 59 60 71 
14 45 46 48 55 58 59 60 69 70 
14 44 45 55 59 60 73 75 
14 44 45 55 59 60 73 74 
14 44 45 55 59 60 71 72 75 
14 44 45 55 59 60 71 72 73 74 
14 44 45 55 58 59 60 73 75 
14 44 45 55 58 59 60 73 74 
14 44 45 55 58 59 60 71 72 75 
14 44 45 55 58 59 60 71 72 73 74 
14 44 45 48 55 59 60 73 
14 44 45 48 55 59 60 71 72 
14 44 45 48 55 58 59 60 73 
14 44 45 48 55 58 59 60 71 72 
14 44 45 46 55 59 60 75 
14 44 45 46 55 59 60 73 74 
14 44 45 46 55 58 59 60 75 
14 44 45 46 55 58 59 60 73 74 
14 44 45 46 48 55 59 60 
14 44 45 46 48 55 58 59 60 
14 43 44 55 59 60 73 75 
14 43 44 55 59 60 73 74 
14 43 44 55 59 60 71 73 75 
14 43 44 55 59 60 71 73 74 
14 43 44 55 59 60 69 70 73 75 
14 43 44 55 59 60 69 70 73 74 
14 43 44 55 59 60 69 70 71 72 75 
14 43 44 55 59 60 69 70 71 72 73 74 
14 43 44 55 58 59 60 73 75 
14 43 44 55 58 59 60 73 74 
14 43 44 55 58 59 60 71 73 75 
14 43 44 55 58 59 60 71 73 74 
14 43 44 55 58 59 60 69 70 73 75 
14 43 44 55 58 59 60 69 70 73 74 
14 43 44 55 58 59 60 69 70 71 72 75 
14 43 44 55 58 59 60 69 70 71 72 73 74 
14 43 44 48 55 59 60 73 
14 43 44 48 55 59 60 71 73 
14 43 44 48 55 59 60 69 70 73 
14 43 44 48 55 59 60 69 70 71 72 
14 43 44 48 55 58 59 60 73 
14 43 44 48 55 58 59 60 71 73 
14 43 44 48 55 58 59 60 69 70 73 
14 43 44 48 55 58 59 60 69 70 71 72 
14 43 44 46 55 59 60 75 
14 43 44 46 55 59 60 73 74 
14 43 44 46 55 59 60 71 75 
14 43 44 46 55 59 60 71 73 74 
14 43 44 46 55 59 60 69 70 75 
14 43 44 46 55 59 60 69 70 73 74 
14 43 44 46 55 58 59 60 75 
14 43 44 46 55 58 59 60 73 74 
14 43 44 46 55 58 59 60 71 75 
14 43 44 46 55 58 59 60 71 73 74 
14 43 44 46 55 58 59 60 69 70 75 
14 43 44 46 55 58 59 60 69 70 73 74 
14 43 44 46 48 55 59 60 
14 43 44 46 48 55 59 60 71 
14 43 44 46 48 55 59 60 69 70 
14 43 44 46 48 55 58 59 60 
14 43 44 46 48 55 58 59 60 71 
14 43 44 46 48 55 58 59 60 69 70 
14 33 45 55 59 71 73 75 
14 33 45 55 59 71 73 74 
14 33 45 55 59 71 72 75 
14 33 45 55 59 71 72 73 74 
14 33 45 55 59 69 70 73 75 
14 33 45 55 59 69 70 73 74 
14 33 45 55 59 69 70 71 72 75 
14 33 45 55 59 69 70 71 72 73 74 
14 33 45 55 58 59 71 73 75 
14 33 45 55 58 59 71 73 74 
14 33 45 55 58 59 71 72 75 
14 33 45 55 58 59 71 72 73 74 
14 33 45 55 58 59 69 70 73 75 
14 33 45 55 58 59 69 70 73 74 
14 33 45 55 58 59 69 70 71 72 75 
14 33 45 55 58 59 69 70 71 72 73 74 
14 33 45 48 55 59 71 73 
14 33 45 48 55 59 71 72 
14 33 45 48 55 59 69 70 73 
14 33 45 48 55 59 69 70 71 72 
14 33 45 48 55 58 59 71 73 
14 33 45 48 55 58 59 71 72 
14 33 45 48 55 58 59 69 70 73 
14 33 45 48 55 58 59 69 70 71 72 
14 33 45 46 55 59 71 75 
14 33 45 46 55 59 71 73 74 
14 33 45 46 55 59 69 70 75 
14 33 45 46 55 59 69 70 73 74 
14 33 45 46 55 58 59 71 75 
14 33 45 46 55 58 59 71 73 74 
14 33 45 46 55 58 59 69 70 75 
14 33 45 46 55 58 59 69 70 73 74 
14 33 45 46 48 55 59 71 
14 33 45 46 48 55 59 69 70 
14 33 45 46 48 55 58 59 71 
14 33 45 46 48 55 58 59 69 70 
14 33 44 45 55 59 73 75 
14 33 44 45 55 59 73 74 
14 33 44 45 55 59 71 72 75 
14 33 44 45 55 59 71 72 73 74 
14 33 44 45 55 58 59 73 75 
14 33 44 45 55 58 59 73 74 
14 33 44 45 55 58 59 71 72 75 
14 33 44 45 55 58 59 71 72 73 74 
14 33 44 45 48 55 59 73 
14 33 44 45 48 55 59 71 72 
14 33 44 45 48 55 58 59 73 
14 33 44 45 48 55 58 59 71 72 
14 33 44 45 46 55 59 75 
14 33 44 45 46 55 59 73 74 
14 33 44 45 46 55 58 59 75 
14 33 44 45 46 55 58 59 73 74 
14 33 44 45 46 48 55 59 
14 33 44 45 46 48 55 58 59 
14 33 43 44 55 59 73 75 
14 33 43 44 55 59 73 74 
14 33 43 44 55 59 71 73 75 
14 33 43 44 55 59 71 73 74 
14 33 43 44 55 59 69 70 73 75 
14 33 43 44 55 59 69 70 73 74 
14 33 43 44 55 59 69 70 71 72 75 
14 33 43 44 55 59 69 70 71 72 73 74 
14 33 43 44 55 58 59 73 75 
14 33 43 44 55 58 59 73 74 
14 33 43 44 55 58 59 71 73 75 
14 33 43 44 55 58 59 71 73 74 
14 33 43 44 55 58 59 69 70 73 75 
14 33 43 44 55 58 59 69 70 73 74 
14 33 43 44 55 58 59 69 70 71 72 75 
14 33 43 44 55 58 59 69 70 71 72 73 74 
14 33 43 44 48 55 59 73 
14 33 43 44 48 55 59 71 73 
14 33 43 44 48 55 59 69 70 73 
14 33 43 44 48 55 59 69 70 71 72 
14 33 43 44 48 55 58 59 73 
14 33 43 44 48 55 58 59 71 73 
14 33 43 44 48 55 58 59 69 70 73 
14 33 43 44 48 55 58 59 69 70 71 72 
14 33 43 44 46 55 59 75 
14 33 43 44 46 55 59 73 74 
14 33 43 44 46 55 59 71 75 
14 33 43 44 46 55 59 71 73 74 
14 33 43 44 46 55 59 69 70 75 
14 33 43 44 46 55 59 69 70 73 74 
14 33 43 44 46 55 58 59 75 
14 33 43 44 46 55 58 59 73 74 
14 33 43 44 46 55 58 59 71 75 
14 33 43 44 46 55 58 59 71 73 74 
14 33 43 44 46 55 58 59 69 70 75 
14 33 43 44 46 55 58 59 69 70 73 74 
14 33 43 44 46 48 55 59 
14 33 43 44 46 48 55 59 71 
14 33 43 44 46 48 55 59 69 70 
14 33 43 44 46 48 55 58 59 
14 33 43 44 46 48 55 58 59 71 
14 33 43 44 46 48 55 58 59 69 70 
14 18 55 59 60 71 73 75 
14 18 55 59 60 71 73 74 
14 18 55 59 60 71 72 75 
14 18 55 59 60 71 72 73 74 
14 18 55 59 60 69 70 73 75 
14 18 55 59 60 69 70 73 74 
14 18 55 59 60 69 70 71 72 75 
14 18 55 59 60 69 70 71 72 73 74 
14 18 55 58 59 60 71 73 75 
14 18 55 58 59 60 71 73 74 
14 18 55 58 59 60 71 72 75 
14 18 55 58 59 60 71 72 73 74 
14 18 55 58 59 60 69 70 73 75 
14 18 55 58 59 60 69 70 73 74 
14 18 55 58 59 60 69 70 71 72 75 
14 18 55 58 59 60 69 70 71 72 73 74 
14 18 48 55 59 60 71 73 
14 18 48 55 59 60 71 72 
14 18 48 55 59 60 69 70 73 
14 18 48 55 59 60 69 70 71 72 
14 18 48 55 58 59 60 71 73 
14 18 48 55 58 59 60 71 72 
14 18 48 55 58 59 60 69 70 73 
14 18 48 55 58 59 60 69 70 71 72 
14 18 46 55 59 60 71 75 
14 18 46 55 59 60 71 73 74 
14 18 46 55 59 60 69 70 75 
14 18 46 55 59 60 69 70 73 74 
14 18 46 55 58 59 60 71 75 
14 18 46 55 58 59 60 71 73 74 
14 18 46 55 58 59 60 69 70 75 
14 18 46 55 58 59 60 69 70 73 74 
14 18 46 48 55 59 60 71 
14 18 46 48 55 59 60 69 70 
14 18 46 48 55 58 59 60 71 
14 18 46 48 55 58 59 60 69 70 
14 18 44 55 59 60 73 75 
14 18 44 55 59 60 73 74 
14 18 44 55 59 60 71 72 75 
14 18 44 55 59 60 71 72 73 74 
14 18 44 55 58 59 60 73 75 
14 18 44 55 58 59 60 73 74 
14 18 44 55 58 59 60 71 72 75 
14 18 44 55 58 59 60 71 72 73 74 
14 18 44 48 55 59 60 73 
14 18 44 48 55 59 60 71 72 
14 18 44 48 55 58 59 60 73 
14 18 44 48 55 58 59 60 71 72 
14 18 44 46 55 59 60 75 
14 18 44 46 55 59 60 73 74 
14 18 44 46 55 58 59 60 75 
14 18 44 46 55 58 59 60 73 74 
14 18 44 46 48 55 59 60 
14 18 44 46 48 55 58 59 60 
14 18 33 55 59 71 73 75 
14 18 33 55 59 71 73 74 
14 18 33 55 59 71 72 75 
14 18 33 55 59 71 72 73 74 
14 18 33 55 59 69 70 73 75 
14 18 33 55 59 69 70 73 74 
14 18 33 55 59 69 70 71 72 75 
14 18 33 55 59 69 70 71 72 73 74 
14 18 33 55 58 59 71 73 75 
14 18 33 55 58 59 71 73 74 
14 18 33 55 58 59 71 72 75 
14 18 33 55 58 59 71 72 73 74 
14 18 33 55 58 59 69 70 73 75 
14 18 33 55 58 59 69 70 73 74 
14 18 33 55 58 59 69 70 71 72 75 
14 18 33 55 58 59 69 70 71 72 73 74 
14 18 33 48 55 59 71 73 
14 18 33 48 55 59 71 72 
14 18 33 48 55 59 69 70 73 
14 18 33 48 55 59 69 70 71 72 
14 18 33 48 55 58 59 71 73 
14 18 33 48 55 58 59 71 72 
14 18 33 48 55 58 59 69 70 73 
14 18 33 48 55 58 59 69 70 71 72 
14 18 33 46 55 59 71 75 
14 18 33 46 55 59 71 73 74 
14 18 33 46 55 59 69 70 75 
14 18 33 46 55 59 69 70 73 74 
14 18 33 46 55 58 59 71 75 
14 18 33 46 55 58 59 71 73 74 
14 18 33 46 55 58 59 69 70 75 
14 18 33 46 55 58 59 69 70 73 74 
14 18 33 46 48 55 59 71 
14 18 33 46 48 55 59 69 70 
14 18 33 46 48 55 58 59 71 
14 18 33 46 48 55 58 59 69 70 
14 18 33 44 55 59 73 75 
14 18 33 44 55 59 73 74 
14 18 33 44 55 59 71 72 75 
14 18 33 44 55 59 71 72 73 74 
14 18 33 44 55 58 59 73 75 
14 18 33 44 55 58 59 73 74 
14 18 33 44 55 58 59 71 72 75 
14 18 33 44 55 58 59 71 72 73 74 
14 18 33 44 48 55 59 73 
14 18 33 44 48 55 59 71 72 
14 18 33 44 48 55 58 59 73 
14 18 33 44 48 55 58 59 71 72 
14 18 33 44 46 55 59 75 
14 18 33 44 46 55 59 73 74 
14 18 33 44 46 55 58 59 75 
14 18 33 44 46 55 58 59 73 74 
14 18 33 44 46 48 55 59 
14 18 33 44 46 48 55 58 59 
11 
11 33 
5 
5 33 
2 
2 33 
