
68
68 71
68 69 70
67 71
67 69
67 69 70
67 68
65 66 71
65 66 69
65 66 69 70
65 66 67 68
63
59 73 77
59 73 75 76
59 71 72 77
59 71 72 75 76
57 59 60 69 75 77
57 59 60 69 75 76
57 59 60 69 73 74 77
57 59 60 69 73 74 75 76
57 59 60 67 68 75 77
57 59 60 67 68 75 76
57 59 60 67 68 73 74 77
57 59 60 67 68 73 74 75 76
57 58 59 60 69 75 77
57 58 59 60 69 75 76
57 58 59 60 69 73 74 77
57 58 59 60 69 73 74 75 76
57 58 59 60 67 68 75 77
57 58 59 60 67 68 75 76
57 58 59 60 67 68 73 74 77
57 58 59 60 67 68 73 74 75 76
56 57 59 60 69 75 77
56 57 59 60 69 75 76
56 57 59 60 69 73 74 77
56 57 59 60 69 73 74 75 76
56 57 59 60 67 68 75 77
56 57 59 60 67 68 75 76
56 57 59 60 67 68 73 74 77
56 57 59 60 67 68 73 74 75 76
56 57 58 59 69 75 77
56 57 58 59 69 75 76
56 57 58 59 69 73 74 77
56 57 58 59 69 73 74 75 76
56 57 58 59 67 68 75 77
56 57 58 59 67 68 75 76
56 57 58 59 67 68 73 74 77
56 57 58 59 67 68 73 74 75 76
55 60 71 73
55 60 71 72
55 60 69 70 73
55 60 69 70 71 72
55 59 71
55 59 71 73 75
55 59 71 73 74
55 59 71 72 75
55 59 71 72 73 74
55 59 69 70
55 59 69 70 73 75
55 59 69 70 73 74
55 59 69 70 71 72 75
55 59 69 70 71 72 73 74
55 59 62 71 75
55 59 62 71 73 74
55 59 62 69 70 75
55 59 62 69 70 73 74
55 59 60 61 71 75
55 59 60 61 71 73 74
55 59 60 61 69 70 75
55 59 60 61 69 70 73 74
55 58 59 71 73
55 58 59 71 72
55 58 59 69 70 73
55 58 59 69 70 71 72
55 57 71 73
55 57 71 72
55 57 69 70 73
55 57 69 70 71 72
55 57 62 71 75
55 57 62 71 73
55 57 62 71 73 75
55 57 62 71 72
55 57 62 71 72 75
55 57 62 71 72 73 74
55 57 62 69 70 75
55 57 62 69 70 73
55 57 62 69 70 73 75
55 57 62 69 70 71 72
55 57 62 69 70 71 72 75
55 57 62 69 70 71 72 73 74
55 57 60 61 71 75
55 57 60 61 71 73
55 57 60 61 71 73 75
55 57 60 61 71 72
55 57 60 61 71 72 75
55 57 60 61 71 72 73 74
55 57 60 61 69 70 75
55 57 60 61 69 70 73
55 57 60 61 69 70 73 75
55 57 60 61 69 70 71 72
55 57 60 61 69 70 71 72 75
55 57 60 61 69 70 71 72 73 74
55 57 59 71 73
55 57 59 71 72
55 57 59 69 70 73
55 57 59 69 70 71 72
50 59 73
50 59 71 72
50 57 59 60 69 75
50 57 59 60 69 73 74
50 57 59 60 67 68 75
50 57 59 60 67 68 73 74
50 57 58 59 60 69 75
50 57 58 59 60 69 73 74
50 57 58 59 60 67 68 75
50 57 58 59 60 67 68 73 74
50 56 57 59 60 69 75
50 56 57 59 60 69 73 74
50 56 57 59 60 67 68 75
50 56 57 59 60 67 68 73 74
50 56 57 58 59 69 75
50 56 57 58 59 69 73 74
50 56 57 58 59 67 68 75
50 56 57 58 59 67 68 73 74
48 57 59 60 69 77
48 57 59 60 69 75 76
48 57 59 60 67 68 77
48 57 59 60 67 68 75 76
48 57 58 59 60 69 77
48 57 58 59 60 69 75 76
48 57 58 59 60 67 68 77
48 57 58 59 60 67 68 75 76
48 56 57 59 60 69 77
48 56 57 59 60 69 75 76
48 56 57 59 60 67 68 77
48 56 57 59 60 67 68 75 76
48 56 57 58 59 69 77
48 56 57 58 59 69 75 76
48 56 57 58 59 67 68 77
48 56 57 58 59 67 68 75 76
48 55 59 71 73
48 55 59 71 72
48 55 59 69 70 73
48 55 59 69 70 71 72
48 55 59 62 71
48 55 59 62 69 70
48 55 59 60 61 71
48 55 59 60 61 69 70
48 55 57 62 71
48 55 57 62 71 73
48 55 57 62 71 72
48 55 57 62 69 70
48 55 57 62 69 70 73
48 55 57 62 69 70 71 72
48 55 57 60 61 71
48 55 57 60 61 71 73
48 55 57 60 61 71 72
48 55 57 60 61 69 70
48 55 57 60 61 69 70 73
48 55 57 60 61 69 70 71 72
48 50 57 59 60 69
48 50 57 59 60 67 68
48 50 57 58 59 60 69
48 50 57 58 59 60 67 68
48 50 56 57 59 60 69
48 50 56 57 59 60 67 68
48 50 56 57 58 59 69
48 50 56 57 58 59 67 68
46 59 77
46 59 75 76
46 55 60 71
46 55 60 69 70
46 55 59 71 75
46 55 59 71 73 74
46 55 59 69 70 75
46 55 59 69 70 73 74
46 55 58 59 71
46 55 58 59 69 70
46 55 57 71
46 55 57 69 70
46 55 57 62 71
46 55 57 62 71 75
46 55 57 62 71 73 74
46 55 57 62 69 70
46 55 57 62 69 70 75
46 55 57 62 69 70 73 74
46 55 57 60 62 71 73 75
46 55 57 60 62 71 73 74
46 55 57 60 62 71 72 75
46 55 57 60 62 71 72 73 74
46 55 57 60 62 69 70 73 75
46 55 57 60 62 69 70 73 74
46 55 57 60 62 69 70 71 72 75
46 55 57 60 62 69 70 71 72 73 74
46 55 57 60 61 71
46 55 57 60 61 71 75
46 55 57 60 61 71 73 75
46 55 57 60 61 71 72 75
46 55 57 60 61 71 72 73 74
46 55 57 60 61 69 70
46 55 57 60 61 69 70 75
46 55 57 60 61 69 70 73 75
46 55 57 60 61 69 70 71 72 75
46 55 57 60 61 69 70 71 72 73 74
46 55 57 59 71
46 55 57 59 69 70
46 55 57 59 60 62 71 75
46 55 57 59 60 62 71 73 74
46 55 57 59 60 62 69 70 75
46 55 57 59 60 62 69 70 73 74
46 55 57 59 60 61 71 75
46 55 57 59 60 61 71 73 74
46 55 57 59 60 61 69 70 75
46 55 57 59 60 61 69 70 73 74
46 55 57 58 59 62 71 75
46 55 57 58 59 62 71 73 75
46 55 57 58 59 62 71 72 75
46 55 57 58 59 62 71 72 73 74
46 55 57 58 59 62 69 70 75
46 55 57 58 59 62 69 70 73 75
46 55 57 58 59 62 69 70 71 72 75
46 55 57 58 59 62 69 70 71 72 73 74
46 55 57 58 59 60 61 71 75
46 55 57 58 59 60 61 71 73 75
46 55 57 58 59 60 61 71 72 75
46 55 57 58 59 60 61 71 72 73 74
46 55 57 58 59 60 61 69 70 75
46 55 57 58 59 60 61 69 70 73 75
46 55 57 58 59 60 61 69 70 71 72 75
46 55 57 58 59 60 61 69 70 71 72 73 74
46 50 59
46 48 55 59 71
46 48 55 59 69 70
46 48 55 57 62 71
46 48 55 57 62 69 70
46 48 55 57 60 62 71 73
46 48 55 57 60 62 71 72
46 48 55 57 60 62 69 70 73
46 48 55 57 60 62 69 70 71 72
46 48 55 57 60 61 71
46 48 55 57 60 61 71 73
46 48 55 57 60 61 71 72
46 48 55 57 60 61 69 70
46 48 55 57 60 61 69 70 73
46 48 55 57 60 61 69 70 71 72
46 48 55 57 59 60 62 71
46 48 55 57 59 60 62 69 70
46 48 55 57 59 60 61 71
46 48 55 57 59 60 61 69 70
46 48 55 57 58 59 62 71
46 48 55 57 58 59 62 71 73
46 48 55 57 58 59 62 71 72
46 48 55 57 58 59 62 69 70
46 48 55 57 58 59 62 69 70 73
46 48 55 57 58 59 62 69 70 71 72
46 48 55 57 58 59 60 61 71
46 48 55 57 58 59 60 61 71 73
46 48 55 57 58 59 60 61 71 72
46 48 55 57 58 59 60 61 69 70
46 48 55 57 58 59 60 61 69 70 73
46 48 55 57 58 59 60 61 69 70 71 72
44 68
44 67
44 65 66
44 55 60 73
44 55 60 71 72
44 55 59
44 55 59 73 75
44 55 59 73 74
44 55 59 71 72 75
44 55 59 71 72 73 74
44 55 59 62 75
44 55 59 62 73 74
44 55 59 60 61 75
44 55 59 60 61 73 74
44 55 58 59 73
44 55 58 59 71 72
44 55 57 73
44 55 57 71 72
44 55 57 62 75
44 55 57 62 73
44 55 57 62 73 75
44 55 57 62 71 72
44 55 57 62 71 72 75
44 55 57 62 71 72 73 74
44 55 57 60 61 75
44 55 57 60 61 73
44 55 57 60 61 73 75
44 55 57 60 61 71 72
44 55 57 60 61 71 72 75
44 55 57 60 61 71 72 73 74
44 55 57 59 73
44 55 57 59 71 72
44 48 55 59 73
44 48 55 59 71 72
44 48 55 59 62
44 48 55 59 60 61
44 48 55 57 62
44 48 55 57 62 73
44 48 55 57 62 71 72
44 48 55 57 60 61
44 48 55 57 60 61 73
44 48 55 57 60 61 71 72
44 46 55 60
44 46 55 59 75
44 46 55 59 73 74
44 46 55 58 59
44 46 55 57
44 46 55 57 62
44 46 55 57 62 75
44 46 55 57 62 73 74
44 46 55 57 60 62 73 75
44 46 55 57 60 62 73 74
44 46 55 57 60 62 71 72 75
44 46 55 57 60 62 71 72 73 74
44 46 55 57 60 61
44 46 55 57 60 61 75
44 46 55 57 60 61 73 75
44 46 55 57 60 61 71 72 75
44 46 55 57 60 61 71 72 73 74
44 46 55 57 59
44 46 55 57 59 60 62 75
44 46 55 57 59 60 62 73 74
44 46 55 57 59 60 61 75
44 46 55 57 59 60 61 73 74
44 46 55 57 58 59 62 75
44 46 55 57 58 59 62 73 75
44 46 55 57 58 59 62 71 72 75
44 46 55 57 58 59 62 71 72 73 74
44 46 55 57 58 59 60 61 75
44 46 55 57 58 59 60 61 73 75
44 46 55 57 58 59 60 61 71 72 75
44 46 55 57 58 59 60 61 71 72 73 74
44 46 48 55 59
44 46 48 55 57 62
44 46 48 55 57 60 62 73
44 46 48 55 57 60 62 71 72
44 46 48 55 57 60 61
44 46 48 55 57 60 61 73
44 46 48 55 57 60 61 71 72
44 46 48 55 57 59 60 62
44 46 48 55 57 59 60 61
44 46 48 55 57 58 59 62
44 46 48 55 57 58 59 62 73
44 46 48 55 57 58 59 62 71 72
44 46 48 55 57 58 59 60 61
44 46 48 55 57 58 59 60 61 73
44 46 48 55 57 58 59 60 61 71 72
44 45 55 57 60 62 75
44 45 55 57 60 62 73 75
44 45 55 57 60 62 71 75
44 45 55 57 60 62 71 73 75
44 45 55 57 60 62 69 70 75
44 45 55 57 60 62 69 70 73 75
44 45 55 57 60 62 69 70 71 72 75
44 45 55 57 60 62 69 70 71 72 73 74
44 45 55 57 60 61 75
44 45 55 57 60 61 73 75
44 45 55 57 60 61 71 75
44 45 55 57 60 61 71 73 75
44 45 55 57 60 61 69 70 75
44 45 55 57 60 61 69 70 73 75
44 45 55 57 60 61 69 70 71 72 75
44 45 55 57 60 61 69 70 71 72 73 74
44 45 55 57 59 60 62 75
44 45 55 57 59 60 62 73 74
44 45 55 57 59 60 62 71 75
44 45 55 57 59 60 62 71 73 74
44 45 55 57 59 60 62 69 70 75
44 45 55 57 59 60 62 69 70 73 74
44 45 55 57 59 60 61 75
44 45 55 57 59 60 61 73 74
44 45 55 57 59 60 61 71 75
44 45 55 57 59 60 61 71 73 74
44 45 55 57 59 60 61 69 70 75
44 45 55 57 59 60 61 69 70 73 74
44 45 55 57 58 59 62 73 75
44 45 55 57 58 59 62 73 74
44 45 55 57 58 59 62 71 73 75
44 45 55 57 58 59 62 71 73 74
44 45 55 57 58 59 62 69 70 73 75
44 45 55 57 58 59 62 69 70 73 74
44 45 55 57 58 59 62 69 70 71 72 75
44 45 55 57 58 59 62 69 70 71 72 73 74
44 45 55 57 58 59 60 61 73 75
44 45 55 57 58 59 60 61 73 74
44 45 55 57 58 59 60 61 71 73 75
44 45 55 57 58 59 60 61 71 73 74
44 45 55 57 58 59 60 61 69 70 73 75
44 45 55 57 58 59 60 61 69 70 73 74
44 45 55 57 58 59 60 61 69 70 71 72 75
44 45 55 57 58 59 60 61 69 70 71 72 73 74
44 45 48 55 57 60 62
44 45 48 55 57 60 62 73
44 45 48 55 57 60 62 71
44 45 48 55 57 60 62 71 73
44 45 48 55 57 60 62 69 70
44 45 48 55 57 60 62 69 70 73
44 45 48 55 57 60 62 69 70 71 72
44 45 48 55 57 60 61
44 45 48 55 57 60 61 73
44 45 48 55 57 60 61 71
44 45 48 55 57 60 61 71 73
44 45 48 55 57 60 61 69 70
44 45 48 55 57 60 61 69 70 73
44 45 48 55 57 60 61 69 70 71 72
44 45 48 55 57 59 60 62
44 45 48 55 57 59 60 62 71
44 45 48 55 57 59 60 62 69 70
44 45 48 55 57 59 60 61
44 45 48 55 57 59 60 61 71
44 45 48 55 57 59 60 61 69 70
44 45 48 55 57 58 59 62 73
44 45 48 55 57 58 59 62 71 73
44 45 48 55 57 58 59 62 69 70 73
44 45 48 55 57 58 59 62 69 70 71 72
44 45 48 55 57 58 59 60 61 73
44 45 48 55 57 58 59 60 61 71 73
44 45 48 55 57 58 59 60 61 69 70 73
44 45 48 55 57 58 59 60 61 69 70 71 72
44 45 46 55 57 60 62 75
44 45 46 55 57 60 62 73 74
44 45 46 55 57 60 62 71 75
44 45 46 55 57 60 62 71 73 74
44 45 46 55 57 60 62 69 70 75
44 45 46 55 57 60 62 69 70 73 74
44 45 46 55 57 60 61 75
44 45 46 55 57 60 61 73 74
44 45 46 55 57 60 61 71 75
44 45 46 55 57 60 61 71 73 74
44 45 46 55 57 60 61 69 70 75
44 45 46 55 57 60 61 69 70 73 74
44 45 46 55 57 58 59 62 75
44 45 46 55 57 58 59 62 73 74
44 45 46 55 57 58 59 62 71 75
44 45 46 55 57 58 59 62 71 73 74
44 45 46 55 57 58 59 62 69 70 75
44 45 46 55 57 58 59 62 69 70 73 74
44 45 46 55 57 58 59 60 61 75
44 45 46 55 57 58 59 60 61 73 74
44 45 46 55 57 58 59 60 61 71 75
44 45 46 55 57 58 59 60 61 71 73 74
44 45 46 55 57 58 59 60 61 69 70 75
44 45 46 55 57 58 59 60 61 69 70 73 74
44 45 46 48 55 57 60 62
44 45 46 48 55 57 60 62 71
44 45 46 48 55 57 60 62 69 70
44 45 46 48 55 57 60 61
44 45 46 48 55 57 60 61 71
44 45 46 48 55 57 60 61 69 70
44 45 46 48 55 57 58 59 62
44 45 46 48 55 57 58 59 62 71
44 45 46 48 55 57 58 59 62 69 70
44 45 46 48 55 57 58 59 60 61
44 45 46 48 55 57 58 59 60 61 71
44 45 46 48 55 57 58 59 60 61 69 70
42 67
42 65 66
42 57 59 60 75 77
42 57 59 60 75 76
42 57 59 60 73 74 77
42 57 59 60 73 74 75 76
42 57 58 59 60 75 77
42 57 58 59 60 75 76
42 57 58 59 60 73 74 77
42 57 58 59 60 73 74 75 76
42 56 57 59 60 75 77
42 56 57 59 60 75 76
42 56 57 59 60 73 74 77
42 56 57 59 60 73 74 75 76
42 56 57 58 59 75 77
42 56 57 58 59 75 76
42 56 57 58 59 73 74 77
42 56 57 58 59 73 74 75 76
42 50 57 59 60 75
42 50 57 59 60 73 74
42 50 57 58 59 60 75
42 50 57 58 59 60 73 74
42 50 56 57 59 60 75
42 50 56 57 59 60 73 74
42 50 56 57 58 59 75
42 50 56 57 58 59 73 74
42 48 57 59 60 77
42 48 57 59 60 75 76
42 48 57 58 59 60 77
42 48 57 58 59 60 75 76
42 48 56 57 59 60 77
42 48 56 57 59 60 75 76
42 48 56 57 58 59 77
42 48 56 57 58 59 75 76
42 48 50 57 59 60
42 48 50 57 58 59 60
42 48 50 56 57 59 60
42 48 50 56 57 58 59
40 71
40 69
40 69 70
40 67 68
40 44
40 42
35 55 59 71 75
35 55 59 71 73 74
35 55 59 69 70 75
35 55 59 69 70 73 74
35 55 57 71 75
35 55 57 71 73
35 55 57 71 73 75
35 55 57 71 72
35 55 57 71 72 75
35 55 57 71 72 73 74
35 55 57 69 70 75
35 55 57 69 70 73
35 55 57 69 70 73 75
35 55 57 69 70 71 72
35 55 57 69 70 71 72 75
35 55 57 69 70 71 72 73 74
35 48 55 59 71
35 48 55 59 69 70
35 48 55 57 71
35 48 55 57 71 73
35 48 55 57 71 72
35 48 55 57 69 70
35 48 55 57 69 70 73
35 48 55 57 69 70 71 72
35 46 55 57 71
35 46 55 57 71 75
35 46 55 57 71 73 74
35 46 55 57 69 70
35 46 55 57 69 70 75
35 46 55 57 69 70 73 74
35 46 55 57 60 71 73 75
35 46 55 57 60 71 73 74
35 46 55 57 60 71 72 75
35 46 55 57 60 71 72 73 74
35 46 55 57 60 69 70 73 75
35 46 55 57 60 69 70 73 74
35 46 55 57 60 69 70 71 72 75
35 46 55 57 60 69 70 71 72 73 74
35 46 55 57 59 60 71 75
35 46 55 57 59 60 71 73 74
35 46 55 57 59 60 69 70 75
35 46 55 57 59 60 69 70 73 74
35 46 55 57 58 59 71 75
35 46 55 57 58 59 71 73 75
35 46 55 57 58 59 71 72 75
35 46 55 57 58 59 71 72 73 74
35 46 55 57 58 59 69 70 75
35 46 55 57 58 59 69 70 73 75
35 46 55 57 58 59 69 70 71 72 75
35 46 55 57 58 59 69 70 71 72 73 74
35 46 48 55 57 71
35 46 48 55 57 69 70
35 46 48 55 57 60 71 73
35 46 48 55 57 60 71 72
35 46 48 55 57 60 69 70 73
35 46 48 55 57 60 69 70 71 72
35 46 48 55 57 59 60 71
35 46 48 55 57 59 60 69 70
35 46 48 55 57 58 59 71
35 46 48 55 57 58 59 71 73
35 46 48 55 57 58 59 71 72
35 46 48 55 57 58 59 69 70
35 46 48 55 57 58 59 69 70 73
35 46 48 55 57 58 59 69 70 71 72
35 44 55 59 75
35 44 55 59 73 74
35 44 55 57 75
35 44 55 57 73
35 44 55 57 73 75
35 44 55 57 71 72
35 44 55 57 71 72 75
35 44 55 57 71 72 73 74
35 44 48 55 59
35 44 48 55 57
35 44 48 55 57 73
35 44 48 55 57 71 72
35 44 46 55 57
35 44 46 55 57 75
35 44 46 55 57 73 74
35 44 46 55 57 60 73 75
35 44 46 55 57 60 73 74
35 44 46 55 57 60 71 72 75
35 44 46 55 57 60 71 72 73 74
35 44 46 55 57 59 60 75
35 44 46 55 57 59 60 73 74
35 44 46 55 57 58 59 75
35 44 46 55 57 58 59 73 75
35 44 46 55 57 58 59 71 72 75
35 44 46 55 57 58 59 71 72 73 74
35 44 46 48 55 57
35 44 46 48 55 57 60 73
35 44 46 48 55 57 60 71 72
35 44 46 48 55 57 59 60
35 44 46 48 55 57 58 59
35 44 46 48 55 57 58 59 73
35 44 46 48 55 57 58 59 71 72
35 44 45 55 57 60 75
35 44 45 55 57 60 73 75
35 44 45 55 57 60 71 75
35 44 45 55 57 60 71 73 75
35 44 45 55 57 60 69 70 75
35 44 45 55 57 60 69 70 73 75
35 44 45 55 57 60 69 70 71 72 75
35 44 45 55 57 60 69 70 71 72 73 74
35 44 45 55 57 59 60 75
35 44 45 55 57 59 60 73 74
35 44 45 55 57 59 60 71 75
35 44 45 55 57 59 60 71 73 74
35 44 45 55 57 59 60 69 70 75
35 44 45 55 57 59 60 69 70 73 74
35 44 45 55 57 58 59 73 75
35 44 45 55 57 58 59 73 74
35 44 45 55 57 58 59 71 73 75
35 44 45 55 57 58 59 71 73 74
35 44 45 55 57 58 59 69 70 73 75
35 44 45 55 57 58 59 69 70 73 74
35 44 45 55 57 58 59 69 70 71 72 75
35 44 45 55 57 58 59 69 70 71 72 73 74
35 44 45 48 55 57 60
35 44 45 48 55 57 60 73
35 44 45 48 55 57 60 71
35 44 45 48 55 57 60 71 73
35 44 45 48 55 57 60 69 70
35 44 45 48 55 57 60 69 70 73
35 44 45 48 55 57 60 69 70 71 72
35 44 45 48 55 57 59 60
35 44 45 48 55 57 59 60 71
35 44 45 48 55 57 59 60 69 70
35 44 45 48 55 57 58 59 73
35 44 45 48 55 57 58 59 71 73
35 44 45 48 55 57 58 59 69 70 73
35 44 45 48 55 57 58 59 69 70 71 72
35 44 45 46 55 57 60 75
35 44 45 46 55 57 60 73 74
35 44 45 46 55 57 60 71 75
35 44 45 46 55 57 60 71 73 74
35 44 45 46 55 57 60 69 70 75
35 44 45 46 55 57 60 69 70 73 74
35 44 45 46 55 57 58 59 75
35 44 45 46 55 57 58 59 73 74
35 44 45 46 55 57 58 59 71 75
35 44 45 46 55 57 58 59 71 73 74
35 44 45 46 55 57 58 59 69 70 75
35 44 45 46 55 57 58 59 69 70 73 74
35 44 45 46 48 55 57 60
35 44 45 46 48 55 57 60 71
35 44 45 46 48 55 57 60 69 70
35 44 45 46 48 55 57 58 59
35 44 45 46 48 55 57 58 59 71
35 44 45 46 48 55 57 58 59 69 70
33 67
33 65 66
33 57 59 69 75 77
33 57 59 69 75 76
33 57 59 69 73 74 77
33 57 59 69 73 74 75 76
33 57 59 67 68 75 77
33 57 59 67 68 75 76
33 57 59 67 68 73 74 77
33 57 59 67 68 73 74 75 76
33 57 58 59 69 75 77
33 57 58 59 69 75 76
33 57 58 59 69 73 74 77
33 57 58 59 69 73 74 75 76
33 57 58 59 67 68 75 77
33 57 58 59 67 68 75 76
33 57 58 59 67 68 73 74 77
33 57 58 59 67 68 73 74 75 76
33 56 57 59 69 75 77
33 56 57 59 69 75 76
33 56 57 59 69 73 74 77
33 56 57 59 69 73 74 75 76
33 56 57 59 67 68 75 77
33 56 57 59 67 68 75 76
33 56 57 59 67 68 73 74 77
33 56 57 59 67 68 73 74 75 76
33 55 71 73
33 55 71 72
33 55 69 70 73
33 55 69 70 71 72
33 50 57 59 69 75
33 50 57 59 69 73 74
33 50 57 59 67 68 75
33 50 57 59 67 68 73 74
33 50 57 58 59 69 75
33 50 57 58 59 69 73 74
33 50 57 58 59 67 68 75
33 50 57 58 59 67 68 73 74
33 50 56 57 59 69 75
33 50 56 57 59 69 73 74
33 50 56 57 59 67 68 75
33 50 56 57 59 67 68 73 74
33 48 57 59 69 77
33 48 57 59 69 75 76
33 48 57 59 67 68 77
33 48 57 59 67 68 75 76
33 48 57 58 59 69 77
33 48 57 58 59 69 75 76
33 48 57 58 59 67 68 77
33 48 57 58 59 67 68 75 76
33 48 56 57 59 69 77
33 48 56 57 59 69 75 76
33 48 56 57 59 67 68 77
33 48 56 57 59 67 68 75 76
33 48 50 57 59 69
33 48 50 57 59 67 68
33 48 50 57 58 59 69
33 48 50 57 58 59 67 68
33 48 50 56 57 59 69
33 48 50 56 57 59 67 68
33 46 55 71
33 46 55 69 70
33 46 55 57 62 71 73 75
33 46 55 57 62 71 73 74
33 46 55 57 62 71 72 75
33 46 55 57 62 71 72 73 74
33 46 55 57 62 69 70 73 75
33 46 55 57 62 69 70 73 74
33 46 55 57 62 69 70 71 72 75
33 46 55 57 62 69 70 71 72 73 74
33 46 55 57 60 61 71 73 75
33 46 55 57 60 61 71 73 74
33 46 55 57 60 61 71 72 75
33 46 55 57 60 61 71 72 73 74
33 46 55 57 60 61 69 70 73 75
33 46 55 57 60 61 69 70 73 74
33 46 55 57 60 61 69 70 71 72 75
33 46 55 57 60 61 69 70 71 72 73 74
33 46 55 57 59 62 71 75
33 46 55 57 59 62 71 73 74
33 46 55 57 59 62 69 70 75
33 46 55 57 59 62 69 70 73 74
33 46 55 57 59 60 61 71 75
33 46 55 57 59 60 61 71 73 74
33 46 55 57 59 60 61 69 70 75
33 46 55 57 59 60 61 69 70 73 74
33 46 48 55 57 62 71 73
33 46 48 55 57 62 71 72
33 46 48 55 57 62 69 70 73
33 46 48 55 57 62 69 70 71 72
33 46 48 55 57 60 61 71 73
33 46 48 55 57 60 61 71 72
33 46 48 55 57 60 61 69 70 73
33 46 48 55 57 60 61 69 70 71 72
33 46 48 55 57 59 62 71
33 46 48 55 57 59 62 69 70
33 46 48 55 57 59 60 61 71
33 46 48 55 57 59 60 61 69 70
33 44 55 73
33 44 55 71 72
33 44 46 55
33 44 46 55 57 62 73 75
33 44 46 55 57 62 73 74
33 44 46 55 57 62 71 72 75
33 44 46 55 57 62 71 72 73 74
33 44 46 55 57 60 61 73 75
33 44 46 55 57 60 61 73 74
33 44 46 55 57 60 61 71 72 75
33 44 46 55 57 60 61 71 72 73 74
33 44 46 55 57 59 62 75
33 44 46 55 57 59 62 73 74
33 44 46 55 57 59 60 61 75
33 44 46 55 57 59 60 61 73 74
33 44 46 48 55 57 62 73
33 44 46 48 55 57 62 71 72
33 44 46 48 55 57 60 61 73
33 44 46 48 55 57 60 61 71 72
33 44 46 48 55 57 59 62
33 44 46 48 55 57 59 60 61
33 44 45 55 57 62 75
33 44 45 55 57 62 73 75
33 44 45 55 57 62 71 75
33 44 45 55 57 62 71 73 75
33 44 45 55 57 62 69 70 75
33 44 45 55 57 62 69 70 73 75
33 44 45 55 57 62 69 70 71 72 75
33 44 45 55 57 62 69 70 71 72 73 74
33 44 45 55 57 60 61 75
33 44 45 55 57 60 61 73 75
33 44 45 55 57 60 61 71 75
33 44 45 55 57 60 61 71 73 75
33 44 45 55 57 60 61 69 70 75
33 44 45 55 57 60 61 69 70 73 75
33 44 45 55 57 60 61 69 70 71 72 75
33 44 45 55 57 60 61 69 70 71 72 73 74
33 44 45 55 57 59 62 75
33 44 45 55 57 59 62 73 74
33 44 45 55 57 59 62 71 75
33 44 45 55 57 59 62 71 73 74
33 44 45 55 57 59 62 69 70 75
33 44 45 55 57 59 62 69 70 73 74
33 44 45 55 57 59 60 61 75
33 44 45 55 57 59 60 61 73 74
33 44 45 55 57 59 60 61 71 75
33 44 45 55 57 59 60 61 71 73 74
33 44 45 55 57 59 60 61 69 70 75
33 44 45 55 57 59 60 61 69 70 73 74
33 44 45 48 55 57 62
33 44 45 48 55 57 62 73
33 44 45 48 55 57 62 71
33 44 45 48 55 57 62 71 73
33 44 45 48 55 57 62 69 70
33 44 45 48 55 57 62 69 70 73
33 44 45 48 55 57 62 69 70 71 72
33 44 45 48 55 57 60 61
33 44 45 48 55 57 60 61 73
33 44 45 48 55 57 60 61 71
33 44 45 48 55 57 60 61 71 73
33 44 45 48 55 57 60 61 69 70
33 44 45 48 55 57 60 61 69 70 73
33 44 45 48 55 57 60 61 69 70 71 72
33 44 45 48 55 57 59 62
33 44 45 48 55 57 59 62 71
33 44 45 48 55 57 59 62 69 70
33 44 45 48 55 57 59 60 61
33 44 45 48 55 57 59 60 61 71
33 44 45 48 55 57 59 60 61 69 70
33 44 45 46 55 57 62 75
33 44 45 46 55 57 62 73 74
33 44 45 46 55 57 62 71 75
33 44 45 46 55 57 62 71 73 74
33 44 45 46 55 57 62 69 70 75
33 44 45 46 55 57 62 69 70 73 74
33 44 45 46 55 57 60 61 75
33 44 45 46 55 57 60 61 73 74
33 44 45 46 55 57 60 61 71 75
33 44 45 46 55 57 60 61 71 73 74
33 44 45 46 55 57 60 61 69 70 75
33 44 45 46 55 57 60 61 69 70 73 74
33 44 45 46 48 55 57 62
33 44 45 46 48 55 57 62 71
33 44 45 46 48 55 57 62 69 70
33 44 45 46 48 55 57 60 61
33 44 45 46 48 55 57 60 61 71
33 44 45 46 48 55 57 60 61 69 70
33 42 57 59 75 77
33 42 57 59 75 76
33 42 57 59 73 74 77
33 42 57 59 73 74 75 76
33 42 57 58 59 75 77
33 42 57 58 59 75 76
33 42 57 58 59 73 74 77
33 42 57 58 59 73 74 75 76
33 42 56 57 59 75 77
33 42 56 57 59 75 76
33 42 56 57 59 73 74 77
33 42 56 57 59 73 74 75 76
33 42 50 57 59 75
33 42 50 57 59 73 74
33 42 50 57 58 59 75
33 42 50 57 58 59 73 74
33 42 50 56 57 59 75
33 42 50 56 57 59 73 74
33 42 48 57 59 77
33 42 48 57 59 75 76
33 42 48 57 58 59 77
33 42 48 57 58 59 75 76
33 42 48 56 57 59 77
33 42 48 56 57 59 75 76
33 42 48 50 57 59
33 42 48 50 57 58 59
33 42 48 50 56 57 59
33 40
33 35 46 55 57 71 73 75
33 35 46 55 57 71 73 74
33 35 46 55 57 71 72 75
33 35 46 55 57 71 72 73 74
33 35 46 55 57 69 70 73 75
33 35 46 55 57 69 70 73 74
33 35 46 55 57 69 70 71 72 75
33 35 46 55 57 69 70 71 72 73 74
33 35 46 55 57 59 71 75
33 35 46 55 57 59 71 73 74
33 35 46 55 57 59 69 70 75
33 35 46 55 57 59 69 70 73 74
33 35 46 48 55 57 71 73
33 35 46 48 55 57 71 72
33 35 46 48 55 57 69 70 73
33 35 46 48 55 57 69 70 71 72
33 35 46 48 55 57 59 71
33 35 46 48 55 57 59 69 70
33 35 44 46 55 57 73 75
33 35 44 46 55 57 73 74
33 35 44 46 55 57 71 72 75
33 35 44 46 55 57 71 72 73 74
33 35 44 46 55 57 59 75
33 35 44 46 55 57 59 73 74
33 35 44 46 48 55 57 73
33 35 44 46 48 55 57 71 72
33 35 44 46 48 55 57 59
33 35 44 45 55 57 75
33 35 44 45 55 57 73 75
33 35 44 45 55 57 71 75
33 35 44 45 55 57 71 73 75
33 35 44 45 55 57 69 70 75
33 35 44 45 55 57 69 70 73 75
33 35 44 45 55 57 69 70 71 72 75
33 35 44 45 55 57 69 70 71 72 73 74
33 35 44 45 55 57 59 75
33 35 44 45 55 57 59 73 74
33 35 44 45 55 57 59 71 75
33 35 44 45 55 57 59 71 73 74
33 35 44 45 55 57 59 69 70 75
33 35 44 45 55 57 59 69 70 73 74
33 35 44 45 48 55 57
33 35 44 45 48 55 57 73
33 35 44 45 48 55 57 71
33 35 44 45 48 55 57 71 73
33 35 44 45 48 55 57 69 70
33 35 44 45 48 55 57 69 70 73
33 35 44 45 48 55 57 69 70 71 72
33 35 44 45 48 55 57 59
33 35 44 45 48 55 57 59 71
33 35 44 45 48 55 57 59 69 70
33 35 44 45 46 55 57 75
33 35 44 45 46 55 57 73 74
33 35 44 45 46 55 57 71 75
33 35 44 45 46 55 57 71 73 74
33 35 44 45 46 55 57 69 70 75
33 35 44 45 46 55 57 69 70 73 74
33 35 44 45 46 48 55 57
33 35 44 45 46 48 55 57 71
33 35 44 45 46 48 55 57 69 70
31 67 69
31 67 68
31 65 66 69
31 65 66 67 68
31 57 59 60 69 75 77
31 57 59 60 69 75 76
31 57 59 60 69 73 74 77
31 57 59 60 69 73 74 75 76
31 57 59 60 67 68 75 77
31 57 59 60 67 68 75 76
31 57 59 60 67 68 73 74 77
31 57 59 60 67 68 73 74 75 76
31 57 58 59 69 75 77
31 57 58 59 69 75 76
31 57 58 59 69 73 74 77
31 57 58 59 69 73 74 75 76
31 57 58 59 67 68 75 77
31 57 58 59 67 68 75 76
31 57 58 59 67 68 73 74 77
31 57 58 59 67 68 73 74 75 76
31 50 57 59 60 69 75
31 50 57 59 60 69 73 74
31 50 57 59 60 67 68 75
31 50 57 59 60 67 68 73 74
31 50 57 58 59 69 75
31 50 57 58 59 69 73 74
31 50 57 58 59 67 68 75
31 50 57 58 59 67 68 73 74
31 48 57 59 60 69 77
31 48 57 59 60 69 75 76
31 48 57 59 60 67 68 77
31 48 57 59 60 67 68 75 76
31 48 57 58 59 69 77
31 48 57 58 59 69 75 76
31 48 57 58 59 67 68 77
31 48 57 58 59 67 68 75 76
31 48 50 57 59 60 69
31 48 50 57 59 60 67 68
31 48 50 57 58 59 69
31 48 50 57 58 59 67 68
31 42 67
31 42 65 66
31 42 57 59 60 75 77
31 42 57 59 60 75 76
31 42 57 59 60 73 74 77
31 42 57 59 60 73 74 75 76
31 42 57 58 59 75 77
31 42 57 58 59 75 76
31 42 57 58 59 73 74 77
31 42 57 58 59 73 74 75 76
31 42 50 57 59 60 75
31 42 50 57 59 60 73 74
31 42 50 57 58 59 75
31 42 50 57 58 59 73 74
31 42 48 57 59 60 77
31 42 48 57 59 60 75 76
31 42 48 57 58 59 77
31 42 48 57 58 59 75 76
31 42 48 50 57 59 60
31 42 48 50 57 58 59
31 40 69
31 40 67 68
31 40 42
31 33 57 59 69 75 77
31 33 57 59 69 75 76
31 33 57 59 69 73 74 77
31 33 57 59 69 73 74 75 76
31 33 57 59 67 68 75 77
31 33 57 59 67 68 75 76
31 33 57 59 67 68 73 74 77
31 33 57 59 67 68 73 74 75 76
31 33 50 57 59 69 75
31 33 50 57 59 69 73 74
31 33 50 57 59 67 68 75
31 33 50 57 59 67 68 73 74
31 33 48 57 59 69 77
31 33 48 57 59 69 75 76
31 33 48 57 59 67 68 77
31 33 48 57 59 67 68 75 76
31 33 48 50 57 59 69
31 33 48 50 57 59 67 68
31 33 42 57 59 75 77
31 33 42 57 59 75 76
31 33 42 57 59 73 74 77
31 33 42 57 59 73 74 75 76
31 33 42 50 57 59 75
31 33 42 50 57 59 73 74
31 33 42 48 57 59 77
31 33 42 48 57 59 75 76
31 33 42 48 50 57 59
19 55 57 60 62 71 75
19 55 57 60 62 71 73 75
19 55 57 60 62 71 72 75
19 55 57 60 62 71 72 73 74
19 55 57 60 62 69 70 75
19 55 57 60 62 69 70 73 75
19 55 57 60 62 69 70 71 72 75
19 55 57 60 62 69 70 71 72 73 74
19 55 57 60 61 71 75
19 55 57 60 61 71 73 75
19 55 57 60 61 71 72 75
19 55 57 60 61 71 72 73 74
19 55 57 60 61 69 70 75
19 55 57 60 61 69 70 73 75
19 55 57 60 61 69 70 71 72 75
19 55 57 60 61 69 70 71 72 73 74
19 55 57 59 60 62 71 75
19 55 57 59 60 62 71 73 74
19 55 57 59 60 62 69 70 75
19 55 57 59 60 62 69 70 73 74
19 55 57 59 60 61 71 75
19 55 57 59 60 61 71 73 74
19 55 57 59 60 61 69 70 75
19 55 57 59 60 61 69 70 73 74
19 55 57 58 59 62 71 73 75
19 55 57 58 59 62 71 73 74
19 55 57 58 59 62 71 72 75
19 55 57 58 59 62 71 72 73 74
19 55 57 58 59 62 69 70 73 75
19 55 57 58 59 62 69 70 73 74
19 55 57 58 59 62 69 70 71 72 75
19 55 57 58 59 62 69 70 71 72 73 74
19 55 57 58 59 60 61 71 73 75
19 55 57 58 59 60 61 71 73 74
19 55 57 58 59 60 61 71 72 75
19 55 57 58 59 60 61 71 72 73 74
19 55 57 58 59 60 61 69 70 73 75
19 55 57 58 59 60 61 69 70 73 74
19 55 57 58 59 60 61 69 70 71 72 75
19 55 57 58 59 60 61 69 70 71 72 73 74
19 48 55 57 60 62 71
19 48 55 57 60 62 71 73
19 48 55 57 60 62 71 72
19 48 55 57 60 62 69 70
19 48 55 57 60 62 69 70 73
19 48 55 57 60 62 69 70 71 72
19 48 55 57 60 61 71
19 48 55 57 60 61 71 73
19 48 55 57 60 61 71 72
19 48 55 57 60 61 69 70
19 48 55 57 60 61 69 70 73
19 48 55 57 60 61 69 70 71 72
19 48 55 57 59 60 62 71
19 48 55 57 59 60 62 69 70
19 48 55 57 59 60 61 71
19 48 55 57 59 60 61 69 70
19 48 55 57 58 59 62 71 73
19 48 55 57 58 59 62 71 72
19 48 55 57 58 59 62 69 70 73
19 48 55 57 58 59 62 69 70 71 72
19 48 55 57 58 59 60 61 71 73
19 48 55 57 58 59 60 61 71 72
19 48 55 57 58 59 60 61 69 70 73
19 48 55 57 58 59 60 61 69 70 71 72
19 46 55 57 60 62 71 75
19 46 55 57 60 62 71 73 74
19 46 55 57 60 62 69 70 75
19 46 55 57 60 62 69 70 73 74
19 46 55 57 60 61 71 75
19 46 55 57 60 61 71 73 74
19 46 55 57 60 61 69 70 75
19 46 55 57 60 61 69 70 73 74
19 46 55 57 58 59 62 71 75
19 46 55 57 58 59 62 71 73 74
19 46 55 57 58 59 62 69 70 75
19 46 55 57 58 59 62 69 70 73 74
19 46 55 57 58 59 60 61 71 75
19 46 55 57 58 59 60 61 71 73 74
19 46 55 57 58 59 60 61 69 70 75
19 46 55 57 58 59 60 61 69 70 73 74
19 46 48 55 57 60 62 71
19 46 48 55 57 60 62 69 70
19 46 48 55 57 60 61 71
19 46 48 55 57 60 61 69 70
19 46 48 55 57 58 59 62 71
19 46 48 55 57 58 59 62 69 70
19 46 48 55 57 58 59 60 61 71
19 46 48 55 57 58 59 60 61 69 70
19 44 55 57 60 62 75
19 44 55 57 60 62 73 75
19 44 55 57 60 62 71 72 75
19 44 55 57 60 62 71 72 73 74
19 44 55 57 60 61 75
19 44 55 57 60 61 73 75
19 44 55 57 60 61 71 72 75
19 44 55 57 60 61 71 72 73 74
19 44 55 57 59 60 62 75
19 44 55 57 59 60 62 73 74
19 44 55 57 59 60 61 75
19 44 55 57 59 60 61 73 74
19 44 55 57 58 59 62 73 75
19 44 55 57 58 59 62 73 74
19 44 55 57 58 59 62 71 72 75
19 44 55 57 58 59 62 71 72 73 74
19 44 55 57 58 59 60 61 73 75
19 44 55 57 58 59 60 61 73 74
19 44 55 57 58 59 60 61 71 72 75
19 44 55 57 58 59 60 61 71 72 73 74
19 44 48 55 57 60 62
19 44 48 55 57 60 62 73
19 44 48 55 57 60 62 71 72
19 44 48 55 57 60 61
19 44 48 55 57 60 61 73
19 44 48 55 57 60 61 71 72
19 44 48 55 57 59 60 62
19 44 48 55 57 59 60 61
19 44 48 55 57 58 59 62 73
19 44 48 55 57 58 59 62 71 72
19 44 48 55 57 58 59 60 61 73
19 44 48 55 57 58 59 60 61 71 72
19 44 46 55 57 60 62 75
19 44 46 55 57 60 62 73 74
19 44 46 55 57 60 61 75
19 44 46 55 57 60 61 73 74
19 44 46 55 57 58 59 62 75
19 44 46 55 57 58 59 62 73 74
19 44 46 55 57 58 59 60 61 75
19 44 46 55 57 58 59 60 61 73 74
19 44 46 48 55 57 60 62
19 44 46 48 55 57 60 61
19 44 46 48 55 57 58 59 62
19 44 46 48 55 57 58 59 60 61
19 35 55 57 60 71 75
19 35 55 57 60 71 73 75
19 35 55 57 60 71 72 75
19 35 55 57 60 71 72 73 74
19 35 55 57 60 69 70 75
19 35 55 57 60 69 70 73 75
19 35 55 57 60 69 70 71 72 75
19 35 55 57 60 69 70 71 72 73 74
19 35 55 57 59 60 71 75
19 35 55 57 59 60 71 73 74
19 35 55 57 59 60 69 70 75
19 35 55 57 59 60 69 70 73 74
19 35 55 57 58 59 71 73 75
19 35 55 57 58 59 71 73 74
19 35 55 57 58 59 71 72 75
19 35 55 57 58 59 71 72 73 74
19 35 55 57 58 59 69 70 73 75
19 35 55 57 58 59 69 70 73 74
19 35 55 57 58 59 69 70 71 72 75
19 35 55 57 58 59 69 70 71 72 73 74
19 35 48 55 57 60 71
19 35 48 55 57 60 71 73
19 35 48 55 57 60 71 72
19 35 48 55 57 60 69 70
19 35 48 55 57 60 69 70 73
19 35 48 55 57 60 69 70 71 72
19 35 48 55 57 59 60 71
19 35 48 55 57 59 60 69 70
19 35 48 55 57 58 59 71 73
19 35 48 55 57 58 59 71 72
19 35 48 55 57 58 59 69 70 73
19 35 48 55 57 58 59 69 70 71 72
19 35 46 55 57 60 71 75
19 35 46 55 57 60 71 73 74
19 35 46 55 57 60 69 70 75
19 35 46 55 57 60 69 70 73 74
19 35 46 55 57 58 59 71 75
19 35 46 55 57 58 59 71 73 74
19 35 46 55 57 58 59 69 70 75
19 35 46 55 57 58 59 69 70 73 74
19 35 46 48 55 57 60 71
19 35 46 48 55 57 60 69 70
19 35 46 48 55 57 58 59 71
19 35 46 48 55 57 58 59 69 70
19 35 44 55 57 60 75
19 35 44 55 57 60 73 75
19 35 44 55 57 60 71 72 75
19 35 44 55 57 60 71 72 73 74
19 35 44 55 57 59 60 75
19 35 44 55 57 59 60 73 74
19 35 44 55 57 58 59 73 75
19 35 44 55 57 58 59 73 74
19 35 44 55 57 58 59 71 72 75
19 35 44 55 57 58 59 71 72 73 74
19 35 44 48 55 57 60
19 35 44 48 55 57 60 73
19 35 44 48 55 57 60 71 72
19 35 44 48 55 57 59 60
19 35 44 48 55 57 58 59 73
19 35 44 48 55 57 58 59 71 72
19 35 44 46 55 57 60 75
19 35 44 46 55 57 60 73 74
19 35 44 46 55 57 58 59 75
19 35 44 46 55 57 58 59 73 74
19 35 44 46 48 55 57 60
19 35 44 46 48 55 57 58 59
19 33 55 57 62 71 75
19 33 55 57 62 71 73 75
19 33 55 57 62 71 72 75
19 33 55 57 62 71 72 73 74
19 33 55 57 62 69 70 75
19 33 55 57 62 69 70 73 75
19 33 55 57 62 69 70 71 72 75
19 33 55 57 62 69 70 71 72 73 74
19 33 55 57 60 61 71 75
19 33 55 57 60 61 71 73 75
19 33 55 57 60 61 71 72 75
19 33 55 57 60 61 71 72 73 74
19 33 55 57 60 61 69 70 75
19 33 55 57 60 61 69 70 73 75
19 33 55 57 60 61 69 70 71 72 75
19 33 55 57 60 61 69 70 71 72 73 74
19 33 55 57 59 62 71 75
19 33 55 57 59 62 71 73 74
19 33 55 57 59 62 69 70 75
19 33 55 57 59 62 69 70 73 74
19 33 55 57 59 60 61 71 75
19 33 55 57 59 60 61 71 73 74
19 33 55 57 59 60 61 69 70 75
19 33 55 57 59 60 61 69 70 73 74
19 33 48 55 57 62 71
19 33 48 55 57 62 71 73
19 33 48 55 57 62 71 72
19 33 48 55 57 62 69 70
19 33 48 55 57 62 69 70 73
19 33 48 55 57 62 69 70 71 72
19 33 48 55 57 60 61 71
19 33 48 55 57 60 61 71 73
19 33 48 55 57 60 61 71 72
19 33 48 55 57 60 61 69 70
19 33 48 55 57 60 61 69 70 73
19 33 48 55 57 60 61 69 70 71 72
19 33 48 55 57 59 62 71
19 33 48 55 57 59 62 69 70
19 33 48 55 57 59 60 61 71
19 33 48 55 57 59 60 61 69 70
19 33 46 55 57 62 71 75
19 33 46 55 57 62 71 73 74
19 33 46 55 57 62 69 70 75
19 33 46 55 57 62 69 70 73 74
19 33 46 55 57 60 61 71 75
19 33 46 55 57 60 61 71 73 74
19 33 46 55 57 60 61 69 70 75
19 33 46 55 57 60 61 69 70 73 74
19 33 46 48 55 57 62 71
19 33 46 48 55 57 62 69 70
19 33 46 48 55 57 60 61 71
19 33 46 48 55 57 60 61 69 70
19 33 44 55 57 62 75
19 33 44 55 57 62 73 75
19 33 44 55 57 62 71 72 75
19 33 44 55 57 62 71 72 73 74
19 33 44 55 57 60 61 75
19 33 44 55 57 60 61 73 75
19 33 44 55 57 60 61 71 72 75
19 33 44 55 57 60 61 71 72 73 74
19 33 44 55 57 59 62 75
19 33 44 55 57 59 62 73 74
19 33 44 55 57 59 60 61 75
19 33 44 55 57 59 60 61 73 74
19 33 44 48 55 57 62
19 33 44 48 55 57 62 73
19 33 44 48 55 57 62 71 72
19 33 44 48 55 57 60 61
19 33 44 48 55 57 60 61 73
19 33 44 48 55 57 60 61 71 72
19 33 44 48 55 57 59 62
19 33 44 48 55 57 59 60 61
19 33 44 46 55 57 62 75
19 33 44 46 55 57 62 73 74
19 33 44 46 55 57 60 61 75
19 33 44 46 55 57 60 61 73 74
19 33 44 46 48 55 57 62
19 33 44 46 48 55 57 60 61
19 33 35 55 57 71 75
19 33 35 55 57 71 73 75
19 33 35 55 57 71 72 75
19 33 35 55 57 71 72 73 74
19 33 35 55 57 69 70 75
19 33 35 55 57 69 70 73 75
19 33 35 55 57 69 70 71 72 75
19 33 35 55 57 69 70 71 72 73 74
19 33 35 55 57 59 71 75
19 33 35 55 57 59 71 73 74
19 33 35 55 57 59 69 70 75
19 33 35 55 57 59 69 70 73 74
19 33 35 48 55 57 71
19 33 35 48 55 57 71 73
19 33 35 48 55 57 71 72
19 33 35 48 55 57 69 70
19 33 35 48 55 57 69 70 73
19 33 35 48 55 57 69 70 71 72
19 33 35 48 55 57 59 71
19 33 35 48 55 57 59 69 70
19 33 35 46 55 57 71 75
19 33 35 46 55 57 71 73 74
19 33 35 46 55 57 69 70 75
19 33 35 46 55 57 69 70 73 74
19 33 35 46 48 55 57 71
19 33 35 46 48 55 57 69 70
19 33 35 44 55 57 75
19 33 35 44 55 57 73 75
19 33 35 44 55 57 71 72 75
19 33 35 44 55 57 71 72 73 74
19 33 35 44 55 57 59 75
19 33 35 44 55 57 59 73 74
19 33 35 44 48 55 57
19 33 35 44 48 55 57 73
19 33 35 44 48 55 57 71 72
19 33 35 44 48 55 57 59
19 33 35 44 46 55 57 75
19 33 35 44 46 55 57 73 74
19 33 35 44 46 48 55 57
