68 71 
68 69 70 
67 
65 66 
58 59 65 71 73 
58 59 65 71 72 
58 59 65 69 70 73 
58 59 65 69 70 71 72 
57 59 69 73 
57 59 69 71 72 
57 59 67 68 73 
57 59 67 68 71 72 
57 58 69 73 75 
57 58 69 73 74 
57 58 69 71 72 75 
57 58 69 71 72 73 74 
57 58 67 68 73 75 
57 58 67 68 73 74 
57 58 67 68 71 72 75 
57 58 67 68 71 72 73 74 
57 58 66 71 75 
57 58 66 71 73 74 
57 58 66 69 70 75 
57 58 66 69 70 73 74 
57 58 65 73 75 
57 58 65 73 74 
57 58 65 71 73 
57 58 65 71 72 
57 58 65 71 72 75 
57 58 65 71 72 73 74 
57 58 65 69 70 73 
57 58 65 69 70 71 72 
57 58 64 65 71 75 
57 58 64 65 71 73 74 
57 58 64 65 69 70 75 
57 58 64 65 69 70 73 74 
57 58 63 64 73 75 
57 58 63 64 73 74 
57 58 63 64 71 72 75 
57 58 63 64 71 72 73 74 
57 58 59 71 
57 58 59 71 75 
57 58 59 71 73 
57 58 59 71 73 74 
57 58 59 71 72 
57 58 59 69 77 
57 58 59 69 75 76 
57 58 59 69 73 75 
57 58 59 69 73 74 
57 58 59 69 71 72 75 
57 58 59 69 71 72 73 74 
57 58 59 69 70 
57 58 59 69 70 75 
57 58 59 69 70 73 
57 58 59 69 70 73 74 
57 58 59 69 70 71 72 
57 58 59 67 68 77 
57 58 59 67 68 75 76 
57 58 59 67 68 73 75 
57 58 59 67 68 73 74 
57 58 59 67 68 71 72 75 
57 58 59 67 68 71 72 73 74 
57 58 59 60 71 
57 58 59 60 71 75 
57 58 59 60 71 73 74 
57 58 59 60 69 77 
57 58 59 60 69 75 76 
57 58 59 60 69 70 
57 58 59 60 69 70 75 
57 58 59 60 69 70 73 74 
57 58 59 60 67 68 77 
57 58 59 60 67 68 75 76 
56 58 59 71 73 
56 58 59 71 72 
56 58 59 69 70 73 
56 58 59 69 70 71 72 
56 57 71 73 
56 57 71 72 
56 57 69 73 75 
56 57 69 73 74 
56 57 69 71 72 75 
56 57 69 71 72 73 74 
56 57 69 70 73 
56 57 69 70 71 72 
56 57 67 68 73 75 
56 57 67 68 73 74 
56 57 67 68 71 72 75 
56 57 67 68 71 72 73 74 
56 57 66 71 75 
56 57 66 71 73 74 
56 57 66 69 70 75 
56 57 66 69 70 73 74 
56 57 65 73 75 
56 57 65 73 74 
56 57 65 71 73 
56 57 65 71 72 
56 57 65 71 72 75 
56 57 65 71 72 73 74 
56 57 65 69 70 73 
56 57 65 69 70 71 72 
56 57 64 65 71 75 
56 57 64 65 71 73 74 
56 57 64 65 69 70 75 
56 57 64 65 69 70 73 74 
56 57 63 64 73 75 
56 57 63 64 73 74 
56 57 63 64 71 72 75 
56 57 63 64 71 72 73 74 
56 57 59 69 73 75 
56 57 59 69 73 74 
56 57 59 69 71 72 75 
56 57 59 69 71 72 73 74 
56 57 59 67 68 73 75 
56 57 59 67 68 73 74 
56 57 59 67 68 71 72 75 
56 57 59 67 68 71 72 73 74 
56 57 59 65 71 73 
56 57 59 65 71 72 
56 57 59 65 69 70 73 
56 57 59 65 69 70 71 72 
56 57 59 60 71 
56 57 59 60 71 75 
56 57 59 60 71 73 74 
56 57 59 60 69 77 
56 57 59 60 69 75 76 
56 57 59 60 69 70 
56 57 59 60 69 70 75 
56 57 59 60 69 70 73 74 
56 57 59 60 67 68 77 
56 57 59 60 67 68 75 76 
56 57 58 71 73 
56 57 58 71 72 
56 57 58 69 70 73 
56 57 58 69 70 71 72 
56 57 58 59 71 
56 57 58 59 71 75 
56 57 58 59 71 73 74 
56 57 58 59 69 77 
56 57 58 59 69 75 76 
56 57 58 59 69 70 
56 57 58 59 69 70 75 
56 57 58 59 69 70 73 74 
56 57 58 59 67 68 77 
56 57 58 59 67 68 75 76 
55 59 71 73 
55 59 71 72 
55 59 69 73 
55 59 69 71 72 
55 59 69 70 73 
55 59 69 70 71 72 
55 59 67 68 73 
55 59 67 68 71 72 
55 58 59 73 
55 58 59 73 75 
55 58 59 73 74 
55 58 59 71 75 
55 58 59 71 75 77 
55 58 59 71 75 76 
55 58 59 71 73 75 
55 58 59 71 73 74 77 
55 58 59 71 73 74 75 76 
55 58 59 71 72 
55 58 59 69 70 75 
55 58 59 69 70 75 77 
55 58 59 69 70 75 76 
55 58 59 69 70 73 75 
55 58 59 69 70 73 74 77 
55 58 59 69 70 73 74 75 76 
55 58 59 69 70 71 72 75 
55 58 59 69 70 71 72 73 74 
55 58 59 62 71 75 
55 58 59 62 71 73 75 
55 58 59 62 71 72 75 
55 58 59 62 71 72 73 74 
55 58 59 62 69 70 75 
55 58 59 62 69 70 73 75 
55 58 59 62 69 70 71 72 75 
55 58 59 62 69 70 71 72 73 74 
55 58 59 60 61 71 75 
55 58 59 60 61 71 73 75 
55 58 59 60 61 71 72 75 
55 58 59 60 61 71 72 73 74 
55 58 59 60 61 69 70 75 
55 58 59 60 61 69 70 73 75 
55 58 59 60 61 69 70 71 72 75 
55 58 59 60 61 69 70 71 72 73 74 
55 57 59 69 73 
55 57 59 69 71 72 
55 57 59 67 68 73 
55 57 59 67 68 71 72 
55 57 58 71 77 
55 57 58 71 75 77 
55 57 58 71 73 
55 57 58 71 73 74 77 
55 57 58 71 73 74 75 76 
55 57 58 71 72 
55 57 58 69 70 77 
55 57 58 69 70 75 77 
55 57 58 69 70 73 
55 57 58 69 70 73 74 77 
55 57 58 69 70 73 74 75 76 
55 57 58 69 70 71 72 
55 57 58 62 71 73 
55 57 58 62 71 73 75 
55 57 58 62 71 73 74 
55 57 58 62 71 72 
55 57 58 62 71 72 75 
55 57 58 62 71 72 73 74 
55 57 58 62 69 70 73 
55 57 58 62 69 70 73 75 
55 57 58 62 69 70 73 74 
55 57 58 62 69 70 71 72 
55 57 58 62 69 70 71 72 75 
55 57 58 62 69 70 71 72 73 74 
55 57 58 60 61 71 73 
55 57 58 60 61 71 73 75 
55 57 58 60 61 71 73 74 
55 57 58 60 61 71 72 
55 57 58 60 61 71 72 75 
55 57 58 60 61 71 72 73 74 
55 57 58 60 61 69 70 73 
55 57 58 60 61 69 70 73 75 
55 57 58 60 61 69 70 73 74 
55 57 58 60 61 69 70 71 72 
55 57 58 60 61 69 70 71 72 75 
55 57 58 60 61 69 70 71 72 73 74 
55 57 58 59 73 75 
55 57 58 59 73 74 
55 57 58 59 71 75 
55 57 58 59 71 73 74 
55 57 58 59 71 72 75 
55 57 58 59 71 72 73 74 
55 57 58 59 69 70 75 
55 57 58 59 69 70 73 74 
55 56 59 73 
55 56 59 71 72 
55 56 57 71 77 
55 56 57 71 75 77 
55 56 57 71 73 
55 56 57 71 73 74 77 
55 56 57 71 73 74 75 76 
55 56 57 71 72 
55 56 57 69 70 77 
55 56 57 69 70 75 77 
55 56 57 69 70 73 
55 56 57 69 70 73 74 77 
55 56 57 69 70 73 74 75 76 
55 56 57 69 70 71 72 
55 56 57 62 71 73 
55 56 57 62 71 73 75 
55 56 57 62 71 73 74 
55 56 57 62 71 72 
55 56 57 62 71 72 75 
55 56 57 62 71 72 73 74 
55 56 57 62 69 70 73 
55 56 57 62 69 70 73 75 
55 56 57 62 69 70 73 74 
55 56 57 62 69 70 71 72 
55 56 57 62 69 70 71 72 75 
55 56 57 62 69 70 71 72 73 74 
55 56 57 60 61 71 73 
55 56 57 60 61 71 73 75 
55 56 57 60 61 71 73 74 
55 56 57 60 61 71 72 
55 56 57 60 61 71 72 75 
55 56 57 60 61 71 72 73 74 
55 56 57 60 61 69 70 73 
55 56 57 60 61 69 70 73 75 
55 56 57 60 61 69 70 73 74 
55 56 57 60 61 69 70 71 72 
55 56 57 60 61 69 70 71 72 75 
55 56 57 60 61 69 70 71 72 73 74 
55 56 57 59 73 
55 56 57 59 71 75 77 
55 56 57 59 71 75 76 
55 56 57 59 71 73 75 
55 56 57 59 71 73 74 
55 56 57 59 71 73 74 77 
55 56 57 59 71 73 74 75 76 
55 56 57 59 71 72 
55 56 57 59 71 72 75 
55 56 57 59 71 72 73 74 
55 56 57 59 69 70 75 77 
55 56 57 59 69 70 75 76 
55 56 57 59 69 70 73 75 
55 56 57 59 69 70 73 74 
55 56 57 59 69 70 73 74 77 
55 56 57 59 69 70 73 74 75 76 
55 56 57 59 69 70 71 72 75 
55 56 57 59 69 70 71 72 73 74 
55 56 57 59 62 71 75 
55 56 57 59 62 71 73 75 
55 56 57 59 62 71 72 75 
55 56 57 59 62 71 72 73 74 
55 56 57 59 62 69 70 75 
55 56 57 59 62 69 70 73 75 
55 56 57 59 62 69 70 71 72 75 
55 56 57 59 62 69 70 71 72 73 74 
55 56 57 59 60 61 71 75 
55 56 57 59 60 61 71 73 75 
55 56 57 59 60 61 71 72 75 
55 56 57 59 60 61 71 72 73 74 
55 56 57 59 60 61 69 70 75 
55 56 57 59 60 61 69 70 73 75 
55 56 57 59 60 61 69 70 71 72 75 
55 56 57 59 60 61 69 70 71 72 73 74 
54 55 59 73 
54 55 59 71 72 
50 57 58 59 69 
50 57 58 59 67 68 
50 57 58 59 60 69 
50 57 58 59 60 67 68 
50 56 57 59 60 69 
50 56 57 59 60 67 68 
50 56 57 58 59 69 
50 56 57 58 59 67 68 
50 55 58 59 71 75 
50 55 58 59 71 73 74 
50 55 58 59 69 70 75 
50 55 58 59 69 70 73 74 
50 55 57 58 71 
50 55 57 58 71 75 
50 55 57 58 71 73 74 
50 55 57 58 69 70 
50 55 57 58 69 70 75 
50 55 57 58 69 70 73 74 
50 55 56 57 71 
50 55 56 57 71 75 
50 55 56 57 71 73 74 
50 55 56 57 69 70 
50 55 56 57 69 70 75 
50 55 56 57 69 70 73 74 
50 55 56 57 59 71 75 
50 55 56 57 59 71 73 74 
50 55 56 57 59 69 70 75 
50 55 56 57 59 69 70 73 74 
49 55 58 59 71 
49 55 58 59 71 75 
49 55 58 59 71 73 74 
49 55 58 59 69 70 
49 55 58 59 69 70 75 
49 55 58 59 69 70 73 74 
49 55 57 58 71 
49 55 57 58 69 70 
49 55 56 57 71 
49 55 56 57 69 70 
49 55 56 57 59 71 
49 55 56 57 59 71 75 
49 55 56 57 59 71 73 74 
49 55 56 57 59 69 70 
49 55 56 57 59 69 70 75 
49 55 56 57 59 69 70 73 74 
48 57 58 69 73 
48 57 58 69 71 72 
48 57 58 67 68 73 
48 57 58 67 68 71 72 
48 57 58 66 71 
48 57 58 66 69 70 
48 57 58 65 73 
48 57 58 65 71 72 
48 57 58 64 65 71 
48 57 58 64 65 69 70 
48 57 58 63 64 73 
48 57 58 63 64 71 72 
48 57 58 59 71 
48 57 58 59 69 73 
48 57 58 59 69 71 72 
48 57 58 59 69 70 
48 57 58 59 67 68 73 
48 57 58 59 67 68 71 72 
48 57 58 59 60 71 
48 57 58 59 60 69 70 
48 56 57 69 73 
48 56 57 69 71 72 
48 56 57 67 68 73 
48 56 57 67 68 71 72 
48 56 57 66 71 
48 56 57 66 69 70 
48 56 57 65 73 
48 56 57 65 71 72 
48 56 57 64 65 71 
48 56 57 64 65 69 70 
48 56 57 63 64 73 
48 56 57 63 64 71 72 
48 56 57 59 69 73 
48 56 57 59 69 71 72 
48 56 57 59 67 68 73 
48 56 57 59 67 68 71 72 
48 56 57 59 60 71 
48 56 57 59 60 69 70 
48 56 57 58 59 71 
48 56 57 58 59 69 70 
48 55 58 59 73 
48 55 58 59 71 
48 55 58 59 71 77 
48 55 58 59 71 75 
48 55 58 59 71 75 76 
48 55 58 59 71 73 
48 55 58 59 71 73 74 
48 55 58 59 69 70 
48 55 58 59 69 70 77 
48 55 58 59 69 70 75 
48 55 58 59 69 70 75 76 
48 55 58 59 69 70 73 
48 55 58 59 69 70 73 74 
48 55 58 59 69 70 71 72 
48 55 58 59 62 71 
48 55 58 59 62 71 73 
48 55 58 59 62 71 72 
48 55 58 59 62 69 70 
48 55 58 59 62 69 70 73 
48 55 58 59 62 69 70 71 72 
48 55 58 59 60 61 71 
48 55 58 59 60 61 71 73 
48 55 58 59 60 61 71 72 
48 55 58 59 60 61 69 70 
48 55 58 59 60 61 69 70 73 
48 55 58 59 60 61 69 70 71 72 
48 55 57 58 71 
48 55 57 58 71 77 
48 55 57 58 71 75 76 
48 55 57 58 69 70 
48 55 57 58 69 70 77 
48 55 57 58 69 70 75 76 
48 55 57 58 62 71 73 
48 55 57 58 62 71 72 
48 55 57 58 62 69 70 73 
48 55 57 58 62 69 70 71 72 
48 55 57 58 60 61 71 73 
48 55 57 58 60 61 71 72 
48 55 57 58 60 61 69 70 73 
48 55 57 58 60 61 69 70 71 72 
48 55 57 58 59 73 
48 55 57 58 59 71 
48 55 57 58 59 71 72 
48 55 57 58 59 69 70 
48 55 56 57 71 
48 55 56 57 71 77 
48 55 56 57 71 75 76 
48 55 56 57 69 70 
48 55 56 57 69 70 77 
48 55 56 57 69 70 75 76 
48 55 56 57 62 71 73 
48 55 56 57 62 71 72 
48 55 56 57 62 69 70 73 
48 55 56 57 62 69 70 71 72 
48 55 56 57 60 61 71 73 
48 55 56 57 60 61 71 72 
48 55 56 57 60 61 69 70 73 
48 55 56 57 60 61 69 70 71 72 
48 55 56 57 59 71 77 
48 55 56 57 59 71 75 
48 55 56 57 59 71 75 76 
48 55 56 57 59 71 73 
48 55 56 57 59 71 73 74 
48 55 56 57 59 71 72 
48 55 56 57 59 69 70 77 
48 55 56 57 59 69 70 75 
48 55 56 57 59 69 70 75 76 
48 55 56 57 59 69 70 73 
48 55 56 57 59 69 70 73 74 
48 55 56 57 59 69 70 71 72 
48 55 56 57 59 62 71 
48 55 56 57 59 62 71 73 
48 55 56 57 59 62 71 72 
48 55 56 57 59 62 69 70 
48 55 56 57 59 62 69 70 73 
48 55 56 57 59 62 69 70 71 72 
48 55 56 57 59 60 61 71 
48 55 56 57 59 60 61 71 73 
48 55 56 57 59 60 61 71 72 
48 55 56 57 59 60 61 69 70 
48 55 56 57 59 60 61 69 70 73 
48 55 56 57 59 60 61 69 70 71 72 
48 50 55 58 59 71 
48 50 55 58 59 69 70 
48 50 55 57 58 71 
48 50 55 57 58 69 70 
48 50 55 56 57 71 
48 50 55 56 57 69 70 
48 50 55 56 57 59 71 
48 50 55 56 57 59 69 70 
48 49 55 58 59 71 
48 49 55 58 59 69 70 
48 49 55 56 57 59 71 
48 49 55 56 57 59 69 70 
47 55 58 59 62 71 75 
47 55 58 59 62 71 73 74 
47 55 58 59 62 69 70 75 
47 55 58 59 62 69 70 73 74 
47 55 58 59 60 61 71 75 
47 55 58 59 60 61 71 73 74 
47 55 58 59 60 61 69 70 75 
47 55 58 59 60 61 69 70 73 74 
47 55 56 57 59 62 71 75 
47 55 56 57 59 62 71 73 74 
47 55 56 57 59 62 69 70 75 
47 55 56 57 59 62 69 70 73 74 
47 55 56 57 59 60 61 71 75 
47 55 56 57 59 60 61 71 73 74 
47 55 56 57 59 60 61 69 70 75 
47 55 56 57 59 60 61 69 70 73 74 
47 48 55 58 59 71 75 
47 48 55 58 59 71 73 74 
47 48 55 58 59 69 70 75 
47 48 55 58 59 69 70 73 74 
47 48 55 58 59 62 71 
47 48 55 58 59 62 69 70 
47 48 55 58 59 60 61 71 
47 48 55 58 59 60 61 69 70 
47 48 55 57 58 71 
47 48 55 57 58 69 70 
47 48 55 56 57 71 
47 48 55 56 57 69 70 
47 48 55 56 57 59 71 75 
47 48 55 56 57 59 71 73 74 
47 48 55 56 57 59 69 70 75 
47 48 55 56 57 59 69 70 73 74 
47 48 55 56 57 59 62 71 
47 48 55 56 57 59 62 69 70 
47 48 55 56 57 59 60 61 71 
47 48 55 56 57 59 60 61 69 70 
46 58 59 65 71 
46 58 59 65 69 70 
46 57 59 69 
46 57 59 67 68 
46 57 58 69 75 
46 57 58 69 73 74 
46 57 58 67 68 75 
46 57 58 67 68 73 74 
46 57 58 65 75 
46 57 58 65 73 74 
46 57 58 65 71 
46 57 58 65 69 70 
46 57 58 63 64 75 
46 57 58 63 64 73 74 
46 57 58 59 71 
46 57 58 59 69 75 
46 57 58 59 69 73 74 
46 57 58 59 69 70 
46 57 58 59 67 68 75 
46 57 58 59 67 68 73 74 
46 56 58 59 71 
46 56 58 59 69 70 
46 56 57 71 
46 56 57 69 75 
46 56 57 69 73 74 
46 56 57 69 70 
46 56 57 67 68 75 
46 56 57 67 68 73 74 
46 56 57 65 75 
46 56 57 65 73 74 
46 56 57 65 71 
46 56 57 65 69 70 
46 56 57 63 64 75 
46 56 57 63 64 73 74 
46 56 57 59 69 75 
46 56 57 59 69 73 74 
46 56 57 59 67 68 75 
46 56 57 59 67 68 73 74 
46 56 57 59 65 71 
46 56 57 59 65 69 70 
46 56 57 58 71 
46 56 57 58 69 70 
46 55 59 71 
46 55 59 69 
46 55 59 69 70 
46 55 59 67 68 
46 55 58 59 
46 55 58 59 75 
46 55 58 59 73 74 
46 55 58 59 62 71 75 
46 55 58 59 62 71 73 74 
46 55 58 59 62 69 70 75 
46 55 58 59 62 69 70 73 74 
46 55 58 59 60 61 71 75 
46 55 58 59 60 61 71 73 74 
46 55 58 59 60 61 69 70 75 
46 55 58 59 60 61 69 70 73 74 
46 55 57 59 69 
46 55 57 59 67 68 
46 55 57 58 71 
46 55 57 58 71 75 
46 55 57 58 71 73 74 
46 55 57 58 69 70 
46 55 57 58 69 70 75 
46 55 57 58 69 70 73 74 
46 55 57 58 62 71 
46 55 57 58 62 71 75 
46 55 57 58 62 71 73 74 
46 55 57 58 62 69 70 
46 55 57 58 62 69 70 75 
46 55 57 58 62 69 70 73 74 
46 55 57 58 60 61 71 
46 55 57 58 60 61 71 75 
46 55 57 58 60 61 71 73 74 
46 55 57 58 60 61 69 70 
46 55 57 58 60 61 69 70 75 
46 55 57 58 60 61 69 70 73 74 
46 55 57 58 59 75 
46 55 57 58 59 73 74 
46 55 56 59 
46 55 56 57 71 
46 55 56 57 71 75 
46 55 56 57 71 73 74 
46 55 56 57 69 70 
46 55 56 57 69 70 75 
46 55 56 57 69 70 73 74 
46 55 56 57 62 71 
46 55 56 57 62 71 75 
46 55 56 57 62 71 73 74 
46 55 56 57 62 69 70 
46 55 56 57 62 69 70 75 
46 55 56 57 62 69 70 73 74 
46 55 56 57 60 61 71 
46 55 56 57 60 61 71 75 
46 55 56 57 60 61 71 73 74 
46 55 56 57 60 61 69 70 
46 55 56 57 60 61 69 70 75 
46 55 56 57 60 61 69 70 73 74 
46 55 56 57 59 
46 55 56 57 59 62 71 75 
46 55 56 57 59 62 71 73 74 
46 55 56 57 59 62 69 70 75 
46 55 56 57 59 62 69 70 73 74 
46 55 56 57 59 60 61 71 75 
46 55 56 57 59 60 61 71 73 74 
46 55 56 57 59 60 61 69 70 75 
46 55 56 57 59 60 61 69 70 73 74 
46 54 55 59 
46 48 57 58 69 
46 48 57 58 67 68 
46 48 57 58 65 
46 48 57 58 63 64 
46 48 57 58 59 69 
46 48 57 58 59 67 68 
46 48 56 57 69 
46 48 56 57 67 68 
46 48 56 57 65 
46 48 56 57 63 64 
46 48 56 57 59 69 
46 48 56 57 59 67 68 
46 48 55 58 59 
46 48 55 58 59 62 71 
46 48 55 58 59 62 69 70 
46 48 55 58 59 60 61 71 
46 48 55 58 59 60 61 69 70 
46 48 55 57 58 71 
46 48 55 57 58 69 70 
46 48 55 57 58 62 71 
46 48 55 57 58 62 69 70 
46 48 55 57 58 60 61 71 
46 48 55 57 58 60 61 69 70 
46 48 55 57 58 59 
46 48 55 56 57 71 
46 48 55 56 57 69 70 
46 48 55 56 57 62 71 
46 48 55 56 57 62 69 70 
46 48 55 56 57 60 61 71 
46 48 55 56 57 60 61 69 70 
46 48 55 56 57 59 62 71 
46 48 55 56 57 59 62 69 70 
46 48 55 56 57 59 60 61 71 
46 48 55 56 57 59 60 61 69 70 
46 47 55 58 59 71 
46 47 55 58 59 71 75 
46 47 55 58 59 71 73 74 
46 47 55 58 59 69 70 
46 47 55 58 59 69 70 75 
46 47 55 58 59 69 70 73 74 
46 47 55 57 58 71 
46 47 55 57 58 69 70 
46 47 55 56 57 71 
46 47 55 56 57 69 70 
46 47 55 56 57 59 71 
46 47 55 56 57 59 71 75 
46 47 55 56 57 59 71 73 74 
46 47 55 56 57 59 69 70 
46 47 55 56 57 59 69 70 75 
46 47 55 56 57 59 69 70 73 74 
46 47 48 55 58 59 71 
46 47 48 55 58 59 69 70 
46 47 48 55 56 57 59 71 
46 47 48 55 56 57 59 69 70 
45 57 58 65 73 75 
45 57 58 65 73 74 
45 57 58 65 71 72 75 
45 57 58 65 71 72 73 74 
45 57 58 63 64 73 75 
45 57 58 63 64 73 74 
45 57 58 63 64 71 72 75 
45 57 58 63 64 71 72 73 74 
45 56 57 65 73 75 
45 56 57 65 73 74 
45 56 57 65 71 72 75 
45 56 57 65 71 72 73 74 
45 56 57 63 64 73 75 
45 56 57 63 64 73 74 
45 56 57 63 64 71 72 75 
45 56 57 63 64 71 72 73 74 
45 48 57 58 65 73 
45 48 57 58 65 71 72 
45 48 57 58 63 64 73 
45 48 57 58 63 64 71 72 
45 48 56 57 65 73 
45 48 56 57 65 71 72 
45 48 56 57 63 64 73 
45 48 56 57 63 64 71 72 
45 46 57 58 65 75 
45 46 57 58 65 73 74 
45 46 57 58 63 64 75 
45 46 57 58 63 64 73 74 
45 46 56 57 65 75 
45 46 56 57 65 73 74 
45 46 56 57 63 64 75 
45 46 56 57 63 64 73 74 
45 46 55 58 59 62 71 75 
45 46 55 58 59 62 71 73 74 
45 46 55 58 59 62 69 70 75 
45 46 55 58 59 62 69 70 73 74 
45 46 55 58 59 60 61 71 75 
45 46 55 58 59 60 61 71 73 74 
45 46 55 58 59 60 61 69 70 75 
45 46 55 58 59 60 61 69 70 73 74 
45 46 55 56 57 59 62 71 75 
45 46 55 56 57 59 62 71 73 74 
45 46 55 56 57 59 62 69 70 75 
45 46 55 56 57 59 62 69 70 73 74 
45 46 55 56 57 59 60 61 71 75 
45 46 55 56 57 59 60 61 71 73 74 
45 46 55 56 57 59 60 61 69 70 75 
45 46 55 56 57 59 60 61 69 70 73 74 
45 46 48 57 58 65 
45 46 48 57 58 63 64 
45 46 48 56 57 65 
45 46 48 56 57 63 64 
45 46 48 55 58 59 62 71 
45 46 48 55 58 59 62 69 70 
45 46 48 55 58 59 60 61 71 
45 46 48 55 58 59 60 61 69 70 
45 46 48 55 56 57 59 62 71 
45 46 48 55 56 57 59 62 69 70 
45 46 48 55 56 57 59 60 61 71 
45 46 48 55 56 57 59 60 61 69 70 
44 68 
44 58 59 65 73 
44 58 59 65 71 72 
44 57 58 66 75 
44 57 58 66 73 74 
44 57 58 65 73 
44 57 58 65 71 72 
44 57 58 64 65 75 
44 57 58 64 65 73 74 
44 57 58 59 
44 57 58 59 75 
44 57 58 59 73 
44 57 58 59 73 74 
44 57 58 59 71 72 
44 57 58 59 60 
44 57 58 59 60 75 
44 57 58 59 60 73 74 
44 56 58 59 73 
44 56 58 59 71 72 
44 56 57 73 
44 56 57 71 72 
44 56 57 66 75 
44 56 57 66 73 74 
44 56 57 65 73 
44 56 57 65 71 72 
44 56 57 64 65 75 
44 56 57 64 65 73 74 
44 56 57 59 65 73 
44 56 57 59 65 71 72 
44 56 57 59 60 
44 56 57 59 60 75 
44 56 57 59 60 73 74 
44 56 57 58 73 
44 56 57 58 71 72 
44 56 57 58 59 
44 56 57 58 59 75 
44 56 57 58 59 73 74 
44 55 59 73 
44 55 59 71 72 
44 55 58 59 75 
44 55 58 59 75 77 
44 55 58 59 75 76 
44 55 58 59 73 75 
44 55 58 59 73 74 77 
44 55 58 59 73 74 75 76 
44 55 58 59 71 72 75 
44 55 58 59 71 72 73 74 
44 55 58 59 62 75 
44 55 58 59 62 73 75 
44 55 58 59 62 71 72 75 
44 55 58 59 62 71 72 73 74 
44 55 58 59 60 61 75 
44 55 58 59 60 61 73 75 
44 55 58 59 60 61 71 72 75 
44 55 58 59 60 61 71 72 73 74 
44 55 57 58 77 
44 55 57 58 75 77 
44 55 57 58 73 
44 55 57 58 73 74 77 
44 55 57 58 73 74 75 76 
44 55 57 58 71 72 
44 55 57 58 62 73 
44 55 57 58 62 73 75 
44 55 57 58 62 73 74 
44 55 57 58 62 71 72 
44 55 57 58 62 71 72 75 
44 55 57 58 62 71 72 73 74 
44 55 57 58 60 61 73 
44 55 57 58 60 61 73 75 
44 55 57 58 60 61 73 74 
44 55 57 58 60 61 71 72 
44 55 57 58 60 61 71 72 75 
44 55 57 58 60 61 71 72 73 74 
44 55 57 58 59 75 
44 55 57 58 59 73 74 
44 55 56 57 77 
44 55 56 57 75 77 
44 55 56 57 73 
44 55 56 57 73 74 77 
44 55 56 57 73 74 75 76 
44 55 56 57 71 72 
44 55 56 57 62 73 
44 55 56 57 62 73 75 
44 55 56 57 62 73 74 
44 55 56 57 62 71 72 
44 55 56 57 62 71 72 75 
44 55 56 57 62 71 72 73 74 
44 55 56 57 60 61 73 
44 55 56 57 60 61 73 75 
44 55 56 57 60 61 73 74 
44 55 56 57 60 61 71 72 
44 55 56 57 60 61 71 72 75 
44 55 56 57 60 61 71 72 73 74 
44 55 56 57 59 75 77 
44 55 56 57 59 75 76 
44 55 56 57 59 73 75 
44 55 56 57 59 73 74 
44 55 56 57 59 73 74 77 
44 55 56 57 59 73 74 75 76 
44 55 56 57 59 71 72 75 
44 55 56 57 59 71 72 73 74 
44 55 56 57 59 62 75 
44 55 56 57 59 62 73 75 
44 55 56 57 59 62 71 72 75 
44 55 56 57 59 62 71 72 73 74 
44 55 56 57 59 60 61 75 
44 55 56 57 59 60 61 73 75 
44 55 56 57 59 60 61 71 72 75 
44 55 56 57 59 60 61 71 72 73 74 
44 50 55 58 59 75 
44 50 55 58 59 73 74 
44 50 55 57 58 
44 50 55 57 58 75 
44 50 55 57 58 73 74 
44 50 55 56 57 
44 50 55 56 57 75 
44 50 55 56 57 73 74 
44 50 55 56 57 59 75 
44 50 55 56 57 59 73 74 
44 49 55 58 59 
44 49 55 58 59 75 
44 49 55 58 59 73 74 
44 49 55 57 58 
44 49 55 56 57 
44 49 55 56 57 59 
44 49 55 56 57 59 75 
44 49 55 56 57 59 73 74 
44 48 57 58 66 
44 48 57 58 64 65 
44 48 57 58 59 
44 48 57 58 59 60 
44 48 56 57 66 
44 48 56 57 64 65 
44 48 56 57 59 60 
44 48 56 57 58 59 
44 48 55 58 59 
44 48 55 58 59 77 
44 48 55 58 59 75 
44 48 55 58 59 75 76 
44 48 55 58 59 73 
44 48 55 58 59 73 74 
44 48 55 58 59 71 72 
44 48 55 58 59 62 
44 48 55 58 59 62 73 
44 48 55 58 59 62 71 72 
44 48 55 58 59 60 61 
44 48 55 58 59 60 61 73 
44 48 55 58 59 60 61 71 72 
44 48 55 57 58 
44 48 55 57 58 77 
44 48 55 57 58 75 76 
44 48 55 57 58 62 73 
44 48 55 57 58 62 71 72 
44 48 55 57 58 60 61 73 
44 48 55 57 58 60 61 71 72 
44 48 55 57 58 59 
44 48 55 56 57 
44 48 55 56 57 77 
44 48 55 56 57 75 76 
44 48 55 56 57 62 73 
44 48 55 56 57 62 71 72 
44 48 55 56 57 60 61 73 
44 48 55 56 57 60 61 71 72 
44 48 55 56 57 59 77 
44 48 55 56 57 59 75 
44 48 55 56 57 59 75 76 
44 48 55 56 57 59 73 
44 48 55 56 57 59 73 74 
44 48 55 56 57 59 71 72 
44 48 55 56 57 59 62 
44 48 55 56 57 59 62 73 
44 48 55 56 57 59 62 71 72 
44 48 55 56 57 59 60 61 
44 48 55 56 57 59 60 61 73 
44 48 55 56 57 59 60 61 71 72 
44 48 50 55 58 59 
44 48 50 55 57 58 
44 48 50 55 56 57 
44 48 50 55 56 57 59 
44 48 49 55 58 59 
44 48 49 55 56 57 59 
44 47 55 58 59 62 75 
44 47 55 58 59 62 73 74 
44 47 55 58 59 60 61 75 
44 47 55 58 59 60 61 73 74 
44 47 55 56 57 59 62 75 
44 47 55 56 57 59 62 73 74 
44 47 55 56 57 59 60 61 75 
44 47 55 56 57 59 60 61 73 74 
44 47 48 55 58 59 75 
44 47 48 55 58 59 73 74 
44 47 48 55 58 59 62 
44 47 48 55 58 59 60 61 
44 47 48 55 57 58 
44 47 48 55 56 57 
44 47 48 55 56 57 59 75 
44 47 48 55 56 57 59 73 74 
44 47 48 55 56 57 59 62 
44 47 48 55 56 57 59 60 61 
44 46 58 59 65 
44 46 57 58 65 
44 46 57 58 59 
44 46 56 58 59 
44 46 56 57 
44 46 56 57 65 
44 46 56 57 59 65 
44 46 56 57 58 
44 46 55 59 
44 46 55 58 59 62 75 
44 46 55 58 59 62 73 74 
44 46 55 58 59 60 61 75 
44 46 55 58 59 60 61 73 74 
44 46 55 57 58 
44 46 55 57 58 75 
44 46 55 57 58 73 74 
44 46 55 57 58 62 
44 46 55 57 58 62 75 
44 46 55 57 58 62 73 74 
44 46 55 57 58 60 61 
44 46 55 57 58 60 61 75 
44 46 55 57 58 60 61 73 74 
44 46 55 56 57 
44 46 55 56 57 75 
44 46 55 56 57 73 74 
44 46 55 56 57 62 
44 46 55 56 57 62 75 
44 46 55 56 57 62 73 74 
44 46 55 56 57 60 61 
44 46 55 56 57 60 61 75 
44 46 55 56 57 60 61 73 74 
44 46 55 56 57 59 62 75 
44 46 55 56 57 59 62 73 74 
44 46 55 56 57 59 60 61 75 
44 46 55 56 57 59 60 61 73 74 
44 46 48 55 58 59 62 
44 46 48 55 58 59 60 61 
44 46 48 55 57 58 
44 46 48 55 57 58 62 
44 46 48 55 57 58 60 61 
44 46 48 55 56 57 
44 46 48 55 56 57 62 
44 46 48 55 56 57 60 61 
44 46 48 55 56 57 59 62 
44 46 48 55 56 57 59 60 61 
44 46 47 55 58 59 
44 46 47 55 58 59 75 
44 46 47 55 58 59 73 74 
44 46 47 55 57 58 
44 46 47 55 56 57 
44 46 47 55 56 57 59 
44 46 47 55 56 57 59 75 
44 46 47 55 56 57 59 73 74 
44 46 47 48 55 58 59 
44 46 47 48 55 56 57 59 
44 45 46 55 58 59 62 75 
44 45 46 55 58 59 62 73 74 
44 45 46 55 58 59 60 61 75 
44 45 46 55 58 59 60 61 73 74 
44 45 46 55 56 57 59 62 75 
44 45 46 55 56 57 59 62 73 74 
44 45 46 55 56 57 59 60 61 75 
44 45 46 55 56 57 59 60 61 73 74 
44 45 46 48 55 58 59 62 
44 45 46 48 55 58 59 60 61 
44 45 46 48 55 56 57 59 62 
44 45 46 48 55 56 57 59 60 61 
43 55 58 59 71 
43 55 58 59 71 75 
43 55 58 59 71 73 74 
43 55 58 59 69 70 
43 55 58 59 69 70 75 
43 55 58 59 69 70 73 74 
43 55 57 58 71 
43 55 57 58 71 75 
43 55 57 58 71 73 74 
43 55 57 58 69 70 
43 55 57 58 69 70 75 
43 55 57 58 69 70 73 74 
43 55 56 57 71 
43 55 56 57 71 75 
43 55 56 57 71 73 74 
43 55 56 57 69 70 
43 55 56 57 69 70 75 
43 55 56 57 69 70 73 74 
43 55 56 57 59 71 
43 55 56 57 59 71 75 
43 55 56 57 59 71 73 74 
43 55 56 57 59 69 70 
43 55 56 57 59 69 70 75 
43 55 56 57 59 69 70 73 74 
43 48 55 58 59 71 
43 48 55 58 59 69 70 
43 48 55 57 58 71 
43 48 55 57 58 69 70 
43 48 55 56 57 71 
43 48 55 56 57 69 70 
43 48 55 56 57 59 71 
43 48 55 56 57 59 69 70 
43 44 57 58 65 73 75 
43 44 57 58 65 73 74 
43 44 57 58 65 71 72 75 
43 44 57 58 65 71 72 73 74 
43 44 57 58 63 64 73 75 
43 44 57 58 63 64 73 74 
43 44 57 58 63 64 71 72 75 
43 44 57 58 63 64 71 72 73 74 
43 44 56 57 65 73 75 
43 44 56 57 65 73 74 
43 44 56 57 65 71 72 75 
43 44 56 57 65 71 72 73 74 
43 44 56 57 63 64 73 75 
43 44 56 57 63 64 73 74 
43 44 56 57 63 64 71 72 75 
43 44 56 57 63 64 71 72 73 74 
43 44 55 58 59 
43 44 55 58 59 75 
43 44 55 58 59 73 74 
43 44 55 57 58 
43 44 55 57 58 75 
43 44 55 57 58 73 74 
43 44 55 56 57 
43 44 55 56 57 75 
43 44 55 56 57 73 74 
43 44 55 56 57 59 
43 44 55 56 57 59 75 
43 44 55 56 57 59 73 74 
43 44 48 57 58 65 73 
43 44 48 57 58 65 71 72 
43 44 48 57 58 63 64 73 
43 44 48 57 58 63 64 71 72 
43 44 48 56 57 65 73 
43 44 48 56 57 65 71 72 
43 44 48 56 57 63 64 73 
43 44 48 56 57 63 64 71 72 
43 44 48 55 58 59 
43 44 48 55 57 58 
43 44 48 55 56 57 
43 44 48 55 56 57 59 
43 44 46 57 58 65 75 
43 44 46 57 58 65 73 74 
43 44 46 57 58 63 64 75 
43 44 46 57 58 63 64 73 74 
43 44 46 56 57 65 75 
43 44 46 56 57 65 73 74 
43 44 46 56 57 63 64 75 
43 44 46 56 57 63 64 73 74 
43 44 46 48 57 58 65 
43 44 46 48 57 58 63 64 
43 44 46 48 56 57 65 
43 44 46 48 56 57 63 64 
42 57 59 73 
42 57 59 71 72 
42 57 58 73 75 
42 57 58 73 74 
42 57 58 71 72 75 
42 57 58 71 72 73 74 
42 57 58 59 77 
42 57 58 59 75 76 
42 57 58 59 73 75 
42 57 58 59 73 74 
42 57 58 59 71 72 75 
42 57 58 59 71 72 73 74 
42 57 58 59 60 77 
42 57 58 59 60 75 76 
42 56 57 73 75 
42 56 57 73 74 
42 56 57 71 72 75 
42 56 57 71 72 73 74 
42 56 57 59 73 75 
42 56 57 59 73 74 
42 56 57 59 71 72 75 
42 56 57 59 71 72 73 74 
42 56 57 59 60 77 
42 56 57 59 60 75 76 
42 56 57 58 59 77 
42 56 57 58 59 75 76 
42 55 59 73 
42 55 59 71 72 
42 55 57 59 73 
42 55 57 59 71 72 
42 50 57 58 59 
42 50 57 58 59 60 
42 50 56 57 59 60 
42 50 56 57 58 59 
42 48 57 58 73 
42 48 57 58 71 72 
42 48 57 58 59 73 
42 48 57 58 59 71 72 
42 48 56 57 73 
42 48 56 57 71 72 
42 48 56 57 59 73 
42 48 56 57 59 71 72 
42 46 57 59 
42 46 57 58 75 
42 46 57 58 73 74 
42 46 57 58 59 75 
42 46 57 58 59 73 74 
42 46 56 57 75 
42 46 56 57 73 74 
42 46 56 57 59 75 
42 46 56 57 59 73 74 
42 46 55 59 
42 46 55 57 59 
42 46 48 57 58 
42 46 48 57 58 59 
42 46 48 56 57 
42 46 48 56 57 59 
41 42 55 58 59 71 
41 42 55 58 59 71 75 
41 42 55 58 59 71 73 74 
41 42 55 58 59 69 70 
41 42 55 58 59 69 70 75 
41 42 55 58 59 69 70 73 74 
41 42 55 57 58 71 
41 42 55 57 58 71 75 
41 42 55 57 58 71 73 74 
41 42 55 57 58 69 70 
41 42 55 57 58 69 70 75 
41 42 55 57 58 69 70 73 74 
41 42 55 56 57 71 
41 42 55 56 57 71 75 
41 42 55 56 57 71 73 74 
41 42 55 56 57 69 70 
41 42 55 56 57 69 70 75 
41 42 55 56 57 69 70 73 74 
41 42 55 56 57 59 71 
41 42 55 56 57 59 71 75 
41 42 55 56 57 59 71 73 74 
41 42 55 56 57 59 69 70 
41 42 55 56 57 59 69 70 75 
41 42 55 56 57 59 69 70 73 74 
41 42 48 55 58 59 71 
41 42 48 55 58 59 69 70 
41 42 48 55 57 58 71 
41 42 48 55 57 58 69 70 
41 42 48 55 56 57 71 
41 42 48 55 56 57 69 70 
41 42 48 55 56 57 59 71 
41 42 48 55 56 57 59 69 70 
41 42 44 55 58 59 
41 42 44 55 58 59 75 
41 42 44 55 58 59 73 74 
41 42 44 55 57 58 
41 42 44 55 57 58 75 
41 42 44 55 57 58 73 74 
41 42 44 55 56 57 
41 42 44 55 56 57 75 
41 42 44 55 56 57 73 74 
41 42 44 55 56 57 59 
41 42 44 55 56 57 59 75 
41 42 44 55 56 57 59 73 74 
41 42 44 48 55 58 59 
41 42 44 48 55 57 58 
41 42 44 48 55 56 57 
41 42 44 48 55 56 57 59 
40 
39 57 58 71 75 
39 57 58 71 73 74 
39 57 58 69 70 75 
39 57 58 69 70 73 74 
39 56 57 71 75 
39 56 57 71 73 74 
39 56 57 69 70 75 
39 56 57 69 70 73 74 
39 48 57 58 71 
39 48 57 58 69 70 
39 48 56 57 71 
39 48 56 57 69 70 
39 44 57 58 75 
39 44 57 58 73 74 
39 44 56 57 75 
39 44 56 57 73 74 
39 44 48 57 58 
39 44 48 56 57 
38 57 58 73 75 
38 57 58 73 74 
38 57 58 71 72 75 
38 57 58 71 72 73 74 
38 56 57 73 75 
38 56 57 73 74 
38 56 57 71 72 75 
38 56 57 71 72 73 74 
38 48 57 58 73 
38 48 57 58 71 72 
38 48 56 57 73 
38 48 56 57 71 72 
38 46 57 58 75 
38 46 57 58 73 74 
38 46 56 57 75 
38 46 56 57 73 74 
38 46 48 57 58 
38 46 48 56 57 
38 45 57 58 73 75 
38 45 57 58 73 74 
38 45 57 58 71 72 75 
38 45 57 58 71 72 73 74 
38 45 56 57 73 75 
38 45 56 57 73 74 
38 45 56 57 71 72 75 
38 45 56 57 71 72 73 74 
38 45 48 57 58 73 
38 45 48 57 58 71 72 
38 45 48 56 57 73 
38 45 48 56 57 71 72 
38 45 46 57 58 75 
38 45 46 57 58 73 74 
38 45 46 56 57 75 
38 45 46 56 57 73 74 
38 45 46 48 57 58 
38 45 46 48 56 57 
38 43 44 57 58 73 75 
38 43 44 57 58 73 74 
38 43 44 57 58 71 72 75 
38 43 44 57 58 71 72 73 74 
38 43 44 56 57 73 75 
38 43 44 56 57 73 74 
38 43 44 56 57 71 72 75 
38 43 44 56 57 71 72 73 74 
38 43 44 48 57 58 73 
38 43 44 48 57 58 71 72 
38 43 44 48 56 57 73 
38 43 44 48 56 57 71 72 
38 43 44 46 57 58 75 
38 43 44 46 57 58 73 74 
38 43 44 46 56 57 75 
38 43 44 46 56 57 73 74 
38 43 44 46 48 57 58 
38 43 44 46 48 56 57 
35 55 58 59 71 75 
35 55 58 59 71 73 75 
35 55 58 59 71 72 75 
35 55 58 59 71 72 73 74 
35 55 58 59 69 70 75 
35 55 58 59 69 70 73 75 
35 55 58 59 69 70 71 72 75 
35 55 58 59 69 70 71 72 73 74 
35 55 57 58 71 73 
35 55 57 58 71 73 75 
35 55 57 58 71 73 74 
35 55 57 58 71 72 
35 55 57 58 71 72 75 
35 55 57 58 71 72 73 74 
35 55 57 58 69 70 73 
35 55 57 58 69 70 73 75 
35 55 57 58 69 70 73 74 
35 55 57 58 69 70 71 72 
35 55 57 58 69 70 71 72 75 
35 55 57 58 69 70 71 72 73 74 
35 55 56 57 71 73 
35 55 56 57 71 73 75 
35 55 56 57 71 73 74 
35 55 56 57 71 72 
35 55 56 57 71 72 75 
35 55 56 57 71 72 73 74 
35 55 56 57 69 70 73 
35 55 56 57 69 70 73 75 
35 55 56 57 69 70 73 74 
35 55 56 57 69 70 71 72 
35 55 56 57 69 70 71 72 75 
35 55 56 57 69 70 71 72 73 74 
35 55 56 57 59 71 75 
35 55 56 57 59 71 73 75 
35 55 56 57 59 71 72 75 
35 55 56 57 59 71 72 73 74 
35 55 56 57 59 69 70 75 
35 55 56 57 59 69 70 73 75 
35 55 56 57 59 69 70 71 72 75 
35 55 56 57 59 69 70 71 72 73 74 
35 48 55 58 59 71 
35 48 55 58 59 71 73 
35 48 55 58 59 71 72 
35 48 55 58 59 69 70 
35 48 55 58 59 69 70 73 
35 48 55 58 59 69 70 71 72 
35 48 55 57 58 71 73 
35 48 55 57 58 71 72 
35 48 55 57 58 69 70 73 
35 48 55 57 58 69 70 71 72 
35 48 55 56 57 71 73 
35 48 55 56 57 71 72 
35 48 55 56 57 69 70 73 
35 48 55 56 57 69 70 71 72 
35 48 55 56 57 59 71 
35 48 55 56 57 59 71 73 
35 48 55 56 57 59 71 72 
35 48 55 56 57 59 69 70 
35 48 55 56 57 59 69 70 73 
35 48 55 56 57 59 69 70 71 72 
35 47 55 58 59 71 75 
35 47 55 58 59 71 73 74 
35 47 55 58 59 69 70 75 
35 47 55 58 59 69 70 73 74 
35 47 55 56 57 59 71 75 
35 47 55 56 57 59 71 73 74 
35 47 55 56 57 59 69 70 75 
35 47 55 56 57 59 69 70 73 74 
35 47 48 55 58 59 71 
35 47 48 55 58 59 69 70 
35 47 48 55 56 57 59 71 
35 47 48 55 56 57 59 69 70 
35 46 55 58 59 71 75 
35 46 55 58 59 71 73 74 
35 46 55 58 59 69 70 75 
35 46 55 58 59 69 70 73 74 
35 46 55 57 58 71 
35 46 55 57 58 71 75 
35 46 55 57 58 71 73 74 
35 46 55 57 58 69 70 
35 46 55 57 58 69 70 75 
35 46 55 57 58 69 70 73 74 
35 46 55 56 57 71 
35 46 55 56 57 71 75 
35 46 55 56 57 71 73 74 
35 46 55 56 57 69 70 
35 46 55 56 57 69 70 75 
35 46 55 56 57 69 70 73 74 
35 46 55 56 57 59 71 75 
35 46 55 56 57 59 71 73 74 
35 46 55 56 57 59 69 70 75 
35 46 55 56 57 59 69 70 73 74 
35 46 48 55 58 59 71 
35 46 48 55 58 59 69 70 
35 46 48 55 57 58 71 
35 46 48 55 57 58 69 70 
35 46 48 55 56 57 71 
35 46 48 55 56 57 69 70 
35 46 48 55 56 57 59 71 
35 46 48 55 56 57 59 69 70 
35 45 46 55 58 59 71 75 
35 45 46 55 58 59 71 73 74 
35 45 46 55 58 59 69 70 75 
35 45 46 55 58 59 69 70 73 74 
35 45 46 55 56 57 59 71 75 
35 45 46 55 56 57 59 71 73 74 
35 45 46 55 56 57 59 69 70 75 
35 45 46 55 56 57 59 69 70 73 74 
35 45 46 48 55 58 59 71 
35 45 46 48 55 58 59 69 70 
35 45 46 48 55 56 57 59 71 
35 45 46 48 55 56 57 59 69 70 
35 44 55 58 59 75 
35 44 55 58 59 73 75 
35 44 55 58 59 71 72 75 
35 44 55 58 59 71 72 73 74 
35 44 55 57 58 73 
35 44 55 57 58 73 75 
35 44 55 57 58 73 74 
35 44 55 57 58 71 72 
35 44 55 57 58 71 72 75 
35 44 55 57 58 71 72 73 74 
35 44 55 56 57 73 
35 44 55 56 57 73 75 
35 44 55 56 57 73 74 
35 44 55 56 57 71 72 
35 44 55 56 57 71 72 75 
35 44 55 56 57 71 72 73 74 
35 44 55 56 57 59 75 
35 44 55 56 57 59 73 75 
35 44 55 56 57 59 71 72 75 
35 44 55 56 57 59 71 72 73 74 
35 44 48 55 58 59 
35 44 48 55 58 59 73 
35 44 48 55 58 59 71 72 
35 44 48 55 57 58 73 
35 44 48 55 57 58 71 72 
35 44 48 55 56 57 73 
35 44 48 55 56 57 71 72 
35 44 48 55 56 57 59 
35 44 48 55 56 57 59 73 
35 44 48 55 56 57 59 71 72 
35 44 47 55 58 59 75 
35 44 47 55 58 59 73 74 
35 44 47 55 56 57 59 75 
35 44 47 55 56 57 59 73 74 
35 44 47 48 55 58 59 
35 44 47 48 55 56 57 59 
35 44 46 55 58 59 75 
35 44 46 55 58 59 73 74 
35 44 46 55 57 58 
35 44 46 55 57 58 75 
35 44 46 55 57 58 73 74 
35 44 46 55 56 57 
35 44 46 55 56 57 75 
35 44 46 55 56 57 73 74 
35 44 46 55 56 57 59 75 
35 44 46 55 56 57 59 73 74 
35 44 46 48 55 58 59 
35 44 46 48 55 57 58 
35 44 46 48 55 56 57 
35 44 46 48 55 56 57 59 
35 44 45 46 55 58 59 75 
35 44 45 46 55 58 59 73 74 
35 44 45 46 55 56 57 59 75 
35 44 45 46 55 56 57 59 73 74 
35 44 45 46 48 55 58 59 
35 44 45 46 48 55 56 57 59 
34 55 58 59 71 
34 55 58 59 71 75 
34 55 58 59 71 73 74 
34 55 58 59 69 70 
34 55 58 59 69 70 75 
34 55 58 59 69 70 73 74 
34 55 57 58 71 
34 55 57 58 69 70 
34 55 56 57 71 
34 55 56 57 69 70 
34 55 56 57 59 71 
34 55 56 57 59 71 75 
34 55 56 57 59 71 73 74 
34 55 56 57 59 69 70 
34 55 56 57 59 69 70 75 
34 55 56 57 59 69 70 73 74 
34 48 55 58 59 71 
34 48 55 58 59 69 70 
34 48 55 56 57 59 71 
34 48 55 56 57 59 69 70 
34 44 55 58 59 
34 44 55 58 59 75 
34 44 55 58 59 73 74 
34 44 55 57 58 
34 44 55 56 57 
34 44 55 56 57 59 
34 44 55 56 57 59 75 
34 44 55 56 57 59 73 74 
34 44 48 55 58 59 
34 44 48 55 56 57 59 
33 57 58 59 71 
33 57 58 59 71 75 
33 57 58 59 71 73 74 
33 57 58 59 69 77 
33 57 58 59 69 75 76 
33 57 58 59 69 70 
33 57 58 59 69 70 75 
33 57 58 59 69 70 73 74 
33 57 58 59 67 68 77 
33 57 58 59 67 68 75 76 
33 56 57 59 71 
33 56 57 59 71 75 
33 56 57 59 71 73 74 
33 56 57 59 69 77 
33 56 57 59 69 75 76 
33 56 57 59 69 70 
33 56 57 59 69 70 75 
33 56 57 59 69 70 73 74 
33 56 57 59 67 68 77 
33 56 57 59 67 68 75 76 
33 50 57 58 59 69 
33 50 57 58 59 67 68 
33 50 56 57 59 69 
33 50 56 57 59 67 68 
33 48 57 58 59 71 
33 48 57 58 59 69 70 
33 48 56 57 59 71 
33 48 56 57 59 69 70 
33 44 57 58 59 
33 44 57 58 59 75 
33 44 57 58 59 73 74 
33 44 56 57 59 
33 44 56 57 59 75 
33 44 56 57 59 73 74 
33 44 48 57 58 59 
33 44 48 56 57 59 
33 42 57 58 59 77 
33 42 57 58 59 75 76 
33 42 56 57 59 77 
33 42 56 57 59 75 76 
33 42 50 57 58 59 
33 42 50 56 57 59 
32 33 55 58 59 71 
32 33 55 58 59 71 75 
32 33 55 58 59 71 73 74 
32 33 55 58 59 69 70 
32 33 55 58 59 69 70 75 
32 33 55 58 59 69 70 73 74 
32 33 55 57 58 71 
32 33 55 57 58 69 70 
32 33 55 56 57 71 
32 33 55 56 57 69 70 
32 33 55 56 57 59 71 
32 33 55 56 57 59 71 75 
32 33 55 56 57 59 71 73 74 
32 33 55 56 57 59 69 70 
32 33 55 56 57 59 69 70 75 
32 33 55 56 57 59 69 70 73 74 
32 33 48 55 58 59 71 
32 33 48 55 58 59 69 70 
32 33 48 55 56 57 59 71 
32 33 48 55 56 57 59 69 70 
32 33 44 55 58 59 
32 33 44 55 58 59 75 
32 33 44 55 58 59 73 74 
32 33 44 55 57 58 
32 33 44 55 56 57 
32 33 44 55 56 57 59 
32 33 44 55 56 57 59 75 
32 33 44 55 56 57 59 73 74 
32 33 44 48 55 58 59 
32 33 44 48 55 56 57 59 
31 59 65 71 73 
31 59 65 71 72 
31 59 65 69 70 73 
31 59 65 69 70 71 72 
31 57 69 73 75 
31 57 69 73 74 
31 57 69 71 72 75 
31 57 69 71 72 73 74 
31 57 67 68 73 75 
31 57 67 68 73 74 
31 57 67 68 71 72 75 
31 57 67 68 71 72 73 74 
31 57 66 71 75 
31 57 66 71 73 74 
31 57 66 69 70 75 
31 57 66 69 70 73 74 
31 57 65 73 75 
31 57 65 73 74 
31 57 65 71 73 
31 57 65 71 72 
31 57 65 71 72 75 
31 57 65 71 72 73 74 
31 57 65 69 70 73 
31 57 65 69 70 71 72 
31 57 64 65 71 75 
31 57 64 65 71 73 74 
31 57 64 65 69 70 75 
31 57 64 65 69 70 73 74 
31 57 63 64 73 75 
31 57 63 64 73 74 
31 57 63 64 71 72 75 
31 57 63 64 71 72 73 74 
31 57 59 71 73 
31 57 59 71 72 
31 57 59 69 73 75 
31 57 59 69 73 74 
31 57 59 69 71 72 75 
31 57 59 69 71 72 73 74 
31 57 59 69 70 73 
31 57 59 69 70 71 72 
31 57 59 67 68 73 75 
31 57 59 67 68 73 74 
31 57 59 67 68 71 72 75 
31 57 59 67 68 71 72 73 74 
31 57 59 60 71 
31 57 59 60 71 75 
31 57 59 60 71 73 74 
31 57 59 60 69 77 
31 57 59 60 69 75 76 
31 57 59 60 69 70 
31 57 59 60 69 70 75 
31 57 59 60 69 70 73 74 
31 57 59 60 67 68 77 
31 57 59 60 67 68 75 76 
31 57 58 59 71 
31 57 58 59 71 75 
31 57 58 59 71 73 74 
31 57 58 59 69 77 
31 57 58 59 69 75 76 
31 57 58 59 69 70 
31 57 58 59 69 70 75 
31 57 58 59 69 70 73 74 
31 57 58 59 67 68 77 
31 57 58 59 67 68 75 76 
31 56 59 71 73 
31 56 59 71 72 
31 56 59 69 70 73 
31 56 59 69 70 71 72 
31 56 57 71 73 
31 56 57 71 72 
31 56 57 69 70 73 
31 56 57 69 70 71 72 
31 55 59 73 
31 55 59 73 75 
31 55 59 73 74 
31 55 59 71 75 
31 55 59 71 75 77 
31 55 59 71 75 76 
31 55 59 71 73 
31 55 59 71 73 74 
31 55 59 71 73 74 77 
31 55 59 71 73 74 75 76 
31 55 59 71 72 75 
31 55 59 71 72 73 74 
31 55 59 69 70 75 
31 55 59 69 70 75 77 
31 55 59 69 70 75 76 
31 55 59 69 70 73 
31 55 59 69 70 73 74 
31 55 59 69 70 73 74 77 
31 55 59 69 70 73 74 75 76 
31 55 59 69 70 71 72 
31 55 59 62 71 75 
31 55 59 62 71 73 75 
31 55 59 62 71 72 75 
31 55 59 62 71 72 73 74 
31 55 59 62 69 70 75 
31 55 59 62 69 70 73 75 
31 55 59 62 69 70 71 72 75 
31 55 59 62 69 70 71 72 73 74 
31 55 59 60 61 71 75 
31 55 59 60 61 71 73 75 
31 55 59 60 61 71 72 75 
31 55 59 60 61 71 72 73 74 
31 55 59 60 61 69 70 75 
31 55 59 60 61 69 70 73 75 
31 55 59 60 61 69 70 71 72 75 
31 55 59 60 61 69 70 71 72 73 74 
31 55 58 59 71 73 
31 55 58 59 71 73 75 
31 55 58 59 71 73 74 
31 55 58 59 71 72 
31 55 58 59 71 72 75 
31 55 58 59 71 72 73 74 
31 55 58 59 69 70 73 
31 55 58 59 69 70 73 75 
31 55 58 59 69 70 73 74 
31 55 58 59 69 70 71 72 
31 55 58 59 69 70 71 72 75 
31 55 58 59 69 70 71 72 73 74 
31 55 57 71 77 
31 55 57 71 75 77 
31 55 57 71 73 
31 55 57 71 73 74 77 
31 55 57 71 73 74 75 76 
31 55 57 71 72 
31 55 57 69 70 77 
31 55 57 69 70 75 77 
31 55 57 69 70 73 
31 55 57 69 70 73 74 77 
31 55 57 69 70 73 74 75 76 
31 55 57 69 70 71 72 
31 55 57 62 71 73 
31 55 57 62 71 73 75 
31 55 57 62 71 73 74 
31 55 57 62 71 72 
31 55 57 62 71 72 75 
31 55 57 62 71 72 73 74 
31 55 57 62 69 70 73 
31 55 57 62 69 70 73 75 
31 55 57 62 69 70 73 74 
31 55 57 62 69 70 71 72 
31 55 57 62 69 70 71 72 75 
31 55 57 62 69 70 71 72 73 74 
31 55 57 60 61 71 73 
31 55 57 60 61 71 73 75 
31 55 57 60 61 71 73 74 
31 55 57 60 61 71 72 
31 55 57 60 61 71 72 75 
31 55 57 60 61 71 72 73 74 
31 55 57 60 61 69 70 73 
31 55 57 60 61 69 70 73 75 
31 55 57 60 61 69 70 73 74 
31 55 57 60 61 69 70 71 72 
31 55 57 60 61 69 70 71 72 75 
31 55 57 60 61 69 70 71 72 73 74 
31 55 57 59 73 75 
31 55 57 59 73 74 
31 55 57 59 71 75 
31 55 57 59 71 73 74 
31 55 57 59 71 72 75 
31 55 57 59 71 72 73 74 
31 55 57 59 69 70 75 
31 55 57 59 69 70 73 74 
31 55 56 57 59 71 73 
31 55 56 57 59 71 73 75 
31 55 56 57 59 71 73 74 
31 55 56 57 59 71 72 
31 55 56 57 59 71 72 75 
31 55 56 57 59 71 72 73 74 
31 55 56 57 59 69 70 73 
31 55 56 57 59 69 70 73 75 
31 55 56 57 59 69 70 73 74 
31 55 56 57 59 69 70 71 72 
31 55 56 57 59 69 70 71 72 75 
31 55 56 57 59 69 70 71 72 73 74 
31 50 57 59 60 69 
31 50 57 59 60 67 68 
31 50 57 58 59 69 
31 50 57 58 59 67 68 
31 50 55 59 71 75 
31 50 55 59 71 73 74 
31 50 55 59 69 70 75 
31 50 55 59 69 70 73 74 
31 50 55 57 71 
31 50 55 57 71 75 
31 50 55 57 71 73 74 
31 50 55 57 69 70 
31 50 55 57 69 70 75 
31 50 55 57 69 70 73 74 
31 49 55 59 71 
31 49 55 59 71 75 
31 49 55 59 71 73 74 
31 49 55 59 69 70 
31 49 55 59 69 70 75 
31 49 55 59 69 70 73 74 
31 49 55 57 71 
31 49 55 57 69 70 
31 48 57 69 73 
31 48 57 69 71 72 
31 48 57 67 68 73 
31 48 57 67 68 71 72 
31 48 57 66 71 
31 48 57 66 69 70 
31 48 57 65 73 
31 48 57 65 71 72 
31 48 57 64 65 71 
31 48 57 64 65 69 70 
31 48 57 63 64 73 
31 48 57 63 64 71 72 
31 48 57 59 69 73 
31 48 57 59 69 71 72 
31 48 57 59 67 68 73 
31 48 57 59 67 68 71 72 
31 48 57 59 60 71 
31 48 57 59 60 69 70 
31 48 57 58 59 71 
31 48 57 58 59 69 70 
31 48 55 59 73 
31 48 55 59 71 
31 48 55 59 71 77 
31 48 55 59 71 75 
31 48 55 59 71 75 76 
31 48 55 59 71 73 74 
31 48 55 59 71 72 
31 48 55 59 69 70 
31 48 55 59 69 70 77 
31 48 55 59 69 70 75 
31 48 55 59 69 70 75 76 
31 48 55 59 69 70 73 74 
31 48 55 59 62 71 
31 48 55 59 62 71 73 
31 48 55 59 62 71 72 
31 48 55 59 62 69 70 
31 48 55 59 62 69 70 73 
31 48 55 59 62 69 70 71 72 
31 48 55 59 60 61 71 
31 48 55 59 60 61 71 73 
31 48 55 59 60 61 71 72 
31 48 55 59 60 61 69 70 
31 48 55 59 60 61 69 70 73 
31 48 55 59 60 61 69 70 71 72 
31 48 55 58 59 71 73 
31 48 55 58 59 71 72 
31 48 55 58 59 69 70 73 
31 48 55 58 59 69 70 71 72 
31 48 55 57 71 
31 48 55 57 71 77 
31 48 55 57 71 75 76 
31 48 55 57 69 70 
31 48 55 57 69 70 77 
31 48 55 57 69 70 75 76 
31 48 55 57 62 71 73 
31 48 55 57 62 71 72 
31 48 55 57 62 69 70 73 
31 48 55 57 62 69 70 71 72 
31 48 55 57 60 61 71 73 
31 48 55 57 60 61 71 72 
31 48 55 57 60 61 69 70 73 
31 48 55 57 60 61 69 70 71 72 
31 48 55 57 59 73 
31 48 55 57 59 71 
31 48 55 57 59 71 72 
31 48 55 57 59 69 70 
31 48 55 56 57 59 71 73 
31 48 55 56 57 59 71 72 
31 48 55 56 57 59 69 70 73 
31 48 55 56 57 59 69 70 71 72 
31 48 50 55 59 71 
31 48 50 55 59 69 70 
31 48 50 55 57 71 
31 48 50 55 57 69 70 
31 48 49 55 59 71 
31 48 49 55 59 69 70 
31 47 55 59 62 71 75 
31 47 55 59 62 71 73 74 
31 47 55 59 62 69 70 75 
31 47 55 59 62 69 70 73 74 
31 47 55 59 60 61 71 75 
31 47 55 59 60 61 71 73 74 
31 47 55 59 60 61 69 70 75 
31 47 55 59 60 61 69 70 73 74 
31 47 48 55 59 71 75 
31 47 48 55 59 71 73 74 
31 47 48 55 59 69 70 75 
31 47 48 55 59 69 70 73 74 
31 47 48 55 59 62 71 
31 47 48 55 59 62 69 70 
31 47 48 55 59 60 61 71 
31 47 48 55 59 60 61 69 70 
31 47 48 55 57 71 
31 47 48 55 57 69 70 
31 46 59 65 71 
31 46 59 65 69 70 
31 46 57 69 75 
31 46 57 69 73 74 
31 46 57 67 68 75 
31 46 57 67 68 73 74 
31 46 57 65 75 
31 46 57 65 73 74 
31 46 57 65 71 
31 46 57 65 69 70 
31 46 57 63 64 75 
31 46 57 63 64 73 74 
31 46 57 59 71 
31 46 57 59 69 75 
31 46 57 59 69 73 74 
31 46 57 59 69 70 
31 46 57 59 67 68 75 
31 46 57 59 67 68 73 74 
31 46 56 59 71 
31 46 56 59 69 70 
31 46 56 57 71 
31 46 56 57 69 70 
31 46 55 59 
31 46 55 59 75 
31 46 55 59 73 74 
31 46 55 59 71 
31 46 55 59 71 75 
31 46 55 59 71 73 74 
31 46 55 59 69 70 
31 46 55 59 69 70 75 
31 46 55 59 69 70 73 74 
31 46 55 59 62 71 75 
31 46 55 59 62 71 73 74 
31 46 55 59 62 69 70 75 
31 46 55 59 62 69 70 73 74 
31 46 55 59 60 61 71 75 
31 46 55 59 60 61 71 73 74 
31 46 55 59 60 61 69 70 75 
31 46 55 59 60 61 69 70 73 74 
31 46 55 58 59 71 
31 46 55 58 59 71 75 
31 46 55 58 59 71 73 74 
31 46 55 58 59 69 70 
31 46 55 58 59 69 70 75 
31 46 55 58 59 69 70 73 74 
31 46 55 57 71 
31 46 55 57 71 75 
31 46 55 57 71 73 74 
31 46 55 57 69 70 
31 46 55 57 69 70 75 
31 46 55 57 69 70 73 74 
31 46 55 57 62 71 
31 46 55 57 62 71 75 
31 46 55 57 62 71 73 74 
31 46 55 57 62 69 70 
31 46 55 57 62 69 70 75 
31 46 55 57 62 69 70 73 74 
31 46 55 57 60 61 71 
31 46 55 57 60 61 71 75 
31 46 55 57 60 61 71 73 74 
31 46 55 57 60 61 69 70 
31 46 55 57 60 61 69 70 75 
31 46 55 57 60 61 69 70 73 74 
31 46 55 57 59 75 
31 46 55 57 59 73 74 
31 46 55 56 57 59 71 
31 46 55 56 57 59 71 75 
31 46 55 56 57 59 71 73 74 
31 46 55 56 57 59 69 70 
31 46 55 56 57 59 69 70 75 
31 46 55 56 57 59 69 70 73 74 
31 46 48 57 69 
31 46 48 57 67 68 
31 46 48 57 65 
31 46 48 57 63 64 
31 46 48 57 59 69 
31 46 48 57 59 67 68 
31 46 48 55 59 
31 46 48 55 59 71 
31 46 48 55 59 69 70 
31 46 48 55 59 62 71 
31 46 48 55 59 62 69 70 
31 46 48 55 59 60 61 71 
31 46 48 55 59 60 61 69 70 
31 46 48 55 58 59 71 
31 46 48 55 58 59 69 70 
31 46 48 55 57 71 
31 46 48 55 57 69 70 
31 46 48 55 57 62 71 
31 46 48 55 57 62 69 70 
31 46 48 55 57 60 61 71 
31 46 48 55 57 60 61 69 70 
31 46 48 55 57 59 
31 46 48 55 56 57 59 71 
31 46 48 55 56 57 59 69 70 
31 46 47 55 59 71 
31 46 47 55 59 71 75 
31 46 47 55 59 71 73 74 
31 46 47 55 59 69 70 
31 46 47 55 59 69 70 75 
31 46 47 55 59 69 70 73 74 
31 46 47 55 57 71 
31 46 47 55 57 69 70 
31 46 47 48 55 59 71 
31 46 47 48 55 59 69 70 
31 45 57 65 73 75 
31 45 57 65 73 74 
31 45 57 65 71 72 75 
31 45 57 65 71 72 73 74 
31 45 57 63 64 73 75 
31 45 57 63 64 73 74 
31 45 57 63 64 71 72 75 
31 45 57 63 64 71 72 73 74 
31 45 48 57 65 73 
31 45 48 57 65 71 72 
31 45 48 57 63 64 73 
31 45 48 57 63 64 71 72 
31 45 46 57 65 75 
31 45 46 57 65 73 74 
31 45 46 57 63 64 75 
31 45 46 57 63 64 73 74 
31 45 46 55 59 62 71 75 
31 45 46 55 59 62 71 73 74 
31 45 46 55 59 62 69 70 75 
31 45 46 55 59 62 69 70 73 74 
31 45 46 55 59 60 61 71 75 
31 45 46 55 59 60 61 71 73 74 
31 45 46 55 59 60 61 69 70 75 
31 45 46 55 59 60 61 69 70 73 74 
31 45 46 48 57 65 
31 45 46 48 57 63 64 
31 45 46 48 55 59 62 71 
31 45 46 48 55 59 62 69 70 
31 45 46 48 55 59 60 61 71 
31 45 46 48 55 59 60 61 69 70 
31 44 59 65 73 
31 44 59 65 71 72 
31 44 57 66 75 
31 44 57 66 73 74 
31 44 57 65 73 
31 44 57 65 71 72 
31 44 57 64 65 75 
31 44 57 64 65 73 74 
31 44 57 59 73 
31 44 57 59 71 72 
31 44 57 59 60 
31 44 57 59 60 75 
31 44 57 59 60 73 74 
31 44 57 58 59 
31 44 57 58 59 75 
31 44 57 58 59 73 74 
31 44 56 59 73 
31 44 56 59 71 72 
31 44 56 57 73 
31 44 56 57 71 72 
31 44 55 59 75 
31 44 55 59 75 77 
31 44 55 59 75 76 
31 44 55 59 73 
31 44 55 59 73 74 
31 44 55 59 73 74 77 
31 44 55 59 73 74 75 76 
31 44 55 59 71 72 
31 44 55 59 62 75 
31 44 55 59 62 73 75 
31 44 55 59 62 71 72 75 
31 44 55 59 62 71 72 73 74 
31 44 55 59 60 61 75 
31 44 55 59 60 61 73 75 
31 44 55 59 60 61 71 72 75 
31 44 55 59 60 61 71 72 73 74 
31 44 55 58 59 73 
31 44 55 58 59 73 75 
31 44 55 58 59 73 74 
31 44 55 58 59 71 72 
31 44 55 58 59 71 72 75 
31 44 55 58 59 71 72 73 74 
31 44 55 57 77 
31 44 55 57 75 77 
31 44 55 57 73 
31 44 55 57 73 74 77 
31 44 55 57 73 74 75 76 
31 44 55 57 71 72 
31 44 55 57 62 73 
31 44 55 57 62 73 75 
31 44 55 57 62 73 74 
31 44 55 57 62 71 72 
31 44 55 57 62 71 72 75 
31 44 55 57 62 71 72 73 74 
31 44 55 57 60 61 73 
31 44 55 57 60 61 73 75 
31 44 55 57 60 61 73 74 
31 44 55 57 60 61 71 72 
31 44 55 57 60 61 71 72 75 
31 44 55 57 60 61 71 72 73 74 
31 44 55 57 59 75 
31 44 55 57 59 73 74 
31 44 55 56 57 59 73 
31 44 55 56 57 59 73 75 
31 44 55 56 57 59 73 74 
31 44 55 56 57 59 71 72 
31 44 55 56 57 59 71 72 75 
31 44 55 56 57 59 71 72 73 74 
31 44 50 55 59 75 
31 44 50 55 59 73 74 
31 44 50 55 57 
31 44 50 55 57 75 
31 44 50 55 57 73 74 
31 44 49 55 59 
31 44 49 55 59 75 
31 44 49 55 59 73 74 
31 44 49 55 57 
31 44 48 57 66 
31 44 48 57 64 65 
31 44 48 57 59 60 
31 44 48 57 58 59 
31 44 48 55 59 
31 44 48 55 59 77 
31 44 48 55 59 75 
31 44 48 55 59 75 76 
31 44 48 55 59 73 74 
31 44 48 55 59 62 
31 44 48 55 59 62 73 
31 44 48 55 59 62 71 72 
31 44 48 55 59 60 61 
31 44 48 55 59 60 61 73 
31 44 48 55 59 60 61 71 72 
31 44 48 55 58 59 73 
31 44 48 55 58 59 71 72 
31 44 48 55 57 
31 44 48 55 57 77 
31 44 48 55 57 75 76 
31 44 48 55 57 62 73 
31 44 48 55 57 62 71 72 
31 44 48 55 57 60 61 73 
31 44 48 55 57 60 61 71 72 
31 44 48 55 57 59 
31 44 48 55 56 57 59 73 
31 44 48 55 56 57 59 71 72 
31 44 48 50 55 59 
31 44 48 50 55 57 
31 44 48 49 55 59 
31 44 47 55 59 62 75 
31 44 47 55 59 62 73 74 
31 44 47 55 59 60 61 75 
31 44 47 55 59 60 61 73 74 
31 44 47 48 55 59 75 
31 44 47 48 55 59 73 74 
31 44 47 48 55 59 62 
31 44 47 48 55 59 60 61 
31 44 47 48 55 57 
31 44 46 59 65 
31 44 46 57 65 
31 44 46 57 59 
31 44 46 56 59 
31 44 46 56 57 
31 44 46 55 59 
31 44 46 55 59 75 
31 44 46 55 59 73 74 
31 44 46 55 59 62 75 
31 44 46 55 59 62 73 74 
31 44 46 55 59 60 61 75 
31 44 46 55 59 60 61 73 74 
31 44 46 55 58 59 
31 44 46 55 58 59 75 
31 44 46 55 58 59 73 74 
31 44 46 55 57 
31 44 46 55 57 75 
31 44 46 55 57 73 74 
31 44 46 55 57 62 
31 44 46 55 57 62 75 
31 44 46 55 57 62 73 74 
31 44 46 55 57 60 61 
31 44 46 55 57 60 61 75 
31 44 46 55 57 60 61 73 74 
31 44 46 55 56 57 59 
31 44 46 55 56 57 59 75 
31 44 46 55 56 57 59 73 74 
31 44 46 48 55 59 
31 44 46 48 55 59 62 
31 44 46 48 55 59 60 61 
31 44 46 48 55 58 59 
31 44 46 48 55 57 
31 44 46 48 55 57 62 
31 44 46 48 55 57 60 61 
31 44 46 48 55 56 57 59 
31 44 46 47 55 59 
31 44 46 47 55 59 75 
31 44 46 47 55 59 73 74 
31 44 46 47 55 57 
31 44 46 47 48 55 59 
31 44 45 46 55 59 62 75 
31 44 45 46 55 59 62 73 74 
31 44 45 46 55 59 60 61 75 
31 44 45 46 55 59 60 61 73 74 
31 44 45 46 48 55 59 62 
31 44 45 46 48 55 59 60 61 
31 43 55 59 71 
31 43 55 59 71 75 
31 43 55 59 71 73 74 
31 43 55 59 69 70 
31 43 55 59 69 70 75 
31 43 55 59 69 70 73 74 
31 43 55 57 71 
31 43 55 57 71 75 
31 43 55 57 71 73 74 
31 43 55 57 69 70 
31 43 55 57 69 70 75 
31 43 55 57 69 70 73 74 
31 43 48 55 59 71 
31 43 48 55 59 69 70 
31 43 48 55 57 71 
31 43 48 55 57 69 70 
31 43 44 57 65 73 75 
31 43 44 57 65 73 74 
31 43 44 57 65 71 72 75 
31 43 44 57 65 71 72 73 74 
31 43 44 57 63 64 73 75 
31 43 44 57 63 64 73 74 
31 43 44 57 63 64 71 72 75 
31 43 44 57 63 64 71 72 73 74 
31 43 44 55 59 
31 43 44 55 59 75 
31 43 44 55 59 73 74 
31 43 44 55 57 
31 43 44 55 57 75 
31 43 44 55 57 73 74 
31 43 44 48 57 65 73 
31 43 44 48 57 65 71 72 
31 43 44 48 57 63 64 73 
31 43 44 48 57 63 64 71 72 
31 43 44 48 55 59 
31 43 44 48 55 57 
31 43 44 46 57 65 75 
31 43 44 46 57 65 73 74 
31 43 44 46 57 63 64 75 
31 43 44 46 57 63 64 73 74 
31 43 44 46 48 57 65 
31 43 44 46 48 57 63 64 
31 42 57 73 75 
31 42 57 73 74 
31 42 57 71 72 75 
31 42 57 71 72 73 74 
31 42 57 59 73 75 
31 42 57 59 73 74 
31 42 57 59 71 72 75 
31 42 57 59 71 72 73 74 
31 42 57 59 60 77 
31 42 57 59 60 75 76 
31 42 57 58 59 77 
31 42 57 58 59 75 76 
31 42 50 57 59 60 
31 42 50 57 58 59 
31 42 48 57 73 
31 42 48 57 71 72 
31 42 48 57 59 73 
31 42 48 57 59 71 72 
31 42 46 57 75 
31 42 46 57 73 74 
31 42 46 57 59 75 
31 42 46 57 59 73 74 
31 42 46 48 57 
31 42 46 48 57 59 
31 41 42 55 59 71 
31 41 42 55 59 71 75 
31 41 42 55 59 71 73 74 
31 41 42 55 59 69 70 
31 41 42 55 59 69 70 75 
31 41 42 55 59 69 70 73 74 
31 41 42 55 57 71 
31 41 42 55 57 71 75 
31 41 42 55 57 71 73 74 
31 41 42 55 57 69 70 
31 41 42 55 57 69 70 75 
31 41 42 55 57 69 70 73 74 
31 41 42 48 55 59 71 
31 41 42 48 55 59 69 70 
31 41 42 48 55 57 71 
31 41 42 48 55 57 69 70 
31 41 42 44 55 59 
31 41 42 44 55 59 75 
31 41 42 44 55 59 73 74 
31 41 42 44 55 57 
31 41 42 44 55 57 75 
31 41 42 44 55 57 73 74 
31 41 42 44 48 55 59 
31 41 42 44 48 55 57 
31 39 57 71 75 
31 39 57 71 73 74 
31 39 57 69 70 75 
31 39 57 69 70 73 74 
31 39 48 57 71 
31 39 48 57 69 70 
31 39 44 57 75 
31 39 44 57 73 74 
31 39 44 48 57 
31 38 57 73 75 
31 38 57 73 74 
31 38 57 71 72 75 
31 38 57 71 72 73 74 
31 38 48 57 73 
31 38 48 57 71 72 
31 38 46 57 75 
31 38 46 57 73 74 
31 38 46 48 57 
31 38 45 57 73 75 
31 38 45 57 73 74 
31 38 45 57 71 72 75 
31 38 45 57 71 72 73 74 
31 38 45 48 57 73 
31 38 45 48 57 71 72 
31 38 45 46 57 75 
31 38 45 46 57 73 74 
31 38 45 46 48 57 
31 38 43 44 57 73 75 
31 38 43 44 57 73 74 
31 38 43 44 57 71 72 75 
31 38 43 44 57 71 72 73 74 
31 38 43 44 48 57 73 
31 38 43 44 48 57 71 72 
31 38 43 44 46 57 75 
31 38 43 44 46 57 73 74 
31 38 43 44 46 48 57 
31 35 55 59 71 75 
31 35 55 59 71 73 75 
31 35 55 59 71 72 75 
31 35 55 59 71 72 73 74 
31 35 55 59 69 70 75 
31 35 55 59 69 70 73 75 
31 35 55 59 69 70 71 72 75 
31 35 55 59 69 70 71 72 73 74 
31 35 55 57 71 73 
31 35 55 57 71 73 75 
31 35 55 57 71 73 74 
31 35 55 57 71 72 
31 35 55 57 71 72 75 
31 35 55 57 71 72 73 74 
31 35 55 57 69 70 73 
31 35 55 57 69 70 73 75 
31 35 55 57 69 70 73 74 
31 35 55 57 69 70 71 72 
31 35 55 57 69 70 71 72 75 
31 35 55 57 69 70 71 72 73 74 
31 35 48 55 59 71 
31 35 48 55 59 71 73 
31 35 48 55 59 71 72 
31 35 48 55 59 69 70 
31 35 48 55 59 69 70 73 
31 35 48 55 59 69 70 71 72 
31 35 48 55 57 71 73 
31 35 48 55 57 71 72 
31 35 48 55 57 69 70 73 
31 35 48 55 57 69 70 71 72 
31 35 47 55 59 71 75 
31 35 47 55 59 71 73 74 
31 35 47 55 59 69 70 75 
31 35 47 55 59 69 70 73 74 
31 35 47 48 55 59 71 
31 35 47 48 55 59 69 70 
31 35 46 55 59 71 75 
31 35 46 55 59 71 73 74 
31 35 46 55 59 69 70 75 
31 35 46 55 59 69 70 73 74 
31 35 46 55 57 71 
31 35 46 55 57 71 75 
31 35 46 55 57 71 73 74 
31 35 46 55 57 69 70 
31 35 46 55 57 69 70 75 
31 35 46 55 57 69 70 73 74 
31 35 46 48 55 59 71 
31 35 46 48 55 59 69 70 
31 35 46 48 55 57 71 
31 35 46 48 55 57 69 70 
31 35 45 46 55 59 71 75 
31 35 45 46 55 59 71 73 74 
31 35 45 46 55 59 69 70 75 
31 35 45 46 55 59 69 70 73 74 
31 35 45 46 48 55 59 71 
31 35 45 46 48 55 59 69 70 
31 35 44 55 59 75 
31 35 44 55 59 73 75 
31 35 44 55 59 71 72 75 
31 35 44 55 59 71 72 73 74 
31 35 44 55 57 73 
31 35 44 55 57 73 75 
31 35 44 55 57 73 74 
31 35 44 55 57 71 72 
31 35 44 55 57 71 72 75 
31 35 44 55 57 71 72 73 74 
31 35 44 48 55 59 
31 35 44 48 55 59 73 
31 35 44 48 55 59 71 72 
31 35 44 48 55 57 73 
31 35 44 48 55 57 71 72 
31 35 44 47 55 59 75 
31 35 44 47 55 59 73 74 
31 35 44 47 48 55 59 
31 35 44 46 55 59 75 
31 35 44 46 55 59 73 74 
31 35 44 46 55 57 
31 35 44 46 55 57 75 
31 35 44 46 55 57 73 74 
31 35 44 46 48 55 59 
31 35 44 46 48 55 57 
31 35 44 45 46 55 59 75 
31 35 44 45 46 55 59 73 74 
31 35 44 45 46 48 55 59 
31 34 55 59 71 
31 34 55 59 71 75 
31 34 55 59 71 73 74 
31 34 55 59 69 70 
31 34 55 59 69 70 75 
31 34 55 59 69 70 73 74 
31 34 55 57 71 
31 34 55 57 69 70 
31 34 48 55 59 71 
31 34 48 55 59 69 70 
31 34 44 55 59 
31 34 44 55 59 75 
31 34 44 55 59 73 74 
31 34 44 55 57 
31 34 44 48 55 59 
31 33 57 59 71 
31 33 57 59 71 75 
31 33 57 59 71 73 74 
31 33 57 59 69 77 
31 33 57 59 69 75 76 
31 33 57 59 69 70 
31 33 57 59 69 70 75 
31 33 57 59 69 70 73 74 
31 33 57 59 67 68 77 
31 33 57 59 67 68 75 76 
31 33 50 57 59 69 
31 33 50 57 59 67 68 
31 33 48 57 59 71 
31 33 48 57 59 69 70 
31 33 44 57 59 
31 33 44 57 59 75 
31 33 44 57 59 73 74 
31 33 44 48 57 59 
31 33 42 57 59 77 
31 33 42 57 59 75 76 
31 33 42 50 57 59 
31 32 33 55 59 71 
31 32 33 55 59 71 75 
31 32 33 55 59 71 73 74 
31 32 33 55 59 69 70 
31 32 33 55 59 69 70 75 
31 32 33 55 59 69 70 73 74 
31 32 33 55 57 71 
31 32 33 55 57 69 70 
31 32 33 48 55 59 71 
31 32 33 48 55 59 69 70 
31 32 33 44 55 59 
31 32 33 44 55 59 75 
31 32 33 44 55 59 73 74 
31 32 33 44 55 57 
31 32 33 44 48 55 59 
29 55 59 73 
29 55 59 71 72 
29 46 55 59 
29 30 55 58 59 71 73 
29 30 55 58 59 71 73 75 
29 30 55 58 59 71 73 74 
29 30 55 58 59 71 72 
29 30 55 58 59 71 72 75 
29 30 55 58 59 71 72 73 74 
29 30 55 58 59 69 70 73 
29 30 55 58 59 69 70 73 75 
29 30 55 58 59 69 70 73 74 
29 30 55 58 59 69 70 71 72 
29 30 55 58 59 69 70 71 72 75 
29 30 55 58 59 69 70 71 72 73 74 
29 30 55 56 57 59 71 73 
29 30 55 56 57 59 71 73 75 
29 30 55 56 57 59 71 73 74 
29 30 55 56 57 59 71 72 
29 30 55 56 57 59 71 72 75 
29 30 55 56 57 59 71 72 73 74 
29 30 55 56 57 59 69 70 73 
29 30 55 56 57 59 69 70 73 75 
29 30 55 56 57 59 69 70 73 74 
29 30 55 56 57 59 69 70 71 72 
29 30 55 56 57 59 69 70 71 72 75 
29 30 55 56 57 59 69 70 71 72 73 74 
29 30 48 55 58 59 71 73 
29 30 48 55 58 59 71 72 
29 30 48 55 58 59 69 70 73 
29 30 48 55 58 59 69 70 71 72 
29 30 48 55 56 57 59 71 73 
29 30 48 55 56 57 59 71 72 
29 30 48 55 56 57 59 69 70 73 
29 30 48 55 56 57 59 69 70 71 72 
29 30 46 55 58 59 71 
29 30 46 55 58 59 71 75 
29 30 46 55 58 59 71 73 74 
29 30 46 55 58 59 69 70 
29 30 46 55 58 59 69 70 75 
29 30 46 55 58 59 69 70 73 74 
29 30 46 55 56 57 59 71 
29 30 46 55 56 57 59 71 75 
29 30 46 55 56 57 59 71 73 74 
29 30 46 55 56 57 59 69 70 
29 30 46 55 56 57 59 69 70 75 
29 30 46 55 56 57 59 69 70 73 74 
29 30 46 48 55 58 59 71 
29 30 46 48 55 58 59 69 70 
29 30 46 48 55 56 57 59 71 
29 30 46 48 55 56 57 59 69 70 
29 30 44 55 58 59 73 
29 30 44 55 58 59 73 75 
29 30 44 55 58 59 73 74 
29 30 44 55 58 59 71 72 
29 30 44 55 58 59 71 72 75 
29 30 44 55 58 59 71 72 73 74 
29 30 44 55 56 57 59 73 
29 30 44 55 56 57 59 73 75 
29 30 44 55 56 57 59 73 74 
29 30 44 55 56 57 59 71 72 
29 30 44 55 56 57 59 71 72 75 
29 30 44 55 56 57 59 71 72 73 74 
29 30 44 48 55 58 59 73 
29 30 44 48 55 58 59 71 72 
29 30 44 48 55 56 57 59 73 
29 30 44 48 55 56 57 59 71 72 
29 30 44 46 55 58 59 
29 30 44 46 55 58 59 75 
29 30 44 46 55 58 59 73 74 
29 30 44 46 55 56 57 59 
29 30 44 46 55 56 57 59 75 
29 30 44 46 55 56 57 59 73 74 
29 30 44 46 48 55 58 59 
29 30 44 46 48 55 56 57 59 
29 30 31 55 59 71 73 
29 30 31 55 59 71 73 75 
29 30 31 55 59 71 73 74 
29 30 31 55 59 71 72 
29 30 31 55 59 71 72 75 
29 30 31 55 59 71 72 73 74 
29 30 31 55 59 69 70 73 
29 30 31 55 59 69 70 73 75 
29 30 31 55 59 69 70 73 74 
29 30 31 55 59 69 70 71 72 
29 30 31 55 59 69 70 71 72 75 
29 30 31 55 59 69 70 71 72 73 74 
29 30 31 48 55 59 71 73 
29 30 31 48 55 59 71 72 
29 30 31 48 55 59 69 70 73 
29 30 31 48 55 59 69 70 71 72 
29 30 31 46 55 59 71 
29 30 31 46 55 59 71 75 
29 30 31 46 55 59 71 73 74 
29 30 31 46 55 59 69 70 
29 30 31 46 55 59 69 70 75 
29 30 31 46 55 59 69 70 73 74 
29 30 31 46 48 55 59 71 
29 30 31 46 48 55 59 69 70 
29 30 31 44 55 59 73 
29 30 31 44 55 59 73 75 
29 30 31 44 55 59 73 74 
29 30 31 44 55 59 71 72 
29 30 31 44 55 59 71 72 75 
29 30 31 44 55 59 71 72 73 74 
29 30 31 44 48 55 59 73 
29 30 31 44 48 55 59 71 72 
29 30 31 44 46 55 59 
29 30 31 44 46 55 59 75 
29 30 31 44 46 55 59 73 74 
29 30 31 44 46 48 55 59 
23 55 58 59 71 75 
23 55 58 59 71 73 74 
23 55 58 59 69 70 75 
23 55 58 59 69 70 73 74 
23 55 57 58 59 71 75 
23 55 57 58 59 71 73 74 
23 55 57 58 59 69 70 75 
23 55 57 58 59 69 70 73 74 
23 48 55 58 59 71 
23 48 55 58 59 69 70 
23 48 55 57 58 59 71 
23 48 55 57 58 59 69 70 
23 44 55 58 59 75 
23 44 55 58 59 73 74 
23 44 55 57 58 59 75 
23 44 55 57 58 59 73 74 
23 44 48 55 58 59 
23 44 48 55 57 58 59 
23 31 55 59 71 75 
23 31 55 59 71 73 74 
23 31 55 59 69 70 75 
23 31 55 59 69 70 73 74 
23 31 55 57 59 71 75 
23 31 55 57 59 71 73 74 
23 31 55 57 59 69 70 75 
23 31 55 57 59 69 70 73 74 
23 31 48 55 59 71 
23 31 48 55 59 69 70 
23 31 48 55 57 59 71 
23 31 48 55 57 59 69 70 
23 31 44 55 59 75 
23 31 44 55 59 73 74 
23 31 44 55 57 59 75 
23 31 44 55 57 59 73 74 
23 31 44 48 55 59 
23 31 44 48 55 57 59 
22 55 58 59 71 
22 55 58 59 71 75 
22 55 58 59 71 73 74 
22 55 58 59 69 70 
22 55 58 59 69 70 75 
22 55 58 59 69 70 73 74 
22 55 57 58 71 
22 55 57 58 69 70 
22 55 56 57 71 
22 55 56 57 69 70 
22 55 56 57 59 71 
22 55 56 57 59 71 75 
22 55 56 57 59 71 73 74 
22 55 56 57 59 69 70 
22 55 56 57 59 69 70 75 
22 55 56 57 59 69 70 73 74 
22 48 55 58 59 71 
22 48 55 58 59 69 70 
22 48 55 56 57 59 71 
22 48 55 56 57 59 69 70 
22 44 55 58 59 
22 44 55 58 59 75 
22 44 55 58 59 73 74 
22 44 55 57 58 
22 44 55 56 57 
22 44 55 56 57 59 
22 44 55 56 57 59 75 
22 44 55 56 57 59 73 74 
22 44 48 55 58 59 
22 44 48 55 56 57 59 
22 31 55 59 71 
22 31 55 59 71 75 
22 31 55 59 71 73 74 
22 31 55 59 69 70 
22 31 55 59 69 70 75 
22 31 55 59 69 70 73 74 
22 31 55 57 71 
22 31 55 57 69 70 
22 31 48 55 59 71 
22 31 48 55 59 69 70 
22 31 44 55 59 
22 31 44 55 59 75 
22 31 44 55 59 73 74 
22 31 44 55 57 
22 31 44 48 55 59 
21 55 58 59 71 
21 55 58 59 71 75 
21 55 58 59 71 73 74 
21 55 58 59 69 70 
21 55 58 59 69 70 75 
21 55 58 59 69 70 73 74 
21 55 57 58 71 
21 55 57 58 69 70 
21 55 56 57 71 
21 55 56 57 69 70 
21 55 56 57 59 71 
21 55 56 57 59 71 75 
21 55 56 57 59 71 73 74 
21 55 56 57 59 69 70 
21 55 56 57 59 69 70 75 
21 55 56 57 59 69 70 73 74 
21 48 55 58 59 71 
21 48 55 58 59 69 70 
21 48 55 56 57 59 71 
21 48 55 56 57 59 69 70 
21 44 55 58 59 
21 44 55 58 59 75 
21 44 55 58 59 73 74 
21 44 55 57 58 
21 44 55 56 57 
21 44 55 56 57 59 
21 44 55 56 57 59 75 
21 44 55 56 57 59 73 74 
21 44 48 55 58 59 
21 44 48 55 56 57 59 
21 31 55 59 71 
21 31 55 59 71 75 
21 31 55 59 71 73 74 
21 31 55 59 69 70 
21 31 55 59 69 70 75 
21 31 55 59 69 70 73 74 
21 31 55 57 71 
21 31 55 57 69 70 
21 31 48 55 59 71 
21 31 48 55 59 69 70 
21 31 44 55 59 
21 31 44 55 59 75 
21 31 44 55 59 73 74 
21 31 44 55 57 
21 31 44 48 55 59 
20 55 58 59 62 71 75 
20 55 58 59 62 71 73 74 
20 55 58 59 62 69 70 75 
20 55 58 59 62 69 70 73 74 
20 55 58 59 60 61 71 75 
20 55 58 59 60 61 71 73 74 
20 55 58 59 60 61 69 70 75 
20 55 58 59 60 61 69 70 73 74 
20 55 56 57 59 62 71 75 
20 55 56 57 59 62 71 73 74 
20 55 56 57 59 62 69 70 75 
20 55 56 57 59 62 69 70 73 74 
20 55 56 57 59 60 61 71 75 
20 55 56 57 59 60 61 71 73 74 
20 55 56 57 59 60 61 69 70 75 
20 55 56 57 59 60 61 69 70 73 74 
20 48 55 58 59 62 71 
20 48 55 58 59 62 69 70 
20 48 55 58 59 60 61 71 
20 48 55 58 59 60 61 69 70 
20 48 55 56 57 59 62 71 
20 48 55 56 57 59 62 69 70 
20 48 55 56 57 59 60 61 71 
20 48 55 56 57 59 60 61 69 70 
20 44 55 58 59 62 75 
20 44 55 58 59 62 73 74 
20 44 55 58 59 60 61 75 
20 44 55 58 59 60 61 73 74 
20 44 55 56 57 59 62 75 
20 44 55 56 57 59 62 73 74 
20 44 55 56 57 59 60 61 75 
20 44 55 56 57 59 60 61 73 74 
20 44 48 55 58 59 62 
20 44 48 55 58 59 60 61 
20 44 48 55 56 57 59 62 
20 44 48 55 56 57 59 60 61 
20 35 55 58 59 71 75 
20 35 55 58 59 71 73 74 
20 35 55 58 59 69 70 75 
20 35 55 58 59 69 70 73 74 
20 35 55 56 57 59 71 75 
20 35 55 56 57 59 71 73 74 
20 35 55 56 57 59 69 70 75 
20 35 55 56 57 59 69 70 73 74 
20 35 48 55 58 59 71 
20 35 48 55 58 59 69 70 
20 35 48 55 56 57 59 71 
20 35 48 55 56 57 59 69 70 
20 35 44 55 58 59 75 
20 35 44 55 58 59 73 74 
20 35 44 55 56 57 59 75 
20 35 44 55 56 57 59 73 74 
20 35 44 48 55 58 59 
20 35 44 48 55 56 57 59 
20 31 55 59 62 71 75 
20 31 55 59 62 71 73 74 
20 31 55 59 62 69 70 75 
20 31 55 59 62 69 70 73 74 
20 31 55 59 60 61 71 75 
20 31 55 59 60 61 71 73 74 
20 31 55 59 60 61 69 70 75 
20 31 55 59 60 61 69 70 73 74 
20 31 48 55 59 62 71 
20 31 48 55 59 62 69 70 
20 31 48 55 59 60 61 71 
20 31 48 55 59 60 61 69 70 
20 31 44 55 59 62 75 
20 31 44 55 59 62 73 74 
20 31 44 55 59 60 61 75 
20 31 44 55 59 60 61 73 74 
20 31 44 48 55 59 62 
20 31 44 48 55 59 60 61 
20 31 35 55 59 71 75 
20 31 35 55 59 71 73 74 
20 31 35 55 59 69 70 75 
20 31 35 55 59 69 70 73 74 
20 31 35 48 55 59 71 
20 31 35 48 55 59 69 70 
20 31 35 44 55 59 75 
20 31 35 44 55 59 73 74 
20 31 35 44 48 55 59 
18 57 58 65 73 75 
18 57 58 65 73 74 
18 57 58 65 71 72 75 
18 57 58 65 71 72 73 74 
18 57 58 63 64 73 75 
18 57 58 63 64 73 74 
18 57 58 63 64 71 72 75 
18 57 58 63 64 71 72 73 74 
18 56 57 65 73 75 
18 56 57 65 73 74 
18 56 57 65 71 72 75 
18 56 57 65 71 72 73 74 
18 56 57 63 64 73 75 
18 56 57 63 64 73 74 
18 56 57 63 64 71 72 75 
18 56 57 63 64 71 72 73 74 
18 48 57 58 65 73 
18 48 57 58 65 71 72 
18 48 57 58 63 64 73 
18 48 57 58 63 64 71 72 
18 48 56 57 65 73 
18 48 56 57 65 71 72 
18 48 56 57 63 64 73 
18 48 56 57 63 64 71 72 
18 46 57 58 65 75 
18 46 57 58 65 73 74 
18 46 57 58 63 64 75 
18 46 57 58 63 64 73 74 
18 46 56 57 65 75 
18 46 56 57 65 73 74 
18 46 56 57 63 64 75 
18 46 56 57 63 64 73 74 
18 46 48 57 58 65 
18 46 48 57 58 63 64 
18 46 48 56 57 65 
18 46 48 56 57 63 64 
18 38 57 58 73 75 
18 38 57 58 73 74 
18 38 57 58 71 72 75 
18 38 57 58 71 72 73 74 
18 38 56 57 73 75 
18 38 56 57 73 74 
18 38 56 57 71 72 75 
18 38 56 57 71 72 73 74 
18 38 48 57 58 73 
18 38 48 57 58 71 72 
18 38 48 56 57 73 
18 38 48 56 57 71 72 
18 38 46 57 58 75 
18 38 46 57 58 73 74 
18 38 46 56 57 75 
18 38 46 56 57 73 74 
18 38 46 48 57 58 
18 38 46 48 56 57 
18 31 57 65 73 75 
18 31 57 65 73 74 
18 31 57 65 71 72 75 
18 31 57 65 71 72 73 74 
18 31 57 63 64 73 75 
18 31 57 63 64 73 74 
18 31 57 63 64 71 72 75 
18 31 57 63 64 71 72 73 74 
18 31 48 57 65 73 
18 31 48 57 65 71 72 
18 31 48 57 63 64 73 
18 31 48 57 63 64 71 72 
18 31 46 57 65 75 
18 31 46 57 65 73 74 
18 31 46 57 63 64 75 
18 31 46 57 63 64 73 74 
18 31 46 48 57 65 
18 31 46 48 57 63 64 
18 31 38 57 73 75 
18 31 38 57 73 74 
18 31 38 57 71 72 75 
18 31 38 57 71 72 73 74 
18 31 38 48 57 73 
18 31 38 48 57 71 72 
18 31 38 46 57 75 
18 31 38 46 57 73 74 
18 31 38 46 48 57 
16 55 58 59 71 
16 55 58 59 71 75 
16 55 58 59 71 73 74 
16 55 58 59 69 70 
16 55 58 59 69 70 75 
16 55 58 59 69 70 73 74 
16 55 57 58 71 
16 55 57 58 71 75 
16 55 57 58 71 73 74 
16 55 57 58 69 70 
16 55 57 58 69 70 75 
16 55 57 58 69 70 73 74 
16 55 56 57 71 
16 55 56 57 71 75 
16 55 56 57 71 73 74 
16 55 56 57 69 70 
16 55 56 57 69 70 75 
16 55 56 57 69 70 73 74 
16 55 56 57 59 71 
16 55 56 57 59 71 75 
16 55 56 57 59 71 73 74 
16 55 56 57 59 69 70 
16 55 56 57 59 69 70 75 
16 55 56 57 59 69 70 73 74 
16 48 55 58 59 71 
16 48 55 58 59 69 70 
16 48 55 57 58 71 
16 48 55 57 58 69 70 
16 48 55 56 57 71 
16 48 55 56 57 69 70 
16 48 55 56 57 59 71 
16 48 55 56 57 59 69 70 
16 44 55 58 59 
16 44 55 58 59 75 
16 44 55 58 59 73 74 
16 44 55 57 58 
16 44 55 57 58 75 
16 44 55 57 58 73 74 
16 44 55 56 57 
16 44 55 56 57 75 
16 44 55 56 57 73 74 
16 44 55 56 57 59 
16 44 55 56 57 59 75 
16 44 55 56 57 59 73 74 
16 44 48 55 58 59 
16 44 48 55 57 58 
16 44 48 55 56 57 
16 44 48 55 56 57 59 
16 31 55 59 71 
16 31 55 59 71 75 
16 31 55 59 71 73 74 
16 31 55 59 69 70 
16 31 55 59 69 70 75 
16 31 55 59 69 70 73 74 
16 31 55 57 71 
16 31 55 57 71 75 
16 31 55 57 71 73 74 
16 31 55 57 69 70 
16 31 55 57 69 70 75 
16 31 55 57 69 70 73 74 
16 31 48 55 59 71 
16 31 48 55 59 69 70 
16 31 48 55 57 71 
16 31 48 55 57 69 70 
16 31 44 55 59 
16 31 44 55 59 75 
16 31 44 55 59 73 74 
16 31 44 55 57 
16 31 44 55 57 75 
16 31 44 55 57 73 74 
16 31 44 48 55 59 
16 31 44 48 55 57 
14 58 59 71 73 
14 58 59 71 72 
14 58 59 69 70 73 
14 58 59 69 70 71 72 
14 57 58 71 73 
14 57 58 71 72 
14 57 58 69 70 73 
14 57 58 69 70 71 72 
14 56 57 71 73 
14 56 57 71 72 
14 56 57 69 70 73 
14 56 57 69 70 71 72 
14 56 57 59 71 73 
14 56 57 59 71 72 
14 56 57 59 69 70 73 
14 56 57 59 69 70 71 72 
14 46 58 59 71 
14 46 58 59 69 70 
14 46 57 58 71 
14 46 57 58 69 70 
14 46 56 57 71 
14 46 56 57 69 70 
14 46 56 57 59 71 
14 46 56 57 59 69 70 
14 44 58 59 73 
14 44 58 59 71 72 
14 44 57 58 73 
14 44 57 58 71 72 
14 44 56 57 73 
14 44 56 57 71 72 
14 44 56 57 59 73 
14 44 56 57 59 71 72 
14 44 46 58 59 
14 44 46 57 58 
14 44 46 56 57 
14 44 46 56 57 59 
14 31 59 71 73 
14 31 59 71 72 
14 31 59 69 70 73 
14 31 59 69 70 71 72 
14 31 57 71 73 
14 31 57 71 72 
14 31 57 69 70 73 
14 31 57 69 70 71 72 
14 31 46 59 71 
14 31 46 59 69 70 
14 31 46 57 71 
14 31 46 57 69 70 
14 31 44 59 73 
14 31 44 59 71 72 
14 31 44 57 73 
14 31 44 57 71 72 
14 31 44 46 59 
14 31 44 46 57 
12 13 58 59 71 73 
12 13 58 59 71 72 
12 13 58 59 69 70 73 
12 13 58 59 69 70 71 72 
12 13 57 58 71 73 
12 13 57 58 71 72 
12 13 57 58 69 70 73 
12 13 57 58 69 70 71 72 
12 13 56 57 71 73 
12 13 56 57 71 72 
12 13 56 57 69 70 73 
12 13 56 57 69 70 71 72 
12 13 56 57 59 71 73 
12 13 56 57 59 71 72 
12 13 56 57 59 69 70 73 
12 13 56 57 59 69 70 71 72 
12 13 46 58 59 71 
12 13 46 58 59 69 70 
12 13 46 57 58 71 
12 13 46 57 58 69 70 
12 13 46 56 57 71 
12 13 46 56 57 69 70 
12 13 46 56 57 59 71 
12 13 46 56 57 59 69 70 
12 13 44 58 59 73 
12 13 44 58 59 71 72 
12 13 44 57 58 73 
12 13 44 57 58 71 72 
12 13 44 56 57 73 
12 13 44 56 57 71 72 
12 13 44 56 57 59 73 
12 13 44 56 57 59 71 72 
12 13 44 46 58 59 
12 13 44 46 57 58 
12 13 44 46 56 57 
12 13 44 46 56 57 59 
12 13 31 59 71 73 
12 13 31 59 71 72 
12 13 31 59 69 70 73 
12 13 31 59 69 70 71 72 
12 13 31 57 71 73 
12 13 31 57 71 72 
12 13 31 57 69 70 73 
12 13 31 57 69 70 71 72 
12 13 31 46 59 71 
12 13 31 46 59 69 70 
12 13 31 46 57 71 
12 13 31 46 57 69 70 
12 13 31 44 59 73 
12 13 31 44 59 71 72 
12 13 31 44 57 73 
12 13 31 44 57 71 72 
12 13 31 44 46 59 
12 13 31 44 46 57 
7 55 58 59 71 
7 55 58 59 71 75 
7 55 58 59 71 73 74 
7 55 58 59 69 70 
7 55 58 59 69 70 75 
7 55 58 59 69 70 73 74 
7 55 57 58 71 
7 55 57 58 69 70 
7 55 56 57 71 
7 55 56 57 69 70 
7 55 56 57 59 71 
7 55 56 57 59 71 75 
7 55 56 57 59 71 73 74 
7 55 56 57 59 69 70 
7 55 56 57 59 69 70 75 
7 55 56 57 59 69 70 73 74 
7 48 55 58 59 71 
7 48 55 58 59 69 70 
7 48 55 56 57 59 71 
7 48 55 56 57 59 69 70 
7 44 55 58 59 
7 44 55 58 59 75 
7 44 55 58 59 73 74 
7 44 55 57 58 
7 44 55 56 57 
7 44 55 56 57 59 
7 44 55 56 57 59 75 
7 44 55 56 57 59 73 74 
7 44 48 55 58 59 
7 44 48 55 56 57 59 
7 31 55 59 71 
7 31 55 59 71 75 
7 31 55 59 71 73 74 
7 31 55 59 69 70 
7 31 55 59 69 70 75 
7 31 55 59 69 70 73 74 
7 31 55 57 71 
7 31 55 57 69 70 
7 31 48 55 59 71 
7 31 48 55 59 69 70 
7 31 44 55 59 
7 31 44 55 59 75 
7 31 44 55 59 73 74 
7 31 44 55 57 
7 31 44 48 55 59 
4 55 58 59 71 75 
4 55 58 59 71 73 
4 55 58 59 71 73 75 
4 55 58 59 71 72 
4 55 58 59 71 72 75 
4 55 58 59 71 72 73 74 
4 55 58 59 69 70 75 
4 55 58 59 69 70 73 
4 55 58 59 69 70 73 75 
4 55 58 59 69 70 71 72 
4 55 58 59 69 70 71 72 75 
4 55 58 59 69 70 71 72 73 74 
4 55 57 58 71 75 
4 55 57 58 71 73 74 
4 55 57 58 69 70 75 
4 55 57 58 69 70 73 74 
4 55 56 57 71 75 
4 55 56 57 71 73 74 
4 55 56 57 69 70 75 
4 55 56 57 69 70 73 74 
4 55 56 57 59 71 75 
4 55 56 57 59 71 73 
4 55 56 57 59 71 73 75 
4 55 56 57 59 71 72 
4 55 56 57 59 71 72 75 
4 55 56 57 59 71 72 73 74 
4 55 56 57 59 69 70 75 
4 55 56 57 59 69 70 73 
4 55 56 57 59 69 70 73 75 
4 55 56 57 59 69 70 71 72 
4 55 56 57 59 69 70 71 72 75 
4 55 56 57 59 69 70 71 72 73 74 
4 48 55 58 59 71 
4 48 55 58 59 71 73 
4 48 55 58 59 71 72 
4 48 55 58 59 69 70 
4 48 55 58 59 69 70 73 
4 48 55 58 59 69 70 71 72 
4 48 55 57 58 71 
4 48 55 57 58 69 70 
4 48 55 56 57 71 
4 48 55 56 57 69 70 
4 48 55 56 57 59 71 
4 48 55 56 57 59 71 73 
4 48 55 56 57 59 71 72 
4 48 55 56 57 59 69 70 
4 48 55 56 57 59 69 70 73 
4 48 55 56 57 59 69 70 71 72 
4 46 55 58 59 71 
4 46 55 58 59 71 75 
4 46 55 58 59 71 73 74 
4 46 55 58 59 69 70 
4 46 55 58 59 69 70 75 
4 46 55 58 59 69 70 73 74 
4 46 55 56 57 59 71 
4 46 55 56 57 59 71 75 
4 46 55 56 57 59 71 73 74 
4 46 55 56 57 59 69 70 
4 46 55 56 57 59 69 70 75 
4 46 55 56 57 59 69 70 73 74 
4 46 48 55 58 59 71 
4 46 48 55 58 59 69 70 
4 46 48 55 56 57 59 71 
4 46 48 55 56 57 59 69 70 
4 44 55 58 59 75 
4 44 55 58 59 73 
4 44 55 58 59 73 75 
4 44 55 58 59 71 72 
4 44 55 58 59 71 72 75 
4 44 55 58 59 71 72 73 74 
4 44 55 57 58 75 
4 44 55 57 58 73 74 
4 44 55 56 57 75 
4 44 55 56 57 73 74 
4 44 55 56 57 59 75 
4 44 55 56 57 59 73 
4 44 55 56 57 59 73 75 
4 44 55 56 57 59 71 72 
4 44 55 56 57 59 71 72 75 
4 44 55 56 57 59 71 72 73 74 
4 44 48 55 58 59 
4 44 48 55 58 59 73 
4 44 48 55 58 59 71 72 
4 44 48 55 57 58 
4 44 48 55 56 57 
4 44 48 55 56 57 59 
4 44 48 55 56 57 59 73 
4 44 48 55 56 57 59 71 72 
4 44 46 55 58 59 
4 44 46 55 58 59 75 
4 44 46 55 58 59 73 74 
4 44 46 55 56 57 59 
4 44 46 55 56 57 59 75 
4 44 46 55 56 57 59 73 74 
4 44 46 48 55 58 59 
4 44 46 48 55 56 57 59 
4 31 55 59 71 75 
4 31 55 59 71 73 
4 31 55 59 71 73 75 
4 31 55 59 71 72 
4 31 55 59 71 72 75 
4 31 55 59 71 72 73 74 
4 31 55 59 69 70 75 
4 31 55 59 69 70 73 
4 31 55 59 69 70 73 75 
4 31 55 59 69 70 71 72 
4 31 55 59 69 70 71 72 75 
4 31 55 59 69 70 71 72 73 74 
4 31 55 57 71 75 
4 31 55 57 71 73 74 
4 31 55 57 69 70 75 
4 31 55 57 69 70 73 74 
4 31 48 55 59 71 
4 31 48 55 59 71 73 
4 31 48 55 59 71 72 
4 31 48 55 59 69 70 
4 31 48 55 59 69 70 73 
4 31 48 55 59 69 70 71 72 
4 31 48 55 57 71 
4 31 48 55 57 69 70 
4 31 46 55 59 71 
4 31 46 55 59 71 75 
4 31 46 55 59 71 73 74 
4 31 46 55 59 69 70 
4 31 46 55 59 69 70 75 
4 31 46 55 59 69 70 73 74 
4 31 46 48 55 59 71 
4 31 46 48 55 59 69 70 
4 31 44 55 59 75 
4 31 44 55 59 73 
4 31 44 55 59 73 75 
4 31 44 55 59 71 72 
4 31 44 55 59 71 72 75 
4 31 44 55 59 71 72 73 74 
4 31 44 55 57 75 
4 31 44 55 57 73 74 
4 31 44 48 55 59 
4 31 44 48 55 59 73 
4 31 44 48 55 59 71 72 
4 31 44 48 55 57 
4 31 44 46 55 59 
4 31 44 46 55 59 75 
4 31 44 46 55 59 73 74 
4 31 44 46 48 55 59 
2 3 55 58 59 71 75 
2 3 55 58 59 71 73 74 
2 3 55 58 59 69 70 75 
2 3 55 58 59 69 70 73 74 
2 3 55 57 58 71 75 
2 3 55 57 58 71 73 74 
2 3 55 57 58 69 70 75 
2 3 55 57 58 69 70 73 74 
2 3 55 56 57 71 75 
2 3 55 56 57 71 73 74 
2 3 55 56 57 69 70 75 
2 3 55 56 57 69 70 73 74 
2 3 55 56 57 59 71 75 
2 3 55 56 57 59 71 73 74 
2 3 55 56 57 59 69 70 75 
2 3 55 56 57 59 69 70 73 74 
2 3 48 55 58 59 71 
2 3 48 55 58 59 69 70 
2 3 48 55 57 58 71 
2 3 48 55 57 58 69 70 
2 3 48 55 56 57 71 
2 3 48 55 56 57 69 70 
2 3 48 55 56 57 59 71 
2 3 48 55 56 57 59 69 70 
2 3 44 55 58 59 75 
2 3 44 55 58 59 73 74 
2 3 44 55 57 58 75 
2 3 44 55 57 58 73 74 
2 3 44 55 56 57 75 
2 3 44 55 56 57 73 74 
2 3 44 55 56 57 59 75 
2 3 44 55 56 57 59 73 74 
2 3 44 48 55 58 59 
2 3 44 48 55 57 58 
2 3 44 48 55 56 57 
2 3 44 48 55 56 57 59 
2 3 31 55 59 71 75 
2 3 31 55 59 71 73 74 
2 3 31 55 59 69 70 75 
2 3 31 55 59 69 70 73 74 
2 3 31 55 57 71 75 
2 3 31 55 57 71 73 74 
2 3 31 55 57 69 70 75 
2 3 31 55 57 69 70 73 74 
2 3 31 48 55 59 71 
2 3 31 48 55 59 69 70 
2 3 31 48 55 57 71 
2 3 31 48 55 57 69 70 
2 3 31 44 55 59 75 
2 3 31 44 55 59 73 74 
2 3 31 44 55 57 75 
2 3 31 44 55 57 73 74 
2 3 31 44 48 55 59 
2 3 31 44 48 55 57 
