79 
77 
77 78 
75 76 
71 73 
71 73 77 
71 73 75 
71 73 75 76 
71 73 74 
71 72 
71 72 77 
71 72 75 
71 72 75 76 
71 72 73 74 
69 79 
69 77 78 
69 77 78 79 
69 70 73 
69 70 73 77 
69 70 73 75 
69 70 73 75 76 
69 70 73 74 
69 70 71 72 
69 70 71 72 77 
69 70 71 72 75 
69 70 71 72 75 76 
69 70 71 72 73 74 
68 
68 79 
68 77 78 
67 77 
67 77 79 
67 77 78 
67 77 78 79 
67 75 76 
67 75 76 79 
67 75 76 77 78 
67 75 76 77 78 79 
67 71 
67 71 79 
67 71 77 78 
67 69 70 
67 69 70 79 
67 69 70 77 78 
67 68 
67 68 79 
67 68 77 78 
67 68 77 78 79 
65 
65 69 78 79 
65 68 
65 67 77 78 79 
65 67 75 76 78 79 
65 67 71 
65 67 69 70 
65 67 68 
65 67 68 78 79 
65 66 
65 66 79 
65 66 77 
65 66 77 79 
65 66 75 76 
65 66 75 76 79 
65 66 75 76 78 79 
65 66 75 76 77 78 
65 66 75 76 77 78 79 
65 66 71 79 
65 66 71 77 78 
65 66 69 70 79 
65 66 69 70 77 78 
65 66 67 
65 66 67 79 
65 66 67 77 78 
64 
64 65 67 
64 65 66 
63 65 67 
63 65 66 
63 64 65 67 
63 64 65 66 
62 68 
62 67 
62 65 66 67 
60 67 
60 65 66 
60 61 68 
60 61 67 
60 61 65 66 67 
59 73 
59 73 77 
59 73 75 
59 73 75 76 
59 73 74 
59 71 72 
59 71 72 77 
59 71 72 75 
59 71 72 75 76 
59 71 72 73 74 
59 67 
59 65 67 
59 60 73 75 
59 60 73 75 77 
59 60 73 75 76 
59 60 73 74 
59 60 73 74 77 
59 60 73 74 75 76 
59 60 71 72 75 
59 60 71 72 75 77 
59 60 71 72 75 76 
59 60 71 72 73 74 
59 60 71 72 73 74 77 
59 60 71 72 73 74 75 76 
59 60 68 73 75 77 
59 60 68 73 75 76 
59 60 68 73 74 77 
59 60 68 73 74 75 76 
59 60 68 71 72 75 77 
59 60 68 71 72 75 76 
59 60 68 71 72 73 74 77 
59 60 68 71 72 73 74 75 76 
58 59 73 75 
58 59 73 74 
58 59 71 72 75 
58 59 71 72 73 74 
58 59 68 73 75 77 
58 59 68 73 75 76 
58 59 68 73 74 77 
58 59 68 73 74 75 76 
58 59 68 71 72 75 77 
58 59 68 71 72 75 76 
58 59 68 71 72 73 74 77 
58 59 68 71 72 73 74 75 76 
58 59 67 
58 59 65 66 
58 59 60 73 75 77 
58 59 60 73 75 76 
58 59 60 73 74 77 
58 59 60 73 74 75 76 
58 59 60 71 72 75 77 
58 59 60 71 72 75 76 
58 59 60 71 72 73 74 77 
58 59 60 71 72 73 74 75 76 
57 73 
57 71 73 77 
57 71 73 75 
57 71 73 75 76 
57 71 73 74 
57 71 72 
57 71 72 77 
57 71 72 75 
57 71 72 75 76 
57 71 72 73 74 
57 69 70 73 77 
57 69 70 73 75 
57 69 70 73 75 76 
57 69 70 73 74 
57 69 70 71 72 77 
57 69 70 71 72 75 
57 69 70 71 72 75 76 
57 69 70 71 72 73 74 
57 62 73 
57 62 71 72 
57 62 68 73 
57 62 68 73 77 
57 62 68 73 75 76 
57 62 68 71 72 
57 62 68 71 72 77 
57 62 68 71 72 75 76 
57 60 73 77 
57 60 73 75 
57 60 73 75 76 
57 60 73 74 
57 60 71 
57 60 71 73 
57 60 71 72 
57 60 71 72 77 
57 60 71 72 75 
57 60 71 72 75 76 
57 60 71 72 73 74 
57 60 69 70 
57 60 69 70 73 
57 60 69 70 71 72 
57 60 68 73 
57 60 68 71 72 
57 60 63 71 73 
57 60 63 71 72 
57 60 63 69 70 73 
57 60 63 69 70 71 72 
57 60 61 73 
57 60 61 71 72 
57 60 61 68 73 
57 60 61 68 73 77 
57 60 61 68 73 75 76 
57 60 61 68 71 72 
57 60 61 68 71 72 77 
57 60 61 68 71 72 75 76 
57 59 73 75 77 
57 59 73 75 76 
57 59 73 74 77 
57 59 73 74 75 76 
57 59 71 72 75 77 
57 59 71 72 75 76 
57 59 71 72 73 74 77 
57 59 71 72 73 74 75 76 
57 58 71 73 
57 58 71 72 
57 58 69 70 73 
57 58 69 70 71 72 
57 58 60 73 77 
57 58 60 73 75 76 
57 58 60 71 72 77 
57 58 60 71 72 75 76 
57 58 59 73 75 
57 58 59 73 74 
57 58 59 71 
57 58 59 71 73 
57 58 59 71 72 
57 58 59 71 72 75 
57 58 59 71 72 73 74 
57 58 59 69 70 
57 58 59 69 70 73 
57 58 59 69 70 71 72 
57 58 59 68 73 
57 58 59 68 71 72 
57 58 59 63 71 73 
57 58 59 63 71 72 
57 58 59 63 69 70 73 
57 58 59 63 69 70 71 72 
56 57 71 73 
56 57 71 72 
56 57 69 70 73 
56 57 69 70 71 72 
56 57 60 73 77 
56 57 60 73 75 76 
56 57 60 71 72 77 
56 57 60 71 72 75 76 
56 57 59 60 73 75 77 
56 57 59 60 73 75 76 
56 57 59 60 73 74 77 
56 57 59 60 73 74 75 76 
56 57 59 60 71 72 75 77 
56 57 59 60 71 72 75 76 
56 57 59 60 71 72 73 74 77 
56 57 59 60 71 72 73 74 75 76 
56 57 58 59 73 77 
56 57 58 59 73 75 77 
56 57 58 59 73 74 77 
56 57 58 59 73 74 75 76 
56 57 58 59 71 72 77 
56 57 58 59 71 72 75 77 
56 57 58 59 71 72 73 74 77 
56 57 58 59 71 72 73 74 75 76 
55 65 67 
55 65 66 
55 60 71 73 
55 60 71 72 
55 60 69 70 73 
55 60 69 70 71 72 
55 59 73 75 
55 59 73 74 
55 59 71 75 
55 59 71 73 75 
55 59 69 70 75 
55 59 69 70 73 75 
55 59 69 70 71 72 75 
55 59 69 70 71 72 73 74 
55 59 62 71 75 
55 59 62 71 73 74 
55 59 62 69 70 75 
55 59 62 69 70 73 74 
55 59 60 61 71 75 
55 59 60 61 71 73 74 
55 59 60 61 69 70 75 
55 59 60 61 69 70 73 74 
55 58 59 71 73 
55 58 59 71 72 
55 58 59 69 70 73 
55 58 59 69 70 71 72 
55 57 59 73 75 
55 57 59 73 74 
55 57 59 71 72 75 
55 57 59 71 72 73 74 
55 56 57 71 73 
55 56 57 71 72 
55 56 57 69 70 73 
55 56 57 69 70 71 72 
54 57 71 73 77 
54 57 71 73 75 76 
54 57 71 72 77 
54 57 71 72 75 76 
54 57 69 70 73 77 
54 57 69 70 73 75 76 
54 57 69 70 71 72 77 
54 57 69 70 71 72 75 76 
54 55 56 57 71 73 
54 55 56 57 71 72 
54 55 56 57 69 70 73 
54 55 56 57 69 70 71 72 
53 69 
53 69 79 
53 69 77 78 
53 68 
53 67 
53 67 77 
53 67 77 79 
53 67 77 78 
53 67 75 76 
53 67 75 76 79 
53 67 75 76 77 78 
53 67 68 
53 67 68 79 
53 67 68 77 78 
53 65 69 
53 65 67 77 
53 65 67 75 76 
53 65 67 68 
53 65 66 77 79 
53 65 66 77 78 
53 65 66 75 76 79 
53 65 66 75 76 77 78 
53 65 66 67 
52 
52 69 
52 69 78 79 
52 68 
52 67 77 
52 67 77 78 79 
52 67 75 76 
52 67 75 76 78 79 
52 67 71 
52 67 69 70 
52 67 68 
52 67 68 78 79 
52 65 66 
52 65 66 77 
52 65 66 77 78 79 
52 65 66 75 76 
52 65 66 75 76 78 79 
52 65 66 71 
52 65 66 69 70 
52 65 66 67 
52 53 69 
52 53 67 77 
52 53 67 75 76 
52 53 67 68 
52 53 65 66 77 
52 53 65 66 75 76 
52 53 57 71 73 77 
52 53 57 71 73 75 76 
52 53 57 71 72 77 
52 53 57 71 72 75 76 
52 53 57 69 70 73 77 
52 53 57 69 70 73 75 76 
52 53 57 69 70 71 72 77 
52 53 57 69 70 71 72 75 76 
51 67 
51 65 66 
51 52 68 
51 52 67 
51 52 65 66 67 
50 
50 71 73 
50 71 72 
50 69 70 73 
50 69 70 71 72 
50 67 79 
50 67 77 78 
50 67 77 78 79 
50 65 67 
50 65 67 78 79 
50 65 66 
50 65 66 79 
50 65 66 78 79 
50 65 66 77 78 
50 65 66 77 78 79 
50 59 73 
50 59 71 72 
50 59 60 73 75 
50 59 60 73 74 
50 59 60 71 72 75 
50 59 60 71 72 73 74 
50 59 60 68 73 75 
50 59 60 68 73 74 
50 59 60 68 71 72 75 
50 59 60 68 71 72 73 74 
50 58 59 68 73 75 
50 58 59 68 73 74 
50 58 59 68 71 72 75 
50 58 59 68 71 72 73 74 
50 58 59 60 73 75 
50 58 59 60 73 74 
50 58 59 60 71 72 75 
50 58 59 60 71 72 73 74 
50 57 71 73 
50 57 71 72 
50 57 69 70 73 
50 57 69 70 71 72 
50 57 62 68 73 
50 57 62 68 71 72 
50 57 60 73 
50 57 60 71 72 
50 57 60 61 68 73 
50 57 60 61 68 71 72 
50 57 59 73 75 
50 57 59 73 74 
50 57 59 71 72 75 
50 57 59 71 72 73 74 
50 57 58 60 73 
50 57 58 60 71 72 
50 56 57 60 73 
50 56 57 60 71 72 
50 56 57 59 60 73 75 
50 56 57 59 60 73 74 
50 56 57 59 60 71 72 75 
50 56 57 59 60 71 72 73 74 
50 56 57 58 59 73 
50 56 57 58 59 73 75 
50 56 57 58 59 73 74 
50 56 57 58 59 71 72 
50 56 57 58 59 71 72 75 
50 56 57 58 59 71 72 73 74 
50 54 57 71 73 
50 54 57 71 72 
50 54 57 69 70 73 
50 54 57 69 70 71 72 
50 53 67 
50 53 67 79 
50 53 67 77 78 
50 53 65 67 
50 53 65 66 79 
50 53 65 66 77 78 
50 52 67 
50 52 67 78 79 
50 52 65 66 
50 52 65 66 78 79 
50 52 53 67 
50 52 53 65 66 
50 52 53 57 71 73 
50 52 53 57 71 72 
50 52 53 57 69 70 73 
50 52 53 57 69 70 71 72 
49 68 
49 62 68 
49 60 61 68 
49 53 68 
49 51 52 68 
49 50 67 
49 50 65 66 
48 71 73 
48 71 72 
48 69 70 73 
48 69 70 71 72 
48 59 73 
48 59 71 72 
48 59 60 73 
48 59 60 73 77 
48 59 60 73 75 76 
48 59 60 71 72 
48 59 60 71 72 77 
48 59 60 71 72 75 76 
48 59 60 68 73 77 
48 59 60 68 73 75 76 
48 59 60 68 71 72 77 
48 59 60 68 71 72 75 76 
48 58 59 73 
48 58 59 71 72 
48 58 59 68 73 77 
48 58 59 68 73 75 76 
48 58 59 68 71 72 77 
48 58 59 68 71 72 75 76 
48 58 59 60 73 77 
48 58 59 60 73 75 76 
48 58 59 60 71 72 77 
48 58 59 60 71 72 75 76 
48 57 71 73 
48 57 71 72 
48 57 69 70 73 
48 57 69 70 71 72 
48 57 60 73 
48 57 60 71 72 
48 57 59 73 77 
48 57 59 73 75 76 
48 57 59 71 72 77 
48 57 59 71 72 75 76 
48 57 58 59 73 
48 57 58 59 71 72 
48 56 57 71 73 
48 56 57 71 72 
48 56 57 69 70 73 
48 56 57 69 70 71 72 
48 56 57 59 60 73 77 
48 56 57 59 60 73 75 76 
48 56 57 59 60 71 72 77 
48 56 57 59 60 71 72 75 76 
48 56 57 58 59 73 77 
48 56 57 58 59 73 75 76 
48 56 57 58 59 71 72 77 
48 56 57 58 59 71 72 75 76 
48 55 59 73 
48 55 59 71 
48 55 59 71 73 
48 55 59 69 70 
48 55 59 69 70 73 
48 55 59 69 70 71 72 
48 55 59 62 71 
48 55 59 62 69 70 
48 55 59 60 61 71 
48 55 59 60 61 69 70 
48 55 57 59 73 
48 55 57 59 71 72 
48 54 55 57 71 73 
48 54 55 57 71 72 
48 54 55 57 69 70 73 
48 54 55 57 69 70 71 72 
48 50 59 60 73 
48 50 59 60 71 72 
48 50 59 60 68 73 
48 50 59 60 68 71 72 
48 50 58 59 68 73 
48 50 58 59 68 71 72 
48 50 58 59 60 73 
48 50 58 59 60 71 72 
48 50 57 59 73 
48 50 57 59 71 72 
48 50 56 57 59 60 73 
48 50 56 57 59 60 71 72 
48 50 56 57 58 59 73 
48 50 56 57 58 59 71 72 
47 56 57 71 73 
47 56 57 71 72 
47 56 57 69 70 73 
47 56 57 69 70 71 72 
47 55 59 62 71 75 
47 55 59 62 71 73 
47 55 59 62 71 73 74 
47 55 59 62 71 72 
47 55 59 62 69 70 75 
47 55 59 62 69 70 73 
47 55 59 62 69 70 73 74 
47 55 59 62 69 70 71 72 
47 55 59 60 62 71 75 
47 55 59 60 62 71 73 74 
47 55 59 60 62 69 70 75 
47 55 59 60 62 69 70 73 74 
47 55 59 60 61 71 73 
47 55 59 60 61 71 72 
47 55 59 60 61 69 70 73 
47 55 59 60 61 69 70 71 72 
47 55 58 59 62 71 75 
47 55 58 59 62 71 73 74 
47 55 58 59 62 69 70 75 
47 55 58 59 62 69 70 73 74 
47 55 58 59 60 61 71 75 
47 55 58 59 60 61 71 73 74 
47 55 58 59 60 61 69 70 75 
47 55 58 59 60 61 69 70 73 74 
47 54 55 57 71 73 
47 54 55 57 71 72 
47 54 55 57 69 70 73 
47 54 55 57 69 70 71 72 
47 48 68 
47 48 62 68 
47 48 60 61 68 
47 48 55 59 62 71 
47 48 55 59 62 69 70 
47 48 55 59 60 62 71 
47 48 55 59 60 62 69 70 
47 48 55 58 59 62 71 
47 48 55 58 59 62 69 70 
47 48 55 58 59 60 61 71 
47 48 55 58 59 60 61 69 70 
47 48 53 68 
47 48 51 52 68 
46 71 
46 71 77 
46 71 75 
46 71 75 76 
46 71 73 74 
46 69 70 
46 69 70 77 
46 69 70 75 
46 69 70 75 76 
46 69 70 73 74 
46 59 
46 59 77 
46 59 75 
46 59 75 76 
46 59 73 74 
46 59 60 75 
46 59 60 75 77 
46 59 60 75 76 
46 59 60 73 74 
46 59 60 73 74 77 
46 59 60 73 74 75 76 
46 59 60 68 75 77 
46 59 60 68 75 76 
46 59 60 68 73 74 77 
46 59 60 68 73 74 75 76 
46 58 59 75 
46 58 59 73 74 
46 58 59 68 75 77 
46 58 59 68 75 76 
46 58 59 68 73 74 77 
46 58 59 68 73 74 75 76 
46 58 59 60 75 77 
46 58 59 60 75 76 
46 58 59 60 73 74 77 
46 58 59 60 73 74 75 76 
46 57 
46 57 71 77 
46 57 71 75 
46 57 71 75 76 
46 57 71 73 74 
46 57 69 70 77 
46 57 69 70 75 
46 57 69 70 75 76 
46 57 69 70 73 74 
46 57 62 
46 57 62 68 
46 57 62 68 77 
46 57 62 68 75 76 
46 57 60 77 
46 57 60 75 
46 57 60 75 76 
46 57 60 73 74 
46 57 60 71 
46 57 60 69 70 
46 57 60 68 
46 57 60 63 71 
46 57 60 63 69 70 
46 57 60 61 
46 57 60 61 68 
46 57 60 61 68 77 
46 57 60 61 68 75 76 
46 57 59 75 77 
46 57 59 75 76 
46 57 59 73 74 77 
46 57 59 73 74 75 76 
46 57 58 71 
46 57 58 69 70 
46 57 58 60 77 
46 57 58 60 75 76 
46 57 58 59 75 
46 57 58 59 73 74 
46 57 58 59 71 
46 57 58 59 69 70 
46 57 58 59 68 
46 57 58 59 63 71 
46 57 58 59 63 69 70 
46 56 57 71 
46 56 57 69 70 
46 56 57 60 77 
46 56 57 60 75 76 
46 56 57 59 60 75 77 
46 56 57 59 60 75 76 
46 56 57 59 60 73 74 77 
46 56 57 59 60 73 74 75 76 
46 56 57 58 59 77 
46 56 57 58 59 75 77 
46 56 57 58 59 73 74 77 
46 56 57 58 59 73 74 75 76 
46 55 60 71 
46 55 60 69 70 
46 55 59 75 
46 55 59 73 74 
46 55 59 71 75 
46 55 59 71 73 74 
46 55 59 69 70 75 
46 55 59 69 70 73 74 
46 55 59 60 62 71 75 
46 55 59 60 62 71 73 74 
46 55 59 60 62 69 70 75 
46 55 59 60 62 69 70 73 74 
46 55 59 60 61 71 75 
46 55 59 60 61 71 73 74 
46 55 59 60 61 69 70 75 
46 55 59 60 61 69 70 73 74 
46 55 58 59 71 
46 55 58 59 69 70 
46 55 58 59 62 71 75 
46 55 58 59 62 71 73 74 
46 55 58 59 62 69 70 75 
46 55 58 59 62 69 70 73 74 
46 55 58 59 60 61 71 75 
46 55 58 59 60 61 71 73 74 
46 55 58 59 60 61 69 70 75 
46 55 58 59 60 61 69 70 73 74 
46 55 57 59 75 
46 55 57 59 73 74 
46 55 56 57 71 
46 55 56 57 69 70 
46 54 57 71 77 
46 54 57 71 75 76 
46 54 57 69 70 77 
46 54 57 69 70 75 76 
46 54 55 56 57 71 
46 54 55 56 57 69 70 
46 52 53 57 71 77 
46 52 53 57 71 75 76 
46 52 53 57 69 70 77 
46 52 53 57 69 70 75 76 
46 50 71 
46 50 69 70 
46 50 59 
46 50 59 60 75 
46 50 59 60 73 74 
46 50 59 60 68 75 
46 50 59 60 68 73 74 
46 50 58 59 68 75 
46 50 58 59 68 73 74 
46 50 58 59 60 75 
46 50 58 59 60 73 74 
46 50 57 71 
46 50 57 69 70 
46 50 57 62 68 
46 50 57 60 
46 50 57 60 61 68 
46 50 57 59 75 
46 50 57 59 73 74 
46 50 57 58 60 
46 50 56 57 60 
46 50 56 57 59 60 75 
46 50 56 57 59 60 73 74 
46 50 56 57 58 59 
46 50 56 57 58 59 75 
46 50 56 57 58 59 73 74 
46 50 54 57 71 
46 50 54 57 69 70 
46 50 52 53 57 71 
46 50 52 53 57 69 70 
46 48 71 
46 48 69 70 
46 48 59 
46 48 59 60 
46 48 59 60 77 
46 48 59 60 75 76 
46 48 59 60 68 77 
46 48 59 60 68 75 76 
46 48 58 59 
46 48 58 59 68 77 
46 48 58 59 68 75 76 
46 48 58 59 60 77 
46 48 58 59 60 75 76 
46 48 57 71 
46 48 57 69 70 
46 48 57 60 
46 48 57 59 77 
46 48 57 59 75 76 
46 48 57 58 59 
46 48 56 57 71 
46 48 56 57 69 70 
46 48 56 57 59 60 77 
46 48 56 57 59 60 75 76 
46 48 56 57 58 59 77 
46 48 56 57 58 59 75 76 
46 48 55 59 
46 48 55 59 71 
46 48 55 59 69 70 
46 48 55 59 60 62 71 
46 48 55 59 60 62 69 70 
46 48 55 59 60 61 71 
46 48 55 59 60 61 69 70 
46 48 55 58 59 62 71 
46 48 55 58 59 62 69 70 
46 48 55 58 59 60 61 71 
46 48 55 58 59 60 61 69 70 
46 48 55 57 59 
46 48 54 55 57 71 
46 48 54 55 57 69 70 
46 48 50 59 60 
46 48 50 59 60 68 
46 48 50 58 59 68 
46 48 50 58 59 60 
46 48 50 57 59 
46 48 50 56 57 59 60 
46 48 50 56 57 58 59 
46 47 56 57 71 73 
46 47 56 57 71 72 
46 47 56 57 69 70 73 
46 47 56 57 69 70 71 72 
46 47 55 59 62 71 
46 47 55 59 62 69 70 
46 47 55 59 60 61 71 
46 47 55 59 60 61 69 70 
46 47 54 55 57 71 73 
46 47 54 55 57 71 72 
46 47 54 55 57 69 70 73 
46 47 54 55 57 69 70 71 72 
45 46 56 57 71 
45 46 56 57 71 73 
45 46 56 57 71 72 
45 46 56 57 69 70 
45 46 56 57 69 70 73 
45 46 56 57 69 70 71 72 
45 46 55 59 62 71 
45 46 55 59 62 71 75 
45 46 55 59 62 71 73 
45 46 55 59 62 71 73 74 
45 46 55 59 62 71 72 
45 46 55 59 62 69 70 
45 46 55 59 62 69 70 75 
45 46 55 59 62 69 70 73 
45 46 55 59 62 69 70 73 74 
45 46 55 59 62 69 70 71 72 
45 46 55 59 60 62 71 75 
45 46 55 59 60 62 71 73 74 
45 46 55 59 60 62 69 70 75 
45 46 55 59 60 62 69 70 73 74 
45 46 55 59 60 61 71 
45 46 55 59 60 61 71 73 
45 46 55 59 60 61 71 72 
45 46 55 59 60 61 69 70 
45 46 55 59 60 61 69 70 73 
45 46 55 59 60 61 69 70 71 72 
45 46 55 58 59 62 71 75 
45 46 55 58 59 62 71 73 74 
45 46 55 58 59 62 69 70 75 
45 46 55 58 59 62 69 70 73 74 
45 46 55 58 59 60 61 71 75 
45 46 55 58 59 60 61 71 73 74 
45 46 55 58 59 60 61 69 70 75 
45 46 55 58 59 60 61 69 70 73 74 
45 46 54 55 57 71 
45 46 54 55 57 71 73 
45 46 54 55 57 71 72 
45 46 54 55 57 69 70 
45 46 54 55 57 69 70 73 
45 46 54 55 57 69 70 71 72 
45 46 48 55 59 62 71 
45 46 48 55 59 62 69 70 
45 46 48 55 59 60 62 71 
45 46 48 55 59 60 62 69 70 
45 46 48 55 58 59 62 71 
45 46 48 55 58 59 62 69 70 
45 46 48 55 58 59 60 61 71 
45 46 48 55 58 59 60 61 69 70 
44 73 
44 73 77 
44 73 75 
44 73 75 76 
44 73 74 
44 71 72 
44 71 72 77 
44 71 72 75 
44 71 72 75 76 
44 71 72 73 74 
44 67 
44 67 79 
44 67 77 78 
44 65 67 
44 65 66 79 
44 65 66 77 78 
44 57 73 77 
44 57 73 75 
44 57 73 75 76 
44 57 73 74 
44 57 71 72 77 
44 57 71 72 75 
44 57 71 72 75 76 
44 57 71 72 73 74 
44 57 60 
44 57 60 73 
44 57 60 71 72 
44 57 60 63 73 
44 57 60 63 71 72 
44 57 58 73 
44 57 58 71 72 
44 57 58 59 
44 57 58 59 73 
44 57 58 59 71 72 
44 57 58 59 63 73 
44 57 58 59 63 71 72 
44 56 57 73 
44 56 57 71 72 
44 55 60 73 
44 55 60 71 72 
44 55 59 75 
44 55 59 73 75 
44 55 59 71 72 75 
44 55 59 71 72 73 74 
44 55 59 62 75 
44 55 59 62 73 74 
44 55 59 60 61 75 
44 55 59 60 61 73 74 
44 55 58 59 73 
44 55 58 59 71 72 
44 55 56 57 73 
44 55 56 57 71 72 
44 54 57 73 77 
44 54 57 73 75 76 
44 54 57 71 72 77 
44 54 57 71 72 75 76 
44 54 55 56 57 73 
44 54 55 56 57 71 72 
44 52 67 
44 52 65 66 
44 52 53 57 73 77 
44 52 53 57 73 75 76 
44 52 53 57 71 72 77 
44 52 53 57 71 72 75 76 
44 50 73 
44 50 71 72 
44 50 57 73 
44 50 57 71 72 
44 50 54 57 73 
44 50 54 57 71 72 
44 50 52 53 57 73 
44 50 52 53 57 71 72 
44 48 73 
44 48 71 72 
44 48 57 73 
44 48 57 71 72 
44 48 56 57 73 
44 48 56 57 71 72 
44 48 55 59 
44 48 55 59 73 
44 48 55 59 71 72 
44 48 55 59 62 
44 48 55 59 60 61 
44 48 54 55 57 73 
44 48 54 55 57 71 72 
44 47 56 57 73 
44 47 56 57 71 72 
44 47 55 59 62 75 
44 47 55 59 62 73 
44 47 55 59 62 73 74 
44 47 55 59 62 71 72 
44 47 55 59 60 62 75 
44 47 55 59 60 62 73 74 
44 47 55 59 60 61 73 
44 47 55 59 60 61 71 72 
44 47 55 58 59 62 75 
44 47 55 58 59 62 73 74 
44 47 55 58 59 60 61 75 
44 47 55 58 59 60 61 73 74 
44 47 54 55 57 73 
44 47 54 55 57 71 72 
44 47 48 55 59 62 
44 47 48 55 59 60 62 
44 47 48 55 58 59 62 
44 47 48 55 58 59 60 61 
44 46 
44 46 77 
44 46 75 
44 46 75 76 
44 46 73 74 
44 46 57 77 
44 46 57 75 
44 46 57 75 76 
44 46 57 73 74 
44 46 57 60 
44 46 57 60 63 
44 46 57 58 
44 46 57 58 59 
44 46 57 58 59 63 
44 46 56 57 
44 46 55 60 
44 46 55 59 75 
44 46 55 59 73 74 
44 46 55 59 60 62 75 
44 46 55 59 60 62 73 74 
44 46 55 59 60 61 75 
44 46 55 59 60 61 73 74 
44 46 55 58 59 
44 46 55 58 59 62 75 
44 46 55 58 59 62 73 74 
44 46 55 58 59 60 61 75 
44 46 55 58 59 60 61 73 74 
44 46 55 56 57 
44 46 54 57 77 
44 46 54 57 75 76 
44 46 54 55 56 57 
44 46 52 53 57 77 
44 46 52 53 57 75 76 
44 46 50 
44 46 50 57 
44 46 50 54 57 
44 46 50 52 53 57 
44 46 48 
44 46 48 57 
44 46 48 56 57 
44 46 48 55 59 
44 46 48 55 59 60 62 
44 46 48 55 59 60 61 
44 46 48 55 58 59 62 
44 46 48 55 58 59 60 61 
44 46 48 54 55 57 
44 46 47 56 57 73 
44 46 47 56 57 71 72 
44 46 47 55 59 62 
44 46 47 55 59 60 61 
44 46 47 54 55 57 73 
44 46 47 54 55 57 71 72 
44 45 55 59 60 62 75 
44 45 55 59 60 62 73 74 
44 45 55 59 60 62 71 75 
44 45 55 59 60 62 71 73 74 
44 45 55 59 60 62 69 70 75 
44 45 55 59 60 62 69 70 73 74 
44 45 55 59 60 61 75 
44 45 55 59 60 61 73 74 
44 45 55 59 60 61 71 75 
44 45 55 59 60 61 71 73 74 
44 45 55 59 60 61 69 70 75 
44 45 55 59 60 61 69 70 73 74 
44 45 55 58 59 62 75 
44 45 55 58 59 62 73 74 
44 45 55 58 59 62 71 75 
44 45 55 58 59 62 71 73 74 
44 45 55 58 59 62 69 70 75 
44 45 55 58 59 62 69 70 73 74 
44 45 55 58 59 60 61 75 
44 45 55 58 59 60 61 73 74 
44 45 55 58 59 60 61 71 75 
44 45 55 58 59 60 61 71 73 74 
44 45 55 58 59 60 61 69 70 75 
44 45 55 58 59 60 61 69 70 73 74 
44 45 48 55 59 60 62 
44 45 48 55 59 60 62 71 
44 45 48 55 59 60 62 69 70 
44 45 48 55 59 60 61 
44 45 48 55 59 60 61 71 
44 45 48 55 59 60 61 69 70 
44 45 48 55 58 59 62 
44 45 48 55 58 59 62 71 
44 45 48 55 58 59 62 69 70 
44 45 48 55 58 59 60 61 
44 45 48 55 58 59 60 61 71 
44 45 48 55 58 59 60 61 69 70 
44 45 46 56 57 
44 45 46 56 57 73 
44 45 46 56 57 71 72 
44 45 46 55 59 62 
44 45 46 55 59 62 75 
44 45 46 55 59 62 73 
44 45 46 55 59 62 73 74 
44 45 46 55 59 62 71 72 
44 45 46 55 59 60 62 75 
44 45 46 55 59 60 62 73 74 
44 45 46 55 59 60 61 
44 45 46 55 59 60 61 73 
44 45 46 55 59 60 61 71 72 
44 45 46 55 58 59 62 75 
44 45 46 55 58 59 62 73 74 
44 45 46 55 58 59 60 61 75 
44 45 46 55 58 59 60 61 73 74 
44 45 46 54 55 57 
44 45 46 54 55 57 73 
44 45 46 54 55 57 71 72 
44 45 46 48 55 59 62 
44 45 46 48 55 59 60 62 
44 45 46 48 55 58 59 62 
44 45 46 48 55 58 59 60 61 
43 57 71 73 
43 57 71 72 
43 57 69 70 73 
43 57 69 70 71 72 
43 46 57 71 
43 46 57 69 70 
43 44 57 73 
43 44 57 71 72 
43 44 46 57 
42 79 
42 77 78 
42 77 78 79 
42 65 78 79 
42 53 
42 53 79 
42 53 77 78 
42 53 65 
42 52 
42 52 78 79 
42 52 53 
41 67 
41 65 67 
41 59 73 75 
41 59 73 74 
41 59 71 72 75 
41 59 71 72 73 74 
41 59 60 73 77 
41 59 60 73 75 76 
41 59 60 71 72 77 
41 59 60 71 72 75 76 
41 59 60 68 73 75 77 
41 59 60 68 73 75 76 
41 59 60 68 73 74 77 
41 59 60 68 73 74 75 76 
41 59 60 68 71 72 75 77 
41 59 60 68 71 72 75 76 
41 59 60 68 71 72 73 74 77 
41 59 60 68 71 72 73 74 75 76 
41 58 59 73 77 
41 58 59 73 75 77 
41 58 59 73 74 77 
41 58 59 73 74 75 76 
41 58 59 71 72 77 
41 58 59 71 72 75 77 
41 58 59 71 72 73 74 77 
41 58 59 71 72 73 74 75 76 
41 58 59 68 73 75 77 
41 58 59 68 73 75 76 
41 58 59 68 73 74 77 
41 58 59 68 73 74 75 76 
41 58 59 68 71 72 75 77 
41 58 59 68 71 72 75 76 
41 58 59 68 71 72 73 74 77 
41 58 59 68 71 72 73 74 75 76 
41 58 59 60 73 75 77 
41 58 59 60 73 75 76 
41 58 59 60 73 74 77 
41 58 59 60 73 74 75 76 
41 58 59 60 71 72 75 77 
41 58 59 60 71 72 75 76 
41 58 59 60 71 72 73 74 77 
41 58 59 60 71 72 73 74 75 76 
41 57 73 
41 57 71 72 
41 57 62 73 
41 57 62 71 72 
41 57 62 68 73 
41 57 62 68 73 77 
41 57 62 68 73 75 76 
41 57 62 68 71 72 
41 57 62 68 71 72 77 
41 57 62 68 71 72 75 76 
41 57 60 73 
41 57 60 73 77 
41 57 60 73 75 77 
41 57 60 73 74 77 
41 57 60 73 74 75 76 
41 57 60 71 72 
41 57 60 71 72 77 
41 57 60 71 72 75 77 
41 57 60 71 72 73 74 77 
41 57 60 71 72 73 74 75 76 
41 57 60 68 73 
41 57 60 68 73 75 77 
41 57 60 68 73 75 76 
41 57 60 68 73 74 77 
41 57 60 68 73 74 75 76 
41 57 60 68 71 72 
41 57 60 68 71 72 75 77 
41 57 60 68 71 72 75 76 
41 57 60 68 71 72 73 74 77 
41 57 60 68 71 72 73 74 75 76 
41 57 60 61 73 
41 57 60 61 71 72 
41 57 60 61 68 73 
41 57 60 61 68 73 77 
41 57 60 61 68 73 75 76 
41 57 60 61 68 71 72 
41 57 60 61 68 71 72 77 
41 57 60 61 68 71 72 75 76 
41 57 58 60 73 77 
41 57 58 60 73 75 76 
41 57 58 60 71 72 77 
41 57 58 60 71 72 75 76 
41 57 58 59 73 
41 57 58 59 73 75 77 
41 57 58 59 73 75 76 
41 57 58 59 73 74 77 
41 57 58 59 73 74 75 76 
41 57 58 59 71 72 
41 57 58 59 71 72 75 77 
41 57 58 59 71 72 75 76 
41 57 58 59 71 72 73 74 77 
41 57 58 59 71 72 73 74 75 76 
41 57 58 59 68 73 
41 57 58 59 68 73 75 77 
41 57 58 59 68 73 75 76 
41 57 58 59 68 73 74 77 
41 57 58 59 68 73 74 75 76 
41 57 58 59 68 71 72 
41 57 58 59 68 71 72 75 77 
41 57 58 59 68 71 72 75 76 
41 57 58 59 68 71 72 73 74 77 
41 57 58 59 68 71 72 73 74 75 76 
41 56 57 60 73 77 
41 56 57 60 73 75 76 
41 56 57 60 71 72 77 
41 56 57 60 71 72 75 76 
41 56 57 59 60 73 75 77 
41 56 57 59 60 73 75 76 
41 56 57 59 60 73 74 77 
41 56 57 59 60 73 74 75 76 
41 56 57 59 60 71 72 75 77 
41 56 57 59 60 71 72 75 76 
41 56 57 59 60 71 72 73 74 77 
41 56 57 59 60 71 72 73 74 75 76 
41 56 57 58 59 73 77 
41 56 57 58 59 73 75 77 
41 56 57 58 59 73 74 77 
41 56 57 58 59 73 74 75 76 
41 56 57 58 59 71 72 77 
41 56 57 58 59 71 72 75 77 
41 56 57 58 59 71 72 73 74 77 
41 56 57 58 59 71 72 73 74 75 76 
41 50 59 60 73 
41 50 59 60 71 72 
41 50 59 60 68 73 75 
41 50 59 60 68 73 74 
41 50 59 60 68 71 72 75 
41 50 59 60 68 71 72 73 74 
41 50 58 59 73 
41 50 58 59 73 75 
41 50 58 59 73 74 
41 50 58 59 71 72 
41 50 58 59 71 72 75 
41 50 58 59 71 72 73 74 
41 50 58 59 68 73 75 
41 50 58 59 68 73 74 
41 50 58 59 68 71 72 75 
41 50 58 59 68 71 72 73 74 
41 50 58 59 60 73 75 
41 50 58 59 60 73 74 
41 50 58 59 60 71 72 75 
41 50 58 59 60 71 72 73 74 
41 50 57 62 68 73 
41 50 57 62 68 71 72 
41 50 57 60 73 
41 50 57 60 73 75 
41 50 57 60 73 74 
41 50 57 60 71 72 
41 50 57 60 71 72 75 
41 50 57 60 71 72 73 74 
41 50 57 60 68 73 75 
41 50 57 60 68 73 74 
41 50 57 60 68 71 72 75 
41 50 57 60 68 71 72 73 74 
41 50 57 60 61 68 73 
41 50 57 60 61 68 71 72 
41 50 57 58 60 73 
41 50 57 58 60 71 72 
41 50 57 58 59 73 75 
41 50 57 58 59 73 74 
41 50 57 58 59 71 72 75 
41 50 57 58 59 71 72 73 74 
41 50 57 58 59 68 73 75 
41 50 57 58 59 68 73 74 
41 50 57 58 59 68 71 72 75 
41 50 57 58 59 68 71 72 73 74 
41 50 56 57 60 73 
41 50 56 57 60 71 72 
41 50 56 57 59 60 73 75 
41 50 56 57 59 60 73 74 
41 50 56 57 59 60 71 72 75 
41 50 56 57 59 60 71 72 73 74 
41 50 56 57 58 59 73 
41 50 56 57 58 59 73 75 
41 50 56 57 58 59 73 74 
41 50 56 57 58 59 71 72 
41 50 56 57 58 59 71 72 75 
41 50 56 57 58 59 71 72 73 74 
41 48 59 73 
41 48 59 71 72 
41 48 59 60 68 73 77 
41 48 59 60 68 73 75 76 
41 48 59 60 68 71 72 77 
41 48 59 60 68 71 72 75 76 
41 48 58 59 73 77 
41 48 58 59 73 75 76 
41 48 58 59 71 72 77 
41 48 58 59 71 72 75 76 
41 48 58 59 68 73 77 
41 48 58 59 68 73 75 76 
41 48 58 59 68 71 72 77 
41 48 58 59 68 71 72 75 76 
41 48 58 59 60 73 77 
41 48 58 59 60 73 75 76 
41 48 58 59 60 71 72 77 
41 48 58 59 60 71 72 75 76 
41 48 57 60 73 77 
41 48 57 60 73 75 76 
41 48 57 60 71 72 77 
41 48 57 60 71 72 75 76 
41 48 57 60 68 73 77 
41 48 57 60 68 73 75 76 
41 48 57 60 68 71 72 77 
41 48 57 60 68 71 72 75 76 
41 48 57 58 59 73 77 
41 48 57 58 59 73 75 76 
41 48 57 58 59 71 72 77 
41 48 57 58 59 71 72 75 76 
41 48 57 58 59 68 73 77 
41 48 57 58 59 68 73 75 76 
41 48 57 58 59 68 71 72 77 
41 48 57 58 59 68 71 72 75 76 
41 48 56 57 59 60 73 77 
41 48 56 57 59 60 73 75 76 
41 48 56 57 59 60 71 72 77 
41 48 56 57 59 60 71 72 75 76 
41 48 56 57 58 59 73 77 
41 48 56 57 58 59 73 75 76 
41 48 56 57 58 59 71 72 77 
41 48 56 57 58 59 71 72 75 76 
41 48 50 59 60 68 73 
41 48 50 59 60 68 71 72 
41 48 50 58 59 73 
41 48 50 58 59 71 72 
41 48 50 58 59 68 73 
41 48 50 58 59 68 71 72 
41 48 50 58 59 60 73 
41 48 50 58 59 60 71 72 
41 48 50 57 60 73 
41 48 50 57 60 71 72 
41 48 50 57 60 68 73 
41 48 50 57 60 68 71 72 
41 48 50 57 58 59 73 
41 48 50 57 58 59 71 72 
41 48 50 57 58 59 68 73 
41 48 50 57 58 59 68 71 72 
41 48 50 56 57 59 60 73 
41 48 50 56 57 59 60 71 72 
41 48 50 56 57 58 59 73 
41 48 50 56 57 58 59 71 72 
41 46 59 75 
41 46 59 73 74 
41 46 59 60 77 
41 46 59 60 75 76 
41 46 59 60 68 75 77 
41 46 59 60 68 75 76 
41 46 59 60 68 73 74 77 
41 46 59 60 68 73 74 75 76 
41 46 58 59 77 
41 46 58 59 75 77 
41 46 58 59 73 74 77 
41 46 58 59 73 74 75 76 
41 46 58 59 68 75 77 
41 46 58 59 68 75 76 
41 46 58 59 68 73 74 77 
41 46 58 59 68 73 74 75 76 
41 46 58 59 60 75 77 
41 46 58 59 60 75 76 
41 46 58 59 60 73 74 77 
41 46 58 59 60 73 74 75 76 
41 46 57 
41 46 57 62 
41 46 57 62 68 
41 46 57 62 68 77 
41 46 57 62 68 75 76 
41 46 57 60 
41 46 57 60 77 
41 46 57 60 75 77 
41 46 57 60 73 74 77 
41 46 57 60 73 74 75 76 
41 46 57 60 68 
41 46 57 60 68 75 77 
41 46 57 60 68 75 76 
41 46 57 60 68 73 74 77 
41 46 57 60 68 73 74 75 76 
41 46 57 60 61 
41 46 57 60 61 68 
41 46 57 60 61 68 77 
41 46 57 60 61 68 75 76 
41 46 57 58 60 77 
41 46 57 58 60 75 76 
41 46 57 58 59 
41 46 57 58 59 75 77 
41 46 57 58 59 75 76 
41 46 57 58 59 73 74 77 
41 46 57 58 59 73 74 75 76 
41 46 57 58 59 68 
41 46 57 58 59 68 75 77 
41 46 57 58 59 68 75 76 
41 46 57 58 59 68 73 74 77 
41 46 57 58 59 68 73 74 75 76 
41 46 56 57 60 77 
41 46 56 57 60 75 76 
41 46 56 57 59 60 75 77 
41 46 56 57 59 60 75 76 
41 46 56 57 59 60 73 74 77 
41 46 56 57 59 60 73 74 75 76 
41 46 56 57 58 59 77 
41 46 56 57 58 59 75 77 
41 46 56 57 58 59 73 74 77 
41 46 56 57 58 59 73 74 75 76 
41 46 50 59 60 
41 46 50 59 60 68 75 
41 46 50 59 60 68 73 74 
41 46 50 58 59 
41 46 50 58 59 75 
41 46 50 58 59 73 74 
41 46 50 58 59 68 75 
41 46 50 58 59 68 73 74 
41 46 50 58 59 60 75 
41 46 50 58 59 60 73 74 
41 46 50 57 62 68 
41 46 50 57 60 
41 46 50 57 60 75 
41 46 50 57 60 73 74 
41 46 50 57 60 68 75 
41 46 50 57 60 68 73 74 
41 46 50 57 60 61 68 
41 46 50 57 58 60 
41 46 50 57 58 59 75 
41 46 50 57 58 59 73 74 
41 46 50 57 58 59 68 75 
41 46 50 57 58 59 68 73 74 
41 46 50 56 57 60 
41 46 50 56 57 59 60 75 
41 46 50 56 57 59 60 73 74 
41 46 50 56 57 58 59 
41 46 50 56 57 58 59 75 
41 46 50 56 57 58 59 73 74 
41 46 48 59 
41 46 48 59 60 68 77 
41 46 48 59 60 68 75 76 
41 46 48 58 59 77 
41 46 48 58 59 75 76 
41 46 48 58 59 68 77 
41 46 48 58 59 68 75 76 
41 46 48 58 59 60 77 
41 46 48 58 59 60 75 76 
41 46 48 57 60 77 
41 46 48 57 60 75 76 
41 46 48 57 60 68 77 
41 46 48 57 60 68 75 76 
41 46 48 57 58 59 77 
41 46 48 57 58 59 75 76 
41 46 48 57 58 59 68 77 
41 46 48 57 58 59 68 75 76 
41 46 48 56 57 59 60 77 
41 46 48 56 57 59 60 75 76 
41 46 48 56 57 58 59 77 
41 46 48 56 57 58 59 75 76 
41 46 48 50 59 60 68 
41 46 48 50 58 59 
41 46 48 50 58 59 68 
41 46 48 50 58 59 60 
41 46 48 50 57 60 
41 46 48 50 57 60 68 
41 46 48 50 57 58 59 
41 46 48 50 57 58 59 68 
41 46 48 50 56 57 59 60 
41 46 48 50 56 57 58 59 
41 42 57 71 73 
41 42 57 71 72 
41 42 57 69 70 73 
41 42 57 69 70 71 72 
41 42 46 57 71 
41 42 46 57 69 70 
41 42 44 57 73 
41 42 44 57 71 72 
41 42 44 46 57 
40 79 
40 77 
40 77 79 
40 77 78 79 
40 75 76 
40 75 76 79 
40 75 76 77 78 
40 75 76 77 78 79 
40 71 
40 71 79 
40 71 77 78 
40 69 70 
40 69 70 79 
40 69 70 77 78 
40 68 
40 67 79 
40 67 77 78 
40 66 
40 66 67 
40 65 
40 65 77 78 79 
40 65 75 76 78 79 
40 65 71 
40 65 69 70 
40 65 68 
40 65 67 
40 65 66 
40 65 66 67 
40 64 65 
40 63 65 
40 63 64 65 
40 62 67 
40 60 
40 60 61 67 
40 59 
40 59 65 
40 58 59 
40 55 65 
40 53 77 
40 53 77 79 
40 53 77 78 
40 53 75 76 
40 53 75 76 79 
40 53 75 76 77 78 
40 53 67 
40 53 65 77 
40 53 65 75 76 
40 52 
40 52 77 
40 52 77 78 79 
40 52 75 76 
40 52 75 76 78 79 
40 52 71 
40 52 69 70 
40 52 67 
40 52 53 77 
40 52 53 75 76 
40 51 
40 51 52 67 
40 50 79 
40 50 77 78 
40 50 77 78 79 
40 50 65 
40 50 65 78 79 
40 50 53 
40 50 53 79 
40 50 53 77 78 
40 50 53 65 
40 50 52 
40 50 52 78 79 
40 50 52 53 
40 49 50 
40 44 
40 44 79 
40 44 77 78 
40 44 65 
40 44 52 
40 41 
40 41 65 
39 40 59 73 75 
39 40 59 73 74 
39 40 59 71 72 75 
39 40 59 71 72 73 74 
39 40 59 60 73 77 
39 40 59 60 73 75 76 
39 40 59 60 71 72 77 
39 40 59 60 71 72 75 76 
39 40 59 60 68 73 75 77 
39 40 59 60 68 73 75 76 
39 40 59 60 68 73 74 77 
39 40 59 60 68 73 74 75 76 
39 40 59 60 68 71 72 75 77 
39 40 59 60 68 71 72 75 76 
39 40 59 60 68 71 72 73 74 77 
39 40 59 60 68 71 72 73 74 75 76 
39 40 58 59 73 77 
39 40 58 59 73 75 77 
39 40 58 59 73 74 77 
39 40 58 59 73 74 75 76 
39 40 58 59 71 72 77 
39 40 58 59 71 72 75 77 
39 40 58 59 71 72 73 74 77 
39 40 58 59 71 72 73 74 75 76 
39 40 58 59 68 73 75 77 
39 40 58 59 68 73 75 76 
39 40 58 59 68 73 74 77 
39 40 58 59 68 73 74 75 76 
39 40 58 59 68 71 72 75 77 
39 40 58 59 68 71 72 75 76 
39 40 58 59 68 71 72 73 74 77 
39 40 58 59 68 71 72 73 74 75 76 
39 40 58 59 60 73 75 77 
39 40 58 59 60 73 75 76 
39 40 58 59 60 73 74 77 
39 40 58 59 60 73 74 75 76 
39 40 58 59 60 71 72 75 77 
39 40 58 59 60 71 72 75 76 
39 40 58 59 60 71 72 73 74 77 
39 40 58 59 60 71 72 73 74 75 76 
39 40 57 73 
39 40 57 71 72 
39 40 57 62 73 
39 40 57 62 71 72 
39 40 57 62 68 73 
39 40 57 62 68 73 77 
39 40 57 62 68 73 75 76 
39 40 57 62 68 71 72 
39 40 57 62 68 71 72 77 
39 40 57 62 68 71 72 75 76 
39 40 57 60 73 
39 40 57 60 73 77 
39 40 57 60 73 75 77 
39 40 57 60 73 74 77 
39 40 57 60 73 74 75 76 
39 40 57 60 71 72 
39 40 57 60 71 72 77 
39 40 57 60 71 72 75 77 
39 40 57 60 71 72 73 74 77 
39 40 57 60 71 72 73 74 75 76 
39 40 57 60 68 73 
39 40 57 60 68 73 75 77 
39 40 57 60 68 73 75 76 
39 40 57 60 68 73 74 77 
39 40 57 60 68 73 74 75 76 
39 40 57 60 68 71 72 
39 40 57 60 68 71 72 75 77 
39 40 57 60 68 71 72 75 76 
39 40 57 60 68 71 72 73 74 77 
39 40 57 60 68 71 72 73 74 75 76 
39 40 57 60 61 73 
39 40 57 60 61 71 72 
39 40 57 60 61 68 73 
39 40 57 60 61 68 73 77 
39 40 57 60 61 68 73 75 76 
39 40 57 60 61 68 71 72 
39 40 57 60 61 68 71 72 77 
39 40 57 60 61 68 71 72 75 76 
39 40 57 58 60 73 77 
39 40 57 58 60 73 75 76 
39 40 57 58 60 71 72 77 
39 40 57 58 60 71 72 75 76 
39 40 57 58 59 73 
39 40 57 58 59 73 75 77 
39 40 57 58 59 73 75 76 
39 40 57 58 59 73 74 77 
39 40 57 58 59 73 74 75 76 
39 40 57 58 59 71 72 
39 40 57 58 59 71 72 75 77 
39 40 57 58 59 71 72 75 76 
39 40 57 58 59 71 72 73 74 77 
39 40 57 58 59 71 72 73 74 75 76 
39 40 57 58 59 68 73 
39 40 57 58 59 68 73 75 77 
39 40 57 58 59 68 73 75 76 
39 40 57 58 59 68 73 74 77 
39 40 57 58 59 68 73 74 75 76 
39 40 57 58 59 68 71 72 
39 40 57 58 59 68 71 72 75 77 
39 40 57 58 59 68 71 72 75 76 
39 40 57 58 59 68 71 72 73 74 77 
39 40 57 58 59 68 71 72 73 74 75 76 
39 40 56 57 60 73 77 
39 40 56 57 60 73 75 76 
39 40 56 57 60 71 72 77 
39 40 56 57 60 71 72 75 76 
39 40 56 57 59 60 73 75 77 
39 40 56 57 59 60 73 75 76 
39 40 56 57 59 60 73 74 77 
39 40 56 57 59 60 73 74 75 76 
39 40 56 57 59 60 71 72 75 77 
39 40 56 57 59 60 71 72 75 76 
39 40 56 57 59 60 71 72 73 74 77 
39 40 56 57 59 60 71 72 73 74 75 76 
39 40 56 57 58 59 73 77 
39 40 56 57 58 59 73 75 77 
39 40 56 57 58 59 73 74 77 
39 40 56 57 58 59 73 74 75 76 
39 40 56 57 58 59 71 72 77 
39 40 56 57 58 59 71 72 75 77 
39 40 56 57 58 59 71 72 73 74 77 
39 40 56 57 58 59 71 72 73 74 75 76 
39 40 50 59 60 73 
39 40 50 59 60 71 72 
39 40 50 59 60 68 73 75 
39 40 50 59 60 68 73 74 
39 40 50 59 60 68 71 72 75 
39 40 50 59 60 68 71 72 73 74 
39 40 50 58 59 73 
39 40 50 58 59 73 75 
39 40 50 58 59 73 74 
39 40 50 58 59 71 72 
39 40 50 58 59 71 72 75 
39 40 50 58 59 71 72 73 74 
39 40 50 58 59 68 73 75 
39 40 50 58 59 68 73 74 
39 40 50 58 59 68 71 72 75 
39 40 50 58 59 68 71 72 73 74 
39 40 50 58 59 60 73 75 
39 40 50 58 59 60 73 74 
39 40 50 58 59 60 71 72 75 
39 40 50 58 59 60 71 72 73 74 
39 40 50 57 62 68 73 
39 40 50 57 62 68 71 72 
39 40 50 57 60 73 
39 40 50 57 60 73 75 
39 40 50 57 60 73 74 
39 40 50 57 60 71 72 
39 40 50 57 60 71 72 75 
39 40 50 57 60 71 72 73 74 
39 40 50 57 60 68 73 75 
39 40 50 57 60 68 73 74 
39 40 50 57 60 68 71 72 75 
39 40 50 57 60 68 71 72 73 74 
39 40 50 57 60 61 68 73 
39 40 50 57 60 61 68 71 72 
39 40 50 57 58 60 73 
39 40 50 57 58 60 71 72 
39 40 50 57 58 59 73 75 
39 40 50 57 58 59 73 74 
39 40 50 57 58 59 71 72 75 
39 40 50 57 58 59 71 72 73 74 
39 40 50 57 58 59 68 73 75 
39 40 50 57 58 59 68 73 74 
39 40 50 57 58 59 68 71 72 75 
39 40 50 57 58 59 68 71 72 73 74 
39 40 50 56 57 60 73 
39 40 50 56 57 60 71 72 
39 40 50 56 57 59 60 73 75 
39 40 50 56 57 59 60 73 74 
39 40 50 56 57 59 60 71 72 75 
39 40 50 56 57 59 60 71 72 73 74 
39 40 50 56 57 58 59 73 
39 40 50 56 57 58 59 73 75 
39 40 50 56 57 58 59 73 74 
39 40 50 56 57 58 59 71 72 
39 40 50 56 57 58 59 71 72 75 
39 40 50 56 57 58 59 71 72 73 74 
39 40 48 59 73 
39 40 48 59 71 72 
39 40 48 59 60 68 73 77 
39 40 48 59 60 68 73 75 76 
39 40 48 59 60 68 71 72 77 
39 40 48 59 60 68 71 72 75 76 
39 40 48 58 59 73 77 
39 40 48 58 59 73 75 76 
39 40 48 58 59 71 72 77 
39 40 48 58 59 71 72 75 76 
39 40 48 58 59 68 73 77 
39 40 48 58 59 68 73 75 76 
39 40 48 58 59 68 71 72 77 
39 40 48 58 59 68 71 72 75 76 
39 40 48 58 59 60 73 77 
39 40 48 58 59 60 73 75 76 
39 40 48 58 59 60 71 72 77 
39 40 48 58 59 60 71 72 75 76 
39 40 48 57 60 73 77 
39 40 48 57 60 73 75 76 
39 40 48 57 60 71 72 77 
39 40 48 57 60 71 72 75 76 
39 40 48 57 60 68 73 77 
39 40 48 57 60 68 73 75 76 
39 40 48 57 60 68 71 72 77 
39 40 48 57 60 68 71 72 75 76 
39 40 48 57 58 59 73 77 
39 40 48 57 58 59 73 75 76 
39 40 48 57 58 59 71 72 77 
39 40 48 57 58 59 71 72 75 76 
39 40 48 57 58 59 68 73 77 
39 40 48 57 58 59 68 73 75 76 
39 40 48 57 58 59 68 71 72 77 
39 40 48 57 58 59 68 71 72 75 76 
39 40 48 56 57 59 60 73 77 
39 40 48 56 57 59 60 73 75 76 
39 40 48 56 57 59 60 71 72 77 
39 40 48 56 57 59 60 71 72 75 76 
39 40 48 56 57 58 59 73 77 
39 40 48 56 57 58 59 73 75 76 
39 40 48 56 57 58 59 71 72 77 
39 40 48 56 57 58 59 71 72 75 76 
39 40 48 50 59 60 68 73 
39 40 48 50 59 60 68 71 72 
39 40 48 50 58 59 73 
39 40 48 50 58 59 71 72 
39 40 48 50 58 59 68 73 
39 40 48 50 58 59 68 71 72 
39 40 48 50 58 59 60 73 
39 40 48 50 58 59 60 71 72 
39 40 48 50 57 60 73 
39 40 48 50 57 60 71 72 
39 40 48 50 57 60 68 73 
39 40 48 50 57 60 68 71 72 
39 40 48 50 57 58 59 73 
39 40 48 50 57 58 59 71 72 
39 40 48 50 57 58 59 68 73 
39 40 48 50 57 58 59 68 71 72 
39 40 48 50 56 57 59 60 73 
39 40 48 50 56 57 59 60 71 72 
39 40 48 50 56 57 58 59 73 
39 40 48 50 56 57 58 59 71 72 
39 40 46 59 75 
39 40 46 59 73 74 
39 40 46 59 60 77 
39 40 46 59 60 75 76 
39 40 46 59 60 68 75 77 
39 40 46 59 60 68 75 76 
39 40 46 59 60 68 73 74 77 
39 40 46 59 60 68 73 74 75 76 
39 40 46 58 59 77 
39 40 46 58 59 75 77 
39 40 46 58 59 73 74 77 
39 40 46 58 59 73 74 75 76 
39 40 46 58 59 68 75 77 
39 40 46 58 59 68 75 76 
39 40 46 58 59 68 73 74 77 
39 40 46 58 59 68 73 74 75 76 
39 40 46 58 59 60 75 77 
39 40 46 58 59 60 75 76 
39 40 46 58 59 60 73 74 77 
39 40 46 58 59 60 73 74 75 76 
39 40 46 57 
39 40 46 57 62 
39 40 46 57 62 68 
39 40 46 57 62 68 77 
39 40 46 57 62 68 75 76 
39 40 46 57 60 
39 40 46 57 60 77 
39 40 46 57 60 75 77 
39 40 46 57 60 73 74 77 
39 40 46 57 60 73 74 75 76 
39 40 46 57 60 68 
39 40 46 57 60 68 75 77 
39 40 46 57 60 68 75 76 
39 40 46 57 60 68 73 74 77 
39 40 46 57 60 68 73 74 75 76 
39 40 46 57 60 61 
39 40 46 57 60 61 68 
39 40 46 57 60 61 68 77 
39 40 46 57 60 61 68 75 76 
39 40 46 57 58 60 77 
39 40 46 57 58 60 75 76 
39 40 46 57 58 59 
39 40 46 57 58 59 75 77 
39 40 46 57 58 59 75 76 
39 40 46 57 58 59 73 74 77 
39 40 46 57 58 59 73 74 75 76 
39 40 46 57 58 59 68 
39 40 46 57 58 59 68 75 77 
39 40 46 57 58 59 68 75 76 
39 40 46 57 58 59 68 73 74 77 
39 40 46 57 58 59 68 73 74 75 76 
39 40 46 56 57 60 77 
39 40 46 56 57 60 75 76 
39 40 46 56 57 59 60 75 77 
39 40 46 56 57 59 60 75 76 
39 40 46 56 57 59 60 73 74 77 
39 40 46 56 57 59 60 73 74 75 76 
39 40 46 56 57 58 59 77 
39 40 46 56 57 58 59 75 77 
39 40 46 56 57 58 59 73 74 77 
39 40 46 56 57 58 59 73 74 75 76 
39 40 46 50 59 60 
39 40 46 50 59 60 68 75 
39 40 46 50 59 60 68 73 74 
39 40 46 50 58 59 
39 40 46 50 58 59 75 
39 40 46 50 58 59 73 74 
39 40 46 50 58 59 68 75 
39 40 46 50 58 59 68 73 74 
39 40 46 50 58 59 60 75 
39 40 46 50 58 59 60 73 74 
39 40 46 50 57 62 68 
39 40 46 50 57 60 
39 40 46 50 57 60 75 
39 40 46 50 57 60 73 74 
39 40 46 50 57 60 68 75 
39 40 46 50 57 60 68 73 74 
39 40 46 50 57 60 61 68 
39 40 46 50 57 58 60 
39 40 46 50 57 58 59 75 
39 40 46 50 57 58 59 73 74 
39 40 46 50 57 58 59 68 75 
39 40 46 50 57 58 59 68 73 74 
39 40 46 50 56 57 60 
39 40 46 50 56 57 59 60 75 
39 40 46 50 56 57 59 60 73 74 
39 40 46 50 56 57 58 59 
39 40 46 50 56 57 58 59 75 
39 40 46 50 56 57 58 59 73 74 
39 40 46 48 59 
39 40 46 48 59 60 68 77 
39 40 46 48 59 60 68 75 76 
39 40 46 48 58 59 77 
39 40 46 48 58 59 75 76 
39 40 46 48 58 59 68 77 
39 40 46 48 58 59 68 75 76 
39 40 46 48 58 59 60 77 
39 40 46 48 58 59 60 75 76 
39 40 46 48 57 60 77 
39 40 46 48 57 60 75 76 
39 40 46 48 57 60 68 77 
39 40 46 48 57 60 68 75 76 
39 40 46 48 57 58 59 77 
39 40 46 48 57 58 59 75 76 
39 40 46 48 57 58 59 68 77 
39 40 46 48 57 58 59 68 75 76 
39 40 46 48 56 57 59 60 77 
39 40 46 48 56 57 59 60 75 76 
39 40 46 48 56 57 58 59 77 
39 40 46 48 56 57 58 59 75 76 
39 40 46 48 50 59 60 68 
39 40 46 48 50 58 59 
39 40 46 48 50 58 59 68 
39 40 46 48 50 58 59 60 
39 40 46 48 50 57 60 
39 40 46 48 50 57 60 68 
39 40 46 48 50 57 58 59 
39 40 46 48 50 57 58 59 68 
39 40 46 48 50 56 57 59 60 
39 40 46 48 50 56 57 58 59 
38 
35 68 
35 67 
35 65 66 
35 57 73 
35 57 71 72 
35 57 68 73 
35 57 68 73 77 
35 57 68 73 75 76 
35 57 68 71 72 
35 57 68 71 72 77 
35 57 68 71 72 75 76 
35 55 59 71 75 
35 55 59 71 73 74 
35 55 59 69 70 75 
35 55 59 69 70 73 74 
35 50 57 68 73 
35 50 57 68 71 72 
35 48 55 59 71 
35 48 55 59 69 70 
35 47 55 59 71 75 
35 47 55 59 71 73 
35 47 55 59 71 73 74 
35 47 55 59 71 72 
35 47 55 59 69 70 75 
35 47 55 59 69 70 73 
35 47 55 59 69 70 73 74 
35 47 55 59 69 70 71 72 
35 47 55 59 60 71 75 
35 47 55 59 60 71 73 74 
35 47 55 59 60 69 70 75 
35 47 55 59 60 69 70 73 74 
35 47 55 58 59 71 75 
35 47 55 58 59 71 73 74 
35 47 55 58 59 69 70 75 
35 47 55 58 59 69 70 73 74 
35 47 48 55 59 71 
35 47 48 55 59 69 70 
35 47 48 55 59 60 71 
35 47 48 55 59 60 69 70 
35 47 48 55 58 59 71 
35 47 48 55 58 59 69 70 
35 46 57 
35 46 57 68 
35 46 57 68 77 
35 46 57 68 75 76 
35 46 55 59 60 71 75 
35 46 55 59 60 71 73 74 
35 46 55 59 60 69 70 75 
35 46 55 59 60 69 70 73 74 
35 46 55 58 59 71 75 
35 46 55 58 59 71 73 74 
35 46 55 58 59 69 70 75 
35 46 55 58 59 69 70 73 74 
35 46 50 57 68 
35 46 48 55 59 60 71 
35 46 48 55 59 60 69 70 
35 46 48 55 58 59 71 
35 46 48 55 58 59 69 70 
35 46 47 55 59 71 
35 46 47 55 59 69 70 
35 45 46 55 59 71 
35 45 46 55 59 71 75 
35 45 46 55 59 71 73 
35 45 46 55 59 71 73 74 
35 45 46 55 59 71 72 
35 45 46 55 59 69 70 
35 45 46 55 59 69 70 75 
35 45 46 55 59 69 70 73 
35 45 46 55 59 69 70 73 74 
35 45 46 55 59 69 70 71 72 
35 45 46 55 59 60 71 75 
35 45 46 55 59 60 71 73 74 
35 45 46 55 59 60 69 70 75 
35 45 46 55 59 60 69 70 73 74 
35 45 46 55 58 59 71 75 
35 45 46 55 58 59 71 73 74 
35 45 46 55 58 59 69 70 75 
35 45 46 55 58 59 69 70 73 74 
35 45 46 48 55 59 71 
35 45 46 48 55 59 69 70 
35 45 46 48 55 59 60 71 
35 45 46 48 55 59 60 69 70 
35 45 46 48 55 58 59 71 
35 45 46 48 55 58 59 69 70 
35 44 55 59 75 
35 44 55 59 73 74 
35 44 48 55 59 
35 44 47 55 59 75 
35 44 47 55 59 73 
35 44 47 55 59 73 74 
35 44 47 55 59 71 72 
35 44 47 55 59 60 75 
35 44 47 55 59 60 73 74 
35 44 47 55 58 59 75 
35 44 47 55 58 59 73 74 
35 44 47 48 55 59 
35 44 47 48 55 59 60 
35 44 47 48 55 58 59 
35 44 46 55 59 60 75 
35 44 46 55 59 60 73 74 
35 44 46 55 58 59 75 
35 44 46 55 58 59 73 74 
35 44 46 48 55 59 60 
35 44 46 48 55 58 59 
35 44 46 47 55 59 
35 44 45 55 59 60 75 
35 44 45 55 59 60 73 74 
35 44 45 55 59 60 71 75 
35 44 45 55 59 60 71 73 74 
35 44 45 55 59 60 69 70 75 
35 44 45 55 59 60 69 70 73 74 
35 44 45 55 58 59 75 
35 44 45 55 58 59 73 74 
35 44 45 55 58 59 71 75 
35 44 45 55 58 59 71 73 74 
35 44 45 55 58 59 69 70 75 
35 44 45 55 58 59 69 70 73 74 
35 44 45 48 55 59 60 
35 44 45 48 55 59 60 71 
35 44 45 48 55 59 60 69 70 
35 44 45 48 55 58 59 
35 44 45 48 55 58 59 71 
35 44 45 48 55 58 59 69 70 
35 44 45 46 55 59 
35 44 45 46 55 59 75 
35 44 45 46 55 59 73 
35 44 45 46 55 59 73 74 
35 44 45 46 55 59 71 72 
35 44 45 46 55 59 60 75 
35 44 45 46 55 59 60 73 74 
35 44 45 46 55 58 59 75 
35 44 45 46 55 58 59 73 74 
35 44 45 46 48 55 59 
35 44 45 46 48 55 59 60 
35 44 45 46 48 55 58 59 
35 41 57 73 
35 41 57 71 72 
35 41 57 68 73 
35 41 57 68 73 77 
35 41 57 68 73 75 76 
35 41 57 68 71 72 
35 41 57 68 71 72 77 
35 41 57 68 71 72 75 76 
35 41 50 57 68 73 
35 41 50 57 68 71 72 
35 41 46 57 
35 41 46 57 68 
35 41 46 57 68 77 
35 41 46 57 68 75 76 
35 41 46 50 57 68 
35 40 
35 39 40 57 73 
35 39 40 57 71 72 
35 39 40 57 68 73 
35 39 40 57 68 73 77 
35 39 40 57 68 73 75 76 
35 39 40 57 68 71 72 
35 39 40 57 68 71 72 77 
35 39 40 57 68 71 72 75 76 
35 39 40 50 57 68 73 
35 39 40 50 57 68 71 72 
35 39 40 46 57 
35 39 40 46 57 68 
35 39 40 46 57 68 77 
35 39 40 46 57 68 75 76 
35 39 40 46 50 57 68 
33 68 
33 68 79 
33 68 77 78 
33 67 
33 65 68 
33 65 66 
33 59 73 75 
33 59 73 75 77 
33 59 73 75 76 
33 59 73 74 
33 59 73 74 77 
33 59 73 74 75 76 
33 59 71 72 75 
33 59 71 72 75 77 
33 59 71 72 75 76 
33 59 71 72 73 74 
33 59 71 72 73 74 77 
33 59 71 72 73 74 75 76 
33 59 68 73 75 77 
33 59 68 73 75 76 
33 59 68 73 74 77 
33 59 68 73 74 75 76 
33 59 68 71 72 75 77 
33 59 68 71 72 75 76 
33 59 68 71 72 73 74 77 
33 59 68 71 72 73 74 75 76 
33 58 59 73 75 77 
33 58 59 73 75 76 
33 58 59 73 74 77 
33 58 59 73 74 75 76 
33 58 59 71 72 75 77 
33 58 59 71 72 75 76 
33 58 59 71 72 73 74 77 
33 58 59 71 72 73 74 75 76 
33 57 73 77 
33 57 73 75 
33 57 73 75 76 
33 57 73 74 
33 57 71 
33 57 71 73 
33 57 71 72 
33 57 71 72 77 
33 57 71 72 75 
33 57 71 72 75 76 
33 57 71 72 73 74 
33 57 69 70 
33 57 69 70 73 
33 57 69 70 71 72 
33 57 68 73 
33 57 68 71 72 
33 57 63 71 73 
33 57 63 71 72 
33 57 63 69 70 73 
33 57 63 69 70 71 72 
33 57 58 73 77 
33 57 58 73 75 76 
33 57 58 71 72 77 
33 57 58 71 72 75 76 
33 56 57 73 77 
33 56 57 73 75 76 
33 56 57 71 73 
33 56 57 71 72 
33 56 57 71 72 77 
33 56 57 71 72 75 76 
33 56 57 69 70 73 
33 56 57 69 70 71 72 
33 56 57 59 73 75 77 
33 56 57 59 73 75 76 
33 56 57 59 73 74 77 
33 56 57 59 73 74 75 76 
33 56 57 59 71 72 75 77 
33 56 57 59 71 72 75 76 
33 56 57 59 71 72 73 74 77 
33 56 57 59 71 72 73 74 75 76 
33 55 71 73 
33 55 71 72 
33 55 69 70 73 
33 55 69 70 71 72 
33 54 55 57 71 73 
33 54 55 57 71 72 
33 54 55 57 69 70 73 
33 54 55 57 69 70 71 72 
33 52 68 
33 50 59 73 75 
33 50 59 73 74 
33 50 59 71 72 75 
33 50 59 71 72 73 74 
33 50 59 68 73 75 
33 50 59 68 73 74 
33 50 59 68 71 72 75 
33 50 59 68 71 72 73 74 
33 50 58 59 73 75 
33 50 58 59 73 74 
33 50 58 59 71 72 75 
33 50 58 59 71 72 73 74 
33 50 57 73 
33 50 57 71 72 
33 50 57 58 73 
33 50 57 58 71 72 
33 50 56 57 73 
33 50 56 57 71 72 
33 50 56 57 59 73 75 
33 50 56 57 59 73 74 
33 50 56 57 59 71 72 75 
33 50 56 57 59 71 72 73 74 
33 48 59 73 
33 48 59 73 77 
33 48 59 73 75 76 
33 48 59 71 72 
33 48 59 71 72 77 
33 48 59 71 72 75 76 
33 48 59 68 73 77 
33 48 59 68 73 75 76 
33 48 59 68 71 72 77 
33 48 59 68 71 72 75 76 
33 48 58 59 73 77 
33 48 58 59 73 75 76 
33 48 58 59 71 72 77 
33 48 58 59 71 72 75 76 
33 48 57 73 
33 48 57 71 72 
33 48 56 57 59 73 77 
33 48 56 57 59 73 75 76 
33 48 56 57 59 71 72 77 
33 48 56 57 59 71 72 75 76 
33 48 50 59 73 
33 48 50 59 71 72 
33 48 50 59 68 73 
33 48 50 59 68 71 72 
33 48 50 58 59 73 
33 48 50 58 59 71 72 
33 48 50 56 57 59 73 
33 48 50 56 57 59 71 72 
33 47 55 59 62 71 75 
33 47 55 59 62 71 73 74 
33 47 55 59 62 69 70 75 
33 47 55 59 62 69 70 73 74 
33 47 55 59 60 61 71 75 
33 47 55 59 60 61 71 73 74 
33 47 55 59 60 61 69 70 75 
33 47 55 59 60 61 69 70 73 74 
33 47 48 55 59 62 71 
33 47 48 55 59 62 69 70 
33 47 48 55 59 60 61 71 
33 47 48 55 59 60 61 69 70 
33 46 59 75 
33 46 59 75 77 
33 46 59 75 76 
33 46 59 73 74 
33 46 59 73 74 77 
33 46 59 73 74 75 76 
33 46 59 68 75 77 
33 46 59 68 75 76 
33 46 59 68 73 74 77 
33 46 59 68 73 74 75 76 
33 46 58 59 75 77 
33 46 58 59 75 76 
33 46 58 59 73 74 77 
33 46 58 59 73 74 75 76 
33 46 57 77 
33 46 57 75 
33 46 57 75 76 
33 46 57 73 74 
33 46 57 71 
33 46 57 69 70 
33 46 57 68 
33 46 57 63 71 
33 46 57 63 69 70 
33 46 57 58 77 
33 46 57 58 75 76 
33 46 56 57 77 
33 46 56 57 75 76 
33 46 56 57 71 
33 46 56 57 69 70 
33 46 56 57 59 75 77 
33 46 56 57 59 75 76 
33 46 56 57 59 73 74 77 
33 46 56 57 59 73 74 75 76 
33 46 55 71 
33 46 55 69 70 
33 46 55 59 62 71 75 
33 46 55 59 62 71 73 74 
33 46 55 59 62 69 70 75 
33 46 55 59 62 69 70 73 74 
33 46 55 59 60 61 71 75 
33 46 55 59 60 61 71 73 74 
33 46 55 59 60 61 69 70 75 
33 46 55 59 60 61 69 70 73 74 
33 46 54 55 57 71 
33 46 54 55 57 69 70 
33 46 50 59 75 
33 46 50 59 73 74 
33 46 50 59 68 75 
33 46 50 59 68 73 74 
33 46 50 58 59 75 
33 46 50 58 59 73 74 
33 46 50 57 
33 46 50 57 58 
33 46 50 56 57 
33 46 50 56 57 59 75 
33 46 50 56 57 59 73 74 
33 46 48 59 
33 46 48 59 77 
33 46 48 59 75 76 
33 46 48 59 68 77 
33 46 48 59 68 75 76 
33 46 48 58 59 77 
33 46 48 58 59 75 76 
33 46 48 57 
33 46 48 56 57 59 77 
33 46 48 56 57 59 75 76 
33 46 48 55 59 62 71 
33 46 48 55 59 62 69 70 
33 46 48 55 59 60 61 71 
33 46 48 55 59 60 61 69 70 
33 46 48 50 59 
33 46 48 50 59 68 
33 46 48 50 58 59 
33 46 48 50 56 57 59 
33 45 46 55 59 62 71 75 
33 45 46 55 59 62 71 73 74 
33 45 46 55 59 62 69 70 75 
33 45 46 55 59 62 69 70 73 74 
33 45 46 55 59 60 61 71 75 
33 45 46 55 59 60 61 71 73 74 
33 45 46 55 59 60 61 69 70 75 
33 45 46 55 59 60 61 69 70 73 74 
33 45 46 48 55 59 62 71 
33 45 46 48 55 59 62 69 70 
33 45 46 48 55 59 60 61 71 
33 45 46 48 55 59 60 61 69 70 
33 44 57 
33 44 57 73 
33 44 57 71 72 
33 44 57 63 73 
33 44 57 63 71 72 
33 44 56 57 73 
33 44 56 57 71 72 
33 44 55 73 
33 44 55 71 72 
33 44 54 55 57 73 
33 44 54 55 57 71 72 
33 44 47 55 59 62 75 
33 44 47 55 59 62 73 74 
33 44 47 55 59 60 61 75 
33 44 47 55 59 60 61 73 74 
33 44 47 48 55 59 62 
33 44 47 48 55 59 60 61 
33 44 46 57 
33 44 46 57 63 
33 44 46 56 57 
33 44 46 55 
33 44 46 55 59 62 75 
33 44 46 55 59 62 73 74 
33 44 46 55 59 60 61 75 
33 44 46 55 59 60 61 73 74 
33 44 46 54 55 57 
33 44 46 48 55 59 62 
33 44 46 48 55 59 60 61 
33 44 45 55 59 62 75 
33 44 45 55 59 62 73 74 
33 44 45 55 59 62 71 75 
33 44 45 55 59 62 71 73 74 
33 44 45 55 59 62 69 70 75 
33 44 45 55 59 62 69 70 73 74 
33 44 45 55 59 60 61 75 
33 44 45 55 59 60 61 73 74 
33 44 45 55 59 60 61 71 75 
33 44 45 55 59 60 61 71 73 74 
33 44 45 55 59 60 61 69 70 75 
33 44 45 55 59 60 61 69 70 73 74 
33 44 45 48 55 59 62 
33 44 45 48 55 59 62 71 
33 44 45 48 55 59 62 69 70 
33 44 45 48 55 59 60 61 
33 44 45 48 55 59 60 61 71 
33 44 45 48 55 59 60 61 69 70 
33 44 45 46 55 59 62 75 
33 44 45 46 55 59 62 73 74 
33 44 45 46 55 59 60 61 75 
33 44 45 46 55 59 60 61 73 74 
33 44 45 46 48 55 59 62 
33 44 45 46 48 55 59 60 61 
33 41 59 73 77 
33 41 59 73 75 76 
33 41 59 71 72 77 
33 41 59 71 72 75 76 
33 41 59 68 73 75 77 
33 41 59 68 73 75 76 
33 41 59 68 73 74 77 
33 41 59 68 73 74 75 76 
33 41 59 68 71 72 75 77 
33 41 59 68 71 72 75 76 
33 41 59 68 71 72 73 74 77 
33 41 59 68 71 72 73 74 75 76 
33 41 58 59 73 75 77 
33 41 58 59 73 75 76 
33 41 58 59 73 74 77 
33 41 58 59 73 74 75 76 
33 41 58 59 71 72 75 77 
33 41 58 59 71 72 75 76 
33 41 58 59 71 72 73 74 77 
33 41 58 59 71 72 73 74 75 76 
33 41 57 73 
33 41 57 73 77 
33 41 57 73 75 77 
33 41 57 73 74 77 
33 41 57 73 74 75 76 
33 41 57 71 72 
33 41 57 71 72 77 
33 41 57 71 72 75 77 
33 41 57 71 72 73 74 77 
33 41 57 71 72 73 74 75 76 
33 41 57 68 73 
33 41 57 68 73 75 77 
33 41 57 68 73 75 76 
33 41 57 68 73 74 77 
33 41 57 68 73 74 75 76 
33 41 57 68 71 72 
33 41 57 68 71 72 75 77 
33 41 57 68 71 72 75 76 
33 41 57 68 71 72 73 74 77 
33 41 57 68 71 72 73 74 75 76 
33 41 57 58 73 77 
33 41 57 58 73 75 76 
33 41 57 58 71 72 77 
33 41 57 58 71 72 75 76 
33 41 56 57 73 77 
33 41 56 57 73 75 76 
33 41 56 57 71 72 77 
33 41 56 57 71 72 75 76 
33 41 56 57 59 73 75 77 
33 41 56 57 59 73 75 76 
33 41 56 57 59 73 74 77 
33 41 56 57 59 73 74 75 76 
33 41 56 57 59 71 72 75 77 
33 41 56 57 59 71 72 75 76 
33 41 56 57 59 71 72 73 74 77 
33 41 56 57 59 71 72 73 74 75 76 
33 41 50 59 73 
33 41 50 59 71 72 
33 41 50 59 68 73 75 
33 41 50 59 68 73 74 
33 41 50 59 68 71 72 75 
33 41 50 59 68 71 72 73 74 
33 41 50 58 59 73 75 
33 41 50 58 59 73 74 
33 41 50 58 59 71 72 75 
33 41 50 58 59 71 72 73 74 
33 41 50 57 73 
33 41 50 57 73 75 
33 41 50 57 73 74 
33 41 50 57 71 72 
33 41 50 57 71 72 75 
33 41 50 57 71 72 73 74 
33 41 50 57 68 73 75 
33 41 50 57 68 73 74 
33 41 50 57 68 71 72 75 
33 41 50 57 68 71 72 73 74 
33 41 50 57 58 73 
33 41 50 57 58 71 72 
33 41 50 56 57 73 
33 41 50 56 57 71 72 
33 41 50 56 57 59 73 75 
33 41 50 56 57 59 73 74 
33 41 50 56 57 59 71 72 75 
33 41 50 56 57 59 71 72 73 74 
33 41 48 59 68 73 77 
33 41 48 59 68 73 75 76 
33 41 48 59 68 71 72 77 
33 41 48 59 68 71 72 75 76 
33 41 48 58 59 73 77 
33 41 48 58 59 73 75 76 
33 41 48 58 59 71 72 77 
33 41 48 58 59 71 72 75 76 
33 41 48 57 73 77 
33 41 48 57 73 75 76 
33 41 48 57 71 72 77 
33 41 48 57 71 72 75 76 
33 41 48 57 68 73 77 
33 41 48 57 68 73 75 76 
33 41 48 57 68 71 72 77 
33 41 48 57 68 71 72 75 76 
33 41 48 56 57 59 73 77 
33 41 48 56 57 59 73 75 76 
33 41 48 56 57 59 71 72 77 
33 41 48 56 57 59 71 72 75 76 
33 41 48 50 59 68 73 
33 41 48 50 59 68 71 72 
33 41 48 50 58 59 73 
33 41 48 50 58 59 71 72 
33 41 48 50 57 73 
33 41 48 50 57 71 72 
33 41 48 50 57 68 73 
33 41 48 50 57 68 71 72 
33 41 48 50 56 57 59 73 
33 41 48 50 56 57 59 71 72 
33 41 46 59 77 
33 41 46 59 75 76 
33 41 46 59 68 75 77 
33 41 46 59 68 75 76 
33 41 46 59 68 73 74 77 
33 41 46 59 68 73 74 75 76 
33 41 46 58 59 75 77 
33 41 46 58 59 75 76 
33 41 46 58 59 73 74 77 
33 41 46 58 59 73 74 75 76 
33 41 46 57 
33 41 46 57 77 
33 41 46 57 75 77 
33 41 46 57 73 74 77 
33 41 46 57 73 74 75 76 
33 41 46 57 68 
33 41 46 57 68 75 77 
33 41 46 57 68 75 76 
33 41 46 57 68 73 74 77 
33 41 46 57 68 73 74 75 76 
33 41 46 57 58 77 
33 41 46 57 58 75 76 
33 41 46 56 57 77 
33 41 46 56 57 75 76 
33 41 46 56 57 59 75 77 
33 41 46 56 57 59 75 76 
33 41 46 56 57 59 73 74 77 
33 41 46 56 57 59 73 74 75 76 
33 41 46 50 59 
33 41 46 50 59 68 75 
33 41 46 50 59 68 73 74 
33 41 46 50 58 59 75 
33 41 46 50 58 59 73 74 
33 41 46 50 57 
33 41 46 50 57 75 
33 41 46 50 57 73 74 
33 41 46 50 57 68 75 
33 41 46 50 57 68 73 74 
33 41 46 50 57 58 
33 41 46 50 56 57 
33 41 46 50 56 57 59 75 
33 41 46 50 56 57 59 73 74 
33 41 46 48 59 68 77 
33 41 46 48 59 68 75 76 
33 41 46 48 58 59 77 
33 41 46 48 58 59 75 76 
33 41 46 48 57 77 
33 41 46 48 57 75 76 
33 41 46 48 57 68 77 
33 41 46 48 57 68 75 76 
33 41 46 48 56 57 59 77 
33 41 46 48 56 57 59 75 76 
33 41 46 48 50 59 68 
33 41 46 48 50 58 59 
33 41 46 48 50 57 
33 41 46 48 50 57 68 
33 41 46 48 50 56 57 59 
33 40 
33 39 40 59 73 77 
33 39 40 59 73 75 76 
33 39 40 59 71 72 77 
33 39 40 59 71 72 75 76 
33 39 40 59 68 73 75 77 
33 39 40 59 68 73 75 76 
33 39 40 59 68 73 74 77 
33 39 40 59 68 73 74 75 76 
33 39 40 59 68 71 72 75 77 
33 39 40 59 68 71 72 75 76 
33 39 40 59 68 71 72 73 74 77 
33 39 40 59 68 71 72 73 74 75 76 
33 39 40 58 59 73 75 77 
33 39 40 58 59 73 75 76 
33 39 40 58 59 73 74 77 
33 39 40 58 59 73 74 75 76 
33 39 40 58 59 71 72 75 77 
33 39 40 58 59 71 72 75 76 
33 39 40 58 59 71 72 73 74 77 
33 39 40 58 59 71 72 73 74 75 76 
33 39 40 57 73 
33 39 40 57 73 77 
33 39 40 57 73 75 77 
33 39 40 57 73 74 77 
33 39 40 57 73 74 75 76 
33 39 40 57 71 72 
33 39 40 57 71 72 77 
33 39 40 57 71 72 75 77 
33 39 40 57 71 72 73 74 77 
33 39 40 57 71 72 73 74 75 76 
33 39 40 57 68 73 
33 39 40 57 68 73 75 77 
33 39 40 57 68 73 75 76 
33 39 40 57 68 73 74 77 
33 39 40 57 68 73 74 75 76 
33 39 40 57 68 71 72 
33 39 40 57 68 71 72 75 77 
33 39 40 57 68 71 72 75 76 
33 39 40 57 68 71 72 73 74 77 
33 39 40 57 68 71 72 73 74 75 76 
33 39 40 57 58 73 77 
33 39 40 57 58 73 75 76 
33 39 40 57 58 71 72 77 
33 39 40 57 58 71 72 75 76 
33 39 40 56 57 73 77 
33 39 40 56 57 73 75 76 
33 39 40 56 57 71 72 77 
33 39 40 56 57 71 72 75 76 
33 39 40 56 57 59 73 75 77 
33 39 40 56 57 59 73 75 76 
33 39 40 56 57 59 73 74 77 
33 39 40 56 57 59 73 74 75 76 
33 39 40 56 57 59 71 72 75 77 
33 39 40 56 57 59 71 72 75 76 
33 39 40 56 57 59 71 72 73 74 77 
33 39 40 56 57 59 71 72 73 74 75 76 
33 39 40 50 59 73 
33 39 40 50 59 71 72 
33 39 40 50 59 68 73 75 
33 39 40 50 59 68 73 74 
33 39 40 50 59 68 71 72 75 
33 39 40 50 59 68 71 72 73 74 
33 39 40 50 58 59 73 75 
33 39 40 50 58 59 73 74 
33 39 40 50 58 59 71 72 75 
33 39 40 50 58 59 71 72 73 74 
33 39 40 50 57 73 
33 39 40 50 57 73 75 
33 39 40 50 57 73 74 
33 39 40 50 57 71 72 
33 39 40 50 57 71 72 75 
33 39 40 50 57 71 72 73 74 
33 39 40 50 57 68 73 75 
33 39 40 50 57 68 73 74 
33 39 40 50 57 68 71 72 75 
33 39 40 50 57 68 71 72 73 74 
33 39 40 50 57 58 73 
33 39 40 50 57 58 71 72 
33 39 40 50 56 57 73 
33 39 40 50 56 57 71 72 
33 39 40 50 56 57 59 73 75 
33 39 40 50 56 57 59 73 74 
33 39 40 50 56 57 59 71 72 75 
33 39 40 50 56 57 59 71 72 73 74 
33 39 40 48 59 68 73 77 
33 39 40 48 59 68 73 75 76 
33 39 40 48 59 68 71 72 77 
33 39 40 48 59 68 71 72 75 76 
33 39 40 48 58 59 73 77 
33 39 40 48 58 59 73 75 76 
33 39 40 48 58 59 71 72 77 
33 39 40 48 58 59 71 72 75 76 
33 39 40 48 57 73 77 
33 39 40 48 57 73 75 76 
33 39 40 48 57 71 72 77 
33 39 40 48 57 71 72 75 76 
33 39 40 48 57 68 73 77 
33 39 40 48 57 68 73 75 76 
33 39 40 48 57 68 71 72 77 
33 39 40 48 57 68 71 72 75 76 
33 39 40 48 56 57 59 73 77 
33 39 40 48 56 57 59 73 75 76 
33 39 40 48 56 57 59 71 72 77 
33 39 40 48 56 57 59 71 72 75 76 
33 39 40 48 50 59 68 73 
33 39 40 48 50 59 68 71 72 
33 39 40 48 50 58 59 73 
33 39 40 48 50 58 59 71 72 
33 39 40 48 50 57 73 
33 39 40 48 50 57 71 72 
33 39 40 48 50 57 68 73 
33 39 40 48 50 57 68 71 72 
33 39 40 48 50 56 57 59 73 
33 39 40 48 50 56 57 59 71 72 
33 39 40 46 59 77 
33 39 40 46 59 75 76 
33 39 40 46 59 68 75 77 
33 39 40 46 59 68 75 76 
33 39 40 46 59 68 73 74 77 
33 39 40 46 59 68 73 74 75 76 
33 39 40 46 58 59 75 77 
33 39 40 46 58 59 75 76 
33 39 40 46 58 59 73 74 77 
33 39 40 46 58 59 73 74 75 76 
33 39 40 46 57 
33 39 40 46 57 77 
33 39 40 46 57 75 77 
33 39 40 46 57 73 74 77 
33 39 40 46 57 73 74 75 76 
33 39 40 46 57 68 
33 39 40 46 57 68 75 77 
33 39 40 46 57 68 75 76 
33 39 40 46 57 68 73 74 77 
33 39 40 46 57 68 73 74 75 76 
33 39 40 46 57 58 77 
33 39 40 46 57 58 75 76 
33 39 40 46 56 57 77 
33 39 40 46 56 57 75 76 
33 39 40 46 56 57 59 75 77 
33 39 40 46 56 57 59 75 76 
33 39 40 46 56 57 59 73 74 77 
33 39 40 46 56 57 59 73 74 75 76 
33 39 40 46 50 59 
33 39 40 46 50 59 68 75 
33 39 40 46 50 59 68 73 74 
33 39 40 46 50 58 59 75 
33 39 40 46 50 58 59 73 74 
33 39 40 46 50 57 
33 39 40 46 50 57 75 
33 39 40 46 50 57 73 74 
33 39 40 46 50 57 68 75 
33 39 40 46 50 57 68 73 74 
33 39 40 46 50 57 58 
33 39 40 46 50 56 57 
33 39 40 46 50 56 57 59 75 
33 39 40 46 50 56 57 59 73 74 
33 39 40 46 48 59 68 77 
33 39 40 46 48 59 68 75 76 
33 39 40 46 48 58 59 77 
33 39 40 46 48 58 59 75 76 
33 39 40 46 48 57 77 
33 39 40 46 48 57 75 76 
33 39 40 46 48 57 68 77 
33 39 40 46 48 57 68 75 76 
33 39 40 46 48 56 57 59 77 
33 39 40 46 48 56 57 59 75 76 
33 39 40 46 48 50 59 68 
33 39 40 46 48 50 58 59 
33 39 40 46 48 50 57 
33 39 40 46 48 50 57 68 
33 39 40 46 48 50 56 57 59 
33 35 47 55 59 71 75 
33 35 47 55 59 71 73 74 
33 35 47 55 59 69 70 75 
33 35 47 55 59 69 70 73 74 
33 35 47 48 55 59 71 
33 35 47 48 55 59 69 70 
33 35 46 55 59 71 75 
33 35 46 55 59 71 73 74 
33 35 46 55 59 69 70 75 
33 35 46 55 59 69 70 73 74 
33 35 46 48 55 59 71 
33 35 46 48 55 59 69 70 
33 35 45 46 55 59 71 75 
33 35 45 46 55 59 71 73 74 
33 35 45 46 55 59 69 70 75 
33 35 45 46 55 59 69 70 73 74 
33 35 45 46 48 55 59 71 
33 35 45 46 48 55 59 69 70 
33 35 44 47 55 59 75 
33 35 44 47 55 59 73 74 
33 35 44 47 48 55 59 
33 35 44 46 55 59 75 
33 35 44 46 55 59 73 74 
33 35 44 46 48 55 59 
33 35 44 45 55 59 75 
33 35 44 45 55 59 73 74 
33 35 44 45 55 59 71 75 
33 35 44 45 55 59 71 73 74 
33 35 44 45 55 59 69 70 75 
33 35 44 45 55 59 69 70 73 74 
33 35 44 45 48 55 59 
33 35 44 45 48 55 59 71 
33 35 44 45 48 55 59 69 70 
33 35 44 45 46 55 59 75 
33 35 44 45 46 55 59 73 74 
33 35 44 45 46 48 55 59 
31 67 
31 65 66 
31 60 67 
31 60 65 66 
31 59 60 73 75 77 
31 59 60 73 75 76 
31 59 60 73 74 77 
31 59 60 73 74 75 76 
31 59 60 71 72 75 77 
31 59 60 71 72 75 76 
31 59 60 71 72 73 74 77 
31 59 60 71 72 73 74 75 76 
31 58 59 73 75 77 
31 58 59 73 75 76 
31 58 59 73 74 77 
31 58 59 73 74 75 76 
31 58 59 71 72 75 77 
31 58 59 71 72 75 76 
31 58 59 71 72 73 74 77 
31 58 59 71 72 73 74 75 76 
31 58 59 67 
31 58 59 65 66 
31 57 71 73 
31 57 71 72 
31 57 69 70 73 
31 57 69 70 71 72 
31 57 60 73 77 
31 57 60 73 75 76 
31 57 60 71 72 77 
31 57 60 71 72 75 76 
31 57 58 59 73 77 
31 57 58 59 73 75 76 
31 57 58 59 71 72 77 
31 57 58 59 71 72 75 76 
31 51 67 
31 51 65 66 
31 50 59 60 73 75 
31 50 59 60 73 74 
31 50 59 60 71 72 75 
31 50 59 60 71 72 73 74 
31 50 58 59 73 75 
31 50 58 59 73 74 
31 50 58 59 71 72 75 
31 50 58 59 71 72 73 74 
31 50 57 60 73 
31 50 57 60 71 72 
31 50 57 58 59 73 
31 50 57 58 59 71 72 
31 49 50 67 
31 49 50 65 66 
31 48 59 60 73 77 
31 48 59 60 73 75 76 
31 48 59 60 71 72 77 
31 48 59 60 71 72 75 76 
31 48 58 59 73 77 
31 48 58 59 73 75 76 
31 48 58 59 71 72 77 
31 48 58 59 71 72 75 76 
31 48 50 59 60 73 
31 48 50 59 60 71 72 
31 48 50 58 59 73 
31 48 50 58 59 71 72 
31 46 59 60 75 77 
31 46 59 60 75 76 
31 46 59 60 73 74 77 
31 46 59 60 73 74 75 76 
31 46 58 59 75 77 
31 46 58 59 75 76 
31 46 58 59 73 74 77 
31 46 58 59 73 74 75 76 
31 46 57 71 
31 46 57 69 70 
31 46 57 60 77 
31 46 57 60 75 76 
31 46 57 58 59 77 
31 46 57 58 59 75 76 
31 46 50 59 60 75 
31 46 50 59 60 73 74 
31 46 50 58 59 75 
31 46 50 58 59 73 74 
31 46 50 57 60 
31 46 50 57 58 59 
31 46 48 59 60 77 
31 46 48 59 60 75 76 
31 46 48 58 59 77 
31 46 48 58 59 75 76 
31 46 48 50 59 60 
31 46 48 50 58 59 
31 44 57 73 
31 44 57 71 72 
31 44 46 57 
31 41 59 60 73 75 77 
31 41 59 60 73 75 76 
31 41 59 60 73 74 77 
31 41 59 60 73 74 75 76 
31 41 59 60 71 72 75 77 
31 41 59 60 71 72 75 76 
31 41 59 60 71 72 73 74 77 
31 41 59 60 71 72 73 74 75 76 
31 41 58 59 73 75 77 
31 41 58 59 73 75 76 
31 41 58 59 73 74 77 
31 41 58 59 73 74 75 76 
31 41 58 59 71 72 75 77 
31 41 58 59 71 72 75 76 
31 41 58 59 71 72 73 74 77 
31 41 58 59 71 72 73 74 75 76 
31 41 57 60 73 77 
31 41 57 60 73 75 76 
31 41 57 60 71 72 77 
31 41 57 60 71 72 75 76 
31 41 57 58 59 73 77 
31 41 57 58 59 73 75 76 
31 41 57 58 59 71 72 77 
31 41 57 58 59 71 72 75 76 
31 41 50 59 60 73 75 
31 41 50 59 60 73 74 
31 41 50 59 60 71 72 75 
31 41 50 59 60 71 72 73 74 
31 41 50 58 59 73 75 
31 41 50 58 59 73 74 
31 41 50 58 59 71 72 75 
31 41 50 58 59 71 72 73 74 
31 41 50 57 60 73 
31 41 50 57 60 71 72 
31 41 50 57 58 59 73 
31 41 50 57 58 59 71 72 
31 41 48 59 60 73 77 
31 41 48 59 60 73 75 76 
31 41 48 59 60 71 72 77 
31 41 48 59 60 71 72 75 76 
31 41 48 58 59 73 77 
31 41 48 58 59 73 75 76 
31 41 48 58 59 71 72 77 
31 41 48 58 59 71 72 75 76 
31 41 48 50 59 60 73 
31 41 48 50 59 60 71 72 
31 41 48 50 58 59 73 
31 41 48 50 58 59 71 72 
31 41 46 59 60 75 77 
31 41 46 59 60 75 76 
31 41 46 59 60 73 74 77 
31 41 46 59 60 73 74 75 76 
31 41 46 58 59 75 77 
31 41 46 58 59 75 76 
31 41 46 58 59 73 74 77 
31 41 46 58 59 73 74 75 76 
31 41 46 57 60 77 
31 41 46 57 60 75 76 
31 41 46 57 58 59 77 
31 41 46 57 58 59 75 76 
31 41 46 50 59 60 75 
31 41 46 50 59 60 73 74 
31 41 46 50 58 59 75 
31 41 46 50 58 59 73 74 
31 41 46 50 57 60 
31 41 46 50 57 58 59 
31 41 46 48 59 60 77 
31 41 46 48 59 60 75 76 
31 41 46 48 58 59 77 
31 41 46 48 58 59 75 76 
31 41 46 48 50 59 60 
31 41 46 48 50 58 59 
31 40 
31 40 60 
31 40 58 59 
31 40 51 
31 40 49 50 
31 39 40 59 60 73 75 77 
31 39 40 59 60 73 75 76 
31 39 40 59 60 73 74 77 
31 39 40 59 60 73 74 75 76 
31 39 40 59 60 71 72 75 77 
31 39 40 59 60 71 72 75 76 
31 39 40 59 60 71 72 73 74 77 
31 39 40 59 60 71 72 73 74 75 76 
31 39 40 58 59 73 75 77 
31 39 40 58 59 73 75 76 
31 39 40 58 59 73 74 77 
31 39 40 58 59 73 74 75 76 
31 39 40 58 59 71 72 75 77 
31 39 40 58 59 71 72 75 76 
31 39 40 58 59 71 72 73 74 77 
31 39 40 58 59 71 72 73 74 75 76 
31 39 40 57 60 73 77 
31 39 40 57 60 73 75 76 
31 39 40 57 60 71 72 77 
31 39 40 57 60 71 72 75 76 
31 39 40 57 58 59 73 77 
31 39 40 57 58 59 73 75 76 
31 39 40 57 58 59 71 72 77 
31 39 40 57 58 59 71 72 75 76 
31 39 40 50 59 60 73 75 
31 39 40 50 59 60 73 74 
31 39 40 50 59 60 71 72 75 
31 39 40 50 59 60 71 72 73 74 
31 39 40 50 58 59 73 75 
31 39 40 50 58 59 73 74 
31 39 40 50 58 59 71 72 75 
31 39 40 50 58 59 71 72 73 74 
31 39 40 50 57 60 73 
31 39 40 50 57 60 71 72 
31 39 40 50 57 58 59 73 
31 39 40 50 57 58 59 71 72 
31 39 40 48 59 60 73 77 
31 39 40 48 59 60 73 75 76 
31 39 40 48 59 60 71 72 77 
31 39 40 48 59 60 71 72 75 76 
31 39 40 48 58 59 73 77 
31 39 40 48 58 59 73 75 76 
31 39 40 48 58 59 71 72 77 
31 39 40 48 58 59 71 72 75 76 
31 39 40 48 50 59 60 73 
31 39 40 48 50 59 60 71 72 
31 39 40 48 50 58 59 73 
31 39 40 48 50 58 59 71 72 
31 39 40 46 59 60 75 77 
31 39 40 46 59 60 75 76 
31 39 40 46 59 60 73 74 77 
31 39 40 46 59 60 73 74 75 76 
31 39 40 46 58 59 75 77 
31 39 40 46 58 59 75 76 
31 39 40 46 58 59 73 74 77 
31 39 40 46 58 59 73 74 75 76 
31 39 40 46 57 60 77 
31 39 40 46 57 60 75 76 
31 39 40 46 57 58 59 77 
31 39 40 46 57 58 59 75 76 
31 39 40 46 50 59 60 75 
31 39 40 46 50 59 60 73 74 
31 39 40 46 50 58 59 75 
31 39 40 46 50 58 59 73 74 
31 39 40 46 50 57 60 
31 39 40 46 50 57 58 59 
31 39 40 46 48 59 60 77 
31 39 40 46 48 59 60 75 76 
31 39 40 46 48 58 59 77 
31 39 40 46 48 58 59 75 76 
31 39 40 46 48 50 59 60 
31 39 40 46 48 50 58 59 
31 33 59 73 75 77 
31 33 59 73 75 76 
31 33 59 73 74 77 
31 33 59 73 74 75 76 
31 33 59 71 72 75 77 
31 33 59 71 72 75 76 
31 33 59 71 72 73 74 77 
31 33 59 71 72 73 74 75 76 
31 33 57 73 77 
31 33 57 73 75 76 
31 33 57 71 72 77 
31 33 57 71 72 75 76 
31 33 50 59 73 75 
31 33 50 59 73 74 
31 33 50 59 71 72 75 
31 33 50 59 71 72 73 74 
31 33 50 57 73 
31 33 50 57 71 72 
31 33 48 59 73 77 
31 33 48 59 73 75 76 
31 33 48 59 71 72 77 
31 33 48 59 71 72 75 76 
31 33 48 50 59 73 
31 33 48 50 59 71 72 
31 33 46 59 75 77 
31 33 46 59 75 76 
31 33 46 59 73 74 77 
31 33 46 59 73 74 75 76 
31 33 46 57 77 
31 33 46 57 75 76 
31 33 46 50 59 75 
31 33 46 50 59 73 74 
31 33 46 50 57 
31 33 46 48 59 77 
31 33 46 48 59 75 76 
31 33 46 48 50 59 
31 33 41 59 73 75 77 
31 33 41 59 73 75 76 
31 33 41 59 73 74 77 
31 33 41 59 73 74 75 76 
31 33 41 59 71 72 75 77 
31 33 41 59 71 72 75 76 
31 33 41 59 71 72 73 74 77 
31 33 41 59 71 72 73 74 75 76 
31 33 41 57 73 77 
31 33 41 57 73 75 76 
31 33 41 57 71 72 77 
31 33 41 57 71 72 75 76 
31 33 41 50 59 73 75 
31 33 41 50 59 73 74 
31 33 41 50 59 71 72 75 
31 33 41 50 59 71 72 73 74 
31 33 41 50 57 73 
31 33 41 50 57 71 72 
31 33 41 48 59 73 77 
31 33 41 48 59 73 75 76 
31 33 41 48 59 71 72 77 
31 33 41 48 59 71 72 75 76 
31 33 41 48 50 59 73 
31 33 41 48 50 59 71 72 
31 33 41 46 59 75 77 
31 33 41 46 59 75 76 
31 33 41 46 59 73 74 77 
31 33 41 46 59 73 74 75 76 
31 33 41 46 57 77 
31 33 41 46 57 75 76 
31 33 41 46 50 59 75 
31 33 41 46 50 59 73 74 
31 33 41 46 50 57 
31 33 41 46 48 59 77 
31 33 41 46 48 59 75 76 
31 33 41 46 48 50 59 
31 33 39 40 59 73 75 77 
31 33 39 40 59 73 75 76 
31 33 39 40 59 73 74 77 
31 33 39 40 59 73 74 75 76 
31 33 39 40 59 71 72 75 77 
31 33 39 40 59 71 72 75 76 
31 33 39 40 59 71 72 73 74 77 
31 33 39 40 59 71 72 73 74 75 76 
31 33 39 40 57 73 77 
31 33 39 40 57 73 75 76 
31 33 39 40 57 71 72 77 
31 33 39 40 57 71 72 75 76 
31 33 39 40 50 59 73 75 
31 33 39 40 50 59 73 74 
31 33 39 40 50 59 71 72 75 
31 33 39 40 50 59 71 72 73 74 
31 33 39 40 50 57 73 
31 33 39 40 50 57 71 72 
31 33 39 40 48 59 73 77 
31 33 39 40 48 59 73 75 76 
31 33 39 40 48 59 71 72 77 
31 33 39 40 48 59 71 72 75 76 
31 33 39 40 48 50 59 73 
31 33 39 40 48 50 59 71 72 
31 33 39 40 46 59 75 77 
31 33 39 40 46 59 75 76 
31 33 39 40 46 59 73 74 77 
31 33 39 40 46 59 73 74 75 76 
31 33 39 40 46 57 77 
31 33 39 40 46 57 75 76 
31 33 39 40 46 50 59 75 
31 33 39 40 46 50 59 73 74 
31 33 39 40 46 50 57 
31 33 39 40 46 48 59 77 
31 33 39 40 46 48 59 75 76 
31 33 39 40 46 48 50 59 
31 32 56 57 71 73 
31 32 56 57 71 72 
31 32 56 57 69 70 73 
31 32 56 57 69 70 71 72 
31 32 54 55 57 71 73 
31 32 54 55 57 71 72 
31 32 54 55 57 69 70 73 
31 32 54 55 57 69 70 71 72 
31 32 46 56 57 71 
31 32 46 56 57 69 70 
31 32 46 54 55 57 71 
31 32 46 54 55 57 69 70 
31 32 44 56 57 73 
31 32 44 56 57 71 72 
31 32 44 54 55 57 73 
31 32 44 54 55 57 71 72 
31 32 44 46 56 57 
31 32 44 46 54 55 57 
30 56 57 71 73 
30 56 57 71 72 
30 56 57 69 70 73 
30 56 57 69 70 71 72 
30 54 55 57 71 73 
30 54 55 57 71 72 
30 54 55 57 69 70 73 
30 54 55 57 69 70 71 72 
30 46 56 57 71 
30 46 56 57 69 70 
30 46 54 55 57 71 
30 46 54 55 57 69 70 
30 44 56 57 73 
30 44 56 57 71 72 
30 44 54 55 57 73 
30 44 54 55 57 71 72 
30 44 46 56 57 
30 44 46 54 55 57 
29 57 60 71 
29 57 60 69 70 
29 57 58 59 71 
29 57 58 59 69 70 
29 55 59 71 73 75 
29 55 59 71 73 74 
29 55 59 71 72 75 
29 55 59 71 72 73 74 
29 55 59 69 70 73 75 
29 55 59 69 70 73 74 
29 55 59 69 70 71 72 75 
29 55 59 69 70 71 72 73 74 
29 55 58 59 71 73 75 
29 55 58 59 71 73 74 
29 55 58 59 71 72 75 
29 55 58 59 71 72 73 74 
29 55 58 59 69 70 73 75 
29 55 58 59 69 70 73 74 
29 55 58 59 69 70 71 72 75 
29 55 58 59 69 70 71 72 73 74 
29 55 56 57 71 73 
29 55 56 57 71 72 
29 55 56 57 69 70 73 
29 55 56 57 69 70 71 72 
29 55 56 57 59 71 73 75 
29 55 56 57 59 71 73 74 
29 55 56 57 59 71 72 75 
29 55 56 57 59 71 72 73 74 
29 55 56 57 59 69 70 73 75 
29 55 56 57 59 69 70 73 74 
29 55 56 57 59 69 70 71 72 75 
29 55 56 57 59 69 70 71 72 73 74 
29 48 57 71 73 
29 48 57 71 72 
29 48 57 69 70 73 
29 48 57 69 70 71 72 
29 48 55 59 71 73 
29 48 55 59 71 72 
29 48 55 59 69 70 73 
29 48 55 59 69 70 71 72 
29 48 55 58 59 71 73 
29 48 55 58 59 71 72 
29 48 55 58 59 69 70 73 
29 48 55 58 59 69 70 71 72 
29 48 55 56 57 59 71 73 
29 48 55 56 57 59 71 72 
29 48 55 56 57 59 69 70 73 
29 48 55 56 57 59 69 70 71 72 
29 47 57 71 73 
29 47 57 71 72 
29 47 57 69 70 73 
29 47 57 69 70 71 72 
29 46 55 59 71 75 
29 46 55 59 71 73 74 
29 46 55 59 69 70 75 
29 46 55 59 69 70 73 74 
29 46 55 58 59 71 75 
29 46 55 58 59 71 73 74 
29 46 55 58 59 69 70 75 
29 46 55 58 59 69 70 73 74 
29 46 55 56 57 71 
29 46 55 56 57 69 70 
29 46 55 56 57 59 71 75 
29 46 55 56 57 59 71 73 74 
29 46 55 56 57 59 69 70 75 
29 46 55 56 57 59 69 70 73 74 
29 46 48 57 71 
29 46 48 57 69 70 
29 46 48 55 59 71 
29 46 48 55 59 69 70 
29 46 48 55 58 59 71 
29 46 48 55 58 59 69 70 
29 46 48 55 56 57 59 71 
29 46 48 55 56 57 59 69 70 
29 46 47 57 71 73 
29 46 47 57 71 72 
29 46 47 57 69 70 73 
29 46 47 57 69 70 71 72 
29 45 46 57 71 
29 45 46 57 71 73 
29 45 46 57 71 72 
29 45 46 57 69 70 
29 45 46 57 69 70 73 
29 45 46 57 69 70 71 72 
29 44 57 60 
29 44 57 58 59 
29 44 55 59 73 75 
29 44 55 59 73 74 
29 44 55 59 71 72 75 
29 44 55 59 71 72 73 74 
29 44 55 58 59 73 75 
29 44 55 58 59 73 74 
29 44 55 58 59 71 72 75 
29 44 55 58 59 71 72 73 74 
29 44 55 56 57 73 
29 44 55 56 57 71 72 
29 44 55 56 57 59 73 75 
29 44 55 56 57 59 73 74 
29 44 55 56 57 59 71 72 75 
29 44 55 56 57 59 71 72 73 74 
29 44 48 57 73 
29 44 48 57 71 72 
29 44 48 55 59 73 
29 44 48 55 59 71 72 
29 44 48 55 58 59 73 
29 44 48 55 58 59 71 72 
29 44 48 55 56 57 59 73 
29 44 48 55 56 57 59 71 72 
29 44 47 57 73 
29 44 47 57 71 72 
29 44 46 55 59 75 
29 44 46 55 59 73 74 
29 44 46 55 58 59 75 
29 44 46 55 58 59 73 74 
29 44 46 55 56 57 
29 44 46 55 56 57 59 75 
29 44 46 55 56 57 59 73 74 
29 44 46 48 57 
29 44 46 48 55 59 
29 44 46 48 55 58 59 
29 44 46 48 55 56 57 59 
29 44 46 47 57 73 
29 44 46 47 57 71 72 
29 44 45 46 57 
29 44 45 46 57 73 
29 44 45 46 57 71 72 
29 33 57 71 
29 33 57 71 73 
29 33 57 71 72 
29 33 57 69 70 
29 33 57 69 70 73 
29 33 57 69 70 71 72 
29 33 46 57 71 
29 33 46 57 69 70 
29 33 44 57 
29 33 44 57 73 
29 33 44 57 71 72 
29 33 44 46 57 
29 31 55 59 71 73 75 
29 31 55 59 71 73 74 
29 31 55 59 71 72 75 
29 31 55 59 71 72 73 74 
29 31 55 59 69 70 73 75 
29 31 55 59 69 70 73 74 
29 31 55 59 69 70 71 72 75 
29 31 55 59 69 70 71 72 73 74 
29 31 48 55 59 71 73 
29 31 48 55 59 71 72 
29 31 48 55 59 69 70 73 
29 31 48 55 59 69 70 71 72 
29 31 46 55 59 71 75 
29 31 46 55 59 71 73 74 
29 31 46 55 59 69 70 75 
29 31 46 55 59 69 70 73 74 
29 31 46 48 55 59 71 
29 31 46 48 55 59 69 70 
29 31 44 55 59 73 75 
29 31 44 55 59 73 74 
29 31 44 55 59 71 72 75 
29 31 44 55 59 71 72 73 74 
29 31 44 48 55 59 73 
29 31 44 48 55 59 71 72 
29 31 44 46 55 59 75 
29 31 44 46 55 59 73 74 
29 31 44 46 48 55 59 
29 31 32 57 71 73 
29 31 32 57 71 72 
29 31 32 57 69 70 73 
29 31 32 57 69 70 71 72 
29 31 32 46 57 71 
29 31 32 46 57 69 70 
29 31 32 44 57 73 
29 31 32 44 57 71 72 
29 31 32 44 46 57 
29 30 57 71 73 
29 30 57 71 72 
29 30 57 69 70 73 
29 30 57 69 70 71 72 
29 30 46 57 71 
29 30 46 57 69 70 
29 30 44 57 73 
29 30 44 57 71 72 
29 30 44 46 57 
27 57 71 73 77 
27 57 71 73 75 76 
27 57 71 72 77 
27 57 71 72 75 76 
27 57 69 70 73 77 
27 57 69 70 73 75 76 
27 57 69 70 71 72 77 
27 57 69 70 71 72 75 76 
27 50 57 71 73 
27 50 57 71 72 
27 50 57 69 70 73 
27 50 57 69 70 71 72 
27 46 57 71 77 
27 46 57 71 75 76 
27 46 57 69 70 77 
27 46 57 69 70 75 76 
27 46 50 57 71 
27 46 50 57 69 70 
27 44 57 73 77 
27 44 57 73 75 76 
27 44 57 71 72 77 
27 44 57 71 72 75 76 
27 44 50 57 73 
27 44 50 57 71 72 
27 44 46 57 77 
27 44 46 57 75 76 
27 44 46 50 57 
27 28 57 60 71 
27 28 57 60 69 70 
27 28 57 58 59 71 
27 28 57 58 59 69 70 
27 28 55 59 71 73 75 
27 28 55 59 71 73 74 
27 28 55 59 71 72 75 
27 28 55 59 71 72 73 74 
27 28 55 59 69 70 73 75 
27 28 55 59 69 70 73 74 
27 28 55 59 69 70 71 72 75 
27 28 55 59 69 70 71 72 73 74 
27 28 55 58 59 71 73 75 
27 28 55 58 59 71 73 74 
27 28 55 58 59 71 72 75 
27 28 55 58 59 71 72 73 74 
27 28 55 58 59 69 70 73 75 
27 28 55 58 59 69 70 73 74 
27 28 55 58 59 69 70 71 72 75 
27 28 55 58 59 69 70 71 72 73 74 
27 28 55 56 57 59 71 73 75 
27 28 55 56 57 59 71 73 74 
27 28 55 56 57 59 71 72 75 
27 28 55 56 57 59 71 72 73 74 
27 28 55 56 57 59 69 70 73 75 
27 28 55 56 57 59 69 70 73 74 
27 28 55 56 57 59 69 70 71 72 75 
27 28 55 56 57 59 69 70 71 72 73 74 
27 28 48 55 59 71 73 
27 28 48 55 59 71 72 
27 28 48 55 59 69 70 73 
27 28 48 55 59 69 70 71 72 
27 28 48 55 58 59 71 73 
27 28 48 55 58 59 71 72 
27 28 48 55 58 59 69 70 73 
27 28 48 55 58 59 69 70 71 72 
27 28 48 55 56 57 59 71 73 
27 28 48 55 56 57 59 71 72 
27 28 48 55 56 57 59 69 70 73 
27 28 48 55 56 57 59 69 70 71 72 
27 28 46 55 59 71 75 
27 28 46 55 59 71 73 74 
27 28 46 55 59 69 70 75 
27 28 46 55 59 69 70 73 74 
27 28 46 55 58 59 71 75 
27 28 46 55 58 59 71 73 74 
27 28 46 55 58 59 69 70 75 
27 28 46 55 58 59 69 70 73 74 
27 28 46 55 56 57 59 71 75 
27 28 46 55 56 57 59 71 73 74 
27 28 46 55 56 57 59 69 70 75 
27 28 46 55 56 57 59 69 70 73 74 
27 28 46 48 55 59 71 
27 28 46 48 55 59 69 70 
27 28 46 48 55 58 59 71 
27 28 46 48 55 58 59 69 70 
27 28 46 48 55 56 57 59 71 
27 28 46 48 55 56 57 59 69 70 
27 28 44 57 60 
27 28 44 57 58 59 
27 28 44 55 59 73 75 
27 28 44 55 59 73 74 
27 28 44 55 59 71 72 75 
27 28 44 55 59 71 72 73 74 
27 28 44 55 58 59 73 75 
27 28 44 55 58 59 73 74 
27 28 44 55 58 59 71 72 75 
27 28 44 55 58 59 71 72 73 74 
27 28 44 55 56 57 59 73 75 
27 28 44 55 56 57 59 73 74 
27 28 44 55 56 57 59 71 72 75 
27 28 44 55 56 57 59 71 72 73 74 
27 28 44 48 55 59 73 
27 28 44 48 55 59 71 72 
27 28 44 48 55 58 59 73 
27 28 44 48 55 58 59 71 72 
27 28 44 48 55 56 57 59 73 
27 28 44 48 55 56 57 59 71 72 
27 28 44 46 55 59 75 
27 28 44 46 55 59 73 74 
27 28 44 46 55 58 59 75 
27 28 44 46 55 58 59 73 74 
27 28 44 46 55 56 57 59 75 
27 28 44 46 55 56 57 59 73 74 
27 28 44 46 48 55 59 
27 28 44 46 48 55 58 59 
27 28 44 46 48 55 56 57 59 
27 28 33 57 71 
27 28 33 57 69 70 
27 28 33 44 57 
27 28 31 55 59 71 73 75 
27 28 31 55 59 71 73 74 
27 28 31 55 59 71 72 75 
27 28 31 55 59 71 72 73 74 
27 28 31 55 59 69 70 73 75 
27 28 31 55 59 69 70 73 74 
27 28 31 55 59 69 70 71 72 75 
27 28 31 55 59 69 70 71 72 73 74 
27 28 31 48 55 59 71 73 
27 28 31 48 55 59 71 72 
27 28 31 48 55 59 69 70 73 
27 28 31 48 55 59 69 70 71 72 
27 28 31 46 55 59 71 75 
27 28 31 46 55 59 71 73 74 
27 28 31 46 55 59 69 70 75 
27 28 31 46 55 59 69 70 73 74 
27 28 31 46 48 55 59 71 
27 28 31 46 48 55 59 69 70 
27 28 31 44 55 59 73 75 
27 28 31 44 55 59 73 74 
27 28 31 44 55 59 71 72 75 
27 28 31 44 55 59 71 72 73 74 
27 28 31 44 48 55 59 73 
27 28 31 44 48 55 59 71 72 
27 28 31 44 46 55 59 75 
27 28 31 44 46 55 59 73 74 
27 28 31 44 46 48 55 59 
26 68 
26 67 
26 65 66 67 
26 49 68 
26 47 48 68 
26 40 67 
24 67 
24 65 66 
24 40 
24 31 67 
24 31 65 66 
24 31 40 
23 68 79 
23 68 77 78 
23 65 68 
23 62 68 
23 60 61 68 
23 53 68 
23 52 68 
23 51 52 68 
23 40 
23 40 67 
23 40 65 
23 40 65 67 
23 33 68 79 
23 33 68 77 78 
23 33 65 68 
23 33 52 68 
23 26 68 
22 68 
22 62 68 
22 60 61 68 
22 53 68 
22 51 52 68 
22 26 68 
21 56 57 71 73 
21 56 57 71 72 
21 56 57 69 70 73 
21 56 57 69 70 71 72 
21 54 55 57 71 73 
21 54 55 57 71 72 
21 54 55 57 69 70 73 
21 54 55 57 69 70 71 72 
21 46 56 57 71 
21 46 56 57 69 70 
21 46 54 55 57 71 
21 46 54 55 57 69 70 
21 44 56 57 73 
21 44 56 57 71 72 
21 44 54 55 57 73 
21 44 54 55 57 71 72 
21 44 46 56 57 
21 44 46 54 55 57 
21 29 57 71 73 
21 29 57 71 72 
21 29 57 69 70 73 
21 29 57 69 70 71 72 
21 29 46 57 71 
21 29 46 57 69 70 
21 29 44 57 73 
21 29 44 57 71 72 
21 29 44 46 57 
20 56 57 71 73 
20 56 57 71 72 
20 56 57 69 70 73 
20 56 57 69 70 71 72 
20 55 59 62 71 75 
20 55 59 62 71 73 
20 55 59 62 71 73 74 
20 55 59 62 71 72 
20 55 59 62 69 70 75 
20 55 59 62 69 70 73 
20 55 59 62 69 70 73 74 
20 55 59 62 69 70 71 72 
20 55 59 60 62 71 75 
20 55 59 60 62 71 73 74 
20 55 59 60 62 69 70 75 
20 55 59 60 62 69 70 73 74 
20 55 59 60 61 71 73 
20 55 59 60 61 71 72 
20 55 59 60 61 69 70 73 
20 55 59 60 61 69 70 71 72 
20 55 58 59 62 71 75 
20 55 58 59 62 71 73 74 
20 55 58 59 62 69 70 75 
20 55 58 59 62 69 70 73 74 
20 55 58 59 60 61 71 75 
20 55 58 59 60 61 71 73 74 
20 55 58 59 60 61 69 70 75 
20 55 58 59 60 61 69 70 73 74 
20 54 55 57 71 73 
20 54 55 57 71 72 
20 54 55 57 69 70 73 
20 54 55 57 69 70 71 72 
20 48 55 59 62 71 
20 48 55 59 62 69 70 
20 48 55 59 60 62 71 
20 48 55 59 60 62 69 70 
20 48 55 58 59 62 71 
20 48 55 58 59 62 69 70 
20 48 55 58 59 60 61 71 
20 48 55 58 59 60 61 69 70 
20 46 56 57 71 
20 46 56 57 69 70 
20 46 55 59 62 71 
20 46 55 59 62 69 70 
20 46 55 59 60 61 71 
20 46 55 59 60 61 69 70 
20 46 54 55 57 71 
20 46 54 55 57 69 70 
20 44 56 57 73 
20 44 56 57 71 72 
20 44 55 59 62 75 
20 44 55 59 62 73 
20 44 55 59 62 73 74 
20 44 55 59 62 71 72 
20 44 55 59 60 62 75 
20 44 55 59 60 62 73 74 
20 44 55 59 60 61 73 
20 44 55 59 60 61 71 72 
20 44 55 58 59 62 75 
20 44 55 58 59 62 73 74 
20 44 55 58 59 60 61 75 
20 44 55 58 59 60 61 73 74 
20 44 54 55 57 73 
20 44 54 55 57 71 72 
20 44 48 55 59 62 
20 44 48 55 59 60 62 
20 44 48 55 58 59 62 
20 44 48 55 58 59 60 61 
20 44 46 56 57 
20 44 46 55 59 62 
20 44 46 55 59 60 61 
20 44 46 54 55 57 
20 35 55 59 71 75 
20 35 55 59 71 73 
20 35 55 59 71 73 74 
20 35 55 59 71 72 
20 35 55 59 69 70 75 
20 35 55 59 69 70 73 
20 35 55 59 69 70 73 74 
20 35 55 59 69 70 71 72 
20 35 55 59 60 71 75 
20 35 55 59 60 71 73 74 
20 35 55 59 60 69 70 75 
20 35 55 59 60 69 70 73 74 
20 35 55 58 59 71 75 
20 35 55 58 59 71 73 74 
20 35 55 58 59 69 70 75 
20 35 55 58 59 69 70 73 74 
20 35 48 55 59 71 
20 35 48 55 59 69 70 
20 35 48 55 59 60 71 
20 35 48 55 59 60 69 70 
20 35 48 55 58 59 71 
20 35 48 55 58 59 69 70 
20 35 46 55 59 71 
20 35 46 55 59 69 70 
20 35 44 55 59 75 
20 35 44 55 59 73 
20 35 44 55 59 73 74 
20 35 44 55 59 71 72 
20 35 44 55 59 60 75 
20 35 44 55 59 60 73 74 
20 35 44 55 58 59 75 
20 35 44 55 58 59 73 74 
20 35 44 48 55 59 
20 35 44 48 55 59 60 
20 35 44 48 55 58 59 
20 35 44 46 55 59 
20 33 55 59 62 71 75 
20 33 55 59 62 71 73 74 
20 33 55 59 62 69 70 75 
20 33 55 59 62 69 70 73 74 
20 33 55 59 60 61 71 75 
20 33 55 59 60 61 71 73 74 
20 33 55 59 60 61 69 70 75 
20 33 55 59 60 61 69 70 73 74 
20 33 48 55 59 62 71 
20 33 48 55 59 62 69 70 
20 33 48 55 59 60 61 71 
20 33 48 55 59 60 61 69 70 
20 33 44 55 59 62 75 
20 33 44 55 59 62 73 74 
20 33 44 55 59 60 61 75 
20 33 44 55 59 60 61 73 74 
20 33 44 48 55 59 62 
20 33 44 48 55 59 60 61 
20 33 35 55 59 71 75 
20 33 35 55 59 71 73 74 
20 33 35 55 59 69 70 75 
20 33 35 55 59 69 70 73 74 
20 33 35 48 55 59 71 
20 33 35 48 55 59 69 70 
20 33 35 44 55 59 75 
20 33 35 44 55 59 73 74 
20 33 35 44 48 55 59 
20 29 57 71 73 
20 29 57 71 72 
20 29 57 69 70 73 
20 29 57 69 70 71 72 
20 29 46 57 71 
20 29 46 57 69 70 
20 29 44 57 73 
20 29 44 57 71 72 
20 29 44 46 57 
19 55 59 60 62 71 75 
19 55 59 60 62 71 73 74 
19 55 59 60 62 69 70 75 
19 55 59 60 62 69 70 73 74 
19 55 59 60 61 71 75 
19 55 59 60 61 71 73 74 
19 55 59 60 61 69 70 75 
19 55 59 60 61 69 70 73 74 
19 55 58 59 62 71 75 
19 55 58 59 62 71 73 74 
19 55 58 59 62 69 70 75 
19 55 58 59 62 69 70 73 74 
19 55 58 59 60 61 71 75 
19 55 58 59 60 61 71 73 74 
19 55 58 59 60 61 69 70 75 
19 55 58 59 60 61 69 70 73 74 
19 48 55 59 60 62 71 
19 48 55 59 60 62 69 70 
19 48 55 59 60 61 71 
19 48 55 59 60 61 69 70 
19 48 55 58 59 62 71 
19 48 55 58 59 62 69 70 
19 48 55 58 59 60 61 71 
19 48 55 58 59 60 61 69 70 
19 44 55 59 60 62 75 
19 44 55 59 60 62 73 74 
19 44 55 59 60 61 75 
19 44 55 59 60 61 73 74 
19 44 55 58 59 62 75 
19 44 55 58 59 62 73 74 
19 44 55 58 59 60 61 75 
19 44 55 58 59 60 61 73 74 
19 44 48 55 59 60 62 
19 44 48 55 59 60 61 
19 44 48 55 58 59 62 
19 44 48 55 58 59 60 61 
19 35 55 59 60 71 75 
19 35 55 59 60 71 73 74 
19 35 55 59 60 69 70 75 
19 35 55 59 60 69 70 73 74 
19 35 55 58 59 71 75 
19 35 55 58 59 71 73 74 
19 35 55 58 59 69 70 75 
19 35 55 58 59 69 70 73 74 
19 35 48 55 59 60 71 
19 35 48 55 59 60 69 70 
19 35 48 55 58 59 71 
19 35 48 55 58 59 69 70 
19 35 44 55 59 60 75 
19 35 44 55 59 60 73 74 
19 35 44 55 58 59 75 
19 35 44 55 58 59 73 74 
19 35 44 48 55 59 60 
19 35 44 48 55 58 59 
19 33 55 59 62 71 75 
19 33 55 59 62 71 73 74 
19 33 55 59 62 69 70 75 
19 33 55 59 62 69 70 73 74 
19 33 55 59 60 61 71 75 
19 33 55 59 60 61 71 73 74 
19 33 55 59 60 61 69 70 75 
19 33 55 59 60 61 69 70 73 74 
19 33 48 55 59 62 71 
19 33 48 55 59 62 69 70 
19 33 48 55 59 60 61 71 
19 33 48 55 59 60 61 69 70 
19 33 44 55 59 62 75 
19 33 44 55 59 62 73 74 
19 33 44 55 59 60 61 75 
19 33 44 55 59 60 61 73 74 
19 33 44 48 55 59 62 
19 33 44 48 55 59 60 61 
19 33 35 55 59 71 75 
19 33 35 55 59 71 73 74 
19 33 35 55 59 69 70 75 
19 33 35 55 59 69 70 73 74 
19 33 35 48 55 59 71 
19 33 35 48 55 59 69 70 
19 33 35 44 55 59 75 
19 33 35 44 55 59 73 74 
19 33 35 44 48 55 59 
18 68 
16 57 71 73 
16 57 71 72 
16 57 69 70 73 
16 57 69 70 71 72 
16 46 57 71 
16 46 57 69 70 
16 44 57 73 
16 44 57 71 72 
16 44 46 57 
14 59 73 75 
14 59 73 74 
14 59 71 72 75 
14 59 71 72 73 74 
14 59 60 73 77 
14 59 60 73 75 76 
14 59 60 71 72 77 
14 59 60 71 72 75 76 
14 59 60 68 73 75 77 
14 59 60 68 73 75 76 
14 59 60 68 73 74 77 
14 59 60 68 73 74 75 76 
14 59 60 68 71 72 75 77 
14 59 60 68 71 72 75 76 
14 59 60 68 71 72 73 74 77 
14 59 60 68 71 72 73 74 75 76 
14 58 59 73 77 
14 58 59 73 75 77 
14 58 59 73 74 77 
14 58 59 73 74 75 76 
14 58 59 71 72 77 
14 58 59 71 72 75 77 
14 58 59 71 72 73 74 77 
14 58 59 71 72 73 74 75 76 
14 58 59 68 73 75 77 
14 58 59 68 73 75 76 
14 58 59 68 73 74 77 
14 58 59 68 73 74 75 76 
14 58 59 68 71 72 75 77 
14 58 59 68 71 72 75 76 
14 58 59 68 71 72 73 74 77 
14 58 59 68 71 72 73 74 75 76 
14 58 59 60 73 75 77 
14 58 59 60 73 75 76 
14 58 59 60 73 74 77 
14 58 59 60 73 74 75 76 
14 58 59 60 71 72 75 77 
14 58 59 60 71 72 75 76 
14 58 59 60 71 72 73 74 77 
14 58 59 60 71 72 73 74 75 76 
14 57 73 
14 57 71 72 
14 57 62 73 
14 57 62 71 72 
14 57 62 68 73 
14 57 62 68 73 77 
14 57 62 68 73 75 76 
14 57 62 68 71 72 
14 57 62 68 71 72 77 
14 57 62 68 71 72 75 76 
14 57 60 73 
14 57 60 73 77 
14 57 60 73 75 77 
14 57 60 73 74 77 
14 57 60 73 74 75 76 
14 57 60 71 72 
14 57 60 71 72 77 
14 57 60 71 72 75 77 
14 57 60 71 72 73 74 77 
14 57 60 71 72 73 74 75 76 
14 57 60 68 73 
14 57 60 68 73 75 77 
14 57 60 68 73 75 76 
14 57 60 68 73 74 77 
14 57 60 68 73 74 75 76 
14 57 60 68 71 72 
14 57 60 68 71 72 75 77 
14 57 60 68 71 72 75 76 
14 57 60 68 71 72 73 74 77 
14 57 60 68 71 72 73 74 75 76 
14 57 60 61 73 
14 57 60 61 71 72 
14 57 60 61 68 73 
14 57 60 61 68 73 77 
14 57 60 61 68 73 75 76 
14 57 60 61 68 71 72 
14 57 60 61 68 71 72 77 
14 57 60 61 68 71 72 75 76 
14 57 58 60 73 77 
14 57 58 60 73 75 76 
14 57 58 60 71 72 77 
14 57 58 60 71 72 75 76 
14 57 58 59 73 
14 57 58 59 73 75 77 
14 57 58 59 73 75 76 
14 57 58 59 73 74 77 
14 57 58 59 73 74 75 76 
14 57 58 59 71 72 
14 57 58 59 71 72 75 77 
14 57 58 59 71 72 75 76 
14 57 58 59 71 72 73 74 77 
14 57 58 59 71 72 73 74 75 76 
14 57 58 59 68 73 
14 57 58 59 68 73 75 77 
14 57 58 59 68 73 75 76 
14 57 58 59 68 73 74 77 
14 57 58 59 68 73 74 75 76 
14 57 58 59 68 71 72 
14 57 58 59 68 71 72 75 77 
14 57 58 59 68 71 72 75 76 
14 57 58 59 68 71 72 73 74 77 
14 57 58 59 68 71 72 73 74 75 76 
14 56 57 60 73 77 
14 56 57 60 73 75 76 
14 56 57 60 71 72 77 
14 56 57 60 71 72 75 76 
14 56 57 59 60 73 75 77 
14 56 57 59 60 73 75 76 
14 56 57 59 60 73 74 77 
14 56 57 59 60 73 74 75 76 
14 56 57 59 60 71 72 75 77 
14 56 57 59 60 71 72 75 76 
14 56 57 59 60 71 72 73 74 77 
14 56 57 59 60 71 72 73 74 75 76 
14 56 57 58 59 73 77 
14 56 57 58 59 73 75 77 
14 56 57 58 59 73 74 77 
14 56 57 58 59 73 74 75 76 
14 56 57 58 59 71 72 77 
14 56 57 58 59 71 72 75 77 
14 56 57 58 59 71 72 73 74 77 
14 56 57 58 59 71 72 73 74 75 76 
14 50 59 60 73 
14 50 59 60 71 72 
14 50 59 60 68 73 75 
14 50 59 60 68 73 74 
14 50 59 60 68 71 72 75 
14 50 59 60 68 71 72 73 74 
14 50 58 59 73 
14 50 58 59 73 75 
14 50 58 59 73 74 
14 50 58 59 71 72 
14 50 58 59 71 72 75 
14 50 58 59 71 72 73 74 
14 50 58 59 68 73 75 
14 50 58 59 68 73 74 
14 50 58 59 68 71 72 75 
14 50 58 59 68 71 72 73 74 
14 50 58 59 60 73 75 
14 50 58 59 60 73 74 
14 50 58 59 60 71 72 75 
14 50 58 59 60 71 72 73 74 
14 50 57 62 68 73 
14 50 57 62 68 71 72 
14 50 57 60 73 
14 50 57 60 73 75 
14 50 57 60 73 74 
14 50 57 60 71 72 
14 50 57 60 71 72 75 
14 50 57 60 71 72 73 74 
14 50 57 60 68 73 75 
14 50 57 60 68 73 74 
14 50 57 60 68 71 72 75 
14 50 57 60 68 71 72 73 74 
14 50 57 60 61 68 73 
14 50 57 60 61 68 71 72 
14 50 57 58 60 73 
14 50 57 58 60 71 72 
14 50 57 58 59 73 75 
14 50 57 58 59 73 74 
14 50 57 58 59 71 72 75 
14 50 57 58 59 71 72 73 74 
14 50 57 58 59 68 73 75 
14 50 57 58 59 68 73 74 
14 50 57 58 59 68 71 72 75 
14 50 57 58 59 68 71 72 73 74 
14 50 56 57 60 73 
14 50 56 57 60 71 72 
14 50 56 57 59 60 73 75 
14 50 56 57 59 60 73 74 
14 50 56 57 59 60 71 72 75 
14 50 56 57 59 60 71 72 73 74 
14 50 56 57 58 59 73 
14 50 56 57 58 59 73 75 
14 50 56 57 58 59 73 74 
14 50 56 57 58 59 71 72 
14 50 56 57 58 59 71 72 75 
14 50 56 57 58 59 71 72 73 74 
14 48 59 73 
14 48 59 71 72 
14 48 59 60 68 73 77 
14 48 59 60 68 73 75 76 
14 48 59 60 68 71 72 77 
14 48 59 60 68 71 72 75 76 
14 48 58 59 73 77 
14 48 58 59 73 75 76 
14 48 58 59 71 72 77 
14 48 58 59 71 72 75 76 
14 48 58 59 68 73 77 
14 48 58 59 68 73 75 76 
14 48 58 59 68 71 72 77 
14 48 58 59 68 71 72 75 76 
14 48 58 59 60 73 77 
14 48 58 59 60 73 75 76 
14 48 58 59 60 71 72 77 
14 48 58 59 60 71 72 75 76 
14 48 57 60 73 77 
14 48 57 60 73 75 76 
14 48 57 60 71 72 77 
14 48 57 60 71 72 75 76 
14 48 57 60 68 73 77 
14 48 57 60 68 73 75 76 
14 48 57 60 68 71 72 77 
14 48 57 60 68 71 72 75 76 
14 48 57 58 59 73 77 
14 48 57 58 59 73 75 76 
14 48 57 58 59 71 72 77 
14 48 57 58 59 71 72 75 76 
14 48 57 58 59 68 73 77 
14 48 57 58 59 68 73 75 76 
14 48 57 58 59 68 71 72 77 
14 48 57 58 59 68 71 72 75 76 
14 48 56 57 59 60 73 77 
14 48 56 57 59 60 73 75 76 
14 48 56 57 59 60 71 72 77 
14 48 56 57 59 60 71 72 75 76 
14 48 56 57 58 59 73 77 
14 48 56 57 58 59 73 75 76 
14 48 56 57 58 59 71 72 77 
14 48 56 57 58 59 71 72 75 76 
14 48 50 59 60 68 73 
14 48 50 59 60 68 71 72 
14 48 50 58 59 73 
14 48 50 58 59 71 72 
14 48 50 58 59 68 73 
14 48 50 58 59 68 71 72 
14 48 50 58 59 60 73 
14 48 50 58 59 60 71 72 
14 48 50 57 60 73 
14 48 50 57 60 71 72 
14 48 50 57 60 68 73 
14 48 50 57 60 68 71 72 
14 48 50 57 58 59 73 
14 48 50 57 58 59 71 72 
14 48 50 57 58 59 68 73 
14 48 50 57 58 59 68 71 72 
14 48 50 56 57 59 60 73 
14 48 50 56 57 59 60 71 72 
14 48 50 56 57 58 59 73 
14 48 50 56 57 58 59 71 72 
14 46 59 75 
14 46 59 73 74 
14 46 59 60 77 
14 46 59 60 75 76 
14 46 59 60 68 75 77 
14 46 59 60 68 75 76 
14 46 59 60 68 73 74 77 
14 46 59 60 68 73 74 75 76 
14 46 58 59 77 
14 46 58 59 75 77 
14 46 58 59 73 74 77 
14 46 58 59 73 74 75 76 
14 46 58 59 68 75 77 
14 46 58 59 68 75 76 
14 46 58 59 68 73 74 77 
14 46 58 59 68 73 74 75 76 
14 46 58 59 60 75 77 
14 46 58 59 60 75 76 
14 46 58 59 60 73 74 77 
14 46 58 59 60 73 74 75 76 
14 46 57 
14 46 57 62 
14 46 57 62 68 
14 46 57 62 68 77 
14 46 57 62 68 75 76 
14 46 57 60 
14 46 57 60 77 
14 46 57 60 75 77 
14 46 57 60 73 74 77 
14 46 57 60 73 74 75 76 
14 46 57 60 68 
14 46 57 60 68 75 77 
14 46 57 60 68 75 76 
14 46 57 60 68 73 74 77 
14 46 57 60 68 73 74 75 76 
14 46 57 60 61 
14 46 57 60 61 68 
14 46 57 60 61 68 77 
14 46 57 60 61 68 75 76 
14 46 57 58 60 77 
14 46 57 58 60 75 76 
14 46 57 58 59 
14 46 57 58 59 75 77 
14 46 57 58 59 75 76 
14 46 57 58 59 73 74 77 
14 46 57 58 59 73 74 75 76 
14 46 57 58 59 68 
14 46 57 58 59 68 75 77 
14 46 57 58 59 68 75 76 
14 46 57 58 59 68 73 74 77 
14 46 57 58 59 68 73 74 75 76 
14 46 56 57 60 77 
14 46 56 57 60 75 76 
14 46 56 57 59 60 75 77 
14 46 56 57 59 60 75 76 
14 46 56 57 59 60 73 74 77 
14 46 56 57 59 60 73 74 75 76 
14 46 56 57 58 59 77 
14 46 56 57 58 59 75 77 
14 46 56 57 58 59 73 74 77 
14 46 56 57 58 59 73 74 75 76 
14 46 50 59 60 
14 46 50 59 60 68 75 
14 46 50 59 60 68 73 74 
14 46 50 58 59 
14 46 50 58 59 75 
14 46 50 58 59 73 74 
14 46 50 58 59 68 75 
14 46 50 58 59 68 73 74 
14 46 50 58 59 60 75 
14 46 50 58 59 60 73 74 
14 46 50 57 62 68 
14 46 50 57 60 
14 46 50 57 60 75 
14 46 50 57 60 73 74 
14 46 50 57 60 68 75 
14 46 50 57 60 68 73 74 
14 46 50 57 60 61 68 
14 46 50 57 58 60 
14 46 50 57 58 59 75 
14 46 50 57 58 59 73 74 
14 46 50 57 58 59 68 75 
14 46 50 57 58 59 68 73 74 
14 46 50 56 57 60 
14 46 50 56 57 59 60 75 
14 46 50 56 57 59 60 73 74 
14 46 50 56 57 58 59 
14 46 50 56 57 58 59 75 
14 46 50 56 57 58 59 73 74 
14 46 48 59 
14 46 48 59 60 68 77 
14 46 48 59 60 68 75 76 
14 46 48 58 59 77 
14 46 48 58 59 75 76 
14 46 48 58 59 68 77 
14 46 48 58 59 68 75 76 
14 46 48 58 59 60 77 
14 46 48 58 59 60 75 76 
14 46 48 57 60 77 
14 46 48 57 60 75 76 
14 46 48 57 60 68 77 
14 46 48 57 60 68 75 76 
14 46 48 57 58 59 77 
14 46 48 57 58 59 75 76 
14 46 48 57 58 59 68 77 
14 46 48 57 58 59 68 75 76 
14 46 48 56 57 59 60 77 
14 46 48 56 57 59 60 75 76 
14 46 48 56 57 58 59 77 
14 46 48 56 57 58 59 75 76 
14 46 48 50 59 60 68 
14 46 48 50 58 59 
14 46 48 50 58 59 68 
14 46 48 50 58 59 60 
14 46 48 50 57 60 
14 46 48 50 57 60 68 
14 46 48 50 57 58 59 
14 46 48 50 57 58 59 68 
14 46 48 50 56 57 59 60 
14 46 48 50 56 57 58 59 
14 35 57 73 
14 35 57 71 72 
14 35 57 68 73 
14 35 57 68 73 77 
14 35 57 68 73 75 76 
14 35 57 68 71 72 
14 35 57 68 71 72 77 
14 35 57 68 71 72 75 76 
14 35 50 57 68 73 
14 35 50 57 68 71 72 
14 35 46 57 
14 35 46 57 68 
14 35 46 57 68 77 
14 35 46 57 68 75 76 
14 35 46 50 57 68 
14 33 59 73 77 
14 33 59 73 75 76 
14 33 59 71 72 77 
14 33 59 71 72 75 76 
14 33 59 68 73 75 77 
14 33 59 68 73 75 76 
14 33 59 68 73 74 77 
14 33 59 68 73 74 75 76 
14 33 59 68 71 72 75 77 
14 33 59 68 71 72 75 76 
14 33 59 68 71 72 73 74 77 
14 33 59 68 71 72 73 74 75 76 
14 33 58 59 73 75 77 
14 33 58 59 73 75 76 
14 33 58 59 73 74 77 
14 33 58 59 73 74 75 76 
14 33 58 59 71 72 75 77 
14 33 58 59 71 72 75 76 
14 33 58 59 71 72 73 74 77 
14 33 58 59 71 72 73 74 75 76 
14 33 57 73 
14 33 57 73 77 
14 33 57 73 75 77 
14 33 57 73 74 77 
14 33 57 73 74 75 76 
14 33 57 71 72 
14 33 57 71 72 77 
14 33 57 71 72 75 77 
14 33 57 71 72 73 74 77 
14 33 57 71 72 73 74 75 76 
14 33 57 68 73 
14 33 57 68 73 75 77 
14 33 57 68 73 75 76 
14 33 57 68 73 74 77 
14 33 57 68 73 74 75 76 
14 33 57 68 71 72 
14 33 57 68 71 72 75 77 
14 33 57 68 71 72 75 76 
14 33 57 68 71 72 73 74 77 
14 33 57 68 71 72 73 74 75 76 
14 33 57 58 73 77 
14 33 57 58 73 75 76 
14 33 57 58 71 72 77 
14 33 57 58 71 72 75 76 
14 33 56 57 73 77 
14 33 56 57 73 75 76 
14 33 56 57 71 72 77 
14 33 56 57 71 72 75 76 
14 33 56 57 59 73 75 77 
14 33 56 57 59 73 75 76 
14 33 56 57 59 73 74 77 
14 33 56 57 59 73 74 75 76 
14 33 56 57 59 71 72 75 77 
14 33 56 57 59 71 72 75 76 
14 33 56 57 59 71 72 73 74 77 
14 33 56 57 59 71 72 73 74 75 76 
14 33 50 59 73 
14 33 50 59 71 72 
14 33 50 59 68 73 75 
14 33 50 59 68 73 74 
14 33 50 59 68 71 72 75 
14 33 50 59 68 71 72 73 74 
14 33 50 58 59 73 75 
14 33 50 58 59 73 74 
14 33 50 58 59 71 72 75 
14 33 50 58 59 71 72 73 74 
14 33 50 57 73 
14 33 50 57 73 75 
14 33 50 57 73 74 
14 33 50 57 71 72 
14 33 50 57 71 72 75 
14 33 50 57 71 72 73 74 
14 33 50 57 68 73 75 
14 33 50 57 68 73 74 
14 33 50 57 68 71 72 75 
14 33 50 57 68 71 72 73 74 
14 33 50 57 58 73 
14 33 50 57 58 71 72 
14 33 50 56 57 73 
14 33 50 56 57 71 72 
14 33 50 56 57 59 73 75 
14 33 50 56 57 59 73 74 
14 33 50 56 57 59 71 72 75 
14 33 50 56 57 59 71 72 73 74 
14 33 48 59 68 73 77 
14 33 48 59 68 73 75 76 
14 33 48 59 68 71 72 77 
14 33 48 59 68 71 72 75 76 
14 33 48 58 59 73 77 
14 33 48 58 59 73 75 76 
14 33 48 58 59 71 72 77 
14 33 48 58 59 71 72 75 76 
14 33 48 57 73 77 
14 33 48 57 73 75 76 
14 33 48 57 71 72 77 
14 33 48 57 71 72 75 76 
14 33 48 57 68 73 77 
14 33 48 57 68 73 75 76 
14 33 48 57 68 71 72 77 
14 33 48 57 68 71 72 75 76 
14 33 48 56 57 59 73 77 
14 33 48 56 57 59 73 75 76 
14 33 48 56 57 59 71 72 77 
14 33 48 56 57 59 71 72 75 76 
14 33 48 50 59 68 73 
14 33 48 50 59 68 71 72 
14 33 48 50 58 59 73 
14 33 48 50 58 59 71 72 
14 33 48 50 57 73 
14 33 48 50 57 71 72 
14 33 48 50 57 68 73 
14 33 48 50 57 68 71 72 
14 33 48 50 56 57 59 73 
14 33 48 50 56 57 59 71 72 
14 33 46 59 77 
14 33 46 59 75 76 
14 33 46 59 68 75 77 
14 33 46 59 68 75 76 
14 33 46 59 68 73 74 77 
14 33 46 59 68 73 74 75 76 
14 33 46 58 59 75 77 
14 33 46 58 59 75 76 
14 33 46 58 59 73 74 77 
14 33 46 58 59 73 74 75 76 
14 33 46 57 
14 33 46 57 77 
14 33 46 57 75 77 
14 33 46 57 73 74 77 
14 33 46 57 73 74 75 76 
14 33 46 57 68 
14 33 46 57 68 75 77 
14 33 46 57 68 75 76 
14 33 46 57 68 73 74 77 
14 33 46 57 68 73 74 75 76 
14 33 46 57 58 77 
14 33 46 57 58 75 76 
14 33 46 56 57 77 
14 33 46 56 57 75 76 
14 33 46 56 57 59 75 77 
14 33 46 56 57 59 75 76 
14 33 46 56 57 59 73 74 77 
14 33 46 56 57 59 73 74 75 76 
14 33 46 50 59 
14 33 46 50 59 68 75 
14 33 46 50 59 68 73 74 
14 33 46 50 58 59 75 
14 33 46 50 58 59 73 74 
14 33 46 50 57 
14 33 46 50 57 75 
14 33 46 50 57 73 74 
14 33 46 50 57 68 75 
14 33 46 50 57 68 73 74 
14 33 46 50 57 58 
14 33 46 50 56 57 
14 33 46 50 56 57 59 75 
14 33 46 50 56 57 59 73 74 
14 33 46 48 59 68 77 
14 33 46 48 59 68 75 76 
14 33 46 48 58 59 77 
14 33 46 48 58 59 75 76 
14 33 46 48 57 77 
14 33 46 48 57 75 76 
14 33 46 48 57 68 77 
14 33 46 48 57 68 75 76 
14 33 46 48 56 57 59 77 
14 33 46 48 56 57 59 75 76 
14 33 46 48 50 59 68 
14 33 46 48 50 58 59 
14 33 46 48 50 57 
14 33 46 48 50 57 68 
14 33 46 48 50 56 57 59 
14 31 59 60 73 75 77 
14 31 59 60 73 75 76 
14 31 59 60 73 74 77 
14 31 59 60 73 74 75 76 
14 31 59 60 71 72 75 77 
14 31 59 60 71 72 75 76 
14 31 59 60 71 72 73 74 77 
14 31 59 60 71 72 73 74 75 76 
14 31 58 59 73 75 77 
14 31 58 59 73 75 76 
14 31 58 59 73 74 77 
14 31 58 59 73 74 75 76 
14 31 58 59 71 72 75 77 
14 31 58 59 71 72 75 76 
14 31 58 59 71 72 73 74 77 
14 31 58 59 71 72 73 74 75 76 
14 31 57 60 73 77 
14 31 57 60 73 75 76 
14 31 57 60 71 72 77 
14 31 57 60 71 72 75 76 
14 31 57 58 59 73 77 
14 31 57 58 59 73 75 76 
14 31 57 58 59 71 72 77 
14 31 57 58 59 71 72 75 76 
14 31 50 59 60 73 75 
14 31 50 59 60 73 74 
14 31 50 59 60 71 72 75 
14 31 50 59 60 71 72 73 74 
14 31 50 58 59 73 75 
14 31 50 58 59 73 74 
14 31 50 58 59 71 72 75 
14 31 50 58 59 71 72 73 74 
14 31 50 57 60 73 
14 31 50 57 60 71 72 
14 31 50 57 58 59 73 
14 31 50 57 58 59 71 72 
14 31 48 59 60 73 77 
14 31 48 59 60 73 75 76 
14 31 48 59 60 71 72 77 
14 31 48 59 60 71 72 75 76 
14 31 48 58 59 73 77 
14 31 48 58 59 73 75 76 
14 31 48 58 59 71 72 77 
14 31 48 58 59 71 72 75 76 
14 31 48 50 59 60 73 
14 31 48 50 59 60 71 72 
14 31 48 50 58 59 73 
14 31 48 50 58 59 71 72 
14 31 46 59 60 75 77 
14 31 46 59 60 75 76 
14 31 46 59 60 73 74 77 
14 31 46 59 60 73 74 75 76 
14 31 46 58 59 75 77 
14 31 46 58 59 75 76 
14 31 46 58 59 73 74 77 
14 31 46 58 59 73 74 75 76 
14 31 46 57 60 77 
14 31 46 57 60 75 76 
14 31 46 57 58 59 77 
14 31 46 57 58 59 75 76 
14 31 46 50 59 60 75 
14 31 46 50 59 60 73 74 
14 31 46 50 58 59 75 
14 31 46 50 58 59 73 74 
14 31 46 50 57 60 
14 31 46 50 57 58 59 
14 31 46 48 59 60 77 
14 31 46 48 59 60 75 76 
14 31 46 48 58 59 77 
14 31 46 48 58 59 75 76 
14 31 46 48 50 59 60 
14 31 46 48 50 58 59 
14 31 33 59 73 75 77 
14 31 33 59 73 75 76 
14 31 33 59 73 74 77 
14 31 33 59 73 74 75 76 
14 31 33 59 71 72 75 77 
14 31 33 59 71 72 75 76 
14 31 33 59 71 72 73 74 77 
14 31 33 59 71 72 73 74 75 76 
14 31 33 57 73 77 
14 31 33 57 73 75 76 
14 31 33 57 71 72 77 
14 31 33 57 71 72 75 76 
14 31 33 50 59 73 75 
14 31 33 50 59 73 74 
14 31 33 50 59 71 72 75 
14 31 33 50 59 71 72 73 74 
14 31 33 50 57 73 
14 31 33 50 57 71 72 
14 31 33 48 59 73 77 
14 31 33 48 59 73 75 76 
14 31 33 48 59 71 72 77 
14 31 33 48 59 71 72 75 76 
14 31 33 48 50 59 73 
14 31 33 48 50 59 71 72 
14 31 33 46 59 75 77 
14 31 33 46 59 75 76 
14 31 33 46 59 73 74 77 
14 31 33 46 59 73 74 75 76 
14 31 33 46 57 77 
14 31 33 46 57 75 76 
14 31 33 46 50 59 75 
14 31 33 46 50 59 73 74 
14 31 33 46 50 57 
14 31 33 46 48 59 77 
14 31 33 46 48 59 75 76 
14 31 33 46 48 50 59 
8 67 
8 65 67 
8 40 
8 40 65 
7 67 
7 65 66 
7 40 
6 56 57 71 73 
6 56 57 71 72 
6 56 57 69 70 73 
6 56 57 69 70 71 72 
6 54 55 57 71 73 
6 54 55 57 71 72 
6 54 55 57 69 70 73 
6 54 55 57 69 70 71 72 
6 46 56 57 71 
6 46 56 57 69 70 
6 46 54 55 57 71 
6 46 54 55 57 69 70 
6 44 56 57 73 
6 44 56 57 71 72 
6 44 54 55 57 73 
6 44 54 55 57 71 72 
6 44 46 56 57 
6 44 46 54 55 57 
6 29 57 71 73 
6 29 57 71 72 
6 29 57 69 70 73 
6 29 57 69 70 71 72 
6 29 46 57 71 
6 29 46 57 69 70 
6 29 44 57 73 
6 29 44 57 71 72 
6 29 44 46 57 
6 7 67 
6 7 65 67 
6 7 40 
6 7 40 65 
5 68 
5 68 79 
5 68 77 78 
5 67 
5 65 68 
5 65 66 
5 62 68 
5 60 61 68 
5 53 68 
5 52 68 
5 51 52 68 
5 40 
5 33 68 79 
5 33 68 77 78 
5 33 65 68 
5 33 52 68 
5 26 68 
2 57 60 71 
2 57 60 69 70 
2 57 58 59 71 
2 57 58 59 69 70 
2 55 59 71 73 75 
2 55 59 71 73 74 
2 55 59 71 72 75 
2 55 59 71 72 73 74 
2 55 59 69 70 73 75 
2 55 59 69 70 73 74 
2 55 59 69 70 71 72 75 
2 55 59 69 70 71 72 73 74 
2 55 58 59 71 73 75 
2 55 58 59 71 73 74 
2 55 58 59 71 72 75 
2 55 58 59 71 72 73 74 
2 55 58 59 69 70 73 75 
2 55 58 59 69 70 73 74 
2 55 58 59 69 70 71 72 75 
2 55 58 59 69 70 71 72 73 74 
2 55 56 57 59 71 73 75 
2 55 56 57 59 71 73 74 
2 55 56 57 59 71 72 75 
2 55 56 57 59 71 72 73 74 
2 55 56 57 59 69 70 73 75 
2 55 56 57 59 69 70 73 74 
2 55 56 57 59 69 70 71 72 75 
2 55 56 57 59 69 70 71 72 73 74 
2 48 55 59 71 73 
2 48 55 59 71 72 
2 48 55 59 69 70 73 
2 48 55 59 69 70 71 72 
2 48 55 58 59 71 73 
2 48 55 58 59 71 72 
2 48 55 58 59 69 70 73 
2 48 55 58 59 69 70 71 72 
2 48 55 56 57 59 71 73 
2 48 55 56 57 59 71 72 
2 48 55 56 57 59 69 70 73 
2 48 55 56 57 59 69 70 71 72 
2 46 55 59 71 75 
2 46 55 59 71 73 74 
2 46 55 59 69 70 75 
2 46 55 59 69 70 73 74 
2 46 55 58 59 71 75 
2 46 55 58 59 71 73 74 
2 46 55 58 59 69 70 75 
2 46 55 58 59 69 70 73 74 
2 46 55 56 57 59 71 75 
2 46 55 56 57 59 71 73 74 
2 46 55 56 57 59 69 70 75 
2 46 55 56 57 59 69 70 73 74 
2 46 48 55 59 71 
2 46 48 55 59 69 70 
2 46 48 55 58 59 71 
2 46 48 55 58 59 69 70 
2 46 48 55 56 57 59 71 
2 46 48 55 56 57 59 69 70 
2 44 57 60 
2 44 57 58 59 
2 44 55 59 73 75 
2 44 55 59 73 74 
2 44 55 59 71 72 75 
2 44 55 59 71 72 73 74 
2 44 55 58 59 73 75 
2 44 55 58 59 73 74 
2 44 55 58 59 71 72 75 
2 44 55 58 59 71 72 73 74 
2 44 55 56 57 59 73 75 
2 44 55 56 57 59 73 74 
2 44 55 56 57 59 71 72 75 
2 44 55 56 57 59 71 72 73 74 
2 44 48 55 59 73 
2 44 48 55 59 71 72 
2 44 48 55 58 59 73 
2 44 48 55 58 59 71 72 
2 44 48 55 56 57 59 73 
2 44 48 55 56 57 59 71 72 
2 44 46 55 59 75 
2 44 46 55 59 73 74 
2 44 46 55 58 59 75 
2 44 46 55 58 59 73 74 
2 44 46 55 56 57 59 75 
2 44 46 55 56 57 59 73 74 
2 44 46 48 55 59 
2 44 46 48 55 58 59 
2 44 46 48 55 56 57 59 
2 33 57 71 
2 33 57 69 70 
2 33 44 57 
2 31 55 59 71 73 75 
2 31 55 59 71 73 74 
2 31 55 59 71 72 75 
2 31 55 59 71 72 73 74 
2 31 55 59 69 70 73 75 
2 31 55 59 69 70 73 74 
2 31 55 59 69 70 71 72 75 
2 31 55 59 69 70 71 72 73 74 
2 31 48 55 59 71 73 
2 31 48 55 59 71 72 
2 31 48 55 59 69 70 73 
2 31 48 55 59 69 70 71 72 
2 31 46 55 59 71 75 
2 31 46 55 59 71 73 74 
2 31 46 55 59 69 70 75 
2 31 46 55 59 69 70 73 74 
2 31 46 48 55 59 71 
2 31 46 48 55 59 69 70 
2 31 44 55 59 73 75 
2 31 44 55 59 73 74 
2 31 44 55 59 71 72 75 
2 31 44 55 59 71 72 73 74 
2 31 44 48 55 59 73 
2 31 44 48 55 59 71 72 
2 31 44 46 55 59 75 
2 31 44 46 55 59 73 74 
2 31 44 46 48 55 59 
