69 
69 79 
69 77 78 
69 71 73 77 
69 71 73 75 76 
69 71 72 77 
69 71 72 75 76 
69 70 73 77 
69 70 73 75 76 
69 70 71 72 77 
69 70 71 72 75 76 
68 
68 71 79 
68 71 77 78 
68 69 
68 69 79 
68 69 78 79 
68 69 77 78 
68 69 70 79 
68 69 70 77 78 
67 79 
67 77 
67 77 79 
67 75 76 
67 75 76 79 
67 75 76 77 78 
67 71 79 
67 71 78 79 
67 71 77 78 
67 69 
67 69 70 79 
67 69 70 78 79 
67 69 70 77 78 
67 68 
67 68 78 79 
67 68 71 73 77 
67 68 71 73 75 76 
67 68 71 72 77 
67 68 71 72 75 76 
67 68 69 70 73 77 
67 68 69 70 73 75 76 
67 68 69 70 71 72 77 
67 68 69 70 71 72 75 76 
65 
65 79 
65 77 78 
65 69 
65 68 71 
65 68 69 79 
65 68 69 77 78 
65 68 69 70 
65 67 
65 67 79 
65 67 77 
65 67 77 78 
65 67 75 76 
65 67 71 79 
65 67 71 77 78 
65 67 69 70 79 
65 67 69 70 77 78 
65 67 68 
65 67 68 79 
65 67 68 77 78 
65 66 79 
65 66 77 79 
65 66 75 76 79 
65 66 75 76 77 78 
65 66 71 78 79 
65 66 69 
65 66 69 70 78 79 
65 66 67 68 
64 65 68 69 79 
64 65 68 69 77 78 
64 65 67 71 79 
64 65 67 71 77 78 
64 65 67 69 70 79 
64 65 67 69 70 77 78 
64 65 67 68 79 
64 65 67 68 77 78 
64 65 66 71 79 
64 65 66 71 77 78 
64 65 66 69 70 79 
64 65 66 69 70 77 78 
63 
63 64 79 
63 64 77 78 
63 64 68 69 
63 64 67 
63 64 67 79 
63 64 67 77 78 
63 64 67 71 
63 64 67 69 70 
63 64 67 68 
63 64 65 
63 64 65 67 
63 64 65 66 71 
63 64 65 66 69 70 
62 67 
62 65 66 
60 61 67 
60 61 65 66 
59 67 
59 67 69 
59 67 68 
59 65 66 
59 65 66 69 
59 65 66 67 68 
59 60 67 
59 60 65 66 
58 59 67 
58 59 65 66 
57 68 69 79 
57 68 69 77 78 
57 67 
57 67 71 79 
57 67 71 77 78 
57 67 69 70 79 
57 67 69 70 77 78 
57 67 68 79 
57 67 68 77 78 
57 65 66 
57 65 66 71 79 
57 65 66 71 77 78 
57 65 66 69 70 79 
57 65 66 69 70 77 78 
57 60 73 
57 60 73 75 
57 60 73 74 
57 60 71 72 
57 60 71 72 75 
57 60 71 72 73 74 
57 59 69 73 
57 59 69 71 72 
57 59 67 68 73 
57 59 67 68 71 72 
57 58 59 73 
57 58 59 73 75 
57 58 59 73 74 
57 58 59 71 72 
57 58 59 71 72 75 
57 58 59 71 72 73 74 
55 59 73 75 
55 59 73 74 
55 59 71 72 75 
55 59 71 72 73 74 
55 59 69 73 
55 59 69 73 75 
55 59 69 73 74 
55 59 69 71 72 
55 59 69 71 72 75 
55 59 69 71 72 73 74 
55 59 67 68 73 
55 59 67 68 73 75 
55 59 67 68 73 74 
55 59 67 68 71 72 
55 59 67 68 71 72 75 
55 59 67 68 71 72 73 74 
55 59 64 73 75 
55 59 64 73 74 
55 59 64 71 72 75 
55 59 64 71 72 73 74 
55 59 62 63 73 75 
55 59 62 63 73 74 
55 59 62 63 71 72 75 
55 59 62 63 71 72 73 74 
55 57 59 73 75 
55 57 59 73 74 
55 57 59 71 72 75 
55 57 59 71 72 73 74 
53 68 69 
53 67 
53 67 71 
53 67 69 70 
53 67 68 
53 65 66 
53 65 66 71 
53 65 66 69 70 
52 69 
52 68 71 
52 68 69 
52 68 69 70 
52 67 
52 67 77 
52 67 75 76 
52 67 71 
52 67 69 70 
52 65 
52 65 68 69 
52 65 67 
52 65 67 71 
52 65 67 69 70 
52 65 67 68 
52 65 66 
52 65 66 77 
52 65 66 75 76 
52 64 65 68 69 
52 64 65 67 71 
52 64 65 67 69 70 
52 64 65 67 68 
52 64 65 66 71 
52 64 65 66 69 70 
52 63 64 
52 63 64 67 
52 57 68 69 
52 57 67 71 
52 57 67 69 70 
52 57 67 68 
52 57 65 66 71 
52 57 65 66 69 70 
51 59 67 
51 59 65 66 
51 52 67 
51 52 65 66 
50 69 71 73 
50 69 71 72 
50 69 70 73 
50 69 70 71 72 
50 67 
50 67 79 
50 67 77 78 
50 67 68 71 73 
50 67 68 71 72 
50 67 68 69 70 73 
50 67 68 69 70 71 72 
50 65 67 
50 65 66 79 
50 65 66 77 78 
50 52 67 
50 52 65 66 
49 50 59 67 
49 50 59 65 66 
48 57 60 73 
48 57 60 71 72 
48 57 58 59 73 
48 57 58 59 71 72 
48 55 59 73 
48 55 59 71 72 
48 55 59 69 73 
48 55 59 69 71 72 
48 55 59 67 68 73 
48 55 59 67 68 71 72 
48 55 59 64 73 
48 55 59 64 71 72 
48 55 59 62 63 73 
48 55 59 62 63 71 72 
48 55 57 59 73 
48 55 57 59 71 72 
47 
46 69 71 77 
46 69 71 75 76 
46 69 70 77 
46 69 70 75 76 
46 67 68 71 77 
46 67 68 71 75 76 
46 67 68 69 70 77 
46 67 68 69 70 75 76 
46 57 60 
46 57 60 75 
46 57 60 73 74 
46 57 59 69 
46 57 59 67 68 
46 57 58 59 
46 57 58 59 75 
46 57 58 59 73 74 
46 55 59 75 
46 55 59 73 74 
46 55 59 69 
46 55 59 69 75 
46 55 59 69 73 74 
46 55 59 67 68 
46 55 59 67 68 75 
46 55 59 67 68 73 74 
46 55 59 64 75 
46 55 59 64 73 74 
46 55 59 62 63 75 
46 55 59 62 63 73 74 
46 55 57 59 75 
46 55 57 59 73 74 
46 50 69 71 
46 50 69 70 
46 50 67 68 71 
46 50 67 68 69 70 
46 48 57 60 
46 48 57 58 59 
46 48 55 59 
46 48 55 59 69 
46 48 55 59 67 68 
46 48 55 59 64 
46 48 55 59 62 63 
46 48 55 57 59 
45 46 
44 69 73 77 
44 69 73 75 76 
44 69 71 72 77 
44 69 71 72 75 76 
44 68 79 
44 68 77 78 
44 68 69 
44 67 
44 67 79 
44 67 78 79 
44 67 77 78 
44 67 71 
44 67 69 70 
44 67 68 
44 67 68 73 77 
44 67 68 73 75 76 
44 67 68 71 72 77 
44 67 68 71 72 75 76 
44 65 68 
44 65 67 79 
44 65 67 77 78 
44 65 66 
44 65 66 78 79 
44 65 66 71 
44 65 66 69 70 
44 64 65 67 79 
44 64 65 67 77 78 
44 64 65 66 79 
44 64 65 66 77 78 
44 63 64 67 
44 63 64 65 66 
44 57 67 79 
44 57 67 77 78 
44 57 65 66 79 
44 57 65 66 77 78 
44 53 67 
44 53 65 66 
44 52 68 
44 52 67 
44 52 65 67 
44 52 64 65 67 
44 52 64 65 66 
44 52 57 67 
44 52 57 65 66 
44 50 69 73 
44 50 69 71 72 
44 50 67 68 73 
44 50 67 68 71 72 
44 46 69 77 
44 46 69 75 76 
44 46 67 68 77 
44 46 67 68 75 76 
44 46 50 69 
44 46 50 67 68 
42 
42 79 
42 77 78 
42 71 73 77 
42 71 73 75 76 
42 71 72 77 
42 71 72 75 76 
42 69 70 73 77 
42 69 70 73 75 76 
42 69 70 71 72 77 
42 69 70 71 72 75 76 
42 68 
42 68 79 
42 68 78 79 
42 68 77 78 
42 67 
42 65 
42 65 68 79 
42 65 68 77 78 
42 65 66 
42 64 65 68 79 
42 64 65 68 77 78 
42 63 64 68 
42 59 67 
42 59 65 66 
42 57 68 79 
42 57 68 77 78 
42 57 59 73 
42 57 59 71 72 
42 55 59 73 
42 55 59 73 75 
42 55 59 73 74 
42 55 59 71 72 
42 55 59 71 72 75 
42 55 59 71 72 73 74 
42 53 68 
42 52 
42 52 68 
42 52 65 68 
42 52 64 65 68 
42 52 57 68 
42 50 71 73 
42 50 71 72 
42 50 69 70 73 
42 50 69 70 71 72 
42 48 55 59 73 
42 48 55 59 71 72 
42 46 71 77 
42 46 71 75 76 
42 46 69 70 77 
42 46 69 70 75 76 
42 46 57 59 
42 46 55 59 
42 46 55 59 75 
42 46 55 59 73 74 
42 46 50 71 
42 46 50 69 70 
42 46 48 55 59 
42 44 73 77 
42 44 73 75 76 
42 44 71 72 77 
42 44 71 72 75 76 
42 44 68 
42 44 50 73 
42 44 50 71 72 
42 44 46 77 
42 44 46 75 76 
42 44 46 50 
41 57 60 73 75 
41 57 60 73 74 
41 57 60 71 72 75 
41 57 60 71 72 73 74 
41 57 59 60 73 75 
41 57 59 60 73 74 
41 57 59 60 71 72 75 
41 57 59 60 71 72 73 74 
41 48 57 60 73 
41 48 57 60 71 72 
41 48 57 59 60 73 
41 48 57 59 60 71 72 
41 46 57 60 75 
41 46 57 60 73 74 
41 46 57 59 60 75 
41 46 57 59 60 73 74 
41 46 48 57 60 
41 46 48 57 59 60 
40 
40 79 
40 77 
40 77 79 
40 75 76 
40 75 76 79 
40 75 76 77 78 
40 71 79 
40 71 78 79 
40 71 77 78 
40 69 
40 69 70 79 
40 69 70 78 79 
40 69 70 77 78 
40 67 68 
40 65 
40 65 77 
40 65 75 76 
40 65 71 79 
40 65 71 77 78 
40 65 69 70 79 
40 65 69 70 77 78 
40 64 65 71 79 
40 64 65 71 77 78 
40 64 65 69 70 79 
40 64 65 69 70 77 78 
40 63 64 71 
40 63 64 69 70 
40 62 
40 60 61 
40 59 
40 59 69 
40 59 67 68 
40 59 60 
40 58 59 
40 57 
40 57 71 79 
40 57 71 77 78 
40 57 69 70 79 
40 57 69 70 77 78 
40 53 
40 53 71 
40 53 69 70 
40 52 
40 52 77 
40 52 75 76 
40 52 71 
40 52 69 70 
40 52 65 71 
40 52 65 69 70 
40 52 64 65 71 
40 52 64 65 69 70 
40 52 57 71 
40 52 57 69 70 
40 51 59 
40 51 52 
40 50 
40 50 79 
40 50 77 78 
40 50 65 
40 50 52 
40 49 50 59 
40 44 
40 44 79 
40 44 78 79 
40 44 77 78 
40 44 71 
40 44 69 70 
40 44 65 79 
40 44 65 77 78 
40 44 64 65 79 
40 44 64 65 77 78 
40 44 63 64 
40 44 57 79 
40 44 57 77 78 
40 44 53 
40 44 52 
40 44 52 65 
40 44 52 64 65 
40 44 52 57 
40 42 
40 42 59 
39 55 59 64 73 75 
39 55 59 64 73 74 
39 55 59 64 71 72 75 
39 55 59 64 71 72 73 74 
39 55 59 62 63 73 75 
39 55 59 62 63 73 74 
39 55 59 62 63 71 72 75 
39 55 59 62 63 71 72 73 74 
39 48 55 59 64 73 
39 48 55 59 64 71 72 
39 48 55 59 62 63 73 
39 48 55 59 62 63 71 72 
39 46 55 59 64 75 
39 46 55 59 64 73 74 
39 46 55 59 62 63 75 
39 46 55 59 62 63 73 74 
39 46 48 55 59 64 
39 46 48 55 59 62 63 
39 40 57 60 73 75 
39 40 57 60 73 74 
39 40 57 60 71 72 75 
39 40 57 60 71 72 73 74 
39 40 57 59 60 73 75 
39 40 57 59 60 73 74 
39 40 57 59 60 71 72 75 
39 40 57 59 60 71 72 73 74 
39 40 48 57 60 73 
39 40 48 57 60 71 72 
39 40 48 57 59 60 73 
39 40 48 57 59 60 71 72 
39 40 46 57 60 75 
39 40 46 57 60 73 74 
39 40 46 57 59 60 75 
39 40 46 57 59 60 73 74 
39 40 46 48 57 60 
39 40 46 48 57 59 60 
38 79 
38 77 78 
38 68 69 
38 67 
38 67 79 
38 67 77 78 
38 67 71 
38 67 69 70 
38 67 68 
38 65 
38 65 67 
38 65 66 71 
38 65 66 69 70 
38 52 
38 52 67 
38 44 67 
38 44 65 66 
38 42 68 
38 40 71 
38 40 69 70 
38 40 44 
37 55 59 73 75 
37 55 59 73 74 
37 55 59 71 72 75 
37 55 59 71 72 73 74 
37 48 55 59 73 
37 48 55 59 71 72 
37 46 55 59 75 
37 46 55 59 73 74 
37 46 48 55 59 
37 39 55 59 73 75 
37 39 55 59 73 74 
37 39 55 59 71 72 75 
37 39 55 59 71 72 73 74 
37 39 48 55 59 73 
37 39 48 55 59 71 72 
37 39 46 55 59 75 
37 39 46 55 59 73 74 
37 39 46 48 55 59 
37 38 55 59 73 75 
37 38 55 59 73 74 
37 38 55 59 71 72 75 
37 38 55 59 71 72 73 74 
37 38 55 59 64 73 75 
37 38 55 59 64 73 74 
37 38 55 59 64 71 72 75 
37 38 55 59 64 71 72 73 74 
37 38 55 59 62 63 73 75 
37 38 55 59 62 63 73 74 
37 38 55 59 62 63 71 72 75 
37 38 55 59 62 63 71 72 73 74 
37 38 48 55 59 73 
37 38 48 55 59 71 72 
37 38 48 55 59 64 73 
37 38 48 55 59 64 71 72 
37 38 48 55 59 62 63 73 
37 38 48 55 59 62 63 71 72 
37 38 46 55 59 75 
37 38 46 55 59 73 74 
37 38 46 55 59 64 75 
37 38 46 55 59 64 73 74 
37 38 46 55 59 62 63 75 
37 38 46 55 59 62 63 73 74 
37 38 46 48 55 59 
37 38 46 48 55 59 64 
37 38 46 48 55 59 62 63 
33 68 
33 68 71 79 
33 68 71 77 78 
33 68 69 70 79 
33 68 69 70 77 78 
33 67 
33 67 79 
33 67 77 78 
33 65 68 71 
33 65 68 69 
33 65 68 69 70 
33 65 67 
33 65 67 71 
33 65 67 69 70 
33 65 67 68 
33 65 66 79 
33 65 66 77 78 
33 65 66 71 
33 65 66 69 70 
33 57 73 
33 57 73 75 
33 57 73 74 
33 57 71 72 
33 57 71 72 75 
33 57 71 72 73 74 
33 52 68 71 
33 52 68 69 70 
33 52 67 
33 52 65 66 
33 48 57 73 
33 48 57 71 72 
33 46 57 
33 46 57 75 
33 46 57 73 74 
33 46 48 57 
33 44 68 79 
33 44 68 77 78 
33 44 65 68 
33 44 65 67 
33 44 65 66 
33 44 52 68 
33 42 65 68 
33 41 57 73 75 
33 41 57 73 74 
33 41 57 71 72 75 
33 41 57 71 72 73 74 
33 41 57 59 73 75 
33 41 57 59 73 74 
33 41 57 59 71 72 75 
33 41 57 59 71 72 73 74 
33 41 48 57 73 
33 41 48 57 71 72 
33 41 48 57 59 73 
33 41 48 57 59 71 72 
33 41 46 57 75 
33 41 46 57 73 74 
33 41 46 57 59 75 
33 41 46 57 59 73 74 
33 41 46 48 57 
33 41 46 48 57 59 
33 40 
33 40 79 
33 40 77 78 
33 40 65 
33 40 65 71 
33 40 65 69 70 
33 40 52 
33 40 44 65 
33 39 40 57 73 75 
33 39 40 57 73 74 
33 39 40 57 71 72 75 
33 39 40 57 71 72 73 74 
33 39 40 57 59 73 75 
33 39 40 57 59 73 74 
33 39 40 57 59 71 72 75 
33 39 40 57 59 71 72 73 74 
33 39 40 48 57 73 
33 39 40 48 57 71 72 
33 39 40 48 57 59 73 
33 39 40 48 57 59 71 72 
33 39 40 46 57 75 
33 39 40 46 57 73 74 
33 39 40 46 57 59 75 
33 39 40 46 57 59 73 74 
33 39 40 46 48 57 
33 39 40 46 48 57 59 
32 68 69 79 
32 68 69 77 78 
32 67 71 79 
32 67 71 77 78 
32 67 69 70 79 
32 67 69 70 77 78 
32 67 68 79 
32 67 68 77 78 
32 65 66 71 79 
32 65 66 71 77 78 
32 65 66 69 70 79 
32 65 66 69 70 77 78 
32 52 68 69 
32 52 67 71 
32 52 67 69 70 
32 52 67 68 
32 52 65 66 71 
32 52 65 66 69 70 
32 44 67 79 
32 44 67 77 78 
32 44 65 66 79 
32 44 65 66 77 78 
32 44 52 67 
32 44 52 65 66 
32 42 68 79 
32 42 68 77 78 
32 42 52 68 
32 40 71 79 
32 40 71 77 78 
32 40 69 70 79 
32 40 69 70 77 78 
32 40 52 71 
32 40 52 69 70 
32 40 44 79 
32 40 44 77 78 
32 40 44 52 
31 59 67 
31 59 67 69 
31 59 67 68 
31 59 65 66 
31 59 65 66 69 
31 59 65 66 67 68 
31 59 60 67 
31 59 60 65 66 
31 58 59 67 
31 58 59 65 66 
31 51 59 67 
31 51 59 65 66 
31 49 50 59 67 
31 49 50 59 65 66 
31 42 59 67 
31 42 59 65 66 
31 40 59 
31 40 59 69 
31 40 59 67 68 
31 40 59 60 
31 40 58 59 
31 40 51 59 
31 40 49 50 59 
31 40 42 59 
29 55 58 59 73 
29 55 58 59 71 72 
29 55 56 57 59 73 
29 55 56 57 59 71 72 
29 46 55 58 59 
29 46 55 56 57 59 
29 31 55 59 73 
29 31 55 59 71 72 
29 31 46 55 59 
27 28 55 58 59 73 
27 28 55 58 59 71 72 
27 28 55 56 57 59 73 
27 28 55 56 57 59 71 72 
27 28 46 55 58 59 
27 28 46 55 56 57 59 
27 28 31 55 59 73 
27 28 31 55 59 71 72 
27 28 31 46 55 59 
26 67 
26 65 66 
26 40 
24 59 67 
24 59 65 66 
24 40 59 
24 31 59 67 
24 31 59 65 66 
24 31 40 59 
23 68 71 79 
23 68 71 77 78 
23 68 69 70 79 
23 68 69 70 77 78 
23 65 68 71 
23 65 68 69 70 
23 57 60 73 75 
23 57 60 73 74 
23 57 60 71 72 75 
23 57 60 71 72 73 74 
23 57 58 59 73 75 
23 57 58 59 73 74 
23 57 58 59 71 72 75 
23 57 58 59 71 72 73 74 
23 52 68 71 
23 52 68 69 70 
23 48 57 60 73 
23 48 57 60 71 72 
23 48 57 58 59 73 
23 48 57 58 59 71 72 
23 46 57 60 75 
23 46 57 60 73 74 
23 46 57 58 59 75 
23 46 57 58 59 73 74 
23 46 48 57 60 
23 46 48 57 58 59 
23 44 68 79 
23 44 68 77 78 
23 44 65 68 
23 44 52 68 
23 33 68 71 79 
23 33 68 71 77 78 
23 33 68 69 70 79 
23 33 68 69 70 77 78 
23 33 65 68 71 
23 33 65 68 69 70 
23 33 57 73 75 
23 33 57 73 74 
23 33 57 71 72 75 
23 33 57 71 72 73 74 
23 33 52 68 71 
23 33 52 68 69 70 
23 33 48 57 73 
23 33 48 57 71 72 
23 33 46 57 75 
23 33 46 57 73 74 
23 33 46 48 57 
23 33 44 68 79 
23 33 44 68 77 78 
23 33 44 65 68 
23 33 44 52 68 
20 
20 68 69 
20 67 71 
20 67 69 70 
20 67 68 
20 65 66 71 
20 65 66 69 70 
20 44 67 
20 44 65 66 
20 42 68 
20 40 71 
20 40 69 70 
20 40 44 
19 68 69 
19 67 71 
19 67 69 70 
19 67 68 
19 65 66 71 
19 65 66 69 70 
19 44 67 
19 44 65 66 
19 42 68 
19 40 71 
19 40 69 70 
19 40 44 
18 67 71 
18 67 69 70 
18 65 66 71 
18 65 66 69 70 
18 44 67 
18 44 65 66 
18 40 71 
18 40 69 70 
18 40 44 
14 57 60 73 75 
14 57 60 73 74 
14 57 60 71 72 75 
14 57 60 71 72 73 74 
14 57 59 60 73 75 
14 57 59 60 73 74 
14 57 59 60 71 72 75 
14 57 59 60 71 72 73 74 
14 48 57 60 73 
14 48 57 60 71 72 
14 48 57 59 60 73 
14 48 57 59 60 71 72 
14 46 57 60 75 
14 46 57 60 73 74 
14 46 57 59 60 75 
14 46 57 59 60 73 74 
14 46 48 57 60 
14 46 48 57 59 60 
14 33 57 73 75 
14 33 57 73 74 
14 33 57 71 72 75 
14 33 57 71 72 73 74 
14 33 57 59 73 75 
14 33 57 59 73 74 
14 33 57 59 71 72 75 
14 33 57 59 71 72 73 74 
14 33 48 57 73 
14 33 48 57 71 72 
14 33 48 57 59 73 
14 33 48 57 59 71 72 
14 33 46 57 75 
14 33 46 57 73 74 
14 33 46 57 59 75 
14 33 46 57 59 73 74 
14 33 46 48 57 
14 33 46 48 57 59 
12 55 59 64 73 75 
12 55 59 64 73 74 
12 55 59 64 71 72 75 
12 55 59 64 71 72 73 74 
12 55 59 62 63 73 75 
12 55 59 62 63 73 74 
12 55 59 62 63 71 72 75 
12 55 59 62 63 71 72 73 74 
12 48 55 59 64 73 
12 48 55 59 64 71 72 
12 48 55 59 62 63 73 
12 48 55 59 62 63 71 72 
12 46 55 59 64 75 
12 46 55 59 64 73 74 
12 46 55 59 62 63 75 
12 46 55 59 62 63 73 74 
12 46 48 55 59 64 
12 46 48 55 59 62 63 
12 37 55 59 73 75 
12 37 55 59 73 74 
12 37 55 59 71 72 75 
12 37 55 59 71 72 73 74 
12 37 48 55 59 73 
12 37 48 55 59 71 72 
12 37 46 55 59 75 
12 37 46 55 59 73 74 
12 37 46 48 55 59 
7 67 
7 65 66 
7 40 
7 33 67 
7 33 65 66 
7 33 40 
5 68 71 79 
5 68 71 77 78 
5 68 69 
5 68 69 70 79 
5 68 69 70 77 78 
5 67 68 
5 65 68 71 
5 65 68 69 70 
5 52 68 71 
5 52 68 69 70 
5 44 68 79 
5 44 68 77 78 
5 44 65 68 
5 44 52 68 
5 42 68 
5 33 68 71 79 
5 33 68 71 77 78 
5 33 68 69 70 79 
5 33 68 69 70 77 78 
5 33 65 68 71 
5 33 65 68 69 70 
5 33 52 68 71 
5 33 52 68 69 70 
5 33 44 68 79 
5 33 44 68 77 78 
5 33 44 65 68 
5 33 44 52 68 
2 55 58 59 73 
2 55 58 59 71 72 
2 55 56 57 59 73 
2 55 56 57 59 71 72 
2 46 55 58 59 
2 46 55 56 57 59 
2 31 55 59 73 
2 31 55 59 71 72 
2 31 46 55 59 
