
71
69 70
68 69
67 71
67 69 70
67 68
65 66 79
65 66 77 78
65 66 71
65 66 71 79
65 66 71 77 78
65 66 69 70
65 66 69 70 79
65 66 69 70 77 78
65 66 67 79
65 66 67 77 78
65 66 67 71
65 66 67 71 79
65 66 67 71 77 78
65 66 67 69 70
65 66 67 69 70 79
65 66 67 69 70 77 78
62
59
59 67
59 67 71
59 67 69
59 67 69 70
59 67 68
59 65 66
59 65 66 71
59 65 66 69
59 65 66 69 70
59 65 66 67 68
59 60 67
59 60 65 66
58 59 67
58 59 65 66
57 60 71 73
57 60 71 73 75
57 60 71 73 74
57 60 71 72
57 60 71 72 75
57 60 71 72 73 74
57 60 69 71 75 77
57 60 69 71 75 76
57 60 69 71 73 74 77
57 60 69 71 73 74 75 76
57 60 69 70 75 77
57 60 69 70 75 76
57 60 69 70 73
57 60 69 70 73 75
57 60 69 70 73 74
57 60 69 70 73 74 77
57 60 69 70 73 74 75 76
57 60 69 70 71 72
57 60 69 70 71 72 75
57 60 69 70 71 72 73 74
57 60 67 71 73
57 60 67 71 72
57 60 67 69 70 73
57 60 67 69 70 71 72
57 60 67 68 71 75 77
57 60 67 68 71 75 76
57 60 67 68 71 73 74 77
57 60 67 68 71 73 74 75 76
57 60 67 68 69 70 75 77
57 60 67 68 69 70 75 76
57 60 67 68 69 70 73 74 77
57 60 67 68 69 70 73 74 75 76
57 60 65 66 71 73
57 60 65 66 71 72
57 60 65 66 69 70 73
57 60 65 66 69 70 71 72
57 59 71 73
57 59 71 72
57 59 69 70 73
57 59 69 70 71 72
57 59 60 69 71 75 77
57 59 60 69 71 75 76
57 59 60 69 71 73 74 77
57 59 60 69 71 73 74 75 76
57 59 60 69 70 75 77
57 59 60 69 70 75 76
57 59 60 69 70 73 74 77
57 59 60 69 70 73 74 75 76
57 59 60 67 68 71 75 77
57 59 60 67 68 71 75 76
57 59 60 67 68 71 73 74 77
57 59 60 67 68 71 73 74 75 76
57 59 60 67 68 69 70 75 77
57 59 60 67 68 69 70 75 76
57 59 60 67 68 69 70 73 74 77
57 59 60 67 68 69 70 73 74 75 76
57 58 59 71 73
57 58 59 71 73 75
57 58 59 71 73 74
57 58 59 71 72
57 58 59 71 72 75
57 58 59 71 72 73 74
57 58 59 69 70 73
57 58 59 69 70 73 75
57 58 59 69 70 73 74
57 58 59 69 70 71 72
57 58 59 69 70 71 72 75
57 58 59 69 70 71 72 73 74
57 58 59 67 71 73
57 58 59 67 71 72
57 58 59 67 69 70 73
57 58 59 67 69 70 71 72
57 58 59 65 66 71 73
57 58 59 65 66 71 72
57 58 59 65 66 69 70 73
57 58 59 65 66 69 70 71 72
55 63 64 71
55 63 64 71 73
55 63 64 71 72
55 63 64 69 70
55 63 64 69 70 73
55 63 64 69 70 71 72
55 62 63 71
55 62 63 71 73
55 62 63 71 72
55 62 63 69 70
55 62 63 69 70 73
55 62 63 69 70 71 72
55 58 63 64 71
55 58 63 64 69 70
55 58 62 63 71
55 58 62 63 69 70
55 57 71 73 75
55 57 71 73 74
55 57 71 72 75
55 57 71 72 73 74
55 57 69 70 73 75
55 57 69 70 73 74
55 57 69 70 71 72 75
55 57 69 70 71 72 73 74
55 57 58 71
55 57 58 69 70
55 56 57 71
55 56 57 69 70
55 56 57 63 64 71
55 56 57 63 64 69 70
55 56 57 62 63 71
55 56 57 62 63 69 70
52 65 66
52 65 66 71
52 65 66 69 70
52 65 66 67
52 65 66 67 71
52 65 66 67 69 70
51 59 67
51 59 65 66
50 57 60 69 71 75
50 57 60 69 71 73 74
50 57 60 69 70 75
50 57 60 69 70 73 74
50 57 60 67 68 71 75
50 57 60 67 68 71 73 74
50 57 60 67 68 69 70 75
50 57 60 67 68 69 70 73 74
50 57 59 60 69 71 75
50 57 59 60 69 71 73 74
50 57 59 60 69 70 75
50 57 59 60 69 70 73 74
50 57 59 60 67 68 71 75
50 57 59 60 67 68 71 73 74
50 57 59 60 67 68 69 70 75
50 57 59 60 67 68 69 70 73 74
49 50 59 67
49 50 59 65 66
48 57 60 71 73
48 57 60 71 72
48 57 60 69 71 77
48 57 60 69 71 75 76
48 57 60 69 70 77
48 57 60 69 70 75 76
48 57 60 69 70 73
48 57 60 69 70 71 72
48 57 60 67 68 71 77
48 57 60 67 68 71 75 76
48 57 60 67 68 69 70 77
48 57 60 67 68 69 70 75 76
48 57 59 60 69 71 77
48 57 59 60 69 71 75 76
48 57 59 60 69 70 77
48 57 59 60 69 70 75 76
48 57 59 60 67 68 71 77
48 57 59 60 67 68 71 75 76
48 57 59 60 67 68 69 70 77
48 57 59 60 67 68 69 70 75 76
48 57 58 59 71 73
48 57 58 59 71 72
48 57 58 59 69 70 73
48 57 58 59 69 70 71 72
48 55 57 71 73
48 55 57 71 72
48 55 57 69 70 73
48 55 57 69 70 71 72
48 50 57 60 69 71
48 50 57 60 69 70
48 50 57 60 67 68 71
48 50 57 60 67 68 69 70
48 50 57 59 60 69 71
48 50 57 59 60 69 70
48 50 57 59 60 67 68 71
48 50 57 59 60 67 68 69 70
46 57 60 71
46 57 60 71 75
46 57 60 71 73 74
46 57 60 69 70
46 57 60 69 70 75
46 57 60 69 70 73 74
46 57 60 67 71
46 57 60 67 69 70
46 57 60 65 66 71
46 57 60 65 66 69 70
46 57 59 71
46 57 59 69 70
46 57 58 59 71
46 57 58 59 71 75
46 57 58 59 71 73 74
46 57 58 59 69 70
46 57 58 59 69 70 75
46 57 58 59 69 70 73 74
46 57 58 59 67 71
46 57 58 59 67 69 70
46 57 58 59 65 66 71
46 57 58 59 65 66 69 70
46 55 63 64 71
46 55 63 64 69 70
46 55 62 63 71
46 55 62 63 69 70
46 55 57 71 75
46 55 57 71 73 74
46 55 57 69 70 75
46 55 57 69 70 73 74
46 48 57 60 71
46 48 57 60 69 70
46 48 57 58 59 71
46 48 57 58 59 69 70
46 48 55 57 71
46 48 55 57 69 70
44
44 67
44 65 66
44 65 66 79
44 65 66 77 78
44 65 66 67
44 65 66 67 79
44 65 66 67 77 78
44 59 67
44 59 65 66
44 57 60 73
44 57 60 73 75
44 57 60 73 74
44 57 60 71 72
44 57 60 71 72 75
44 57 60 71 72 73 74
44 57 60 69 75 77
44 57 60 69 75 76
44 57 60 69 73 74 77
44 57 60 69 73 74 75 76
44 57 60 67 73
44 57 60 67 71 72
44 57 60 67 68 75 77
44 57 60 67 68 75 76
44 57 60 67 68 73 74 77
44 57 60 67 68 73 74 75 76
44 57 60 65 66 73
44 57 60 65 66 71 72
44 57 59 73
44 57 59 71 72
44 57 59 60 69 75 77
44 57 59 60 69 75 76
44 57 59 60 69 73 74 77
44 57 59 60 69 73 74 75 76
44 57 59 60 67 68 75 77
44 57 59 60 67 68 75 76
44 57 59 60 67 68 73 74 77
44 57 59 60 67 68 73 74 75 76
44 57 58 59 73
44 57 58 59 73 75
44 57 58 59 73 74
44 57 58 59 71 72
44 57 58 59 71 72 75
44 57 58 59 71 72 73 74
44 57 58 59 67 73
44 57 58 59 67 71 72
44 57 58 59 65 66 73
44 57 58 59 65 66 71 72
44 55 63 64
44 55 63 64 73
44 55 63 64 71 72
44 55 62 63
44 55 62 63 73
44 55 62 63 71 72
44 55 58 63 64
44 55 58 62 63
44 55 57 73 75
44 55 57 73 74
44 55 57 71 72 75
44 55 57 71 72 73 74
44 55 57 58
44 55 56 57
44 55 56 57 63 64
44 55 56 57 62 63
44 52 65 66
44 52 65 66 67
44 50 57 60 69 75
44 50 57 60 69 73 74
44 50 57 60 67 68 75
44 50 57 60 67 68 73 74
44 50 57 59 60 69 75
44 50 57 59 60 69 73 74
44 50 57 59 60 67 68 75
44 50 57 59 60 67 68 73 74
44 48 57 60 73
44 48 57 60 71 72
44 48 57 60 69 77
44 48 57 60 69 75 76
44 48 57 60 67 68 77
44 48 57 60 67 68 75 76
44 48 57 59 60 69 77
44 48 57 59 60 69 75 76
44 48 57 59 60 67 68 77
44 48 57 59 60 67 68 75 76
44 48 57 58 59 73
44 48 57 58 59 71 72
44 48 55 57 73
44 48 55 57 71 72
44 48 50 57 60 69
44 48 50 57 60 67 68
44 48 50 57 59 60 69
44 48 50 57 59 60 67 68
44 46 57 60
44 46 57 60 75
44 46 57 60 73 74
44 46 57 60 67
44 46 57 60 65 66
44 46 57 59
44 46 57 58 59
44 46 57 58 59 75
44 46 57 58 59 73 74
44 46 57 58 59 67
44 46 57 58 59 65 66
44 46 55 63 64
44 46 55 62 63
44 46 55 57 75
44 46 55 57 73 74
44 46 48 57 60
44 46 48 57 58 59
44 46 48 55 57
42 68
42 59 67
42 59 65 66
42 57 60 71 75 77
42 57 60 71 75 76
42 57 60 71 73 74 77
42 57 60 71 73 74 75 76
42 57 60 69 70 75 77
42 57 60 69 70 75 76
42 57 60 69 70 73 74 77
42 57 60 69 70 73 74 75 76
42 57 59 60 71 75 77
42 57 59 60 71 75 76
42 57 59 60 71 73 74 77
42 57 59 60 71 73 74 75 76
42 57 59 60 69 70 75 77
42 57 59 60 69 70 75 76
42 57 59 60 69 70 73 74 77
42 57 59 60 69 70 73 74 75 76
42 50 57 60 71 75
42 50 57 60 71 73 74
42 50 57 60 69 70 75
42 50 57 60 69 70 73 74
42 50 57 59 60 71 75
42 50 57 59 60 71 73 74
42 50 57 59 60 69 70 75
42 50 57 59 60 69 70 73 74
42 48 57 60 71 77
42 48 57 60 71 75 76
42 48 57 60 69 70 77
42 48 57 60 69 70 75 76
42 48 57 59 60 71 77
42 48 57 59 60 71 75 76
42 48 57 59 60 69 70 77
42 48 57 59 60 69 70 75 76
42 48 50 57 60 71
42 48 50 57 60 69 70
42 48 50 57 59 60 71
42 48 50 57 59 60 69 70
42 44 57 60 75 77
42 44 57 60 75 76
42 44 57 60 73 74 77
42 44 57 60 73 74 75 76
42 44 57 59 60 75 77
42 44 57 59 60 75 76
42 44 57 59 60 73 74 77
42 44 57 59 60 73 74 75 76
42 44 50 57 60 75
42 44 50 57 60 73 74
42 44 50 57 59 60 75
42 44 50 57 59 60 73 74
42 44 48 57 60 77
42 44 48 57 60 75 76
42 44 48 57 59 60 77
42 44 48 57 59 60 75 76
42 44 48 50 57 60
42 44 48 50 57 59 60
40
40 79
40 77 78
40 71 79
40 71 77 78
40 69 70 79
40 69 70 77 78
40 67
40 67 79
40 67 77 78
40 67 71 79
40 67 71 77 78
40 67 69 70 79
40 67 69 70 77 78
40 65
40 65 71
40 65 69 70
40 65 67
40 65 67 71
40 65 67 69 70
40 59
40 59 71
40 59 69
40 59 69 70
40 59 67 68
40 59 60
40 58 59
40 57 60 71 73
40 57 60 71 72
40 57 60 69 70 73
40 57 60 69 70 71 72
40 57 58 59 71 73
40 57 58 59 71 72
40 57 58 59 69 70 73
40 57 58 59 69 70 71 72
40 52
40 52 71
40 52 69 70
40 52 67
40 52 67 71
40 52 67 69 70
40 51 59
40 49 50 59
40 46 57 60 71
40 46 57 60 69 70
40 46 57 58 59 71
40 46 57 58 59 69 70
40 44 79
40 44 77 78
40 44 67 79
40 44 67 77 78
40 44 65
40 44 65 67
40 44 59
40 44 57 60 73
40 44 57 60 71 72
40 44 57 58 59 73
40 44 57 58 59 71 72
40 44 52
40 44 52 67
40 44 46 57 60
40 44 46 57 58 59
40 42 59
39 55 59 69 71 73
39 55 59 69 71 72
39 55 59 69 70 73
39 55 59 69 70 71 72
39 55 59 67 68 71 73
39 55 59 67 68 71 72
39 55 59 67 68 69 70 73
39 55 59 67 68 69 70 71 72
39 46 55 59 69 71
39 46 55 59 69 70
39 46 55 59 67 68 71
39 46 55 59 67 68 69 70
39 44 55 59 69 73
39 44 55 59 69 71 72
39 44 55 59 67 68 73
39 44 55 59 67 68 71 72
39 44 46 55 59 69
39 44 46 55 59 67 68
39 42 55 59 71 73
39 42 55 59 71 72
39 42 55 59 69 70 73
39 42 55 59 69 70 71 72
39 42 46 55 59 71
39 42 46 55 59 69 70
39 42 44 55 59 73
39 42 44 55 59 71 72
39 42 44 46 55 59
37 55 63 71
37 55 63 71 73
37 55 63 71 72
37 55 63 69 70
37 55 63 69 70 73
37 55 63 69 70 71 72
37 55 58 63 71
37 55 58 63 69 70
37 55 56 57 63 71
37 55 56 57 63 69 70
37 46 55 63 71
37 46 55 63 69 70
37 44 55 63
37 44 55 63 73
37 44 55 63 71 72
37 44 55 58 63
37 44 55 56 57 63
37 44 46 55 63
37 38 55 59 69 71 73
37 38 55 59 69 71 72
37 38 55 59 69 70 73
37 38 55 59 69 70 71 72
37 38 55 59 67 68 71 73
37 38 55 59 67 68 71 72
37 38 55 59 67 68 69 70 73
37 38 55 59 67 68 69 70 71 72
37 38 46 55 59 69 71
37 38 46 55 59 69 70
37 38 46 55 59 67 68 71
37 38 46 55 59 67 68 69 70
37 38 44 55 59 69 73
37 38 44 55 59 69 71 72
37 38 44 55 59 67 68 73
37 38 44 55 59 67 68 71 72
37 38 44 46 55 59 69
37 38 44 46 55 59 67 68
37 38 42 55 59 71 73
37 38 42 55 59 71 72
37 38 42 55 59 69 70 73
37 38 42 55 59 69 70 71 72
37 38 42 46 55 59 71
37 38 42 46 55 59 69 70
37 38 42 44 55 59 73
37 38 42 44 55 59 71 72
37 38 42 44 46 55 59
33 67 71
33 67 69 70
33 65 66 71
33 65 66 69 70
33 59 67
33 59 67 71
33 59 67 69 70
33 59 65 66
33 59 65 66 71
33 59 65 66 69 70
33 57 71 73
33 57 71 73 75
33 57 71 73 74
33 57 71 72
33 57 71 72 75
33 57 71 72 73 74
33 57 69 71 75 77
33 57 69 71 75 76
33 57 69 71 73 74 77
33 57 69 71 73 74 75 76
33 57 69 70 75 77
33 57 69 70 75 76
33 57 69 70 73
33 57 69 70 73 75
33 57 69 70 73 74
33 57 69 70 73 74 77
33 57 69 70 73 74 75 76
33 57 69 70 71 72
33 57 69 70 71 72 75
33 57 69 70 71 72 73 74
33 57 67 71 73
33 57 67 71 72
33 57 67 69 70 73
33 57 67 69 70 71 72
33 57 67 68 71 75 77
33 57 67 68 71 75 76
33 57 67 68 71 73 74 77
33 57 67 68 71 73 74 75 76
33 57 67 68 69 70 75 77
33 57 67 68 69 70 75 76
33 57 67 68 69 70 73 74 77
33 57 67 68 69 70 73 74 75 76
33 57 65 66 71 73
33 57 65 66 71 72
33 57 65 66 69 70 73
33 57 65 66 69 70 71 72
33 57 59 69 71 75 77
33 57 59 69 71 75 76
33 57 59 69 71 73 74 77
33 57 59 69 71 73 74 75 76
33 57 59 69 70 75 77
33 57 59 69 70 75 76
33 57 59 69 70 73 74 77
33 57 59 69 70 73 74 75 76
33 57 59 67 68 71 75 77
33 57 59 67 68 71 75 76
33 57 59 67 68 71 73 74 77
33 57 59 67 68 71 73 74 75 76
33 57 59 67 68 69 70 75 77
33 57 59 67 68 69 70 75 76
33 57 59 67 68 69 70 73 74 77
33 57 59 67 68 69 70 73 74 75 76
33 50 57 69 71 75
33 50 57 69 71 73 74
33 50 57 69 70 75
33 50 57 69 70 73 74
33 50 57 67 68 71 75
33 50 57 67 68 71 73 74
33 50 57 67 68 69 70 75
33 50 57 67 68 69 70 73 74
33 50 57 59 69 71 75
33 50 57 59 69 71 73 74
33 50 57 59 69 70 75
33 50 57 59 69 70 73 74
33 50 57 59 67 68 71 75
33 50 57 59 67 68 71 73 74
33 50 57 59 67 68 69 70 75
33 50 57 59 67 68 69 70 73 74
33 48 57 71 73
33 48 57 71 72
33 48 57 69 71 77
33 48 57 69 71 75 76
33 48 57 69 70 77
33 48 57 69 70 75 76
33 48 57 69 70 73
33 48 57 69 70 71 72
33 48 57 67 68 71 77
33 48 57 67 68 71 75 76
33 48 57 67 68 69 70 77
33 48 57 67 68 69 70 75 76
33 48 57 59 69 71 77
33 48 57 59 69 71 75 76
33 48 57 59 69 70 77
33 48 57 59 69 70 75 76
33 48 57 59 67 68 71 77
33 48 57 59 67 68 71 75 76
33 48 57 59 67 68 69 70 77
33 48 57 59 67 68 69 70 75 76
33 48 50 57 69 71
33 48 50 57 69 70
33 48 50 57 67 68 71
33 48 50 57 67 68 69 70
33 48 50 57 59 69 71
33 48 50 57 59 69 70
33 48 50 57 59 67 68 71
33 48 50 57 59 67 68 69 70
33 46 57 71
33 46 57 71 75
33 46 57 71 73 74
33 46 57 69 70
33 46 57 69 70 75
33 46 57 69 70 73 74
33 46 57 67 71
33 46 57 67 69 70
33 46 57 65 66 71
33 46 57 65 66 69 70
33 46 48 57 71
33 46 48 57 69 70
33 44 67
33 44 65 66
33 44 59 67
33 44 59 65 66
33 44 57 73
33 44 57 73 75
33 44 57 73 74
33 44 57 71 72
33 44 57 71 72 75
33 44 57 71 72 73 74
33 44 57 69 75 77
33 44 57 69 75 76
33 44 57 69 73 74 77
33 44 57 69 73 74 75 76
33 44 57 67 73
33 44 57 67 71 72
33 44 57 67 68 75 77
33 44 57 67 68 75 76
33 44 57 67 68 73 74 77
33 44 57 67 68 73 74 75 76
33 44 57 65 66 73
33 44 57 65 66 71 72
33 44 57 59 69 75 77
33 44 57 59 69 75 76
33 44 57 59 69 73 74 77
33 44 57 59 69 73 74 75 76
33 44 57 59 67 68 75 77
33 44 57 59 67 68 75 76
33 44 57 59 67 68 73 74 77
33 44 57 59 67 68 73 74 75 76
33 44 50 57 69 75
33 44 50 57 69 73 74
33 44 50 57 67 68 75
33 44 50 57 67 68 73 74
33 44 50 57 59 69 75
33 44 50 57 59 69 73 74
33 44 50 57 59 67 68 75
33 44 50 57 59 67 68 73 74
33 44 48 57 73
33 44 48 57 71 72
33 44 48 57 69 77
33 44 48 57 69 75 76
33 44 48 57 67 68 77
33 44 48 57 67 68 75 76
33 44 48 57 59 69 77
33 44 48 57 59 69 75 76
33 44 48 57 59 67 68 77
33 44 48 57 59 67 68 75 76
33 44 48 50 57 69
33 44 48 50 57 67 68
33 44 48 50 57 59 69
33 44 48 50 57 59 67 68
33 44 46 57
33 44 46 57 75
33 44 46 57 73 74
33 44 46 57 67
33 44 46 57 65 66
33 44 46 48 57
33 42 57 71 75 77
33 42 57 71 75 76
33 42 57 71 73 74 77
33 42 57 71 73 74 75 76
33 42 57 69 70 75 77
33 42 57 69 70 75 76
33 42 57 69 70 73 74 77
33 42 57 69 70 73 74 75 76
33 42 57 59 71 75 77
33 42 57 59 71 75 76
33 42 57 59 71 73 74 77
33 42 57 59 71 73 74 75 76
33 42 57 59 69 70 75 77
33 42 57 59 69 70 75 76
33 42 57 59 69 70 73 74 77
33 42 57 59 69 70 73 74 75 76
33 42 50 57 71 75
33 42 50 57 71 73 74
33 42 50 57 69 70 75
33 42 50 57 69 70 73 74
33 42 50 57 59 71 75
33 42 50 57 59 71 73 74
33 42 50 57 59 69 70 75
33 42 50 57 59 69 70 73 74
33 42 48 57 71 77
33 42 48 57 71 75 76
33 42 48 57 69 70 77
33 42 48 57 69 70 75 76
33 42 48 57 59 71 77
33 42 48 57 59 71 75 76
33 42 48 57 59 69 70 77
33 42 48 57 59 69 70 75 76
33 42 48 50 57 71
33 42 48 50 57 69 70
33 42 48 50 57 59 71
33 42 48 50 57 59 69 70
33 42 44 57 75 77
33 42 44 57 75 76
33 42 44 57 73 74 77
33 42 44 57 73 74 75 76
33 42 44 57 59 75 77
33 42 44 57 59 75 76
33 42 44 57 59 73 74 77
33 42 44 57 59 73 74 75 76
33 42 44 50 57 75
33 42 44 50 57 73 74
33 42 44 50 57 59 75
33 42 44 50 57 59 73 74
33 42 44 48 57 77
33 42 44 48 57 75 76
33 42 44 48 57 59 77
33 42 44 48 57 59 75 76
33 42 44 48 50 57
33 42 44 48 50 57 59
33 40 71
33 40 69 70
33 40 59
33 40 59 71
33 40 59 69 70
33 40 57 71 73
33 40 57 71 72
33 40 57 69 70 73
33 40 57 69 70 71 72
33 40 46 57 71
33 40 46 57 69 70
33 40 44
33 40 44 59
33 40 44 57 73
33 40 44 57 71 72
33 40 44 46 57
31 59 67 69
31 59 67 68
31 59 65 66 69
31 59 65 66 67 68
31 59 60 67
31 59 60 65 66
31 58 59 67
31 58 59 65 66
31 55 63 64 71
31 55 63 64 69 70
31 55 62 63 71
31 55 62 63 69 70
31 55 57 71
31 55 57 69 70
31 51 59 67
31 51 59 65 66
31 49 50 59 67
31 49 50 59 65 66
31 44 55 63 64
31 44 55 62 63
31 44 55 57
31 42 59 67
31 42 59 65 66
31 40 59 69
31 40 59 67 68
31 40 59 60
31 40 58 59
31 40 51 59
31 40 49 50 59
31 40 42 59
31 37 55 63 71
31 37 55 63 69 70
31 37 44 55 63
30 55 59 71 73 75
30 55 59 71 73 74
30 55 59 71 72 75
30 55 59 71 72 73 74
30 55 59 69 71 73
30 55 59 69 71 72
30 55 59 69 70 73
30 55 59 69 70 73 75
30 55 59 69 70 73 74
30 55 59 69 70 71 72
30 55 59 69 70 71 72 75
30 55 59 69 70 71 72 73 74
30 55 59 67 68 71 73
30 55 59 67 68 71 72
30 55 59 67 68 69 70 73
30 55 59 67 68 69 70 71 72
30 48 55 59 71 73
30 48 55 59 71 72
30 48 55 59 69 70 73
30 48 55 59 69 70 71 72
30 46 55 59 71 75
30 46 55 59 71 73 74
30 46 55 59 69 71
30 46 55 59 69 70
30 46 55 59 69 70 75
30 46 55 59 69 70 73 74
30 46 55 59 67 68 71
30 46 55 59 67 68 69 70
30 46 48 55 59 71
30 46 48 55 59 69 70
30 44 55 59 73 75
30 44 55 59 73 74
30 44 55 59 71 72 75
30 44 55 59 71 72 73 74
30 44 55 59 69 73
30 44 55 59 69 71 72
30 44 55 59 67 68 73
30 44 55 59 67 68 71 72
30 44 48 55 59 73
30 44 48 55 59 71 72
30 44 46 55 59 75
30 44 46 55 59 73 74
30 44 46 55 59 69
30 44 46 55 59 67 68
30 44 46 48 55 59
30 42 55 59 71 73
30 42 55 59 71 72
30 42 55 59 69 70 73
30 42 55 59 69 70 71 72
30 42 46 55 59 71
30 42 46 55 59 69 70
30 42 44 55 59 73
30 42 44 55 59 71 72
30 42 44 46 55 59
30 39 55 59 69 71 73
30 39 55 59 69 71 72
30 39 55 59 69 70 73
30 39 55 59 69 70 71 72
30 39 55 59 67 68 71 73
30 39 55 59 67 68 71 72
30 39 55 59 67 68 69 70 73
30 39 55 59 67 68 69 70 71 72
30 39 46 55 59 69 71
30 39 46 55 59 69 70
30 39 46 55 59 67 68 71
30 39 46 55 59 67 68 69 70
30 39 44 55 59 69 73
30 39 44 55 59 69 71 72
30 39 44 55 59 67 68 73
30 39 44 55 59 67 68 71 72
30 39 44 46 55 59 69
30 39 44 46 55 59 67 68
30 39 42 55 59 71 73
30 39 42 55 59 71 72
30 39 42 55 59 69 70 73
30 39 42 55 59 69 70 71 72
30 39 42 46 55 59 71
30 39 42 46 55 59 69 70
30 39 42 44 55 59 73
30 39 42 44 55 59 71 72
30 39 42 44 46 55 59
30 37 38 55 59 69 71 73
30 37 38 55 59 69 71 72
30 37 38 55 59 69 70 73
30 37 38 55 59 69 70 71 72
30 37 38 55 59 67 68 71 73
30 37 38 55 59 67 68 71 72
30 37 38 55 59 67 68 69 70 73
30 37 38 55 59 67 68 69 70 71 72
30 37 38 46 55 59 69 71
30 37 38 46 55 59 69 70
30 37 38 46 55 59 67 68 71
30 37 38 46 55 59 67 68 69 70
30 37 38 44 55 59 69 73
30 37 38 44 55 59 69 71 72
30 37 38 44 55 59 67 68 73
30 37 38 44 55 59 67 68 71 72
30 37 38 44 46 55 59 69
30 37 38 44 46 55 59 67 68
30 37 38 42 55 59 71 73
30 37 38 42 55 59 71 72
30 37 38 42 55 59 69 70 73
30 37 38 42 55 59 69 70 71 72
30 37 38 42 46 55 59 71
30 37 38 42 46 55 59 69 70
30 37 38 42 44 55 59 73
30 37 38 42 44 55 59 71 72
30 37 38 42 44 46 55 59
28 29 55 59 71 73 75
28 29 55 59 71 73 74
28 29 55 59 71 72 75
28 29 55 59 71 72 73 74
28 29 55 59 69 71 73
28 29 55 59 69 71 72
28 29 55 59 69 70 73
28 29 55 59 69 70 73 75
28 29 55 59 69 70 73 74
28 29 55 59 69 70 71 72
28 29 55 59 69 70 71 72 75
28 29 55 59 69 70 71 72 73 74
28 29 55 59 67 68 71 73
28 29 55 59 67 68 71 72
28 29 55 59 67 68 69 70 73
28 29 55 59 67 68 69 70 71 72
28 29 48 55 59 71 73
28 29 48 55 59 71 72
28 29 48 55 59 69 70 73
28 29 48 55 59 69 70 71 72
28 29 46 55 59 71 75
28 29 46 55 59 71 73 74
28 29 46 55 59 69 71
28 29 46 55 59 69 70
28 29 46 55 59 69 70 75
28 29 46 55 59 69 70 73 74
28 29 46 55 59 67 68 71
28 29 46 55 59 67 68 69 70
28 29 46 48 55 59 71
28 29 46 48 55 59 69 70
28 29 44 55 59 73 75
28 29 44 55 59 73 74
28 29 44 55 59 71 72 75
28 29 44 55 59 71 72 73 74
28 29 44 55 59 69 73
28 29 44 55 59 69 71 72
28 29 44 55 59 67 68 73
28 29 44 55 59 67 68 71 72
28 29 44 48 55 59 73
28 29 44 48 55 59 71 72
28 29 44 46 55 59 75
28 29 44 46 55 59 73 74
28 29 44 46 55 59 69
28 29 44 46 55 59 67 68
28 29 44 46 48 55 59
28 29 42 55 59 71 73
28 29 42 55 59 71 72
28 29 42 55 59 69 70 73
28 29 42 55 59 69 70 71 72
28 29 42 46 55 59 71
28 29 42 46 55 59 69 70
28 29 42 44 55 59 73
28 29 42 44 55 59 71 72
28 29 42 44 46 55 59
28 29 39 55 59 69 71 73
28 29 39 55 59 69 71 72
28 29 39 55 59 69 70 73
28 29 39 55 59 69 70 71 72
28 29 39 55 59 67 68 71 73
28 29 39 55 59 67 68 71 72
28 29 39 55 59 67 68 69 70 73
28 29 39 55 59 67 68 69 70 71 72
28 29 39 46 55 59 69 71
28 29 39 46 55 59 69 70
28 29 39 46 55 59 67 68 71
28 29 39 46 55 59 67 68 69 70
28 29 39 44 55 59 69 73
28 29 39 44 55 59 69 71 72
28 29 39 44 55 59 67 68 73
28 29 39 44 55 59 67 68 71 72
28 29 39 44 46 55 59 69
28 29 39 44 46 55 59 67 68
28 29 39 42 55 59 71 73
28 29 39 42 55 59 71 72
28 29 39 42 55 59 69 70 73
28 29 39 42 55 59 69 70 71 72
28 29 39 42 46 55 59 71
28 29 39 42 46 55 59 69 70
28 29 39 42 44 55 59 73
28 29 39 42 44 55 59 71 72
28 29 39 42 44 46 55 59
28 29 37 38 55 59 69 71 73
28 29 37 38 55 59 69 71 72
28 29 37 38 55 59 69 70 73
28 29 37 38 55 59 69 70 71 72
28 29 37 38 55 59 67 68 71 73
28 29 37 38 55 59 67 68 71 72
28 29 37 38 55 59 67 68 69 70 73
28 29 37 38 55 59 67 68 69 70 71 72
28 29 37 38 46 55 59 69 71
28 29 37 38 46 55 59 69 70
28 29 37 38 46 55 59 67 68 71
28 29 37 38 46 55 59 67 68 69 70
28 29 37 38 44 55 59 69 73
28 29 37 38 44 55 59 69 71 72
28 29 37 38 44 55 59 67 68 73
28 29 37 38 44 55 59 67 68 71 72
28 29 37 38 44 46 55 59 69
28 29 37 38 44 46 55 59 67 68
28 29 37 38 42 55 59 71 73
28 29 37 38 42 55 59 71 72
28 29 37 38 42 55 59 69 70 73
28 29 37 38 42 55 59 69 70 71 72
28 29 37 38 42 46 55 59 71
28 29 37 38 42 46 55 59 69 70
28 29 37 38 42 44 55 59 73
28 29 37 38 42 44 55 59 71 72
28 29 37 38 42 44 46 55 59
27 57 60 71 73 75
27 57 60 71 73 74
27 57 60 71 72 75
27 57 60 71 72 73 74
27 57 60 69 70 73 75
27 57 60 69 70 73 74
27 57 60 69 70 71 72 75
27 57 60 69 70 71 72 73 74
27 57 60 63 71 75
27 57 60 63 71 73 74
27 57 60 63 69 70 75
27 57 60 63 69 70 73 74
27 57 58 59 71 73 75
27 57 58 59 71 73 74
27 57 58 59 71 72 75
27 57 58 59 71 72 73 74
27 57 58 59 69 70 73 75
27 57 58 59 69 70 73 74
27 57 58 59 69 70 71 72 75
27 57 58 59 69 70 71 72 73 74
27 57 58 59 63 71 75
27 57 58 59 63 71 73 74
27 57 58 59 63 69 70 75
27 57 58 59 63 69 70 73 74
27 48 57 60 71 73
27 48 57 60 71 72
27 48 57 60 69 70 73
27 48 57 60 69 70 71 72
27 48 57 60 63 71
27 48 57 60 63 69 70
27 48 57 58 59 71 73
27 48 57 58 59 71 72
27 48 57 58 59 69 70 73
27 48 57 58 59 69 70 71 72
27 48 57 58 59 63 71
27 48 57 58 59 63 69 70
27 46 57 60 71 75
27 46 57 60 71 73 74
27 46 57 60 69 70 75
27 46 57 60 69 70 73 74
27 46 57 58 59 71 75
27 46 57 58 59 71 73 74
27 46 57 58 59 69 70 75
27 46 57 58 59 69 70 73 74
27 46 48 57 60 71
27 46 48 57 60 69 70
27 46 48 57 58 59 71
27 46 48 57 58 59 69 70
27 44 57 60 73 75
27 44 57 60 73 74
27 44 57 60 71 72 75
27 44 57 60 71 72 73 74
27 44 57 60 63 75
27 44 57 60 63 73 74
27 44 57 58 59 73 75
27 44 57 58 59 73 74
27 44 57 58 59 71 72 75
27 44 57 58 59 71 72 73 74
27 44 57 58 59 63 75
27 44 57 58 59 63 73 74
27 44 48 57 60 73
27 44 48 57 60 71 72
27 44 48 57 60 63
27 44 48 57 58 59 73
27 44 48 57 58 59 71 72
27 44 48 57 58 59 63
27 44 46 57 60 75
27 44 46 57 60 73 74
27 44 46 57 58 59 75
27 44 46 57 58 59 73 74
27 44 46 48 57 60
27 44 46 48 57 58 59
27 33 57 71 73 75
27 33 57 71 73 74
27 33 57 71 72 75
27 33 57 71 72 73 74
27 33 57 69 70 73 75
27 33 57 69 70 73 74
27 33 57 69 70 71 72 75
27 33 57 69 70 71 72 73 74
27 33 57 63 71 75
27 33 57 63 71 73 74
27 33 57 63 69 70 75
27 33 57 63 69 70 73 74
27 33 48 57 71 73
27 33 48 57 71 72
27 33 48 57 69 70 73
27 33 48 57 69 70 71 72
27 33 48 57 63 71
27 33 48 57 63 69 70
27 33 46 57 71 75
27 33 46 57 71 73 74
27 33 46 57 69 70 75
27 33 46 57 69 70 73 74
27 33 46 48 57 71
27 33 46 48 57 69 70
27 33 44 57 73 75
27 33 44 57 73 74
27 33 44 57 71 72 75
27 33 44 57 71 72 73 74
27 33 44 57 63 75
27 33 44 57 63 73 74
27 33 44 48 57 73
27 33 44 48 57 71 72
27 33 44 48 57 63
27 33 44 46 57 75
27 33 44 46 57 73 74
27 33 44 46 48 57
25 26 57 60 71 73 75
25 26 57 60 71 73 74
25 26 57 60 71 72 75
25 26 57 60 71 72 73 74
25 26 57 60 69 70 73 75
25 26 57 60 69 70 73 74
25 26 57 60 69 70 71 72 75
25 26 57 60 69 70 71 72 73 74
25 26 57 60 63 71 75
25 26 57 60 63 71 73 74
25 26 57 60 63 69 70 75
25 26 57 60 63 69 70 73 74
25 26 57 58 59 71 73 75
25 26 57 58 59 71 73 74
25 26 57 58 59 71 72 75
25 26 57 58 59 71 72 73 74
25 26 57 58 59 69 70 73 75
25 26 57 58 59 69 70 73 74
25 26 57 58 59 69 70 71 72 75
25 26 57 58 59 69 70 71 72 73 74
25 26 57 58 59 63 71 75
25 26 57 58 59 63 71 73 74
25 26 57 58 59 63 69 70 75
25 26 57 58 59 63 69 70 73 74
25 26 48 57 60 71 73
25 26 48 57 60 71 72
25 26 48 57 60 69 70 73
25 26 48 57 60 69 70 71 72
25 26 48 57 60 63 71
25 26 48 57 60 63 69 70
25 26 48 57 58 59 71 73
25 26 48 57 58 59 71 72
25 26 48 57 58 59 69 70 73
25 26 48 57 58 59 69 70 71 72
25 26 48 57 58 59 63 71
25 26 48 57 58 59 63 69 70
25 26 46 57 60 71 75
25 26 46 57 60 71 73 74
25 26 46 57 60 69 70 75
25 26 46 57 60 69 70 73 74
25 26 46 57 58 59 71 75
25 26 46 57 58 59 71 73 74
25 26 46 57 58 59 69 70 75
25 26 46 57 58 59 69 70 73 74
25 26 46 48 57 60 71
25 26 46 48 57 60 69 70
25 26 46 48 57 58 59 71
25 26 46 48 57 58 59 69 70
25 26 44 57 60 73 75
25 26 44 57 60 73 74
25 26 44 57 60 71 72 75
25 26 44 57 60 71 72 73 74
25 26 44 57 60 63 75
25 26 44 57 60 63 73 74
25 26 44 57 58 59 73 75
25 26 44 57 58 59 73 74
25 26 44 57 58 59 71 72 75
25 26 44 57 58 59 71 72 73 74
25 26 44 57 58 59 63 75
25 26 44 57 58 59 63 73 74
25 26 44 48 57 60 73
25 26 44 48 57 60 71 72
25 26 44 48 57 60 63
25 26 44 48 57 58 59 73
25 26 44 48 57 58 59 71 72
25 26 44 48 57 58 59 63
25 26 44 46 57 60 75
25 26 44 46 57 60 73 74
25 26 44 46 57 58 59 75
25 26 44 46 57 58 59 73 74
25 26 44 46 48 57 60
25 26 44 46 48 57 58 59
25 26 33 57 71 73 75
25 26 33 57 71 73 74
25 26 33 57 71 72 75
25 26 33 57 71 72 73 74
25 26 33 57 69 70 73 75
25 26 33 57 69 70 73 74
25 26 33 57 69 70 71 72 75
25 26 33 57 69 70 71 72 73 74
25 26 33 57 63 71 75
25 26 33 57 63 71 73 74
25 26 33 57 63 69 70 75
25 26 33 57 63 69 70 73 74
25 26 33 48 57 71 73
25 26 33 48 57 71 72
25 26 33 48 57 69 70 73
25 26 33 48 57 69 70 71 72
25 26 33 48 57 63 71
25 26 33 48 57 63 69 70
25 26 33 46 57 71 75
25 26 33 46 57 71 73 74
25 26 33 46 57 69 70 75
25 26 33 46 57 69 70 73 74
25 26 33 46 48 57 71
25 26 33 46 48 57 69 70
25 26 33 44 57 73 75
25 26 33 44 57 73 74
25 26 33 44 57 71 72 75
25 26 33 44 57 71 72 73 74
25 26 33 44 57 63 75
25 26 33 44 57 63 73 74
25 26 33 44 48 57 73
25 26 33 44 48 57 71 72
25 26 33 44 48 57 63
25 26 33 44 46 57 75
25 26 33 44 46 57 73 74
25 26 33 44 46 48 57
24 59 67
24 59 65 66
24 40 59
24 31 59 67
24 31 59 65 66
24 31 40 59
20
18 65 66
18 65 66 67
18 40
18 40 67
12 55 59 69 71 73
12 55 59 69 71 72
12 55 59 69 70 73
12 55 59 69 70 71 72
12 55 59 67 68 71 73
12 55 59 67 68 71 72
12 55 59 67 68 69 70 73
12 55 59 67 68 69 70 71 72
12 46 55 59 69 71
12 46 55 59 69 70
12 46 55 59 67 68 71
12 46 55 59 67 68 69 70
12 44 55 59 69 73
12 44 55 59 69 71 72
12 44 55 59 67 68 73
12 44 55 59 67 68 71 72
12 44 46 55 59 69
12 44 46 55 59 67 68
12 42 55 59 71 73
12 42 55 59 71 72
12 42 55 59 69 70 73
12 42 55 59 69 70 71 72
12 42 46 55 59 71
12 42 46 55 59 69 70
12 42 44 55 59 73
12 42 44 55 59 71 72
12 42 44 46 55 59
12 30 55 59 69 71 73
12 30 55 59 69 71 72
12 30 55 59 69 70 73
12 30 55 59 69 70 71 72
12 30 55 59 67 68 71 73
12 30 55 59 67 68 71 72
12 30 55 59 67 68 69 70 73
12 30 55 59 67 68 69 70 71 72
12 30 46 55 59 69 71
12 30 46 55 59 69 70
12 30 46 55 59 67 68 71
12 30 46 55 59 67 68 69 70
12 30 44 55 59 69 73
12 30 44 55 59 69 71 72
12 30 44 55 59 67 68 73
12 30 44 55 59 67 68 71 72
12 30 44 46 55 59 69
12 30 44 46 55 59 67 68
12 30 42 55 59 71 73
12 30 42 55 59 71 72
12 30 42 55 59 69 70 73
12 30 42 55 59 69 70 71 72
12 30 42 46 55 59 71
12 30 42 46 55 59 69 70
12 30 42 44 55 59 73
12 30 42 44 55 59 71 72
12 30 42 44 46 55 59
12 28 29 55 59 69 71 73
12 28 29 55 59 69 71 72
12 28 29 55 59 69 70 73
12 28 29 55 59 69 70 71 72
12 28 29 55 59 67 68 71 73
12 28 29 55 59 67 68 71 72
12 28 29 55 59 67 68 69 70 73
12 28 29 55 59 67 68 69 70 71 72
12 28 29 46 55 59 69 71
12 28 29 46 55 59 69 70
12 28 29 46 55 59 67 68 71
12 28 29 46 55 59 67 68 69 70
12 28 29 44 55 59 69 73
12 28 29 44 55 59 69 71 72
12 28 29 44 55 59 67 68 73
12 28 29 44 55 59 67 68 71 72
12 28 29 44 46 55 59 69
12 28 29 44 46 55 59 67 68
12 28 29 42 55 59 71 73
12 28 29 42 55 59 71 72
12 28 29 42 55 59 69 70 73
12 28 29 42 55 59 69 70 71 72
12 28 29 42 46 55 59 71
12 28 29 42 46 55 59 69 70
12 28 29 42 44 55 59 73
12 28 29 42 44 55 59 71 72
12 28 29 42 44 46 55 59
7 18 65 66
7 18 65 66 67
7 18 40
7 18 40 67
5
4
3 55 59 71 73 75
3 55 59 71 73 74
3 55 59 71 72 75
3 55 59 71 72 73 74
3 55 59 69 71 73
3 55 59 69 71 72
3 55 59 69 70 73
3 55 59 69 70 73 75
3 55 59 69 70 73 74
3 55 59 69 70 71 72
3 55 59 69 70 71 72 75
3 55 59 69 70 71 72 73 74
3 55 59 67 68 71 73
3 55 59 67 68 71 72
3 55 59 67 68 69 70 73
3 55 59 67 68 69 70 71 72
3 48 55 59 71 73
3 48 55 59 71 72
3 48 55 59 69 70 73
3 48 55 59 69 70 71 72
3 46 55 59 71 75
3 46 55 59 71 73 74
3 46 55 59 69 71
3 46 55 59 69 70
3 46 55 59 69 70 75
3 46 55 59 69 70 73 74
3 46 55 59 67 68 71
3 46 55 59 67 68 69 70
3 46 48 55 59 71
3 46 48 55 59 69 70
3 44 55 59 73 75
3 44 55 59 73 74
3 44 55 59 71 72 75
3 44 55 59 71 72 73 74
3 44 55 59 69 73
3 44 55 59 69 71 72
3 44 55 59 67 68 73
3 44 55 59 67 68 71 72
3 44 48 55 59 73
3 44 48 55 59 71 72
3 44 46 55 59 75
3 44 46 55 59 73 74
3 44 46 55 59 69
3 44 46 55 59 67 68
3 44 46 48 55 59
3 42 55 59 71 73
3 42 55 59 71 72
3 42 55 59 69 70 73
3 42 55 59 69 70 71 72
3 42 46 55 59 71
3 42 46 55 59 69 70
3 42 44 55 59 73
3 42 44 55 59 71 72
3 42 44 46 55 59
3 39 55 59 69 71 73
3 39 55 59 69 71 72
3 39 55 59 69 70 73
3 39 55 59 69 70 71 72
3 39 55 59 67 68 71 73
3 39 55 59 67 68 71 72
3 39 55 59 67 68 69 70 73
3 39 55 59 67 68 69 70 71 72
3 39 46 55 59 69 71
3 39 46 55 59 69 70
3 39 46 55 59 67 68 71
3 39 46 55 59 67 68 69 70
3 39 44 55 59 69 73
3 39 44 55 59 69 71 72
3 39 44 55 59 67 68 73
3 39 44 55 59 67 68 71 72
3 39 44 46 55 59 69
3 39 44 46 55 59 67 68
3 39 42 55 59 71 73
3 39 42 55 59 71 72
3 39 42 55 59 69 70 73
3 39 42 55 59 69 70 71 72
3 39 42 46 55 59 71
3 39 42 46 55 59 69 70
3 39 42 44 55 59 73
3 39 42 44 55 59 71 72
3 39 42 44 46 55 59
3 37 38 55 59 69 71 73
3 37 38 55 59 69 71 72
3 37 38 55 59 69 70 73
3 37 38 55 59 69 70 71 72
3 37 38 55 59 67 68 71 73
3 37 38 55 59 67 68 71 72
3 37 38 55 59 67 68 69 70 73
3 37 38 55 59 67 68 69 70 71 72
3 37 38 46 55 59 69 71
3 37 38 46 55 59 69 70
3 37 38 46 55 59 67 68 71
3 37 38 46 55 59 67 68 69 70
3 37 38 44 55 59 69 73
3 37 38 44 55 59 69 71 72
3 37 38 44 55 59 67 68 73
3 37 38 44 55 59 67 68 71 72
3 37 38 44 46 55 59 69
3 37 38 44 46 55 59 67 68
3 37 38 42 55 59 71 73
3 37 38 42 55 59 71 72
3 37 38 42 55 59 69 70 73
3 37 38 42 55 59 69 70 71 72
3 37 38 42 46 55 59 71
3 37 38 42 46 55 59 69 70
3 37 38 42 44 55 59 73
3 37 38 42 44 55 59 71 72
3 37 38 42 44 46 55 59
3 12 55 59 69 71 73
3 12 55 59 69 71 72
3 12 55 59 69 70 73
3 12 55 59 69 70 71 72
3 12 55 59 67 68 71 73
3 12 55 59 67 68 71 72
3 12 55 59 67 68 69 70 73
3 12 55 59 67 68 69 70 71 72
3 12 46 55 59 69 71
3 12 46 55 59 69 70
3 12 46 55 59 67 68 71
3 12 46 55 59 67 68 69 70
3 12 44 55 59 69 73
3 12 44 55 59 69 71 72
3 12 44 55 59 67 68 73
3 12 44 55 59 67 68 71 72
3 12 44 46 55 59 69
3 12 44 46 55 59 67 68
3 12 42 55 59 71 73
3 12 42 55 59 71 72
3 12 42 55 59 69 70 73
3 12 42 55 59 69 70 71 72
3 12 42 46 55 59 71
3 12 42 46 55 59 69 70
3 12 42 44 55 59 73
3 12 42 44 55 59 71 72
3 12 42 44 46 55 59
0 57 60 71 73 75
0 57 60 71 73 74
0 57 60 71 72 75
0 57 60 71 72 73 74
0 57 60 69 70 73 75
0 57 60 69 70 73 74
0 57 60 69 70 71 72 75
0 57 60 69 70 71 72 73 74
0 57 60 63 71 75
0 57 60 63 71 73 74
0 57 60 63 69 70 75
0 57 60 63 69 70 73 74
0 57 58 59 71 73 75
0 57 58 59 71 73 74
0 57 58 59 71 72 75
0 57 58 59 71 72 73 74
0 57 58 59 69 70 73 75
0 57 58 59 69 70 73 74
0 57 58 59 69 70 71 72 75
0 57 58 59 69 70 71 72 73 74
0 57 58 59 63 71 75
0 57 58 59 63 71 73 74
0 57 58 59 63 69 70 75
0 57 58 59 63 69 70 73 74
0 48 57 60 71 73
0 48 57 60 71 72
0 48 57 60 69 70 73
0 48 57 60 69 70 71 72
0 48 57 60 63 71
0 48 57 60 63 69 70
0 48 57 58 59 71 73
0 48 57 58 59 71 72
0 48 57 58 59 69 70 73
0 48 57 58 59 69 70 71 72
0 48 57 58 59 63 71
0 48 57 58 59 63 69 70
0 46 57 60 71 75
0 46 57 60 71 73 74
0 46 57 60 69 70 75
0 46 57 60 69 70 73 74
0 46 57 58 59 71 75
0 46 57 58 59 71 73 74
0 46 57 58 59 69 70 75
0 46 57 58 59 69 70 73 74
0 46 48 57 60 71
0 46 48 57 60 69 70
0 46 48 57 58 59 71
0 46 48 57 58 59 69 70
0 44 57 60 73 75
0 44 57 60 73 74
0 44 57 60 71 72 75
0 44 57 60 71 72 73 74
0 44 57 60 63 75
0 44 57 60 63 73 74
0 44 57 58 59 73 75
0 44 57 58 59 73 74
0 44 57 58 59 71 72 75
0 44 57 58 59 71 72 73 74
0 44 57 58 59 63 75
0 44 57 58 59 63 73 74
0 44 48 57 60 73
0 44 48 57 60 71 72
0 44 48 57 60 63
0 44 48 57 58 59 73
0 44 48 57 58 59 71 72
0 44 48 57 58 59 63
0 44 46 57 60 75
0 44 46 57 60 73 74
0 44 46 57 58 59 75
0 44 46 57 58 59 73 74
0 44 46 48 57 60
0 44 46 48 57 58 59
0 33 57 71 73 75
0 33 57 71 73 74
0 33 57 71 72 75
0 33 57 71 72 73 74
0 33 57 69 70 73 75
0 33 57 69 70 73 74
0 33 57 69 70 71 72 75
0 33 57 69 70 71 72 73 74
0 33 57 63 71 75
0 33 57 63 71 73 74
0 33 57 63 69 70 75
0 33 57 63 69 70 73 74
0 33 48 57 71 73
0 33 48 57 71 72
0 33 48 57 69 70 73
0 33 48 57 69 70 71 72
0 33 48 57 63 71
0 33 48 57 63 69 70
0 33 46 57 71 75
0 33 46 57 71 73 74
0 33 46 57 69 70 75
0 33 46 57 69 70 73 74
0 33 46 48 57 71
0 33 46 48 57 69 70
0 33 44 57 73 75
0 33 44 57 73 74
0 33 44 57 71 72 75
0 33 44 57 71 72 73 74
0 33 44 57 63 75
0 33 44 57 63 73 74
0 33 44 48 57 73
0 33 44 48 57 71 72
0 33 44 48 57 63
0 33 44 46 57 75
0 33 44 46 57 73 74
0 33 44 46 48 57
