67 71 
67 69 70 
65 
65 66 
65 66 71 
65 66 69 70 
63 64 
63 64 67 
59 
59 69 
59 67 79 
59 67 77 78 
59 67 71 
59 67 69 70 
59 67 68 
59 65 66 
59 65 66 79 
59 65 66 77 78 
59 65 66 71 
59 65 66 69 
59 65 66 69 70 
59 65 66 67 68 
59 63 
59 63 69 
59 63 67 
59 63 67 69 
57 69 71 
57 69 70 
57 67 68 71 
57 67 68 69 70 
57 63 69 73 
57 63 69 71 73 
57 63 69 70 73 
57 63 69 70 71 72 
57 63 67 68 73 
57 63 67 68 71 73 
57 63 67 68 69 70 73 
57 63 67 68 69 70 71 72 
57 60 71 73 75 
57 60 71 73 74 
57 60 71 72 75 
57 60 71 72 73 74 
57 60 69 71 75 77 
57 60 69 71 75 76 
57 60 69 71 73 75 77 
57 60 69 71 73 75 76 
57 60 69 71 72 75 77 
57 60 69 71 72 75 76 
57 60 69 71 72 73 74 77 
57 60 69 71 72 73 74 75 76 
57 60 69 70 75 77 
57 60 69 70 75 76 
57 60 69 70 73 75 
57 60 69 70 73 75 77 
57 60 69 70 73 75 76 
57 60 69 70 73 74 
57 60 69 70 71 72 75 
57 60 69 70 71 72 75 77 
57 60 69 70 71 72 75 76 
57 60 69 70 71 72 73 74 
57 60 69 70 71 72 73 74 77 
57 60 69 70 71 72 73 74 75 76 
57 60 67 68 71 75 77 
57 60 67 68 71 75 76 
57 60 67 68 71 73 75 77 
57 60 67 68 71 73 75 76 
57 60 67 68 71 72 75 77 
57 60 67 68 71 72 75 76 
57 60 67 68 71 72 73 74 77 
57 60 67 68 71 72 73 74 75 76 
57 60 67 68 69 70 75 77 
57 60 67 68 69 70 75 76 
57 60 67 68 69 70 73 75 77 
57 60 67 68 69 70 73 75 76 
57 60 67 68 69 70 71 72 75 77 
57 60 67 68 69 70 71 72 75 76 
57 60 67 68 69 70 71 72 73 74 77 
57 60 67 68 69 70 71 72 73 74 75 76 
57 59 67 69 
57 59 67 68 
57 59 65 66 69 
57 59 65 66 67 68 
57 59 63 67 69 
57 59 63 67 68 
57 59 63 65 66 69 
57 59 63 65 66 67 68 
57 58 59 71 73 75 
57 58 59 71 73 74 
57 58 59 71 72 75 
57 58 59 71 72 73 74 
57 58 59 69 71 75 77 
57 58 59 69 71 75 76 
57 58 59 69 71 73 75 77 
57 58 59 69 71 73 75 76 
57 58 59 69 71 72 75 77 
57 58 59 69 71 72 75 76 
57 58 59 69 71 72 73 74 77 
57 58 59 69 71 72 73 74 75 76 
57 58 59 69 70 75 77 
57 58 59 69 70 75 76 
57 58 59 69 70 73 75 
57 58 59 69 70 73 75 77 
57 58 59 69 70 73 75 76 
57 58 59 69 70 73 74 
57 58 59 69 70 71 72 75 
57 58 59 69 70 71 72 75 77 
57 58 59 69 70 71 72 75 76 
57 58 59 69 70 71 72 73 74 
57 58 59 69 70 71 72 73 74 77 
57 58 59 69 70 71 72 73 74 75 76 
57 58 59 67 68 71 75 77 
57 58 59 67 68 71 75 76 
57 58 59 67 68 71 73 75 77 
57 58 59 67 68 71 73 75 76 
57 58 59 67 68 71 72 75 77 
57 58 59 67 68 71 72 75 76 
57 58 59 67 68 71 72 73 74 77 
57 58 59 67 68 71 72 73 74 75 76 
57 58 59 67 68 69 70 75 77 
57 58 59 67 68 69 70 75 76 
57 58 59 67 68 69 70 73 75 77 
57 58 59 67 68 69 70 73 75 76 
57 58 59 67 68 69 70 71 72 75 77 
57 58 59 67 68 69 70 71 72 75 76 
57 58 59 67 68 69 70 71 72 73 74 77 
57 58 59 67 68 69 70 71 72 73 74 75 76 
56 
55 63 64 71 
55 63 64 71 77 
55 63 64 71 75 76 
55 63 64 71 73 
55 63 64 71 72 
55 63 64 69 70 
55 63 64 69 70 77 
55 63 64 69 70 75 76 
55 63 64 69 70 73 
55 63 64 69 70 71 72 
55 62 63 71 
55 62 63 71 77 
55 62 63 71 75 76 
55 62 63 71 73 
55 62 63 71 72 
55 62 63 69 70 
55 62 63 69 70 77 
55 62 63 69 70 75 76 
55 62 63 69 70 73 
55 62 63 69 70 71 72 
55 58 63 64 71 
55 58 63 64 71 77 
55 58 63 64 71 75 76 
55 58 63 64 69 70 
55 58 63 64 69 70 77 
55 58 63 64 69 70 75 76 
55 58 62 63 71 
55 58 62 63 71 77 
55 58 62 63 71 75 76 
55 58 62 63 69 70 
55 58 62 63 69 70 77 
55 58 62 63 69 70 75 76 
55 57 64 71 73 77 
55 57 64 71 73 75 76 
55 57 64 71 72 77 
55 57 64 71 72 75 76 
55 57 64 69 70 73 77 
55 57 64 69 70 73 75 76 
55 57 64 69 70 71 72 77 
55 57 64 69 70 71 72 75 76 
55 57 62 63 71 73 77 
55 57 62 63 71 73 75 76 
55 57 62 63 71 72 77 
55 57 62 63 71 72 75 76 
55 57 62 63 69 70 73 77 
55 57 62 63 69 70 73 75 76 
55 57 62 63 69 70 71 72 77 
55 57 62 63 69 70 71 72 75 76 
55 57 58 63 71 
55 57 58 63 69 70 
55 56 57 63 71 
55 56 57 63 69 70 
55 56 57 63 64 71 
55 56 57 63 64 71 77 
55 56 57 63 64 71 75 76 
55 56 57 63 64 69 70 
55 56 57 63 64 69 70 77 
55 56 57 63 64 69 70 75 76 
55 56 57 62 63 71 
55 56 57 62 63 71 77 
55 56 57 62 63 71 75 76 
55 56 57 62 63 69 70 
55 56 57 62 63 69 70 77 
55 56 57 62 63 69 70 75 76 
54 55 
52 59 67 
52 59 65 66 
50 57 60 69 71 75 
50 57 60 69 71 73 75 
50 57 60 69 71 72 75 
50 57 60 69 71 72 73 74 
50 57 60 69 70 75 
50 57 60 69 70 73 75 
50 57 60 69 70 71 72 75 
50 57 60 69 70 71 72 73 74 
50 57 60 67 68 71 75 
50 57 60 67 68 71 73 75 
50 57 60 67 68 71 72 75 
50 57 60 67 68 71 72 73 74 
50 57 60 67 68 69 70 75 
50 57 60 67 68 69 70 73 75 
50 57 60 67 68 69 70 71 72 75 
50 57 60 67 68 69 70 71 72 73 74 
50 57 58 59 69 71 75 
50 57 58 59 69 71 73 75 
50 57 58 59 69 71 72 75 
50 57 58 59 69 71 72 73 74 
50 57 58 59 69 70 75 
50 57 58 59 69 70 73 75 
50 57 58 59 69 70 71 72 75 
50 57 58 59 69 70 71 72 73 74 
50 57 58 59 67 68 71 75 
50 57 58 59 67 68 71 73 75 
50 57 58 59 67 68 71 72 75 
50 57 58 59 67 68 71 72 73 74 
50 57 58 59 67 68 69 70 75 
50 57 58 59 67 68 69 70 73 75 
50 57 58 59 67 68 69 70 71 72 75 
50 57 58 59 67 68 69 70 71 72 73 74 
50 55 63 64 71 
50 55 63 64 69 70 
50 55 62 63 71 
50 55 62 63 69 70 
50 55 58 63 64 71 
50 55 58 63 64 69 70 
50 55 58 62 63 71 
50 55 58 62 63 69 70 
50 55 57 64 71 73 
50 55 57 64 71 72 
50 55 57 64 69 70 73 
50 55 57 64 69 70 71 72 
50 55 57 62 63 71 73 
50 55 57 62 63 71 72 
50 55 57 62 63 69 70 73 
50 55 57 62 63 69 70 71 72 
50 55 56 57 63 64 71 
50 55 56 57 63 64 69 70 
50 55 56 57 62 63 71 
50 55 56 57 62 63 69 70 
48 57 60 71 73 
48 57 60 71 72 
48 57 60 69 71 77 
48 57 60 69 71 75 76 
48 57 60 69 71 73 77 
48 57 60 69 71 73 75 76 
48 57 60 69 71 72 77 
48 57 60 69 71 72 75 76 
48 57 60 69 70 77 
48 57 60 69 70 75 76 
48 57 60 69 70 73 
48 57 60 69 70 73 77 
48 57 60 69 70 73 75 76 
48 57 60 69 70 71 72 
48 57 60 69 70 71 72 77 
48 57 60 69 70 71 72 75 76 
48 57 60 67 68 71 77 
48 57 60 67 68 71 75 76 
48 57 60 67 68 71 73 77 
48 57 60 67 68 71 73 75 76 
48 57 60 67 68 71 72 77 
48 57 60 67 68 71 72 75 76 
48 57 60 67 68 69 70 77 
48 57 60 67 68 69 70 75 76 
48 57 60 67 68 69 70 73 77 
48 57 60 67 68 69 70 73 75 76 
48 57 60 67 68 69 70 71 72 77 
48 57 60 67 68 69 70 71 72 75 76 
48 57 58 59 71 73 
48 57 58 59 71 72 
48 57 58 59 69 71 77 
48 57 58 59 69 71 75 76 
48 57 58 59 69 71 73 77 
48 57 58 59 69 71 73 75 76 
48 57 58 59 69 71 72 77 
48 57 58 59 69 71 72 75 76 
48 57 58 59 69 70 77 
48 57 58 59 69 70 75 76 
48 57 58 59 69 70 73 
48 57 58 59 69 70 73 77 
48 57 58 59 69 70 73 75 76 
48 57 58 59 69 70 71 72 
48 57 58 59 69 70 71 72 77 
48 57 58 59 69 70 71 72 75 76 
48 57 58 59 67 68 71 77 
48 57 58 59 67 68 71 75 76 
48 57 58 59 67 68 71 73 77 
48 57 58 59 67 68 71 73 75 76 
48 57 58 59 67 68 71 72 77 
48 57 58 59 67 68 71 72 75 76 
48 57 58 59 67 68 69 70 77 
48 57 58 59 67 68 69 70 75 76 
48 57 58 59 67 68 69 70 73 77 
48 57 58 59 67 68 69 70 73 75 76 
48 57 58 59 67 68 69 70 71 72 77 
48 57 58 59 67 68 69 70 71 72 75 76 
48 50 57 60 69 71 
48 50 57 60 69 71 73 
48 50 57 60 69 71 72 
48 50 57 60 69 70 
48 50 57 60 69 70 73 
48 50 57 60 69 70 71 72 
48 50 57 60 67 68 71 
48 50 57 60 67 68 71 73 
48 50 57 60 67 68 71 72 
48 50 57 60 67 68 69 70 
48 50 57 60 67 68 69 70 73 
48 50 57 60 67 68 69 70 71 72 
48 50 57 58 59 69 71 
48 50 57 58 59 69 71 73 
48 50 57 58 59 69 71 72 
48 50 57 58 59 69 70 
48 50 57 58 59 69 70 73 
48 50 57 58 59 69 70 71 72 
48 50 57 58 59 67 68 71 
48 50 57 58 59 67 68 71 73 
48 50 57 58 59 67 68 71 72 
48 50 57 58 59 67 68 69 70 
48 50 57 58 59 67 68 69 70 73 
48 50 57 58 59 67 68 69 70 71 72 
46 57 63 69 
46 57 63 69 71 
46 57 63 69 70 
46 57 63 67 68 
46 57 63 67 68 71 
46 57 63 67 68 69 70 
46 57 60 71 75 
46 57 60 71 73 74 
46 57 60 69 71 75 77 
46 57 60 69 71 75 76 
46 57 60 69 71 73 74 77 
46 57 60 69 71 73 74 75 76 
46 57 60 69 70 75 
46 57 60 69 70 75 77 
46 57 60 69 70 75 76 
46 57 60 69 70 73 74 
46 57 60 69 70 73 74 77 
46 57 60 69 70 73 74 75 76 
46 57 60 67 68 71 75 77 
46 57 60 67 68 71 75 76 
46 57 60 67 68 71 73 74 77 
46 57 60 67 68 71 73 74 75 76 
46 57 60 67 68 69 70 75 77 
46 57 60 67 68 69 70 75 76 
46 57 60 67 68 69 70 73 74 77 
46 57 60 67 68 69 70 73 74 75 76 
46 57 58 59 71 75 
46 57 58 59 71 73 74 
46 57 58 59 69 71 75 77 
46 57 58 59 69 71 75 76 
46 57 58 59 69 71 73 74 77 
46 57 58 59 69 71 73 74 75 76 
46 57 58 59 69 70 75 
46 57 58 59 69 70 75 77 
46 57 58 59 69 70 75 76 
46 57 58 59 69 70 73 74 
46 57 58 59 69 70 73 74 77 
46 57 58 59 69 70 73 74 75 76 
46 57 58 59 67 68 71 75 77 
46 57 58 59 67 68 71 75 76 
46 57 58 59 67 68 71 73 74 77 
46 57 58 59 67 68 71 73 74 75 76 
46 57 58 59 67 68 69 70 75 77 
46 57 58 59 67 68 69 70 75 76 
46 57 58 59 67 68 69 70 73 74 77 
46 57 58 59 67 68 69 70 73 74 75 76 
46 55 63 64 71 
46 55 63 64 69 70 
46 55 62 63 71 
46 55 62 63 69 70 
46 55 57 64 71 77 
46 55 57 64 71 75 76 
46 55 57 64 69 70 77 
46 55 57 64 69 70 75 76 
46 55 57 62 63 71 77 
46 55 57 62 63 71 75 76 
46 55 57 62 63 69 70 77 
46 55 57 62 63 69 70 75 76 
46 50 57 60 69 71 75 
46 50 57 60 69 71 73 74 
46 50 57 60 69 70 75 
46 50 57 60 69 70 73 74 
46 50 57 60 67 68 71 75 
46 50 57 60 67 68 71 73 74 
46 50 57 60 67 68 69 70 75 
46 50 57 60 67 68 69 70 73 74 
46 50 57 58 59 69 71 75 
46 50 57 58 59 69 71 73 74 
46 50 57 58 59 69 70 75 
46 50 57 58 59 69 70 73 74 
46 50 57 58 59 67 68 71 75 
46 50 57 58 59 67 68 71 73 74 
46 50 57 58 59 67 68 69 70 75 
46 50 57 58 59 67 68 69 70 73 74 
46 50 55 57 64 71 
46 50 55 57 64 69 70 
46 50 55 57 62 63 71 
46 50 55 57 62 63 69 70 
46 48 57 60 71 
46 48 57 60 69 71 77 
46 48 57 60 69 71 75 76 
46 48 57 60 69 70 
46 48 57 60 69 70 77 
46 48 57 60 69 70 75 76 
46 48 57 60 67 68 71 77 
46 48 57 60 67 68 71 75 76 
46 48 57 60 67 68 69 70 77 
46 48 57 60 67 68 69 70 75 76 
46 48 57 58 59 71 
46 48 57 58 59 69 71 77 
46 48 57 58 59 69 71 75 76 
46 48 57 58 59 69 70 
46 48 57 58 59 69 70 77 
46 48 57 58 59 69 70 75 76 
46 48 57 58 59 67 68 71 77 
46 48 57 58 59 67 68 71 75 76 
46 48 57 58 59 67 68 69 70 77 
46 48 57 58 59 67 68 69 70 75 76 
46 48 50 57 60 69 71 
46 48 50 57 60 69 70 
46 48 50 57 60 67 68 71 
46 48 50 57 60 67 68 69 70 
46 48 50 57 58 59 69 71 
46 48 50 57 58 59 69 70 
46 48 50 57 58 59 67 68 71 
46 48 50 57 58 59 67 68 69 70 
44 67 
44 65 66 
44 59 67 
44 59 65 66 
44 57 69 
44 57 67 68 
44 57 63 69 73 
44 57 63 69 71 72 
44 57 63 67 68 73 
44 57 63 67 68 71 72 
44 57 60 73 75 
44 57 60 73 74 
44 57 60 71 72 75 
44 57 60 71 72 73 74 
44 57 60 69 75 77 
44 57 60 69 75 76 
44 57 60 69 73 75 77 
44 57 60 69 73 75 76 
44 57 60 69 71 72 75 77 
44 57 60 69 71 72 75 76 
44 57 60 69 71 72 73 74 77 
44 57 60 69 71 72 73 74 75 76 
44 57 60 67 68 75 77 
44 57 60 67 68 75 76 
44 57 60 67 68 73 75 77 
44 57 60 67 68 73 75 76 
44 57 60 67 68 71 72 75 77 
44 57 60 67 68 71 72 75 76 
44 57 60 67 68 71 72 73 74 77 
44 57 60 67 68 71 72 73 74 75 76 
44 57 58 59 73 75 
44 57 58 59 73 74 
44 57 58 59 71 72 75 
44 57 58 59 71 72 73 74 
44 57 58 59 69 75 77 
44 57 58 59 69 75 76 
44 57 58 59 69 73 75 77 
44 57 58 59 69 73 75 76 
44 57 58 59 69 71 72 75 77 
44 57 58 59 69 71 72 75 76 
44 57 58 59 69 71 72 73 74 77 
44 57 58 59 69 71 72 73 74 75 76 
44 57 58 59 67 68 75 77 
44 57 58 59 67 68 75 76 
44 57 58 59 67 68 73 75 77 
44 57 58 59 67 68 73 75 76 
44 57 58 59 67 68 71 72 75 77 
44 57 58 59 67 68 71 72 75 76 
44 57 58 59 67 68 71 72 73 74 77 
44 57 58 59 67 68 71 72 73 74 75 76 
44 55 63 64 
44 55 63 64 77 
44 55 63 64 75 76 
44 55 63 64 73 
44 55 63 64 71 72 
44 55 62 63 
44 55 62 63 77 
44 55 62 63 75 76 
44 55 62 63 73 
44 55 62 63 71 72 
44 55 58 63 64 
44 55 58 63 64 77 
44 55 58 63 64 75 76 
44 55 58 62 63 
44 55 58 62 63 77 
44 55 58 62 63 75 76 
44 55 57 64 73 77 
44 55 57 64 73 75 76 
44 55 57 64 71 72 77 
44 55 57 64 71 72 75 76 
44 55 57 62 63 73 77 
44 55 57 62 63 73 75 76 
44 55 57 62 63 71 72 77 
44 55 57 62 63 71 72 75 76 
44 55 57 58 63 
44 55 56 57 63 
44 55 56 57 63 64 
44 55 56 57 63 64 77 
44 55 56 57 63 64 75 76 
44 55 56 57 62 63 
44 55 56 57 62 63 77 
44 55 56 57 62 63 75 76 
44 50 57 60 69 75 
44 50 57 60 69 73 75 
44 50 57 60 69 71 72 75 
44 50 57 60 69 71 72 73 74 
44 50 57 60 67 68 75 
44 50 57 60 67 68 73 75 
44 50 57 60 67 68 71 72 75 
44 50 57 60 67 68 71 72 73 74 
44 50 57 58 59 69 75 
44 50 57 58 59 69 73 75 
44 50 57 58 59 69 71 72 75 
44 50 57 58 59 69 71 72 73 74 
44 50 57 58 59 67 68 75 
44 50 57 58 59 67 68 73 75 
44 50 57 58 59 67 68 71 72 75 
44 50 57 58 59 67 68 71 72 73 74 
44 50 55 63 64 
44 50 55 62 63 
44 50 55 58 63 64 
44 50 55 58 62 63 
44 50 55 57 64 73 
44 50 55 57 64 71 72 
44 50 55 57 62 63 73 
44 50 55 57 62 63 71 72 
44 50 55 56 57 63 64 
44 50 55 56 57 62 63 
44 48 57 60 73 
44 48 57 60 71 72 
44 48 57 60 69 77 
44 48 57 60 69 75 76 
44 48 57 60 69 73 77 
44 48 57 60 69 73 75 76 
44 48 57 60 69 71 72 77 
44 48 57 60 69 71 72 75 76 
44 48 57 60 67 68 77 
44 48 57 60 67 68 75 76 
44 48 57 60 67 68 73 77 
44 48 57 60 67 68 73 75 76 
44 48 57 60 67 68 71 72 77 
44 48 57 60 67 68 71 72 75 76 
44 48 57 58 59 73 
44 48 57 58 59 71 72 
44 48 57 58 59 69 77 
44 48 57 58 59 69 75 76 
44 48 57 58 59 69 73 77 
44 48 57 58 59 69 73 75 76 
44 48 57 58 59 69 71 72 77 
44 48 57 58 59 69 71 72 75 76 
44 48 57 58 59 67 68 77 
44 48 57 58 59 67 68 75 76 
44 48 57 58 59 67 68 73 77 
44 48 57 58 59 67 68 73 75 76 
44 48 57 58 59 67 68 71 72 77 
44 48 57 58 59 67 68 71 72 75 76 
44 48 50 57 60 69 
44 48 50 57 60 69 73 
44 48 50 57 60 69 71 72 
44 48 50 57 60 67 68 
44 48 50 57 60 67 68 73 
44 48 50 57 60 67 68 71 72 
44 48 50 57 58 59 69 
44 48 50 57 58 59 69 73 
44 48 50 57 58 59 69 71 72 
44 48 50 57 58 59 67 68 
44 48 50 57 58 59 67 68 73 
44 48 50 57 58 59 67 68 71 72 
44 46 57 63 69 
44 46 57 63 67 68 
44 46 57 60 75 
44 46 57 60 73 74 
44 46 57 60 69 75 77 
44 46 57 60 69 75 76 
44 46 57 60 69 73 74 77 
44 46 57 60 69 73 74 75 76 
44 46 57 60 67 68 75 77 
44 46 57 60 67 68 75 76 
44 46 57 60 67 68 73 74 77 
44 46 57 60 67 68 73 74 75 76 
44 46 57 58 59 75 
44 46 57 58 59 73 74 
44 46 57 58 59 69 75 77 
44 46 57 58 59 69 75 76 
44 46 57 58 59 69 73 74 77 
44 46 57 58 59 69 73 74 75 76 
44 46 57 58 59 67 68 75 77 
44 46 57 58 59 67 68 75 76 
44 46 57 58 59 67 68 73 74 77 
44 46 57 58 59 67 68 73 74 75 76 
44 46 55 63 64 
44 46 55 62 63 
44 46 55 57 64 77 
44 46 55 57 64 75 76 
44 46 55 57 62 63 77 
44 46 55 57 62 63 75 76 
44 46 50 57 60 69 75 
44 46 50 57 60 69 73 74 
44 46 50 57 60 67 68 75 
44 46 50 57 60 67 68 73 74 
44 46 50 57 58 59 69 75 
44 46 50 57 58 59 69 73 74 
44 46 50 57 58 59 67 68 75 
44 46 50 57 58 59 67 68 73 74 
44 46 50 55 57 64 
44 46 50 55 57 62 63 
44 46 48 57 60 
44 46 48 57 60 69 77 
44 46 48 57 60 69 75 76 
44 46 48 57 60 67 68 77 
44 46 48 57 60 67 68 75 76 
44 46 48 57 58 59 
44 46 48 57 58 59 69 77 
44 46 48 57 58 59 69 75 76 
44 46 48 57 58 59 67 68 77 
44 46 48 57 58 59 67 68 75 76 
44 46 48 50 57 60 69 
44 46 48 50 57 60 67 68 
44 46 48 50 57 58 59 69 
44 46 48 50 57 58 59 67 68 
42 59 
42 59 65 66 
42 59 63 
42 59 63 67 
42 57 71 
42 57 69 70 
42 57 63 73 
42 57 63 71 73 
42 57 63 69 70 73 
42 57 63 69 70 71 72 
42 57 60 71 75 77 
42 57 60 71 75 76 
42 57 60 71 73 75 77 
42 57 60 71 73 75 76 
42 57 60 71 72 75 77 
42 57 60 71 72 75 76 
42 57 60 71 72 73 74 77 
42 57 60 71 72 73 74 75 76 
42 57 60 69 70 75 77 
42 57 60 69 70 75 76 
42 57 60 69 70 73 75 77 
42 57 60 69 70 73 75 76 
42 57 60 69 70 71 72 75 77 
42 57 60 69 70 71 72 75 76 
42 57 60 69 70 71 72 73 74 77 
42 57 60 69 70 71 72 73 74 75 76 
42 57 59 67 
42 57 59 65 66 
42 57 59 63 67 
42 57 59 63 65 66 
42 57 58 59 71 75 77 
42 57 58 59 71 75 76 
42 57 58 59 71 73 75 77 
42 57 58 59 71 73 75 76 
42 57 58 59 71 72 75 77 
42 57 58 59 71 72 75 76 
42 57 58 59 71 72 73 74 77 
42 57 58 59 71 72 73 74 75 76 
42 57 58 59 69 70 75 77 
42 57 58 59 69 70 75 76 
42 57 58 59 69 70 73 75 77 
42 57 58 59 69 70 73 75 76 
42 57 58 59 69 70 71 72 75 77 
42 57 58 59 69 70 71 72 75 76 
42 57 58 59 69 70 71 72 73 74 77 
42 57 58 59 69 70 71 72 73 74 75 76 
42 50 57 60 71 75 
42 50 57 60 71 73 75 
42 50 57 60 71 72 75 
42 50 57 60 71 72 73 74 
42 50 57 60 69 70 75 
42 50 57 60 69 70 73 75 
42 50 57 60 69 70 71 72 75 
42 50 57 60 69 70 71 72 73 74 
42 50 57 58 59 71 75 
42 50 57 58 59 71 73 75 
42 50 57 58 59 71 72 75 
42 50 57 58 59 71 72 73 74 
42 50 57 58 59 69 70 75 
42 50 57 58 59 69 70 73 75 
42 50 57 58 59 69 70 71 72 75 
42 50 57 58 59 69 70 71 72 73 74 
42 48 57 60 71 77 
42 48 57 60 71 75 76 
42 48 57 60 71 73 77 
42 48 57 60 71 73 75 76 
42 48 57 60 71 72 77 
42 48 57 60 71 72 75 76 
42 48 57 60 69 70 77 
42 48 57 60 69 70 75 76 
42 48 57 60 69 70 73 77 
42 48 57 60 69 70 73 75 76 
42 48 57 60 69 70 71 72 77 
42 48 57 60 69 70 71 72 75 76 
42 48 57 58 59 71 77 
42 48 57 58 59 71 75 76 
42 48 57 58 59 71 73 77 
42 48 57 58 59 71 73 75 76 
42 48 57 58 59 71 72 77 
42 48 57 58 59 71 72 75 76 
42 48 57 58 59 69 70 77 
42 48 57 58 59 69 70 75 76 
42 48 57 58 59 69 70 73 77 
42 48 57 58 59 69 70 73 75 76 
42 48 57 58 59 69 70 71 72 77 
42 48 57 58 59 69 70 71 72 75 76 
42 48 50 57 60 71 
42 48 50 57 60 71 73 
42 48 50 57 60 71 72 
42 48 50 57 60 69 70 
42 48 50 57 60 69 70 73 
42 48 50 57 60 69 70 71 72 
42 48 50 57 58 59 71 
42 48 50 57 58 59 71 73 
42 48 50 57 58 59 71 72 
42 48 50 57 58 59 69 70 
42 48 50 57 58 59 69 70 73 
42 48 50 57 58 59 69 70 71 72 
42 46 57 63 
42 46 57 63 71 
42 46 57 63 69 70 
42 46 57 60 71 75 77 
42 46 57 60 71 75 76 
42 46 57 60 71 73 74 77 
42 46 57 60 71 73 74 75 76 
42 46 57 60 69 70 75 77 
42 46 57 60 69 70 75 76 
42 46 57 60 69 70 73 74 77 
42 46 57 60 69 70 73 74 75 76 
42 46 57 58 59 71 75 77 
42 46 57 58 59 71 75 76 
42 46 57 58 59 71 73 74 77 
42 46 57 58 59 71 73 74 75 76 
42 46 57 58 59 69 70 75 77 
42 46 57 58 59 69 70 75 76 
42 46 57 58 59 69 70 73 74 77 
42 46 57 58 59 69 70 73 74 75 76 
42 46 50 57 60 71 75 
42 46 50 57 60 71 73 74 
42 46 50 57 60 69 70 75 
42 46 50 57 60 69 70 73 74 
42 46 50 57 58 59 71 75 
42 46 50 57 58 59 71 73 74 
42 46 50 57 58 59 69 70 75 
42 46 50 57 58 59 69 70 73 74 
42 46 48 57 60 71 77 
42 46 48 57 60 71 75 76 
42 46 48 57 60 69 70 77 
42 46 48 57 60 69 70 75 76 
42 46 48 57 58 59 71 77 
42 46 48 57 58 59 71 75 76 
42 46 48 57 58 59 69 70 77 
42 46 48 57 58 59 69 70 75 76 
42 46 48 50 57 60 71 
42 46 48 50 57 60 69 70 
42 46 48 50 57 58 59 71 
42 46 48 50 57 58 59 69 70 
42 44 57 
42 44 57 63 73 
42 44 57 63 71 72 
42 44 57 60 75 77 
42 44 57 60 75 76 
42 44 57 60 73 75 77 
42 44 57 60 73 75 76 
42 44 57 60 71 72 75 77 
42 44 57 60 71 72 75 76 
42 44 57 60 71 72 73 74 77 
42 44 57 60 71 72 73 74 75 76 
42 44 57 58 59 75 77 
42 44 57 58 59 75 76 
42 44 57 58 59 73 75 77 
42 44 57 58 59 73 75 76 
42 44 57 58 59 71 72 75 77 
42 44 57 58 59 71 72 75 76 
42 44 57 58 59 71 72 73 74 77 
42 44 57 58 59 71 72 73 74 75 76 
42 44 50 57 60 75 
42 44 50 57 60 73 75 
42 44 50 57 60 71 72 75 
42 44 50 57 60 71 72 73 74 
42 44 50 57 58 59 75 
42 44 50 57 58 59 73 75 
42 44 50 57 58 59 71 72 75 
42 44 50 57 58 59 71 72 73 74 
42 44 48 57 60 77 
42 44 48 57 60 75 76 
42 44 48 57 60 73 77 
42 44 48 57 60 73 75 76 
42 44 48 57 60 71 72 77 
42 44 48 57 60 71 72 75 76 
42 44 48 57 58 59 77 
42 44 48 57 58 59 75 76 
42 44 48 57 58 59 73 77 
42 44 48 57 58 59 73 75 76 
42 44 48 57 58 59 71 72 77 
42 44 48 57 58 59 71 72 75 76 
42 44 48 50 57 60 
42 44 48 50 57 60 73 
42 44 48 50 57 60 71 72 
42 44 48 50 57 58 59 
42 44 48 50 57 58 59 73 
42 44 48 50 57 58 59 71 72 
42 44 46 57 63 
42 44 46 57 60 75 77 
42 44 46 57 60 75 76 
42 44 46 57 60 73 74 77 
42 44 46 57 60 73 74 75 76 
42 44 46 57 58 59 75 77 
42 44 46 57 58 59 75 76 
42 44 46 57 58 59 73 74 77 
42 44 46 57 58 59 73 74 75 76 
42 44 46 50 57 60 75 
42 44 46 50 57 60 73 74 
42 44 46 50 57 58 59 75 
42 44 46 50 57 58 59 73 74 
42 44 46 48 57 60 77 
42 44 46 48 57 60 75 76 
42 44 46 48 57 58 59 77 
42 44 46 48 57 58 59 75 76 
42 44 46 48 50 57 60 
42 44 46 48 50 57 58 59 
40 71 
40 69 70 
40 65 
40 59 
40 59 79 
40 59 77 78 
40 59 71 
40 59 69 
40 59 69 70 
40 59 67 68 
40 57 59 69 
40 57 59 67 68 
40 57 59 63 69 
40 57 59 63 67 68 
40 52 59 
40 44 
40 44 59 
40 42 59 
40 42 57 59 
40 42 57 59 63 
38 
38 67 
37 55 63 71 
37 55 63 71 77 
37 55 63 71 75 76 
37 55 63 71 73 
37 55 63 71 72 
37 55 63 69 70 
37 55 63 69 70 77 
37 55 63 69 70 75 76 
37 55 63 69 70 73 
37 55 63 69 70 71 72 
37 55 58 63 71 
37 55 58 63 71 77 
37 55 58 63 71 75 76 
37 55 58 63 69 70 
37 55 58 63 69 70 77 
37 55 58 63 69 70 75 76 
37 55 57 71 73 77 
37 55 57 71 73 75 76 
37 55 57 71 72 77 
37 55 57 71 72 75 76 
37 55 57 69 70 73 77 
37 55 57 69 70 73 75 76 
37 55 57 69 70 71 72 77 
37 55 57 69 70 71 72 75 76 
37 55 56 57 63 71 
37 55 56 57 63 71 77 
37 55 56 57 63 71 75 76 
37 55 56 57 63 69 70 
37 55 56 57 63 69 70 77 
37 55 56 57 63 69 70 75 76 
37 50 55 63 71 
37 50 55 63 69 70 
37 50 55 58 63 71 
37 50 55 58 63 69 70 
37 50 55 57 71 73 
37 50 55 57 71 72 
37 50 55 57 69 70 73 
37 50 55 57 69 70 71 72 
37 50 55 56 57 63 71 
37 50 55 56 57 63 69 70 
37 46 55 63 71 
37 46 55 63 69 70 
37 46 55 57 71 77 
37 46 55 57 71 75 76 
37 46 55 57 69 70 77 
37 46 55 57 69 70 75 76 
37 46 50 55 57 71 
37 46 50 55 57 69 70 
37 44 55 63 
37 44 55 63 77 
37 44 55 63 75 76 
37 44 55 63 73 
37 44 55 63 71 72 
37 44 55 58 63 
37 44 55 58 63 77 
37 44 55 58 63 75 76 
37 44 55 57 73 77 
37 44 55 57 73 75 76 
37 44 55 57 71 72 77 
37 44 55 57 71 72 75 76 
37 44 55 56 57 63 
37 44 55 56 57 63 77 
37 44 55 56 57 63 75 76 
37 44 50 55 63 
37 44 50 55 58 63 
37 44 50 55 57 73 
37 44 50 55 57 71 72 
37 44 50 55 56 57 63 
37 44 46 55 63 
37 44 46 55 57 77 
37 44 46 55 57 75 76 
37 44 46 50 55 57 
33 67 71 
33 67 69 70 
33 65 66 71 
33 65 66 69 70 
33 59 
33 59 69 
33 59 67 71 
33 59 67 69 
33 59 67 69 70 
33 59 65 66 
33 59 65 66 71 
33 59 65 66 69 70 
33 59 63 
33 59 63 69 
33 59 63 67 
33 59 63 67 69 
33 57 71 73 75 
33 57 71 73 74 
33 57 71 72 75 
33 57 71 72 73 74 
33 57 69 71 75 77 
33 57 69 71 75 76 
33 57 69 71 73 75 77 
33 57 69 71 73 75 76 
33 57 69 71 72 75 77 
33 57 69 71 72 75 76 
33 57 69 71 72 73 74 77 
33 57 69 71 72 73 74 75 76 
33 57 69 70 75 77 
33 57 69 70 75 76 
33 57 69 70 73 75 
33 57 69 70 73 75 77 
33 57 69 70 73 75 76 
33 57 69 70 73 74 
33 57 69 70 71 72 75 
33 57 69 70 71 72 75 77 
33 57 69 70 71 72 75 76 
33 57 69 70 71 72 73 74 
33 57 69 70 71 72 73 74 77 
33 57 69 70 71 72 73 74 75 76 
33 57 67 68 71 75 77 
33 57 67 68 71 75 76 
33 57 67 68 71 73 75 77 
33 57 67 68 71 73 75 76 
33 57 67 68 71 72 75 77 
33 57 67 68 71 72 75 76 
33 57 67 68 71 72 73 74 77 
33 57 67 68 71 72 73 74 75 76 
33 57 67 68 69 70 75 77 
33 57 67 68 69 70 75 76 
33 57 67 68 69 70 73 75 77 
33 57 67 68 69 70 73 75 76 
33 57 67 68 69 70 71 72 75 77 
33 57 67 68 69 70 71 72 75 76 
33 57 67 68 69 70 71 72 73 74 77 
33 57 67 68 69 70 71 72 73 74 75 76 
33 50 57 69 71 75 
33 50 57 69 71 73 75 
33 50 57 69 71 72 75 
33 50 57 69 71 72 73 74 
33 50 57 69 70 75 
33 50 57 69 70 73 75 
33 50 57 69 70 71 72 75 
33 50 57 69 70 71 72 73 74 
33 50 57 67 68 71 75 
33 50 57 67 68 71 73 75 
33 50 57 67 68 71 72 75 
33 50 57 67 68 71 72 73 74 
33 50 57 67 68 69 70 75 
33 50 57 67 68 69 70 73 75 
33 50 57 67 68 69 70 71 72 75 
33 50 57 67 68 69 70 71 72 73 74 
33 48 57 71 73 
33 48 57 71 72 
33 48 57 69 71 77 
33 48 57 69 71 75 76 
33 48 57 69 71 73 77 
33 48 57 69 71 73 75 76 
33 48 57 69 71 72 77 
33 48 57 69 71 72 75 76 
33 48 57 69 70 77 
33 48 57 69 70 75 76 
33 48 57 69 70 73 
33 48 57 69 70 73 77 
33 48 57 69 70 73 75 76 
33 48 57 69 70 71 72 
33 48 57 69 70 71 72 77 
33 48 57 69 70 71 72 75 76 
33 48 57 67 68 71 77 
33 48 57 67 68 71 75 76 
33 48 57 67 68 71 73 77 
33 48 57 67 68 71 73 75 76 
33 48 57 67 68 71 72 77 
33 48 57 67 68 71 72 75 76 
33 48 57 67 68 69 70 77 
33 48 57 67 68 69 70 75 76 
33 48 57 67 68 69 70 73 77 
33 48 57 67 68 69 70 73 75 76 
33 48 57 67 68 69 70 71 72 77 
33 48 57 67 68 69 70 71 72 75 76 
33 48 50 57 69 71 
33 48 50 57 69 71 73 
33 48 50 57 69 71 72 
33 48 50 57 69 70 
33 48 50 57 69 70 73 
33 48 50 57 69 70 71 72 
33 48 50 57 67 68 71 
33 48 50 57 67 68 71 73 
33 48 50 57 67 68 71 72 
33 48 50 57 67 68 69 70 
33 48 50 57 67 68 69 70 73 
33 48 50 57 67 68 69 70 71 72 
33 46 57 71 75 
33 46 57 71 73 74 
33 46 57 69 71 75 77 
33 46 57 69 71 75 76 
33 46 57 69 71 73 74 77 
33 46 57 69 71 73 74 75 76 
33 46 57 69 70 75 
33 46 57 69 70 75 77 
33 46 57 69 70 75 76 
33 46 57 69 70 73 74 
33 46 57 69 70 73 74 77 
33 46 57 69 70 73 74 75 76 
33 46 57 67 68 71 75 77 
33 46 57 67 68 71 75 76 
33 46 57 67 68 71 73 74 77 
33 46 57 67 68 71 73 74 75 76 
33 46 57 67 68 69 70 75 77 
33 46 57 67 68 69 70 75 76 
33 46 57 67 68 69 70 73 74 77 
33 46 57 67 68 69 70 73 74 75 76 
33 46 50 57 69 71 75 
33 46 50 57 69 71 73 74 
33 46 50 57 69 70 75 
33 46 50 57 69 70 73 74 
33 46 50 57 67 68 71 75 
33 46 50 57 67 68 71 73 74 
33 46 50 57 67 68 69 70 75 
33 46 50 57 67 68 69 70 73 74 
33 46 48 57 71 
33 46 48 57 69 71 77 
33 46 48 57 69 71 75 76 
33 46 48 57 69 70 
33 46 48 57 69 70 77 
33 46 48 57 69 70 75 76 
33 46 48 57 67 68 71 77 
33 46 48 57 67 68 71 75 76 
33 46 48 57 67 68 69 70 77 
33 46 48 57 67 68 69 70 75 76 
33 46 48 50 57 69 71 
33 46 48 50 57 69 70 
33 46 48 50 57 67 68 71 
33 46 48 50 57 67 68 69 70 
33 44 67 
33 44 65 66 
33 44 59 67 
33 44 59 65 66 
33 44 57 73 75 
33 44 57 73 74 
33 44 57 71 72 75 
33 44 57 71 72 73 74 
33 44 57 69 75 77 
33 44 57 69 75 76 
33 44 57 69 73 75 77 
33 44 57 69 73 75 76 
33 44 57 69 71 72 75 77 
33 44 57 69 71 72 75 76 
33 44 57 69 71 72 73 74 77 
33 44 57 69 71 72 73 74 75 76 
33 44 57 67 68 75 77 
33 44 57 67 68 75 76 
33 44 57 67 68 73 75 77 
33 44 57 67 68 73 75 76 
33 44 57 67 68 71 72 75 77 
33 44 57 67 68 71 72 75 76 
33 44 57 67 68 71 72 73 74 77 
33 44 57 67 68 71 72 73 74 75 76 
33 44 50 57 69 75 
33 44 50 57 69 73 75 
33 44 50 57 69 71 72 75 
33 44 50 57 69 71 72 73 74 
33 44 50 57 67 68 75 
33 44 50 57 67 68 73 75 
33 44 50 57 67 68 71 72 75 
33 44 50 57 67 68 71 72 73 74 
33 44 48 57 73 
33 44 48 57 71 72 
33 44 48 57 69 77 
33 44 48 57 69 75 76 
33 44 48 57 69 73 77 
33 44 48 57 69 73 75 76 
33 44 48 57 69 71 72 77 
33 44 48 57 69 71 72 75 76 
33 44 48 57 67 68 77 
33 44 48 57 67 68 75 76 
33 44 48 57 67 68 73 77 
33 44 48 57 67 68 73 75 76 
33 44 48 57 67 68 71 72 77 
33 44 48 57 67 68 71 72 75 76 
33 44 48 50 57 69 
33 44 48 50 57 69 73 
33 44 48 50 57 69 71 72 
33 44 48 50 57 67 68 
33 44 48 50 57 67 68 73 
33 44 48 50 57 67 68 71 72 
33 44 46 57 75 
33 44 46 57 73 74 
33 44 46 57 69 75 77 
33 44 46 57 69 75 76 
33 44 46 57 69 73 74 77 
33 44 46 57 69 73 74 75 76 
33 44 46 57 67 68 75 77 
33 44 46 57 67 68 75 76 
33 44 46 57 67 68 73 74 77 
33 44 46 57 67 68 73 74 75 76 
33 44 46 50 57 69 75 
33 44 46 50 57 69 73 74 
33 44 46 50 57 67 68 75 
33 44 46 50 57 67 68 73 74 
33 44 46 48 57 
33 44 46 48 57 69 77 
33 44 46 48 57 69 75 76 
33 44 46 48 57 67 68 77 
33 44 46 48 57 67 68 75 76 
33 44 46 48 50 57 69 
33 44 46 48 50 57 67 68 
33 42 59 
33 42 59 67 
33 42 59 63 
33 42 59 63 67 
33 42 57 71 75 77 
33 42 57 71 75 76 
33 42 57 71 73 75 77 
33 42 57 71 73 75 76 
33 42 57 71 72 75 77 
33 42 57 71 72 75 76 
33 42 57 71 72 73 74 77 
33 42 57 71 72 73 74 75 76 
33 42 57 69 70 75 77 
33 42 57 69 70 75 76 
33 42 57 69 70 73 75 77 
33 42 57 69 70 73 75 76 
33 42 57 69 70 71 72 75 77 
33 42 57 69 70 71 72 75 76 
33 42 57 69 70 71 72 73 74 77 
33 42 57 69 70 71 72 73 74 75 76 
33 42 50 57 71 75 
33 42 50 57 71 73 75 
33 42 50 57 71 72 75 
33 42 50 57 71 72 73 74 
33 42 50 57 69 70 75 
33 42 50 57 69 70 73 75 
33 42 50 57 69 70 71 72 75 
33 42 50 57 69 70 71 72 73 74 
33 42 48 57 71 77 
33 42 48 57 71 75 76 
33 42 48 57 71 73 77 
33 42 48 57 71 73 75 76 
33 42 48 57 71 72 77 
33 42 48 57 71 72 75 76 
33 42 48 57 69 70 77 
33 42 48 57 69 70 75 76 
33 42 48 57 69 70 73 77 
33 42 48 57 69 70 73 75 76 
33 42 48 57 69 70 71 72 77 
33 42 48 57 69 70 71 72 75 76 
33 42 48 50 57 71 
33 42 48 50 57 71 73 
33 42 48 50 57 71 72 
33 42 48 50 57 69 70 
33 42 48 50 57 69 70 73 
33 42 48 50 57 69 70 71 72 
33 42 46 57 71 75 77 
33 42 46 57 71 75 76 
33 42 46 57 71 73 74 77 
33 42 46 57 71 73 74 75 76 
33 42 46 57 69 70 75 77 
33 42 46 57 69 70 75 76 
33 42 46 57 69 70 73 74 77 
33 42 46 57 69 70 73 74 75 76 
33 42 46 50 57 71 75 
33 42 46 50 57 71 73 74 
33 42 46 50 57 69 70 75 
33 42 46 50 57 69 70 73 74 
33 42 46 48 57 71 77 
33 42 46 48 57 71 75 76 
33 42 46 48 57 69 70 77 
33 42 46 48 57 69 70 75 76 
33 42 46 48 50 57 71 
33 42 46 48 50 57 69 70 
33 42 44 57 75 77 
33 42 44 57 75 76 
33 42 44 57 73 75 77 
33 42 44 57 73 75 76 
33 42 44 57 71 72 75 77 
33 42 44 57 71 72 75 76 
33 42 44 57 71 72 73 74 77 
33 42 44 57 71 72 73 74 75 76 
33 42 44 50 57 75 
33 42 44 50 57 73 75 
33 42 44 50 57 71 72 75 
33 42 44 50 57 71 72 73 74 
33 42 44 48 57 77 
33 42 44 48 57 75 76 
33 42 44 48 57 73 77 
33 42 44 48 57 73 75 76 
33 42 44 48 57 71 72 77 
33 42 44 48 57 71 72 75 76 
33 42 44 48 50 57 
33 42 44 48 50 57 73 
33 42 44 48 50 57 71 72 
33 42 44 46 57 75 77 
33 42 44 46 57 75 76 
33 42 44 46 57 73 74 77 
33 42 44 46 57 73 74 75 76 
33 42 44 46 50 57 75 
33 42 44 46 50 57 73 74 
33 42 44 46 48 57 77 
33 42 44 46 48 57 75 76 
33 42 44 46 48 50 57 
33 40 71 
33 40 69 70 
33 40 59 
33 40 59 71 
33 40 59 69 70 
33 40 44 
33 40 44 59 
31 59 67 
31 59 67 69 
31 59 67 68 
31 59 65 66 
31 59 65 66 69 
31 59 65 66 67 68 
31 55 63 64 71 
31 55 63 64 71 77 
31 55 63 64 71 75 76 
31 55 63 64 69 70 
31 55 63 64 69 70 77 
31 55 63 64 69 70 75 76 
31 55 62 63 71 
31 55 62 63 71 77 
31 55 62 63 71 75 76 
31 55 62 63 69 70 
31 55 62 63 69 70 77 
31 55 62 63 69 70 75 76 
31 55 57 63 71 
31 55 57 63 69 70 
31 50 55 63 64 71 
31 50 55 63 64 69 70 
31 50 55 62 63 71 
31 50 55 62 63 69 70 
31 44 55 63 64 
31 44 55 63 64 77 
31 44 55 63 64 75 76 
31 44 55 62 63 
31 44 55 62 63 77 
31 44 55 62 63 75 76 
31 44 55 57 63 
31 44 50 55 63 64 
31 44 50 55 62 63 
31 42 59 67 
31 42 59 65 66 
31 40 59 
31 40 59 69 
31 40 59 67 68 
31 40 42 59 
31 37 55 63 71 
31 37 55 63 71 77 
31 37 55 63 71 75 76 
31 37 55 63 69 70 
31 37 55 63 69 70 77 
31 37 55 63 69 70 75 76 
31 37 50 55 63 71 
31 37 50 55 63 69 70 
31 37 44 55 63 
31 37 44 55 63 77 
31 37 44 55 63 75 76 
31 37 44 50 55 63 
31 33 59 67 
31 33 59 65 66 
31 33 40 59 
29 
28 55 57 60 71 73 75 
28 55 57 60 71 73 74 
28 55 57 60 71 72 75 
28 55 57 60 71 72 73 74 
28 55 57 60 69 70 73 75 
28 55 57 60 69 70 73 74 
28 55 57 60 69 70 71 72 75 
28 55 57 60 69 70 71 72 73 74 
28 55 57 58 59 71 73 75 
28 55 57 58 59 71 73 74 
28 55 57 58 59 71 72 75 
28 55 57 58 59 71 72 73 74 
28 55 57 58 59 69 70 73 75 
28 55 57 58 59 69 70 73 74 
28 55 57 58 59 69 70 71 72 75 
28 55 57 58 59 69 70 71 72 73 74 
28 48 55 57 60 71 73 
28 48 55 57 60 71 72 
28 48 55 57 60 69 70 73 
28 48 55 57 60 69 70 71 72 
28 48 55 57 58 59 71 73 
28 48 55 57 58 59 71 72 
28 48 55 57 58 59 69 70 73 
28 48 55 57 58 59 69 70 71 72 
28 46 55 57 60 71 75 
28 46 55 57 60 71 73 74 
28 46 55 57 60 69 70 75 
28 46 55 57 60 69 70 73 74 
28 46 55 57 58 59 71 75 
28 46 55 57 58 59 71 73 74 
28 46 55 57 58 59 69 70 75 
28 46 55 57 58 59 69 70 73 74 
28 46 48 55 57 60 71 
28 46 48 55 57 60 69 70 
28 46 48 55 57 58 59 71 
28 46 48 55 57 58 59 69 70 
28 44 55 57 60 73 75 
28 44 55 57 60 73 74 
28 44 55 57 60 71 72 75 
28 44 55 57 60 71 72 73 74 
28 44 55 57 58 59 73 75 
28 44 55 57 58 59 73 74 
28 44 55 57 58 59 71 72 75 
28 44 55 57 58 59 71 72 73 74 
28 44 48 55 57 60 73 
28 44 48 55 57 60 71 72 
28 44 48 55 57 58 59 73 
28 44 48 55 57 58 59 71 72 
28 44 46 55 57 60 75 
28 44 46 55 57 60 73 74 
28 44 46 55 57 58 59 75 
28 44 46 55 57 58 59 73 74 
28 44 46 48 55 57 60 
28 44 46 48 55 57 58 59 
28 33 55 57 71 73 75 
28 33 55 57 71 73 74 
28 33 55 57 71 72 75 
28 33 55 57 71 72 73 74 
28 33 55 57 69 70 73 75 
28 33 55 57 69 70 73 74 
28 33 55 57 69 70 71 72 75 
28 33 55 57 69 70 71 72 73 74 
28 33 48 55 57 71 73 
28 33 48 55 57 71 72 
28 33 48 55 57 69 70 73 
28 33 48 55 57 69 70 71 72 
28 33 46 55 57 71 75 
28 33 46 55 57 71 73 74 
28 33 46 55 57 69 70 75 
28 33 46 55 57 69 70 73 74 
28 33 46 48 55 57 71 
28 33 46 48 55 57 69 70 
28 33 44 55 57 73 75 
28 33 44 55 57 73 74 
28 33 44 55 57 71 72 75 
28 33 44 55 57 71 72 73 74 
28 33 44 48 55 57 73 
28 33 44 48 55 57 71 72 
28 33 44 46 55 57 75 
28 33 44 46 55 57 73 74 
28 33 44 46 48 55 57 
27 57 60 71 73 75 
27 57 60 71 73 74 
27 57 60 71 72 75 
27 57 60 71 72 73 74 
27 57 60 69 70 73 75 
27 57 60 69 70 73 74 
27 57 60 69 70 71 72 75 
27 57 60 69 70 71 72 73 74 
27 57 58 59 71 73 75 
27 57 58 59 71 73 74 
27 57 58 59 71 72 75 
27 57 58 59 71 72 73 74 
27 57 58 59 69 70 73 75 
27 57 58 59 69 70 73 74 
27 57 58 59 69 70 71 72 75 
27 57 58 59 69 70 71 72 73 74 
27 48 57 60 71 73 
27 48 57 60 71 72 
27 48 57 60 69 70 73 
27 48 57 60 69 70 71 72 
27 48 57 58 59 71 73 
27 48 57 58 59 71 72 
27 48 57 58 59 69 70 73 
27 48 57 58 59 69 70 71 72 
27 46 57 60 71 75 
27 46 57 60 71 73 74 
27 46 57 60 69 70 75 
27 46 57 60 69 70 73 74 
27 46 57 58 59 71 75 
27 46 57 58 59 71 73 74 
27 46 57 58 59 69 70 75 
27 46 57 58 59 69 70 73 74 
27 46 48 57 60 71 
27 46 48 57 60 69 70 
27 46 48 57 58 59 71 
27 46 48 57 58 59 69 70 
27 44 57 60 73 75 
27 44 57 60 73 74 
27 44 57 60 71 72 75 
27 44 57 60 71 72 73 74 
27 44 57 58 59 73 75 
27 44 57 58 59 73 74 
27 44 57 58 59 71 72 75 
27 44 57 58 59 71 72 73 74 
27 44 48 57 60 73 
27 44 48 57 60 71 72 
27 44 48 57 58 59 73 
27 44 48 57 58 59 71 72 
27 44 46 57 60 75 
27 44 46 57 60 73 74 
27 44 46 57 58 59 75 
27 44 46 57 58 59 73 74 
27 44 46 48 57 60 
27 44 46 48 57 58 59 
27 33 57 71 73 75 
27 33 57 71 73 74 
27 33 57 71 72 75 
27 33 57 71 72 73 74 
27 33 57 69 70 73 75 
27 33 57 69 70 73 74 
27 33 57 69 70 71 72 75 
27 33 57 69 70 71 72 73 74 
27 33 48 57 71 73 
27 33 48 57 71 72 
27 33 48 57 69 70 73 
27 33 48 57 69 70 71 72 
27 33 46 57 71 75 
27 33 46 57 71 73 74 
27 33 46 57 69 70 75 
27 33 46 57 69 70 73 74 
27 33 46 48 57 71 
27 33 46 48 57 69 70 
27 33 44 57 73 75 
27 33 44 57 73 74 
27 33 44 57 71 72 75 
27 33 44 57 71 72 73 74 
27 33 44 48 57 73 
27 33 44 48 57 71 72 
27 33 44 46 57 75 
27 33 44 46 57 73 74 
27 33 44 46 48 57 
26 27 55 57 60 71 73 75 
26 27 55 57 60 71 73 74 
26 27 55 57 60 71 72 75 
26 27 55 57 60 71 72 73 74 
26 27 55 57 60 69 70 73 75 
26 27 55 57 60 69 70 73 74 
26 27 55 57 60 69 70 71 72 75 
26 27 55 57 60 69 70 71 72 73 74 
26 27 55 57 58 59 71 73 75 
26 27 55 57 58 59 71 73 74 
26 27 55 57 58 59 71 72 75 
26 27 55 57 58 59 71 72 73 74 
26 27 55 57 58 59 69 70 73 75 
26 27 55 57 58 59 69 70 73 74 
26 27 55 57 58 59 69 70 71 72 75 
26 27 55 57 58 59 69 70 71 72 73 74 
26 27 48 55 57 60 71 73 
26 27 48 55 57 60 71 72 
26 27 48 55 57 60 69 70 73 
26 27 48 55 57 60 69 70 71 72 
26 27 48 55 57 58 59 71 73 
26 27 48 55 57 58 59 71 72 
26 27 48 55 57 58 59 69 70 73 
26 27 48 55 57 58 59 69 70 71 72 
26 27 46 55 57 60 71 75 
26 27 46 55 57 60 71 73 74 
26 27 46 55 57 60 69 70 75 
26 27 46 55 57 60 69 70 73 74 
26 27 46 55 57 58 59 71 75 
26 27 46 55 57 58 59 71 73 74 
26 27 46 55 57 58 59 69 70 75 
26 27 46 55 57 58 59 69 70 73 74 
26 27 46 48 55 57 60 71 
26 27 46 48 55 57 60 69 70 
26 27 46 48 55 57 58 59 71 
26 27 46 48 55 57 58 59 69 70 
26 27 44 55 57 60 73 75 
26 27 44 55 57 60 73 74 
26 27 44 55 57 60 71 72 75 
26 27 44 55 57 60 71 72 73 74 
26 27 44 55 57 58 59 73 75 
26 27 44 55 57 58 59 73 74 
26 27 44 55 57 58 59 71 72 75 
26 27 44 55 57 58 59 71 72 73 74 
26 27 44 48 55 57 60 73 
26 27 44 48 55 57 60 71 72 
26 27 44 48 55 57 58 59 73 
26 27 44 48 55 57 58 59 71 72 
26 27 44 46 55 57 60 75 
26 27 44 46 55 57 60 73 74 
26 27 44 46 55 57 58 59 75 
26 27 44 46 55 57 58 59 73 74 
26 27 44 46 48 55 57 60 
26 27 44 46 48 55 57 58 59 
26 27 33 55 57 71 73 75 
26 27 33 55 57 71 73 74 
26 27 33 55 57 71 72 75 
26 27 33 55 57 71 72 73 74 
26 27 33 55 57 69 70 73 75 
26 27 33 55 57 69 70 73 74 
26 27 33 55 57 69 70 71 72 75 
26 27 33 55 57 69 70 71 72 73 74 
26 27 33 48 55 57 71 73 
26 27 33 48 55 57 71 72 
26 27 33 48 55 57 69 70 73 
26 27 33 48 55 57 69 70 71 72 
26 27 33 46 55 57 71 75 
26 27 33 46 55 57 71 73 74 
26 27 33 46 55 57 69 70 75 
26 27 33 46 55 57 69 70 73 74 
26 27 33 46 48 55 57 71 
26 27 33 46 48 55 57 69 70 
26 27 33 44 55 57 73 75 
26 27 33 44 55 57 73 74 
26 27 33 44 55 57 71 72 75 
26 27 33 44 55 57 71 72 73 74 
26 27 33 44 48 55 57 73 
26 27 33 44 48 55 57 71 72 
26 27 33 44 46 55 57 75 
26 27 33 44 46 55 57 73 74 
26 27 33 44 46 48 55 57 
25 26 57 60 71 73 75 
25 26 57 60 71 73 74 
25 26 57 60 71 72 75 
25 26 57 60 71 72 73 74 
25 26 57 60 69 70 73 75 
25 26 57 60 69 70 73 74 
25 26 57 60 69 70 71 72 75 
25 26 57 60 69 70 71 72 73 74 
25 26 57 58 59 71 73 75 
25 26 57 58 59 71 73 74 
25 26 57 58 59 71 72 75 
25 26 57 58 59 71 72 73 74 
25 26 57 58 59 69 70 73 75 
25 26 57 58 59 69 70 73 74 
25 26 57 58 59 69 70 71 72 75 
25 26 57 58 59 69 70 71 72 73 74 
25 26 48 57 60 71 73 
25 26 48 57 60 71 72 
25 26 48 57 60 69 70 73 
25 26 48 57 60 69 70 71 72 
25 26 48 57 58 59 71 73 
25 26 48 57 58 59 71 72 
25 26 48 57 58 59 69 70 73 
25 26 48 57 58 59 69 70 71 72 
25 26 46 57 60 71 75 
25 26 46 57 60 71 73 74 
25 26 46 57 60 69 70 75 
25 26 46 57 60 69 70 73 74 
25 26 46 57 58 59 71 75 
25 26 46 57 58 59 71 73 74 
25 26 46 57 58 59 69 70 75 
25 26 46 57 58 59 69 70 73 74 
25 26 46 48 57 60 71 
25 26 46 48 57 60 69 70 
25 26 46 48 57 58 59 71 
25 26 46 48 57 58 59 69 70 
25 26 44 57 60 73 75 
25 26 44 57 60 73 74 
25 26 44 57 60 71 72 75 
25 26 44 57 60 71 72 73 74 
25 26 44 57 58 59 73 75 
25 26 44 57 58 59 73 74 
25 26 44 57 58 59 71 72 75 
25 26 44 57 58 59 71 72 73 74 
25 26 44 48 57 60 73 
25 26 44 48 57 60 71 72 
25 26 44 48 57 58 59 73 
25 26 44 48 57 58 59 71 72 
25 26 44 46 57 60 75 
25 26 44 46 57 60 73 74 
25 26 44 46 57 58 59 75 
25 26 44 46 57 58 59 73 74 
25 26 44 46 48 57 60 
25 26 44 46 48 57 58 59 
25 26 33 57 71 73 75 
25 26 33 57 71 73 74 
25 26 33 57 71 72 75 
25 26 33 57 71 72 73 74 
25 26 33 57 69 70 73 75 
25 26 33 57 69 70 73 74 
25 26 33 57 69 70 71 72 75 
25 26 33 57 69 70 71 72 73 74 
25 26 33 48 57 71 73 
25 26 33 48 57 71 72 
25 26 33 48 57 69 70 73 
25 26 33 48 57 69 70 71 72 
25 26 33 46 57 71 75 
25 26 33 46 57 71 73 74 
25 26 33 46 57 69 70 75 
25 26 33 46 57 69 70 73 74 
25 26 33 46 48 57 71 
25 26 33 46 48 57 69 70 
25 26 33 44 57 73 75 
25 26 33 44 57 73 74 
25 26 33 44 57 71 72 75 
25 26 33 44 57 71 72 73 74 
25 26 33 44 48 57 73 
25 26 33 44 48 57 71 72 
25 26 33 44 46 57 75 
25 26 33 44 46 57 73 74 
25 26 33 44 46 48 57 
18 65 66 
18 65 66 69 
18 65 66 67 
18 65 66 67 69 
18 42 65 66 
18 42 65 66 67 
18 40 
18 40 69 
18 40 67 
18 40 67 69 
18 40 42 
18 40 42 67 
18 31 65 66 69 
18 31 65 66 67 69 
18 31 42 65 66 
18 31 42 65 66 67 
18 31 40 69 
18 31 40 67 69 
18 31 40 42 
18 31 40 42 67 
15 55 57 60 71 73 75 
15 55 57 60 71 73 74 
15 55 57 60 71 72 75 
15 55 57 60 71 72 73 74 
15 55 57 60 69 70 73 75 
15 55 57 60 69 70 73 74 
15 55 57 60 69 70 71 72 75 
15 55 57 60 69 70 71 72 73 74 
15 55 57 58 59 71 73 75 
15 55 57 58 59 71 73 74 
15 55 57 58 59 71 72 75 
15 55 57 58 59 71 72 73 74 
15 55 57 58 59 69 70 73 75 
15 55 57 58 59 69 70 73 74 
15 55 57 58 59 69 70 71 72 75 
15 55 57 58 59 69 70 71 72 73 74 
15 48 55 57 60 71 73 
15 48 55 57 60 71 72 
15 48 55 57 60 69 70 73 
15 48 55 57 60 69 70 71 72 
15 48 55 57 58 59 71 73 
15 48 55 57 58 59 71 72 
15 48 55 57 58 59 69 70 73 
15 48 55 57 58 59 69 70 71 72 
15 46 55 57 60 71 75 
15 46 55 57 60 71 73 74 
15 46 55 57 60 69 70 75 
15 46 55 57 60 69 70 73 74 
15 46 55 57 58 59 71 75 
15 46 55 57 58 59 71 73 74 
15 46 55 57 58 59 69 70 75 
15 46 55 57 58 59 69 70 73 74 
15 46 48 55 57 60 71 
15 46 48 55 57 60 69 70 
15 46 48 55 57 58 59 71 
15 46 48 55 57 58 59 69 70 
15 44 55 57 60 73 75 
15 44 55 57 60 73 74 
15 44 55 57 60 71 72 75 
15 44 55 57 60 71 72 73 74 
15 44 55 57 58 59 73 75 
15 44 55 57 58 59 73 74 
15 44 55 57 58 59 71 72 75 
15 44 55 57 58 59 71 72 73 74 
15 44 48 55 57 60 73 
15 44 48 55 57 60 71 72 
15 44 48 55 57 58 59 73 
15 44 48 55 57 58 59 71 72 
15 44 46 55 57 60 75 
15 44 46 55 57 60 73 74 
15 44 46 55 57 58 59 75 
15 44 46 55 57 58 59 73 74 
15 44 46 48 55 57 60 
15 44 46 48 55 57 58 59 
15 33 55 57 71 73 75 
15 33 55 57 71 73 74 
15 33 55 57 71 72 75 
15 33 55 57 71 72 73 74 
15 33 55 57 69 70 73 75 
15 33 55 57 69 70 73 74 
15 33 55 57 69 70 71 72 75 
15 33 55 57 69 70 71 72 73 74 
15 33 48 55 57 71 73 
15 33 48 55 57 71 72 
15 33 48 55 57 69 70 73 
15 33 48 55 57 69 70 71 72 
15 33 46 55 57 71 75 
15 33 46 55 57 71 73 74 
15 33 46 55 57 69 70 75 
15 33 46 55 57 69 70 73 74 
15 33 46 48 55 57 71 
15 33 46 48 55 57 69 70 
15 33 44 55 57 73 75 
15 33 44 55 57 73 74 
15 33 44 55 57 71 72 75 
15 33 44 55 57 71 72 73 74 
15 33 44 48 55 57 73 
15 33 44 48 55 57 71 72 
15 33 44 46 55 57 75 
15 33 44 46 55 57 73 74 
15 33 44 46 48 55 57 
13 14 55 57 60 71 73 75 
13 14 55 57 60 71 73 74 
13 14 55 57 60 71 72 75 
13 14 55 57 60 71 72 73 74 
13 14 55 57 60 69 70 73 75 
13 14 55 57 60 69 70 73 74 
13 14 55 57 60 69 70 71 72 75 
13 14 55 57 60 69 70 71 72 73 74 
13 14 55 57 58 59 71 73 75 
13 14 55 57 58 59 71 73 74 
13 14 55 57 58 59 71 72 75 
13 14 55 57 58 59 71 72 73 74 
13 14 55 57 58 59 69 70 73 75 
13 14 55 57 58 59 69 70 73 74 
13 14 55 57 58 59 69 70 71 72 75 
13 14 55 57 58 59 69 70 71 72 73 74 
13 14 48 55 57 60 71 73 
13 14 48 55 57 60 71 72 
13 14 48 55 57 60 69 70 73 
13 14 48 55 57 60 69 70 71 72 
13 14 48 55 57 58 59 71 73 
13 14 48 55 57 58 59 71 72 
13 14 48 55 57 58 59 69 70 73 
13 14 48 55 57 58 59 69 70 71 72 
13 14 46 55 57 60 71 75 
13 14 46 55 57 60 71 73 74 
13 14 46 55 57 60 69 70 75 
13 14 46 55 57 60 69 70 73 74 
13 14 46 55 57 58 59 71 75 
13 14 46 55 57 58 59 71 73 74 
13 14 46 55 57 58 59 69 70 75 
13 14 46 55 57 58 59 69 70 73 74 
13 14 46 48 55 57 60 71 
13 14 46 48 55 57 60 69 70 
13 14 46 48 55 57 58 59 71 
13 14 46 48 55 57 58 59 69 70 
13 14 44 55 57 60 73 75 
13 14 44 55 57 60 73 74 
13 14 44 55 57 60 71 72 75 
13 14 44 55 57 60 71 72 73 74 
13 14 44 55 57 58 59 73 75 
13 14 44 55 57 58 59 73 74 
13 14 44 55 57 58 59 71 72 75 
13 14 44 55 57 58 59 71 72 73 74 
13 14 44 48 55 57 60 73 
13 14 44 48 55 57 60 71 72 
13 14 44 48 55 57 58 59 73 
13 14 44 48 55 57 58 59 71 72 
13 14 44 46 55 57 60 75 
13 14 44 46 55 57 60 73 74 
13 14 44 46 55 57 58 59 75 
13 14 44 46 55 57 58 59 73 74 
13 14 44 46 48 55 57 60 
13 14 44 46 48 55 57 58 59 
13 14 33 55 57 71 73 75 
13 14 33 55 57 71 73 74 
13 14 33 55 57 71 72 75 
13 14 33 55 57 71 72 73 74 
13 14 33 55 57 69 70 73 75 
13 14 33 55 57 69 70 73 74 
13 14 33 55 57 69 70 71 72 75 
13 14 33 55 57 69 70 71 72 73 74 
13 14 33 48 55 57 71 73 
13 14 33 48 55 57 71 72 
13 14 33 48 55 57 69 70 73 
13 14 33 48 55 57 69 70 71 72 
13 14 33 46 55 57 71 75 
13 14 33 46 55 57 71 73 74 
13 14 33 46 55 57 69 70 75 
13 14 33 46 55 57 69 70 73 74 
13 14 33 46 48 55 57 71 
13 14 33 46 48 55 57 69 70 
13 14 33 44 55 57 73 75 
13 14 33 44 55 57 73 74 
13 14 33 44 55 57 71 72 75 
13 14 33 44 55 57 71 72 73 74 
13 14 33 44 48 55 57 73 
13 14 33 44 48 55 57 71 72 
13 14 33 44 46 55 57 75 
13 14 33 44 46 55 57 73 74 
13 14 33 44 46 48 55 57 
1 55 57 60 71 73 75 
1 55 57 60 71 73 74 
1 55 57 60 71 72 75 
1 55 57 60 71 72 73 74 
1 55 57 60 69 70 73 75 
1 55 57 60 69 70 73 74 
1 55 57 60 69 70 71 72 75 
1 55 57 60 69 70 71 72 73 74 
1 55 57 58 59 71 73 75 
1 55 57 58 59 71 73 74 
1 55 57 58 59 71 72 75 
1 55 57 58 59 71 72 73 74 
1 55 57 58 59 69 70 73 75 
1 55 57 58 59 69 70 73 74 
1 55 57 58 59 69 70 71 72 75 
1 55 57 58 59 69 70 71 72 73 74 
1 48 55 57 60 71 73 
1 48 55 57 60 71 72 
1 48 55 57 60 69 70 73 
1 48 55 57 60 69 70 71 72 
1 48 55 57 58 59 71 73 
1 48 55 57 58 59 71 72 
1 48 55 57 58 59 69 70 73 
1 48 55 57 58 59 69 70 71 72 
1 46 55 57 60 71 75 
1 46 55 57 60 71 73 74 
1 46 55 57 60 69 70 75 
1 46 55 57 60 69 70 73 74 
1 46 55 57 58 59 71 75 
1 46 55 57 58 59 71 73 74 
1 46 55 57 58 59 69 70 75 
1 46 55 57 58 59 69 70 73 74 
1 46 48 55 57 60 71 
1 46 48 55 57 60 69 70 
1 46 48 55 57 58 59 71 
1 46 48 55 57 58 59 69 70 
1 44 55 57 60 73 75 
1 44 55 57 60 73 74 
1 44 55 57 60 71 72 75 
1 44 55 57 60 71 72 73 74 
1 44 55 57 58 59 73 75 
1 44 55 57 58 59 73 74 
1 44 55 57 58 59 71 72 75 
1 44 55 57 58 59 71 72 73 74 
1 44 48 55 57 60 73 
1 44 48 55 57 60 71 72 
1 44 48 55 57 58 59 73 
1 44 48 55 57 58 59 71 72 
1 44 46 55 57 60 75 
1 44 46 55 57 60 73 74 
1 44 46 55 57 58 59 75 
1 44 46 55 57 58 59 73 74 
1 44 46 48 55 57 60 
1 44 46 48 55 57 58 59 
1 33 55 57 71 73 75 
1 33 55 57 71 73 74 
1 33 55 57 71 72 75 
1 33 55 57 71 72 73 74 
1 33 55 57 69 70 73 75 
1 33 55 57 69 70 73 74 
1 33 55 57 69 70 71 72 75 
1 33 55 57 69 70 71 72 73 74 
1 33 48 55 57 71 73 
1 33 48 55 57 71 72 
1 33 48 55 57 69 70 73 
1 33 48 55 57 69 70 71 72 
1 33 46 55 57 71 75 
1 33 46 55 57 71 73 74 
1 33 46 55 57 69 70 75 
1 33 46 55 57 69 70 73 74 
1 33 46 48 55 57 71 
1 33 46 48 55 57 69 70 
1 33 44 55 57 73 75 
1 33 44 55 57 73 74 
1 33 44 55 57 71 72 75 
1 33 44 55 57 71 72 73 74 
1 33 44 48 55 57 73 
1 33 44 48 55 57 71 72 
1 33 44 46 55 57 75 
1 33 44 46 55 57 73 74 
1 33 44 46 48 55 57 
0 57 60 71 73 75 
0 57 60 71 73 74 
0 57 60 71 72 75 
0 57 60 71 72 73 74 
0 57 60 69 70 73 75 
0 57 60 69 70 73 74 
0 57 60 69 70 71 72 75 
0 57 60 69 70 71 72 73 74 
0 57 58 59 71 73 75 
0 57 58 59 71 73 74 
0 57 58 59 71 72 75 
0 57 58 59 71 72 73 74 
0 57 58 59 69 70 73 75 
0 57 58 59 69 70 73 74 
0 57 58 59 69 70 71 72 75 
0 57 58 59 69 70 71 72 73 74 
0 48 57 60 71 73 
0 48 57 60 71 72 
0 48 57 60 69 70 73 
0 48 57 60 69 70 71 72 
0 48 57 58 59 71 73 
0 48 57 58 59 71 72 
0 48 57 58 59 69 70 73 
0 48 57 58 59 69 70 71 72 
0 46 57 60 71 75 
0 46 57 60 71 73 74 
0 46 57 60 69 70 75 
0 46 57 60 69 70 73 74 
0 46 57 58 59 71 75 
0 46 57 58 59 71 73 74 
0 46 57 58 59 69 70 75 
0 46 57 58 59 69 70 73 74 
0 46 48 57 60 71 
0 46 48 57 60 69 70 
0 46 48 57 58 59 71 
0 46 48 57 58 59 69 70 
0 44 57 60 73 75 
0 44 57 60 73 74 
0 44 57 60 71 72 75 
0 44 57 60 71 72 73 74 
0 44 57 58 59 73 75 
0 44 57 58 59 73 74 
0 44 57 58 59 71 72 75 
0 44 57 58 59 71 72 73 74 
0 44 48 57 60 73 
0 44 48 57 60 71 72 
0 44 48 57 58 59 73 
0 44 48 57 58 59 71 72 
0 44 46 57 60 75 
0 44 46 57 60 73 74 
0 44 46 57 58 59 75 
0 44 46 57 58 59 73 74 
0 44 46 48 57 60 
0 44 46 48 57 58 59 
0 33 57 71 73 75 
0 33 57 71 73 74 
0 33 57 71 72 75 
0 33 57 71 72 73 74 
0 33 57 69 70 73 75 
0 33 57 69 70 73 74 
0 33 57 69 70 71 72 75 
0 33 57 69 70 71 72 73 74 
0 33 48 57 71 73 
0 33 48 57 71 72 
0 33 48 57 69 70 73 
0 33 48 57 69 70 71 72 
0 33 46 57 71 75 
0 33 46 57 71 73 74 
0 33 46 57 69 70 75 
0 33 46 57 69 70 73 74 
0 33 46 48 57 71 
0 33 46 48 57 69 70 
0 33 44 57 73 75 
0 33 44 57 73 74 
0 33 44 57 71 72 75 
0 33 44 57 71 72 73 74 
0 33 44 48 57 73 
0 33 44 48 57 71 72 
0 33 44 46 57 75 
0 33 44 46 57 73 74 
0 33 44 46 48 57 
