79 
77 78 
71 
69 
69 78 79 
69 70 
68 
68 71 
68 69 70 
67 
67 79 
67 77 78 
67 71 78 79 
67 69 
67 69 70 78 79 
67 68 
67 68 78 79 
65 
65 69 
65 67 69 
65 67 68 71 
65 67 68 69 70 
65 66 77 
65 66 75 76 
65 66 71 
65 66 71 78 79 
65 66 69 70 
65 66 69 70 78 79 
65 66 68 
65 66 68 71 
65 66 68 69 70 
65 66 67 79 
65 66 67 77 
65 66 67 77 78 
65 66 67 75 76 
65 66 67 71 
65 66 67 69 
65 66 67 69 70 
65 66 67 68 
63 67 
63 65 66 
63 64 
63 64 67 
59 69 78 
59 69 76 77 
59 67 71 
59 67 70 
59 67 69 70 
59 67 68 78 
59 67 68 76 77 
59 67 68 69 
59 65 67 71 
59 65 67 69 70 
59 65 66 
59 65 66 70 
59 65 66 68 69 
59 64 67 
59 64 65 69 
59 64 65 67 79 
59 64 65 67 77 
59 64 65 67 77 78 
59 64 65 67 75 76 
59 64 65 67 68 
59 64 65 66 
59 64 65 66 79 
59 64 65 66 77 
59 64 65 66 77 78 
59 64 65 66 75 76 
59 63 64 
59 63 64 65 66 
59 62 
59 62 63 67 
59 62 63 65 66 
57 78 79 
57 67 78 79 
57 66 
57 66 78 79 
57 65 
57 65 66 78 79 
57 63 64 
57 59 69 
57 59 67 79 
57 59 67 77 
57 59 67 77 78 
57 59 67 75 76 
57 59 67 68 
57 59 65 66 79 
57 59 65 66 77 
57 59 65 66 77 78 
57 59 65 66 75 76 
56 
56 67 
56 67 78 79 
56 65 66 
56 65 66 78 79 
56 59 
55 57 
55 57 67 
55 57 66 
55 57 65 66 
54 59 69 
54 59 67 68 
54 55 
54 55 67 
54 55 67 78 79 
54 55 65 66 
54 55 65 66 78 79 
53 69 
53 67 71 
53 67 69 70 
53 67 68 
53 65 66 71 
53 65 66 69 70 
53 57 
53 57 67 
53 57 66 
53 57 65 66 
53 56 67 
53 56 65 66 
53 54 59 67 
53 54 59 65 66 
53 54 55 67 
53 54 55 65 66 
52 
52 67 
52 65 66 67 
52 59 
52 59 64 65 67 
52 59 64 65 66 
52 57 59 67 
52 57 59 65 66 
52 53 59 69 
52 53 59 67 68 
51 59 69 
51 59 67 68 
50 65 66 
50 65 66 67 
50 59 64 65 67 
50 59 64 65 66 
50 57 59 67 
50 57 59 65 66 
50 51 59 
49 67 71 
49 67 69 70 
49 65 66 71 
49 65 66 69 70 
47 67 
47 65 66 
47 59 67 
47 59 65 66 
47 48 67 71 
47 48 67 69 70 
47 48 65 66 71 
47 48 65 66 69 70 
45 46 67 
45 46 65 66 
45 46 59 67 
45 46 59 65 66 
44 
44 68 
44 67 78 79 
44 65 67 68 
44 65 66 
44 65 66 78 79 
44 65 66 68 
44 65 66 67 
44 59 65 67 
44 59 65 66 
44 53 67 
44 53 65 66 
44 49 67 
44 49 65 66 
44 47 48 67 
44 47 48 65 66 
42 
42 78 79 
42 67 
42 65 
42 65 67 
42 65 66 67 
42 59 78 
42 59 76 77 
42 59 64 65 
42 57 59 
42 54 59 
42 53 
42 52 53 59 
42 51 59 
41 59 62 69 71 
41 59 62 69 71 73 
41 59 62 69 71 72 
41 59 62 69 70 
41 59 62 69 70 73 
41 59 62 69 70 71 72 
41 59 62 67 68 71 
41 59 62 67 68 71 73 
41 59 62 67 68 71 72 
41 59 62 67 68 69 70 
41 59 62 67 68 69 70 73 
41 59 62 67 68 69 70 71 72 
41 59 60 61 69 71 
41 59 60 61 69 71 73 
41 59 60 61 69 71 72 
41 59 60 61 69 70 
41 59 60 61 69 70 73 
41 59 60 61 69 70 71 72 
41 59 60 61 67 68 71 
41 59 60 61 67 68 71 73 
41 59 60 61 67 68 71 72 
41 59 60 61 67 68 69 70 
41 59 60 61 67 68 69 70 73 
41 59 60 61 67 68 69 70 71 72 
41 57 64 71 73 
41 57 64 71 72 
41 57 64 69 70 73 
41 57 64 69 70 71 72 
41 57 62 63 71 73 
41 57 62 63 71 72 
41 57 62 63 69 70 73 
41 57 62 63 69 70 71 72 
41 57 59 62 71 73 
41 57 59 62 71 72 
41 57 59 62 69 70 73 
41 57 59 62 69 70 71 72 
41 57 59 60 61 71 73 
41 57 59 60 61 71 72 
41 57 59 60 61 69 70 73 
41 57 59 60 61 69 70 71 72 
41 55 57 59 62 71 73 
41 55 57 59 62 71 72 
41 55 57 59 62 69 70 73 
41 55 57 59 62 69 70 71 72 
41 55 57 59 60 61 71 73 
41 55 57 59 60 61 71 72 
41 55 57 59 60 61 69 70 73 
41 55 57 59 60 61 69 70 71 72 
41 47 59 62 69 71 
41 47 59 62 69 71 73 
41 47 59 62 69 71 72 
41 47 59 62 69 70 
41 47 59 62 69 70 73 
41 47 59 62 69 70 71 72 
41 47 59 62 67 68 71 
41 47 59 62 67 68 71 73 
41 47 59 62 67 68 71 72 
41 47 59 62 67 68 69 70 
41 47 59 62 67 68 69 70 73 
41 47 59 62 67 68 69 70 71 72 
41 47 59 60 61 69 71 
41 47 59 60 61 69 71 73 
41 47 59 60 61 69 71 72 
41 47 59 60 61 69 70 
41 47 59 60 61 69 70 73 
41 47 59 60 61 69 70 71 72 
41 47 59 60 61 67 68 71 
41 47 59 60 61 67 68 71 73 
41 47 59 60 61 67 68 71 72 
41 47 59 60 61 67 68 69 70 
41 47 59 60 61 67 68 69 70 73 
41 47 59 60 61 67 68 69 70 71 72 
41 47 55 59 62 71 73 
41 47 55 59 62 71 72 
41 47 55 59 62 69 70 73 
41 47 55 59 62 69 70 71 72 
41 47 55 59 60 61 71 73 
41 47 55 59 60 61 71 72 
41 47 55 59 60 61 69 70 73 
41 47 55 59 60 61 69 70 71 72 
41 47 55 57 59 62 71 73 
41 47 55 57 59 62 71 72 
41 47 55 57 59 62 69 70 73 
41 47 55 57 59 62 69 70 71 72 
41 47 55 57 59 60 61 71 73 
41 47 55 57 59 60 61 71 72 
41 47 55 57 59 60 61 69 70 73 
41 47 55 57 59 60 61 69 70 71 72 
41 46 59 62 69 71 
41 46 59 62 69 70 
41 46 59 62 67 68 71 
41 46 59 62 67 68 69 70 
41 46 59 60 61 69 71 
41 46 59 60 61 69 70 
41 46 59 60 61 67 68 71 
41 46 59 60 61 67 68 69 70 
41 46 57 64 71 
41 46 57 64 69 70 
41 46 57 62 63 71 
41 46 57 62 63 69 70 
41 46 57 59 62 71 
41 46 57 59 62 69 70 
41 46 57 59 60 61 71 
41 46 57 59 60 61 69 70 
41 46 55 57 59 62 71 
41 46 55 57 59 62 69 70 
41 46 55 57 59 60 61 71 
41 46 55 57 59 60 61 69 70 
41 46 47 59 62 69 71 
41 46 47 59 62 69 70 
41 46 47 59 62 67 68 71 
41 46 47 59 62 67 68 69 70 
41 46 47 59 60 61 69 71 
41 46 47 59 60 61 69 70 
41 46 47 59 60 61 67 68 71 
41 46 47 59 60 61 67 68 69 70 
41 46 47 55 59 62 71 
41 46 47 55 59 62 69 70 
41 46 47 55 59 60 61 71 
41 46 47 55 59 60 61 69 70 
41 46 47 55 57 59 62 71 
41 46 47 55 57 59 62 69 70 
41 46 47 55 57 59 60 61 71 
41 46 47 55 57 59 60 61 69 70 
41 45 46 59 62 69 71 73 
41 45 46 59 62 69 71 72 
41 45 46 59 62 69 70 73 
41 45 46 59 62 69 70 71 72 
41 45 46 59 62 67 68 71 73 
41 45 46 59 62 67 68 71 72 
41 45 46 59 62 67 68 69 70 73 
41 45 46 59 62 67 68 69 70 71 72 
41 45 46 59 60 61 69 71 73 
41 45 46 59 60 61 69 71 72 
41 45 46 59 60 61 69 70 73 
41 45 46 59 60 61 69 70 71 72 
41 45 46 59 60 61 67 68 71 73 
41 45 46 59 60 61 67 68 71 72 
41 45 46 59 60 61 67 68 69 70 73 
41 45 46 59 60 61 67 68 69 70 71 72 
41 45 46 55 59 62 71 
41 45 46 55 59 62 71 73 
41 45 46 55 59 62 71 72 
41 45 46 55 59 62 69 70 
41 45 46 55 59 62 69 70 73 
41 45 46 55 59 62 69 70 71 72 
41 45 46 55 59 60 61 71 
41 45 46 55 59 60 61 71 73 
41 45 46 55 59 60 61 71 72 
41 45 46 55 59 60 61 69 70 
41 45 46 55 59 60 61 69 70 73 
41 45 46 55 59 60 61 69 70 71 72 
41 45 46 55 57 59 62 71 
41 45 46 55 57 59 62 71 73 
41 45 46 55 57 59 62 71 72 
41 45 46 55 57 59 62 69 70 
41 45 46 55 57 59 62 69 70 73 
41 45 46 55 57 59 62 69 70 71 72 
41 45 46 55 57 59 60 61 71 
41 45 46 55 57 59 60 61 71 73 
41 45 46 55 57 59 60 61 71 72 
41 45 46 55 57 59 60 61 69 70 
41 45 46 55 57 59 60 61 69 70 73 
41 45 46 55 57 59 60 61 69 70 71 72 
41 44 59 62 69 
41 44 59 62 69 73 
41 44 59 62 69 71 72 
41 44 59 62 67 68 
41 44 59 62 67 68 73 
41 44 59 62 67 68 71 72 
41 44 59 60 61 69 
41 44 59 60 61 69 73 
41 44 59 60 61 69 71 72 
41 44 59 60 61 67 68 
41 44 59 60 61 67 68 73 
41 44 59 60 61 67 68 71 72 
41 44 57 64 73 
41 44 57 64 71 72 
41 44 57 62 63 73 
41 44 57 62 63 71 72 
41 44 57 59 62 73 
41 44 57 59 62 71 72 
41 44 57 59 60 61 73 
41 44 57 59 60 61 71 72 
41 44 55 57 59 62 73 
41 44 55 57 59 62 71 72 
41 44 55 57 59 60 61 73 
41 44 55 57 59 60 61 71 72 
41 44 47 59 62 69 
41 44 47 59 62 69 73 
41 44 47 59 62 69 71 72 
41 44 47 59 62 67 68 
41 44 47 59 62 67 68 73 
41 44 47 59 62 67 68 71 72 
41 44 47 59 60 61 69 
41 44 47 59 60 61 69 73 
41 44 47 59 60 61 69 71 72 
41 44 47 59 60 61 67 68 
41 44 47 59 60 61 67 68 73 
41 44 47 59 60 61 67 68 71 72 
41 44 47 55 59 62 73 
41 44 47 55 59 62 71 72 
41 44 47 55 59 60 61 73 
41 44 47 55 59 60 61 71 72 
41 44 47 55 57 59 62 73 
41 44 47 55 57 59 62 71 72 
41 44 47 55 57 59 60 61 73 
41 44 47 55 57 59 60 61 71 72 
41 44 46 59 62 69 
41 44 46 59 62 67 68 
41 44 46 59 60 61 69 
41 44 46 59 60 61 67 68 
41 44 46 57 64 
41 44 46 57 62 63 
41 44 46 57 59 62 
41 44 46 57 59 60 61 
41 44 46 55 57 59 62 
41 44 46 55 57 59 60 61 
41 44 46 47 59 62 69 
41 44 46 47 59 62 67 68 
41 44 46 47 59 60 61 69 
41 44 46 47 59 60 61 67 68 
41 44 46 47 55 59 62 
41 44 46 47 55 59 60 61 
41 44 46 47 55 57 59 62 
41 44 46 47 55 57 59 60 61 
41 44 45 46 59 62 69 73 
41 44 45 46 59 62 69 71 72 
41 44 45 46 59 62 67 68 73 
41 44 45 46 59 62 67 68 71 72 
41 44 45 46 59 60 61 69 73 
41 44 45 46 59 60 61 69 71 72 
41 44 45 46 59 60 61 67 68 73 
41 44 45 46 59 60 61 67 68 71 72 
41 44 45 46 55 59 62 
41 44 45 46 55 59 62 73 
41 44 45 46 55 59 62 71 72 
41 44 45 46 55 59 60 61 
41 44 45 46 55 59 60 61 73 
41 44 45 46 55 59 60 61 71 72 
41 44 45 46 55 57 59 62 
41 44 45 46 55 57 59 62 73 
41 44 45 46 55 57 59 62 71 72 
41 44 45 46 55 57 59 60 61 
41 44 45 46 55 57 59 60 61 73 
41 44 45 46 55 57 59 60 61 71 72 
41 42 59 62 71 
41 42 59 62 71 73 
41 42 59 62 71 72 
41 42 59 62 69 70 
41 42 59 62 69 70 73 
41 42 59 62 69 70 71 72 
41 42 59 60 61 71 
41 42 59 60 61 71 73 
41 42 59 60 61 71 72 
41 42 59 60 61 69 70 
41 42 59 60 61 69 70 73 
41 42 59 60 61 69 70 71 72 
41 42 47 59 62 71 
41 42 47 59 62 71 73 
41 42 47 59 62 71 72 
41 42 47 59 62 69 70 
41 42 47 59 62 69 70 73 
41 42 47 59 62 69 70 71 72 
41 42 47 59 60 61 71 
41 42 47 59 60 61 71 73 
41 42 47 59 60 61 71 72 
41 42 47 59 60 61 69 70 
41 42 47 59 60 61 69 70 73 
41 42 47 59 60 61 69 70 71 72 
41 42 46 59 62 71 
41 42 46 59 62 69 70 
41 42 46 59 60 61 71 
41 42 46 59 60 61 69 70 
41 42 46 47 59 62 71 
41 42 46 47 59 62 69 70 
41 42 46 47 59 60 61 71 
41 42 46 47 59 60 61 69 70 
41 42 45 46 59 62 71 73 
41 42 45 46 59 62 71 72 
41 42 45 46 59 62 69 70 73 
41 42 45 46 59 62 69 70 71 72 
41 42 45 46 59 60 61 71 73 
41 42 45 46 59 60 61 71 72 
41 42 45 46 59 60 61 69 70 73 
41 42 45 46 59 60 61 69 70 71 72 
41 42 44 59 62 
41 42 44 59 62 73 
41 42 44 59 62 71 72 
41 42 44 59 60 61 
41 42 44 59 60 61 73 
41 42 44 59 60 61 71 72 
41 42 44 47 59 62 
41 42 44 47 59 62 73 
41 42 44 47 59 62 71 72 
41 42 44 47 59 60 61 
41 42 44 47 59 60 61 73 
41 42 44 47 59 60 61 71 72 
41 42 44 46 59 62 
41 42 44 46 59 60 61 
41 42 44 46 47 59 62 
41 42 44 46 47 59 60 61 
41 42 44 45 46 59 62 73 
41 42 44 45 46 59 62 71 72 
41 42 44 45 46 59 60 61 73 
41 42 44 45 46 59 60 61 71 72 
40 
40 79 
40 77 78 
40 71 
40 71 78 79 
40 69 70 
40 69 70 78 79 
40 68 
40 67 71 
40 67 69 
40 67 69 70 
40 67 68 
40 65 
40 65 79 
40 65 77 
40 65 77 78 
40 65 75 76 
40 65 68 71 
40 65 68 69 70 
40 65 67 79 
40 65 67 77 
40 65 67 77 78 
40 65 67 75 76 
40 63 
40 59 71 
40 59 70 
40 59 69 70 
40 59 68 69 
40 59 65 
40 59 65 71 
40 59 65 69 70 
40 59 64 
40 59 64 65 79 
40 59 64 65 77 
40 59 64 65 77 78 
40 59 64 65 75 76 
40 59 63 64 
40 59 62 63 
40 57 78 79 
40 57 59 79 
40 57 59 77 
40 57 59 77 78 
40 57 59 75 76 
40 56 
40 56 78 79 
40 55 57 
40 54 55 
40 54 55 78 79 
40 53 71 
40 53 69 70 
40 53 57 
40 53 56 
40 53 54 59 
40 53 54 55 
40 52 
40 52 65 
40 52 65 67 
40 52 59 64 65 
40 52 57 59 
40 50 65 
40 50 65 67 
40 50 59 64 65 
40 50 57 59 
40 49 71 
40 49 69 70 
40 47 
40 47 59 
40 47 48 71 
40 47 48 69 70 
40 45 46 
40 45 46 59 
40 44 
40 44 78 79 
40 44 67 
40 44 65 68 
40 44 59 65 
40 44 53 
40 44 49 
40 44 47 48 
40 42 67 
39 40 59 62 69 71 
39 40 59 62 69 71 73 
39 40 59 62 69 71 72 
39 40 59 62 69 70 
39 40 59 62 69 70 73 
39 40 59 62 69 70 71 72 
39 40 59 62 67 68 71 
39 40 59 62 67 68 71 73 
39 40 59 62 67 68 71 72 
39 40 59 62 67 68 69 70 
39 40 59 62 67 68 69 70 73 
39 40 59 62 67 68 69 70 71 72 
39 40 59 60 61 69 71 
39 40 59 60 61 69 71 73 
39 40 59 60 61 69 71 72 
39 40 59 60 61 69 70 
39 40 59 60 61 69 70 73 
39 40 59 60 61 69 70 71 72 
39 40 59 60 61 67 68 71 
39 40 59 60 61 67 68 71 73 
39 40 59 60 61 67 68 71 72 
39 40 59 60 61 67 68 69 70 
39 40 59 60 61 67 68 69 70 73 
39 40 59 60 61 67 68 69 70 71 72 
39 40 57 64 71 73 
39 40 57 64 71 72 
39 40 57 64 69 70 73 
39 40 57 64 69 70 71 72 
39 40 57 62 63 71 73 
39 40 57 62 63 71 72 
39 40 57 62 63 69 70 73 
39 40 57 62 63 69 70 71 72 
39 40 57 59 62 71 73 
39 40 57 59 62 71 72 
39 40 57 59 62 69 70 73 
39 40 57 59 62 69 70 71 72 
39 40 57 59 60 61 71 73 
39 40 57 59 60 61 71 72 
39 40 57 59 60 61 69 70 73 
39 40 57 59 60 61 69 70 71 72 
39 40 55 57 59 62 71 73 
39 40 55 57 59 62 71 72 
39 40 55 57 59 62 69 70 73 
39 40 55 57 59 62 69 70 71 72 
39 40 55 57 59 60 61 71 73 
39 40 55 57 59 60 61 71 72 
39 40 55 57 59 60 61 69 70 73 
39 40 55 57 59 60 61 69 70 71 72 
39 40 47 59 62 69 71 
39 40 47 59 62 69 71 73 
39 40 47 59 62 69 71 72 
39 40 47 59 62 69 70 
39 40 47 59 62 69 70 73 
39 40 47 59 62 69 70 71 72 
39 40 47 59 62 67 68 71 
39 40 47 59 62 67 68 71 73 
39 40 47 59 62 67 68 71 72 
39 40 47 59 62 67 68 69 70 
39 40 47 59 62 67 68 69 70 73 
39 40 47 59 62 67 68 69 70 71 72 
39 40 47 59 60 61 69 71 
39 40 47 59 60 61 69 71 73 
39 40 47 59 60 61 69 71 72 
39 40 47 59 60 61 69 70 
39 40 47 59 60 61 69 70 73 
39 40 47 59 60 61 69 70 71 72 
39 40 47 59 60 61 67 68 71 
39 40 47 59 60 61 67 68 71 73 
39 40 47 59 60 61 67 68 71 72 
39 40 47 59 60 61 67 68 69 70 
39 40 47 59 60 61 67 68 69 70 73 
39 40 47 59 60 61 67 68 69 70 71 72 
39 40 47 55 59 62 71 73 
39 40 47 55 59 62 71 72 
39 40 47 55 59 62 69 70 73 
39 40 47 55 59 62 69 70 71 72 
39 40 47 55 59 60 61 71 73 
39 40 47 55 59 60 61 71 72 
39 40 47 55 59 60 61 69 70 73 
39 40 47 55 59 60 61 69 70 71 72 
39 40 47 55 57 59 62 71 73 
39 40 47 55 57 59 62 71 72 
39 40 47 55 57 59 62 69 70 73 
39 40 47 55 57 59 62 69 70 71 72 
39 40 47 55 57 59 60 61 71 73 
39 40 47 55 57 59 60 61 71 72 
39 40 47 55 57 59 60 61 69 70 73 
39 40 47 55 57 59 60 61 69 70 71 72 
39 40 46 59 62 69 71 
39 40 46 59 62 69 70 
39 40 46 59 62 67 68 71 
39 40 46 59 62 67 68 69 70 
39 40 46 59 60 61 69 71 
39 40 46 59 60 61 69 70 
39 40 46 59 60 61 67 68 71 
39 40 46 59 60 61 67 68 69 70 
39 40 46 57 64 71 
39 40 46 57 64 69 70 
39 40 46 57 62 63 71 
39 40 46 57 62 63 69 70 
39 40 46 57 59 62 71 
39 40 46 57 59 62 69 70 
39 40 46 57 59 60 61 71 
39 40 46 57 59 60 61 69 70 
39 40 46 55 57 59 62 71 
39 40 46 55 57 59 62 69 70 
39 40 46 55 57 59 60 61 71 
39 40 46 55 57 59 60 61 69 70 
39 40 46 47 59 62 69 71 
39 40 46 47 59 62 69 70 
39 40 46 47 59 62 67 68 71 
39 40 46 47 59 62 67 68 69 70 
39 40 46 47 59 60 61 69 71 
39 40 46 47 59 60 61 69 70 
39 40 46 47 59 60 61 67 68 71 
39 40 46 47 59 60 61 67 68 69 70 
39 40 46 47 55 59 62 71 
39 40 46 47 55 59 62 69 70 
39 40 46 47 55 59 60 61 71 
39 40 46 47 55 59 60 61 69 70 
39 40 46 47 55 57 59 62 71 
39 40 46 47 55 57 59 62 69 70 
39 40 46 47 55 57 59 60 61 71 
39 40 46 47 55 57 59 60 61 69 70 
39 40 45 46 59 62 69 71 73 
39 40 45 46 59 62 69 71 72 
39 40 45 46 59 62 69 70 73 
39 40 45 46 59 62 69 70 71 72 
39 40 45 46 59 62 67 68 71 73 
39 40 45 46 59 62 67 68 71 72 
39 40 45 46 59 62 67 68 69 70 73 
39 40 45 46 59 62 67 68 69 70 71 72 
39 40 45 46 59 60 61 69 71 73 
39 40 45 46 59 60 61 69 71 72 
39 40 45 46 59 60 61 69 70 73 
39 40 45 46 59 60 61 69 70 71 72 
39 40 45 46 59 60 61 67 68 71 73 
39 40 45 46 59 60 61 67 68 71 72 
39 40 45 46 59 60 61 67 68 69 70 73 
39 40 45 46 59 60 61 67 68 69 70 71 72 
39 40 45 46 55 59 62 71 
39 40 45 46 55 59 62 71 73 
39 40 45 46 55 59 62 71 72 
39 40 45 46 55 59 62 69 70 
39 40 45 46 55 59 62 69 70 73 
39 40 45 46 55 59 62 69 70 71 72 
39 40 45 46 55 59 60 61 71 
39 40 45 46 55 59 60 61 71 73 
39 40 45 46 55 59 60 61 71 72 
39 40 45 46 55 59 60 61 69 70 
39 40 45 46 55 59 60 61 69 70 73 
39 40 45 46 55 59 60 61 69 70 71 72 
39 40 45 46 55 57 59 62 71 
39 40 45 46 55 57 59 62 71 73 
39 40 45 46 55 57 59 62 71 72 
39 40 45 46 55 57 59 62 69 70 
39 40 45 46 55 57 59 62 69 70 73 
39 40 45 46 55 57 59 62 69 70 71 72 
39 40 45 46 55 57 59 60 61 71 
39 40 45 46 55 57 59 60 61 71 73 
39 40 45 46 55 57 59 60 61 71 72 
39 40 45 46 55 57 59 60 61 69 70 
39 40 45 46 55 57 59 60 61 69 70 73 
39 40 45 46 55 57 59 60 61 69 70 71 72 
39 40 44 59 62 69 
39 40 44 59 62 69 73 
39 40 44 59 62 69 71 72 
39 40 44 59 62 67 68 
39 40 44 59 62 67 68 73 
39 40 44 59 62 67 68 71 72 
39 40 44 59 60 61 69 
39 40 44 59 60 61 69 73 
39 40 44 59 60 61 69 71 72 
39 40 44 59 60 61 67 68 
39 40 44 59 60 61 67 68 73 
39 40 44 59 60 61 67 68 71 72 
39 40 44 57 64 73 
39 40 44 57 64 71 72 
39 40 44 57 62 63 73 
39 40 44 57 62 63 71 72 
39 40 44 57 59 62 73 
39 40 44 57 59 62 71 72 
39 40 44 57 59 60 61 73 
39 40 44 57 59 60 61 71 72 
39 40 44 55 57 59 62 73 
39 40 44 55 57 59 62 71 72 
39 40 44 55 57 59 60 61 73 
39 40 44 55 57 59 60 61 71 72 
39 40 44 47 59 62 69 
39 40 44 47 59 62 69 73 
39 40 44 47 59 62 69 71 72 
39 40 44 47 59 62 67 68 
39 40 44 47 59 62 67 68 73 
39 40 44 47 59 62 67 68 71 72 
39 40 44 47 59 60 61 69 
39 40 44 47 59 60 61 69 73 
39 40 44 47 59 60 61 69 71 72 
39 40 44 47 59 60 61 67 68 
39 40 44 47 59 60 61 67 68 73 
39 40 44 47 59 60 61 67 68 71 72 
39 40 44 47 55 59 62 73 
39 40 44 47 55 59 62 71 72 
39 40 44 47 55 59 60 61 73 
39 40 44 47 55 59 60 61 71 72 
39 40 44 47 55 57 59 62 73 
39 40 44 47 55 57 59 62 71 72 
39 40 44 47 55 57 59 60 61 73 
39 40 44 47 55 57 59 60 61 71 72 
39 40 44 46 59 62 69 
39 40 44 46 59 62 67 68 
39 40 44 46 59 60 61 69 
39 40 44 46 59 60 61 67 68 
39 40 44 46 57 64 
39 40 44 46 57 62 63 
39 40 44 46 57 59 62 
39 40 44 46 57 59 60 61 
39 40 44 46 55 57 59 62 
39 40 44 46 55 57 59 60 61 
39 40 44 46 47 59 62 69 
39 40 44 46 47 59 62 67 68 
39 40 44 46 47 59 60 61 69 
39 40 44 46 47 59 60 61 67 68 
39 40 44 46 47 55 59 62 
39 40 44 46 47 55 59 60 61 
39 40 44 46 47 55 57 59 62 
39 40 44 46 47 55 57 59 60 61 
39 40 44 45 46 59 62 69 73 
39 40 44 45 46 59 62 69 71 72 
39 40 44 45 46 59 62 67 68 73 
39 40 44 45 46 59 62 67 68 71 72 
39 40 44 45 46 59 60 61 69 73 
39 40 44 45 46 59 60 61 69 71 72 
39 40 44 45 46 59 60 61 67 68 73 
39 40 44 45 46 59 60 61 67 68 71 72 
39 40 44 45 46 55 59 62 
39 40 44 45 46 55 59 62 73 
39 40 44 45 46 55 59 62 71 72 
39 40 44 45 46 55 59 60 61 
39 40 44 45 46 55 59 60 61 73 
39 40 44 45 46 55 59 60 61 71 72 
39 40 44 45 46 55 57 59 62 
39 40 44 45 46 55 57 59 62 73 
39 40 44 45 46 55 57 59 62 71 72 
39 40 44 45 46 55 57 59 60 61 
39 40 44 45 46 55 57 59 60 61 73 
39 40 44 45 46 55 57 59 60 61 71 72 
39 40 42 59 62 71 
39 40 42 59 62 71 73 
39 40 42 59 62 71 72 
39 40 42 59 62 69 70 
39 40 42 59 62 69 70 73 
39 40 42 59 62 69 70 71 72 
39 40 42 59 60 61 71 
39 40 42 59 60 61 71 73 
39 40 42 59 60 61 71 72 
39 40 42 59 60 61 69 70 
39 40 42 59 60 61 69 70 73 
39 40 42 59 60 61 69 70 71 72 
39 40 42 47 59 62 71 
39 40 42 47 59 62 71 73 
39 40 42 47 59 62 71 72 
39 40 42 47 59 62 69 70 
39 40 42 47 59 62 69 70 73 
39 40 42 47 59 62 69 70 71 72 
39 40 42 47 59 60 61 71 
39 40 42 47 59 60 61 71 73 
39 40 42 47 59 60 61 71 72 
39 40 42 47 59 60 61 69 70 
39 40 42 47 59 60 61 69 70 73 
39 40 42 47 59 60 61 69 70 71 72 
39 40 42 46 59 62 71 
39 40 42 46 59 62 69 70 
39 40 42 46 59 60 61 71 
39 40 42 46 59 60 61 69 70 
39 40 42 46 47 59 62 71 
39 40 42 46 47 59 62 69 70 
39 40 42 46 47 59 60 61 71 
39 40 42 46 47 59 60 61 69 70 
39 40 42 45 46 59 62 71 73 
39 40 42 45 46 59 62 71 72 
39 40 42 45 46 59 62 69 70 73 
39 40 42 45 46 59 62 69 70 71 72 
39 40 42 45 46 59 60 61 71 73 
39 40 42 45 46 59 60 61 71 72 
39 40 42 45 46 59 60 61 69 70 73 
39 40 42 45 46 59 60 61 69 70 71 72 
39 40 42 44 59 62 
39 40 42 44 59 62 73 
39 40 42 44 59 62 71 72 
39 40 42 44 59 60 61 
39 40 42 44 59 60 61 73 
39 40 42 44 59 60 61 71 72 
39 40 42 44 47 59 62 
39 40 42 44 47 59 62 73 
39 40 42 44 47 59 62 71 72 
39 40 42 44 47 59 60 61 
39 40 42 44 47 59 60 61 73 
39 40 42 44 47 59 60 61 71 72 
39 40 42 44 46 59 62 
39 40 42 44 46 59 60 61 
39 40 42 44 46 47 59 62 
39 40 42 44 46 47 59 60 61 
39 40 42 44 45 46 59 62 73 
39 40 42 44 45 46 59 62 71 72 
39 40 42 44 45 46 59 60 61 73 
39 40 42 44 45 46 59 60 61 71 72 
38 
38 65 66 
38 59 65 66 
38 57 
38 40 
38 40 59 
37 59 67 
37 59 65 66 
37 41 57 71 73 
37 41 57 71 72 
37 41 57 69 70 73 
37 41 57 69 70 71 72 
37 41 46 57 71 
37 41 46 57 69 70 
37 41 44 57 73 
37 41 44 57 71 72 
37 41 44 46 57 
37 40 59 
37 39 40 57 71 73 
37 39 40 57 71 72 
37 39 40 57 69 70 73 
37 39 40 57 69 70 71 72 
37 39 40 46 57 71 
37 39 40 46 57 69 70 
37 39 40 44 57 73 
37 39 40 44 57 71 72 
37 39 40 44 46 57 
36 37 67 
36 37 65 66 
36 37 59 
36 37 40 
35 41 59 69 71 
35 41 59 69 71 73 
35 41 59 69 71 72 
35 41 59 69 70 
35 41 59 69 70 73 
35 41 59 69 70 71 72 
35 41 59 67 68 71 
35 41 59 67 68 71 73 
35 41 59 67 68 71 72 
35 41 59 67 68 69 70 
35 41 59 67 68 69 70 73 
35 41 59 67 68 69 70 71 72 
35 41 57 59 71 73 
35 41 57 59 71 72 
35 41 57 59 69 70 73 
35 41 57 59 69 70 71 72 
35 41 55 57 59 71 73 
35 41 55 57 59 71 72 
35 41 55 57 59 69 70 73 
35 41 55 57 59 69 70 71 72 
35 41 47 59 69 71 
35 41 47 59 69 71 73 
35 41 47 59 69 71 72 
35 41 47 59 69 70 
35 41 47 59 69 70 73 
35 41 47 59 69 70 71 72 
35 41 47 59 67 68 71 
35 41 47 59 67 68 71 73 
35 41 47 59 67 68 71 72 
35 41 47 59 67 68 69 70 
35 41 47 59 67 68 69 70 73 
35 41 47 59 67 68 69 70 71 72 
35 41 47 55 59 71 73 
35 41 47 55 59 71 72 
35 41 47 55 59 69 70 73 
35 41 47 55 59 69 70 71 72 
35 41 47 55 57 59 71 73 
35 41 47 55 57 59 71 72 
35 41 47 55 57 59 69 70 73 
35 41 47 55 57 59 69 70 71 72 
35 41 46 59 69 71 
35 41 46 59 69 70 
35 41 46 59 67 68 71 
35 41 46 59 67 68 69 70 
35 41 46 57 59 71 
35 41 46 57 59 69 70 
35 41 46 55 57 59 71 
35 41 46 55 57 59 69 70 
35 41 46 47 59 69 71 
35 41 46 47 59 69 70 
35 41 46 47 59 67 68 71 
35 41 46 47 59 67 68 69 70 
35 41 46 47 55 59 71 
35 41 46 47 55 59 69 70 
35 41 46 47 55 57 59 71 
35 41 46 47 55 57 59 69 70 
35 41 45 46 59 69 71 73 
35 41 45 46 59 69 71 72 
35 41 45 46 59 69 70 73 
35 41 45 46 59 69 70 71 72 
35 41 45 46 59 67 68 71 73 
35 41 45 46 59 67 68 71 72 
35 41 45 46 59 67 68 69 70 73 
35 41 45 46 59 67 68 69 70 71 72 
35 41 45 46 55 59 71 
35 41 45 46 55 59 71 73 
35 41 45 46 55 59 71 72 
35 41 45 46 55 59 69 70 
35 41 45 46 55 59 69 70 73 
35 41 45 46 55 59 69 70 71 72 
35 41 45 46 55 57 59 71 
35 41 45 46 55 57 59 71 73 
35 41 45 46 55 57 59 71 72 
35 41 45 46 55 57 59 69 70 
35 41 45 46 55 57 59 69 70 73 
35 41 45 46 55 57 59 69 70 71 72 
35 41 44 59 69 
35 41 44 59 69 73 
35 41 44 59 69 71 72 
35 41 44 59 67 68 
35 41 44 59 67 68 73 
35 41 44 59 67 68 71 72 
35 41 44 57 59 73 
35 41 44 57 59 71 72 
35 41 44 55 57 59 73 
35 41 44 55 57 59 71 72 
35 41 44 47 59 69 
35 41 44 47 59 69 73 
35 41 44 47 59 69 71 72 
35 41 44 47 59 67 68 
35 41 44 47 59 67 68 73 
35 41 44 47 59 67 68 71 72 
35 41 44 47 55 59 73 
35 41 44 47 55 59 71 72 
35 41 44 47 55 57 59 73 
35 41 44 47 55 57 59 71 72 
35 41 44 46 59 69 
35 41 44 46 59 67 68 
35 41 44 46 57 59 
35 41 44 46 55 57 59 
35 41 44 46 47 59 69 
35 41 44 46 47 59 67 68 
35 41 44 46 47 55 59 
35 41 44 46 47 55 57 59 
35 41 44 45 46 59 69 73 
35 41 44 45 46 59 69 71 72 
35 41 44 45 46 59 67 68 73 
35 41 44 45 46 59 67 68 71 72 
35 41 44 45 46 55 59 
35 41 44 45 46 55 59 73 
35 41 44 45 46 55 59 71 72 
35 41 44 45 46 55 57 59 
35 41 44 45 46 55 57 59 73 
35 41 44 45 46 55 57 59 71 72 
35 41 42 59 71 
35 41 42 59 71 73 
35 41 42 59 71 72 
35 41 42 59 69 70 
35 41 42 59 69 70 73 
35 41 42 59 69 70 71 72 
35 41 42 47 59 71 
35 41 42 47 59 71 73 
35 41 42 47 59 71 72 
35 41 42 47 59 69 70 
35 41 42 47 59 69 70 73 
35 41 42 47 59 69 70 71 72 
35 41 42 46 59 71 
35 41 42 46 59 69 70 
35 41 42 46 47 59 71 
35 41 42 46 47 59 69 70 
35 41 42 45 46 59 71 73 
35 41 42 45 46 59 71 72 
35 41 42 45 46 59 69 70 73 
35 41 42 45 46 59 69 70 71 72 
35 41 42 44 59 
35 41 42 44 59 73 
35 41 42 44 59 71 72 
35 41 42 44 47 59 
35 41 42 44 47 59 73 
35 41 42 44 47 59 71 72 
35 41 42 44 46 59 
35 41 42 44 46 47 59 
35 41 42 44 45 46 59 73 
35 41 42 44 45 46 59 71 72 
35 39 40 59 69 71 
35 39 40 59 69 71 73 
35 39 40 59 69 71 72 
35 39 40 59 69 70 
35 39 40 59 69 70 73 
35 39 40 59 69 70 71 72 
35 39 40 59 67 68 71 
35 39 40 59 67 68 71 73 
35 39 40 59 67 68 71 72 
35 39 40 59 67 68 69 70 
35 39 40 59 67 68 69 70 73 
35 39 40 59 67 68 69 70 71 72 
35 39 40 57 59 71 73 
35 39 40 57 59 71 72 
35 39 40 57 59 69 70 73 
35 39 40 57 59 69 70 71 72 
35 39 40 55 57 59 71 73 
35 39 40 55 57 59 71 72 
35 39 40 55 57 59 69 70 73 
35 39 40 55 57 59 69 70 71 72 
35 39 40 47 59 69 71 
35 39 40 47 59 69 71 73 
35 39 40 47 59 69 71 72 
35 39 40 47 59 69 70 
35 39 40 47 59 69 70 73 
35 39 40 47 59 69 70 71 72 
35 39 40 47 59 67 68 71 
35 39 40 47 59 67 68 71 73 
35 39 40 47 59 67 68 71 72 
35 39 40 47 59 67 68 69 70 
35 39 40 47 59 67 68 69 70 73 
35 39 40 47 59 67 68 69 70 71 72 
35 39 40 47 55 59 71 73 
35 39 40 47 55 59 71 72 
35 39 40 47 55 59 69 70 73 
35 39 40 47 55 59 69 70 71 72 
35 39 40 47 55 57 59 71 73 
35 39 40 47 55 57 59 71 72 
35 39 40 47 55 57 59 69 70 73 
35 39 40 47 55 57 59 69 70 71 72 
35 39 40 46 59 69 71 
35 39 40 46 59 69 70 
35 39 40 46 59 67 68 71 
35 39 40 46 59 67 68 69 70 
35 39 40 46 57 59 71 
35 39 40 46 57 59 69 70 
35 39 40 46 55 57 59 71 
35 39 40 46 55 57 59 69 70 
35 39 40 46 47 59 69 71 
35 39 40 46 47 59 69 70 
35 39 40 46 47 59 67 68 71 
35 39 40 46 47 59 67 68 69 70 
35 39 40 46 47 55 59 71 
35 39 40 46 47 55 59 69 70 
35 39 40 46 47 55 57 59 71 
35 39 40 46 47 55 57 59 69 70 
35 39 40 45 46 59 69 71 73 
35 39 40 45 46 59 69 71 72 
35 39 40 45 46 59 69 70 73 
35 39 40 45 46 59 69 70 71 72 
35 39 40 45 46 59 67 68 71 73 
35 39 40 45 46 59 67 68 71 72 
35 39 40 45 46 59 67 68 69 70 73 
35 39 40 45 46 59 67 68 69 70 71 72 
35 39 40 45 46 55 59 71 
35 39 40 45 46 55 59 71 73 
35 39 40 45 46 55 59 71 72 
35 39 40 45 46 55 59 69 70 
35 39 40 45 46 55 59 69 70 73 
35 39 40 45 46 55 59 69 70 71 72 
35 39 40 45 46 55 57 59 71 
35 39 40 45 46 55 57 59 71 73 
35 39 40 45 46 55 57 59 71 72 
35 39 40 45 46 55 57 59 69 70 
35 39 40 45 46 55 57 59 69 70 73 
35 39 40 45 46 55 57 59 69 70 71 72 
35 39 40 44 59 69 
35 39 40 44 59 69 73 
35 39 40 44 59 69 71 72 
35 39 40 44 59 67 68 
35 39 40 44 59 67 68 73 
35 39 40 44 59 67 68 71 72 
35 39 40 44 57 59 73 
35 39 40 44 57 59 71 72 
35 39 40 44 55 57 59 73 
35 39 40 44 55 57 59 71 72 
35 39 40 44 47 59 69 
35 39 40 44 47 59 69 73 
35 39 40 44 47 59 69 71 72 
35 39 40 44 47 59 67 68 
35 39 40 44 47 59 67 68 73 
35 39 40 44 47 59 67 68 71 72 
35 39 40 44 47 55 59 73 
35 39 40 44 47 55 59 71 72 
35 39 40 44 47 55 57 59 73 
35 39 40 44 47 55 57 59 71 72 
35 39 40 44 46 59 69 
35 39 40 44 46 59 67 68 
35 39 40 44 46 57 59 
35 39 40 44 46 55 57 59 
35 39 40 44 46 47 59 69 
35 39 40 44 46 47 59 67 68 
35 39 40 44 46 47 55 59 
35 39 40 44 46 47 55 57 59 
35 39 40 44 45 46 59 69 73 
35 39 40 44 45 46 59 69 71 72 
35 39 40 44 45 46 59 67 68 73 
35 39 40 44 45 46 59 67 68 71 72 
35 39 40 44 45 46 55 59 
35 39 40 44 45 46 55 59 73 
35 39 40 44 45 46 55 59 71 72 
35 39 40 44 45 46 55 57 59 
35 39 40 44 45 46 55 57 59 73 
35 39 40 44 45 46 55 57 59 71 72 
35 39 40 42 59 71 
35 39 40 42 59 71 73 
35 39 40 42 59 71 72 
35 39 40 42 59 69 70 
35 39 40 42 59 69 70 73 
35 39 40 42 59 69 70 71 72 
35 39 40 42 47 59 71 
35 39 40 42 47 59 71 73 
35 39 40 42 47 59 71 72 
35 39 40 42 47 59 69 70 
35 39 40 42 47 59 69 70 73 
35 39 40 42 47 59 69 70 71 72 
35 39 40 42 46 59 71 
35 39 40 42 46 59 69 70 
35 39 40 42 46 47 59 71 
35 39 40 42 46 47 59 69 70 
35 39 40 42 45 46 59 71 73 
35 39 40 42 45 46 59 71 72 
35 39 40 42 45 46 59 69 70 73 
35 39 40 42 45 46 59 69 70 71 72 
35 39 40 42 44 59 
35 39 40 42 44 59 73 
35 39 40 42 44 59 71 72 
35 39 40 42 44 47 59 
35 39 40 42 44 47 59 73 
35 39 40 42 44 47 59 71 72 
35 39 40 42 44 46 59 
35 39 40 42 44 46 47 59 
35 39 40 42 44 45 46 59 73 
35 39 40 42 44 45 46 59 71 72 
33 59 69 
33 59 67 79 
33 59 67 77 
33 59 67 77 78 
33 59 67 75 76 
33 59 67 68 
33 59 65 66 79 
33 59 65 66 77 
33 59 65 66 77 78 
33 59 65 66 75 76 
33 52 59 67 
33 52 59 65 66 
33 50 59 67 
33 50 59 65 66 
33 42 59 
33 40 59 79 
33 40 59 77 
33 40 59 77 78 
33 40 59 75 76 
33 40 52 59 
33 40 50 59 
32 59 69 
32 59 67 79 
32 59 67 77 
32 59 67 77 78 
32 59 67 75 76 
32 59 67 68 
32 59 65 66 79 
32 59 65 66 77 
32 59 65 66 77 78 
32 59 65 66 75 76 
32 52 59 67 
32 52 59 65 66 
32 50 59 67 
32 50 59 65 66 
32 42 59 
32 40 59 79 
32 40 59 77 
32 40 59 77 78 
32 40 59 75 76 
32 40 52 59 
32 40 50 59 
31 
31 69 
31 67 
31 67 69 
31 65 66 
31 65 66 69 
31 65 66 67 68 
31 59 67 
31 59 67 69 
31 59 67 68 
31 59 65 66 
31 59 65 66 69 
31 59 65 66 67 68 
31 42 
31 42 67 
31 42 65 66 
31 42 59 67 
31 42 59 65 66 
31 40 
31 40 69 
31 40 67 68 
31 40 59 
31 40 59 69 
31 40 59 67 68 
31 40 42 
31 40 42 59 
29 
29 67 
29 67 78 79 
29 65 66 
29 65 66 78 79 
29 59 
29 53 67 
29 53 65 66 
29 40 
29 40 78 79 
29 40 53 
28 59 67 
28 59 65 66 
28 40 59 
27 59 69 
27 59 67 68 
27 42 59 
27 28 59 
25 67 
25 65 67 
25 65 67 71 
25 65 67 69 70 
25 65 66 67 71 
25 65 66 67 69 70 
25 59 
25 59 67 
25 59 65 67 71 
25 59 65 67 69 70 
25 59 65 66 71 
25 59 65 66 69 70 
25 59 65 66 67 
25 49 67 71 
25 49 67 69 70 
25 49 65 66 71 
25 49 65 66 69 70 
25 47 48 67 71 
25 47 48 67 69 70 
25 47 48 65 66 71 
25 47 48 65 66 69 70 
25 44 65 67 
25 44 65 66 67 
25 44 59 65 67 
25 44 59 65 66 
25 44 49 67 
25 44 49 65 66 
25 44 47 48 67 
25 44 47 48 65 66 
25 40 
25 40 71 
25 40 69 70 
25 40 67 71 
25 40 67 69 70 
25 40 65 
25 40 65 71 
25 40 65 69 70 
25 40 59 67 
25 40 59 65 71 
25 40 59 65 69 70 
25 40 49 71 
25 40 49 69 70 
25 40 47 48 71 
25 40 47 48 69 70 
25 40 44 
25 40 44 67 
25 40 44 65 
25 40 44 59 65 
25 40 44 49 
25 40 44 47 48 
24 57 
24 57 78 79 
24 55 57 
24 53 57 
23 
23 67 
23 67 79 
23 67 77 78 
23 67 69 
23 67 68 
23 65 69 
23 65 67 71 
23 65 67 69 
23 65 67 69 70 
23 65 66 
23 65 66 77 
23 65 66 75 76 
23 65 66 71 
23 65 66 69 
23 65 66 69 70 
23 65 66 67 
23 65 66 67 79 
23 65 66 67 77 
23 65 66 67 77 78 
23 65 66 67 75 76 
23 65 66 67 68 
23 59 
23 59 69 
23 59 69 78 
23 59 69 76 77 
23 59 67 79 
23 59 67 78 79 
23 59 67 77 78 
23 59 67 70 
23 59 67 68 
23 59 67 68 78 
23 59 67 68 76 77 
23 59 67 68 69 
23 59 65 
23 59 65 67 
23 59 65 66 
23 59 65 66 79 
23 59 65 66 78 79 
23 59 65 66 77 78 
23 59 65 66 70 
23 59 65 66 68 69 
23 59 64 67 
23 59 64 65 69 
23 59 64 65 67 79 
23 59 64 65 67 77 
23 59 64 65 67 77 78 
23 59 64 65 67 75 76 
23 59 64 65 67 68 
23 59 64 65 66 
23 59 64 65 66 79 
23 59 64 65 66 77 
23 59 64 65 66 77 78 
23 59 64 65 66 75 76 
23 59 63 64 67 
23 59 63 64 65 66 
23 59 62 
23 59 62 63 67 
23 59 62 63 65 66 
23 57 59 69 
23 57 59 67 79 
23 57 59 67 77 
23 57 59 67 77 78 
23 57 59 67 75 76 
23 57 59 67 68 
23 57 59 65 66 79 
23 57 59 65 66 77 
23 57 59 65 66 77 78 
23 57 59 65 66 75 76 
23 56 
23 56 59 
23 55 59 67 
23 55 59 65 66 
23 54 59 69 
23 54 59 67 68 
23 54 55 
23 53 59 67 
23 53 59 65 66 
23 53 54 59 67 
23 53 54 59 65 66 
23 52 67 
23 52 65 66 67 
23 52 59 67 
23 52 59 65 66 
23 52 59 64 65 67 
23 52 59 64 65 66 
23 52 57 59 67 
23 52 57 59 65 66 
23 52 53 59 69 
23 52 53 59 67 68 
23 51 59 69 
23 51 59 67 68 
23 50 65 66 
23 50 65 66 67 
23 50 59 64 65 67 
23 50 59 64 65 66 
23 50 57 59 67 
23 50 57 59 65 66 
23 44 65 67 
23 44 65 66 
23 44 59 67 
23 44 59 65 66 
23 42 67 
23 42 65 
23 42 65 67 
23 42 65 66 
23 42 59 
23 42 59 78 
23 42 59 76 77 
23 42 59 64 65 
23 42 57 59 
23 42 54 59 
23 42 52 53 59 
23 42 51 59 
23 40 
23 40 79 
23 40 77 78 
23 40 69 
23 40 67 
23 40 67 68 
23 40 65 79 
23 40 65 77 
23 40 65 77 78 
23 40 65 75 76 
23 40 65 71 
23 40 65 69 70 
23 40 65 67 79 
23 40 65 67 77 
23 40 65 67 77 78 
23 40 65 67 75 76 
23 40 59 79 
23 40 59 78 79 
23 40 59 77 78 
23 40 59 70 
23 40 59 68 69 
23 40 59 65 
23 40 59 64 
23 40 59 64 65 79 
23 40 59 64 65 77 
23 40 59 64 65 77 78 
23 40 59 64 65 75 76 
23 40 59 63 64 
23 40 59 62 63 
23 40 57 59 79 
23 40 57 59 77 
23 40 57 59 77 78 
23 40 57 59 75 76 
23 40 55 59 
23 40 53 59 
23 40 53 54 59 
23 40 52 
23 40 52 65 
23 40 52 65 67 
23 40 52 59 
23 40 52 59 64 65 
23 40 52 57 59 
23 40 50 65 
23 40 50 65 67 
23 40 50 59 64 65 
23 40 50 57 59 
23 40 44 65 
23 40 44 59 
23 40 42 
23 38 59 
23 38 59 67 
23 38 59 65 66 
23 38 40 59 
23 37 59 67 
23 37 59 65 66 
23 37 40 59 
23 36 37 59 
23 33 59 69 
23 33 59 67 79 
23 33 59 67 77 
23 33 59 67 77 78 
23 33 59 67 75 76 
23 33 59 67 68 
23 33 59 65 66 79 
23 33 59 65 66 77 
23 33 59 65 66 77 78 
23 33 59 65 66 75 76 
23 33 52 59 67 
23 33 52 59 65 66 
23 33 50 59 67 
23 33 50 59 65 66 
23 33 42 59 
23 33 40 59 79 
23 33 40 59 77 
23 33 40 59 77 78 
23 33 40 59 75 76 
23 33 40 52 59 
23 33 40 50 59 
23 32 59 69 
23 32 59 67 79 
23 32 59 67 77 
23 32 59 67 77 78 
23 32 59 67 75 76 
23 32 59 67 68 
23 32 59 65 66 79 
23 32 59 65 66 77 
23 32 59 65 66 77 78 
23 32 59 65 66 75 76 
23 32 52 59 67 
23 32 52 59 65 66 
23 32 50 59 67 
23 32 50 59 65 66 
23 32 42 59 
23 32 40 59 79 
23 32 40 59 77 
23 32 40 59 77 78 
23 32 40 59 75 76 
23 32 40 52 59 
23 32 40 50 59 
23 31 
23 31 69 
23 31 67 
23 31 67 69 
23 31 65 66 
23 31 65 66 69 
23 31 65 66 67 68 
23 31 59 67 
23 31 59 67 69 
23 31 59 67 68 
23 31 59 65 66 
23 31 59 65 66 69 
23 31 59 65 66 67 68 
23 31 42 
23 31 42 67 
23 31 42 65 66 
23 31 42 59 67 
23 31 42 59 65 66 
23 31 40 
23 31 40 69 
23 31 40 67 68 
23 31 40 59 
23 31 40 59 69 
23 31 40 59 67 68 
23 31 40 42 
23 31 40 42 59 
23 29 
23 29 59 
23 28 59 67 
23 28 59 65 66 
23 28 40 59 
23 27 59 69 
23 27 59 67 68 
23 27 42 59 
23 27 28 59 
22 67 71 
22 67 69 70 
22 65 66 71 
22 65 66 69 70 
22 44 67 
22 44 65 66 
22 40 71 
22 40 69 70 
22 40 44 
22 25 67 71 
22 25 67 69 70 
22 25 65 66 71 
22 25 65 66 69 70 
22 25 44 67 
22 25 44 65 66 
22 25 40 71 
22 25 40 69 70 
22 25 40 44 
22 23 57 
22 23 57 78 79 
22 23 55 57 
22 23 53 57 
20 67 
20 65 66 
20 59 
20 41 59 62 69 71 
20 41 59 62 69 71 73 
20 41 59 62 69 71 72 
20 41 59 62 69 70 
20 41 59 62 69 70 73 
20 41 59 62 69 70 71 72 
20 41 59 62 67 68 71 
20 41 59 62 67 68 71 73 
20 41 59 62 67 68 71 72 
20 41 59 62 67 68 69 70 
20 41 59 62 67 68 69 70 73 
20 41 59 62 67 68 69 70 71 72 
20 41 59 60 61 69 71 
20 41 59 60 61 69 71 73 
20 41 59 60 61 69 71 72 
20 41 59 60 61 69 70 
20 41 59 60 61 69 70 73 
20 41 59 60 61 69 70 71 72 
20 41 59 60 61 67 68 71 
20 41 59 60 61 67 68 71 73 
20 41 59 60 61 67 68 71 72 
20 41 59 60 61 67 68 69 70 
20 41 59 60 61 67 68 69 70 73 
20 41 59 60 61 67 68 69 70 71 72 
20 41 55 59 62 71 73 
20 41 55 59 62 71 72 
20 41 55 59 62 69 70 73 
20 41 55 59 62 69 70 71 72 
20 41 55 59 60 61 71 73 
20 41 55 59 60 61 71 72 
20 41 55 59 60 61 69 70 73 
20 41 55 59 60 61 69 70 71 72 
20 41 55 57 59 62 71 73 
20 41 55 57 59 62 71 72 
20 41 55 57 59 62 69 70 73 
20 41 55 57 59 62 69 70 71 72 
20 41 55 57 59 60 61 71 73 
20 41 55 57 59 60 61 71 72 
20 41 55 57 59 60 61 69 70 73 
20 41 55 57 59 60 61 69 70 71 72 
20 41 46 59 62 69 71 
20 41 46 59 62 69 70 
20 41 46 59 62 67 68 71 
20 41 46 59 62 67 68 69 70 
20 41 46 59 60 61 69 71 
20 41 46 59 60 61 69 70 
20 41 46 59 60 61 67 68 71 
20 41 46 59 60 61 67 68 69 70 
20 41 46 55 59 62 71 
20 41 46 55 59 62 69 70 
20 41 46 55 59 60 61 71 
20 41 46 55 59 60 61 69 70 
20 41 46 55 57 59 62 71 
20 41 46 55 57 59 62 69 70 
20 41 46 55 57 59 60 61 71 
20 41 46 55 57 59 60 61 69 70 
20 41 44 59 62 69 
20 41 44 59 62 69 73 
20 41 44 59 62 69 71 72 
20 41 44 59 62 67 68 
20 41 44 59 62 67 68 73 
20 41 44 59 62 67 68 71 72 
20 41 44 59 60 61 69 
20 41 44 59 60 61 69 73 
20 41 44 59 60 61 69 71 72 
20 41 44 59 60 61 67 68 
20 41 44 59 60 61 67 68 73 
20 41 44 59 60 61 67 68 71 72 
20 41 44 55 59 62 73 
20 41 44 55 59 62 71 72 
20 41 44 55 59 60 61 73 
20 41 44 55 59 60 61 71 72 
20 41 44 55 57 59 62 73 
20 41 44 55 57 59 62 71 72 
20 41 44 55 57 59 60 61 73 
20 41 44 55 57 59 60 61 71 72 
20 41 44 46 59 62 69 
20 41 44 46 59 62 67 68 
20 41 44 46 59 60 61 69 
20 41 44 46 59 60 61 67 68 
20 41 44 46 55 59 62 
20 41 44 46 55 59 60 61 
20 41 44 46 55 57 59 62 
20 41 44 46 55 57 59 60 61 
20 41 42 59 62 71 
20 41 42 59 62 71 73 
20 41 42 59 62 71 72 
20 41 42 59 62 69 70 
20 41 42 59 62 69 70 73 
20 41 42 59 62 69 70 71 72 
20 41 42 59 60 61 71 
20 41 42 59 60 61 71 73 
20 41 42 59 60 61 71 72 
20 41 42 59 60 61 69 70 
20 41 42 59 60 61 69 70 73 
20 41 42 59 60 61 69 70 71 72 
20 41 42 46 59 62 71 
20 41 42 46 59 62 69 70 
20 41 42 46 59 60 61 71 
20 41 42 46 59 60 61 69 70 
20 41 42 44 59 62 
20 41 42 44 59 62 73 
20 41 42 44 59 62 71 72 
20 41 42 44 59 60 61 
20 41 42 44 59 60 61 73 
20 41 42 44 59 60 61 71 72 
20 41 42 44 46 59 62 
20 41 42 44 46 59 60 61 
20 40 
20 39 40 59 62 69 71 
20 39 40 59 62 69 71 73 
20 39 40 59 62 69 71 72 
20 39 40 59 62 69 70 
20 39 40 59 62 69 70 73 
20 39 40 59 62 69 70 71 72 
20 39 40 59 62 67 68 71 
20 39 40 59 62 67 68 71 73 
20 39 40 59 62 67 68 71 72 
20 39 40 59 62 67 68 69 70 
20 39 40 59 62 67 68 69 70 73 
20 39 40 59 62 67 68 69 70 71 72 
20 39 40 59 60 61 69 71 
20 39 40 59 60 61 69 71 73 
20 39 40 59 60 61 69 71 72 
20 39 40 59 60 61 69 70 
20 39 40 59 60 61 69 70 73 
20 39 40 59 60 61 69 70 71 72 
20 39 40 59 60 61 67 68 71 
20 39 40 59 60 61 67 68 71 73 
20 39 40 59 60 61 67 68 71 72 
20 39 40 59 60 61 67 68 69 70 
20 39 40 59 60 61 67 68 69 70 73 
20 39 40 59 60 61 67 68 69 70 71 72 
20 39 40 55 59 62 71 73 
20 39 40 55 59 62 71 72 
20 39 40 55 59 62 69 70 73 
20 39 40 55 59 62 69 70 71 72 
20 39 40 55 59 60 61 71 73 
20 39 40 55 59 60 61 71 72 
20 39 40 55 59 60 61 69 70 73 
20 39 40 55 59 60 61 69 70 71 72 
20 39 40 55 57 59 62 71 73 
20 39 40 55 57 59 62 71 72 
20 39 40 55 57 59 62 69 70 73 
20 39 40 55 57 59 62 69 70 71 72 
20 39 40 55 57 59 60 61 71 73 
20 39 40 55 57 59 60 61 71 72 
20 39 40 55 57 59 60 61 69 70 73 
20 39 40 55 57 59 60 61 69 70 71 72 
20 39 40 46 59 62 69 71 
20 39 40 46 59 62 69 70 
20 39 40 46 59 62 67 68 71 
20 39 40 46 59 62 67 68 69 70 
20 39 40 46 59 60 61 69 71 
20 39 40 46 59 60 61 69 70 
20 39 40 46 59 60 61 67 68 71 
20 39 40 46 59 60 61 67 68 69 70 
20 39 40 46 55 59 62 71 
20 39 40 46 55 59 62 69 70 
20 39 40 46 55 59 60 61 71 
20 39 40 46 55 59 60 61 69 70 
20 39 40 46 55 57 59 62 71 
20 39 40 46 55 57 59 62 69 70 
20 39 40 46 55 57 59 60 61 71 
20 39 40 46 55 57 59 60 61 69 70 
20 39 40 44 59 62 69 
20 39 40 44 59 62 69 73 
20 39 40 44 59 62 69 71 72 
20 39 40 44 59 62 67 68 
20 39 40 44 59 62 67 68 73 
20 39 40 44 59 62 67 68 71 72 
20 39 40 44 59 60 61 69 
20 39 40 44 59 60 61 69 73 
20 39 40 44 59 60 61 69 71 72 
20 39 40 44 59 60 61 67 68 
20 39 40 44 59 60 61 67 68 73 
20 39 40 44 59 60 61 67 68 71 72 
20 39 40 44 55 59 62 73 
20 39 40 44 55 59 62 71 72 
20 39 40 44 55 59 60 61 73 
20 39 40 44 55 59 60 61 71 72 
20 39 40 44 55 57 59 62 73 
20 39 40 44 55 57 59 62 71 72 
20 39 40 44 55 57 59 60 61 73 
20 39 40 44 55 57 59 60 61 71 72 
20 39 40 44 46 59 62 69 
20 39 40 44 46 59 62 67 68 
20 39 40 44 46 59 60 61 69 
20 39 40 44 46 59 60 61 67 68 
20 39 40 44 46 55 59 62 
20 39 40 44 46 55 59 60 61 
20 39 40 44 46 55 57 59 62 
20 39 40 44 46 55 57 59 60 61 
20 39 40 42 59 62 71 
20 39 40 42 59 62 71 73 
20 39 40 42 59 62 71 72 
20 39 40 42 59 62 69 70 
20 39 40 42 59 62 69 70 73 
20 39 40 42 59 62 69 70 71 72 
20 39 40 42 59 60 61 71 
20 39 40 42 59 60 61 71 73 
20 39 40 42 59 60 61 71 72 
20 39 40 42 59 60 61 69 70 
20 39 40 42 59 60 61 69 70 73 
20 39 40 42 59 60 61 69 70 71 72 
20 39 40 42 46 59 62 71 
20 39 40 42 46 59 62 69 70 
20 39 40 42 46 59 60 61 71 
20 39 40 42 46 59 60 61 69 70 
20 39 40 42 44 59 62 
20 39 40 42 44 59 62 73 
20 39 40 42 44 59 62 71 72 
20 39 40 42 44 59 60 61 
20 39 40 42 44 59 60 61 73 
20 39 40 42 44 59 60 61 71 72 
20 39 40 42 44 46 59 62 
20 39 40 42 44 46 59 60 61 
20 35 41 59 69 71 
20 35 41 59 69 71 73 
20 35 41 59 69 71 72 
20 35 41 59 69 70 
20 35 41 59 69 70 73 
20 35 41 59 69 70 71 72 
20 35 41 59 67 68 71 
20 35 41 59 67 68 71 73 
20 35 41 59 67 68 71 72 
20 35 41 59 67 68 69 70 
20 35 41 59 67 68 69 70 73 
20 35 41 59 67 68 69 70 71 72 
20 35 41 55 59 71 73 
20 35 41 55 59 71 72 
20 35 41 55 59 69 70 73 
20 35 41 55 59 69 70 71 72 
20 35 41 55 57 59 71 73 
20 35 41 55 57 59 71 72 
20 35 41 55 57 59 69 70 73 
20 35 41 55 57 59 69 70 71 72 
20 35 41 46 59 69 71 
20 35 41 46 59 69 70 
20 35 41 46 59 67 68 71 
20 35 41 46 59 67 68 69 70 
20 35 41 46 55 59 71 
20 35 41 46 55 59 69 70 
20 35 41 46 55 57 59 71 
20 35 41 46 55 57 59 69 70 
20 35 41 44 59 69 
20 35 41 44 59 69 73 
20 35 41 44 59 69 71 72 
20 35 41 44 59 67 68 
20 35 41 44 59 67 68 73 
20 35 41 44 59 67 68 71 72 
20 35 41 44 55 59 73 
20 35 41 44 55 59 71 72 
20 35 41 44 55 57 59 73 
20 35 41 44 55 57 59 71 72 
20 35 41 44 46 59 69 
20 35 41 44 46 59 67 68 
20 35 41 44 46 55 59 
20 35 41 44 46 55 57 59 
20 35 41 42 59 71 
20 35 41 42 59 71 73 
20 35 41 42 59 71 72 
20 35 41 42 59 69 70 
20 35 41 42 59 69 70 73 
20 35 41 42 59 69 70 71 72 
20 35 41 42 46 59 71 
20 35 41 42 46 59 69 70 
20 35 41 42 44 59 
20 35 41 42 44 59 73 
20 35 41 42 44 59 71 72 
20 35 41 42 44 46 59 
20 35 39 40 59 69 71 
20 35 39 40 59 69 71 73 
20 35 39 40 59 69 71 72 
20 35 39 40 59 69 70 
20 35 39 40 59 69 70 73 
20 35 39 40 59 69 70 71 72 
20 35 39 40 59 67 68 71 
20 35 39 40 59 67 68 71 73 
20 35 39 40 59 67 68 71 72 
20 35 39 40 59 67 68 69 70 
20 35 39 40 59 67 68 69 70 73 
20 35 39 40 59 67 68 69 70 71 72 
20 35 39 40 55 59 71 73 
20 35 39 40 55 59 71 72 
20 35 39 40 55 59 69 70 73 
20 35 39 40 55 59 69 70 71 72 
20 35 39 40 55 57 59 71 73 
20 35 39 40 55 57 59 71 72 
20 35 39 40 55 57 59 69 70 73 
20 35 39 40 55 57 59 69 70 71 72 
20 35 39 40 46 59 69 71 
20 35 39 40 46 59 69 70 
20 35 39 40 46 59 67 68 71 
20 35 39 40 46 59 67 68 69 70 
20 35 39 40 46 55 59 71 
20 35 39 40 46 55 59 69 70 
20 35 39 40 46 55 57 59 71 
20 35 39 40 46 55 57 59 69 70 
20 35 39 40 44 59 69 
20 35 39 40 44 59 69 73 
20 35 39 40 44 59 69 71 72 
20 35 39 40 44 59 67 68 
20 35 39 40 44 59 67 68 73 
20 35 39 40 44 59 67 68 71 72 
20 35 39 40 44 55 59 73 
20 35 39 40 44 55 59 71 72 
20 35 39 40 44 55 57 59 73 
20 35 39 40 44 55 57 59 71 72 
20 35 39 40 44 46 59 69 
20 35 39 40 44 46 59 67 68 
20 35 39 40 44 46 55 59 
20 35 39 40 44 46 55 57 59 
20 35 39 40 42 59 71 
20 35 39 40 42 59 71 73 
20 35 39 40 42 59 71 72 
20 35 39 40 42 59 69 70 
20 35 39 40 42 59 69 70 73 
20 35 39 40 42 59 69 70 71 72 
20 35 39 40 42 46 59 71 
20 35 39 40 42 46 59 69 70 
20 35 39 40 42 44 59 
20 35 39 40 42 44 59 73 
20 35 39 40 42 44 59 71 72 
20 35 39 40 42 44 46 59 
20 23 59 
20 23 59 67 
20 23 59 65 66 
20 23 40 59 
19 59 
19 59 67 
19 59 65 66 
19 40 59 
19 23 59 
19 23 59 67 
19 23 59 65 66 
19 23 40 59 
18 71 
18 69 
18 69 70 
18 67 
18 67 71 
18 67 69 70 
18 67 68 
18 65 66 71 
18 65 66 69 70 
18 59 
18 59 71 
18 59 69 
18 59 69 70 
18 59 67 69 
18 59 65 
18 59 65 66 69 
18 59 65 66 67 68 
18 44 
18 44 67 
18 44 65 66 
18 44 59 
18 42 
18 42 59 
18 42 59 67 
18 42 59 65 66 
18 40 71 
18 40 69 70 
18 40 59 69 
18 40 59 67 68 
18 40 44 
18 40 42 59 
18 31 59 67 
18 31 59 67 69 
18 31 59 67 68 
18 31 59 65 66 
18 31 59 65 66 69 
18 31 59 65 66 67 68 
18 31 42 59 67 
18 31 42 59 65 66 
18 31 40 59 
18 31 40 59 69 
18 31 40 59 67 68 
18 31 40 42 59 
18 23 67 
18 23 59 67 
18 23 59 65 
18 23 59 65 66 
18 23 40 59 
14 59 62 69 71 
14 59 62 69 71 73 
14 59 62 69 71 72 
14 59 62 69 70 
14 59 62 69 70 73 
14 59 62 69 70 71 72 
14 59 62 67 68 71 
14 59 62 67 68 71 73 
14 59 62 67 68 71 72 
14 59 62 67 68 69 70 
14 59 62 67 68 69 70 73 
14 59 62 67 68 69 70 71 72 
14 59 60 61 69 71 
14 59 60 61 69 71 73 
14 59 60 61 69 71 72 
14 59 60 61 69 70 
14 59 60 61 69 70 73 
14 59 60 61 69 70 71 72 
14 59 60 61 67 68 71 
14 59 60 61 67 68 71 73 
14 59 60 61 67 68 71 72 
14 59 60 61 67 68 69 70 
14 59 60 61 67 68 69 70 73 
14 59 60 61 67 68 69 70 71 72 
14 57 64 71 73 
14 57 64 71 72 
14 57 64 69 70 73 
14 57 64 69 70 71 72 
14 57 62 63 71 73 
14 57 62 63 71 72 
14 57 62 63 69 70 73 
14 57 62 63 69 70 71 72 
14 57 59 62 71 73 
14 57 59 62 71 72 
14 57 59 62 69 70 73 
14 57 59 62 69 70 71 72 
14 57 59 60 61 71 73 
14 57 59 60 61 71 72 
14 57 59 60 61 69 70 73 
14 57 59 60 61 69 70 71 72 
14 55 57 59 62 71 73 
14 55 57 59 62 71 72 
14 55 57 59 62 69 70 73 
14 55 57 59 62 69 70 71 72 
14 55 57 59 60 61 71 73 
14 55 57 59 60 61 71 72 
14 55 57 59 60 61 69 70 73 
14 55 57 59 60 61 69 70 71 72 
14 47 59 62 69 71 
14 47 59 62 69 71 73 
14 47 59 62 69 71 72 
14 47 59 62 69 70 
14 47 59 62 69 70 73 
14 47 59 62 69 70 71 72 
14 47 59 62 67 68 71 
14 47 59 62 67 68 71 73 
14 47 59 62 67 68 71 72 
14 47 59 62 67 68 69 70 
14 47 59 62 67 68 69 70 73 
14 47 59 62 67 68 69 70 71 72 
14 47 59 60 61 69 71 
14 47 59 60 61 69 71 73 
14 47 59 60 61 69 71 72 
14 47 59 60 61 69 70 
14 47 59 60 61 69 70 73 
14 47 59 60 61 69 70 71 72 
14 47 59 60 61 67 68 71 
14 47 59 60 61 67 68 71 73 
14 47 59 60 61 67 68 71 72 
14 47 59 60 61 67 68 69 70 
14 47 59 60 61 67 68 69 70 73 
14 47 59 60 61 67 68 69 70 71 72 
14 47 55 59 62 71 73 
14 47 55 59 62 71 72 
14 47 55 59 62 69 70 73 
14 47 55 59 62 69 70 71 72 
14 47 55 59 60 61 71 73 
14 47 55 59 60 61 71 72 
14 47 55 59 60 61 69 70 73 
14 47 55 59 60 61 69 70 71 72 
14 47 55 57 59 62 71 73 
14 47 55 57 59 62 71 72 
14 47 55 57 59 62 69 70 73 
14 47 55 57 59 62 69 70 71 72 
14 47 55 57 59 60 61 71 73 
14 47 55 57 59 60 61 71 72 
14 47 55 57 59 60 61 69 70 73 
14 47 55 57 59 60 61 69 70 71 72 
14 46 59 62 69 71 
14 46 59 62 69 70 
14 46 59 62 67 68 71 
14 46 59 62 67 68 69 70 
14 46 59 60 61 69 71 
14 46 59 60 61 69 70 
14 46 59 60 61 67 68 71 
14 46 59 60 61 67 68 69 70 
14 46 57 64 71 
14 46 57 64 69 70 
14 46 57 62 63 71 
14 46 57 62 63 69 70 
14 46 57 59 62 71 
14 46 57 59 62 69 70 
14 46 57 59 60 61 71 
14 46 57 59 60 61 69 70 
14 46 55 57 59 62 71 
14 46 55 57 59 62 69 70 
14 46 55 57 59 60 61 71 
14 46 55 57 59 60 61 69 70 
14 46 47 59 62 69 71 
14 46 47 59 62 69 70 
14 46 47 59 62 67 68 71 
14 46 47 59 62 67 68 69 70 
14 46 47 59 60 61 69 71 
14 46 47 59 60 61 69 70 
14 46 47 59 60 61 67 68 71 
14 46 47 59 60 61 67 68 69 70 
14 46 47 55 59 62 71 
14 46 47 55 59 62 69 70 
14 46 47 55 59 60 61 71 
14 46 47 55 59 60 61 69 70 
14 46 47 55 57 59 62 71 
14 46 47 55 57 59 62 69 70 
14 46 47 55 57 59 60 61 71 
14 46 47 55 57 59 60 61 69 70 
14 45 46 59 62 69 71 73 
14 45 46 59 62 69 71 72 
14 45 46 59 62 69 70 73 
14 45 46 59 62 69 70 71 72 
14 45 46 59 62 67 68 71 73 
14 45 46 59 62 67 68 71 72 
14 45 46 59 62 67 68 69 70 73 
14 45 46 59 62 67 68 69 70 71 72 
14 45 46 59 60 61 69 71 73 
14 45 46 59 60 61 69 71 72 
14 45 46 59 60 61 69 70 73 
14 45 46 59 60 61 69 70 71 72 
14 45 46 59 60 61 67 68 71 73 
14 45 46 59 60 61 67 68 71 72 
14 45 46 59 60 61 67 68 69 70 73 
14 45 46 59 60 61 67 68 69 70 71 72 
14 45 46 55 59 62 71 
14 45 46 55 59 62 71 73 
14 45 46 55 59 62 71 72 
14 45 46 55 59 62 69 70 
14 45 46 55 59 62 69 70 73 
14 45 46 55 59 62 69 70 71 72 
14 45 46 55 59 60 61 71 
14 45 46 55 59 60 61 71 73 
14 45 46 55 59 60 61 71 72 
14 45 46 55 59 60 61 69 70 
14 45 46 55 59 60 61 69 70 73 
14 45 46 55 59 60 61 69 70 71 72 
14 45 46 55 57 59 62 71 
14 45 46 55 57 59 62 71 73 
14 45 46 55 57 59 62 71 72 
14 45 46 55 57 59 62 69 70 
14 45 46 55 57 59 62 69 70 73 
14 45 46 55 57 59 62 69 70 71 72 
14 45 46 55 57 59 60 61 71 
14 45 46 55 57 59 60 61 71 73 
14 45 46 55 57 59 60 61 71 72 
14 45 46 55 57 59 60 61 69 70 
14 45 46 55 57 59 60 61 69 70 73 
14 45 46 55 57 59 60 61 69 70 71 72 
14 44 59 62 69 
14 44 59 62 69 73 
14 44 59 62 69 71 72 
14 44 59 62 67 68 
14 44 59 62 67 68 73 
14 44 59 62 67 68 71 72 
14 44 59 60 61 69 
14 44 59 60 61 69 73 
14 44 59 60 61 69 71 72 
14 44 59 60 61 67 68 
14 44 59 60 61 67 68 73 
14 44 59 60 61 67 68 71 72 
14 44 57 64 73 
14 44 57 64 71 72 
14 44 57 62 63 73 
14 44 57 62 63 71 72 
14 44 57 59 62 73 
14 44 57 59 62 71 72 
14 44 57 59 60 61 73 
14 44 57 59 60 61 71 72 
14 44 55 57 59 62 73 
14 44 55 57 59 62 71 72 
14 44 55 57 59 60 61 73 
14 44 55 57 59 60 61 71 72 
14 44 47 59 62 69 
14 44 47 59 62 69 73 
14 44 47 59 62 69 71 72 
14 44 47 59 62 67 68 
14 44 47 59 62 67 68 73 
14 44 47 59 62 67 68 71 72 
14 44 47 59 60 61 69 
14 44 47 59 60 61 69 73 
14 44 47 59 60 61 69 71 72 
14 44 47 59 60 61 67 68 
14 44 47 59 60 61 67 68 73 
14 44 47 59 60 61 67 68 71 72 
14 44 47 55 59 62 73 
14 44 47 55 59 62 71 72 
14 44 47 55 59 60 61 73 
14 44 47 55 59 60 61 71 72 
14 44 47 55 57 59 62 73 
14 44 47 55 57 59 62 71 72 
14 44 47 55 57 59 60 61 73 
14 44 47 55 57 59 60 61 71 72 
14 44 46 59 62 69 
14 44 46 59 62 67 68 
14 44 46 59 60 61 69 
14 44 46 59 60 61 67 68 
14 44 46 57 64 
14 44 46 57 62 63 
14 44 46 57 59 62 
14 44 46 57 59 60 61 
14 44 46 55 57 59 62 
14 44 46 55 57 59 60 61 
14 44 46 47 59 62 69 
14 44 46 47 59 62 67 68 
14 44 46 47 59 60 61 69 
14 44 46 47 59 60 61 67 68 
14 44 46 47 55 59 62 
14 44 46 47 55 59 60 61 
14 44 46 47 55 57 59 62 
14 44 46 47 55 57 59 60 61 
14 44 45 46 59 62 69 73 
14 44 45 46 59 62 69 71 72 
14 44 45 46 59 62 67 68 73 
14 44 45 46 59 62 67 68 71 72 
14 44 45 46 59 60 61 69 73 
14 44 45 46 59 60 61 69 71 72 
14 44 45 46 59 60 61 67 68 73 
14 44 45 46 59 60 61 67 68 71 72 
14 44 45 46 55 59 62 
14 44 45 46 55 59 62 73 
14 44 45 46 55 59 62 71 72 
14 44 45 46 55 59 60 61 
14 44 45 46 55 59 60 61 73 
14 44 45 46 55 59 60 61 71 72 
14 44 45 46 55 57 59 62 
14 44 45 46 55 57 59 62 73 
14 44 45 46 55 57 59 62 71 72 
14 44 45 46 55 57 59 60 61 
14 44 45 46 55 57 59 60 61 73 
14 44 45 46 55 57 59 60 61 71 72 
14 42 59 62 71 
14 42 59 62 71 73 
14 42 59 62 71 72 
14 42 59 62 69 70 
14 42 59 62 69 70 73 
14 42 59 62 69 70 71 72 
14 42 59 60 61 71 
14 42 59 60 61 71 73 
14 42 59 60 61 71 72 
14 42 59 60 61 69 70 
14 42 59 60 61 69 70 73 
14 42 59 60 61 69 70 71 72 
14 42 47 59 62 71 
14 42 47 59 62 71 73 
14 42 47 59 62 71 72 
14 42 47 59 62 69 70 
14 42 47 59 62 69 70 73 
14 42 47 59 62 69 70 71 72 
14 42 47 59 60 61 71 
14 42 47 59 60 61 71 73 
14 42 47 59 60 61 71 72 
14 42 47 59 60 61 69 70 
14 42 47 59 60 61 69 70 73 
14 42 47 59 60 61 69 70 71 72 
14 42 46 59 62 71 
14 42 46 59 62 69 70 
14 42 46 59 60 61 71 
14 42 46 59 60 61 69 70 
14 42 46 47 59 62 71 
14 42 46 47 59 62 69 70 
14 42 46 47 59 60 61 71 
14 42 46 47 59 60 61 69 70 
14 42 45 46 59 62 71 73 
14 42 45 46 59 62 71 72 
14 42 45 46 59 62 69 70 73 
14 42 45 46 59 62 69 70 71 72 
14 42 45 46 59 60 61 71 73 
14 42 45 46 59 60 61 71 72 
14 42 45 46 59 60 61 69 70 73 
14 42 45 46 59 60 61 69 70 71 72 
14 42 44 59 62 
14 42 44 59 62 73 
14 42 44 59 62 71 72 
14 42 44 59 60 61 
14 42 44 59 60 61 73 
14 42 44 59 60 61 71 72 
14 42 44 47 59 62 
14 42 44 47 59 62 73 
14 42 44 47 59 62 71 72 
14 42 44 47 59 60 61 
14 42 44 47 59 60 61 73 
14 42 44 47 59 60 61 71 72 
14 42 44 46 59 62 
14 42 44 46 59 60 61 
14 42 44 46 47 59 62 
14 42 44 46 47 59 60 61 
14 42 44 45 46 59 62 73 
14 42 44 45 46 59 62 71 72 
14 42 44 45 46 59 60 61 73 
14 42 44 45 46 59 60 61 71 72 
14 37 57 71 73 
14 37 57 71 72 
14 37 57 69 70 73 
14 37 57 69 70 71 72 
14 37 46 57 71 
14 37 46 57 69 70 
14 37 44 57 73 
14 37 44 57 71 72 
14 37 44 46 57 
14 35 59 69 71 
14 35 59 69 71 73 
14 35 59 69 71 72 
14 35 59 69 70 
14 35 59 69 70 73 
14 35 59 69 70 71 72 
14 35 59 67 68 71 
14 35 59 67 68 71 73 
14 35 59 67 68 71 72 
14 35 59 67 68 69 70 
14 35 59 67 68 69 70 73 
14 35 59 67 68 69 70 71 72 
14 35 57 59 71 73 
14 35 57 59 71 72 
14 35 57 59 69 70 73 
14 35 57 59 69 70 71 72 
14 35 55 57 59 71 73 
14 35 55 57 59 71 72 
14 35 55 57 59 69 70 73 
14 35 55 57 59 69 70 71 72 
14 35 47 59 69 71 
14 35 47 59 69 71 73 
14 35 47 59 69 71 72 
14 35 47 59 69 70 
14 35 47 59 69 70 73 
14 35 47 59 69 70 71 72 
14 35 47 59 67 68 71 
14 35 47 59 67 68 71 73 
14 35 47 59 67 68 71 72 
14 35 47 59 67 68 69 70 
14 35 47 59 67 68 69 70 73 
14 35 47 59 67 68 69 70 71 72 
14 35 47 55 59 71 73 
14 35 47 55 59 71 72 
14 35 47 55 59 69 70 73 
14 35 47 55 59 69 70 71 72 
14 35 47 55 57 59 71 73 
14 35 47 55 57 59 71 72 
14 35 47 55 57 59 69 70 73 
14 35 47 55 57 59 69 70 71 72 
14 35 46 59 69 71 
14 35 46 59 69 70 
14 35 46 59 67 68 71 
14 35 46 59 67 68 69 70 
14 35 46 57 59 71 
14 35 46 57 59 69 70 
14 35 46 55 57 59 71 
14 35 46 55 57 59 69 70 
14 35 46 47 59 69 71 
14 35 46 47 59 69 70 
14 35 46 47 59 67 68 71 
14 35 46 47 59 67 68 69 70 
14 35 46 47 55 59 71 
14 35 46 47 55 59 69 70 
14 35 46 47 55 57 59 71 
14 35 46 47 55 57 59 69 70 
14 35 45 46 59 69 71 73 
14 35 45 46 59 69 71 72 
14 35 45 46 59 69 70 73 
14 35 45 46 59 69 70 71 72 
14 35 45 46 59 67 68 71 73 
14 35 45 46 59 67 68 71 72 
14 35 45 46 59 67 68 69 70 73 
14 35 45 46 59 67 68 69 70 71 72 
14 35 45 46 55 59 71 
14 35 45 46 55 59 71 73 
14 35 45 46 55 59 71 72 
14 35 45 46 55 59 69 70 
14 35 45 46 55 59 69 70 73 
14 35 45 46 55 59 69 70 71 72 
14 35 45 46 55 57 59 71 
14 35 45 46 55 57 59 71 73 
14 35 45 46 55 57 59 71 72 
14 35 45 46 55 57 59 69 70 
14 35 45 46 55 57 59 69 70 73 
14 35 45 46 55 57 59 69 70 71 72 
14 35 44 59 69 
14 35 44 59 69 73 
14 35 44 59 69 71 72 
14 35 44 59 67 68 
14 35 44 59 67 68 73 
14 35 44 59 67 68 71 72 
14 35 44 57 59 73 
14 35 44 57 59 71 72 
14 35 44 55 57 59 73 
14 35 44 55 57 59 71 72 
14 35 44 47 59 69 
14 35 44 47 59 69 73 
14 35 44 47 59 69 71 72 
14 35 44 47 59 67 68 
14 35 44 47 59 67 68 73 
14 35 44 47 59 67 68 71 72 
14 35 44 47 55 59 73 
14 35 44 47 55 59 71 72 
14 35 44 47 55 57 59 73 
14 35 44 47 55 57 59 71 72 
14 35 44 46 59 69 
14 35 44 46 59 67 68 
14 35 44 46 57 59 
14 35 44 46 55 57 59 
14 35 44 46 47 59 69 
14 35 44 46 47 59 67 68 
14 35 44 46 47 55 59 
14 35 44 46 47 55 57 59 
14 35 44 45 46 59 69 73 
14 35 44 45 46 59 69 71 72 
14 35 44 45 46 59 67 68 73 
14 35 44 45 46 59 67 68 71 72 
14 35 44 45 46 55 59 
14 35 44 45 46 55 59 73 
14 35 44 45 46 55 59 71 72 
14 35 44 45 46 55 57 59 
14 35 44 45 46 55 57 59 73 
14 35 44 45 46 55 57 59 71 72 
14 35 42 59 71 
14 35 42 59 71 73 
14 35 42 59 71 72 
14 35 42 59 69 70 
14 35 42 59 69 70 73 
14 35 42 59 69 70 71 72 
14 35 42 47 59 71 
14 35 42 47 59 71 73 
14 35 42 47 59 71 72 
14 35 42 47 59 69 70 
14 35 42 47 59 69 70 73 
14 35 42 47 59 69 70 71 72 
14 35 42 46 59 71 
14 35 42 46 59 69 70 
14 35 42 46 47 59 71 
14 35 42 46 47 59 69 70 
14 35 42 45 46 59 71 73 
14 35 42 45 46 59 71 72 
14 35 42 45 46 59 69 70 73 
14 35 42 45 46 59 69 70 71 72 
14 35 42 44 59 
14 35 42 44 59 73 
14 35 42 44 59 71 72 
14 35 42 44 47 59 
14 35 42 44 47 59 73 
14 35 42 44 47 59 71 72 
14 35 42 44 46 59 
14 35 42 44 46 47 59 
14 35 42 44 45 46 59 73 
14 35 42 44 45 46 59 71 72 
14 20 59 62 69 71 
14 20 59 62 69 71 73 
14 20 59 62 69 71 72 
14 20 59 62 69 70 
14 20 59 62 69 70 73 
14 20 59 62 69 70 71 72 
14 20 59 62 67 68 71 
14 20 59 62 67 68 71 73 
14 20 59 62 67 68 71 72 
14 20 59 62 67 68 69 70 
14 20 59 62 67 68 69 70 73 
14 20 59 62 67 68 69 70 71 72 
14 20 59 60 61 69 71 
14 20 59 60 61 69 71 73 
14 20 59 60 61 69 71 72 
14 20 59 60 61 69 70 
14 20 59 60 61 69 70 73 
14 20 59 60 61 69 70 71 72 
14 20 59 60 61 67 68 71 
14 20 59 60 61 67 68 71 73 
14 20 59 60 61 67 68 71 72 
14 20 59 60 61 67 68 69 70 
14 20 59 60 61 67 68 69 70 73 
14 20 59 60 61 67 68 69 70 71 72 
14 20 55 59 62 71 73 
14 20 55 59 62 71 72 
14 20 55 59 62 69 70 73 
14 20 55 59 62 69 70 71 72 
14 20 55 59 60 61 71 73 
14 20 55 59 60 61 71 72 
14 20 55 59 60 61 69 70 73 
14 20 55 59 60 61 69 70 71 72 
14 20 55 57 59 62 71 73 
14 20 55 57 59 62 71 72 
14 20 55 57 59 62 69 70 73 
14 20 55 57 59 62 69 70 71 72 
14 20 55 57 59 60 61 71 73 
14 20 55 57 59 60 61 71 72 
14 20 55 57 59 60 61 69 70 73 
14 20 55 57 59 60 61 69 70 71 72 
14 20 46 59 62 69 71 
14 20 46 59 62 69 70 
14 20 46 59 62 67 68 71 
14 20 46 59 62 67 68 69 70 
14 20 46 59 60 61 69 71 
14 20 46 59 60 61 69 70 
14 20 46 59 60 61 67 68 71 
14 20 46 59 60 61 67 68 69 70 
14 20 46 55 59 62 71 
14 20 46 55 59 62 69 70 
14 20 46 55 59 60 61 71 
14 20 46 55 59 60 61 69 70 
14 20 46 55 57 59 62 71 
14 20 46 55 57 59 62 69 70 
14 20 46 55 57 59 60 61 71 
14 20 46 55 57 59 60 61 69 70 
14 20 44 59 62 69 
14 20 44 59 62 69 73 
14 20 44 59 62 69 71 72 
14 20 44 59 62 67 68 
14 20 44 59 62 67 68 73 
14 20 44 59 62 67 68 71 72 
14 20 44 59 60 61 69 
14 20 44 59 60 61 69 73 
14 20 44 59 60 61 69 71 72 
14 20 44 59 60 61 67 68 
14 20 44 59 60 61 67 68 73 
14 20 44 59 60 61 67 68 71 72 
14 20 44 55 59 62 73 
14 20 44 55 59 62 71 72 
14 20 44 55 59 60 61 73 
14 20 44 55 59 60 61 71 72 
14 20 44 55 57 59 62 73 
14 20 44 55 57 59 62 71 72 
14 20 44 55 57 59 60 61 73 
14 20 44 55 57 59 60 61 71 72 
14 20 44 46 59 62 69 
14 20 44 46 59 62 67 68 
14 20 44 46 59 60 61 69 
14 20 44 46 59 60 61 67 68 
14 20 44 46 55 59 62 
14 20 44 46 55 59 60 61 
14 20 44 46 55 57 59 62 
14 20 44 46 55 57 59 60 61 
14 20 42 59 62 71 
14 20 42 59 62 71 73 
14 20 42 59 62 71 72 
14 20 42 59 62 69 70 
14 20 42 59 62 69 70 73 
14 20 42 59 62 69 70 71 72 
14 20 42 59 60 61 71 
14 20 42 59 60 61 71 73 
14 20 42 59 60 61 71 72 
14 20 42 59 60 61 69 70 
14 20 42 59 60 61 69 70 73 
14 20 42 59 60 61 69 70 71 72 
14 20 42 46 59 62 71 
14 20 42 46 59 62 69 70 
14 20 42 46 59 60 61 71 
14 20 42 46 59 60 61 69 70 
14 20 42 44 59 62 
14 20 42 44 59 62 73 
14 20 42 44 59 62 71 72 
14 20 42 44 59 60 61 
14 20 42 44 59 60 61 73 
14 20 42 44 59 60 61 71 72 
14 20 42 44 46 59 62 
14 20 42 44 46 59 60 61 
14 20 35 59 69 71 
14 20 35 59 69 71 73 
14 20 35 59 69 71 72 
14 20 35 59 69 70 
14 20 35 59 69 70 73 
14 20 35 59 69 70 71 72 
14 20 35 59 67 68 71 
14 20 35 59 67 68 71 73 
14 20 35 59 67 68 71 72 
14 20 35 59 67 68 69 70 
14 20 35 59 67 68 69 70 73 
14 20 35 59 67 68 69 70 71 72 
14 20 35 55 59 71 73 
14 20 35 55 59 71 72 
14 20 35 55 59 69 70 73 
14 20 35 55 59 69 70 71 72 
14 20 35 55 57 59 71 73 
14 20 35 55 57 59 71 72 
14 20 35 55 57 59 69 70 73 
14 20 35 55 57 59 69 70 71 72 
14 20 35 46 59 69 71 
14 20 35 46 59 69 70 
14 20 35 46 59 67 68 71 
14 20 35 46 59 67 68 69 70 
14 20 35 46 55 59 71 
14 20 35 46 55 59 69 70 
14 20 35 46 55 57 59 71 
14 20 35 46 55 57 59 69 70 
14 20 35 44 59 69 
14 20 35 44 59 69 73 
14 20 35 44 59 69 71 72 
14 20 35 44 59 67 68 
14 20 35 44 59 67 68 73 
14 20 35 44 59 67 68 71 72 
14 20 35 44 55 59 73 
14 20 35 44 55 59 71 72 
14 20 35 44 55 57 59 73 
14 20 35 44 55 57 59 71 72 
14 20 35 44 46 59 69 
14 20 35 44 46 59 67 68 
14 20 35 44 46 55 59 
14 20 35 44 46 55 57 59 
14 20 35 42 59 71 
14 20 35 42 59 71 73 
14 20 35 42 59 71 72 
14 20 35 42 59 69 70 
14 20 35 42 59 69 70 73 
14 20 35 42 59 69 70 71 72 
14 20 35 42 46 59 71 
14 20 35 42 46 59 69 70 
14 20 35 42 44 59 
14 20 35 42 44 59 73 
14 20 35 42 44 59 71 72 
14 20 35 42 44 46 59 
11 67 
11 65 66 
11 59 
11 40 
11 23 59 
8 67 
8 65 67 71 
8 65 67 69 70 
8 65 66 
8 65 66 71 
8 65 66 69 70 
8 59 67 78 79 
8 59 65 66 78 79 
8 55 59 67 
8 55 59 65 66 
8 53 59 67 
8 53 59 65 66 
8 44 65 67 
8 44 65 66 
8 40 
8 40 65 71 
8 40 65 69 70 
8 40 59 78 79 
8 40 55 59 
8 40 53 59 
8 40 44 65 
7 
5 
5 67 
5 59 
5 59 67 
5 59 65 67 
5 40 59 
5 40 59 65 
5 23 59 
5 23 59 67 
5 23 59 65 66 
5 23 40 59 
2 59 
2 23 59 
