79 
77 78 
57 60 71 73 
57 60 71 72 
57 60 69 70 73 
57 60 69 70 71 72 
57 59 60 71 73 
57 59 60 71 72 
57 59 60 69 70 73 
57 59 60 69 70 71 72 
55 59 71 73 77 
55 59 71 73 75 76 
55 59 71 72 77 
55 59 71 72 75 76 
55 59 69 70 73 77 
55 59 69 70 73 75 76 
55 59 69 70 71 72 77 
55 59 69 70 71 72 75 76 
55 57 71 73 77 
55 57 71 73 75 76 
55 57 71 72 77 
55 57 71 72 75 76 
55 57 69 70 73 77 
55 57 69 70 73 75 76 
55 57 69 70 71 72 77 
55 57 69 70 71 72 75 76 
52 
50 55 59 71 73 
50 55 59 71 72 
50 55 59 69 70 73 
50 55 59 69 70 71 72 
50 55 57 71 73 
50 55 57 71 72 
50 55 57 69 70 73 
50 55 57 69 70 71 72 
46 57 60 71 
46 57 60 69 70 
46 57 59 60 71 
46 57 59 60 69 70 
46 55 59 71 77 
46 55 59 71 75 76 
46 55 59 69 70 77 
46 55 59 69 70 75 76 
46 55 57 71 77 
46 55 57 71 75 76 
46 55 57 69 70 77 
46 55 57 69 70 75 76 
46 50 55 59 71 
46 50 55 59 69 70 
46 50 55 57 71 
46 50 55 57 69 70 
44 57 60 73 
44 57 60 71 72 
44 57 59 60 73 
44 57 59 60 71 72 
44 55 59 73 77 
44 55 59 73 75 76 
44 55 59 71 72 77 
44 55 59 71 72 75 76 
44 55 57 73 77 
44 55 57 73 75 76 
44 55 57 71 72 77 
44 55 57 71 72 75 76 
44 50 55 59 73 
44 50 55 59 71 72 
44 50 55 57 73 
44 50 55 57 71 72 
44 46 57 60 
44 46 57 59 60 
44 46 55 59 77 
44 46 55 59 75 76 
44 46 55 57 77 
44 46 55 57 75 76 
44 46 50 55 59 
44 46 50 55 57 
33 57 71 73 
33 57 71 72 
33 57 69 70 73 
33 57 69 70 71 72 
33 57 59 71 73 
33 57 59 71 72 
33 57 59 69 70 73 
33 57 59 69 70 71 72 
33 46 57 71 
33 46 57 69 70 
33 46 57 59 71 
33 46 57 59 69 70 
33 44 57 73 
33 44 57 71 72 
33 44 57 59 73 
33 44 57 59 71 72 
33 44 46 57 
33 44 46 57 59 
28 55 59 64 69 71 73 
28 55 59 64 69 71 72 
28 55 59 64 69 70 73 
28 55 59 64 69 70 71 72 
28 55 59 64 67 68 71 73 
28 55 59 64 67 68 71 72 
28 55 59 64 67 68 69 70 73 
28 55 59 64 67 68 69 70 71 72 
28 55 59 62 63 69 71 73 
28 55 59 62 63 69 71 72 
28 55 59 62 63 69 70 73 
28 55 59 62 63 69 70 71 72 
28 55 59 62 63 67 68 71 73 
28 55 59 62 63 67 68 71 72 
28 55 59 62 63 67 68 69 70 73 
28 55 59 62 63 67 68 69 70 71 72 
28 46 55 59 64 69 71 
28 46 55 59 64 69 70 
28 46 55 59 64 67 68 71 
28 46 55 59 64 67 68 69 70 
28 46 55 59 62 63 69 71 
28 46 55 59 62 63 69 70 
28 46 55 59 62 63 67 68 71 
28 46 55 59 62 63 67 68 69 70 
28 44 55 59 64 69 73 
28 44 55 59 64 69 71 72 
28 44 55 59 64 67 68 73 
28 44 55 59 64 67 68 71 72 
28 44 55 59 62 63 69 73 
28 44 55 59 62 63 69 71 72 
28 44 55 59 62 63 67 68 73 
28 44 55 59 62 63 67 68 71 72 
28 44 46 55 59 64 69 
28 44 46 55 59 64 67 68 
28 44 46 55 59 62 63 69 
28 44 46 55 59 62 63 67 68 
28 42 55 59 64 71 73 
28 42 55 59 64 71 72 
28 42 55 59 64 69 70 73 
28 42 55 59 64 69 70 71 72 
28 42 55 59 62 63 71 73 
28 42 55 59 62 63 71 72 
28 42 55 59 62 63 69 70 73 
28 42 55 59 62 63 69 70 71 72 
28 42 46 55 59 64 71 
28 42 46 55 59 64 69 70 
28 42 46 55 59 62 63 71 
28 42 46 55 59 62 63 69 70 
28 42 44 55 59 64 73 
28 42 44 55 59 64 71 72 
28 42 44 55 59 62 63 73 
28 42 44 55 59 62 63 71 72 
28 42 44 46 55 59 64 
28 42 44 46 55 59 62 63 
28 39 55 59 64 69 71 73 
28 39 55 59 64 69 71 72 
28 39 55 59 64 69 70 73 
28 39 55 59 64 69 70 71 72 
28 39 55 59 64 67 68 71 73 
28 39 55 59 64 67 68 71 72 
28 39 55 59 64 67 68 69 70 73 
28 39 55 59 64 67 68 69 70 71 72 
28 39 55 59 62 63 69 71 73 
28 39 55 59 62 63 69 71 72 
28 39 55 59 62 63 69 70 73 
28 39 55 59 62 63 69 70 71 72 
28 39 55 59 62 63 67 68 71 73 
28 39 55 59 62 63 67 68 71 72 
28 39 55 59 62 63 67 68 69 70 73 
28 39 55 59 62 63 67 68 69 70 71 72 
28 39 46 55 59 64 69 71 
28 39 46 55 59 64 69 70 
28 39 46 55 59 64 67 68 71 
28 39 46 55 59 64 67 68 69 70 
28 39 46 55 59 62 63 69 71 
28 39 46 55 59 62 63 69 70 
28 39 46 55 59 62 63 67 68 71 
28 39 46 55 59 62 63 67 68 69 70 
28 39 44 55 59 64 69 73 
28 39 44 55 59 64 69 71 72 
28 39 44 55 59 64 67 68 73 
28 39 44 55 59 64 67 68 71 72 
28 39 44 55 59 62 63 69 73 
28 39 44 55 59 62 63 69 71 72 
28 39 44 55 59 62 63 67 68 73 
28 39 44 55 59 62 63 67 68 71 72 
28 39 44 46 55 59 64 69 
28 39 44 46 55 59 64 67 68 
28 39 44 46 55 59 62 63 69 
28 39 44 46 55 59 62 63 67 68 
28 39 42 55 59 64 71 73 
28 39 42 55 59 64 71 72 
28 39 42 55 59 64 69 70 73 
28 39 42 55 59 64 69 70 71 72 
28 39 42 55 59 62 63 71 73 
28 39 42 55 59 62 63 71 72 
28 39 42 55 59 62 63 69 70 73 
28 39 42 55 59 62 63 69 70 71 72 
28 39 42 46 55 59 64 71 
28 39 42 46 55 59 64 69 70 
28 39 42 46 55 59 62 63 71 
28 39 42 46 55 59 62 63 69 70 
28 39 42 44 55 59 64 73 
28 39 42 44 55 59 64 71 72 
28 39 42 44 55 59 62 63 73 
28 39 42 44 55 59 62 63 71 72 
28 39 42 44 46 55 59 64 
28 39 42 44 46 55 59 62 63 
28 37 55 59 69 71 73 
28 37 55 59 69 71 72 
28 37 55 59 69 70 73 
28 37 55 59 69 70 71 72 
28 37 55 59 67 68 71 73 
28 37 55 59 67 68 71 72 
28 37 55 59 67 68 69 70 73 
28 37 55 59 67 68 69 70 71 72 
28 37 46 55 59 69 71 
28 37 46 55 59 69 70 
28 37 46 55 59 67 68 71 
28 37 46 55 59 67 68 69 70 
28 37 44 55 59 69 73 
28 37 44 55 59 69 71 72 
28 37 44 55 59 67 68 73 
28 37 44 55 59 67 68 71 72 
28 37 44 46 55 59 69 
28 37 44 46 55 59 67 68 
28 37 42 55 59 71 73 
28 37 42 55 59 71 72 
28 37 42 55 59 69 70 73 
28 37 42 55 59 69 70 71 72 
28 37 42 46 55 59 71 
28 37 42 46 55 59 69 70 
28 37 42 44 55 59 73 
28 37 42 44 55 59 71 72 
28 37 42 44 46 55 59 
28 37 39 55 59 69 71 73 
28 37 39 55 59 69 71 72 
28 37 39 55 59 69 70 73 
28 37 39 55 59 69 70 71 72 
28 37 39 55 59 67 68 71 73 
28 37 39 55 59 67 68 71 72 
28 37 39 55 59 67 68 69 70 73 
28 37 39 55 59 67 68 69 70 71 72 
28 37 39 46 55 59 69 71 
28 37 39 46 55 59 69 70 
28 37 39 46 55 59 67 68 71 
28 37 39 46 55 59 67 68 69 70 
28 37 39 44 55 59 69 73 
28 37 39 44 55 59 69 71 72 
28 37 39 44 55 59 67 68 73 
28 37 39 44 55 59 67 68 71 72 
28 37 39 44 46 55 59 69 
28 37 39 44 46 55 59 67 68 
28 37 39 42 55 59 71 73 
28 37 39 42 55 59 71 72 
28 37 39 42 55 59 69 70 73 
28 37 39 42 55 59 69 70 71 72 
28 37 39 42 46 55 59 71 
28 37 39 42 46 55 59 69 70 
28 37 39 42 44 55 59 73 
28 37 39 42 44 55 59 71 72 
28 37 39 42 44 46 55 59 
28 37 38 55 59 69 71 73 
28 37 38 55 59 69 71 72 
28 37 38 55 59 69 70 73 
28 37 38 55 59 69 70 71 72 
28 37 38 55 59 67 68 71 73 
28 37 38 55 59 67 68 71 72 
28 37 38 55 59 67 68 69 70 73 
28 37 38 55 59 67 68 69 70 71 72 
28 37 38 55 59 64 69 71 73 
28 37 38 55 59 64 69 71 72 
28 37 38 55 59 64 69 70 73 
28 37 38 55 59 64 69 70 71 72 
28 37 38 55 59 64 67 68 71 73 
28 37 38 55 59 64 67 68 71 72 
28 37 38 55 59 64 67 68 69 70 73 
28 37 38 55 59 64 67 68 69 70 71 72 
28 37 38 55 59 62 63 69 71 73 
28 37 38 55 59 62 63 69 71 72 
28 37 38 55 59 62 63 69 70 73 
28 37 38 55 59 62 63 69 70 71 72 
28 37 38 55 59 62 63 67 68 71 73 
28 37 38 55 59 62 63 67 68 71 72 
28 37 38 55 59 62 63 67 68 69 70 73 
28 37 38 55 59 62 63 67 68 69 70 71 72 
28 37 38 46 55 59 69 71 
28 37 38 46 55 59 69 70 
28 37 38 46 55 59 67 68 71 
28 37 38 46 55 59 67 68 69 70 
28 37 38 46 55 59 64 69 71 
28 37 38 46 55 59 64 69 70 
28 37 38 46 55 59 64 67 68 71 
28 37 38 46 55 59 64 67 68 69 70 
28 37 38 46 55 59 62 63 69 71 
28 37 38 46 55 59 62 63 69 70 
28 37 38 46 55 59 62 63 67 68 71 
28 37 38 46 55 59 62 63 67 68 69 70 
28 37 38 44 55 59 69 73 
28 37 38 44 55 59 69 71 72 
28 37 38 44 55 59 67 68 73 
28 37 38 44 55 59 67 68 71 72 
28 37 38 44 55 59 64 69 73 
28 37 38 44 55 59 64 69 71 72 
28 37 38 44 55 59 64 67 68 73 
28 37 38 44 55 59 64 67 68 71 72 
28 37 38 44 55 59 62 63 69 73 
28 37 38 44 55 59 62 63 69 71 72 
28 37 38 44 55 59 62 63 67 68 73 
28 37 38 44 55 59 62 63 67 68 71 72 
28 37 38 44 46 55 59 69 
28 37 38 44 46 55 59 67 68 
28 37 38 44 46 55 59 64 69 
28 37 38 44 46 55 59 64 67 68 
28 37 38 44 46 55 59 62 63 69 
28 37 38 44 46 55 59 62 63 67 68 
28 37 38 42 55 59 71 73 
28 37 38 42 55 59 71 72 
28 37 38 42 55 59 69 70 73 
28 37 38 42 55 59 69 70 71 72 
28 37 38 42 55 59 64 71 73 
28 37 38 42 55 59 64 71 72 
28 37 38 42 55 59 64 69 70 73 
28 37 38 42 55 59 64 69 70 71 72 
28 37 38 42 55 59 62 63 71 73 
28 37 38 42 55 59 62 63 71 72 
28 37 38 42 55 59 62 63 69 70 73 
28 37 38 42 55 59 62 63 69 70 71 72 
28 37 38 42 46 55 59 71 
28 37 38 42 46 55 59 69 70 
28 37 38 42 46 55 59 64 71 
28 37 38 42 46 55 59 64 69 70 
28 37 38 42 46 55 59 62 63 71 
28 37 38 42 46 55 59 62 63 69 70 
28 37 38 42 44 55 59 73 
28 37 38 42 44 55 59 71 72 
28 37 38 42 44 55 59 64 73 
28 37 38 42 44 55 59 64 71 72 
28 37 38 42 44 55 59 62 63 73 
28 37 38 42 44 55 59 62 63 71 72 
28 37 38 42 44 46 55 59 
28 37 38 42 44 46 55 59 64 
28 37 38 42 44 46 55 59 62 63 
26 27 55 59 64 69 71 73 
26 27 55 59 64 69 71 72 
26 27 55 59 64 69 70 73 
26 27 55 59 64 69 70 71 72 
26 27 55 59 64 67 68 71 73 
26 27 55 59 64 67 68 71 72 
26 27 55 59 64 67 68 69 70 73 
26 27 55 59 64 67 68 69 70 71 72 
26 27 55 59 62 63 69 71 73 
26 27 55 59 62 63 69 71 72 
26 27 55 59 62 63 69 70 73 
26 27 55 59 62 63 69 70 71 72 
26 27 55 59 62 63 67 68 71 73 
26 27 55 59 62 63 67 68 71 72 
26 27 55 59 62 63 67 68 69 70 73 
26 27 55 59 62 63 67 68 69 70 71 72 
26 27 46 55 59 64 69 71 
26 27 46 55 59 64 69 70 
26 27 46 55 59 64 67 68 71 
26 27 46 55 59 64 67 68 69 70 
26 27 46 55 59 62 63 69 71 
26 27 46 55 59 62 63 69 70 
26 27 46 55 59 62 63 67 68 71 
26 27 46 55 59 62 63 67 68 69 70 
26 27 44 55 59 64 69 73 
26 27 44 55 59 64 69 71 72 
26 27 44 55 59 64 67 68 73 
26 27 44 55 59 64 67 68 71 72 
26 27 44 55 59 62 63 69 73 
26 27 44 55 59 62 63 69 71 72 
26 27 44 55 59 62 63 67 68 73 
26 27 44 55 59 62 63 67 68 71 72 
26 27 44 46 55 59 64 69 
26 27 44 46 55 59 64 67 68 
26 27 44 46 55 59 62 63 69 
26 27 44 46 55 59 62 63 67 68 
26 27 42 55 59 64 71 73 
26 27 42 55 59 64 71 72 
26 27 42 55 59 64 69 70 73 
26 27 42 55 59 64 69 70 71 72 
26 27 42 55 59 62 63 71 73 
26 27 42 55 59 62 63 71 72 
26 27 42 55 59 62 63 69 70 73 
26 27 42 55 59 62 63 69 70 71 72 
26 27 42 46 55 59 64 71 
26 27 42 46 55 59 64 69 70 
26 27 42 46 55 59 62 63 71 
26 27 42 46 55 59 62 63 69 70 
26 27 42 44 55 59 64 73 
26 27 42 44 55 59 64 71 72 
26 27 42 44 55 59 62 63 73 
26 27 42 44 55 59 62 63 71 72 
26 27 42 44 46 55 59 64 
26 27 42 44 46 55 59 62 63 
26 27 39 55 59 64 69 71 73 
26 27 39 55 59 64 69 71 72 
26 27 39 55 59 64 69 70 73 
26 27 39 55 59 64 69 70 71 72 
26 27 39 55 59 64 67 68 71 73 
26 27 39 55 59 64 67 68 71 72 
26 27 39 55 59 64 67 68 69 70 73 
26 27 39 55 59 64 67 68 69 70 71 72 
26 27 39 55 59 62 63 69 71 73 
26 27 39 55 59 62 63 69 71 72 
26 27 39 55 59 62 63 69 70 73 
26 27 39 55 59 62 63 69 70 71 72 
26 27 39 55 59 62 63 67 68 71 73 
26 27 39 55 59 62 63 67 68 71 72 
26 27 39 55 59 62 63 67 68 69 70 73 
26 27 39 55 59 62 63 67 68 69 70 71 72 
26 27 39 46 55 59 64 69 71 
26 27 39 46 55 59 64 69 70 
26 27 39 46 55 59 64 67 68 71 
26 27 39 46 55 59 64 67 68 69 70 
26 27 39 46 55 59 62 63 69 71 
26 27 39 46 55 59 62 63 69 70 
26 27 39 46 55 59 62 63 67 68 71 
26 27 39 46 55 59 62 63 67 68 69 70 
26 27 39 44 55 59 64 69 73 
26 27 39 44 55 59 64 69 71 72 
26 27 39 44 55 59 64 67 68 73 
26 27 39 44 55 59 64 67 68 71 72 
26 27 39 44 55 59 62 63 69 73 
26 27 39 44 55 59 62 63 69 71 72 
26 27 39 44 55 59 62 63 67 68 73 
26 27 39 44 55 59 62 63 67 68 71 72 
26 27 39 44 46 55 59 64 69 
26 27 39 44 46 55 59 64 67 68 
26 27 39 44 46 55 59 62 63 69 
26 27 39 44 46 55 59 62 63 67 68 
26 27 39 42 55 59 64 71 73 
26 27 39 42 55 59 64 71 72 
26 27 39 42 55 59 64 69 70 73 
26 27 39 42 55 59 64 69 70 71 72 
26 27 39 42 55 59 62 63 71 73 
26 27 39 42 55 59 62 63 71 72 
26 27 39 42 55 59 62 63 69 70 73 
26 27 39 42 55 59 62 63 69 70 71 72 
26 27 39 42 46 55 59 64 71 
26 27 39 42 46 55 59 64 69 70 
26 27 39 42 46 55 59 62 63 71 
26 27 39 42 46 55 59 62 63 69 70 
26 27 39 42 44 55 59 64 73 
26 27 39 42 44 55 59 64 71 72 
26 27 39 42 44 55 59 62 63 73 
26 27 39 42 44 55 59 62 63 71 72 
26 27 39 42 44 46 55 59 64 
26 27 39 42 44 46 55 59 62 63 
26 27 37 55 59 69 71 73 
26 27 37 55 59 69 71 72 
26 27 37 55 59 69 70 73 
26 27 37 55 59 69 70 71 72 
26 27 37 55 59 67 68 71 73 
26 27 37 55 59 67 68 71 72 
26 27 37 55 59 67 68 69 70 73 
26 27 37 55 59 67 68 69 70 71 72 
26 27 37 46 55 59 69 71 
26 27 37 46 55 59 69 70 
26 27 37 46 55 59 67 68 71 
26 27 37 46 55 59 67 68 69 70 
26 27 37 44 55 59 69 73 
26 27 37 44 55 59 69 71 72 
26 27 37 44 55 59 67 68 73 
26 27 37 44 55 59 67 68 71 72 
26 27 37 44 46 55 59 69 
26 27 37 44 46 55 59 67 68 
26 27 37 42 55 59 71 73 
26 27 37 42 55 59 71 72 
26 27 37 42 55 59 69 70 73 
26 27 37 42 55 59 69 70 71 72 
26 27 37 42 46 55 59 71 
26 27 37 42 46 55 59 69 70 
26 27 37 42 44 55 59 73 
26 27 37 42 44 55 59 71 72 
26 27 37 42 44 46 55 59 
26 27 37 39 55 59 69 71 73 
26 27 37 39 55 59 69 71 72 
26 27 37 39 55 59 69 70 73 
26 27 37 39 55 59 69 70 71 72 
26 27 37 39 55 59 67 68 71 73 
26 27 37 39 55 59 67 68 71 72 
26 27 37 39 55 59 67 68 69 70 73 
26 27 37 39 55 59 67 68 69 70 71 72 
26 27 37 39 46 55 59 69 71 
26 27 37 39 46 55 59 69 70 
26 27 37 39 46 55 59 67 68 71 
26 27 37 39 46 55 59 67 68 69 70 
26 27 37 39 44 55 59 69 73 
26 27 37 39 44 55 59 69 71 72 
26 27 37 39 44 55 59 67 68 73 
26 27 37 39 44 55 59 67 68 71 72 
26 27 37 39 44 46 55 59 69 
26 27 37 39 44 46 55 59 67 68 
26 27 37 39 42 55 59 71 73 
26 27 37 39 42 55 59 71 72 
26 27 37 39 42 55 59 69 70 73 
26 27 37 39 42 55 59 69 70 71 72 
26 27 37 39 42 46 55 59 71 
26 27 37 39 42 46 55 59 69 70 
26 27 37 39 42 44 55 59 73 
26 27 37 39 42 44 55 59 71 72 
26 27 37 39 42 44 46 55 59 
26 27 37 38 55 59 69 71 73 
26 27 37 38 55 59 69 71 72 
26 27 37 38 55 59 69 70 73 
26 27 37 38 55 59 69 70 71 72 
26 27 37 38 55 59 67 68 71 73 
26 27 37 38 55 59 67 68 71 72 
26 27 37 38 55 59 67 68 69 70 73 
26 27 37 38 55 59 67 68 69 70 71 72 
26 27 37 38 55 59 64 69 71 73 
26 27 37 38 55 59 64 69 71 72 
26 27 37 38 55 59 64 69 70 73 
26 27 37 38 55 59 64 69 70 71 72 
26 27 37 38 55 59 64 67 68 71 73 
26 27 37 38 55 59 64 67 68 71 72 
26 27 37 38 55 59 64 67 68 69 70 73 
26 27 37 38 55 59 64 67 68 69 70 71 72 
26 27 37 38 55 59 62 63 69 71 73 
26 27 37 38 55 59 62 63 69 71 72 
26 27 37 38 55 59 62 63 69 70 73 
26 27 37 38 55 59 62 63 69 70 71 72 
26 27 37 38 55 59 62 63 67 68 71 73 
26 27 37 38 55 59 62 63 67 68 71 72 
26 27 37 38 55 59 62 63 67 68 69 70 73 
26 27 37 38 55 59 62 63 67 68 69 70 71 72 
26 27 37 38 46 55 59 69 71 
26 27 37 38 46 55 59 69 70 
26 27 37 38 46 55 59 67 68 71 
26 27 37 38 46 55 59 67 68 69 70 
26 27 37 38 46 55 59 64 69 71 
26 27 37 38 46 55 59 64 69 70 
26 27 37 38 46 55 59 64 67 68 71 
26 27 37 38 46 55 59 64 67 68 69 70 
26 27 37 38 46 55 59 62 63 69 71 
26 27 37 38 46 55 59 62 63 69 70 
26 27 37 38 46 55 59 62 63 67 68 71 
26 27 37 38 46 55 59 62 63 67 68 69 70 
26 27 37 38 44 55 59 69 73 
26 27 37 38 44 55 59 69 71 72 
26 27 37 38 44 55 59 67 68 73 
26 27 37 38 44 55 59 67 68 71 72 
26 27 37 38 44 55 59 64 69 73 
26 27 37 38 44 55 59 64 69 71 72 
26 27 37 38 44 55 59 64 67 68 73 
26 27 37 38 44 55 59 64 67 68 71 72 
26 27 37 38 44 55 59 62 63 69 73 
26 27 37 38 44 55 59 62 63 69 71 72 
26 27 37 38 44 55 59 62 63 67 68 73 
26 27 37 38 44 55 59 62 63 67 68 71 72 
26 27 37 38 44 46 55 59 69 
26 27 37 38 44 46 55 59 67 68 
26 27 37 38 44 46 55 59 64 69 
26 27 37 38 44 46 55 59 64 67 68 
26 27 37 38 44 46 55 59 62 63 69 
26 27 37 38 44 46 55 59 62 63 67 68 
26 27 37 38 42 55 59 71 73 
26 27 37 38 42 55 59 71 72 
26 27 37 38 42 55 59 69 70 73 
26 27 37 38 42 55 59 69 70 71 72 
26 27 37 38 42 55 59 64 71 73 
26 27 37 38 42 55 59 64 71 72 
26 27 37 38 42 55 59 64 69 70 73 
26 27 37 38 42 55 59 64 69 70 71 72 
26 27 37 38 42 55 59 62 63 71 73 
26 27 37 38 42 55 59 62 63 71 72 
26 27 37 38 42 55 59 62 63 69 70 73 
26 27 37 38 42 55 59 62 63 69 70 71 72 
26 27 37 38 42 46 55 59 71 
26 27 37 38 42 46 55 59 69 70 
26 27 37 38 42 46 55 59 64 71 
26 27 37 38 42 46 55 59 64 69 70 
26 27 37 38 42 46 55 59 62 63 71 
26 27 37 38 42 46 55 59 62 63 69 70 
26 27 37 38 42 44 55 59 73 
26 27 37 38 42 44 55 59 71 72 
26 27 37 38 42 44 55 59 64 73 
26 27 37 38 42 44 55 59 64 71 72 
26 27 37 38 42 44 55 59 62 63 73 
26 27 37 38 42 44 55 59 62 63 71 72 
26 27 37 38 42 44 46 55 59 
26 27 37 38 42 44 46 55 59 64 
26 27 37 38 42 44 46 55 59 62 63 
23 55 59 71 73 77 
23 55 59 71 73 75 76 
23 55 59 71 72 77 
23 55 59 71 72 75 76 
23 55 59 69 70 73 77 
23 55 59 69 70 73 75 76 
23 55 59 69 70 71 72 77 
23 55 59 69 70 71 72 75 76 
23 55 57 71 73 77 
23 55 57 71 73 75 76 
23 55 57 71 72 77 
23 55 57 71 72 75 76 
23 55 57 69 70 73 77 
23 55 57 69 70 73 75 76 
23 55 57 69 70 71 72 77 
23 55 57 69 70 71 72 75 76 
23 50 55 59 71 73 
23 50 55 59 71 72 
23 50 55 59 69 70 73 
23 50 55 59 69 70 71 72 
23 50 55 57 71 73 
23 50 55 57 71 72 
23 50 55 57 69 70 73 
23 50 55 57 69 70 71 72 
23 46 55 59 71 77 
23 46 55 59 71 75 76 
23 46 55 59 69 70 77 
23 46 55 59 69 70 75 76 
23 46 55 57 71 77 
23 46 55 57 71 75 76 
23 46 55 57 69 70 77 
23 46 55 57 69 70 75 76 
23 46 50 55 59 71 
23 46 50 55 59 69 70 
23 46 50 55 57 71 
23 46 50 55 57 69 70 
23 44 55 59 73 77 
23 44 55 59 73 75 76 
23 44 55 59 71 72 77 
23 44 55 59 71 72 75 76 
23 44 55 57 73 77 
23 44 55 57 73 75 76 
23 44 55 57 71 72 77 
23 44 55 57 71 72 75 76 
23 44 50 55 59 73 
23 44 50 55 59 71 72 
23 44 50 55 57 73 
23 44 50 55 57 71 72 
23 44 46 55 59 77 
23 44 46 55 59 75 76 
23 44 46 55 57 77 
23 44 46 55 57 75 76 
23 44 46 50 55 59 
23 44 46 50 55 57 
12 28 55 59 64 69 71 73 
12 28 55 59 64 69 71 72 
12 28 55 59 64 69 70 73 
12 28 55 59 64 69 70 71 72 
12 28 55 59 64 67 68 71 73 
12 28 55 59 64 67 68 71 72 
12 28 55 59 64 67 68 69 70 73 
12 28 55 59 64 67 68 69 70 71 72 
12 28 55 59 62 63 69 71 73 
12 28 55 59 62 63 69 71 72 
12 28 55 59 62 63 69 70 73 
12 28 55 59 62 63 69 70 71 72 
12 28 55 59 62 63 67 68 71 73 
12 28 55 59 62 63 67 68 71 72 
12 28 55 59 62 63 67 68 69 70 73 
12 28 55 59 62 63 67 68 69 70 71 72 
12 28 46 55 59 64 69 71 
12 28 46 55 59 64 69 70 
12 28 46 55 59 64 67 68 71 
12 28 46 55 59 64 67 68 69 70 
12 28 46 55 59 62 63 69 71 
12 28 46 55 59 62 63 69 70 
12 28 46 55 59 62 63 67 68 71 
12 28 46 55 59 62 63 67 68 69 70 
12 28 44 55 59 64 69 73 
12 28 44 55 59 64 69 71 72 
12 28 44 55 59 64 67 68 73 
12 28 44 55 59 64 67 68 71 72 
12 28 44 55 59 62 63 69 73 
12 28 44 55 59 62 63 69 71 72 
12 28 44 55 59 62 63 67 68 73 
12 28 44 55 59 62 63 67 68 71 72 
12 28 44 46 55 59 64 69 
12 28 44 46 55 59 64 67 68 
12 28 44 46 55 59 62 63 69 
12 28 44 46 55 59 62 63 67 68 
12 28 42 55 59 64 71 73 
12 28 42 55 59 64 71 72 
12 28 42 55 59 64 69 70 73 
12 28 42 55 59 64 69 70 71 72 
12 28 42 55 59 62 63 71 73 
12 28 42 55 59 62 63 71 72 
12 28 42 55 59 62 63 69 70 73 
12 28 42 55 59 62 63 69 70 71 72 
12 28 42 46 55 59 64 71 
12 28 42 46 55 59 64 69 70 
12 28 42 46 55 59 62 63 71 
12 28 42 46 55 59 62 63 69 70 
12 28 42 44 55 59 64 73 
12 28 42 44 55 59 64 71 72 
12 28 42 44 55 59 62 63 73 
12 28 42 44 55 59 62 63 71 72 
12 28 42 44 46 55 59 64 
12 28 42 44 46 55 59 62 63 
12 28 37 55 59 69 71 73 
12 28 37 55 59 69 71 72 
12 28 37 55 59 69 70 73 
12 28 37 55 59 69 70 71 72 
12 28 37 55 59 67 68 71 73 
12 28 37 55 59 67 68 71 72 
12 28 37 55 59 67 68 69 70 73 
12 28 37 55 59 67 68 69 70 71 72 
12 28 37 46 55 59 69 71 
12 28 37 46 55 59 69 70 
12 28 37 46 55 59 67 68 71 
12 28 37 46 55 59 67 68 69 70 
12 28 37 44 55 59 69 73 
12 28 37 44 55 59 69 71 72 
12 28 37 44 55 59 67 68 73 
12 28 37 44 55 59 67 68 71 72 
12 28 37 44 46 55 59 69 
12 28 37 44 46 55 59 67 68 
12 28 37 42 55 59 71 73 
12 28 37 42 55 59 71 72 
12 28 37 42 55 59 69 70 73 
12 28 37 42 55 59 69 70 71 72 
12 28 37 42 46 55 59 71 
12 28 37 42 46 55 59 69 70 
12 28 37 42 44 55 59 73 
12 28 37 42 44 55 59 71 72 
12 28 37 42 44 46 55 59 
12 26 27 55 59 64 69 71 73 
12 26 27 55 59 64 69 71 72 
12 26 27 55 59 64 69 70 73 
12 26 27 55 59 64 69 70 71 72 
12 26 27 55 59 64 67 68 71 73 
12 26 27 55 59 64 67 68 71 72 
12 26 27 55 59 64 67 68 69 70 73 
12 26 27 55 59 64 67 68 69 70 71 72 
12 26 27 55 59 62 63 69 71 73 
12 26 27 55 59 62 63 69 71 72 
12 26 27 55 59 62 63 69 70 73 
12 26 27 55 59 62 63 69 70 71 72 
12 26 27 55 59 62 63 67 68 71 73 
12 26 27 55 59 62 63 67 68 71 72 
12 26 27 55 59 62 63 67 68 69 70 73 
12 26 27 55 59 62 63 67 68 69 70 71 72 
12 26 27 46 55 59 64 69 71 
12 26 27 46 55 59 64 69 70 
12 26 27 46 55 59 64 67 68 71 
12 26 27 46 55 59 64 67 68 69 70 
12 26 27 46 55 59 62 63 69 71 
12 26 27 46 55 59 62 63 69 70 
12 26 27 46 55 59 62 63 67 68 71 
12 26 27 46 55 59 62 63 67 68 69 70 
12 26 27 44 55 59 64 69 73 
12 26 27 44 55 59 64 69 71 72 
12 26 27 44 55 59 64 67 68 73 
12 26 27 44 55 59 64 67 68 71 72 
12 26 27 44 55 59 62 63 69 73 
12 26 27 44 55 59 62 63 69 71 72 
12 26 27 44 55 59 62 63 67 68 73 
12 26 27 44 55 59 62 63 67 68 71 72 
12 26 27 44 46 55 59 64 69 
12 26 27 44 46 55 59 64 67 68 
12 26 27 44 46 55 59 62 63 69 
12 26 27 44 46 55 59 62 63 67 68 
12 26 27 42 55 59 64 71 73 
12 26 27 42 55 59 64 71 72 
12 26 27 42 55 59 64 69 70 73 
12 26 27 42 55 59 64 69 70 71 72 
12 26 27 42 55 59 62 63 71 73 
12 26 27 42 55 59 62 63 71 72 
12 26 27 42 55 59 62 63 69 70 73 
12 26 27 42 55 59 62 63 69 70 71 72 
12 26 27 42 46 55 59 64 71 
12 26 27 42 46 55 59 64 69 70 
12 26 27 42 46 55 59 62 63 71 
12 26 27 42 46 55 59 62 63 69 70 
12 26 27 42 44 55 59 64 73 
12 26 27 42 44 55 59 64 71 72 
12 26 27 42 44 55 59 62 63 73 
12 26 27 42 44 55 59 62 63 71 72 
12 26 27 42 44 46 55 59 64 
12 26 27 42 44 46 55 59 62 63 
12 26 27 37 55 59 69 71 73 
12 26 27 37 55 59 69 71 72 
12 26 27 37 55 59 69 70 73 
12 26 27 37 55 59 69 70 71 72 
12 26 27 37 55 59 67 68 71 73 
12 26 27 37 55 59 67 68 71 72 
12 26 27 37 55 59 67 68 69 70 73 
12 26 27 37 55 59 67 68 69 70 71 72 
12 26 27 37 46 55 59 69 71 
12 26 27 37 46 55 59 69 70 
12 26 27 37 46 55 59 67 68 71 
12 26 27 37 46 55 59 67 68 69 70 
12 26 27 37 44 55 59 69 73 
12 26 27 37 44 55 59 69 71 72 
12 26 27 37 44 55 59 67 68 73 
12 26 27 37 44 55 59 67 68 71 72 
12 26 27 37 44 46 55 59 69 
12 26 27 37 44 46 55 59 67 68 
12 26 27 37 42 55 59 71 73 
12 26 27 37 42 55 59 71 72 
12 26 27 37 42 55 59 69 70 73 
12 26 27 37 42 55 59 69 70 71 72 
12 26 27 37 42 46 55 59 71 
12 26 27 37 42 46 55 59 69 70 
12 26 27 37 42 44 55 59 73 
12 26 27 37 42 44 55 59 71 72 
12 26 27 37 42 44 46 55 59 
1 55 59 64 69 71 73 
1 55 59 64 69 71 72 
1 55 59 64 69 70 73 
1 55 59 64 69 70 71 72 
1 55 59 64 67 68 71 73 
1 55 59 64 67 68 71 72 
1 55 59 64 67 68 69 70 73 
1 55 59 64 67 68 69 70 71 72 
1 55 59 62 63 69 71 73 
1 55 59 62 63 69 71 72 
1 55 59 62 63 69 70 73 
1 55 59 62 63 69 70 71 72 
1 55 59 62 63 67 68 71 73 
1 55 59 62 63 67 68 71 72 
1 55 59 62 63 67 68 69 70 73 
1 55 59 62 63 67 68 69 70 71 72 
1 46 55 59 64 69 71 
1 46 55 59 64 69 70 
1 46 55 59 64 67 68 71 
1 46 55 59 64 67 68 69 70 
1 46 55 59 62 63 69 71 
1 46 55 59 62 63 69 70 
1 46 55 59 62 63 67 68 71 
1 46 55 59 62 63 67 68 69 70 
1 44 55 59 64 69 73 
1 44 55 59 64 69 71 72 
1 44 55 59 64 67 68 73 
1 44 55 59 64 67 68 71 72 
1 44 55 59 62 63 69 73 
1 44 55 59 62 63 69 71 72 
1 44 55 59 62 63 67 68 73 
1 44 55 59 62 63 67 68 71 72 
1 44 46 55 59 64 69 
1 44 46 55 59 64 67 68 
1 44 46 55 59 62 63 69 
1 44 46 55 59 62 63 67 68 
1 42 55 59 64 71 73 
1 42 55 59 64 71 72 
1 42 55 59 64 69 70 73 
1 42 55 59 64 69 70 71 72 
1 42 55 59 62 63 71 73 
1 42 55 59 62 63 71 72 
1 42 55 59 62 63 69 70 73 
1 42 55 59 62 63 69 70 71 72 
1 42 46 55 59 64 71 
1 42 46 55 59 64 69 70 
1 42 46 55 59 62 63 71 
1 42 46 55 59 62 63 69 70 
1 42 44 55 59 64 73 
1 42 44 55 59 64 71 72 
1 42 44 55 59 62 63 73 
1 42 44 55 59 62 63 71 72 
1 42 44 46 55 59 64 
1 42 44 46 55 59 62 63 
1 39 55 59 64 69 71 73 
1 39 55 59 64 69 71 72 
1 39 55 59 64 69 70 73 
1 39 55 59 64 69 70 71 72 
1 39 55 59 64 67 68 71 73 
1 39 55 59 64 67 68 71 72 
1 39 55 59 64 67 68 69 70 73 
1 39 55 59 64 67 68 69 70 71 72 
1 39 55 59 62 63 69 71 73 
1 39 55 59 62 63 69 71 72 
1 39 55 59 62 63 69 70 73 
1 39 55 59 62 63 69 70 71 72 
1 39 55 59 62 63 67 68 71 73 
1 39 55 59 62 63 67 68 71 72 
1 39 55 59 62 63 67 68 69 70 73 
1 39 55 59 62 63 67 68 69 70 71 72 
1 39 46 55 59 64 69 71 
1 39 46 55 59 64 69 70 
1 39 46 55 59 64 67 68 71 
1 39 46 55 59 64 67 68 69 70 
1 39 46 55 59 62 63 69 71 
1 39 46 55 59 62 63 69 70 
1 39 46 55 59 62 63 67 68 71 
1 39 46 55 59 62 63 67 68 69 70 
1 39 44 55 59 64 69 73 
1 39 44 55 59 64 69 71 72 
1 39 44 55 59 64 67 68 73 
1 39 44 55 59 64 67 68 71 72 
1 39 44 55 59 62 63 69 73 
1 39 44 55 59 62 63 69 71 72 
1 39 44 55 59 62 63 67 68 73 
1 39 44 55 59 62 63 67 68 71 72 
1 39 44 46 55 59 64 69 
1 39 44 46 55 59 64 67 68 
1 39 44 46 55 59 62 63 69 
1 39 44 46 55 59 62 63 67 68 
1 39 42 55 59 64 71 73 
1 39 42 55 59 64 71 72 
1 39 42 55 59 64 69 70 73 
1 39 42 55 59 64 69 70 71 72 
1 39 42 55 59 62 63 71 73 
1 39 42 55 59 62 63 71 72 
1 39 42 55 59 62 63 69 70 73 
1 39 42 55 59 62 63 69 70 71 72 
1 39 42 46 55 59 64 71 
1 39 42 46 55 59 64 69 70 
1 39 42 46 55 59 62 63 71 
1 39 42 46 55 59 62 63 69 70 
1 39 42 44 55 59 64 73 
1 39 42 44 55 59 64 71 72 
1 39 42 44 55 59 62 63 73 
1 39 42 44 55 59 62 63 71 72 
1 39 42 44 46 55 59 64 
1 39 42 44 46 55 59 62 63 
1 37 55 59 69 71 73 
1 37 55 59 69 71 72 
1 37 55 59 69 70 73 
1 37 55 59 69 70 71 72 
1 37 55 59 67 68 71 73 
1 37 55 59 67 68 71 72 
1 37 55 59 67 68 69 70 73 
1 37 55 59 67 68 69 70 71 72 
1 37 46 55 59 69 71 
1 37 46 55 59 69 70 
1 37 46 55 59 67 68 71 
1 37 46 55 59 67 68 69 70 
1 37 44 55 59 69 73 
1 37 44 55 59 69 71 72 
1 37 44 55 59 67 68 73 
1 37 44 55 59 67 68 71 72 
1 37 44 46 55 59 69 
1 37 44 46 55 59 67 68 
1 37 42 55 59 71 73 
1 37 42 55 59 71 72 
1 37 42 55 59 69 70 73 
1 37 42 55 59 69 70 71 72 
1 37 42 46 55 59 71 
1 37 42 46 55 59 69 70 
1 37 42 44 55 59 73 
1 37 42 44 55 59 71 72 
1 37 42 44 46 55 59 
1 37 39 55 59 69 71 73 
1 37 39 55 59 69 71 72 
1 37 39 55 59 69 70 73 
1 37 39 55 59 69 70 71 72 
1 37 39 55 59 67 68 71 73 
1 37 39 55 59 67 68 71 72 
1 37 39 55 59 67 68 69 70 73 
1 37 39 55 59 67 68 69 70 71 72 
1 37 39 46 55 59 69 71 
1 37 39 46 55 59 69 70 
1 37 39 46 55 59 67 68 71 
1 37 39 46 55 59 67 68 69 70 
1 37 39 44 55 59 69 73 
1 37 39 44 55 59 69 71 72 
1 37 39 44 55 59 67 68 73 
1 37 39 44 55 59 67 68 71 72 
1 37 39 44 46 55 59 69 
1 37 39 44 46 55 59 67 68 
1 37 39 42 55 59 71 73 
1 37 39 42 55 59 71 72 
1 37 39 42 55 59 69 70 73 
1 37 39 42 55 59 69 70 71 72 
1 37 39 42 46 55 59 71 
1 37 39 42 46 55 59 69 70 
1 37 39 42 44 55 59 73 
1 37 39 42 44 55 59 71 72 
1 37 39 42 44 46 55 59 
1 37 38 55 59 69 71 73 
1 37 38 55 59 69 71 72 
1 37 38 55 59 69 70 73 
1 37 38 55 59 69 70 71 72 
1 37 38 55 59 67 68 71 73 
1 37 38 55 59 67 68 71 72 
1 37 38 55 59 67 68 69 70 73 
1 37 38 55 59 67 68 69 70 71 72 
1 37 38 55 59 64 69 71 73 
1 37 38 55 59 64 69 71 72 
1 37 38 55 59 64 69 70 73 
1 37 38 55 59 64 69 70 71 72 
1 37 38 55 59 64 67 68 71 73 
1 37 38 55 59 64 67 68 71 72 
1 37 38 55 59 64 67 68 69 70 73 
1 37 38 55 59 64 67 68 69 70 71 72 
1 37 38 55 59 62 63 69 71 73 
1 37 38 55 59 62 63 69 71 72 
1 37 38 55 59 62 63 69 70 73 
1 37 38 55 59 62 63 69 70 71 72 
1 37 38 55 59 62 63 67 68 71 73 
1 37 38 55 59 62 63 67 68 71 72 
1 37 38 55 59 62 63 67 68 69 70 73 
1 37 38 55 59 62 63 67 68 69 70 71 72 
1 37 38 46 55 59 69 71 
1 37 38 46 55 59 69 70 
1 37 38 46 55 59 67 68 71 
1 37 38 46 55 59 67 68 69 70 
1 37 38 46 55 59 64 69 71 
1 37 38 46 55 59 64 69 70 
1 37 38 46 55 59 64 67 68 71 
1 37 38 46 55 59 64 67 68 69 70 
1 37 38 46 55 59 62 63 69 71 
1 37 38 46 55 59 62 63 69 70 
1 37 38 46 55 59 62 63 67 68 71 
1 37 38 46 55 59 62 63 67 68 69 70 
1 37 38 44 55 59 69 73 
1 37 38 44 55 59 69 71 72 
1 37 38 44 55 59 67 68 73 
1 37 38 44 55 59 67 68 71 72 
1 37 38 44 55 59 64 69 73 
1 37 38 44 55 59 64 69 71 72 
1 37 38 44 55 59 64 67 68 73 
1 37 38 44 55 59 64 67 68 71 72 
1 37 38 44 55 59 62 63 69 73 
1 37 38 44 55 59 62 63 69 71 72 
1 37 38 44 55 59 62 63 67 68 73 
1 37 38 44 55 59 62 63 67 68 71 72 
1 37 38 44 46 55 59 69 
1 37 38 44 46 55 59 67 68 
1 37 38 44 46 55 59 64 69 
1 37 38 44 46 55 59 64 67 68 
1 37 38 44 46 55 59 62 63 69 
1 37 38 44 46 55 59 62 63 67 68 
1 37 38 42 55 59 71 73 
1 37 38 42 55 59 71 72 
1 37 38 42 55 59 69 70 73 
1 37 38 42 55 59 69 70 71 72 
1 37 38 42 55 59 64 71 73 
1 37 38 42 55 59 64 71 72 
1 37 38 42 55 59 64 69 70 73 
1 37 38 42 55 59 64 69 70 71 72 
1 37 38 42 55 59 62 63 71 73 
1 37 38 42 55 59 62 63 71 72 
1 37 38 42 55 59 62 63 69 70 73 
1 37 38 42 55 59 62 63 69 70 71 72 
1 37 38 42 46 55 59 71 
1 37 38 42 46 55 59 69 70 
1 37 38 42 46 55 59 64 71 
1 37 38 42 46 55 59 64 69 70 
1 37 38 42 46 55 59 62 63 71 
1 37 38 42 46 55 59 62 63 69 70 
1 37 38 42 44 55 59 73 
1 37 38 42 44 55 59 71 72 
1 37 38 42 44 55 59 64 73 
1 37 38 42 44 55 59 64 71 72 
1 37 38 42 44 55 59 62 63 73 
1 37 38 42 44 55 59 62 63 71 72 
1 37 38 42 44 46 55 59 
1 37 38 42 44 46 55 59 64 
1 37 38 42 44 46 55 59 62 63 
1 12 55 59 64 69 71 73 
1 12 55 59 64 69 71 72 
1 12 55 59 64 69 70 73 
1 12 55 59 64 69 70 71 72 
1 12 55 59 64 67 68 71 73 
1 12 55 59 64 67 68 71 72 
1 12 55 59 64 67 68 69 70 73 
1 12 55 59 64 67 68 69 70 71 72 
1 12 55 59 62 63 69 71 73 
1 12 55 59 62 63 69 71 72 
1 12 55 59 62 63 69 70 73 
1 12 55 59 62 63 69 70 71 72 
1 12 55 59 62 63 67 68 71 73 
1 12 55 59 62 63 67 68 71 72 
1 12 55 59 62 63 67 68 69 70 73 
1 12 55 59 62 63 67 68 69 70 71 72 
1 12 46 55 59 64 69 71 
1 12 46 55 59 64 69 70 
1 12 46 55 59 64 67 68 71 
1 12 46 55 59 64 67 68 69 70 
1 12 46 55 59 62 63 69 71 
1 12 46 55 59 62 63 69 70 
1 12 46 55 59 62 63 67 68 71 
1 12 46 55 59 62 63 67 68 69 70 
1 12 44 55 59 64 69 73 
1 12 44 55 59 64 69 71 72 
1 12 44 55 59 64 67 68 73 
1 12 44 55 59 64 67 68 71 72 
1 12 44 55 59 62 63 69 73 
1 12 44 55 59 62 63 69 71 72 
1 12 44 55 59 62 63 67 68 73 
1 12 44 55 59 62 63 67 68 71 72 
1 12 44 46 55 59 64 69 
1 12 44 46 55 59 64 67 68 
1 12 44 46 55 59 62 63 69 
1 12 44 46 55 59 62 63 67 68 
1 12 42 55 59 64 71 73 
1 12 42 55 59 64 71 72 
1 12 42 55 59 64 69 70 73 
1 12 42 55 59 64 69 70 71 72 
1 12 42 55 59 62 63 71 73 
1 12 42 55 59 62 63 71 72 
1 12 42 55 59 62 63 69 70 73 
1 12 42 55 59 62 63 69 70 71 72 
1 12 42 46 55 59 64 71 
1 12 42 46 55 59 64 69 70 
1 12 42 46 55 59 62 63 71 
1 12 42 46 55 59 62 63 69 70 
1 12 42 44 55 59 64 73 
1 12 42 44 55 59 64 71 72 
1 12 42 44 55 59 62 63 73 
1 12 42 44 55 59 62 63 71 72 
1 12 42 44 46 55 59 64 
1 12 42 44 46 55 59 62 63 
1 12 37 55 59 69 71 73 
1 12 37 55 59 69 71 72 
1 12 37 55 59 69 70 73 
1 12 37 55 59 69 70 71 72 
1 12 37 55 59 67 68 71 73 
1 12 37 55 59 67 68 71 72 
1 12 37 55 59 67 68 69 70 73 
1 12 37 55 59 67 68 69 70 71 72 
1 12 37 46 55 59 69 71 
1 12 37 46 55 59 69 70 
1 12 37 46 55 59 67 68 71 
1 12 37 46 55 59 67 68 69 70 
1 12 37 44 55 59 69 73 
1 12 37 44 55 59 69 71 72 
1 12 37 44 55 59 67 68 73 
1 12 37 44 55 59 67 68 71 72 
1 12 37 44 46 55 59 69 
1 12 37 44 46 55 59 67 68 
1 12 37 42 55 59 71 73 
1 12 37 42 55 59 71 72 
1 12 37 42 55 59 69 70 73 
1 12 37 42 55 59 69 70 71 72 
1 12 37 42 46 55 59 71 
1 12 37 42 46 55 59 69 70 
1 12 37 42 44 55 59 73 
1 12 37 42 44 55 59 71 72 
1 12 37 42 44 46 55 59 
