79
77 78
65
59 67
59 65 66
57 65 66 71
57 65 66 69 70
57 65 66 67 71
57 65 66 67 69 70
57 63 65 66 71
57 63 65 66 69 70
57 63 65 66 67 71
57 63 65 66 67 69 70
57 60 67
57 60 65 66
57 58 59 67
57 58 59 65 66
52
51 57 67
51 57 65 66
49 50 57 67
49 50 57 65 66
44 57 65 66
44 57 65 66 67
44 57 63 65 66
44 57 63 65 66 67
40 59
40 57 71
40 57 69 70
40 57 67 71
40 57 67 69 70
40 57 63 71
40 57 63 69 70
40 57 63 67 71
40 57 63 67 69 70
40 57 60
40 57 58 59
40 51 57
40 49 50 57
40 44 57
40 44 57 67
40 44 57 63
40 44 57 63 67
33 57 67
33 57 65 66
33 57 65 66 71
33 57 65 66 69 70
33 57 65 66 67 71
33 57 65 66 67 69 70
33 57 63 65 66 71
33 57 63 65 66 69 70
33 57 63 65 66 67 71
33 57 63 65 66 67 69 70
33 44 57 65 66
33 44 57 65 66 67
33 44 57 63 65 66
33 44 57 63 65 66 67
33 40 57
33 40 57 71
33 40 57 69 70
33 40 57 67 71
33 40 57 67 69 70
33 40 57 63 71
33 40 57 63 69 70
33 40 57 63 67 71
33 40 57 63 67 69 70
33 40 44 57
33 40 44 57 67
33 40 44 57 63
33 40 44 57 63 67
24 57 67
24 57 65 66
24 40 57
