
79 
77 
77 78 
75 76 
71 79 
71 77 
71 77 78 
71 75 76 
69 70 79 
69 70 77 
69 70 77 78 
69 70 75 76 
67 77 
67 75 76 
67 68 
65 71 
65 69 70 
65 67 
65 66 
65 66 77 
65 66 75 76 
65 66 68 
64 
63 
63 64 
62 
60 61 
59 69 
59 67 69 
59 65 66 69 
59 65 66 67 68 
57 59 69 71 
57 59 69 70 
57 59 67 68 71 
57 59 67 68 69 70 
53 
52 
52 71 
52 69 70 
51 52 
50 
50 71 
50 69 70 
50 67 
50 65 66 
49 59 
47 48 59 
44 79 
44 77 
44 77 78 
44 75 76 
44 65 
44 57 59 69 
44 57 59 67 68 
44 52 
44 50 
42 59 
42 59 67 
42 59 65 66 
42 57 59 71 
42 57 59 69 70 
42 44 57 59 
40 77 
40 75 76 
40 68 
40 65 
40 59 69 
40 59 67 68 
40 50 
40 42 59 
28 57 60 69 71 
28 57 60 69 70 
28 57 60 67 68 71 
28 57 60 67 68 69 70 
28 57 59 60 69 71 
28 57 59 60 69 70 
28 57 59 60 67 68 71 
28 57 59 60 67 68 69 70 
28 44 57 60 69 
28 44 57 60 67 68 
28 44 57 59 60 69 
28 44 57 59 60 67 68 
28 42 57 60 71 
28 42 57 60 69 70 
28 42 57 59 60 71 
28 42 57 59 60 69 70 
28 42 44 57 60 
28 42 44 57 59 60 
28 41 57 60 69 71 
28 41 57 60 69 70 
28 41 57 60 67 68 71 
28 41 57 60 67 68 69 70 
28 41 57 59 60 69 71 
28 41 57 59 60 69 70 
28 41 57 59 60 67 68 71 
28 41 57 59 60 67 68 69 70 
28 41 44 57 60 69 
28 41 44 57 60 67 68 
28 41 44 57 59 60 69 
28 41 44 57 59 60 67 68 
28 41 42 57 60 71 
28 41 42 57 60 69 70 
28 41 42 57 59 60 71 
28 41 42 57 59 60 69 70 
28 41 42 44 57 60 
28 41 42 44 57 59 60 
28 39 40 57 60 69 71 
28 39 40 57 60 69 70 
28 39 40 57 60 67 68 71 
28 39 40 57 60 67 68 69 70 
28 39 40 57 59 60 69 71 
28 39 40 57 59 60 69 70 
28 39 40 57 59 60 67 68 71 
28 39 40 57 59 60 67 68 69 70 
28 39 40 44 57 60 69 
28 39 40 44 57 60 67 68 
28 39 40 44 57 59 60 69 
28 39 40 44 57 59 60 67 68 
28 39 40 42 57 60 71 
28 39 40 42 57 60 69 70 
28 39 40 42 57 59 60 71 
28 39 40 42 57 59 60 69 70 
28 39 40 42 44 57 60 
28 39 40 42 44 57 59 60 
28 33 57 69 71 
28 33 57 69 70 
28 33 57 67 68 71 
28 33 57 67 68 69 70 
28 33 57 59 69 71 
28 33 57 59 69 70 
28 33 57 59 67 68 71 
28 33 57 59 67 68 69 70 
28 33 44 57 69 
28 33 44 57 67 68 
28 33 44 57 59 69 
28 33 44 57 59 67 68 
28 33 42 57 71 
28 33 42 57 69 70 
28 33 42 57 59 71 
28 33 42 57 59 69 70 
28 33 42 44 57 
28 33 42 44 57 59 
28 33 41 57 69 71 
28 33 41 57 69 70 
28 33 41 57 67 68 71 
28 33 41 57 67 68 69 70 
28 33 41 57 59 69 71 
28 33 41 57 59 69 70 
28 33 41 57 59 67 68 71 
28 33 41 57 59 67 68 69 70 
28 33 41 44 57 69 
28 33 41 44 57 67 68 
28 33 41 44 57 59 69 
28 33 41 44 57 59 67 68 
28 33 41 42 57 71 
28 33 41 42 57 69 70 
28 33 41 42 57 59 71 
28 33 41 42 57 59 69 70 
28 33 41 42 44 57 
28 33 41 42 44 57 59 
28 33 39 40 57 69 71 
28 33 39 40 57 69 70 
28 33 39 40 57 67 68 71 
28 33 39 40 57 67 68 69 70 
28 33 39 40 57 59 69 71 
28 33 39 40 57 59 69 70 
28 33 39 40 57 59 67 68 71 
28 33 39 40 57 59 67 68 69 70 
28 33 39 40 44 57 69 
28 33 39 40 44 57 67 68 
28 33 39 40 44 57 59 69 
28 33 39 40 44 57 59 67 68 
28 33 39 40 42 57 71 
28 33 39 40 42 57 69 70 
28 33 39 40 42 57 59 71 
28 33 39 40 42 57 59 69 70 
28 33 39 40 42 44 57 
28 33 39 40 42 44 57 59 
26 
26 27 57 60 69 71 
26 27 57 60 69 70 
26 27 57 60 67 68 71 
26 27 57 60 67 68 69 70 
26 27 57 59 60 69 71 
26 27 57 59 60 69 70 
26 27 57 59 60 67 68 71 
26 27 57 59 60 67 68 69 70 
26 27 44 57 60 69 
26 27 44 57 60 67 68 
26 27 44 57 59 60 69 
26 27 44 57 59 60 67 68 
26 27 42 57 60 71 
26 27 42 57 60 69 70 
26 27 42 57 59 60 71 
26 27 42 57 59 60 69 70 
26 27 42 44 57 60 
26 27 42 44 57 59 60 
26 27 41 57 60 69 71 
26 27 41 57 60 69 70 
26 27 41 57 60 67 68 71 
26 27 41 57 60 67 68 69 70 
26 27 41 57 59 60 69 71 
26 27 41 57 59 60 69 70 
26 27 41 57 59 60 67 68 71 
26 27 41 57 59 60 67 68 69 70 
26 27 41 44 57 60 69 
26 27 41 44 57 60 67 68 
26 27 41 44 57 59 60 69 
26 27 41 44 57 59 60 67 68 
26 27 41 42 57 60 71 
26 27 41 42 57 60 69 70 
26 27 41 42 57 59 60 71 
26 27 41 42 57 59 60 69 70 
26 27 41 42 44 57 60 
26 27 41 42 44 57 59 60 
26 27 39 40 57 60 69 71 
26 27 39 40 57 60 69 70 
26 27 39 40 57 60 67 68 71 
26 27 39 40 57 60 67 68 69 70 
26 27 39 40 57 59 60 69 71 
26 27 39 40 57 59 60 69 70 
26 27 39 40 57 59 60 67 68 71 
26 27 39 40 57 59 60 67 68 69 70 
26 27 39 40 44 57 60 69 
26 27 39 40 44 57 60 67 68 
26 27 39 40 44 57 59 60 69 
26 27 39 40 44 57 59 60 67 68 
26 27 39 40 42 57 60 71 
26 27 39 40 42 57 60 69 70 
26 27 39 40 42 57 59 60 71 
26 27 39 40 42 57 59 60 69 70 
26 27 39 40 42 44 57 60 
26 27 39 40 42 44 57 59 60 
26 27 33 57 69 71 
26 27 33 57 69 70 
26 27 33 57 67 68 71 
26 27 33 57 67 68 69 70 
26 27 33 57 59 69 71 
26 27 33 57 59 69 70 
26 27 33 57 59 67 68 71 
26 27 33 57 59 67 68 69 70 
26 27 33 44 57 69 
26 27 33 44 57 67 68 
26 27 33 44 57 59 69 
26 27 33 44 57 59 67 68 
26 27 33 42 57 71 
26 27 33 42 57 69 70 
26 27 33 42 57 59 71 
26 27 33 42 57 59 69 70 
26 27 33 42 44 57 
26 27 33 42 44 57 59 
26 27 33 41 57 69 71 
26 27 33 41 57 69 70 
26 27 33 41 57 67 68 71 
26 27 33 41 57 67 68 69 70 
26 27 33 41 57 59 69 71 
26 27 33 41 57 59 69 70 
26 27 33 41 57 59 67 68 71 
26 27 33 41 57 59 67 68 69 70 
26 27 33 41 44 57 69 
26 27 33 41 44 57 67 68 
26 27 33 41 44 57 59 69 
26 27 33 41 44 57 59 67 68 
26 27 33 41 42 57 71 
26 27 33 41 42 57 69 70 
26 27 33 41 42 57 59 71 
26 27 33 41 42 57 59 69 70 
26 27 33 41 42 44 57 
26 27 33 41 42 44 57 59 
26 27 33 39 40 57 69 71 
26 27 33 39 40 57 69 70 
26 27 33 39 40 57 67 68 71 
26 27 33 39 40 57 67 68 69 70 
26 27 33 39 40 57 59 69 71 
26 27 33 39 40 57 59 69 70 
26 27 33 39 40 57 59 67 68 71 
26 27 33 39 40 57 59 67 68 69 70 
26 27 33 39 40 44 57 69 
26 27 33 39 40 44 57 67 68 
26 27 33 39 40 44 57 59 69 
26 27 33 39 40 44 57 59 67 68 
26 27 33 39 40 42 57 71 
26 27 33 39 40 42 57 69 70 
26 27 33 39 40 42 57 59 71 
26 27 33 39 40 42 57 59 69 70 
26 27 33 39 40 42 44 57 
26 27 33 39 40 42 44 57 59 
22 59 
14 28 57 60 69 71 
14 28 57 60 69 70 
14 28 57 60 67 68 71 
14 28 57 60 67 68 69 70 
14 28 57 59 60 69 71 
14 28 57 59 60 69 70 
14 28 57 59 60 67 68 71 
14 28 57 59 60 67 68 69 70 
14 28 44 57 60 69 
14 28 44 57 60 67 68 
14 28 44 57 59 60 69 
14 28 44 57 59 60 67 68 
14 28 42 57 60 71 
14 28 42 57 60 69 70 
14 28 42 57 59 60 71 
14 28 42 57 59 60 69 70 
14 28 42 44 57 60 
14 28 42 44 57 59 60 
14 28 33 57 69 71 
14 28 33 57 69 70 
14 28 33 57 67 68 71 
14 28 33 57 67 68 69 70 
14 28 33 57 59 69 71 
14 28 33 57 59 69 70 
14 28 33 57 59 67 68 71 
14 28 33 57 59 67 68 69 70 
14 28 33 44 57 69 
14 28 33 44 57 67 68 
14 28 33 44 57 59 69 
14 28 33 44 57 59 67 68 
14 28 33 42 57 71 
14 28 33 42 57 69 70 
14 28 33 42 57 59 71 
14 28 33 42 57 59 69 70 
14 28 33 42 44 57 
14 28 33 42 44 57 59 
14 26 27 57 60 69 71 
14 26 27 57 60 69 70 
14 26 27 57 60 67 68 71 
14 26 27 57 60 67 68 69 70 
14 26 27 57 59 60 69 71 
14 26 27 57 59 60 69 70 
14 26 27 57 59 60 67 68 71 
14 26 27 57 59 60 67 68 69 70 
14 26 27 44 57 60 69 
14 26 27 44 57 60 67 68 
14 26 27 44 57 59 60 69 
14 26 27 44 57 59 60 67 68 
14 26 27 42 57 60 71 
14 26 27 42 57 60 69 70 
14 26 27 42 57 59 60 71 
14 26 27 42 57 59 60 69 70 
14 26 27 42 44 57 60 
14 26 27 42 44 57 59 60 
14 26 27 33 57 69 71 
14 26 27 33 57 69 70 
14 26 27 33 57 67 68 71 
14 26 27 33 57 67 68 69 70 
14 26 27 33 57 59 69 71 
14 26 27 33 57 59 69 70 
14 26 27 33 57 59 67 68 71 
14 26 27 33 57 59 67 68 69 70 
14 26 27 33 44 57 69 
14 26 27 33 44 57 67 68 
14 26 27 33 44 57 59 69 
14 26 27 33 44 57 59 67 68 
14 26 27 33 42 57 71 
14 26 27 33 42 57 69 70 
14 26 27 33 42 57 59 71 
14 26 27 33 42 57 59 69 70 
14 26 27 33 42 44 57 
14 26 27 33 42 44 57 59 
1 57 60 69 71 
1 57 60 69 70 
1 57 60 67 68 71 
1 57 60 67 68 69 70 
1 57 59 60 69 71 
1 57 59 60 69 70 
1 57 59 60 67 68 71 
1 57 59 60 67 68 69 70 
1 44 57 60 69 
1 44 57 60 67 68 
1 44 57 59 60 69 
1 44 57 59 60 67 68 
1 42 57 60 71 
1 42 57 60 69 70 
1 42 57 59 60 71 
1 42 57 59 60 69 70 
1 42 44 57 60 
1 42 44 57 59 60 
1 41 57 60 69 71 
1 41 57 60 69 70 
1 41 57 60 67 68 71 
1 41 57 60 67 68 69 70 
1 41 57 59 60 69 71 
1 41 57 59 60 69 70 
1 41 57 59 60 67 68 71 
1 41 57 59 60 67 68 69 70 
1 41 44 57 60 69 
1 41 44 57 60 67 68 
1 41 44 57 59 60 69 
1 41 44 57 59 60 67 68 
1 41 42 57 60 71 
1 41 42 57 60 69 70 
1 41 42 57 59 60 71 
1 41 42 57 59 60 69 70 
1 41 42 44 57 60 
1 41 42 44 57 59 60 
1 39 40 57 60 69 71 
1 39 40 57 60 69 70 
1 39 40 57 60 67 68 71 
1 39 40 57 60 67 68 69 70 
1 39 40 57 59 60 69 71 
1 39 40 57 59 60 69 70 
1 39 40 57 59 60 67 68 71 
1 39 40 57 59 60 67 68 69 70 
1 39 40 44 57 60 69 
1 39 40 44 57 60 67 68 
1 39 40 44 57 59 60 69 
1 39 40 44 57 59 60 67 68 
1 39 40 42 57 60 71 
1 39 40 42 57 60 69 70 
1 39 40 42 57 59 60 71 
1 39 40 42 57 59 60 69 70 
1 39 40 42 44 57 60 
1 39 40 42 44 57 59 60 
1 33 57 69 71 
1 33 57 69 70 
1 33 57 67 68 71 
1 33 57 67 68 69 70 
1 33 57 59 69 71 
1 33 57 59 69 70 
1 33 57 59 67 68 71 
1 33 57 59 67 68 69 70 
1 33 44 57 69 
1 33 44 57 67 68 
1 33 44 57 59 69 
1 33 44 57 59 67 68 
1 33 42 57 71 
1 33 42 57 69 70 
1 33 42 57 59 71 
1 33 42 57 59 69 70 
1 33 42 44 57 
1 33 42 44 57 59 
1 33 41 57 69 71 
1 33 41 57 69 70 
1 33 41 57 67 68 71 
1 33 41 57 67 68 69 70 
1 33 41 57 59 69 71 
1 33 41 57 59 69 70 
1 33 41 57 59 67 68 71 
1 33 41 57 59 67 68 69 70 
1 33 41 44 57 69 
1 33 41 44 57 67 68 
1 33 41 44 57 59 69 
1 33 41 44 57 59 67 68 
1 33 41 42 57 71 
1 33 41 42 57 69 70 
1 33 41 42 57 59 71 
1 33 41 42 57 59 69 70 
1 33 41 42 44 57 
1 33 41 42 44 57 59 
1 33 39 40 57 69 71 
1 33 39 40 57 69 70 
1 33 39 40 57 67 68 71 
1 33 39 40 57 67 68 69 70 
1 33 39 40 57 59 69 71 
1 33 39 40 57 59 69 70 
1 33 39 40 57 59 67 68 71 
1 33 39 40 57 59 67 68 69 70 
1 33 39 40 44 57 69 
1 33 39 40 44 57 67 68 
1 33 39 40 44 57 59 69 
1 33 39 40 44 57 59 67 68 
1 33 39 40 42 57 71 
1 33 39 40 42 57 69 70 
1 33 39 40 42 57 59 71 
1 33 39 40 42 57 59 69 70 
1 33 39 40 42 44 57 
1 33 39 40 42 44 57 59 
1 14 57 60 69 71 
1 14 57 60 69 70 
1 14 57 60 67 68 71 
1 14 57 60 67 68 69 70 
1 14 57 59 60 69 71 
1 14 57 59 60 69 70 
1 14 57 59 60 67 68 71 
1 14 57 59 60 67 68 69 70 
1 14 44 57 60 69 
1 14 44 57 60 67 68 
1 14 44 57 59 60 69 
1 14 44 57 59 60 67 68 
1 14 42 57 60 71 
1 14 42 57 60 69 70 
1 14 42 57 59 60 71 
1 14 42 57 59 60 69 70 
1 14 42 44 57 60 
1 14 42 44 57 59 60 
1 14 33 57 69 71 
1 14 33 57 69 70 
1 14 33 57 67 68 71 
1 14 33 57 67 68 69 70 
1 14 33 57 59 69 71 
1 14 33 57 59 69 70 
1 14 33 57 59 67 68 71 
1 14 33 57 59 67 68 69 70 
1 14 33 44 57 69 
1 14 33 44 57 67 68 
1 14 33 44 57 59 69 
1 14 33 44 57 59 67 68 
1 14 33 42 57 71 
1 14 33 42 57 69 70 
1 14 33 42 57 59 71 
1 14 33 42 57 59 69 70 
1 14 33 42 44 57 
1 14 33 42 44 57 59 
