
77 
75 76 
67 79 
67 77 
67 77 78 
67 75 76 
65 67 
65 66 79 
65 66 77 
65 66 77 78 
65 66 75 76 
59 
59 69 
59 67 
59 67 79 
59 67 78 79 
59 67 77 
59 67 77 79 
59 67 75 76 
59 67 75 76 79 
59 67 75 76 77 78 
59 67 71 
59 67 69 
59 67 69 70 
59 67 68 79 
59 67 68 77 78 
59 65 79 
59 65 77 78 
59 65 67 77 
59 65 67 75 76 
59 65 66 79 
59 65 66 78 79 
59 65 66 77 79 
59 65 66 75 76 79 
59 65 66 75 76 77 78 
59 65 66 71 
59 65 66 69 70 
59 65 66 68 79 
59 65 66 68 77 78 
59 64 67 
59 64 65 66 
59 63 
59 63 69 
59 63 67 69 
59 63 65 66 
59 63 64 67 
59 63 64 65 79 
59 63 64 65 77 78 
59 63 64 65 66 
57 
57 73 75 
57 73 74 
57 71 72 75 
57 71 72 73 74 
57 69 73 77 
57 69 73 75 76 
57 69 71 72 77 
57 69 71 72 75 76 
57 67 68 73 77 
57 67 68 73 75 76 
57 67 68 71 72 77 
57 67 68 71 72 75 76 
57 60 69 71 75 
57 60 69 71 73 74 
57 60 69 70 75 
57 60 69 70 73 74 
57 60 67 68 71 75 
57 60 67 68 71 73 74 
57 60 67 68 69 70 75 
57 60 67 68 69 70 73 74 
57 59 71 73 
57 59 71 73 77 
57 59 71 73 75 76 
57 59 71 72 
57 59 71 72 77 
57 59 71 72 75 76 
57 59 69 73 77 
57 59 69 73 75 
57 59 69 73 75 76 
57 59 69 73 74 
57 59 69 71 75 
57 59 69 71 73 
57 59 69 71 73 74 
57 59 69 71 72 
57 59 69 71 72 77 
57 59 69 71 72 75 
57 59 69 71 72 75 76 
57 59 69 71 72 73 74 
57 59 69 70 75 
57 59 69 70 73 77 
57 59 69 70 73 75 76 
57 59 69 70 73 74 
57 59 69 70 71 72 77 
57 59 69 70 71 72 75 76 
57 59 67 68 73 77 
57 59 67 68 73 75 
57 59 67 68 73 75 76 
57 59 67 68 73 74 
57 59 67 68 71 75 
57 59 67 68 71 73 
57 59 67 68 71 73 74 
57 59 67 68 71 72 
57 59 67 68 71 72 77 
57 59 67 68 71 72 75 
57 59 67 68 71 72 75 76 
57 59 67 68 71 72 73 74 
57 59 67 68 69 70 75 
57 59 67 68 69 70 73 
57 59 67 68 69 70 73 74 
57 59 67 68 69 70 71 72 
57 58 73 75 
57 58 73 74 
57 58 71 72 75 
57 58 71 72 73 74 
56 57 73 75 
56 57 73 74 
56 57 71 72 75 
56 57 71 72 73 74 
56 57 60 71 73 77 
56 57 60 71 73 75 76 
56 57 60 71 72 77 
56 57 60 71 72 75 76 
56 57 60 69 70 73 77 
56 57 60 69 70 73 75 76 
56 57 60 69 70 71 72 77 
56 57 60 69 70 71 72 75 76 
56 57 59 69 71 75 
56 57 59 69 71 73 74 
56 57 59 69 70 75 
56 57 59 69 70 73 74 
56 57 59 67 68 71 75 
56 57 59 67 68 71 73 74 
56 57 59 67 68 69 70 75 
56 57 59 67 68 69 70 73 74 
56 57 59 60 71 73 77 
56 57 59 60 71 73 75 76 
56 57 59 60 71 72 77 
56 57 59 60 71 72 75 76 
56 57 59 60 69 70 73 77 
56 57 59 60 69 70 73 75 76 
56 57 59 60 69 70 71 72 77 
56 57 59 60 69 70 71 72 75 76 
56 57 58 69 71 75 
56 57 58 69 71 73 74 
56 57 58 69 70 75 
56 57 58 69 70 73 74 
56 57 58 67 68 71 75 
56 57 58 67 68 71 73 74 
56 57 58 67 68 69 70 75 
56 57 58 67 68 69 70 73 74 
55 57 71 73 
55 57 71 72 
55 57 69 70 73 
55 57 69 70 71 72 
55 57 59 71 73 
55 57 59 71 72 
55 57 59 69 70 73 
55 57 59 69 70 71 72 
54 55 57 60 71 73 77 
54 55 57 60 71 73 75 76 
54 55 57 60 71 72 77 
54 55 57 60 71 72 75 76 
54 55 57 60 69 70 73 77 
54 55 57 60 69 70 73 75 76 
54 55 57 60 69 70 71 72 77 
54 55 57 60 69 70 71 72 75 76 
54 55 57 59 60 71 73 77 
54 55 57 59 60 71 73 75 76 
54 55 57 59 60 71 72 77 
54 55 57 59 60 71 72 75 76 
54 55 57 59 60 69 70 73 77 
54 55 57 59 60 69 70 73 75 76 
54 55 57 59 60 69 70 71 72 77 
54 55 57 59 60 69 70 71 72 75 76 
53 59 67 
53 59 65 66 
52 67 
52 65 66 
52 59 67 
52 59 67 77 
52 59 67 75 76 
52 59 67 68 
52 59 65 
52 59 65 66 
52 59 65 66 77 
52 59 65 66 75 76 
52 59 65 66 68 
52 59 63 64 65 
50 
50 67 
50 65 66 
50 59 67 
50 59 67 79 
50 59 67 77 78 
50 59 65 67 
50 59 65 66 79 
50 59 65 66 77 78 
50 57 69 73 
50 57 69 71 72 
50 57 67 68 73 
50 57 67 68 71 72 
50 57 59 71 73 
50 57 59 71 72 
50 57 59 69 73 
50 57 59 69 71 72 
50 57 59 69 70 73 
50 57 59 69 70 71 72 
50 57 59 67 68 73 
50 57 59 67 68 71 72 
50 56 57 60 71 73 
50 56 57 60 71 72 
50 56 57 60 69 70 73 
50 56 57 60 69 70 71 72 
50 56 57 59 60 71 73 
50 56 57 59 60 71 72 
50 56 57 59 60 69 70 73 
50 56 57 59 60 69 70 71 72 
50 54 55 57 60 71 73 
50 54 55 57 60 71 72 
50 54 55 57 60 69 70 73 
50 54 55 57 60 69 70 71 72 
50 54 55 57 59 60 71 73 
50 54 55 57 59 60 71 72 
50 54 55 57 59 60 69 70 73 
50 54 55 57 59 60 69 70 71 72 
50 52 59 67 
50 52 59 65 66 
49 
48 57 73 
48 57 71 72 
48 57 60 69 71 
48 57 60 69 70 
48 57 60 67 68 71 
48 57 60 67 68 69 70 
48 57 59 69 73 
48 57 59 69 71 
48 57 59 69 71 72 
48 57 59 69 70 
48 57 59 67 68 73 
48 57 59 67 68 71 
48 57 59 67 68 71 72 
48 57 59 67 68 69 70 
48 57 58 73 
48 57 58 71 72 
48 56 57 73 
48 56 57 71 72 
48 56 57 59 69 71 
48 56 57 59 69 70 
48 56 57 59 67 68 71 
48 56 57 59 67 68 69 70 
48 56 57 58 69 71 
48 56 57 58 69 70 
48 56 57 58 67 68 71 
48 56 57 58 67 68 69 70 
47 48 
46 57 75 
46 57 73 74 
46 57 69 77 
46 57 69 75 76 
46 57 67 68 77 
46 57 67 68 75 76 
46 57 59 71 
46 57 59 71 77 
46 57 59 71 75 76 
46 57 59 69 77 
46 57 59 69 75 
46 57 59 69 75 76 
46 57 59 69 73 74 
46 57 59 69 71 
46 57 59 69 70 77 
46 57 59 69 70 75 76 
46 57 59 67 68 77 
46 57 59 67 68 75 
46 57 59 67 68 75 76 
46 57 59 67 68 73 74 
46 57 59 67 68 71 
46 57 59 67 68 69 70 
46 57 58 75 
46 57 58 73 74 
46 56 57 75 
46 56 57 73 74 
46 56 57 60 71 77 
46 56 57 60 71 75 76 
46 56 57 60 69 70 77 
46 56 57 60 69 70 75 76 
46 56 57 59 60 71 77 
46 56 57 59 60 71 75 76 
46 56 57 59 60 69 70 77 
46 56 57 59 60 69 70 75 76 
46 55 57 71 
46 55 57 69 70 
46 55 57 59 71 
46 55 57 59 69 70 
46 54 55 57 60 71 77 
46 54 55 57 60 71 75 76 
46 54 55 57 60 69 70 77 
46 54 55 57 60 69 70 75 76 
46 54 55 57 59 60 71 77 
46 54 55 57 59 60 71 75 76 
46 54 55 57 59 60 69 70 77 
46 54 55 57 59 60 69 70 75 76 
46 50 57 69 
46 50 57 67 68 
46 50 57 59 71 
46 50 57 59 69 
46 50 57 59 69 70 
46 50 57 59 67 68 
46 50 56 57 60 71 
46 50 56 57 60 69 70 
46 50 56 57 59 60 71 
46 50 56 57 59 60 69 70 
46 50 54 55 57 60 71 
46 50 54 55 57 60 69 70 
46 50 54 55 57 59 60 71 
46 50 54 55 57 59 60 69 70 
46 48 57 
46 48 57 59 69 
46 48 57 59 67 68 
46 48 57 58 
46 48 56 57 
45 57 69 71 75 
45 57 69 71 73 74 
45 57 69 70 75 
45 57 69 70 73 74 
45 57 67 68 71 75 
45 57 67 68 71 73 74 
45 57 67 68 69 70 75 
45 57 67 68 69 70 73 74 
45 48 57 69 71 
45 48 57 69 70 
45 48 57 67 68 71 
45 48 57 67 68 69 70 
44 59 67 
44 59 65 66 
44 57 60 69 75 
44 57 60 69 73 74 
44 57 60 67 68 75 
44 57 60 67 68 73 74 
44 57 59 73 
44 57 59 73 77 
44 57 59 73 75 76 
44 57 59 71 72 
44 57 59 71 72 77 
44 57 59 71 72 75 76 
44 57 59 69 75 
44 57 59 69 73 
44 57 59 69 73 74 
44 57 59 69 71 72 
44 57 59 67 68 75 
44 57 59 67 68 73 
44 57 59 67 68 73 74 
44 57 59 67 68 71 72 
44 56 57 60 73 77 
44 56 57 60 73 75 76 
44 56 57 60 71 72 77 
44 56 57 60 71 72 75 76 
44 56 57 59 69 75 
44 56 57 59 69 73 74 
44 56 57 59 67 68 75 
44 56 57 59 67 68 73 74 
44 56 57 59 60 73 77 
44 56 57 59 60 73 75 76 
44 56 57 59 60 71 72 77 
44 56 57 59 60 71 72 75 76 
44 56 57 58 69 75 
44 56 57 58 69 73 74 
44 56 57 58 67 68 75 
44 56 57 58 67 68 73 74 
44 55 57 73 
44 55 57 71 72 
44 55 57 59 73 
44 55 57 59 71 72 
44 54 55 57 60 73 77 
44 54 55 57 60 73 75 76 
44 54 55 57 60 71 72 77 
44 54 55 57 60 71 72 75 76 
44 54 55 57 59 60 73 77 
44 54 55 57 59 60 73 75 76 
44 54 55 57 59 60 71 72 77 
44 54 55 57 59 60 71 72 75 76 
44 50 57 59 73 
44 50 57 59 71 72 
44 50 56 57 60 73 
44 50 56 57 60 71 72 
44 50 56 57 59 60 73 
44 50 56 57 59 60 71 72 
44 50 54 55 57 60 73 
44 50 54 55 57 60 71 72 
44 50 54 55 57 59 60 73 
44 50 54 55 57 59 60 71 72 
44 48 57 60 69 
44 48 57 60 67 68 
44 48 57 59 69 
44 48 57 59 67 68 
44 48 56 57 59 69 
44 48 56 57 59 67 68 
44 48 56 57 58 69 
44 48 56 57 58 67 68 
44 46 57 59 
44 46 57 59 77 
44 46 57 59 75 76 
44 46 57 59 69 
44 46 57 59 67 68 
44 46 56 57 60 77 
44 46 56 57 60 75 76 
44 46 56 57 59 60 77 
44 46 56 57 59 60 75 76 
44 46 55 57 
44 46 55 57 59 
44 46 54 55 57 60 77 
44 46 54 55 57 60 75 76 
44 46 54 55 57 59 60 77 
44 46 54 55 57 59 60 75 76 
44 46 50 57 59 
44 46 50 56 57 60 
44 46 50 56 57 59 60 
44 46 50 54 55 57 60 
44 46 50 54 55 57 59 60 
44 45 57 69 75 
44 45 57 69 73 74 
44 45 57 67 68 75 
44 45 57 67 68 73 74 
44 45 48 57 69 
44 45 48 57 67 68 
43 44 57 69 75 
43 44 57 69 73 74 
43 44 57 69 71 75 
43 44 57 69 71 73 74 
43 44 57 69 70 75 
43 44 57 69 70 73 74 
43 44 57 67 68 75 
43 44 57 67 68 73 74 
43 44 57 67 68 71 75 
43 44 57 67 68 71 73 74 
43 44 57 67 68 69 70 75 
43 44 57 67 68 69 70 73 74 
43 44 48 57 69 
43 44 48 57 69 71 
43 44 48 57 69 70 
43 44 48 57 67 68 
43 44 48 57 67 68 71 
43 44 48 57 67 68 69 70 
42 59 
42 59 67 
42 59 63 
42 59 63 67 
42 57 73 77 
42 57 73 75 76 
42 57 71 72 77 
42 57 71 72 75 76 
42 57 60 71 75 
42 57 60 71 73 74 
42 57 60 69 70 75 
42 57 60 69 70 73 74 
42 57 59 73 77 
42 57 59 73 75 
42 57 59 73 75 76 
42 57 59 73 74 
42 57 59 71 75 
42 57 59 71 73 
42 57 59 71 73 74 
42 57 59 71 72 
42 57 59 71 72 77 
42 57 59 71 72 75 
42 57 59 71 72 75 76 
42 57 59 71 72 73 74 
42 57 59 69 70 75 
42 57 59 69 70 73 
42 57 59 69 70 73 74 
42 57 59 69 70 71 72 
42 56 57 59 71 75 
42 56 57 59 71 73 74 
42 56 57 59 69 70 75 
42 56 57 59 69 70 73 74 
42 56 57 58 71 75 
42 56 57 58 71 73 74 
42 56 57 58 69 70 75 
42 56 57 58 69 70 73 74 
42 50 57 73 
42 50 57 71 72 
42 50 57 59 73 
42 50 57 59 71 72 
42 48 57 60 71 
42 48 57 60 69 70 
42 48 57 59 73 
42 48 57 59 71 
42 48 57 59 71 72 
42 48 57 59 69 70 
42 48 56 57 59 71 
42 48 56 57 59 69 70 
42 48 56 57 58 71 
42 48 56 57 58 69 70 
42 46 57 77 
42 46 57 75 76 
42 46 57 59 77 
42 46 57 59 75 
42 46 57 59 75 76 
42 46 57 59 73 74 
42 46 57 59 71 
42 46 57 59 69 70 
42 46 50 57 
42 46 50 57 59 
42 46 48 57 59 
42 45 57 71 75 
42 45 57 71 73 74 
42 45 57 69 70 75 
42 45 57 69 70 73 74 
42 45 48 57 71 
42 45 48 57 69 70 
42 44 57 60 75 
42 44 57 60 73 74 
42 44 57 59 75 
42 44 57 59 73 
42 44 57 59 73 74 
42 44 57 59 71 72 
42 44 56 57 59 75 
42 44 56 57 59 73 74 
42 44 56 57 58 75 
42 44 56 57 58 73 74 
42 44 48 57 60 
42 44 48 57 59 
42 44 48 56 57 59 
42 44 48 56 57 58 
42 44 46 57 59 
42 44 45 57 75 
42 44 45 57 73 74 
42 44 45 48 57 
42 43 44 57 75 
42 43 44 57 73 74 
42 43 44 57 71 75 
42 43 44 57 71 73 74 
42 43 44 57 69 70 75 
42 43 44 57 69 70 73 74 
42 43 44 48 57 
42 43 44 48 57 71 
42 43 44 48 57 69 70 
40 
40 79 
40 77 
40 77 78 
40 75 76 
40 65 
40 59 79 
40 59 78 79 
40 59 77 
40 59 77 79 
40 59 75 76 
40 59 75 76 79 
40 59 75 76 77 78 
40 59 71 
40 59 69 70 
40 59 68 79 
40 59 68 77 78 
40 59 65 77 
40 59 65 75 76 
40 59 64 
40 59 63 
40 59 63 64 
40 53 59 
40 52 
40 52 59 
40 52 59 77 
40 52 59 75 76 
40 52 59 68 
40 50 
40 50 59 
40 50 59 79 
40 50 59 77 78 
40 50 59 65 
40 50 52 59 
40 44 59 
38 59 65 79 
38 59 65 77 78 
38 52 59 65 
33 67 
33 65 66 
33 59 
33 59 69 
33 59 67 71 
33 59 67 69 
33 59 67 69 70 
33 59 65 66 
33 59 65 66 71 
33 59 65 66 69 70 
33 59 63 
33 59 63 69 
33 59 63 67 
33 59 63 67 69 
33 57 69 71 75 
33 57 69 71 73 74 
33 57 69 70 75 
33 57 69 70 73 74 
33 57 67 68 71 75 
33 57 67 68 71 73 74 
33 57 67 68 69 70 75 
33 57 67 68 69 70 73 74 
33 56 57 71 73 77 
33 56 57 71 73 75 76 
33 56 57 71 72 77 
33 56 57 71 72 75 76 
33 56 57 69 70 73 77 
33 56 57 69 70 73 75 76 
33 56 57 69 70 71 72 77 
33 56 57 69 70 71 72 75 76 
33 56 57 59 71 73 77 
33 56 57 59 71 73 75 76 
33 56 57 59 71 72 77 
33 56 57 59 71 72 75 76 
33 56 57 59 69 70 73 77 
33 56 57 59 69 70 73 75 76 
33 56 57 59 69 70 71 72 77 
33 56 57 59 69 70 71 72 75 76 
33 54 55 57 71 73 77 
33 54 55 57 71 73 75 76 
33 54 55 57 71 72 77 
33 54 55 57 71 72 75 76 
33 54 55 57 69 70 73 77 
33 54 55 57 69 70 73 75 76 
33 54 55 57 69 70 71 72 77 
33 54 55 57 69 70 71 72 75 76 
33 54 55 57 59 71 73 77 
33 54 55 57 59 71 73 75 76 
33 54 55 57 59 71 72 77 
33 54 55 57 59 71 72 75 76 
33 54 55 57 59 69 70 73 77 
33 54 55 57 59 69 70 73 75 76 
33 54 55 57 59 69 70 71 72 77 
33 54 55 57 59 69 70 71 72 75 76 
33 50 56 57 71 73 
33 50 56 57 71 72 
33 50 56 57 69 70 73 
33 50 56 57 69 70 71 72 
33 50 56 57 59 71 73 
33 50 56 57 59 71 72 
33 50 56 57 59 69 70 73 
33 50 56 57 59 69 70 71 72 
33 50 54 55 57 71 73 
33 50 54 55 57 71 72 
33 50 54 55 57 69 70 73 
33 50 54 55 57 69 70 71 72 
33 50 54 55 57 59 71 73 
33 50 54 55 57 59 71 72 
33 50 54 55 57 59 69 70 73 
33 50 54 55 57 59 69 70 71 72 
33 48 57 69 71 
33 48 57 69 70 
33 48 57 67 68 71 
33 48 57 67 68 69 70 
33 46 56 57 71 77 
33 46 56 57 71 75 76 
33 46 56 57 69 70 77 
33 46 56 57 69 70 75 76 
33 46 56 57 59 71 77 
33 46 56 57 59 71 75 76 
33 46 56 57 59 69 70 77 
33 46 56 57 59 69 70 75 76 
33 46 54 55 57 71 77 
33 46 54 55 57 71 75 76 
33 46 54 55 57 69 70 77 
33 46 54 55 57 69 70 75 76 
33 46 54 55 57 59 71 77 
33 46 54 55 57 59 71 75 76 
33 46 54 55 57 59 69 70 77 
33 46 54 55 57 59 69 70 75 76 
33 46 50 56 57 71 
33 46 50 56 57 69 70 
33 46 50 56 57 59 71 
33 46 50 56 57 59 69 70 
33 46 50 54 55 57 71 
33 46 50 54 55 57 69 70 
33 46 50 54 55 57 59 71 
33 46 50 54 55 57 59 69 70 
33 44 59 67 
33 44 59 65 66 
33 44 57 69 75 
33 44 57 69 73 74 
33 44 57 67 68 75 
33 44 57 67 68 73 74 
33 44 56 57 73 77 
33 44 56 57 73 75 76 
33 44 56 57 71 72 77 
33 44 56 57 71 72 75 76 
33 44 56 57 59 73 77 
33 44 56 57 59 73 75 76 
33 44 56 57 59 71 72 77 
33 44 56 57 59 71 72 75 76 
33 44 54 55 57 73 77 
33 44 54 55 57 73 75 76 
33 44 54 55 57 71 72 77 
33 44 54 55 57 71 72 75 76 
33 44 54 55 57 59 73 77 
33 44 54 55 57 59 73 75 76 
33 44 54 55 57 59 71 72 77 
33 44 54 55 57 59 71 72 75 76 
33 44 50 56 57 73 
33 44 50 56 57 71 72 
33 44 50 56 57 59 73 
33 44 50 56 57 59 71 72 
33 44 50 54 55 57 73 
33 44 50 54 55 57 71 72 
33 44 50 54 55 57 59 73 
33 44 50 54 55 57 59 71 72 
33 44 48 57 69 
33 44 48 57 67 68 
33 44 46 56 57 77 
33 44 46 56 57 75 76 
33 44 46 56 57 59 77 
33 44 46 56 57 59 75 76 
33 44 46 54 55 57 77 
33 44 46 54 55 57 75 76 
33 44 46 54 55 57 59 77 
33 44 46 54 55 57 59 75 76 
33 44 46 50 56 57 
33 44 46 50 56 57 59 
33 44 46 50 54 55 57 
33 44 46 50 54 55 57 59 
33 42 59 
33 42 59 67 
33 42 59 63 
33 42 59 63 67 
33 42 57 71 75 
33 42 57 71 73 74 
33 42 57 69 70 75 
33 42 57 69 70 73 74 
33 42 48 57 71 
33 42 48 57 69 70 
33 42 44 57 75 
33 42 44 57 73 74 
33 42 44 48 57 
33 40 
33 40 59 
33 40 59 71 
33 40 59 69 70 
33 40 44 59 
32 57 69 71 75 
32 57 69 71 73 74 
32 57 69 70 75 
32 57 69 70 73 74 
32 57 67 68 71 75 
32 57 67 68 71 73 74 
32 57 67 68 69 70 75 
32 57 67 68 69 70 73 74 
32 57 58 69 71 75 
32 57 58 69 71 73 74 
32 57 58 69 70 75 
32 57 58 69 70 73 74 
32 57 58 67 68 71 75 
32 57 58 67 68 71 73 74 
32 57 58 67 68 69 70 75 
32 57 58 67 68 69 70 73 74 
32 56 57 69 71 75 
32 56 57 69 71 73 74 
32 56 57 69 70 75 
32 56 57 69 70 73 74 
32 56 57 67 68 71 75 
32 56 57 67 68 71 73 74 
32 56 57 67 68 69 70 75 
32 56 57 67 68 69 70 73 74 
32 48 57 69 71 
32 48 57 69 70 
32 48 57 67 68 71 
32 48 57 67 68 69 70 
32 48 57 58 69 71 
32 48 57 58 69 70 
32 48 57 58 67 68 71 
32 48 57 58 67 68 69 70 
32 48 56 57 69 71 
32 48 56 57 69 70 
32 48 56 57 67 68 71 
32 48 56 57 67 68 69 70 
32 44 57 69 75 
32 44 57 69 73 74 
32 44 57 67 68 75 
32 44 57 67 68 73 74 
32 44 57 58 69 75 
32 44 57 58 69 73 74 
32 44 57 58 67 68 75 
32 44 57 58 67 68 73 74 
32 44 56 57 69 75 
32 44 56 57 69 73 74 
32 44 56 57 67 68 75 
32 44 56 57 67 68 73 74 
32 44 48 57 69 
32 44 48 57 67 68 
32 44 48 57 58 69 
32 44 48 57 58 67 68 
32 44 48 56 57 69 
32 44 48 56 57 67 68 
32 42 57 71 75 
32 42 57 71 73 74 
32 42 57 69 70 75 
32 42 57 69 70 73 74 
32 42 57 58 71 75 
32 42 57 58 71 73 74 
32 42 57 58 69 70 75 
32 42 57 58 69 70 73 74 
32 42 56 57 71 75 
32 42 56 57 71 73 74 
32 42 56 57 69 70 75 
32 42 56 57 69 70 73 74 
32 42 48 57 71 
32 42 48 57 69 70 
32 42 48 57 58 71 
32 42 48 57 58 69 70 
32 42 48 56 57 71 
32 42 48 56 57 69 70 
32 42 44 57 75 
32 42 44 57 73 74 
32 42 44 57 58 75 
32 42 44 57 58 73 74 
32 42 44 56 57 75 
32 42 44 56 57 73 74 
32 42 44 48 57 
32 42 44 48 57 58 
32 42 44 48 56 57 
31 57 73 75 
31 57 73 74 
31 57 71 72 75 
31 57 71 72 73 74 
31 57 59 69 71 75 
31 57 59 69 71 73 74 
31 57 59 69 70 75 
31 57 59 69 70 73 74 
31 57 59 67 68 71 75 
31 57 59 67 68 71 73 74 
31 57 59 67 68 69 70 75 
31 57 59 67 68 69 70 73 74 
31 57 58 69 71 75 
31 57 58 69 71 73 74 
31 57 58 69 70 75 
31 57 58 69 70 73 74 
31 57 58 67 68 71 75 
31 57 58 67 68 71 73 74 
31 57 58 67 68 69 70 75 
31 57 58 67 68 69 70 73 74 
31 48 57 73 
31 48 57 71 72 
31 48 57 59 69 71 
31 48 57 59 69 70 
31 48 57 59 67 68 71 
31 48 57 59 67 68 69 70 
31 48 57 58 69 71 
31 48 57 58 69 70 
31 48 57 58 67 68 71 
31 48 57 58 67 68 69 70 
31 46 57 75 
31 46 57 73 74 
31 46 48 57 
31 44 57 59 69 75 
31 44 57 59 69 73 74 
31 44 57 59 67 68 75 
31 44 57 59 67 68 73 74 
31 44 57 58 69 75 
31 44 57 58 69 73 74 
31 44 57 58 67 68 75 
31 44 57 58 67 68 73 74 
31 44 48 57 59 69 
31 44 48 57 59 67 68 
31 44 48 57 58 69 
31 44 48 57 58 67 68 
31 42 57 59 71 75 
31 42 57 59 71 73 74 
31 42 57 59 69 70 75 
31 42 57 59 69 70 73 74 
31 42 57 58 71 75 
31 42 57 58 71 73 74 
31 42 57 58 69 70 75 
31 42 57 58 69 70 73 74 
31 42 48 57 59 71 
31 42 48 57 59 69 70 
31 42 48 57 58 71 
31 42 48 57 58 69 70 
31 42 44 57 59 75 
31 42 44 57 59 73 74 
31 42 44 57 58 75 
31 42 44 57 58 73 74 
31 42 44 48 57 59 
31 42 44 48 57 58 
31 32 57 69 71 75 
31 32 57 69 71 73 74 
31 32 57 69 70 75 
31 32 57 69 70 73 74 
31 32 57 67 68 71 75 
31 32 57 67 68 71 73 74 
31 32 57 67 68 69 70 75 
31 32 57 67 68 69 70 73 74 
31 32 48 57 69 71 
31 32 48 57 69 70 
31 32 48 57 67 68 71 
31 32 48 57 67 68 69 70 
31 32 44 57 69 75 
31 32 44 57 69 73 74 
31 32 44 57 67 68 75 
31 32 44 57 67 68 73 74 
31 32 44 48 57 69 
31 32 44 48 57 67 68 
31 32 42 57 71 75 
31 32 42 57 71 73 74 
31 32 42 57 69 70 75 
31 32 42 57 69 70 73 74 
31 32 42 48 57 71 
31 32 42 48 57 69 70 
31 32 42 44 57 75 
31 32 42 44 57 73 74 
31 32 42 44 48 57 
29 57 60 71 73 77 
29 57 60 71 73 75 76 
29 57 60 71 72 77 
29 57 60 71 72 75 76 
29 57 60 69 70 73 77 
29 57 60 69 70 73 75 76 
29 57 60 69 70 71 72 77 
29 57 60 69 70 71 72 75 76 
29 57 59 69 71 
29 57 59 69 70 
29 57 59 67 68 71 
29 57 59 67 68 69 70 
29 57 59 60 71 73 77 
29 57 59 60 71 73 75 76 
29 57 59 60 71 72 77 
29 57 59 60 71 72 75 76 
29 57 59 60 69 70 73 77 
29 57 59 60 69 70 73 75 76 
29 57 59 60 69 70 71 72 77 
29 57 59 60 69 70 71 72 75 76 
29 50 57 60 71 73 
29 50 57 60 71 72 
29 50 57 60 69 70 73 
29 50 57 60 69 70 71 72 
29 50 57 59 60 71 73 
29 50 57 59 60 71 72 
29 50 57 59 60 69 70 73 
29 50 57 59 60 69 70 71 72 
29 46 57 60 71 77 
29 46 57 60 71 75 76 
29 46 57 60 69 70 77 
29 46 57 60 69 70 75 76 
29 46 57 59 60 71 77 
29 46 57 59 60 71 75 76 
29 46 57 59 60 69 70 77 
29 46 57 59 60 69 70 75 76 
29 46 50 57 60 71 
29 46 50 57 60 69 70 
29 46 50 57 59 60 71 
29 46 50 57 59 60 69 70 
29 44 57 60 73 77 
29 44 57 60 73 75 76 
29 44 57 60 71 72 77 
29 44 57 60 71 72 75 76 
29 44 57 59 69 
29 44 57 59 67 68 
29 44 57 59 60 73 77 
29 44 57 59 60 73 75 76 
29 44 57 59 60 71 72 77 
29 44 57 59 60 71 72 75 76 
29 44 50 57 60 73 
29 44 50 57 60 71 72 
29 44 50 57 59 60 73 
29 44 50 57 59 60 71 72 
29 44 46 57 60 77 
29 44 46 57 60 75 76 
29 44 46 57 59 60 77 
29 44 46 57 59 60 75 76 
29 44 46 50 57 60 
29 44 46 50 57 59 60 
29 42 57 59 71 
29 42 57 59 69 70 
29 42 44 57 59 
29 33 57 71 73 77 
29 33 57 71 73 75 76 
29 33 57 71 72 77 
29 33 57 71 72 75 76 
29 33 57 69 70 73 77 
29 33 57 69 70 73 75 76 
29 33 57 69 70 71 72 77 
29 33 57 69 70 71 72 75 76 
29 33 57 59 71 73 77 
29 33 57 59 71 73 75 76 
29 33 57 59 71 72 77 
29 33 57 59 71 72 75 76 
29 33 57 59 69 70 73 77 
29 33 57 59 69 70 73 75 76 
29 33 57 59 69 70 71 72 77 
29 33 57 59 69 70 71 72 75 76 
29 33 50 57 71 73 
29 33 50 57 71 72 
29 33 50 57 69 70 73 
29 33 50 57 69 70 71 72 
29 33 50 57 59 71 73 
29 33 50 57 59 71 72 
29 33 50 57 59 69 70 73 
29 33 50 57 59 69 70 71 72 
29 33 46 57 71 77 
29 33 46 57 71 75 76 
29 33 46 57 69 70 77 
29 33 46 57 69 70 75 76 
29 33 46 57 59 71 77 
29 33 46 57 59 71 75 76 
29 33 46 57 59 69 70 77 
29 33 46 57 59 69 70 75 76 
29 33 46 50 57 71 
29 33 46 50 57 69 70 
29 33 46 50 57 59 71 
29 33 46 50 57 59 69 70 
29 33 44 57 73 77 
29 33 44 57 73 75 76 
29 33 44 57 71 72 77 
29 33 44 57 71 72 75 76 
29 33 44 57 59 73 77 
29 33 44 57 59 73 75 76 
29 33 44 57 59 71 72 77 
29 33 44 57 59 71 72 75 76 
29 33 44 50 57 73 
29 33 44 50 57 71 72 
29 33 44 50 57 59 73 
29 33 44 50 57 59 71 72 
29 33 44 46 57 77 
29 33 44 46 57 75 76 
29 33 44 46 57 59 77 
29 33 44 46 57 59 75 76 
29 33 44 46 50 57 
29 33 44 46 50 57 59 
27 28 57 59 69 71 
27 28 57 59 69 70 
27 28 57 59 67 68 71 
27 28 57 59 67 68 69 70 
27 28 44 57 59 69 
27 28 44 57 59 67 68 
27 28 42 57 59 71 
27 28 42 57 59 69 70 
27 28 42 44 57 59 
23 59 67 
23 59 65 66 
23 40 59 
22 
18 57 69 71 75 
18 57 69 71 73 74 
18 57 69 70 75 
18 57 69 70 73 74 
18 57 67 68 71 75 
18 57 67 68 71 73 74 
18 57 67 68 69 70 75 
18 57 67 68 69 70 73 74 
18 48 57 69 71 
18 48 57 69 70 
18 48 57 67 68 71 
18 48 57 67 68 69 70 
18 44 57 69 75 
18 44 57 69 73 74 
18 44 57 67 68 75 
18 44 57 67 68 73 74 
18 44 48 57 69 
18 44 48 57 67 68 
18 42 57 71 75 
18 42 57 71 73 74 
18 42 57 69 70 75 
18 42 57 69 70 73 74 
18 42 48 57 71 
18 42 48 57 69 70 
18 42 44 57 75 
18 42 44 57 73 74 
18 42 44 48 57 
5 59 67 
5 59 65 66 
5 40 59 
2 57 59 69 71 
2 57 59 69 70 
2 57 59 67 68 71 
2 57 59 67 68 69 70 
2 44 57 59 69 
2 44 57 59 67 68 
2 42 57 59 71 
2 42 57 59 69 70 
2 42 44 57 59 
