77 78 79 
65 78 79 
62 78 79 
60 67 78 79 
60 65 66 78 79 
60 61 78 79 
58 59 67 78 79 
58 59 65 66 78 79 
57 67 69 78 79 
57 67 68 78 79 
57 65 79 
57 65 77 78 
57 65 66 69 78 79 
57 65 66 67 68 78 79 
55 
53 79 
53 78 79 
53 77 78 
53 65 
53 62 
53 60 67 
53 60 65 66 
53 60 61 
53 58 59 67 
53 58 59 65 66 
53 57 67 69 
53 57 67 68 
53 57 65 66 69 
53 57 65 66 67 68 
52 78 79 
52 57 65 
52 53 
51 67 78 79 
51 65 66 78 79 
51 53 67 
51 53 65 66 
51 52 78 79 
51 52 53 
49 50 67 78 79 
49 50 65 66 78 79 
49 50 53 67 
49 50 53 65 66 
42 57 67 78 79 
42 57 65 66 78 79 
42 53 57 67 
42 53 57 65 66 
40 60 78 79 
40 58 59 78 79 
40 57 69 78 79 
40 57 67 68 78 79 
40 53 60 
40 53 58 59 
40 53 57 69 
40 53 57 67 68 
40 51 78 79 
40 51 53 
40 49 50 78 79 
40 49 50 53 
40 42 57 78 79 
40 42 53 57 
33 77 78 79 
33 67 78 79 
33 65 78 79 
33 65 66 78 79 
33 53 
33 53 79 
33 53 77 78 
33 53 67 
33 53 65 
33 53 65 66 
33 52 78 79 
33 52 53 
33 40 78 79 
33 40 53 
26 78 79 
26 53 
24 67 78 79 
24 65 66 78 79 
24 53 67 
24 53 65 66 
24 40 78 79 
24 40 53 
