79
77 78
68
67 71
67 69 70
67 68
66
65 79
65 77 78
65 66 71
65 66 69 70
63
63 64 79
63 64 77 78
63 64 65
59 60 69 71
59 60 69 70
59 60 67 68 71
59 60 67 68 69 70
58 59 69 71
58 59 69 70
58 59 67 68 71
58 59 67 68 69 70
54
52
52 67 69
52 67 68
52 65
52 65 66 69
52 65 66 67 68
52 63 64
51
50 51 67 69
50 51 67 68
50 51 65 66 69
50 51 65 66 67 68
44 67
44 65 66
44 59 60 69
44 59 60 67 68
44 58 59 69
44 58 59 67 68
43 67 69
43 67 68
43 65 66 69
43 65 66 67 68
42 59 60 71
42 59 60 69 70
42 58 59 71
42 58 59 69 70
42 52 67
42 52 65 66
42 50 51 67
42 50 51 65 66
42 44 59 60
42 44 58 59
42 43 67
42 43 65 66
41 42 67
41 42 67 69
41 42 67 68
41 42 65 66
41 42 65 66 69
41 42 65 66 67 68
40 71
40 69 70
40 52 69
40 52 67 68
40 50 51 69
40 50 51 67 68
40 44
40 43 69
40 43 67 68
40 42 52
40 42 50 51
40 42 43
40 41
40 41 42
40 41 42 69
40 41 42 67 68
38 79
38 77 78
38 65
38 52
33
33 59 69 71
33 59 69 70
33 59 67 68 71
33 59 67 68 69 70
33 44 59 69
33 44 59 67 68
33 42 59 71
33 42 59 69 70
33 42 44 59
32 67 69
32 67 68
32 65 66 69
32 65 66 67 68
32 42 67
32 42 65 66
32 40 69
32 40 67 68
32 40 42
31 32
25 67 69
25 67 68
25 65 66 69
25 65 66 67 68
25 42 67
25 42 65 66
25 40 69
25 40 67 68
25 40 42
24
23 67
23 65 66
23 40
16 67 69
16 67 68
16 65 66 69
16 65 66 67 68
16 42 67
16 42 65 66
16 40 69
16 40 67 68
16 40 42
15
10
8
8 59
7 67 69
7 67 68
7 65 66 69
7 65 66 67 68
7 42 67
7 42 65 66
7 40 69
7 40 67 68
7 40 42
7 8
6
0
